c<A>r<301>R<VAL> 10.149000 -6.538000 -6.115000
c<A>r<302>R<PHE> 6.901000 -4.821000 -7.039000
c<A>r<303>R<ASN> 6.564000 -1.220000 -8.332000
c<A>r<304>R<GLY> 3.208000 0.015000 -9.504000
c<A>r<305>R<LEU> 2.345000 3.509000 -10.605000
c<A>r<306>R<ILE> -1.145000 4.863000 -11.622000
c<A>r<307>R<ASN> -1.313000 8.352000 -13.146000
c<A>r<308>R<VAL> -4.800000 9.936000 -13.731000
c<A>r<310>R<GLN> -6.878000 16.318001 -15.262000
c<A>r<311>R<HIS> -9.786000 15.599000 -17.518000
c<A>r<313>R<ILE> -13.303000 11.937000 -15.205000
c<A>r<314>R<LYS> -15.026000 8.745000 -14.108000
c<A>r<315>R<THR> -11.762000 6.963000 -13.816000
c<A>r<316>R<ASP> -12.037000 3.829000 -11.722000
c<A>r<317>R<GLY> -8.685000 2.341000 -10.883000
c<A>r<318>R<GLN> -7.611000 -0.372000 -8.346000
c<A>r<319>R<MET> -4.237000 -1.951000 -7.594000
c<A>r<320>R<THR> -3.711000 -4.882000 -5.202000
c<A>r<321>R<ASN> -0.332000 -6.448000 -4.236000
c<A>r<322>R<ASN> -0.334000 -9.578000 -2.088000
c<A>r<323>R<ASN> 3.000000 -11.010000 -0.902000
c<A>r<325>R<LEU> 6.810000 -15.177000 2.260000
c<A>r<327>R<GLY> 10.692000 -18.938000 4.768000
c<A>r<328>R<LYS> 12.603000 -16.716000 7.095000
c<A>r<329>R<LEU> 15.063000 -15.473000 4.473000
c<A>r<330>R<ALA> 12.489000 -14.534000 1.929000
c<A>r<331>R<GLU> 12.385000 -10.775000 0.919000
c<A>r<332>R<VAL> 9.815000 -8.512000 -0.610000
c<A>r<333>R<ASP> 9.980000 -4.824000 -1.627000
c<A>r<334>R<THR> 6.750000 -3.351000 -2.663000
c<A>r<335>R<LYS> 6.008000 0.274000 -3.785000
c<A>r<336>R<PRO> 2.441000 1.007000 -5.001000
c<A>r<337>R<GLN> 1.763000 4.650000 -6.010000
c<A>r<338>R<LEU> -1.307000 6.705000 -7.049000
c<A>r<339>R<GLU> -1.265000 10.307000 -8.591000
c<A>r<340>R<ILE> -4.640000 11.893000 -9.420000
c<A>r<341>R<TYR> -5.206000 15.357000 -11.149000
c<A>r<342>R<ALA> -8.689000 14.894000 -12.262000
c<A>r<343>R<ASP> -12.227000 15.222000 -11.117000
c<A>r<344>R<ASP> -14.772000 12.520000 -10.457000
c<A>r<345>R<VAL> -12.401000 9.596000 -9.967000
c<A>r<346>R<LYS> -12.140000 6.487000 -7.704000
c<A>r<347>R<CYS> -8.645000 5.024000 -7.108000
c<A>r<348>R<SER> -7.164000 2.726000 -4.559000
c<A>r<349>R<HIS> -4.040000 0.648000 -3.996000
c<A>r<350>R<GLY> -3.354000 -1.997000 -1.346000
c<A>r<351>R<ALA> -0.387000 -4.082000 -0.324000
c<A>r<352>R<THR> -0.012000 -7.035000 2.107000
c<A>r<353>R<VAL> 3.132000 -8.877000 3.236000
c<A>r<354>R<GLY> 2.571000 -11.979000 5.239000
c<A>r<355>R<ARG> 3.663000 -15.583000 5.833000
c<B>r<303>R<ARG> 1.297000 -6.980000 12.702000
c<B>r<305>R<VAL> -2.482000 -2.450000 9.733000
c<B>r<306>R<PHE> -2.934000 0.837000 7.924000
c<B>r<307>R<ASN> -6.163000 2.045000 6.243000
c<B>r<308>R<GLY> -6.347000 5.572000 4.869000
c<B>r<309>R<LEU> -9.242000 7.059000 2.988000
c<B>r<311>R<ASN> -12.735000 11.759000 0.039000
c<B>r<312>R<VAL> -12.792000 15.026000 -2.047000
c<B>r<313>R<ALA> -16.295000 16.545000 -2.524000
c<B>r<314>R<GLN> -17.500999 17.878000 -6.089000
c<B>r<315>R<HIS> -17.011000 21.577000 -5.350000
c<B>r<316>R<ALA> -13.865000 21.250000 -3.340000
c<B>r<317>R<ILE> -11.590000 22.788000 -5.939000
c<B>r<320>R<ASP> -4.180000 19.489000 -2.302000
c<B>r<321>R<GLY> -3.988000 16.225000 -0.509000
c<B>r<322>R<GLN> -1.046000 13.783000 0.057000
c<B>r<323>R<MET> -0.848000 10.509000 1.949000
c<B>r<324>R<THR> 2.369000 8.506000 2.578000
c<B>r<326>R<ASN> 6.097000 3.686000 5.046000
c<B>r<327>R<ASN> 6.430000 0.194000 6.568000
c<B>r<329>R<LEU> 9.727000 -4.913000 8.856000
c<B>r<331>R<GLY> 12.110000 -9.565000 11.737000
c<B>r<332>R<LYS> 11.403000 -12.407000 9.623000
c<B>r<333>R<LEU> 7.874000 -13.020000 11.029000
c<B>r<334>R<ALA> 6.689000 -9.481000 10.827000
c<B>r<335>R<GLU> 3.382000 -8.695000 8.948000
c<B>r<336>R<VAL> 1.983000 -5.596000 7.316000
c<B>r<337>R<ASP> -1.393000 -4.745000 5.700000
c<B>r<338>R<THR> -1.686000 -1.382000 4.037000
c<B>r<339>R<LYS> -4.653000 -0.018000 2.116000
c<B>r<340>R<PRO> -4.587000 3.671000 0.984000
c<B>r<341>R<GLN> -7.683000 4.891000 -0.843000
c<B>r<342>R<LEU> -8.563000 8.067000 -2.894000
c<B>r<343>R<GLU> -12.202000 9.175000 -3.981000
c<B>r<344>R<ILE> -12.179000 12.498000 -5.876000
c<B>r<345>R<TYR> -15.410000 14.126000 -7.139000
c<B>r<346>R<ALA> -14.154000 17.642000 -7.626000
c<B>r<347>R<ASP> -12.441000 19.240999 -10.481000
c<B>r<348>R<ASP> -9.146000 20.941999 -10.082000
c<B>r<349>R<VAL> -7.495000 18.846001 -7.321000
c<B>r<350>R<LYS> -3.988000 17.388000 -6.685000
c<B>r<351>R<CYS> -4.113000 14.170000 -4.699000
c<B>r<352>R<SER> -1.574000 11.409000 -4.251000
c<B>r<353>R<HIS> -0.984000 8.421000 -2.037000
c<B>r<354>R<GLY> 2.009000 6.091000 -1.703000
c<B>r<355>R<ALA> 2.930000 3.045000 0.312000
c<B>r<356>R<THR> 6.262000 1.172000 0.829000
c<B>r<357>R<VAL> 6.941000 -2.153000 2.600000
c<B>r<358>R<GLY> 10.510000 -3.173000 3.121000
c<B>r<359>R<ARG> 13.101000 -4.599000 5.593000
