c<A>r<1>R<GLU> -8.224000 14.659000 -12.957000
c<A>r<2>R<LEU> -5.774000 12.437000 -11.964000
c<A>r<3>R<ASP> -5.327000 14.474000 -9.459000
c<A>r<4>R<ARG> -6.328000 12.669000 -6.721000
c<A>r<5>R<VAL> -4.041000 9.640000 -6.660000
c<A>r<6>R<ILE> -1.915000 9.453000 -3.540000
c<A>r<7>R<THR> 0.948000 7.061000 -3.169000
c<A>r<8>R<TYR> 2.818000 6.126000 0.055000
c<A>r<9>R<GLU> 5.874000 3.952000 0.379000
c<A>r<10>R<GLY> 5.828000 1.494000 3.312000
c<A>r<11>R<SER> 5.133000 -2.042000 4.384000
c<A>r<12>R<LEU> 2.046000 -4.233000 4.351000
c<A>r<13>R<TYR> 1.643000 -6.235000 7.603000
c<A>r<14>R<SER> -0.277000 -9.533000 7.275000
c<A>r<15>R<ASP> -0.457000 -13.126000 8.613000
c<A>r<16>R<PHE> -0.814000 -12.460000 12.318000
c<A>r<17>R<GLU> -0.778000 -15.400000 14.710000
c<A>r<18>R<THR> -3.515000 -14.007000 16.978001
c<A>r<21>R<GLU> -1.388000 -9.286000 18.159000
c<A>r<22>R<TYR> -3.137000 -7.643000 15.093000
c<A>r<25>R<LEU> 0.317000 -3.612000 16.625999
c<A>r<36>R<LEU> -2.099000 4.496000 6.484000
c<A>r<37>R<TRP> -4.567000 1.706000 5.947000
c<A>r<38>R<LYS> -6.047000 -1.222000 7.784000
c<A>r<39>R<ASP> -8.611000 -3.841000 7.225000
c<A>r<42>R<LYS> -8.547000 -9.149000 6.410000
c<A>r<44>R<LYS> -4.010000 -6.443000 7.381000
c<A>r<45>R<PHE> -2.679000 -2.966000 7.693000
c<A>r<46>R<PHE> -0.205000 -0.705000 5.838000
c<A>r<47>R<ILE> 2.513000 1.329000 7.639000
c<A>r<48>R<SER> 4.542000 4.251000 6.271000
c<A>r<49>R<LYS> 8.228000 3.755000 5.686000
c<A>r<52>R<ASN> 8.278000 0.833000 10.051000
c<A>r<56>R<LEU> 8.910000 -3.839000 13.937000
c<A>r<59>R<ALA> 6.540000 -6.446000 17.481001
c<B>r<1>R<ALA> 3.306000 -11.460000 11.453000
c<B>r<2>R<ARG> 4.770000 -10.820000 7.992000
c<B>r<3>R<ALA> 5.787000 -7.378000 6.654000
c<B>r<4>R<ARG> 5.874000 -6.793000 2.923000
c<B>r<5>R<LYS> 7.509000 -3.707000 1.417000
c<B>r<6>R<GLY> 5.468000 -1.862000 -1.145000
c<B>r<7>R<ALA> 3.707000 1.331000 -2.177000
c<B>r<8>R<LEU> 0.200000 2.082000 -1.168000
c<B>r<9>R<VAL> -1.965000 3.739000 -3.898000
c<B>r<10>R<GLN> -5.080000 5.473000 -2.858000
c<B>r<11>R<CYS> -7.484000 6.288000 -5.685000
c<B>r<12>R<ASP> -11.195000 6.184000 -6.670000
c<B>r<15>R<ILE> -8.616000 5.043000 -11.406000
c<B>r<16>R<LYS> -8.200000 1.634000 -9.721000
c<B>r<32>R<GLU> -2.253000 -6.945000 -4.150000
c<B>r<34>R<LEU> -6.591000 -4.361000 -0.684000
c<B>r<35>R<ASP> -9.926000 -2.682000 -1.213000
c<B>r<37>R<THR> -10.009000 2.526000 -3.096000
c<B>r<38>R<HIS> -6.577000 1.149000 -1.995000
c<B>r<39>R<LEU> -3.963000 -0.999000 -4.030000
c<B>r<40>R<LEU> -0.524000 -2.317000 -3.216000
c<B>r<41>R<VAL> 1.940000 -1.679000 -6.073000
c<B>r<42>R<ASN> 5.549000 -2.269000 -6.625000
c<B>r<43>R<PRO> 7.460000 0.697000 -5.368000
c<B>r<46>R<VAL> 4.795000 3.706000 -8.999000
c<B>r<47>R<GLU> 6.277000 6.477000 -11.192000
c<B>r<50>R<LYS> 1.399000 7.521000 -12.554000
c<B>r<53>R<LEU> -2.348000 6.955000 -15.926000
c<B>r<54>R<ASN> -1.835000 10.633000 -16.948000
c<B>r<57>R<LEU> -6.495000 10.221000 -18.917000
c<B>r<58>R<SER> -5.332000 12.733000 -21.417000
c<B>r<61>R<ILE> -10.680000 13.109000 -22.417000
