c<A>r<1>R<ASP> 25.525000 -0.546000 -1.775000
c<A>r<14>R<SER> 46.436001 25.996000 -15.105000
c<A>r<15>R<VAL> 49.676998 24.195000 -15.489000
c<A>r<32>R<TYR> 40.104000 0.196000 0.207000
c<A>r<33>R<LEU> 40.094002 2.994000 -2.328000
c<A>r<34>R<ALA> 41.916000 3.327000 -5.659000
c<A>r<35>R<TRP> 42.220001 6.298000 -8.037000
c<A>r<36>R<TYR> 42.435001 6.040000 -11.856000
c<A>r<37>R<GLN> 43.208000 8.685000 -14.501000
c<A>r<38>R<GLN> 41.514999 8.333000 -17.924999
c<A>r<39>R<LYS> 42.766998 10.430000 -20.858999
c<A>r<40>R<GLN> 40.564999 11.144000 -23.895000
c<A>r<41>R<GLY> 39.870998 7.960000 -25.874001
c<A>r<42>R<LYS> 42.166000 5.801000 -23.601999
c<A>r<43>R<SER> 41.320000 3.162000 -21.016001
c<A>r<44>R<PRO> 41.612999 4.185000 -17.296000
c<A>r<45>R<GLN> 45.130001 3.839000 -15.730000
c<A>r<46>R<LEU> 45.755001 3.037000 -12.105000
c<A>r<47>R<LEU> 47.280998 5.858000 -10.120000
c<A>r<48>R<VAL> 46.897999 5.118000 -6.377000
c<A>r<49>R<TYR> 45.619999 2.117000 -4.433000
c<A>r<50>R<TYR> 44.785999 1.363000 -0.806000
c<A>r<54>R<LEU> 51.259998 5.107000 -5.876000
c<A>r<55>R<ALA> 51.326000 2.567000 -8.710000
c<A>r<56>R<ASP> 54.683998 1.991000 -10.536000
c<A>r<57>R<GLY> 55.786999 4.928000 -12.569000
c<A>r<58>R<VAL> 53.214001 7.427000 -11.160000
c<A>r<59>R<PRO> 55.063000 10.743000 -10.452000
c<A>r<79>R<GLN> 51.744999 19.254000 -15.749000
c<A>r<80>R<PRO> 49.993000 19.042999 -19.211000
c<A>r<81>R<GLU> 49.854000 15.265000 -19.114000
c<A>r<82>R<ASP> 47.681000 15.383000 -15.952000
c<A>r<83>R<PHE> 44.500000 16.872000 -17.500999
c<A>r<84>R<GLY> 41.759998 14.297000 -18.048000
c<A>r<85>R<SER> 39.243000 12.474000 -15.896000
c<A>r<86>R<TYR> 39.862000 11.054000 -12.438000
c<A>r<87>R<TYR> 37.792999 8.254000 -10.929000
c<A>r<88>R<CYS> 37.869999 6.732000 -7.444000
c<A>r<89>R<GLN> 36.778000 3.121000 -6.913000
c<A>r<90>R<HIS> 36.276001 1.159000 -3.706000
c<A>r<91>R<PHE> 37.062000 -2.493000 -2.998000
c<A>r<92>R<TRP> 35.098999 -2.967000 0.234000
c<A>r<94>R<THR> 30.903999 -6.305000 -3.297000
c<A>r<95>R<PRO> 29.452999 -4.663000 -5.346000
c<A>r<96>R<ARG> 32.356998 -2.383000 -6.160000
c<A>r<97>R<THR> 31.413000 1.043000 -7.515000
c<A>r<98>R<PHE> 33.160000 3.971000 -9.083000
c<A>r<99>R<GLY> 32.681000 7.659000 -8.216000
c<A>r<100>R<GLY> 31.091999 9.755000 -11.028000
c<A>r<101>R<GLY> 34.429001 11.330000 -12.099000
c<A>r<102>R<THR> 36.103001 14.664000 -11.980000
c<A>r<105>R<GLU> 40.495998 20.688000 -17.931000
c<A>r<106>R<ILE> 43.202999 23.209999 -18.693001
c<A>r<107>R<LYS> 42.493999 26.825001 -17.906000
c<B>r<1>R<GLN> 53.548000 -7.983000 -20.743000
c<B>r<2>R<VAL> 50.037998 -8.483000 -19.825001
c<B>r<3>R<GLN> 47.521000 -7.974000 -22.601000
c<B>r<4>R<LEU> 43.728001 -7.786000 -22.438999
c<B>r<5>R<GLN> 41.844002 -7.157000 -25.690001
c<B>r<6>R<GLU> 38.091000 -6.980000 -25.985001
c<B>r<22>R<CYS> 38.011002 -10.379000 -23.302000
c<B>r<23>R<THR> 41.068001 -12.375000 -24.563999
c<B>r<24>R<VAL> 43.983002 -12.167000 -22.146999
c<B>r<25>R<SER> 47.668999 -12.909000 -22.621000
c<B>r<26>R<GLY> 50.683998 -13.047000 -20.372000
c<B>r<35>R<ASN> 36.300999 -7.258000 -13.920000
c<B>r<37>R<VAL> 33.381001 -2.104000 -16.535999
c<B>r<43>R<LYS> 29.546000 9.497000 -18.698000
c<B>r<44>R<GLY> 31.506001 7.786000 -15.920000
c<B>r<45>R<LEU> 32.618000 4.212000 -15.340000
c<B>r<46>R<GLU> 30.028000 1.712000 -14.159000
c<B>r<47>R<TRP> 31.202000 -1.577000 -12.510000
c<B>r<48>R<LEU> 29.365999 -4.521000 -14.054000
c<B>r<49>R<GLY> 30.818001 -7.524000 -12.305000
c<B>r<50>R<MET> 33.786999 -9.827000 -11.975000
c<B>r<58>R<ASP> 29.802999 -11.177000 -8.412000
c<B>r<59>R<TYR> 27.600000 -8.660000 -10.104000
c<B>r<60>R<ASN> 26.329000 -5.133000 -10.069000
c<B>r<61>R<SER> 23.083000 -5.383000 -8.080000
c<B>r<62>R<ALA> 21.035999 -3.333000 -10.555000
c<B>r<92>R<ARG> 32.408001 1.268000 -24.257999
c<B>r<93>R<TYR> 32.946999 -2.031000 -22.378000
c<B>r<94>R<TYR> 36.248001 -2.840000 -20.704000
c<B>r<95>R<CYS> 37.740002 -5.865000 -18.988001
c<B>r<96>R<ALA> 40.476002 -5.257000 -16.461000
c<B>r<97>R<ARG> 42.728001 -7.508000 -14.453000
c<B>r<100>R<ASP> 45.476002 -7.152000 -4.547000
c<B>r<101>R<TYR> 42.806000 -4.443000 -4.555000
c<B>r<102>R<ARG> 43.533001 -2.682000 -7.859000
c<B>r<103>R<LEU> 42.598000 -3.040000 -11.513000
c<B>r<104>R<ASP> 46.102001 -2.827000 -12.792000
c<B>r<105>R<TYR> 45.793999 -3.726000 -16.490000
c<B>r<106>R<TRP> 42.846001 -2.731000 -18.677000
c<B>r<107>R<GLY> 41.907001 -3.574000 -22.261999
c<B>r<108>R<GLN> 41.270000 -0.741000 -24.775000
c<B>r<109>R<GLY> 37.472000 -1.363000 -24.603001
c<C>r<34>R<PHE> 54.712002 19.746000 -23.737000
c<C>r<35>R<GLU> 54.750000 15.977000 -24.020000
c<C>r<36>R<SER> 58.452000 15.487000 -23.298000
c<C>r<43>R<THR> 59.194000 7.810000 -20.337999
c<C>r<44>R<ASN> 55.949001 7.985000 -18.337000
c<C>r<45>R<ARG> 54.860001 4.704000 -16.813000
c<C>r<46>R<ASN> 51.120998 4.601000 -16.235001
c<C>r<47>R<THR> 49.064999 2.640000 -13.696000
c<C>r<48>R<ASP> 47.041000 0.867000 -16.458000
c<C>r<49>R<GLY> 50.166000 -1.000000 -17.344000
c<C>r<50>R<SER> 50.898998 1.105000 -20.381001
c<C>r<51>R<THR> 53.775002 3.477000 -20.841000
c<C>r<57>R<GLN> 55.061001 10.225000 -25.530001
c<C>r<59>R<ASN> 51.589001 4.924000 -25.715000
c<C>r<61>R<ARG> 48.604000 0.042000 -25.624001
c<C>r<62>R<TRP> 47.764999 0.856000 -29.219000
c<C>r<65>R<ASN> 55.122002 -3.032000 -28.218000
c<C>r<66>R<ASP> 56.713001 -3.185000 -24.795000
c<C>r<67>R<GLY> 55.358002 -6.657000 -23.871000
c<C>r<68>R<ARG> 53.943001 -5.536000 -20.597000
c<C>r<69>R<THR> 50.884998 -3.670000 -21.719000
c<C>r<70>R<PRO> 47.422001 -5.241000 -21.722000
c<C>r<71>R<GLY> 45.441002 -4.977000 -24.893000
c<C>r<72>R<SER> 48.483002 -4.352000 -27.082001
c<C>r<73>R<ARG> 47.875999 -3.610000 -30.724001
c<C>r<103>R<ASN> 43.205002 10.033000 -34.820999
c<C>r<106>R<ASN> 43.869999 15.151000 -30.253000
c<C>r<107>R<ALA> 45.570000 11.812000 -29.565001
c<C>r<108>R<TRP> 48.312000 13.749000 -27.811001
c<C>r<109>R<VAL> 46.910000 15.057000 -24.552000
c<C>r<110>R<ALA> 49.500000 17.733999 -24.346001
c<C>r<111>R<TRP> 48.709999 18.971001 -27.804001
c<C>r<112>R<ARG> 44.987000 19.042000 -26.969999
c<C>r<113>R<ASN> 45.487000 20.707001 -23.618999
c<C>r<114>R<ARG> 48.185001 23.089001 -24.344999
