c<A>r<1>R<ASP> 25.525000 -0.546000 -1.775000
c<A>r<2>R<ILE> 28.167000 2.034000 -1.126000
c<A>r<3>R<VAL> 28.009001 4.979000 -3.474000
c<A>r<4>R<LEU> 31.021000 7.152000 -4.205000
c<A>r<5>R<THR> 30.486000 10.866000 -4.786000
c<A>r<6>R<GLN> 33.348999 12.866000 -6.327000
c<A>r<7>R<SER> 33.764999 16.645000 -6.071000
c<A>r<8>R<PRO> 34.234001 18.822001 -8.023000
c<A>r<9>R<ALA> 32.588001 17.229000 -11.065000
c<A>r<10>R<SER> 34.675999 19.601999 -13.266000
c<A>r<11>R<LEU> 37.724998 21.743999 -12.508000
c<A>r<12>R<SER> 39.558998 24.170000 -14.793000
c<A>r<22>R<THR> 37.674000 14.383000 -3.146000
c<A>r<23>R<CYS> 35.808998 11.141000 -3.115000
c<A>r<24>R<ARG> 33.209000 10.543000 -0.452000
c<A>r<25>R<ALA> 31.691999 7.129000 0.341000
c<A>r<26>R<SER> 28.155001 6.540000 1.635000
c<A>r<32>R<TYR> 40.104000 0.196000 0.207000
c<A>r<33>R<LEU> 40.094002 2.994000 -2.328000
c<A>r<34>R<ALA> 41.916000 3.327000 -5.659000
c<A>r<35>R<TRP> 42.220001 6.298000 -8.037000
c<A>r<36>R<TYR> 42.435001 6.040000 -11.856000
c<A>r<41>R<GLY> 39.870998 7.960000 -25.874001
c<A>r<42>R<LYS> 42.166000 5.801000 -23.601999
c<A>r<43>R<SER> 41.320000 3.162000 -21.016001
c<A>r<44>R<PRO> 41.612999 4.185000 -17.296000
c<A>r<45>R<GLN> 45.130001 3.839000 -15.730000
c<A>r<46>R<LEU> 45.755001 3.037000 -12.105000
c<A>r<47>R<LEU> 47.280998 5.858000 -10.120000
c<A>r<48>R<VAL> 46.897999 5.118000 -6.377000
c<A>r<49>R<TYR> 45.619999 2.117000 -4.433000
c<A>r<50>R<TYR> 44.785999 1.363000 -0.806000
c<A>r<55>R<ALA> 51.326000 2.567000 -8.710000
c<A>r<85>R<SER> 39.243000 12.474000 -15.896000
c<A>r<86>R<TYR> 39.862000 11.054000 -12.438000
c<A>r<87>R<TYR> 37.792999 8.254000 -10.929000
c<A>r<88>R<CYS> 37.869999 6.732000 -7.444000
c<A>r<89>R<GLN> 36.778000 3.121000 -6.913000
c<A>r<90>R<HIS> 36.276001 1.159000 -3.706000
c<A>r<91>R<PHE> 37.062000 -2.493000 -2.998000
c<A>r<92>R<TRP> 35.098999 -2.967000 0.234000
c<A>r<94>R<THR> 30.903999 -6.305000 -3.297000
c<A>r<95>R<PRO> 29.452999 -4.663000 -5.346000
c<A>r<96>R<ARG> 32.356998 -2.383000 -6.160000
c<A>r<97>R<THR> 31.413000 1.043000 -7.515000
c<A>r<98>R<PHE> 33.160000 3.971000 -9.083000
c<A>r<99>R<GLY> 32.681000 7.659000 -8.216000
c<A>r<100>R<GLY> 31.091999 9.755000 -11.028000
c<A>r<101>R<GLY> 34.429001 11.330000 -12.099000
c<A>r<102>R<THR> 36.103001 14.664000 -11.980000
c<A>r<103>R<LYS> 37.132000 16.212000 -15.305000
c<B>r<13>R<ALA> 19.450001 -4.098000 -32.422001
c<B>r<14>R<PRO> 17.672001 -3.885000 -28.986000
c<B>r<15>R<SER> 16.270000 -6.985000 -27.356001
c<B>r<35>R<ASN> 36.300999 -7.258000 -13.920000
c<B>r<37>R<VAL> 33.381001 -2.104000 -16.535999
c<B>r<38>R<ARG> 31.407000 0.012000 -18.997999
c<B>r<39>R<GLN> 31.313999 3.736000 -19.740000
c<B>r<40>R<PRO> 28.232000 5.333000 -21.490000
c<B>r<41>R<PRO> 29.299000 8.079000 -24.017000
c<B>r<42>R<GLY> 30.511999 11.117000 -22.082001
c<B>r<43>R<LYS> 29.546000 9.497000 -18.698000
c<B>r<44>R<GLY> 31.506001 7.786000 -15.920000
c<B>r<45>R<LEU> 32.618000 4.212000 -15.340000
c<B>r<46>R<GLU> 30.028000 1.712000 -14.159000
c<B>r<47>R<TRP> 31.202000 -1.577000 -12.510000
c<B>r<48>R<LEU> 29.365999 -4.521000 -14.054000
c<B>r<49>R<GLY> 30.818001 -7.524000 -12.305000
c<B>r<50>R<MET> 33.786999 -9.827000 -11.975000
c<B>r<58>R<ASP> 29.802999 -11.177000 -8.412000
c<B>r<59>R<TYR> 27.600000 -8.660000 -10.104000
c<B>r<60>R<ASN> 26.329000 -5.133000 -10.069000
c<B>r<61>R<SER> 23.083000 -5.383000 -8.080000
c<B>r<62>R<ALA> 21.035999 -3.333000 -10.555000
c<B>r<63>R<LEU> 22.031000 -5.364000 -13.592000
c<B>r<85>R<LEU> 19.740999 -5.212000 -24.753000
c<B>r<86>R<HIS> 18.195000 -1.733000 -24.330000
c<B>r<87>R<THR> 19.424999 1.412000 -25.999001
c<B>r<88>R<ASP> 20.937000 2.583000 -22.726000
c<B>r<89>R<ASP> 23.334999 -0.327000 -22.805000
c<B>r<90>R<THR> 25.271999 1.727000 -25.417000
c<B>r<91>R<ALA> 28.756001 2.091000 -23.924999
c<B>r<92>R<ARG> 32.408001 1.268000 -24.257999
c<B>r<93>R<TYR> 32.946999 -2.031000 -22.378000
c<B>r<94>R<TYR> 36.248001 -2.840000 -20.704000
c<B>r<95>R<CYS> 37.740002 -5.865000 -18.988001
c<B>r<96>R<ALA> 40.476002 -5.257000 -16.461000
c<B>r<100>R<ASP> 45.476002 -7.152000 -4.547000
c<B>r<101>R<TYR> 42.806000 -4.443000 -4.555000
c<B>r<102>R<ARG> 43.533001 -2.682000 -7.859000
c<B>r<103>R<LEU> 42.598000 -3.040000 -11.513000
c<B>r<104>R<ASP> 46.102001 -2.827000 -12.792000
c<B>r<105>R<TYR> 45.793999 -3.726000 -16.490000
c<B>r<106>R<TRP> 42.846001 -2.731000 -18.677000
c<B>r<107>R<GLY> 41.907001 -3.574000 -22.261999
c<B>r<108>R<GLN> 41.270000 -0.741000 -24.775000
c<B>r<109>R<GLY> 37.472000 -1.363000 -24.603001
c<B>r<113>R<THR> 25.893000 0.667000 -29.813000
c<B>r<114>R<VAL> 22.320000 -0.533000 -29.443001
c<B>r<115>R<SER> 20.415001 0.911000 -32.359001
c<B>r<116>R<SER> 17.323999 -0.287000 -34.145000
c<C>r<1>R<LYS> 27.080000 6.054000 -8.732000
c<C>r<2>R<VAL> 24.837000 7.305000 -5.993000
c<C>r<3>R<PHE> 25.597000 10.923000 -5.272000
c<C>r<4>R<GLY> 25.341999 12.770000 -2.057000
c<C>r<5>R<ARG> 23.236000 15.921000 -2.089000
c<C>r<6>R<CYS> 26.187000 18.278999 -1.651000
c<C>r<7>R<GLU> 28.408001 16.421000 -4.100000
c<C>r<8>R<LEU> 25.650999 16.566000 -6.637000
c<C>r<9>R<ALA> 25.000999 20.225000 -5.944000
c<C>r<10>R<ALA> 28.643999 21.024000 -6.581000
c<C>r<11>R<ALA> 28.761999 19.028000 -9.784000
c<C>r<12>R<MET> 25.540001 20.591999 -11.016000
c<C>r<13>R<LYS> 26.915001 24.034000 -10.240000
c<C>r<14>R<ARG> 30.134001 23.299000 -12.131000
c<C>r<15>R<HIS> 27.892000 22.343000 -15.028000
c<C>r<38>R<PHE> 20.684999 10.391000 -6.728000
c<C>r<39>R<ASN> 21.444000 7.158000 -8.587000
c<C>r<40>R<THR> 23.075001 7.730000 -11.941000
c<C>r<41>R<GLN> 21.983999 4.293000 -13.141000
c<C>r<42>R<ALA> 18.316999 4.580000 -12.275000
c<C>r<43>R<THR> 16.146000 3.288000 -15.067000
c<C>r<51>R<THR> 12.120000 4.585000 -20.590000
c<C>r<52>R<ASP> 13.346000 7.145000 -18.099001
c<C>r<53>R<TYR> 17.079000 7.203000 -17.695999
c<C>r<54>R<GLY> 19.598000 8.330000 -15.158000
c<C>r<60>R<SER> 13.371000 8.339000 -24.341999
c<C>r<64>R<CYS> 17.362000 10.577000 -25.853001
c<C>r<65>R<ASN> 17.566000 7.714000 -28.282000
c<C>r<66>R<ASP> 17.212999 4.140000 -27.111000
c<C>r<67>R<GLY> 15.879000 2.753000 -30.433001
c<C>r<68>R<ARG> 12.912000 1.101000 -28.870001
c<C>r<69>R<THR> 10.695000 4.056000 -28.198999
c<C>r<78>R<ILE> 22.367001 11.508000 -27.351999
c<C>r<79>R<PRO> 22.028000 7.835000 -26.757999
c<C>r<80>R<CYS> 20.073000 7.166000 -23.610001
c<C>r<81>R<SER> 23.122000 5.200000 -22.421000
c<C>r<82>R<ALA> 24.907000 8.539000 -21.979000
c<C>r<83>R<LEU> 22.325001 9.374000 -19.315001
c<C>r<84>R<LEU> 23.523001 6.376000 -17.263000
c<C>r<85>R<SER> 27.100000 7.597000 -16.905001
c<C>r<86>R<SER> 28.612000 8.163000 -13.507000
c<C>r<87>R<ASP> 29.646000 11.628000 -14.624000
c<C>r<88>R<ILE> 26.618000 13.871000 -15.042000
c<C>r<89>R<THR> 27.612000 15.668000 -18.305000
c<C>r<90>R<ALA> 25.013000 14.240000 -20.579000
c<C>r<91>R<SER> 22.214001 14.435000 -18.025000
c<C>r<128>R<ARG> 30.500999 23.582001 -0.147000
c<C>r<129>R<LEU> 29.945999 25.205999 -3.575000
