c<A>r<18>R<ALA> -0.632000 -1.651000 -8.245000
c<A>r<19>R<PRO> 3.097000 -0.704000 -7.715000
c<A>r<20>R<LEU> 2.917000 2.403000 -9.988000
c<A>r<22>R<THR> 0.702000 3.029000 -4.891000
c<A>r<23>R<ALA> 3.934000 4.905000 -5.813000
c<A>r<25>R<ARG> -0.264000 7.763000 -4.053000
c<A>r<26>R<ASN> 2.880000 7.854000 -1.946000
c<A>r<27>R<ALA> 3.983000 10.881000 -3.958000
c<A>r<28>R<GLY> 0.855000 12.778000 -2.821000
c<A>r<29>R<HIS> -1.315000 12.259000 -5.932000
c<A>r<30>R<ASP> -5.089000 11.471000 -5.713000
c<A>r<31>R<VAL> -5.330000 8.015000 -7.278000
c<A>r<32>R<PHE> -8.345000 5.865000 -8.260000
c<A>r<34>R<GLY> -11.175000 1.128000 -12.011000
c<A>r<37>R<GLU> -17.091000 -5.325000 -10.754000
c<A>r<40>R<VAL> -13.044000 -4.226000 -7.337000
c<A>r<41>R<PRO> -12.157000 -6.323000 -4.230000
c<A>r<42>R<TYR> -8.718000 -7.017000 -5.668000
c<A>r<43>R<ILE> -8.116000 -3.258000 -6.206000
c<A>r<44>R<ALA> -9.286000 -2.604000 -2.608000
c<A>r<45>R<SER> -7.022000 -5.424000 -1.333000
c<A>r<46>R<ALA> -4.038000 -3.525000 -2.763000
c<A>r<47>R<GLY> -5.078000 -0.502000 -0.530000
c<A>r<48>R<ILE> -6.110000 1.544000 -3.590000
c<A>r<49>R<PRO> -9.469000 3.483000 -3.868000
c<A>r<50>R<ALA> -11.545000 1.108000 -6.103000
c<A>r<51>R<LEU> -14.131000 1.922000 -8.797000
c<A>r<52>R<SER> -16.451000 -0.490000 -10.643000
c<A>r<92>R<GLU> -19.966999 9.355000 -15.034000
c<A>r<93>R<VAL> -16.917000 9.049000 -12.669000
c<A>r<95>R<ALA> -17.666000 14.101000 -14.742000
c<A>r<96>R<ASN> -17.327999 14.248000 -11.003000
c<A>r<97>R<TRP> -13.618000 13.499000 -10.514000
c<A>r<181>R<ARG> 10.965000 -2.355000 -12.220000
c<A>r<182>R<TRP> 7.720000 -4.172000 -11.437000
c<A>r<183>R<VAL> 7.651000 -5.132000 -7.745000
c<A>r<184>R<PRO> 5.438000 -8.156000 -6.858000
c<A>r<185>R<ALA> 2.170000 -7.211000 -5.149000
c<A>r<186>R<ASN> -0.942000 -9.197000 -4.389000
c<A>r<187>R<GLY> -3.776000 -9.347000 -1.819000
c<A>r<188>R<GLN> -2.696000 -10.160000 1.649000
c<A>r<189>R<ARG> -4.046000 -12.222000 4.640000
c<A>r<190>R<ARG> -2.518000 -13.376000 7.881000
c<A>r<191>R<LEU> 0.899000 -14.932000 7.203000
c<A>r<192>R<GLU> 1.612000 -18.490000 8.329000
c<A>r<193>R<PRO> 5.219000 -19.469999 9.256000
c<A>r<194>R<TRP> 5.637000 -22.033001 6.421000
c<A>r<196>R<TYR> 8.426000 -17.535999 4.666000
c<A>r<197>R<THR> 10.284000 -20.643999 5.991000
c<A>r<198>R<LYS> 11.997000 -22.983999 3.572000
c<A>r<260>R<PRO> 0.691000 -14.915000 -1.234000
c<A>r<262>R<ASP> 5.155000 -12.199000 -3.325000
c<A>r<263>R<VAL> 6.055000 -13.902000 -0.032000
c<A>r<285>R<ASN> 11.912000 -11.104000 -9.911000
c<A>r<348>R<ALA> 16.414000 -5.036000 -10.210000
c<A>r<351>R<PRO> 13.749000 2.380000 -12.759000
c<A>r<352>R<LEU> 11.688000 2.111000 -9.573000
c<A>r<353>R<PRO> 7.949000 2.882000 -9.593000
c<A>r<354>R<ALA> 8.655000 6.051000 -7.552000
c<A>r<355>R<GLU> 11.040000 7.228000 -10.297000
c<B>r<18>R<ALA> 1.617000 2.029000 5.748000
c<B>r<19>R<PRO> 3.041000 4.810000 3.438000
c<B>r<20>R<LEU> 6.704000 4.179000 4.485000
c<B>r<22>R<THR> 4.600000 0.411000 0.894000
c<B>r<23>R<ALA> 7.334000 2.875000 -0.272000
c<B>r<25>R<ARG> 8.216000 -2.415000 -0.843000
c<B>r<26>R<ASN> 8.064000 -0.323000 -4.018000
c<B>r<27>R<ALA> 11.816000 0.207000 -3.672000
c<B>r<28>R<GLY> 12.353000 -3.586000 -3.886000
c<B>r<29>R<HIS> 12.643000 -4.404000 -0.158000
c<B>r<30>R<ASP> 10.974000 -7.459000 1.528000
c<B>r<31>R<VAL> 8.480000 -5.935000 3.956000
c<B>r<32>R<PHE> 6.405000 -7.460000 6.807000
c<B>r<34>R<GLY> 3.244000 -7.021000 12.727000
c<B>r<37>R<GLU> -4.223000 -10.160000 16.201000
c<B>r<40>R<VAL> -3.874000 -8.161000 11.234000
c<B>r<41>R<PRO> -6.858000 -7.525000 8.855000
c<B>r<42>R<TYR> -6.055000 -3.828000 8.822000
c<B>r<43>R<ILE> -2.394000 -4.550000 7.870000
c<B>r<44>R<ALA> -3.658000 -6.900000 5.103000
c<B>r<45>R<SER> -6.118000 -4.209000 3.931000
c<B>r<46>R<ALA> -3.138000 -1.917000 3.268000
c<B>r<47>R<GLY> -1.722000 -4.680000 0.909000
c<B>r<48>R<ILE> 1.138000 -5.412000 3.326000
c<B>r<49>R<PRO> 2.206000 -8.985000 4.404000
c<B>r<50>R<ALA> 0.611000 -9.191000 7.932000
c<B>r<51>R<LEU> 1.917000 -10.913000 11.101000
c<B>r<52>R<SER> 0.107000 -11.445000 14.390000
c<B>r<101>R<GLU> 9.593000 -16.879000 16.521000
c<B>r<102>R<VAL> 9.030000 -14.777000 13.329000
c<B>r<104>R<ALA> 14.144000 -16.768000 13.810000
c<B>r<105>R<ASN> 12.807000 -17.646000 10.430000
c<B>r<106>R<TRP> 12.776000 -14.232000 8.706000
c<B>r<190>R<ARG> 5.284000 13.693000 4.419000
c<B>r<191>R<TRP> 2.644000 11.267000 5.708000
c<B>r<192>R<VAL> 0.226000 10.442000 2.891000
c<B>r<193>R<PRO> -3.332000 9.491000 4.111000
c<B>r<194>R<ALA> -4.001000 5.747000 3.766000
c<B>r<195>R<ASN> -6.730000 3.506000 5.089000
c<B>r<196>R<GLY> -8.576000 0.289000 4.170000
c<B>r<197>R<GLN> -10.506000 0.475000 0.956000
c<B>r<198>R<ARG> -13.882000 -0.881000 -0.376000
c<B>r<199>R<ARG> -15.966000 -0.091000 -3.411000
c<B>r<200>R<LEU> -16.268999 3.693000 -3.849000
c<B>r<201>R<GLU> -19.701000 5.314000 -4.035000
c<B>r<202>R<PRO> -20.132999 8.571000 -6.067000
c<B>r<203>R<TRP> -21.032000 10.759000 -3.063000
c<B>r<205>R<TYR> -15.734000 12.021000 -4.093000
c<B>r<206>R<THR> -18.621000 14.386000 -5.115000
c<B>r<207>R<LYS> -19.528999 17.290001 -2.909000
c<B>r<269>R<PRO> -12.671000 6.052000 3.485000
c<B>r<271>R<ASP> -8.407000 9.558000 2.484000
c<B>r<272>R<VAL> -11.082000 9.945000 -0.207000
c<B>r<294>R<ASN> -3.237000 17.226000 4.780000
c<B>r<357>R<ALA> 3.289000 18.864000 1.270000
c<B>r<360>R<PRO> 10.251000 14.544000 2.225000
c<B>r<361>R<LEU> 8.181000 11.863000 0.484000
c<B>r<362>R<PRO> 8.033000 8.318000 1.891000
c<B>r<363>R<ALA> 10.074000 7.123000 -1.136000
c<B>r<364>R<GLU> 12.819000 9.595000 -0.214000
