c<A>r<2>R<THR> 0.107000 -28.605000 -1.033000
c<A>r<13>R<VAL> -16.076000 -15.427000 -3.164000
c<A>r<16>R<ILE> -15.472000 -19.209000 -6.335000
c<A>r<17>R<HIS> -11.811000 -19.555000 -5.171000
c<A>r<19>R<ASN> -14.035000 -23.938000 -7.441000
c<A>r<20>R<TYR> -11.152000 -22.344999 -9.344000
c<A>r<21>R<LEU> -8.603000 -24.375000 -7.207000
c<A>r<23>R<LYS> -10.558000 -26.882999 -11.566000
c<A>r<24>R<ILE> -6.722000 -26.461000 -11.628000
c<A>r<26>R<THR> -2.909000 -29.205000 -7.881000
c<A>r<49>R<GLN> 1.733000 -24.160999 2.310000
c<A>r<50>R<LEU> -0.297000 -21.329000 0.565000
c<A>r<51>R<VAL> -2.737000 -18.739000 1.847000
c<A>r<52>R<LEU> -5.155000 -16.950001 -0.429000
c<A>r<53>R<LEU> -5.704000 -13.891000 1.636000
c<A>r<54>R<ASP> -8.389000 -11.259000 1.376000
c<A>r<55>R<ILE> -7.497000 -7.791000 2.681000
c<A>r<62>R<GLY> -5.482000 -8.999000 5.797000
c<A>r<63>R<ILE> -2.299000 -6.901000 5.478000
c<A>r<66>R<LEU> 0.306000 -10.778000 6.672000
c<A>r<67>R<THR> 2.673000 -8.515000 8.605000
c<A>r<69>R<LEU> 2.731000 -13.832000 9.706000
c<A>r<70>R<ARG> 6.177000 -12.566000 8.568000
c<A>r<71>R<ARG> 7.072000 -11.192000 12.031000
c<A>r<76>R<VAL> 3.536000 -19.962000 4.384000
c<A>r<77>R<ASP> 3.324000 -18.507999 0.879000
c<A>r<78>R<VAL> 0.635000 -15.846000 0.382000
c<A>r<79>R<ILE> -1.305000 -14.757000 -2.724000
c<A>r<80>R<LEU> -3.368000 -11.627000 -1.934000
c<A>r<81>R<ILE> -6.867000 -11.600000 -3.593000
c<A>r<82>R<THR> -8.787000 -8.368000 -2.815000
c<A>r<83>R<ALA> -11.136000 -5.878000 -4.373000
c<A>r<84>R<ALA> -8.573000 -3.124000 -5.987000
c<A>r<85>R<ASN> -9.959000 -0.435000 -3.952000
c<A>r<86>R<GLU> -7.713000 0.460000 -0.962000
c<A>r<87>R<VAL> -5.083000 -1.750000 0.088000
c<A>r<88>R<ASN> -1.592000 -0.688000 0.259000
c<A>r<89>R<ILE> -0.600000 2.815000 -0.313000
c<A>r<90>R<VAL> 0.362000 3.638000 3.254000
c<A>r<91>R<ASN> 2.333000 0.580000 4.245000
c<A>r<92>R<ASP> 4.589000 0.866000 1.379000
c<A>r<93>R<ALA> 5.244000 4.369000 2.139000
c<A>r<94>R<LEU> 6.072000 3.468000 5.682000
c<A>r<95>R<HIS> 8.740000 1.028000 4.524000
c<A>r<96>R<LEU> 10.181000 3.611000 2.270000
c<A>r<97>R<GLY> 11.262000 5.492000 5.276000
c<A>r<98>R<VAL> 8.785000 8.326000 5.106000
c<A>r<99>R<ILE> 8.822000 10.675000 8.101000
c<A>r<100>R<ASP> 4.926000 10.758000 8.277000
c<A>r<101>R<TYR> 1.685000 10.192000 6.274000
c<A>r<102>R<LEU> -1.045000 12.871000 6.413000
c<A>r<103>R<ILE> -4.577000 12.080000 5.037000
c<A>r<104>R<LYS> -6.220000 15.277000 3.394000
c<A>r<105>R<PRO> -8.070000 17.110001 4.838000
c<A>r<106>R<PHE> -5.674000 17.363001 7.854000
c<A>r<107>R<THR> -5.561000 19.981001 10.626000
c<A>r<108>R<LEU> -2.773000 22.472000 11.098000
c<A>r<109>R<GLU> -2.124000 20.702999 14.376000
c<A>r<111>R<PHE> 0.665000 19.000000 10.022000
c<A>r<112>R<GLU> 2.764000 20.627001 12.761000
c<A>r<114>R<SER> 4.507000 15.767000 11.031000
c<A>r<115>R<ILE> 6.920000 18.681999 10.650000
c<A>r<116>R<GLN> 8.026000 18.216000 14.276000
c<A>r<117>R<ARG> 8.780000 14.538000 13.528000
c<A>r<118>R<TYR> 11.004000 15.676000 10.703000
c<A>r<119>R<ARG> 12.759000 18.205000 13.023000
c<A>r<121>R<LYS> 15.021000 13.387000 13.206000
c<A>r<122>R<HIS> 17.427000 16.219999 12.163000
c<B>r<2>R<THR> 15.651000 23.481001 5.747000
c<B>r<13>R<VAL> -3.819000 22.237000 -1.961000
c<B>r<16>R<ILE> -2.735000 25.438000 1.716000
c<B>r<17>R<HIS> 0.515000 23.475000 2.424000
c<B>r<19>R<ASN> 0.393000 28.634001 4.102000
c<B>r<20>R<TYR> 0.589000 25.990000 6.839000
c<B>r<21>R<LEU> 4.463000 25.871000 6.462000
c<B>r<23>R<LYS> 2.528000 29.671000 9.777000
c<B>r<24>R<ILE> 4.879000 27.167999 11.524000
c<B>r<26>R<THR> 10.761000 26.642000 10.413000
c<B>r<49>R<GLN> 15.825000 18.420000 2.864000
c<B>r<50>R<LEU> 12.018000 17.545000 3.002000
c<B>r<51>R<VAL> 9.483000 16.627001 0.335000
c<B>r<52>R<LEU> 5.764000 16.884001 0.925000
c<B>r<53>R<LEU> 4.625000 14.400000 -1.626000
c<B>r<54>R<ASP> 1.191000 13.822000 -3.066000
c<B>r<55>R<ILE> 0.444000 10.307000 -4.330000
c<B>r<62>R<GLY> 3.948000 9.689000 -5.946000
c<B>r<63>R<ILE> 4.806000 6.230000 -4.518000
c<B>r<66>R<LEU> 9.324000 7.720000 -3.743000
c<B>r<67>R<THR> 10.562000 4.255000 -4.715000
c<B>r<69>R<LEU> 14.107000 8.366000 -4.796000
c<B>r<70>R<ARG> 15.217000 5.560000 -2.413000
c<B>r<71>R<ARG> 16.657000 3.439000 -5.249000
c<B>r<76>R<VAL> 15.630000 13.691000 1.211000
c<B>r<77>R<ASP> 13.041000 13.158000 3.957000
c<B>r<78>R<VAL> 9.473000 12.581000 2.715000
c<B>r<79>R<ILE> 6.094000 13.266000 4.368000
c<B>r<80>R<LEU> 3.295000 11.777000 2.222000
c<B>r<81>R<ILE> 0.114000 13.987000 2.070000
c<B>r<82>R<THR> -2.638000 12.335000 -0.024000
c<B>r<83>R<ALA> -6.350000 11.866000 -0.077000
c<B>r<84>R<ALA> -7.268000 8.612000 2.007000
c<B>r<85>R<ASN> -8.699000 6.906000 -0.954000
c<B>r<86>R<GLU> -5.706000 5.289000 -2.831000
c<B>r<87>R<VAL> -2.829000 4.541000 -0.653000
c<B>r<88>R<ASN> -0.784000 1.577000 -1.867000
c<B>r<89>R<ILE> -2.394000 -1.566000 -0.706000
c<B>r<90>R<VAL> -0.215000 -3.454000 -3.131000
c<B>r<91>R<ASN> 3.338000 -2.264000 -2.462000
c<B>r<92>R<ASP> 3.347000 -3.356000 1.037000
c<B>r<93>R<ALA> 2.153000 -6.655000 0.131000
c<B>r<94>R<LEU> 4.920000 -6.999000 -2.392000
c<B>r<95>R<HIS> 7.539000 -6.387000 0.276000
c<B>r<96>R<LEU> 5.973000 -8.916000 2.459000
c<B>r<97>R<GLY> 7.060000 -11.546000 0.080000
c<B>r<98>R<VAL> 3.675000 -12.387000 -1.361000
c<B>r<99>R<ILE> 3.735000 -14.795000 -4.323000
c<B>r<100>R<ASP> 1.102000 -12.688000 -6.290000
c<B>r<101>R<TYR> -1.712000 -10.094000 -5.967000
c<B>r<102>R<LEU> -5.032000 -10.744000 -7.759000
c<B>r<103>R<ILE> -7.625000 -7.889000 -8.074000
c<B>r<104>R<LYS> -11.315000 -9.280000 -7.875000
c<B>r<105>R<PRO> -12.952000 -9.950000 -10.250000
c<B>r<106>R<PHE> -10.076000 -12.001000 -11.829000
c<B>r<107>R<THR> -10.227000 -14.630000 -14.587000
c<B>r<108>R<LEU> -9.506000 -18.291000 -14.089000
c<B>r<109>R<GLU> -6.564000 -17.737000 -16.393000
c<B>r<111>R<PHE> -5.672000 -17.237000 -11.052000
c<B>r<112>R<GLU> -3.908000 -20.160999 -12.715000
c<B>r<114>R<SER> -0.756000 -16.936001 -9.673000
c<B>r<115>R<ILE> -0.936000 -20.586000 -8.649000
c<B>r<116>R<GLN> 1.739000 -21.413000 -11.236000
c<B>r<117>R<ARG> 4.002000 -18.753000 -9.685000
c<B>r<118>R<TYR> 3.586000 -20.457001 -6.356000
c<B>r<119>R<ARG> 4.416000 -23.871000 -7.932000
c<B>r<121>R<LYS> 8.790000 -21.287001 -6.341000
c<B>r<122>R<HIS> 8.352000 -24.761000 -4.715000
