c<A>r<39>R<GLN> 6.514000 6.113000 5.746000
c<A>r<40>R<ASN> 5.502000 9.215000 3.844000
c<A>r<43>R<GLN> 4.252000 6.163000 0.011000
c<A>r<44>R<GLU> 5.348000 8.771000 -2.370000
c<A>r<46>R<ASN> 4.950000 3.791000 -4.274000
c<A>r<47>R<PHE> 2.751000 6.361000 -5.930000
c<A>r<50>R<ASN> 3.018000 2.641000 -9.464000
c<A>r<51>R<ARG> 2.730000 5.316000 -11.931000
c<A>r<57>R<ALA> 4.591000 -2.442000 -5.904000
c<A>r<58>R<SER> 5.000000 -5.467000 -3.570000
c<A>r<61>R<TYR> 4.377000 -2.206000 0.323000
c<A>r<62>R<ASP> 6.184000 -4.727000 2.411000
c<A>r<65>R<ARG> 4.252000 -2.570000 6.431000
c<A>r<68>R<VAL> 4.704000 0.440000 10.445000
c<B>r<43>R<ASN> -5.029000 1.037000 -8.369000
c<B>r<46>R<GLN> -3.770000 1.766000 -3.570000
c<B>r<47>R<GLU> -5.160000 5.154000 -3.797000
c<B>r<49>R<ASN> -4.570000 3.149000 1.048000
c<B>r<50>R<PHE> -2.669000 6.309000 0.322000
c<B>r<53>R<ASN> -2.899000 6.459000 5.474000
c<B>r<54>R<ARG> -3.017000 10.149000 5.226000
c<B>r<60>R<ALA> -3.921000 0.126000 6.851000
c<B>r<61>R<SER> -3.948000 -3.688000 7.279000
c<B>r<64>R<TYR> -3.284000 -4.246000 2.253000
c<B>r<67>R<TYR> -4.684000 -5.681000 -2.266000
c<B>r<68>R<ARG> -2.872000 -8.871000 -1.707000
c<B>r<71>R<VAL> -3.316000 -9.721000 -6.648000
