c<E>r<2>R<THR> -1.828000 21.850000 3.523000
c<E>r<3>R<ASN> -4.315000 18.896999 4.154000
c<E>r<4>R<GLU> -2.412000 16.033001 5.858000
c<E>r<5>R<ARG> -5.541000 13.705000 6.122000
c<E>r<6>R<PRO> -6.641000 13.636000 2.453000
c<E>r<29>R<SER> -5.854000 -2.643000 -5.935000
c<E>r<32>R<LYS> -4.584000 -0.067000 -1.854000
c<E>r<33>R<PHE> -2.835000 2.204000 -4.448000
c<E>r<34>R<LEU> -4.147000 5.370000 -2.694000
c<E>r<35>R<GLU> -3.950000 4.147000 0.891000
c<E>r<36>R<SER> -0.267000 3.237000 0.462000
c<E>r<37>R<ALA> 0.444000 6.917000 -0.316000
c<E>r<38>R<GLY> -1.229000 8.178000 2.907000
c<E>r<39>R<ALA> -4.901000 8.739000 1.732000
c<E>r<40>R<ARG> -8.222000 7.368000 2.975000
c<E>r<148>R<PRO> 14.200000 9.475000 -8.345000
c<E>r<216>R<GLU> -1.760000 0.070000 -9.162000
c<E>r<217>R<LYS> -1.194000 -3.564000 -10.401000
c<E>r<218>R<ASN> 2.620000 -3.964000 -9.864000
c<E>r<219>R<ALA> 2.437000 -4.074000 -6.001000
c<E>r<220>R<PHE> -1.074000 -5.431000 -5.459000
c<E>r<221>R<GLU> -2.146000 -7.892000 -8.316000
c<E>r<222>R<TRP> -0.616000 -11.343000 -8.826000
c<E>r<228>R<PRO> 5.724000 -6.358000 -13.475000
c<E>r<229>R<HIS> 6.902000 -7.270000 -9.923000
c<E>r<230>R<THR> 10.612000 -6.121000 -9.934000
c<E>r<231>R<PRO> 11.730000 -3.760000 -7.140000
c<E>r<233>R<ALA> 8.140000 -1.794000 -10.624000
c<E>r<234>R<ILE> 7.072000 -1.624000 -6.926000
c<E>r<235>R<LYS> 8.712000 1.857000 -6.577000
c<E>r<237>R<THR> 3.440000 2.091000 -8.169000
c<E>r<238>R<PHE> 4.389000 4.021000 -4.913000
c<E>r<239>R<TYR> 5.759000 7.209000 -6.617000
c<E>r<242>R<ASN> 2.671000 9.543000 -3.911000
c<E>r<243>R<PHE> 2.356000 12.245000 -6.578000
c<E>r<245>R<VAL> -2.016000 11.966000 -3.054000
c<E>r<246>R<ASN> 0.322000 15.030000 -2.703000
c<E>r<249>R<ARG> -3.128000 17.421000 0.025000
c<E>r<259>R<GLU> -19.809999 10.983000 11.570000
c<E>r<262>R<GLU> -16.816000 7.597000 9.081000
c<E>r<265>R<LEU> -15.081000 5.481000 4.098000
c<E>r<266>R<ILE> -14.154000 2.255000 2.213000
c<E>r<267>R<TYR> -13.609000 0.694000 5.734000
c<E>r<268>R<ASN> -17.417999 0.033000 5.889000
c<E>r<269>R<TYR> -17.142000 -2.438000 2.950000
c<E>r<270>R<LYS> -15.593000 -5.917000 2.800000
c<E>r<271>R<PRO> -13.978000 -7.067000 -0.371000
c<E>r<272>R<GLU> -14.373000 -10.558000 -1.884000
c<E>r<273>R<TYR> -11.513000 -12.907000 -2.823000
c<E>r<274>R<THR> -11.795000 -12.905000 -6.653000
c<E>r<275>R<GLY> -8.251000 -13.821000 -7.496000
c<E>r<276>R<ILE> -8.956000 -17.485001 -8.495000
c<E>r<281>R<GLU> -7.086000 -10.483000 -6.260000
c<E>r<282>R<GLN> -9.885000 -8.671000 -4.384000
c<F>r<2>R<THR> 15.723000 -13.982000 -6.933000
c<F>r<3>R<ASN> 12.017000 -14.568000 -5.817000
c<F>r<4>R<GLU> 9.801000 -11.886000 -7.436000
c<F>r<5>R<ARG> 6.490000 -13.246000 -5.862000
c<F>r<6>R<PRO> 7.455000 -13.262000 -2.154000
c<F>r<29>R<SER> -2.071000 -1.990000 8.722000
c<F>r<32>R<LYS> -1.082000 -3.277000 4.003000
c<F>r<33>R<PHE> 2.544000 -2.469000 5.072000
c<F>r<34>R<LEU> 3.855000 -5.629000 3.316000
c<F>r<35>R<GLU> 1.497000 -5.642000 0.345000
c<F>r<36>R<SER> 2.476000 -2.066000 -0.545000
c<F>r<37>R<ALA> 6.075000 -3.267000 -1.009000
c<F>r<38>R<GLY> 5.096000 -6.050000 -3.473000
c<F>r<39>R<ALA> 4.488000 -9.061000 -1.082000
c<F>r<40>R<ARG> 1.482000 -11.314000 -0.531000
c<F>r<148>R<PRO> 17.181000 8.398000 -0.026000
c<F>r<216>R<GLU> 3.146000 0.646000 9.292000
c<F>r<217>R<LYS> 0.932000 3.328000 11.010000
c<F>r<218>R<ASN> 1.998000 6.516000 9.092000
c<F>r<219>R<ALA> 0.273000 5.530000 5.768000
c<F>r<220>R<PHE> -2.523000 3.278000 7.012000
c<F>r<221>R<GLU> -3.821000 4.383000 10.540000
c<F>r<222>R<TRP> -5.786000 7.580000 11.170000
c<F>r<228>R<PRO> 2.809000 11.153000 11.584000
c<F>r<229>R<HIS> 1.136000 11.772000 8.173000
c<F>r<230>R<THR> 3.635000 14.173000 6.419000
c<F>r<231>R<PRO> 4.888000 13.169000 2.947000
c<F>r<233>R<ALA> 6.379000 10.014000 7.030000
c<F>r<234>R<ILE> 4.586000 8.199000 4.144000
c<F>r<235>R<LYS> 7.957000 7.591000 2.372000
c<F>r<237>R<THR> 6.581000 3.557000 5.856000
c<F>r<238>R<PHE> 7.237000 2.540000 2.145000
c<F>r<239>R<TYR> 11.087000 2.347000 2.364000
c<F>r<242>R<ASN> 10.600000 -2.032000 0.681000
c<F>r<243>R<PHE> 13.739000 -3.121000 2.543000
c<F>r<245>R<VAL> 10.255000 -7.345000 1.249000
c<F>r<246>R<ASN> 13.578000 -7.157000 -0.718000
c<F>r<249>R<ARG> 12.982000 -11.872000 -2.284000
c<F>r<259>R<GLU> -3.913000 -24.659000 -4.312000
c<F>r<262>R<GLU> -4.400000 -19.834000 -2.536000
c<F>r<265>R<LEU> -3.384000 -16.142000 1.672000
c<F>r<266>R<ILE> -4.863000 -13.235000 3.719000
c<F>r<267>R<TYR> -7.315000 -12.767000 0.737000
c<F>r<268>R<ASN> -9.526000 -15.544000 2.284000
c<F>r<269>R<TYR> -10.222000 -13.321000 5.354000
c<F>r<270>R<LYS> -12.337000 -10.170000 5.657000
c<F>r<271>R<PRO> -11.331000 -7.509000 8.091000
c<F>r<272>R<GLU> -13.723000 -5.619000 10.393000
c<F>r<273>R<TYR> -14.049000 -1.824000 10.608000
c<F>r<274>R<THR> -12.625000 -1.171000 14.114000
c<F>r<275>R<GLY> -11.551000 2.392000 13.639000
c<F>r<276>R<ILE> -14.424000 4.004000 15.651000
c<F>r<281>R<GLU> -8.841000 1.276000 11.315000
c<F>r<282>R<GLN> -9.290000 -2.393000 10.365000
