c<A>r<20>R<TYR> -34.389999 16.684999 -26.504000
c<A>r<21>R<VAL> -34.098999 16.468000 -30.259001
c<A>r<33>R<VAL> -22.461000 12.968000 -38.419998
c<A>r<34>R<ALA> -22.473000 14.113000 -34.785999
c<A>r<35>R<PRO> -23.820000 14.726000 -32.237999
c<A>r<36>R<PRO> -26.709999 12.243000 -32.375999
c<A>r<37>R<GLY> -29.091000 14.818000 -30.933001
c<A>r<38>R<TYR> -29.181999 17.511999 -28.247000
c<A>r<39>R<HIS> -31.091000 19.441000 -25.594000
c<A>r<40>R<ALA> -32.719002 22.245001 -27.587000
c<A>r<84>R<LEU> -30.024000 31.337999 -27.568001
c<A>r<85>R<SER> -26.645000 29.601999 -27.535999
c<A>r<86>R<ALA> -24.947001 27.445999 -30.173000
c<A>r<87>R<ILE> -23.757999 23.858000 -30.430000
c<A>r<88>R<SER> -20.957001 22.514000 -32.618000
c<A>r<89>R<MET> -21.740000 19.801001 -35.116001
c<A>r<90>R<LEU> -19.854000 17.469000 -37.395000
c<A>r<97>R<LYS> -16.843000 16.912001 -47.032001
c<A>r<98>R<VAL> -16.723000 16.386000 -43.282001
c<A>r<99>R<VAL> -17.216000 19.799000 -41.662998
c<A>r<100>R<LEU> -16.909000 21.056000 -38.096001
c<A>r<101>R<LYS> -19.166000 24.070999 -37.860001
c<A>r<102>R<ASN> -20.608000 26.062000 -35.007000
c<A>r<103>R<TYR> -24.351999 26.476000 -35.396000
c<A>r<104>R<GLN> -25.924000 29.593000 -33.936001
c<A>r<105>R<ASP> -29.349001 29.851999 -32.279999
c<A>r<106>R<MET> -29.854000 26.163000 -31.478001
c<A>r<107>R<VAL> -30.347000 26.069000 -27.724001
c<C>r<14>R<PHE> -7.669000 20.061001 -36.119999
c<C>r<15>R<ASN> -9.535000 20.518000 -39.457001
c<C>r<16>R<ALA> -8.317000 18.764999 -42.588001
c<C>r<17>R<ASN> -10.791000 20.936001 -44.564999
c<C>r<18>R<TRP> -9.349000 24.201000 -43.146999
c<C>r<20>R<ARG> -12.306000 25.636000 -47.752998
c<C>r<21>R<ASP> -13.854000 26.075001 -44.275002
c<C>r<23>R<THR> -10.472000 27.912001 -40.108002
c<C>r<31>R<CYS> -15.388000 25.524000 -25.667000
c<C>r<32>R<TYR> -18.378000 27.813999 -25.056999
c<C>r<33>R<GLY> -22.039000 27.285000 -26.011000
c<C>r<39>R<ARG> -19.010000 20.400000 -22.919001
c<C>r<42>R<PHE> -13.945000 14.883000 -29.763000
c<C>r<44>R<THR> -13.020000 11.917000 -35.973999
c<C>r<55>R<VAL> -10.743000 14.400000 -40.152000
c<C>r<56>R<LYS> -11.490000 16.813999 -37.272999
c<C>r<57>R<GLN> -10.583000 17.422001 -33.602001
c<C>r<58>R<GLY> -12.233000 20.070999 -31.372000
c<C>r<59>R<CYS> -15.016000 20.872000 -28.917999
c<C>r<60>R<TRP> -18.360001 19.070999 -29.212000
c<C>r<61>R<LEU> -21.207001 21.152000 -27.844000
c<C>r<62>R<ASP> -24.437000 19.209999 -28.497999
c<C>r<63>R<ASP> -25.607000 16.778999 -25.808001
c<C>r<64>R<ILE> -23.860001 13.437000 -26.294001
c<C>r<65>R<ASN> -22.812000 10.235000 -24.539000
c<C>r<81>R<VAL> -15.594000 7.162000 -39.983002
c<C>r<83>R<PHE> -15.549000 8.975000 -33.710999
c<C>r<85>R<CYS> -15.750000 12.066000 -27.348000
