c<A>r<16>R<ARG> -38.417999 27.325001 -20.378000
c<A>r<17>R<HIS> -39.227001 23.660999 -20.909000
c<A>r<19>R<LEU> -36.820000 19.170000 -24.983999
c<A>r<40>R<ALA> -32.719002 22.245001 -27.587000
c<A>r<41>R<PHE> -35.377998 23.150000 -24.997000
c<A>r<42>R<TYR> -38.369999 25.320999 -25.906000
c<A>r<43>R<CYS> -40.661999 28.068001 -24.639000
c<A>r<44>R<HIS> -44.289001 27.895000 -23.629999
c<A>r<45>R<GLY> -46.495998 29.670000 -21.142000
c<A>r<46>R<GLU> -48.976002 32.513000 -20.872999
c<A>r<55>R<LEU> -39.751999 38.740002 -17.299000
c<A>r<56>R<ASN> -38.111000 40.078999 -20.462999
c<A>r<57>R<SER> -40.625000 41.959000 -22.603001
c<A>r<58>R<THR> -40.834999 44.512001 -25.427999
c<A>r<59>R<ASN> -42.981998 47.657001 -25.340000
c<A>r<60>R<HIS> -45.159000 46.319000 -28.138000
c<A>r<61>R<ALA> -45.661999 43.043999 -26.247000
c<A>r<63>R<VAL> -49.183998 47.044998 -25.299999
c<A>r<64>R<GLN> -50.622002 43.973000 -27.025000
c<A>r<73>R<LYS> -59.994999 39.215000 -30.864000
c<A>r<74>R<ILE> -56.397999 40.355999 -30.392000
c<A>r<75>R<PRO> -54.050999 37.626999 -29.063999
c<A>r<76>R<LYS> -51.854000 38.050999 -26.013000
c<A>r<77>R<ALA> -48.077999 38.411999 -26.489000
c<A>r<78>R<CYS> -46.181999 35.230999 -27.367001
c<A>r<79>R<CYS> -43.699001 33.305000 -25.186001
c<A>r<80>R<VAL> -40.533001 32.761002 -27.209999
c<A>r<81>R<PRO> -36.748001 32.247002 -26.915001
c<A>r<82>R<THR> -35.050999 35.500999 -26.003000
c<A>r<83>R<GLU> -31.664000 33.957001 -25.334000
c<A>r<84>R<LEU> -30.024000 31.337999 -27.568001
c<A>r<104>R<GLN> -25.924000 29.593000 -33.936001
c<A>r<105>R<ASP> -29.349001 29.851999 -32.279999
c<A>r<106>R<MET> -29.854000 26.163000 -31.478001
c<A>r<107>R<VAL> -30.347000 26.069000 -27.724001
c<A>r<108>R<VAL> -32.872002 28.070999 -25.728001
c<A>r<110>R<GLY> -34.088001 32.139000 -21.877001
c<A>r<111>R<CYS> -37.693001 32.923000 -22.733999
c<A>r<112>R<GLY> -39.653000 36.144001 -22.895000
c<A>r<113>R<CYS> -42.773998 37.691002 -24.372000
c<A>r<114>R<ARG> -42.702000 39.213001 -27.840000
c<C>r<15>R<ASN> -36.123001 42.438999 -32.105000
c<C>r<16>R<ALA> -35.720001 46.207001 -32.094002
c<C>r<17>R<ASN> -35.605000 46.016998 -28.261000
c<C>r<18>R<TRP> -32.723999 43.477001 -28.285999
c<C>r<20>R<ARG> -32.856998 45.681000 -23.077000
c<C>r<21>R<ASP> -34.445999 42.258999 -23.743999
c<C>r<22>R<ARG> -31.101000 40.424000 -23.920000
c<C>r<23>R<THR> -31.740000 38.754002 -27.290001
c<C>r<24>R<ASN> -30.079000 38.728001 -30.683001
c<C>r<27>R<GLY> -31.325001 35.743000 -36.754002
c<C>r<28>R<VAL> -33.266998 32.529999 -37.361000
c<C>r<29>R<GLU> -35.668999 31.461000 -34.547001
c<C>r<30>R<PRO> -36.393002 27.716000 -34.096001
c<C>r<31>R<CYS> -40.051998 27.183001 -33.242001
c<C>r<32>R<TYR> -40.804001 24.716999 -30.430000
c<C>r<33>R<GLY> -43.556000 24.860001 -27.785000
c<C>r<44>R<THR> -45.095001 43.393002 -36.208000
c<C>r<45>R<TRP> -44.244999 46.839001 -37.601002
c<C>r<55>R<VAL> -40.891998 45.988998 -34.112999
c<C>r<56>R<LYS> -40.464001 42.186001 -33.950001
c<C>r<57>R<GLN> -40.230999 39.126999 -36.242001
c<C>r<58>R<GLY> -40.146999 35.495998 -35.009998
c<C>r<59>R<CYS> -42.150002 32.396000 -34.119999
c<C>r<60>R<TRP> -45.667999 32.770000 -32.706001
c<C>r<61>R<LEU> -46.624001 29.841999 -30.511999
c<C>r<62>R<ASP> -50.074001 30.610001 -29.049000
c<C>r<63>R<ASP> -53.122002 29.459999 -31.023001
c<C>r<64>R<ILE> -53.984001 32.083000 -33.637001
c<C>r<65>R<ASN> -55.751999 32.652000 -36.952000
c<C>r<81>R<VAL> -49.196999 48.540001 -34.794998
