c<A>r<20>R<TYR> -34.389999 16.684999 -26.504000
c<A>r<21>R<VAL> -34.098999 16.468000 -30.259001
c<A>r<22>R<ASP> -33.032001 13.261000 -31.915001
c<A>r<33>R<VAL> -22.461000 12.968000 -38.419998
c<A>r<34>R<ALA> -22.473000 14.113000 -34.785999
c<A>r<35>R<PRO> -23.820000 14.726000 -32.237999
c<A>r<36>R<PRO> -26.709999 12.243000 -32.375999
c<A>r<37>R<GLY> -29.091000 14.818000 -30.933001
c<A>r<38>R<TYR> -29.181999 17.511999 -28.247000
c<A>r<39>R<HIS> -31.091000 19.441000 -25.594000
c<A>r<40>R<ALA> -32.719002 22.245001 -27.587000
c<A>r<84>R<LEU> -30.024000 31.337999 -27.568001
c<A>r<85>R<SER> -26.645000 29.601999 -27.535999
c<A>r<86>R<ALA> -24.947001 27.445999 -30.173000
c<A>r<87>R<ILE> -23.757999 23.858000 -30.430000
c<A>r<88>R<SER> -20.957001 22.514000 -32.618000
c<A>r<89>R<MET> -21.740000 19.801001 -35.116001
c<A>r<90>R<LEU> -19.854000 17.469000 -37.395000
c<A>r<97>R<LYS> -16.843000 16.912001 -47.032001
c<A>r<98>R<VAL> -16.723000 16.386000 -43.282001
c<A>r<99>R<VAL> -17.216000 19.799000 -41.662998
c<A>r<100>R<LEU> -16.909000 21.056000 -38.096001
c<A>r<101>R<LYS> -19.166000 24.070999 -37.860001
c<A>r<102>R<ASN> -20.608000 26.062000 -35.007000
c<A>r<106>R<MET> -29.854000 26.163000 -31.478001
c<A>r<107>R<VAL> -30.347000 26.069000 -27.724001
c<A>r<109>R<GLU> -31.320999 29.671000 -22.648001
c<C>r<15>R<ASN> -9.075000 20.676001 -38.381001
c<C>r<16>R<ALA> -7.715000 19.219999 -41.603001
c<C>r<17>R<ASN> -9.980000 21.687000 -43.480000
c<C>r<18>R<TRP> -8.526000 24.721001 -41.627998
c<C>r<21>R<ASP> -12.882000 26.885000 -42.820999
c<C>r<31>R<CYS> -15.650000 24.413000 -24.513000
c<C>r<32>R<TYR> -18.596001 26.742001 -23.841999
c<C>r<33>R<GLY> -22.202000 26.466000 -25.072001
c<C>r<42>R<PHE> -14.296000 14.221000 -29.649000
c<C>r<44>R<THR> -13.065000 11.899000 -36.077999
c<C>r<55>R<VAL> -10.439000 14.720000 -39.812000
c<C>r<56>R<LYS> -11.292000 16.841999 -36.737999
c<C>r<57>R<GLN> -10.608000 17.018000 -32.973999
c<C>r<58>R<GLY> -12.311000 19.476999 -30.573999
c<C>r<59>R<CYS> -15.220000 20.122000 -28.223000
c<C>r<60>R<TRP> -18.597000 18.499001 -28.917000
c<C>r<61>R<LEU> -21.455999 20.535000 -27.507999
c<C>r<62>R<ASP> -24.698999 18.805000 -28.566999
c<C>r<63>R<ASP> -26.122999 16.150000 -26.236000
c<C>r<64>R<ILE> -24.459999 12.811000 -26.975000
c<C>r<65>R<ASN> -23.636000 9.401000 -25.518999
c<C>r<81>R<VAL> -15.528000 7.707000 -40.731998
c<C>r<83>R<PHE> -15.834000 8.836000 -34.308998
c<C>r<84>R<CYS> -15.392000 8.918000 -30.535000
c<C>r<85>R<CYS> -16.349001 11.236000 -27.672001
