c<A>r<12>R<SER> -48.728001 28.316999 -16.535000
c<A>r<15>R<LYS> -41.018002 29.643000 -18.882000
c<A>r<16>R<ARG> -38.417999 27.325001 -20.378000
c<A>r<17>R<HIS> -39.227001 23.660999 -20.909000
c<A>r<18>R<PRO> -37.076000 20.534000 -21.452999
c<A>r<19>R<LEU> -36.820000 19.170000 -24.983999
c<A>r<20>R<TYR> -34.389999 16.684999 -26.504000
c<A>r<21>R<VAL> -34.098999 16.468000 -30.259001
c<A>r<22>R<ASP> -33.032001 13.261000 -31.915001
c<A>r<23>R<PHE> -31.691000 14.020000 -35.367001
c<A>r<24>R<SER> -33.036999 10.609000 -36.356998
c<A>r<25>R<ASP> -36.701000 11.422000 -35.672001
c<A>r<26>R<VAL> -36.411999 14.534000 -37.827000
c<A>r<27>R<GLY> -34.416000 12.606000 -40.398998
c<A>r<35>R<PRO> -23.820000 14.726000 -32.237999
c<A>r<36>R<PRO> -26.709999 12.243000 -32.375999
c<A>r<37>R<GLY> -29.091000 14.818000 -30.933001
c<A>r<38>R<TYR> -29.181999 17.511999 -28.247000
c<A>r<39>R<HIS> -31.091000 19.441000 -25.594000
c<A>r<41>R<PHE> -35.377998 23.150000 -24.997000
c<A>r<42>R<TYR> -38.369999 25.320999 -25.906000
c<A>r<43>R<CYS> -40.661999 28.068001 -24.639000
c<A>r<44>R<HIS> -44.289001 27.895000 -23.629999
c<A>r<45>R<GLY> -46.495998 29.670000 -21.142000
c<A>r<109>R<GLU> -31.320999 29.671000 -22.648001
c<A>r<110>R<GLY> -34.088001 32.139000 -21.877001
c<C>r<13>R<PHE> -43.113998 16.400000 -17.194000
c<C>r<14>R<PHE> -39.610001 15.924000 -15.683000
c<C>r<15>R<ASN> -36.556999 18.268999 -15.719000
c<C>r<16>R<ALA> -33.367001 17.289000 -13.924000
c<C>r<17>R<ASN> -32.133999 20.879000 -14.504000
c<C>r<18>R<TRP> -35.236000 22.414000 -12.839000
c<C>r<21>R<ASP> -34.090000 26.433001 -15.597000
c<C>r<22>R<ARG> -36.769001 27.754999 -13.217000
c<C>r<23>R<THR> -39.303001 24.985001 -13.894000
c<C>r<24>R<ASN> -41.094002 22.363001 -11.848000
c<C>r<29>R<GLU> -47.241001 19.384001 -19.080000
c<C>r<30>R<PRO> -50.141998 20.688000 -21.233999
c<C>r<31>R<CYS> -49.193001 20.591000 -24.907000
c<C>r<32>R<TYR> -50.080002 23.671000 -26.978001
c<C>r<33>R<GLY> -48.139000 25.268000 -29.855000
c<C>r<41>R<CYS> -44.667000 13.451000 -25.773001
c<C>r<42>R<PHE> -41.007999 12.535000 -25.336000
c<C>r<43>R<ALA> -38.354000 11.294000 -22.941999
c<C>r<44>R<THR> -34.564999 11.708000 -22.877001
c<C>r<45>R<TRP> -32.318001 9.666000 -20.572001
c<C>r<55>R<VAL> -32.764000 14.048000 -18.396000
c<C>r<56>R<LYS> -36.167999 15.433000 -19.476000
c<C>r<57>R<GLN> -39.780998 14.301000 -20.056999
c<C>r<58>R<GLY> -42.530998 16.514000 -21.556000
c<C>r<59>R<CYS> -44.318001 17.669001 -24.700001
c<C>r<60>R<TRP> -42.405998 17.858000 -27.990000
c<C>r<61>R<LEU> -43.868000 20.451000 -30.323999
c<C>r<62>R<ASP> -41.612000 20.587999 -33.410000
c<C>r<63>R<ASP> -42.445999 18.260000 -36.307999
c<C>r<64>R<ILE> -40.865002 14.860000 -35.680000
c<C>r<65>R<ASN> -41.076000 11.167000 -36.544998
c<C>r<66>R<CYS> -41.069000 8.556000 -33.798000
c<C>r<67>R<TYR> -40.139999 4.860000 -33.823002
c<C>r<74>R<GLU> -35.426998 4.400000 -28.743000
c<C>r<75>R<LYS> -34.176998 2.307000 -31.714001
c<C>r<76>R<LYS> -30.712000 3.865000 -32.250999
c<C>r<79>R<PRO> -26.531000 6.190000 -28.087000
c<C>r<80>R<GLU> -24.968000 8.522000 -25.495001
c<C>r<81>R<VAL> -28.291000 10.333000 -24.886999
c<C>r<82>R<TYR> -31.362000 8.137000 -25.375999
c<C>r<83>R<PHE> -34.469002 9.739000 -26.914000
c<C>r<84>R<CYS> -38.006001 8.624000 -27.743000
c<C>r<85>R<CYS> -41.272999 10.279000 -28.781000
