c<A>r<17>R<HIS> -39.227001 23.660999 -20.909000
c<A>r<18>R<PRO> -37.076000 20.534000 -21.452999
c<A>r<19>R<LEU> -36.820000 19.170000 -24.983999
c<A>r<20>R<TYR> -34.389999 16.684999 -26.504000
c<A>r<21>R<VAL> -34.098999 16.468000 -30.259001
c<A>r<22>R<ASP> -33.032001 13.261000 -31.915001
c<A>r<23>R<PHE> -31.691000 14.020000 -35.367001
c<A>r<24>R<SER> -33.036999 10.609000 -36.356998
c<A>r<25>R<ASP> -36.701000 11.422000 -35.672001
c<A>r<26>R<VAL> -36.411999 14.534000 -37.827000
c<A>r<27>R<GLY> -34.416000 12.606000 -40.398998
c<A>r<28>R<TRP> -31.377001 14.839000 -40.085999
c<A>r<39>R<HIS> -31.091000 19.441000 -25.594000
c<A>r<40>R<ALA> -32.719002 22.245001 -27.587000
c<A>r<41>R<PHE> -35.377998 23.150000 -24.997000
c<A>r<42>R<TYR> -38.369999 25.320999 -25.906000
c<A>r<43>R<CYS> -40.661999 28.068001 -24.639000
c<A>r<44>R<HIS> -44.289001 27.895000 -23.629999
c<A>r<46>R<GLU> -48.976002 32.513000 -20.872999
c<A>r<57>R<SER> -40.625000 41.959000 -22.603001
c<A>r<58>R<THR> -40.834999 44.512001 -25.427999
c<A>r<59>R<ASN> -42.981998 47.657001 -25.340000
c<A>r<60>R<HIS> -45.159000 46.319000 -28.138000
c<A>r<61>R<ALA> -45.661999 43.043999 -26.247000
c<A>r<64>R<GLN> -50.622002 43.973000 -27.025000
c<A>r<73>R<LYS> -59.994999 39.215000 -30.864000
c<A>r<74>R<ILE> -56.397999 40.355999 -30.392000
c<A>r<75>R<PRO> -54.050999 37.626999 -29.063999
c<A>r<76>R<LYS> -51.854000 38.050999 -26.013000
c<A>r<77>R<ALA> -48.077999 38.411999 -26.489000
c<A>r<78>R<CYS> -46.181999 35.230999 -27.367001
c<A>r<79>R<CYS> -43.699001 33.305000 -25.186001
c<A>r<80>R<VAL> -40.533001 32.761002 -27.209999
c<A>r<81>R<PRO> -36.748001 32.247002 -26.915001
c<A>r<82>R<THR> -35.050999 35.500999 -26.003000
c<A>r<83>R<GLU> -31.664000 33.957001 -25.334000
c<A>r<84>R<LEU> -30.024000 31.337999 -27.568001
c<A>r<103>R<TYR> -24.351999 26.476000 -35.396000
c<A>r<104>R<GLN> -25.924000 29.593000 -33.936001
c<A>r<105>R<ASP> -29.349001 29.851999 -32.279999
c<A>r<106>R<MET> -29.854000 26.163000 -31.478001
c<A>r<107>R<VAL> -30.347000 26.069000 -27.724001
c<A>r<108>R<VAL> -32.872002 28.070999 -25.728001
c<A>r<111>R<CYS> -37.693001 32.923000 -22.733999
c<A>r<112>R<GLY> -39.653000 36.144001 -22.895000
c<A>r<113>R<CYS> -42.773998 37.691002 -24.372000
c<A>r<114>R<ARG> -42.702000 39.213001 -27.840000
c<C>r<8>R<THR> -54.229000 41.188999 -39.960999
c<C>r<10>R<GLU> -49.465000 42.596001 -36.644001
c<C>r<11>R<CYS> -47.995998 39.209999 -35.657001
c<C>r<12>R<LEU> -45.773998 37.505001 -33.043999
c<C>r<13>R<PHE> -42.185001 37.730999 -34.403999
c<C>r<14>R<PHE> -39.514000 35.049999 -33.717999
c<C>r<15>R<ASN> -36.289001 34.215000 -35.647999
c<C>r<16>R<ALA> -33.955002 31.504999 -34.396999
c<C>r<17>R<ASN> -31.407000 32.733002 -36.993000
c<C>r<18>R<TRP> -31.525000 36.340000 -35.680000
c<C>r<19>R<GLU> -27.804001 36.780998 -35.179001
c<C>r<20>R<ARG> -26.799000 35.923000 -38.761002
c<C>r<24>R<ASN> -34.618999 40.910999 -33.480000
c<C>r<25>R<GLN> -34.750000 37.462002 -31.834999
c<C>r<26>R<THR> -38.405998 38.116001 -30.858999
c<C>r<27>R<GLY> -41.015999 40.929001 -30.951000
c<C>r<28>R<VAL> -44.155998 42.176998 -32.695999
c<C>r<29>R<GLU> -43.969002 42.396000 -36.535999
c<C>r<46>R<LYS> -39.612999 21.370001 -35.761002
c<C>r<47>R<ASN> -41.273998 18.650999 -33.646000
c<C>r<48>R<ILE> -39.087002 15.653000 -32.773998
c<C>r<49>R<SER> -40.849998 13.172000 -30.532000
c<C>r<50>R<GLY> -42.970001 15.967000 -28.986000
c<C>r<51>R<SER> -40.050999 18.407000 -28.459000
c<C>r<52>R<ILE> -40.869999 21.671000 -30.232000
c<C>r<53>R<GLU> -38.296001 24.104000 -31.636999
c<C>r<54>R<ILE> -39.533001 27.292000 -33.299999
c<C>r<55>R<VAL> -37.856998 28.212000 -36.589001
c<C>r<57>R<GLN> -42.890999 33.380001 -36.474998
c<C>r<70>R<THR> -58.487999 31.947001 -37.113998
c<C>r<78>R<SER> -45.608002 13.976000 -40.291000
c<C>r<79>R<PRO> -43.782001 16.829000 -42.051998
c<C>r<80>R<GLU> -40.083000 17.577999 -41.453999
c<C>r<81>R<VAL> -40.736000 21.339001 -41.106998
c<C>r<88>R<GLY> -56.020000 38.023998 -36.979000
c<C>r<89>R<ASN> -53.676998 40.157001 -34.881001
c<C>r<90>R<MET> -51.168999 37.991001 -32.987000
c<C>r<91>R<CYS> -52.953999 34.780998 -34.123001
c<C>r<92>R<ASN> -49.701000 32.865002 -34.549000
c<C>r<93>R<GLU> -48.777000 32.914001 -30.839001
c<C>r<94>R<LYS> -50.544998 29.563000 -30.485001
