c<A>r<20>R<TYR> -34.389999 16.684999 -26.504000
c<A>r<34>R<ALA> -22.473000 14.113000 -34.785999
c<A>r<35>R<PRO> -23.820000 14.726000 -32.237999
c<A>r<36>R<PRO> -26.709999 12.243000 -32.375999
c<A>r<37>R<GLY> -29.091000 14.818000 -30.933001
c<A>r<38>R<TYR> -29.181999 17.511999 -28.247000
c<A>r<39>R<HIS> -31.091000 19.441000 -25.594000
c<A>r<40>R<ALA> -32.719002 22.245001 -27.587000
c<A>r<84>R<LEU> -30.024000 31.337999 -27.568001
c<A>r<85>R<SER> -26.645000 29.601999 -27.535999
c<A>r<86>R<ALA> -24.947001 27.445999 -30.173000
c<A>r<87>R<ILE> -23.757999 23.858000 -30.430000
c<A>r<88>R<SER> -20.957001 22.514000 -32.618000
c<A>r<89>R<MET> -21.740000 19.801001 -35.116001
c<A>r<90>R<LEU> -19.854000 17.469000 -37.395000
c<A>r<92>R<LEU> -21.292999 16.413000 -44.425999
c<A>r<93>R<ASP> -21.936001 19.237000 -46.848000
c<A>r<95>R<ASN> -19.754999 17.431000 -51.599998
c<A>r<97>R<LYS> -16.843000 16.912001 -47.032001
c<A>r<98>R<VAL> -16.723000 16.386000 -43.282001
c<A>r<99>R<VAL> -17.216000 19.799000 -41.662998
c<A>r<100>R<LEU> -16.909000 21.056000 -38.096001
c<A>r<101>R<LYS> -19.166000 24.070999 -37.860001
c<A>r<102>R<ASN> -20.608000 26.062000 -35.007000
c<A>r<103>R<TYR> -24.351999 26.476000 -35.396000
c<A>r<104>R<GLN> -25.924000 29.593000 -33.936001
c<A>r<105>R<ASP> -29.349001 29.851999 -32.279999
c<A>r<106>R<MET> -29.854000 26.163000 -31.478001
c<A>r<107>R<VAL> -30.347000 26.069000 -27.724001
c<A>r<108>R<VAL> -32.872002 28.070999 -25.728001
c<A>r<109>R<GLU> -31.320999 29.671000 -22.648001
c<C>r<13>R<PHE> -8.638000 22.917000 -33.463001
c<C>r<14>R<PHE> -7.679000 20.684999 -36.443001
c<C>r<15>R<ASN> -9.541000 20.028999 -39.749001
c<C>r<16>R<ALA> -8.013000 17.792999 -42.397999
c<C>r<17>R<ASN> -10.769000 19.009001 -44.778999
c<C>r<18>R<TRP> -9.887000 22.704000 -44.214001
c<C>r<20>R<ARG> -12.962000 22.510000 -48.959000
c<C>r<21>R<ASP> -14.614000 23.518000 -45.652000
c<C>r<22>R<ARG> -13.101000 27.025000 -45.638000
c<C>r<23>R<THR> -11.632000 26.809000 -42.123001
c<C>r<31>R<CYS> -16.330000 27.198999 -27.419001
c<C>r<32>R<TYR> -19.655001 29.066000 -27.304001
c<C>r<33>R<GLY> -23.170000 27.753000 -28.020000
c<C>r<38>R<ARG> -21.825001 21.959999 -20.805000
c<C>r<39>R<ARG> -19.132999 22.375000 -23.445000
c<C>r<40>R<HIS> -16.548000 19.730000 -24.323999
c<C>r<55>R<VAL> -9.751000 13.811000 -38.935001
c<C>r<56>R<LYS> -10.917000 16.694000 -36.699001
c<C>r<57>R<GLN> -10.176000 18.299000 -33.300999
c<C>r<58>R<GLY> -12.259000 21.108999 -31.730000
c<C>r<59>R<CYS> -15.172000 22.023001 -29.474001
c<C>r<60>R<TRP> -18.183001 19.698999 -29.252001
c<C>r<61>R<LEU> -21.344999 21.570000 -28.355000
c<C>r<62>R<ASP> -24.215000 19.042999 -28.451000
c<C>r<63>R<ASP> -25.025000 17.172001 -25.233000
c<C>r<64>R<ILE> -22.761999 14.131000 -24.947001
