c<A>r<50>R<PRO> -50.346001 42.946999 -15.271000
c<A>r<51>R<PRO> -47.028000 42.436001 -17.121000
c<A>r<52>R<ALA> -44.509998 40.294998 -15.213000
c<A>r<53>R<ASP> -41.574001 41.937000 -13.433000
c<A>r<54>R<HIS> -38.445999 39.835999 -13.892000
c<A>r<55>R<LEU> -39.751999 38.740002 -17.299000
c<A>r<56>R<ASN> -38.111000 40.078999 -20.462999
c<A>r<57>R<SER> -40.625000 41.959000 -22.603001
c<A>r<58>R<THR> -40.834999 44.512001 -25.427999
c<A>r<59>R<ASN> -42.981998 47.657001 -25.340000
c<A>r<60>R<HIS> -45.159000 46.319000 -28.138000
c<A>r<61>R<ALA> -45.661999 43.043999 -26.247000
c<A>r<62>R<ILE> -46.806000 44.974998 -23.188000
c<A>r<63>R<VAL> -49.183998 47.044998 -25.299999
c<A>r<64>R<GLN> -50.622002 43.973000 -27.025000
c<A>r<65>R<THR> -51.120998 42.285000 -23.676001
c<A>r<66>R<LEU> -53.116001 45.300999 -22.502001
c<A>r<67>R<VAL> -55.198002 45.526001 -25.643999
c<A>r<78>R<CYS> -46.181999 35.230999 -27.367001
c<A>r<79>R<CYS> -43.699001 33.305000 -25.186001
c<A>r<80>R<VAL> -40.533001 32.761002 -27.209999
c<A>r<81>R<PRO> -36.748001 32.247002 -26.915001
c<A>r<82>R<THR> -35.050999 35.500999 -26.003000
c<A>r<83>R<GLU> -31.664000 33.957001 -25.334000
c<A>r<84>R<LEU> -30.024000 31.337999 -27.568001
c<A>r<85>R<SER> -26.645000 29.601999 -27.535999
c<A>r<104>R<GLN> -25.924000 29.593000 -33.936001
c<A>r<105>R<ASP> -29.349001 29.851999 -32.279999
c<A>r<106>R<MET> -29.854000 26.163000 -31.478001
c<A>r<109>R<GLU> -31.320999 29.671000 -22.648001
c<A>r<110>R<GLY> -34.088001 32.139000 -21.877001
c<A>r<114>R<ARG> -42.702000 39.213001 -27.840000
c<C>r<8>R<THR> -38.505001 56.486000 -24.903999
c<C>r<9>R<GLN> -40.965000 55.933998 -27.770000
c<C>r<10>R<GLU> -38.980999 53.747002 -30.191000
c<C>r<11>R<CYS> -36.013000 51.341000 -30.254000
c<C>r<13>R<PHE> -35.442001 45.976002 -33.153999
c<C>r<15>R<ASN> -34.532001 39.060001 -33.248001
c<C>r<16>R<ALA> -32.173000 36.240002 -34.166000
c<C>r<17>R<ASN> -35.117001 33.831001 -33.646999
c<C>r<18>R<TRP> -37.359001 35.740002 -36.112000
c<C>r<20>R<ARG> -39.696999 30.629000 -35.467999
c<C>r<21>R<ASP> -41.102001 33.629002 -33.542000
c<C>r<22>R<ARG> -42.873001 35.112000 -36.584000
c<C>r<23>R<THR> -41.366001 38.602001 -36.257999
c<C>r<29>R<GLU> -39.991001 48.877998 -32.544998
c<C>r<30>R<PRO> -42.604000 51.374001 -31.242001
c<C>r<31>R<CYS> -42.803001 51.207001 -27.455999
c<C>r<32>R<TYR> -46.299999 51.175999 -25.933001
c<C>r<33>R<GLY> -47.556999 49.311001 -22.844999
c<C>r<39>R<ARG> -40.330002 52.679001 -21.239000
c<C>r<40>R<HIS> -36.783001 51.591000 -22.066999
c<C>r<41>R<CYS> -34.771000 50.050999 -24.929001
c<C>r<42>R<PHE> -32.535000 47.023998 -24.430000
c<C>r<44>R<THR> -29.027000 41.087002 -25.257999
c<C>r<45>R<TRP> -25.948000 39.442001 -26.790001
c<C>r<46>R<LYS> -23.309999 36.727001 -26.565001
c<C>r<53>R<GLU> -23.677999 37.756001 -31.566999
c<C>r<54>R<ILE> -26.891001 39.702000 -30.976000
c<C>r<55>R<VAL> -29.752001 37.750999 -29.399000
c<C>r<56>R<LYS> -32.436001 40.480999 -29.260000
c<C>r<57>R<GLN> -32.804001 44.290001 -29.423000
c<C>r<58>R<GLY> -36.083000 46.179001 -28.802999
c<C>r<59>R<CYS> -38.327000 47.902000 -26.271999
c<C>r<60>R<TRP> -38.374001 46.685001 -22.662001
c<C>r<61>R<LEU> -41.679001 47.410999 -20.972000
c<C>r<62>R<ASP> -41.519001 45.867001 -17.476000
c<C>r<63>R<ASP> -40.183998 48.042000 -14.647000
c<C>r<64>R<ILE> -36.389000 47.825001 -14.584000
c<C>r<80>R<GLU> -23.087999 34.118999 -20.228001
c<C>r<81>R<VAL> -25.844999 36.307999 -21.743999
c<C>r<82>R<TYR> -25.025999 40.027000 -21.775999
