c<A>r<14>R<CYS> -43.949001 31.889000 -19.849001
c<A>r<16>R<ARG> -38.417999 27.325001 -20.378000
c<A>r<17>R<HIS> -39.227001 23.660999 -20.909000
c<A>r<18>R<PRO> -37.076000 20.534000 -21.452999
c<A>r<19>R<LEU> -36.820000 19.170000 -24.983999
c<A>r<20>R<TYR> -34.389999 16.684999 -26.504000
c<A>r<21>R<VAL> -34.098999 16.468000 -30.259001
c<A>r<26>R<VAL> -36.411999 14.534000 -37.827000
c<A>r<39>R<HIS> -31.091000 19.441000 -25.594000
c<A>r<40>R<ALA> -32.719002 22.245001 -27.587000
c<A>r<41>R<PHE> -35.377998 23.150000 -24.997000
c<A>r<42>R<TYR> -38.369999 25.320999 -25.906000
c<A>r<43>R<CYS> -40.661999 28.068001 -24.639000
c<A>r<44>R<HIS> -44.289001 27.895000 -23.629999
c<A>r<45>R<GLY> -46.495998 29.670000 -21.142000
c<A>r<46>R<GLU> -48.976002 32.513000 -20.872999
c<A>r<56>R<ASN> -38.111000 40.078999 -20.462999
c<A>r<58>R<THR> -40.834999 44.512001 -25.427999
c<A>r<59>R<ASN> -42.981998 47.657001 -25.340000
c<A>r<60>R<HIS> -45.159000 46.319000 -28.138000
c<A>r<61>R<ALA> -45.661999 43.043999 -26.247000
c<A>r<63>R<VAL> -49.183998 47.044998 -25.299999
c<A>r<64>R<GLN> -50.622002 43.973000 -27.025000
c<A>r<75>R<PRO> -54.050999 37.626999 -29.063999
c<A>r<76>R<LYS> -51.854000 38.050999 -26.013000
c<A>r<77>R<ALA> -48.077999 38.411999 -26.489000
c<A>r<78>R<CYS> -46.181999 35.230999 -27.367001
c<A>r<79>R<CYS> -43.699001 33.305000 -25.186001
c<A>r<80>R<VAL> -40.533001 32.761002 -27.209999
c<A>r<81>R<PRO> -36.748001 32.247002 -26.915001
c<A>r<82>R<THR> -35.050999 35.500999 -26.003000
c<A>r<83>R<GLU> -31.664000 33.957001 -25.334000
c<A>r<84>R<LEU> -30.024000 31.337999 -27.568001
c<A>r<85>R<SER> -26.645000 29.601999 -27.535999
c<A>r<86>R<ALA> -24.947001 27.445999 -30.173000
c<A>r<103>R<TYR> -24.351999 26.476000 -35.396000
c<A>r<104>R<GLN> -25.924000 29.593000 -33.936001
c<A>r<105>R<ASP> -29.349001 29.851999 -32.279999
c<A>r<106>R<MET> -29.854000 26.163000 -31.478001
c<A>r<107>R<VAL> -30.347000 26.069000 -27.724001
c<A>r<108>R<VAL> -32.872002 28.070999 -25.728001
c<A>r<109>R<GLU> -31.320999 29.671000 -22.648001
c<A>r<110>R<GLY> -34.088001 32.139000 -21.877001
c<A>r<111>R<CYS> -37.693001 32.923000 -22.733999
c<A>r<112>R<GLY> -39.653000 36.144001 -22.895000
c<A>r<114>R<ARG> -42.702000 39.213001 -27.840000
c<C>r<9>R<GLN> -38.508999 23.020000 -38.053001
c<C>r<10>R<GLU> -36.331001 26.125999 -38.486000
c<C>r<11>R<CYS> -36.625999 29.907000 -38.952000
c<C>r<12>R<LEU> -34.571999 33.043999 -39.734001
c<C>r<13>R<PHE> -33.374001 34.393002 -36.340000
c<C>r<14>R<PHE> -32.841000 38.138000 -35.646000
c<C>r<15>R<ASN> -32.765999 40.053001 -32.306999
c<C>r<17>R<ASN> -31.729000 43.485001 -28.434999
c<C>r<18>R<TRP> -29.068001 40.727001 -28.688999
c<C>r<19>R<GLU> -26.465000 42.382000 -26.503000
c<C>r<20>R<ARG> -28.705999 42.807999 -23.440001
c<C>r<21>R<ASP> -30.601000 39.539001 -24.072001
c<C>r<22>R<ARG> -27.430000 37.451000 -24.493000
c<C>r<23>R<THR> -28.406000 35.918999 -27.848000
c<C>r<24>R<ASN> -26.962999 35.842999 -31.337999
c<C>r<25>R<GLN> -27.740000 39.002998 -33.347000
c<C>r<26>R<THR> -28.771000 36.803001 -36.321999
c<C>r<27>R<GLY> -28.812000 33.112999 -37.375999
c<C>r<28>R<VAL> -31.038000 30.079000 -37.921001
c<C>r<29>R<GLU> -33.341000 29.135000 -34.983002
c<C>r<30>R<PRO> -34.334000 25.448999 -34.558998
c<C>r<31>R<CYS> -37.965000 25.184000 -33.487999
c<C>r<32>R<TYR> -38.738998 22.718000 -30.681999
c<C>r<33>R<GLY> -41.304001 23.013000 -27.867001
c<C>r<44>R<THR> -41.867001 41.807999 -35.819000
c<C>r<55>R<VAL> -37.348999 44.014000 -33.943001
c<C>r<56>R<LYS> -37.217999 40.186001 -33.880001
c<C>r<58>R<GLY> -37.501999 33.519001 -35.085999
c<C>r<59>R<CYS> -39.688999 30.566000 -34.132000
c<C>r<60>R<TRP> -43.071999 31.181999 -32.493000
c<C>r<61>R<LEU> -44.124001 28.285000 -30.299999
c<C>r<62>R<ASP> -47.405998 29.287001 -28.608999
c<C>r<63>R<ASP> -50.651001 28.429001 -30.410000
c<C>r<64>R<ILE> -51.458000 31.173000 -32.914001
c<C>r<65>R<ASN> -53.374001 31.959000 -36.098999
c<C>r<79>R<PRO> -50.075001 49.191002 -36.341999
c<C>r<80>R<GLU> -47.262001 50.601002 -34.174000
c<C>r<81>R<VAL> -45.449001 47.226002 -34.051998
c<C>r<82>R<TYR> -45.959999 45.082001 -37.157001
c<C>r<83>R<PHE> -46.245998 41.304001 -36.682999
