c<A>r<16>R<ARG> -38.417999 27.325001 -20.378000
c<A>r<17>R<HIS> -39.227001 23.660999 -20.909000
c<A>r<18>R<PRO> -37.076000 20.534000 -21.452999
c<A>r<19>R<LEU> -36.820000 19.170000 -24.983999
c<A>r<20>R<TYR> -34.389999 16.684999 -26.504000
c<A>r<21>R<VAL> -34.098999 16.468000 -30.259001
c<A>r<22>R<ASP> -33.032001 13.261000 -31.915001
c<A>r<23>R<PHE> -31.691000 14.020000 -35.367001
c<A>r<24>R<SER> -33.036999 10.609000 -36.356998
c<A>r<25>R<ASP> -36.701000 11.422000 -35.672001
c<A>r<26>R<VAL> -36.411999 14.534000 -37.827000
c<A>r<27>R<GLY> -34.416000 12.606000 -40.398998
c<A>r<28>R<TRP> -31.377001 14.839000 -40.085999
c<A>r<29>R<ASN> -28.987000 12.001000 -39.234001
c<A>r<30>R<ASP> -28.431000 11.502000 -42.960999
c<A>r<31>R<TRP> -26.207001 14.587000 -43.069000
c<A>r<32>R<ILE> -25.308001 15.285000 -39.429001
c<A>r<33>R<VAL> -22.461000 12.968000 -38.419998
c<A>r<37>R<GLY> -29.091000 14.818000 -30.933001
c<A>r<38>R<TYR> -29.181999 17.511999 -28.247000
c<A>r<39>R<HIS> -31.091000 19.441000 -25.594000
c<A>r<40>R<ALA> -32.719002 22.245001 -27.587000
c<A>r<41>R<PHE> -35.377998 23.150000 -24.997000
c<A>r<42>R<TYR> -38.369999 25.320999 -25.906000
c<A>r<43>R<CYS> -40.661999 28.068001 -24.639000
c<A>r<44>R<HIS> -44.289001 27.895000 -23.629999
c<A>r<80>R<VAL> -40.533001 32.761002 -27.209999
c<A>r<81>R<PRO> -36.748001 32.247002 -26.915001
c<A>r<84>R<LEU> -30.024000 31.337999 -27.568001
c<A>r<91>R<TYR> -21.638000 17.112000 -40.713001
c<A>r<92>R<LEU> -21.292999 16.413000 -44.425999
c<A>r<93>R<ASP> -21.936001 19.237000 -46.848000
c<A>r<94>R<GLU> -23.004000 19.131001 -50.486000
c<A>r<95>R<ASN> -19.754999 17.431000 -51.599998
c<A>r<96>R<GLU> -19.627001 14.955000 -48.709999
c<A>r<97>R<LYS> -16.843000 16.912001 -47.032001
c<A>r<98>R<VAL> -16.723000 16.386000 -43.282001
c<A>r<104>R<GLN> -25.924000 29.593000 -33.936001
c<A>r<105>R<ASP> -29.349001 29.851999 -32.279999
c<A>r<106>R<MET> -29.854000 26.163000 -31.478001
c<A>r<107>R<VAL> -30.347000 26.069000 -27.724001
c<A>r<108>R<VAL> -32.872002 28.070999 -25.728001
c<C>r<11>R<CYS> -37.535000 15.275000 -48.834000
c<C>r<13>R<PHE> -39.513000 18.535000 -44.040001
c<C>r<14>R<PHE> -41.869999 18.912001 -41.025002
c<C>r<15>R<ASN> -41.063000 19.278000 -37.278999
c<C>r<16>R<ALA> -43.849998 19.746000 -34.755001
c<C>r<17>R<ASN> -41.139000 20.566000 -32.161999
c<C>r<18>R<TRP> -39.630001 23.344999 -34.341999
c<C>r<19>R<GLU> -39.727001 26.087999 -31.743000
c<C>r<20>R<ARG> -37.709000 24.219999 -29.093000
c<C>r<21>R<ASP> -35.481998 22.472000 -31.674999
c<C>r<22>R<ARG> -34.640999 25.691999 -33.549999
c<C>r<23>R<THR> -35.624001 24.408001 -37.005001
c<C>r<29>R<GLU> -34.751999 19.068001 -46.597000
c<C>r<30>R<PRO> -31.632999 18.370001 -48.728001
c<C>r<31>R<CYS> -30.253000 14.923000 -47.942001
c<C>r<32>R<TYR> -26.472000 14.660000 -47.506001
c<C>r<33>R<GLY> -24.480000 12.449000 -45.111000
c<C>r<38>R<ARG> -28.292000 5.186000 -49.599998
c<C>r<39>R<ARG> -30.459000 8.099000 -48.499001
c<C>r<40>R<HIS> -34.171001 7.851000 -47.721001
c<C>r<41>R<CYS> -37.129002 10.071000 -46.757000
c<C>r<42>R<PHE> -39.368000 9.285000 -43.792999
c<C>r<43>R<ALA> -42.465000 10.271000 -41.859001
c<C>r<44>R<THR> -43.507999 9.720000 -38.233002
c<C>r<55>R<VAL> -44.466000 14.287000 -35.583000
c<C>r<56>R<LYS> -41.629002 14.666000 -38.129002
c<C>r<57>R<GLN> -40.970001 14.414000 -41.894001
c<C>r<58>R<GLY> -37.500000 14.657000 -43.507999
c<C>r<59>R<CYS> -34.410999 12.796000 -44.695000
c<C>r<60>R<TRP> -33.331001 9.609000 -42.909000
c<C>r<61>R<LEU> -29.606001 9.022000 -43.201000
c<C>r<62>R<ASP> -28.788000 5.918000 -41.120998
c<C>r<63>R<ASP> -28.934999 2.536000 -42.868000
c<C>r<83>R<PHE> -43.141998 5.308000 -38.995998
c<C>r<85>R<CYS> -39.391998 5.338000 -44.997002
