c<A>r<17>R<HIS> -39.227001 23.660999 -20.909000
c<A>r<18>R<PRO> -37.076000 20.534000 -21.452999
c<A>r<19>R<LEU> -36.820000 19.170000 -24.983999
c<A>r<21>R<VAL> -34.098999 16.468000 -30.259001
c<A>r<22>R<ASP> -33.032001 13.261000 -31.915001
c<A>r<23>R<PHE> -31.691000 14.020000 -35.367001
c<A>r<24>R<SER> -33.036999 10.609000 -36.356998
c<A>r<25>R<ASP> -36.701000 11.422000 -35.672001
c<A>r<26>R<VAL> -36.411999 14.534000 -37.827000
c<A>r<27>R<GLY> -34.416000 12.606000 -40.398998
c<A>r<28>R<TRP> -31.377001 14.839000 -40.085999
c<A>r<29>R<ASN> -28.987000 12.001000 -39.234001
c<A>r<30>R<ASP> -28.431000 11.502000 -42.960999
c<A>r<31>R<TRP> -26.207001 14.587000 -43.069000
c<A>r<32>R<ILE> -25.308001 15.285000 -39.429001
c<A>r<40>R<ALA> -32.719002 22.245001 -27.587000
c<A>r<41>R<PHE> -35.377998 23.150000 -24.997000
c<A>r<42>R<TYR> -38.369999 25.320999 -25.906000
c<A>r<43>R<CYS> -40.661999 28.068001 -24.639000
c<A>r<44>R<HIS> -44.289001 27.895000 -23.629999
c<A>r<77>R<ALA> -48.077999 38.411999 -26.489000
c<A>r<78>R<CYS> -46.181999 35.230999 -27.367001
c<A>r<79>R<CYS> -43.699001 33.305000 -25.186001
c<A>r<80>R<VAL> -40.533001 32.761002 -27.209999
c<A>r<81>R<PRO> -36.748001 32.247002 -26.915001
c<A>r<82>R<THR> -35.050999 35.500999 -26.003000
c<A>r<83>R<GLU> -31.664000 33.957001 -25.334000
c<A>r<84>R<LEU> -30.024000 31.337999 -27.568001
c<A>r<91>R<TYR> -21.638000 17.112000 -40.713001
c<A>r<92>R<LEU> -21.292999 16.413000 -44.425999
c<A>r<93>R<ASP> -21.936001 19.237000 -46.848000
c<A>r<94>R<GLU> -23.004000 19.131001 -50.486000
c<A>r<95>R<ASN> -19.754999 17.431000 -51.599998
c<A>r<96>R<GLU> -19.627001 14.955000 -48.709999
c<A>r<105>R<ASP> -29.349001 29.851999 -32.279999
c<A>r<106>R<MET> -29.854000 26.163000 -31.478001
c<A>r<107>R<VAL> -30.347000 26.069000 -27.724001
c<A>r<108>R<VAL> -32.872002 28.070999 -25.728001
c<A>r<111>R<CYS> -37.693001 32.923000 -22.733999
c<A>r<112>R<GLY> -39.653000 36.144001 -22.895000
c<A>r<113>R<CYS> -42.773998 37.691002 -24.372000
c<A>r<114>R<ARG> -42.702000 39.213001 -27.840000
c<C>r<12>R<LEU> -43.924999 19.070000 -33.860001
c<C>r<13>R<PHE> -43.206001 22.843000 -34.023998
c<C>r<14>R<PHE> -39.976002 24.295000 -35.522999
c<C>r<16>R<ALA> -35.787998 28.702000 -38.162998
c<C>r<18>R<TRP> -38.071999 32.354000 -34.645000
c<C>r<19>R<GLU> -36.132999 35.417000 -33.570999
c<C>r<20>R<ARG> -37.622002 37.783001 -36.172001
c<C>r<21>R<ASP> -41.063999 36.103001 -36.084000
c<C>r<22>R<ARG> -41.327999 36.201000 -32.273998
c<C>r<23>R<THR> -42.116001 32.493999 -31.834999
c<C>r<24>R<ASN> -40.558998 29.566999 -30.024000
c<C>r<25>R<GLN> -37.640999 28.003000 -31.938000
c<C>r<26>R<THR> -39.130001 24.525999 -31.277000
c<C>r<27>R<GLY> -41.994999 22.875999 -29.327999
c<C>r<28>R<VAL> -45.407001 21.229000 -29.652000
c<C>r<29>R<GLU> -48.056000 23.223000 -31.611000
c<C>r<43>R<ALA> -42.748001 20.115000 -42.632999
c<C>r<47>R<ASN> -31.955000 19.493999 -49.111000
c<C>r<48>R<ILE> -28.665001 20.378000 -50.821999
c<C>r<49>R<SER> -26.666000 17.322001 -51.796001
c<C>r<50>R<GLY> -28.162001 15.327000 -48.883999
c<C>r<51>R<SER> -27.677999 18.083000 -46.250999
c<C>r<52>R<ILE> -31.052000 18.850000 -44.672001
c<C>r<53>R<GLU> -32.054001 22.205999 -43.173000
c<C>r<54>R<ILE> -35.518002 22.547001 -41.640999
c<C>r<92>R<ASN> -44.387001 15.466000 -38.959000
c<C>r<93>R<GLU> -41.424999 14.543000 -36.724998
c<C>r<94>R<LYS> -40.248001 12.189000 -39.473999
c<C>r<95>R<PHE> -40.328999 13.447000 -43.063999
c<C>r<96>R<SER> -39.148998 11.750000 -46.240002
