c<A>r<20>R<TYR> -34.389999 16.684999 -26.504000
c<A>r<21>R<VAL> -34.098999 16.468000 -30.259001
c<A>r<22>R<ASP> -33.032001 13.261000 -31.915001
c<A>r<34>R<ALA> -22.473000 14.113000 -34.785999
c<A>r<35>R<PRO> -23.820000 14.726000 -32.237999
c<A>r<36>R<PRO> -26.709999 12.243000 -32.375999
c<A>r<37>R<GLY> -29.091000 14.818000 -30.933001
c<A>r<38>R<TYR> -29.181999 17.511999 -28.247000
c<A>r<39>R<HIS> -31.091000 19.441000 -25.594000
c<A>r<40>R<ALA> -32.719002 22.245001 -27.587000
c<A>r<84>R<LEU> -30.024000 31.337999 -27.568001
c<A>r<85>R<SER> -26.645000 29.601999 -27.535999
c<A>r<86>R<ALA> -24.947001 27.445999 -30.173000
c<A>r<87>R<ILE> -23.757999 23.858000 -30.430000
c<A>r<88>R<SER> -20.957001 22.514000 -32.618000
c<A>r<89>R<MET> -21.740000 19.801001 -35.116001
c<A>r<90>R<LEU> -19.854000 17.469000 -37.395000
c<A>r<97>R<LYS> -16.843000 16.912001 -47.032001
c<A>r<98>R<VAL> -16.723000 16.386000 -43.282001
c<A>r<99>R<VAL> -17.216000 19.799000 -41.662998
c<A>r<100>R<LEU> -16.909000 21.056000 -38.096001
c<A>r<101>R<LYS> -19.166000 24.070999 -37.860001
c<A>r<102>R<ASN> -20.608000 26.062000 -35.007000
c<A>r<103>R<TYR> -24.351999 26.476000 -35.396000
c<A>r<104>R<GLN> -25.924000 29.593000 -33.936001
c<A>r<105>R<ASP> -29.349001 29.851999 -32.279999
c<A>r<106>R<MET> -29.854000 26.163000 -31.478001
c<A>r<107>R<VAL> -30.347000 26.069000 -27.724001
c<A>r<108>R<VAL> -32.872002 28.070999 -25.728001
c<A>r<109>R<GLU> -31.320999 29.671000 -22.648001
c<C>r<13>R<PHE> -9.034000 23.201000 -32.676998
c<C>r<14>R<PHE> -8.002000 21.615999 -36.026001
c<C>r<15>R<ASN> -9.819000 21.594000 -39.419998
c<C>r<16>R<ALA> -8.222000 19.951000 -42.438000
c<C>r<17>R<ASN> -10.977000 21.566000 -44.569000
c<C>r<18>R<TRP> -10.171000 25.091000 -43.276001
c<C>r<20>R<ARG> -13.195000 25.784000 -48.007000
c<C>r<21>R<ASP> -14.899000 26.091999 -44.589001
c<C>r<22>R<ARG> -13.453000 29.552999 -43.862999
c<C>r<23>R<THR> -12.016000 28.673000 -40.441002
c<C>r<31>R<CYS> -16.865000 26.077000 -26.013000
c<C>r<32>R<TYR> -20.226000 27.827999 -25.577000
c<C>r<33>R<GLY> -23.708000 26.622999 -26.584000
c<C>r<39>R<ARG> -19.614000 20.517000 -23.105000
c<C>r<44>R<THR> -11.847000 12.671000 -35.611000
c<C>r<55>R<VAL> -9.917000 15.335000 -39.851002
c<C>r<56>R<LYS> -11.161000 17.701000 -37.106998
c<C>r<57>R<GLN> -10.483000 18.615999 -33.449001
c<C>r<58>R<GLY> -12.636000 21.025999 -31.384001
c<C>r<59>R<CYS> -15.588000 21.427999 -29.031000
c<C>r<60>R<TRP> -18.555000 19.055000 -29.311001
c<C>r<61>R<LEU> -21.761999 20.659000 -28.106001
c<C>r<62>R<ASP> -24.580999 18.152000 -28.737000
c<C>r<63>R<ASP> -25.386999 15.670000 -25.962000
c<C>r<64>R<ILE> -23.069000 12.671000 -26.250000
c<C>r<65>R<ASN> -21.528999 9.782000 -24.323000
c<C>r<83>R<PHE> -13.889000 9.429000 -33.264999
