c<A>r<1>R<MET> 11.911000 -4.969000 -6.947000
c<A>r<2>R<ASP> 12.510000 -7.157000 -9.958000
c<A>r<3>R<PHE> 10.229000 -8.039000 -12.914000
c<A>r<5>R<ASP> 7.586000 -8.545000 -8.265000
c<A>r<6>R<ILE> 5.870000 -6.399000 -11.001000
c<A>r<7>R<TYR> 4.081000 -9.365000 -12.687000
c<A>r<8>R<ARG> 2.987000 -10.691000 -9.248000
c<A>r<9>R<PHE> 1.480000 -7.247000 -8.408000
c<A>r<10>R<PHE> -0.923000 -7.574000 -11.413000
c<A>r<19>R<SER> -10.084000 4.701000 4.752000
c<A>r<20>R<LYS> -11.870000 6.012000 7.870000
c<A>r<21>R<GLU> -14.784000 7.206000 5.607000
c<A>r<22>R<LEU> -15.186000 3.760000 3.923000
c<A>r<23>R<ALA> -14.865000 2.038000 7.331000
c<A>r<24>R<VAL> -17.851000 4.072000 8.705000
c<A>r<25>R<CYS> -20.045000 3.018000 5.736000
c<A>r<61>R<THR> -11.751000 5.705000 14.769000
c<A>r<62>R<ALA> -14.932000 4.831000 12.780000
c<A>r<65>R<PHE> -17.159000 8.637000 15.386000
c<A>r<69>R<GLU> -22.731001 10.881000 16.646999
c<A>r<98>R<ARG> -28.419001 8.300000 7.990000
c<A>r<101>R<ASP> -27.724001 6.191000 3.364000
c<A>r<102>R<LEU> -24.108999 5.582000 4.522000
c<A>r<105>R<LEU> -22.559999 4.183000 -0.159000
c<A>r<106>R<TRP> -20.632999 0.993000 0.826000
c<A>r<108>R<ARG> -22.488001 1.231000 -4.327000
c<A>r<109>R<TYR> -18.691999 1.298000 -3.816000
c<B>r<1>R<MET> -14.134000 13.609000 10.673000
c<B>r<2>R<ASP> -17.729000 14.766000 10.034000
c<B>r<3>R<PHE> -20.482000 13.427000 7.699000
c<B>r<5>R<ASP> -16.096001 14.484000 4.813000
c<B>r<6>R<ILE> -17.726999 11.032000 4.223000
c<B>r<7>R<TYR> -20.124001 12.248000 1.465000
c<B>r<8>R<ARG> -17.280001 14.242000 -0.192000
c<B>r<9>R<PHE> -15.096000 11.071000 -0.236000
c<B>r<10>R<PHE> -17.732000 9.262000 -2.400000
c<B>r<19>R<SER> 3.078000 1.965000 -6.498000
c<B>r<20>R<LYS> 6.643000 1.447000 -7.824000
c<B>r<21>R<GLU> 5.292000 -1.491000 -9.944000
c<B>r<22>R<LEU> 2.517000 0.653000 -11.534000
c<B>r<24>R<VAL> 7.303000 1.287000 -14.092000
c<B>r<25>R<CYS> 4.398000 0.208000 -16.341000
c<B>r<61>R<THR> 12.732000 4.645000 -8.126000
c<B>r<62>R<ALA> 10.966000 3.393000 -11.310000
c<B>r<65>R<PHE> 15.114000 0.468000 -12.049000
c<B>r<69>R<GLU> 17.747000 -2.974000 -16.407000
c<B>r<98>R<ARG> 9.307000 -6.709000 -21.882000
c<B>r<101>R<ASP> 4.436000 -6.342000 -22.048000
c<B>r<102>R<LEU> 4.827000 -4.033000 -18.999001
c<B>r<105>R<LEU> -0.145000 -4.142000 -17.952000
c<B>r<106>R<TRP> -0.749000 -0.369000 -17.482000
c<B>r<108>R<ARG> -5.203000 -3.251000 -18.694000
c<B>r<109>R<TYR> -5.109000 -1.648000 -15.217000
