c<A>r<169>R<LYS> 5.312000 -3.597000 -9.938000
c<A>r<171>R<ILE> 0.429000 0.612000 -10.963000
c<A>r<325>R<LEU> 15.158000 21.157000 10.754000
c<A>r<326>R<GLU> 13.438000 20.797001 13.451000
c<A>r<327>R<GLU> 11.240000 20.004000 16.186001
c<B>r<191>R<ILE> 5.472000 -3.831000 -0.129000
c<B>r<192>R<GLY> 2.667000 -1.630000 -1.627000
c<B>r<225>R<PRO> 17.318001 13.649000 19.865999
c<B>r<226>R<ASP> 19.395000 14.321000 16.683001
c<B>r<228>R<VAL> 14.946000 11.482000 16.105000
c<B>r<229>R<SER> 14.944000 14.809000 14.172000
c<B>r<230>R<LEU> 16.506001 12.906000 11.194000
c<B>r<268>R<LYS> 11.703000 14.471000 20.614000
c<B>r<269>R<ILE> 9.267000 11.928000 18.913000
c<B>r<270>R<LEU> 5.795000 13.137000 19.990000
c<B>r<271>R<GLN> 5.163000 16.730000 18.652000
c<B>r<272>R<LEU> 6.743000 15.244000 15.514000
