c<A>r<126>R<LEU> 14.103000 5.871000 -12.087000
c<A>r<127>R<PRO> 14.109000 9.546000 -10.877000
c<A>r<128>R<GLY> 17.441999 11.225000 -11.713000
c<A>r<170>R<PHE> -7.370000 9.072000 -25.350000
c<A>r<171>R<PRO> -4.750000 9.389000 -22.547001
c<A>r<172>R<PRO> -5.892000 10.687000 -19.111000
c<A>r<173>R<MET> -2.916000 13.100000 -19.320999
c<A>r<175>R<VAL> 3.282000 14.226000 -19.023001
c<A>r<197>R<PRO> -4.383000 17.733000 -20.525999
c<A>r<199>R<ILE> 1.255000 18.426001 -17.843000
c<A>r<200>R<ARG> 4.681000 20.155001 -18.028000
c<A>r<201>R<LYS> 7.098000 19.511000 -15.097000
c<A>r<202>R<THR> 10.804000 19.127001 -14.276000
c<A>r<203>R<VAL> 12.484000 15.940000 -15.568000
c<A>r<204>R<GLU> 12.669000 14.243000 -12.114000
c<A>r<205>R<VAL> 8.985000 14.990000 -11.287000
c<A>r<206>R<ALA> 7.976000 13.415000 -14.645000
c<A>r<207>R<GLU> 10.225000 10.337000 -13.999000
c<A>r<208>R<MET> 8.624000 9.981000 -10.503000
c<A>r<209>R<ILE> 5.004000 10.262000 -11.860000
c<A>r<210>R<LYS> 5.465000 7.093000 -14.028000
c<A>r<211>R<TYR> 6.662000 4.993000 -11.068000
c<A>r<212>R<THR> 3.915000 6.386000 -8.797000
c<A>r<213>R<CYS> 1.219000 5.417000 -11.393000
c<A>r<215>R<VAL> 3.164000 1.168000 -8.123000
c<A>r<216>R<TRP> -0.350000 2.562000 -7.386000
c<A>r<217>R<HIS> -1.863000 0.030000 -9.850000
c<A>r<219>R<ALA> -1.138000 -1.503000 -4.653000
c<A>r<220>R<LYS> -4.788000 -1.498000 -5.938000
c<A>r<222>R<THR> -2.799000 -6.280000 -3.961000
c<A>r<223>R<PHE> -5.398000 -4.506000 -1.777000
c<A>r<224>R<ALA> -8.347000 -6.031000 -3.698000
c<A>r<225>R<ASN> -6.750000 -9.528000 -3.530000
c<A>r<226>R<GLU> -5.965000 -9.384000 0.250000
c<A>r<227>R<ILE> -9.513000 -8.051000 0.954000
c<A>r<228>R<GLY> -11.009000 -10.709000 -1.366000
c<A>r<229>R<ASN> -8.995000 -13.414000 0.443000
c<A>r<230>R<ILE> -10.212000 -12.203000 3.889000
c<A>r<231>R<ALA> -13.804000 -11.899000 2.544000
c<A>r<232>R<LYS> -13.669000 -15.510000 1.167000
c<A>r<233>R<ALA> -12.323000 -16.757999 4.544000
c<A>r<234>R<VAL> -15.337000 -15.163000 6.392000
c<A>r<235>R<GLY> -17.813000 -16.686001 3.840000
c<A>r<236>R<VAL> -18.270000 -13.400000 1.849000
c<A>r<237>R<ASP> -17.740999 -12.982000 -1.926000
c<A>r<238>R<GLY> -14.845000 -10.473000 -2.100000
c<A>r<240>R<GLU> -19.483999 -8.234000 -4.134000
c<A>r<241>R<VAL> -17.677999 -6.200000 -1.434000
c<A>r<242>R<MET> -15.403000 -4.473000 -3.995000
c<A>r<243>R<ASP> -18.343000 -3.858000 -6.421000
c<A>r<244>R<VAL> -20.041000 -1.827000 -3.618000
c<A>r<245>R<ILE> -16.792000 -0.027000 -2.589000
c<A>r<246>R<CYS> -16.180000 0.988000 -6.251000
c<A>r<247>R<GLN> -19.635000 2.741000 -6.458000
c<A>r<248>R<ASP> -18.291000 5.582000 -4.233000
c<A>r<249>R<HIS> -16.952000 7.890000 -6.978000
c<A>r<250>R<LYS> -16.266001 10.601000 -4.270000
c<A>r<251>R<LEU> -13.813000 8.792000 -1.918000
c<A>r<252>R<ASN> -13.309000 5.402000 -3.780000
c<A>r<253>R<LEU> -12.898000 6.506000 -7.270000
c<A>r<254>R<SER> -12.282000 3.486000 -9.718000
c<A>r<255>R<ARG> -13.166000 -0.154000 -10.523000
c<A>r<256>R<TYR> -9.913000 -0.467000 -12.564000
c<A>r<257>R<TYR> -7.330000 -2.663000 -10.738000
c<A>r<276>R<LEU> 11.273000 1.911000 -6.812000
c<A>r<277>R<THR> 11.552000 -0.155000 -3.570000
c<A>r<279>R<ARG> 15.806000 2.889000 -4.912000
c<A>r<280>R<ALA> 14.019000 3.663000 -1.607000
c<A>r<281>R<SER> 16.306999 1.153000 0.240000
c<A>r<282>R<GLN> 19.423000 2.761000 -1.376000
c<A>r<283>R<LEU> 18.236000 6.148000 0.034000
c<A>r<284>R<ASP> 17.548000 4.730000 3.573000
c<A>r<285>R<VAL> 13.785000 5.386000 3.057000
c<A>r<286>R<GLU> 11.626000 2.843000 4.894000
c<A>r<287>R<HIS> 8.699000 1.660000 2.717000
c<A>r<288>R<PRO> 6.950000 -1.306000 4.498000
c<A>r<289>R<MET> 3.758000 -1.030000 2.364000
c<A>r<290>R<LEU> 5.427000 -0.674000 -1.060000
c<A>r<291>R<GLY> 8.011000 -3.346000 -0.018000
c<A>r<292>R<SER> 5.164000 -5.804000 0.818000
c<A>r<293>R<LEU> 3.542000 -5.603000 -2.678000
c<A>r<294>R<MET> 5.727000 -8.287000 -4.351000
c<A>r<295>R<ARG> 5.382000 -10.642000 -1.320000
c<A>r<296>R<SER> 1.576000 -10.215000 -1.384000
c<A>r<297>R<ASN> 1.616000 -10.840000 -5.169000
c<A>r<299>R<ASN> 1.352000 -15.208000 -1.909000
c<A>r<300>R<GLN> -1.567000 -14.851000 -4.398000
c<A>r<303>R<LYS> -2.883000 -19.481001 -2.951000
c<B>r<126>R<LEU> -16.079000 -7.459000 12.207000
c<B>r<127>R<PRO> -17.806999 -9.743000 9.600000
c<B>r<128>R<GLY> -19.988001 -12.354000 11.352000
c<B>r<171>R<PRO> -23.587999 10.142000 1.341000
c<B>r<172>R<PRO> -21.923000 8.481000 -1.687000
c<B>r<173>R<MET> -24.083000 5.410000 -0.799000
c<B>r<175>R<VAL> -25.476000 0.377000 2.839000
c<B>r<197>R<PRO> -28.009001 4.975000 -3.841000
c<B>r<199>R<ILE> -27.377001 -0.743000 -1.469000
c<B>r<200>R<ARG> -29.068001 -3.796000 0.134000
c<B>r<201>R<LYS> -26.827000 -6.822000 0.951000
c<B>r<202>R<THR> -26.441999 -9.654000 3.474000
c<B>r<203>R<VAL> -25.374001 -8.678000 7.020000
c<B>r<204>R<GLU> -21.788000 -10.017000 6.569000
c<B>r<205>R<VAL> -21.250000 -8.253000 3.194000
c<B>r<206>R<ALA> -22.381001 -4.969000 4.846000
c<B>r<207>R<GLU> -20.032000 -5.573000 7.861000
c<B>r<208>R<MET> -17.124001 -6.269000 5.407000
c<B>r<209>R<ILE> -17.806000 -3.089000 3.310000
c<B>r<210>R<LYS> -17.141001 -0.792000 6.346000
c<B>r<211>R<TYR> -13.755000 -2.386000 7.121000
c<B>r<212>R<THR> -12.822000 -2.395000 3.414000
c<B>r<213>R<CYS> -13.583000 1.387000 3.107000
c<B>r<215>R<VAL> -8.564000 0.058000 5.434000
c<B>r<216>R<TRP> -8.584000 1.459000 1.845000
c<B>r<217>R<HIS> -8.425000 5.034000 3.243000
c<B>r<219>R<ALA> -3.748000 2.304000 2.406000
c<B>r<220>R<LYS> -4.210000 5.566000 0.370000
c<B>r<222>R<THR> 0.244000 5.183000 3.591000
c<B>r<223>R<PHE> 0.852000 4.987000 -0.191000
c<B>r<224>R<ALA> 0.959000 8.794000 -0.586000
c<B>r<225>R<ASN> 3.324000 9.147000 2.436000
c<B>r<226>R<GLU> 5.765000 6.394000 1.260000
c<B>r<227>R<ILE> 5.795000 7.921000 -2.282000
c<B>r<228>R<GLY> 6.246000 11.406000 -0.740000
c<B>r<229>R<ASN> 9.191000 10.180000 1.386000
c<B>r<230>R<ILE> 10.840000 8.573000 -1.709000
c<B>r<231>R<ALA> 10.142000 11.731000 -3.791000
c<B>r<232>R<LYS> 11.772000 13.955000 -1.096000
c<B>r<233>R<ALA> 14.813000 11.622000 -0.925000
c<B>r<234>R<VAL> 15.333000 12.046000 -4.743000
c<B>r<235>R<GLY> 14.922000 15.882000 -4.470000
c<B>r<236>R<VAL> 11.247000 15.959000 -5.668000
c<B>r<237>R<ASP> 8.253000 17.521999 -3.840000
c<B>r<238>R<GLY> 5.956000 14.512000 -3.216000
c<B>r<240>R<GLU> 3.592000 17.882999 -6.873000
c<B>r<241>R<VAL> 3.813000 14.199000 -7.931000
c<B>r<242>R<MET> 0.545000 13.249000 -6.164000
c<B>r<243>R<ASP> -1.267000 16.400000 -7.470000
c<B>r<244>R<VAL> -0.502000 15.259000 -11.074000
c<B>r<245>R<ILE> -1.435000 11.606000 -10.329000
c<B>r<246>R<CYS> -4.794000 12.752000 -8.833000
c<B>r<247>R<GLN> -5.686000 14.501000 -12.181000
c<B>r<248>R<ASP> -6.245000 11.036000 -13.763000
c<B>r<249>R<HIS> -10.042000 11.101000 -13.691000
c<B>r<250>R<LYS> -10.213000 8.220000 -16.326000
c<B>r<251>R<LEU> -8.648000 5.695000 -13.911000
c<B>r<252>R<ASN> -10.641000 7.740000 -11.321000
c<B>r<253>R<LEU> -7.992000 8.830000 -8.782000
c<B>r<254>R<SER> -9.379000 10.538000 -5.654000
c<B>r<255>R<ARG> -7.390000 13.439000 -4.183000
c<B>r<256>R<TYR> -9.015000 12.480000 -0.828000
c<B>r<257>R<TYR> -6.494000 10.567000 1.384000
c<B>r<276>R<LEU> -9.180000 -6.664000 10.132000
c<B>r<277>R<THR> -5.488000 -7.796000 10.113000
c<B>r<279>R<ARG> -9.121000 -11.308000 11.927000
c<B>r<280>R<ALA> -7.115000 -12.257000 8.791000
c<B>r<281>R<SER> -4.386000 -13.781000 11.045000
c<B>r<283>R<LEU> -8.238000 -17.216000 9.595000
c<B>r<284>R<ASP> -4.660000 -18.118999 8.420000
c<B>r<285>R<VAL> -5.000000 -15.525000 5.587000
c<B>r<286>R<GLU> -1.688000 -13.888000 4.642000
c<B>r<287>R<HIS> -2.011000 -10.084000 4.339000
c<B>r<288>R<PRO> 1.538000 -8.552000 4.068000
c<B>r<289>R<MET> 0.235000 -5.264000 2.549000
c<B>r<290>R<LEU> -2.599000 -4.693000 5.062000
c<B>r<291>R<GLY> -0.294000 -5.884000 7.919000
c<B>r<292>R<SER> 2.342000 -3.253000 6.922000
c<B>r<293>R<LEU> -0.032000 -0.215000 7.141000
c<B>r<294>R<MET> 0.403000 0.412000 10.909000
c<B>r<295>R<ARG> 4.231000 0.079000 10.637000
c<B>r<296>R<SER> 4.295000 2.572000 7.728000
c<B>r<297>R<ASN> 2.023000 4.894000 9.762000
c<B>r<299>R<ASN> 7.361000 5.366000 10.534000
c<B>r<300>R<GLN> 5.722000 8.688000 9.490000
c<B>r<303>R<LYS> 10.150000 10.853000 10.473000
