c<A>r<37>R<GLY> 9.992000 -3.149000 1.051000
c<A>r<39>R<TYR> 7.012000 0.003000 -3.407000
c<A>r<40>R<ARG> 5.448000 -1.570000 -0.381000
c<A>r<41>R<ILE> 6.557000 1.147000 2.069000
c<A>r<42>R<SER> 4.850000 4.491000 1.560000
c<A>r<43>R<GLY> 6.755000 7.754000 1.537000
c<A>r<44>R<CYS> 5.646000 10.822000 3.420000
c<A>r<45>R<ASP> 2.364000 12.038000 1.855000
c<A>r<46>R<ARG> 3.444000 15.655000 2.159000
c<A>r<47>R<THR> 6.622000 15.019000 0.207000
c<A>r<68>R<ASP> 16.223000 11.613000 1.171000
c<A>r<69>R<ASP> 13.458000 9.051000 1.390000
c<A>r<71>R<HIS> 10.083000 5.495000 -0.806000
c<A>r<72>R<ALA> 8.691000 8.942000 -1.526000
c<A>r<75>R<SER> 5.014000 6.670000 -4.026000
c<A>r<78>R<LYS> 2.716000 5.067000 -8.278000
c<A>r<79>R<ASP> 0.717000 8.241000 -7.667000
c<A>r<82>R<ARG> -2.671000 5.613000 -10.608000
c<A>r<145>R<LYS> 12.300000 -8.566000 -0.285000
c<A>r<146>R<MET> 9.660000 -7.856000 -2.977000
c<A>r<147>R<ASP> 9.096000 -10.792000 -5.288000
c<A>r<149>R<ALA> 3.852000 -11.775000 -6.285000
c<A>r<150>R<ASN> 4.316000 -8.903000 -3.818000
c<A>r<151>R<LEU> 4.884000 -6.370000 -6.600000
c<A>r<153>R<LYS> -0.342000 -6.961000 -5.428000
c<A>r<154>R<VAL> 1.029000 -3.371000 -5.187000
c<A>r<155>R<PHE> 0.772000 -2.565000 -8.932000
c<A>r<156>R<GLY> -2.579000 -4.315000 -9.524000
c<A>r<157>R<PRO> -4.562000 -1.242000 -8.614000
c<A>r<158>R<THR> -1.830000 1.136000 -10.026000
c<A>r<159>R<ILE> -1.714000 0.026000 -13.695000
c<A>r<161>R<ALA> -7.311000 -0.530000 -12.122000
c<A>r<166>R<ASN> -16.143000 4.915000 -11.004000
c<A>r<169>R<PRO> -18.447001 -1.392000 -4.788000
c<A>r<170>R<VAL> -19.142000 -4.982000 -5.944000
c<A>r<172>R<MET> -14.446000 -2.857000 -7.466000
c<A>r<173>R<SER> -13.974000 -5.742000 -4.980000
c<A>r<176>R<ILE> -9.125000 -6.006000 -7.155000
c<A>r<177>R<LYS> -9.038000 -9.809000 -6.835000
c<B>r<10>R<GLY> -1.734000 2.657000 8.814000
c<B>r<11>R<ASP> 1.150000 2.732000 6.375000
c<B>r<12>R<GLY> 2.297000 -0.505000 4.750000
c<B>r<13>R<ALA> 4.885000 -2.531000 6.702000
c<B>r<14>R<VAL> 4.219000 -0.794000 10.071000
c<B>r<31>R<GLU> 6.415000 -13.982000 5.680000
c<B>r<32>R<TYR> 6.889000 -10.409000 4.407000
c<B>r<33>R<VAL> 3.820000 -9.904000 2.213000
c<B>r<34>R<PRO> 1.482000 -6.905000 1.666000
c<B>r<35>R<THR> -2.079000 -7.347000 2.803000
c<B>r<36>R<VAL> -5.061000 -6.495000 0.644000
c<B>r<59>R<ALA> -3.968000 -2.545000 2.979000
c<B>r<60>R<GLY> -1.546000 0.220000 3.935000
c<B>r<61>R<GLN> -0.483000 1.099000 0.375000
c<B>r<62>R<GLU> -1.968000 4.194000 -1.325000
c<B>r<63>R<ASP> -2.914000 1.974000 -4.255000
c<B>r<64>R<TYR> -5.847000 0.627000 -2.212000
c<B>r<65>R<ASP> -7.247000 4.057000 -1.159000
c<B>r<66>R<ARG> -10.526000 3.432000 -3.135000
c<B>r<67>R<LEU> -11.044000 -0.082000 -1.795000
c<B>r<68>R<ARG> -10.072000 0.403000 1.870000
c<B>r<70>R<LEU> -15.343000 -0.501000 2.009000
c<B>r<86>R<SER> 9.463000 4.968000 10.764000
c<B>r<87>R<PRO> 9.012000 8.733000 11.020000
c<B>r<88>R<SER> 7.244000 8.803000 7.642000
c<B>r<89>R<SER> 4.507000 6.445000 8.873000
c<B>r<90>R<PHE> 4.145000 8.709000 11.937000
c<B>r<91>R<GLU> 3.681000 11.814000 9.762000
c<B>r<92>R<ASN> 1.104000 9.985000 7.615000
c<B>r<93>R<VAL> -1.031000 9.518000 10.743000
c<B>r<94>R<LYS> -1.915000 13.225000 10.674000
c<B>r<95>R<GLU> -1.663000 13.724000 6.956000
c<B>r<96>R<LYS> -3.537000 10.695000 5.717000
c<B>r<131>R<LYS> 22.023001 7.876000 8.086000
c<B>r<132>R<ASN> 18.823000 9.597000 6.962000
c<B>r<133>R<LYS> 18.937000 12.212000 9.705000
