c<A>r<62>R<GLY> -20.944000 -12.309000 19.542000
c<A>r<63>R<GLU> -17.954000 -9.895000 19.521000
c<A>r<66>R<LYS> -14.999000 -13.757000 20.013000
c<A>r<89>R<ALA> -21.429001 -2.844000 13.731000
c<A>r<90>R<ASP> -17.614000 -2.591000 13.429000
c<A>r<91>R<GLY> -16.638000 0.356000 11.142000
c<A>r<92>R<GLY> -20.415001 1.125000 10.902000
c<A>r<152>R<ARG> -8.159000 12.725000 17.347000
c<A>r<156>R<GLY> -4.868000 9.681000 18.037001
c<A>r<157>R<SER> -5.679000 9.926000 14.350000
c<A>r<158>R<GLY> -7.517000 6.504000 14.367000
c<A>r<159>R<ALA> -10.347000 7.978000 16.556999
c<A>r<160>R<ILE> -12.779000 8.134000 13.550000
c<A>r<161>R<GLN> -12.017000 5.035000 11.458000
c<A>r<162>R<THR> -14.287000 5.107000 8.356000
c<A>r<163>R<ILE> -15.580000 7.659000 5.812000
c<A>r<164>R<LYS> -19.087999 6.365000 6.738000
c<B>r<41>R<THR> -17.389999 -16.259001 12.287000
c<B>r<42>R<GLU> -17.246000 -12.748000 10.676000
c<B>r<46>R<SER> -14.535000 -5.298000 6.968000
c<B>r<49>R<ILE> -17.556000 -3.106000 3.469000
c<B>r<50>R<ARG> -14.628000 -0.635000 3.119000
c<B>r<53>R<SER> -18.055000 2.296000 0.747000
c<B>r<54>R<LEU> -15.030000 3.789000 -1.091000
c<B>r<57>R<GLU> -18.007999 7.513000 -3.558000
c<B>r<122>R<ARG> -8.477000 11.254000 0.334000
c<B>r<150>R<ARG> -7.600000 3.291000 2.466000
c<B>r<151>R<ALA> -9.189000 6.610000 3.115000
c<B>r<152>R<PHE> -6.572000 9.083000 4.425000
c<B>r<153>R<GLY> -7.204000 12.248000 6.459000
c<B>r<154>R<VAL> -5.743000 10.091000 9.281000
c<B>r<155>R<PRO> -2.077000 8.934000 8.796000
c<B>r<156>R<VAL> -2.448000 5.361000 7.433000
c<B>r<157>R<ARG> -0.028000 3.040000 9.309000
