c<A>r<37>R<VAL> -5.437000 25.068001 -12.086000
c<A>r<38>R<ALA> -4.676000 25.728001 -8.386000
c<A>r<39>R<THR> -5.988000 24.264000 -5.092000
c<A>r<71>R<ARG> 2.370000 17.922001 6.131000
c<A>r<233>R<LYS> -19.372000 -0.665000 -11.352000
c<A>r<234>R<TYR> -18.528999 -4.316000 -10.506000
c<A>r<252>R<GLY> -19.545000 -0.777000 2.982000
c<A>r<253>R<GLN> -18.400999 -4.163000 4.395000
c<B>r<106>R<PRO> -9.908000 -5.915000 -0.413000
c<B>r<107>R<LYS> -12.527000 -4.694000 -2.914000
c<B>r<108>R<ILE> -11.371000 -2.833000 -6.009000
c<B>r<110>R<GLU> -13.291000 3.594000 -6.787000
c<B>r<112>R<ASP> -9.640000 0.744000 -10.101000
c<B>r<290>R<LYS> 0.730000 18.489000 -11.069000
c<B>r<294>R<ASN> 1.673000 18.485001 -4.891000
c<B>r<295>R<LYS> 3.168000 15.275000 -3.378000
