c<A>r<63>R<ILE> 26.566999 27.333000 -2.314000
c<A>r<64>R<PRO> 28.007999 30.801001 -1.639000
c<A>r<65>R<PRO> 27.440001 32.438999 1.759000
c<A>r<66>R<GLY> 25.223000 35.445999 2.316000
c<A>r<67>R<VAL> 21.836000 36.523998 1.026000
c<A>r<68>R<ASP> 20.611000 37.984001 -2.256000
c<A>r<69>R<LYS> 19.108999 41.459000 -2.643000
c<A>r<70>R<ASN> 15.799000 40.007000 -1.461000
c<A>r<71>R<GLY> 17.330999 38.771999 1.788000
c<A>r<72>R<LYS> 17.059999 35.084999 0.889000
c<A>r<73>R<PRO> 19.982000 32.624001 1.092000
c<A>r<74>R<GLU> 21.975000 32.310001 -2.126000
c<A>r<101>R<GLN> 35.152000 35.805000 -12.139000
c<A>r<103>R<GLU> 32.047001 40.882999 -14.290000
c<A>r<106>R<HIS> 27.322001 49.389000 -16.337000
c<A>r<107>R<PRO> 23.684000 49.161999 -17.551001
c<A>r<108>R<GLU> 22.874001 46.625999 -14.826000
c<A>r<109>R<SER> 22.065001 48.522999 -11.626000
c<A>r<110>R<GLY> 25.032000 50.638000 -10.573000
c<A>r<111>R<GLU> 28.412001 50.715000 -12.302000
c<A>r<112>R<THR> 30.469999 47.516998 -12.116000
c<A>r<113>R<VAL> 28.836000 44.180000 -11.353000
c<A>r<114>R<TYR> 30.610001 41.120998 -9.971000
c<A>r<115>R<GLY> 28.952999 37.707001 -9.964000
c<A>r<116>R<VAL> 28.184999 36.506001 -6.440000
c<A>r<117>R<CYS> 29.417000 32.917000 -6.446000
c<A>r<118>R<SER> 32.263000 33.362999 -8.931000
c<A>r<119>R<THR> 33.727001 36.344002 -7.062000
c<A>r<120>R<TYR> 33.397999 34.417999 -3.797000
c<A>r<121>R<LEU> 35.265999 31.482000 -5.340000
c<A>r<122>R<THR> 38.002998 33.352001 -7.213000
c<A>r<123>R<HIS> 38.897999 35.254002 -4.032000
c<A>r<124>R<ILE> 38.567001 32.353001 -1.596000
c<A>r<125>R<GLU> 41.535000 31.667999 0.688000
c<A>r<126>R<PRO> 43.129002 28.268999 1.350000
c<A>r<127>R<GLY> 41.799000 26.770000 4.575000
c<A>r<128>R<SER> 38.294998 28.164000 4.060000
c<A>r<129>R<GLU> 35.270000 25.865999 4.281000
c<C>r<9>R<ASN> 36.976002 36.903999 8.050000
c<C>r<10>R<GLU> 37.679001 33.997002 5.726000
c<C>r<11>R<ALA> 41.258999 34.854000 4.810000
c<C>r<12>R<GLU> 42.208000 35.022999 8.536000
c<C>r<13>R<GLY> 39.812000 32.293999 9.617000
c<C>r<51>R<GLY> 31.049000 42.421001 3.121000
c<C>r<52>R<LYS> 29.086000 39.535999 1.641000
c<C>r<53>R<LEU> 26.066000 37.969002 3.306000
c<C>r<54>R<VAL> 25.954000 34.330002 4.281000
c<C>r<55>R<SER> 22.511999 34.549000 5.893000
c<C>r<56>R<GLY> 20.027000 37.187000 7.055000
c<C>r<57>R<THR> 19.066999 40.605999 5.798000
c<C>r<58>R<VAL> 20.157000 44.221001 6.030000
c<C>r<59>R<ASP> 18.745001 47.626999 5.224000
c<C>r<64>R<SER> 25.141001 54.325001 -3.305000
c<C>r<65>R<PHE> 28.184999 52.407001 -4.691000
c<C>r<66>R<LEU> 26.868999 48.896000 -5.249000
c<C>r<67>R<ASP> 24.670000 48.166000 -8.237000
c<C>r<68>R<ASP> 21.570000 45.966999 -8.108000
c<C>r<69>R<ASP> 23.351999 42.901001 -9.354000
c<C>r<70>R<GLN> 25.989000 43.247002 -6.621000
c<C>r<71>R<ILE> 23.261000 43.662998 -4.015000
c<C>r<72>R<GLU> 21.422001 40.598999 -5.323000
c<C>r<73>R<ALA> 24.690001 38.645000 -5.054000
c<C>r<74>R<GLY> 24.823000 39.479000 -1.335000
c<C>r<75>R<TYR> 27.261000 42.365002 -1.153000
c<C>r<76>R<VAL> 26.815001 44.903000 1.664000
c<C>r<84>R<THR> 17.032000 43.598000 9.809000
c<C>r<85>R<SER> 17.465000 40.043999 11.103000
c<C>r<87>R<VAL> 23.041000 38.166000 10.156000
c<C>r<88>R<VAL> 26.086000 36.101002 9.219000
c<C>r<89>R<ILE> 28.393999 38.200001 7.036000
c<C>r<90>R<GLN> 31.841000 37.721001 5.501000
c<C>r<93>R<LYS> 35.293999 41.360001 0.656000
c<C>r<94>R<GLU> 36.167999 44.466000 -1.326000
c<C>r<95>R<GLU> 38.657001 42.542000 -3.464000
c<C>r<96>R<ASP> 35.564999 40.880001 -4.790000
c<C>r<97>R<LEU> 34.348999 44.127998 -6.619000
c<C>r<98>R<TYR> 37.613998 45.723000 -7.876000
