c<A>r<10>R<VAL> 27.889999 6.551000 -12.079000
c<A>r<58>R<GLN> 30.344000 15.923000 -14.255000
c<A>r<59>R<SER> 29.690001 19.121000 -12.302000
c<A>r<77>R<ARG> 25.756001 27.563999 -8.802000
c<A>r<78>R<LEU> 27.014000 24.638000 -10.879000
c<A>r<79>R<TYR> 30.638000 24.323999 -11.961000
c<A>r<80>R<SER> 32.132999 21.745001 -14.298000
c<A>r<136>R<VAL> 25.670000 16.065001 -11.168000
c<A>r<137>R<GLY> 25.347000 15.186000 -14.833000
c<A>r<138>R<LYS> 25.334999 12.259000 -17.250000
c<A>r<139>R<GLU> 25.364000 14.288000 -20.483000
c<A>r<140>R<MET> 29.128000 14.856000 -20.743999
c<A>r<141>R<LEU> 30.486000 11.404000 -19.881001
c<A>r<260>R<ILE> 30.805000 21.049999 -26.912001
c<A>r<261>R<CYS> 31.223000 23.318001 -23.903999
c<A>r<262>R<GLY> 31.191000 27.094000 -23.631001
c<A>r<263>R<PRO> 28.875000 30.049999 -24.459999
c<A>r<264>R<PRO> 25.434000 29.152000 -25.903000
c<A>r<265>R<PRO> 26.040001 31.108000 -29.150999
c<A>r<266>R<MET> 28.865999 28.726000 -30.104000
c<A>r<267>R<GLU> 26.503000 25.966999 -31.267000
c<A>r<268>R<GLU> 25.039000 27.839001 -34.255001
c<A>r<269>R<GLY> 28.344999 28.414000 -36.033001
c<A>r<270>R<ILE> 29.514999 24.868999 -35.396000
c<A>r<271>R<ASP> 26.332001 23.405001 -36.884998
c<A>r<272>R<ALA> 26.507000 25.667000 -39.938000
c<A>r<285>R<TRP> 23.601999 17.441000 -40.623001
c<A>r<286>R<SER> 20.615999 18.438000 -38.487999
c<A>r<287>R<ASP> 19.152000 14.964000 -39.028999
c<A>r<289>R<GLN> 23.065001 15.049000 -35.448002
c<A>r<290>R<LYS> 19.684999 14.060000 -34.013000
c<A>r<291>R<ASP> 20.721001 10.421000 -34.367001
c<A>r<292>R<LEU> 24.101000 11.098000 -32.758999
c<A>r<293>R<LYS> 22.374001 12.734000 -29.797001
c<A>r<294>R<LYS> 19.981001 9.793000 -29.503000
c<A>r<295>R<ALA> 22.990000 7.456000 -29.533001
c<A>r<296>R<GLY> 24.666000 9.516000 -26.820999
c<A>r<297>R<ARG> 27.563000 10.609000 -29.016001
c<A>r<298>R<TRP> 26.849001 14.344000 -29.282000
c<A>r<299>R<HIS> 27.447001 15.947000 -25.877001
c<A>r<300>R<VAL> 26.569000 19.584999 -25.207001
c<A>r<301>R<GLU> 26.917000 21.792000 -22.136000
c<A>r<302>R<THR> 26.587999 25.528000 -22.695000
c<A>r<303>R<TYR> 26.000000 28.336000 -20.208000
c<C>r<1>R<ALA> 22.455999 10.487000 -18.141001
c<C>r<2>R<THR> 18.948000 11.656000 -17.191000
c<C>r<3>R<PHE> 18.617001 15.278000 -16.198000
c<C>r<4>R<LYS> 16.153999 17.030001 -13.946000
c<C>r<21>R<PRO> 17.135000 11.759000 -21.084999
c<C>r<22>R<ASP> 20.364000 13.288000 -22.426001
c<C>r<23>R<ASP> 19.204000 12.084000 -25.893000
c<C>r<24>R<GLU> 15.624000 13.421000 -25.798000
c<C>r<25>R<TYR> 14.341000 16.898001 -26.517000
c<C>r<43>R<ALA> 11.854000 21.813999 -36.284000
c<C>r<53>R<LEU> 17.100000 29.549000 -19.146999
c<C>r<55>R<SER> 20.125000 27.789000 -14.813000
c<C>r<56>R<GLY> 21.871000 24.893000 -16.559999
c<C>r<57>R<THR> 22.767000 24.160000 -20.143999
c<C>r<58>R<VAL> 21.264999 22.704000 -23.296000
c<C>r<59>R<ASP> 22.465000 21.459000 -26.650999
c<C>r<60>R<GLN> 20.098000 23.086000 -29.186001
c<C>r<61>R<SER> 22.450001 22.799999 -32.157001
c<C>r<62>R<ASP> 19.533001 21.639000 -34.334000
c<C>r<63>R<GLN> 17.886999 25.091999 -33.943001
c<C>r<64>R<SER> 18.063000 27.660999 -36.683998
c<C>r<65>R<PHE> 15.769000 30.599001 -35.700001
c<C>r<66>R<LEU> 17.568001 32.216000 -32.780998
c<C>r<67>R<ASP> 20.591999 34.396000 -33.410999
c<C>r<68>R<ASP> 23.749001 34.314999 -31.292999
c<C>r<69>R<ASP> 22.743999 37.257999 -29.181999
c<C>r<70>R<GLN> 19.416000 35.595001 -28.337999
c<C>r<71>R<ILE> 21.226999 32.381001 -27.443001
c<C>r<72>R<GLU> 23.688000 34.278000 -25.243999
c<C>r<73>R<ALA> 20.714001 35.901001 -23.486000
c<C>r<74>R<GLY> 19.437000 32.431000 -22.552000
c<C>r<75>R<TYR> 16.746000 31.746000 -25.120001
c<C>r<76>R<VAL> 16.091999 28.113001 -26.094000
c<C>r<80>R<VAL> 15.095000 20.863001 -30.398001
c<C>r<81>R<ALA> 16.906000 21.267000 -27.062000
c<C>r<82>R<TYR> 18.643000 18.379999 -25.318001
c<C>r<83>R<PRO> 19.525000 19.021999 -21.643000
c<C>r<84>R<THR> 23.235001 18.836000 -20.931000
c<C>r<85>R<SER> 22.844999 19.438000 -17.191999
c<C>r<86>R<ASP> 19.976999 19.759001 -14.769000
