c<A>r<10>R<VAL> 27.889999 6.551000 -12.079000
c<A>r<58>R<GLN> 30.344000 15.923000 -14.255000
c<A>r<59>R<SER> 29.690001 19.121000 -12.302000
c<A>r<77>R<ARG> 25.756001 27.563999 -8.802000
c<A>r<78>R<LEU> 27.014000 24.638000 -10.879000
c<A>r<136>R<VAL> 25.670000 16.065001 -11.168000
c<A>r<137>R<GLY> 25.347000 15.186000 -14.833000
c<A>r<138>R<LYS> 25.334999 12.259000 -17.250000
c<A>r<139>R<GLU> 25.364000 14.288000 -20.483000
c<A>r<140>R<MET> 29.128000 14.856000 -20.743999
c<A>r<141>R<LEU> 30.486000 11.404000 -19.881001
c<A>r<260>R<ILE> 30.805000 21.049999 -26.912001
c<A>r<263>R<PRO> 28.875000 30.049999 -24.459999
c<A>r<264>R<PRO> 25.434000 29.152000 -25.903000
c<A>r<265>R<PRO> 26.040001 31.108000 -29.150999
c<A>r<266>R<MET> 28.865999 28.726000 -30.104000
c<A>r<267>R<GLU> 26.503000 25.966999 -31.267000
c<A>r<268>R<GLU> 25.039000 27.839001 -34.255001
c<A>r<269>R<GLY> 28.344999 28.414000 -36.033001
c<A>r<270>R<ILE> 29.514999 24.868999 -35.396000
c<A>r<271>R<ASP> 26.332001 23.405001 -36.884998
c<A>r<272>R<ALA> 26.507000 25.667000 -39.938000
c<A>r<285>R<TRP> 23.601999 17.441000 -40.623001
c<A>r<286>R<SER> 20.615999 18.438000 -38.487999
c<A>r<287>R<ASP> 19.152000 14.964000 -39.028999
c<A>r<288>R<TYR> 22.429001 13.060000 -38.632000
c<A>r<289>R<GLN> 23.065001 15.049000 -35.448002
c<A>r<290>R<LYS> 19.684999 14.060000 -34.013000
c<A>r<291>R<ASP> 20.721001 10.421000 -34.367001
c<A>r<292>R<LEU> 24.101000 11.098000 -32.758999
c<A>r<293>R<LYS> 22.374001 12.734000 -29.797001
c<A>r<294>R<LYS> 19.981001 9.793000 -29.503000
c<A>r<295>R<ALA> 22.990000 7.456000 -29.533001
c<A>r<296>R<GLY> 24.666000 9.516000 -26.820999
c<A>r<297>R<ARG> 27.563000 10.609000 -29.016001
c<A>r<298>R<TRP> 26.849001 14.344000 -29.282000
c<A>r<299>R<HIS> 27.447001 15.947000 -25.877001
c<A>r<300>R<VAL> 26.569000 19.584999 -25.207001
c<A>r<301>R<GLU> 26.917000 21.792000 -22.136000
c<A>r<302>R<THR> 26.587999 25.528000 -22.695000
c<A>r<303>R<TYR> 26.000000 28.336000 -20.208000
c<C>r<1>R<ALA> 21.698999 9.234000 -17.811001
c<C>r<2>R<THR> 18.191999 10.404000 -16.861000
c<C>r<3>R<PHE> 17.860001 14.026000 -15.867000
c<C>r<21>R<PRO> 16.378000 10.507000 -20.754000
c<C>r<22>R<ASP> 19.607000 12.036000 -22.096001
c<C>r<23>R<ASP> 18.447001 10.832000 -25.563000
c<C>r<24>R<GLU> 14.867000 12.169000 -25.466999
c<C>r<25>R<TYR> 13.584000 15.646000 -26.186001
c<C>r<53>R<LEU> 16.343000 28.297001 -18.816999
c<C>r<55>R<SER> 19.368999 26.537001 -14.483000
c<C>r<56>R<GLY> 21.115000 23.641001 -16.229000
c<C>r<57>R<THR> 22.010000 22.908001 -19.813000
c<C>r<58>R<VAL> 20.509001 21.452000 -22.965000
c<C>r<59>R<ASP> 21.708000 20.207001 -26.320999
c<C>r<60>R<GLN> 19.341000 21.833000 -28.856001
c<C>r<61>R<SER> 21.694000 21.548000 -31.827000
c<C>r<62>R<ASP> 18.775999 20.386999 -34.004002
c<C>r<63>R<GLN> 17.131001 23.839001 -33.612999
c<C>r<64>R<SER> 17.306000 26.409000 -36.354000
c<C>r<66>R<LEU> 16.811001 30.964001 -32.451000
c<C>r<67>R<ASP> 19.834999 33.144001 -33.081001
c<C>r<68>R<ASP> 22.992001 33.063000 -30.962999
c<C>r<69>R<ASP> 21.987000 36.005001 -28.851000
c<C>r<70>R<GLN> 18.660000 34.341999 -28.007999
c<C>r<71>R<ILE> 20.471001 31.129000 -27.112000
c<C>r<72>R<GLU> 22.931000 33.025002 -24.914000
c<C>r<73>R<ALA> 19.958000 34.647999 -23.156000
c<C>r<74>R<GLY> 18.681000 31.179001 -22.221001
c<C>r<75>R<TYR> 15.990000 30.493999 -24.790001
c<C>r<80>R<VAL> 14.338000 19.611000 -30.066999
c<C>r<82>R<TYR> 17.886000 17.127001 -24.987000
c<C>r<83>R<PRO> 18.768999 17.770000 -21.313000
c<C>r<84>R<THR> 22.478001 17.584000 -20.600000
c<C>r<85>R<SER> 22.087999 18.186001 -16.862000
c<C>r<86>R<ASP> 19.219999 18.507000 -14.438000
