c<A>r<38>R<GLY> 39.806999 38.615002 -16.938999
c<A>r<59>R<SER> 29.690001 19.121000 -12.302000
c<A>r<61>R<GLY> 27.358000 22.743000 -6.942000
c<A>r<69>R<LYS> 19.108999 41.459000 -2.643000
c<A>r<75>R<LYS> 21.261000 29.186001 -4.177000
c<A>r<76>R<LEU> 23.905001 26.853001 -5.567000
c<A>r<77>R<ARG> 25.756001 27.563999 -8.802000
c<A>r<78>R<LEU> 27.014000 24.638000 -10.879000
c<A>r<79>R<TYR> 30.638000 24.323999 -11.961000
c<A>r<99>R<VAL> 36.210999 29.427999 -12.229000
c<A>r<100>R<ARG> 35.964001 32.695000 -14.154000
c<A>r<101>R<GLN> 35.152000 35.805000 -12.139000
c<A>r<102>R<LEU> 31.959000 37.129002 -13.714000
c<A>r<103>R<GLU> 32.047001 40.882999 -14.290000
c<A>r<104>R<TYR> 30.181000 43.091999 -16.750000
c<A>r<105>R<LYS> 28.840000 46.388000 -18.110001
c<A>r<106>R<HIS> 27.322001 49.389000 -16.337000
c<A>r<107>R<PRO> 23.684000 49.161999 -17.551001
c<A>r<108>R<GLU> 22.874001 46.625999 -14.826000
c<A>r<109>R<SER> 22.065001 48.522999 -11.626000
c<A>r<110>R<GLY> 25.032000 50.638000 -10.573000
c<A>r<113>R<VAL> 28.836000 44.180000 -11.353000
c<A>r<114>R<TYR> 30.610001 41.120998 -9.971000
c<A>r<115>R<GLY> 28.952999 37.707001 -9.964000
c<A>r<116>R<VAL> 28.184999 36.506001 -6.440000
c<A>r<117>R<CYS> 29.417000 32.917000 -6.446000
c<A>r<118>R<SER> 32.263000 33.362999 -8.931000
c<A>r<136>R<VAL> 25.670000 16.065001 -11.168000
c<A>r<137>R<GLY> 25.347000 15.186000 -14.833000
c<A>r<139>R<GLU> 25.364000 14.288000 -20.483000
c<A>r<140>R<MET> 29.128000 14.856000 -20.743999
c<A>r<156>R<GLY> 36.709000 29.839001 -22.424000
c<A>r<157>R<THR> 35.916000 27.909000 -19.245001
c<A>r<158>R<GLY> 34.344002 25.334000 -21.559000
c<A>r<260>R<ILE> 30.805000 21.049999 -26.912001
c<A>r<261>R<CYS> 31.223000 23.318001 -23.903999
c<A>r<262>R<GLY> 31.191000 27.094000 -23.631001
c<A>r<263>R<PRO> 28.875000 30.049999 -24.459999
c<A>r<264>R<PRO> 25.434000 29.152000 -25.903000
c<A>r<265>R<PRO> 26.040001 31.108000 -29.150999
c<A>r<266>R<MET> 28.865999 28.726000 -30.104000
c<A>r<267>R<GLU> 26.503000 25.966999 -31.267000
c<A>r<268>R<GLU> 25.039000 27.839001 -34.255001
c<A>r<269>R<GLY> 28.344999 28.414000 -36.033001
c<A>r<286>R<SER> 20.615999 18.438000 -38.487999
c<A>r<287>R<ASP> 19.152000 14.964000 -39.028999
c<A>r<289>R<GLN> 23.065001 15.049000 -35.448002
c<A>r<290>R<LYS> 19.684999 14.060000 -34.013000
c<A>r<291>R<ASP> 20.721001 10.421000 -34.367001
c<A>r<292>R<LEU> 24.101000 11.098000 -32.758999
c<A>r<293>R<LYS> 22.374001 12.734000 -29.797001
c<A>r<294>R<LYS> 19.981001 9.793000 -29.503000
c<A>r<298>R<TRP> 26.849001 14.344000 -29.282000
c<A>r<299>R<HIS> 27.447001 15.947000 -25.877001
c<A>r<300>R<VAL> 26.569000 19.584999 -25.207001
c<A>r<301>R<GLU> 26.917000 21.792000 -22.136000
c<A>r<302>R<THR> 26.587999 25.528000 -22.695000
c<A>r<303>R<TYR> 26.000000 28.336000 -20.208000
c<C>r<1>R<ALA> 16.271999 14.936000 -29.872000
c<C>r<2>R<THR> 13.517000 16.261000 -27.586000
c<C>r<22>R<ASP> 16.339001 20.459999 -30.129999
c<C>r<23>R<ASP> 15.358000 22.857000 -32.978001
c<C>r<52>R<LYS> 18.764999 31.618000 -15.130000
c<C>r<53>R<LEU> 19.968000 28.042000 -15.461000
c<C>r<54>R<VAL> 19.886999 25.606001 -12.586000
c<C>r<55>R<SER> 21.172001 22.666000 -14.636000
c<C>r<56>R<GLY> 21.747999 21.712999 -18.275000
c<C>r<57>R<THR> 22.812000 23.627001 -21.341000
c<C>r<58>R<VAL> 21.367001 25.791000 -24.086000
c<C>r<59>R<ASP> 22.441000 27.138000 -27.445000
c<C>r<60>R<GLN> 21.466000 30.841000 -27.355000
c<C>r<61>R<SER> 23.914000 31.955000 -30.040001
c<C>r<62>R<ASP> 21.183001 34.119999 -31.607000
c<C>r<63>R<GLN> 21.160000 36.337002 -28.468000
c<C>r<64>R<SER> 22.879999 39.681999 -28.424999
c<C>r<66>R<LEU> 23.778000 39.418999 -22.479000
c<C>r<67>R<ASP> 27.507000 39.845001 -22.018999
c<C>r<68>R<ASP> 29.921000 36.963001 -21.445999
c<C>r<69>R<ASP> 29.961000 37.372002 -17.709000
c<C>r<70>R<GLN> 26.153000 37.186001 -17.586000
c<C>r<71>R<ILE> 26.215000 34.074001 -19.757000
c<C>r<72>R<GLU> 28.857000 32.470001 -17.535999
c<C>r<73>R<ALA> 26.639000 33.223000 -14.523000
c<C>r<74>R<GLY> 23.848000 31.181000 -16.129999
c<C>r<75>R<TYR> 21.589001 33.800999 -17.660000
c<C>r<76>R<VAL> 19.591999 32.840000 -20.768999
c<C>r<80>R<VAL> 16.268999 32.554001 -28.576000
c<C>r<81>R<ALA> 17.500999 29.565001 -26.546000
c<C>r<82>R<TYR> 17.499001 26.027000 -27.914000
c<C>r<83>R<PRO> 17.957001 23.285999 -25.273001
c<C>r<84>R<THR> 21.044001 21.172001 -25.816000
c<C>r<85>R<SER> 20.347000 18.871000 -22.865000
c<C>r<86>R<ASP> 17.547001 18.389999 -20.388000
c<C>r<95>R<GLU> 15.113000 41.914001 -12.419000
c<C>r<96>R<ASP> 18.452999 40.271999 -11.944000
c<C>r<97>R<LEU> 20.118999 42.346001 -14.824000
c<C>r<98>R<TYR> 18.457001 45.799000 -14.517000
