c<A>r<12>R<VAL> 25.348000 11.233000 -8.530000
c<A>r<13>R<ASN> 23.975000 13.516000 -5.825000
c<A>r<14>R<LEU> 25.964001 12.044000 -2.954000
c<A>r<15>R<TYR> 25.413000 15.449000 -1.330000
c<A>r<16>R<ARG> 22.455999 17.785999 -1.779000
c<A>r<17>R<PRO> 21.735001 21.476999 -0.944000
c<A>r<18>R<ASN> 19.914000 20.708000 2.313000
c<A>r<19>R<ALA> 22.999001 18.931000 3.683000
c<A>r<20>R<PRO> 26.063999 19.844999 1.598000
c<A>r<57>R<GLY> 32.473999 15.363000 -17.349001
c<A>r<58>R<GLN> 30.344000 15.923000 -14.255000
c<A>r<59>R<SER> 29.690001 19.121000 -12.302000
c<A>r<60>R<ILE> 29.340000 20.047001 -8.645000
c<A>r<61>R<GLY> 27.358000 22.743000 -6.942000
c<A>r<62>R<ILE> 28.815001 25.474001 -4.755000
c<A>r<74>R<GLU> 21.975000 32.310001 -2.126000
c<A>r<75>R<LYS> 21.261000 29.186001 -4.177000
c<A>r<76>R<LEU> 23.905001 26.853001 -5.567000
c<A>r<77>R<ARG> 25.756001 27.563999 -8.802000
c<A>r<78>R<LEU> 27.014000 24.638000 -10.879000
c<A>r<79>R<TYR> 30.638000 24.323999 -11.961000
c<A>r<80>R<SER> 32.132999 21.745001 -14.298000
c<A>r<133>R<THR> 26.851000 19.438999 -3.644000
c<A>r<134>R<GLY> 26.747000 16.743999 -6.306000
c<A>r<135>R<PRO> 28.180000 15.381000 -8.406000
c<A>r<136>R<VAL> 25.670000 16.065001 -11.168000
c<A>r<137>R<GLY> 25.347000 15.186000 -14.833000
c<A>r<138>R<LYS> 25.334999 12.259000 -17.250000
c<A>r<139>R<GLU> 25.364000 14.288000 -20.483000
c<A>r<140>R<MET> 29.128000 14.856000 -20.743999
c<A>r<141>R<LEU> 30.486000 11.404000 -19.881001
c<A>r<260>R<ILE> 30.805000 21.049999 -26.912001
c<A>r<261>R<CYS> 31.223000 23.318001 -23.903999
c<A>r<262>R<GLY> 31.191000 27.094000 -23.631001
c<A>r<264>R<PRO> 25.434000 29.152000 -25.903000
c<A>r<265>R<PRO> 26.040001 31.108000 -29.150999
c<A>r<267>R<GLU> 26.503000 25.966999 -31.267000
c<A>r<268>R<GLU> 25.039000 27.839001 -34.255001
c<A>r<286>R<SER> 20.615999 18.438000 -38.487999
c<A>r<287>R<ASP> 19.152000 14.964000 -39.028999
c<A>r<288>R<TYR> 22.429001 13.060000 -38.632000
c<A>r<289>R<GLN> 23.065001 15.049000 -35.448002
c<A>r<290>R<LYS> 19.684999 14.060000 -34.013000
c<A>r<291>R<ASP> 20.721001 10.421000 -34.367001
c<A>r<292>R<LEU> 24.101000 11.098000 -32.758999
c<A>r<293>R<LYS> 22.374001 12.734000 -29.797001
c<A>r<294>R<LYS> 19.981001 9.793000 -29.503000
c<A>r<295>R<ALA> 22.990000 7.456000 -29.533001
c<A>r<296>R<GLY> 24.666000 9.516000 -26.820999
c<A>r<297>R<ARG> 27.563000 10.609000 -29.016001
c<A>r<298>R<TRP> 26.849001 14.344000 -29.282000
c<A>r<299>R<HIS> 27.447001 15.947000 -25.877001
c<A>r<300>R<VAL> 26.569000 19.584999 -25.207001
c<A>r<301>R<GLU> 26.917000 21.792000 -22.136000
c<A>r<302>R<THR> 26.587999 25.528000 -22.695000
c<A>r<303>R<TYR> 26.000000 28.336000 -20.208000
c<C>r<1>R<ALA> 17.219000 22.787001 -1.483000
c<C>r<2>R<THR> 16.160999 25.069000 -4.355000
c<C>r<3>R<PHE> 18.150999 24.759001 -7.543000
c<C>r<4>R<LYS> 18.846001 27.236000 -10.298000
c<C>r<5>R<VAL> 17.625999 25.875000 -13.647000
c<C>r<6>R<THR> 18.596001 27.577999 -16.905001
c<C>r<7>R<LEU> 16.298000 26.812000 -19.863001
c<C>r<8>R<ILE> 17.907000 27.219999 -23.301001
c<C>r<9>R<ASN> 15.827000 27.156000 -26.480000
c<C>r<10>R<GLU> 18.489000 26.937000 -29.164000
c<C>r<11>R<ALA> 16.254999 27.273001 -32.210999
c<C>r<13>R<GLY> 17.958000 31.660000 -29.111000
c<C>r<14>R<THR> 16.275000 32.292999 -25.757000
c<C>r<15>R<LYS> 17.367001 31.737000 -22.149000
c<C>r<19>R<GLU> 14.330000 28.358000 -9.467000
c<C>r<22>R<ASP> 14.295000 19.771999 -5.081000
c<C>r<52>R<LYS> 18.966000 17.679001 -23.225000
c<C>r<53>R<LEU> 21.348000 18.488001 -20.393000
c<C>r<54>R<VAL> 24.231001 20.882000 -20.795000
c<C>r<55>R<SER> 25.327999 20.659000 -17.156000
c<C>r<56>R<GLY> 24.032000 19.358999 -13.822000
c<C>r<57>R<THR> 21.920000 16.408001 -12.810000
c<C>r<58>R<VAL> 18.295000 15.377000 -12.492000
c<C>r<59>R<ASP> 16.305000 12.604000 -10.880000
c<C>r<66>R<LEU> 13.812000 7.041000 -22.716999
c<C>r<67>R<ASP> 16.207001 4.121000 -22.905001
c<C>r<68>R<ASP> 19.527000 3.972000 -21.056999
c<C>r<69>R<ASP> 21.542999 5.116000 -24.016001
c<C>r<70>R<GLN> 19.320999 8.190000 -24.421000
c<C>r<71>R<ILE> 19.667000 8.952000 -20.719000
c<C>r<72>R<GLU> 23.448999 8.576000 -20.905001
c<C>r<73>R<ALA> 23.448000 11.011000 -23.844000
c<C>r<74>R<GLY> 21.790001 13.623000 -21.614000
c<C>r<75>R<TYR> 18.136999 13.433000 -22.577000
c<C>r<76>R<VAL> 15.543000 14.315000 -19.919001
c<C>r<83>R<PRO> 16.731001 18.862000 -10.319000
c<C>r<84>R<THR> 19.426001 17.382000 -8.118000
c<C>r<85>R<SER> 21.896999 20.209000 -8.739000
c<C>r<86>R<ASP> 21.844000 23.533001 -10.514000
c<C>r<87>R<VAL> 21.006001 22.586000 -14.130000
c<C>r<88>R<VAL> 21.493999 24.028000 -17.608999
c<C>r<89>R<ILE> 19.132999 22.277000 -20.028999
c<C>r<90>R<GLN> 18.236000 22.681999 -23.702999
c<C>r<93>R<LYS> 14.662000 18.584000 -28.070999
c<C>r<94>R<GLU> 12.099000 15.948000 -28.979000
c<C>r<95>R<GLU> 13.025000 16.150999 -32.661999
c<C>r<96>R<ASP> 16.239000 14.609000 -31.487000
c<C>r<97>R<LEU> 14.532000 11.180000 -30.649000
c<C>r<98>R<TYR> 11.910000 10.781000 -33.432999
