c<A>r<2>R<LEU> -17.892000 3.511000 20.240000
c<A>r<4>R<GLY> -19.885000 2.483000 13.811000
c<A>r<5>R<VAL> -18.857000 2.917000 10.139000
c<A>r<9>R<SER> -15.278000 -1.700000 -0.227000
c<A>r<10>R<LEU> -11.761000 -1.004000 1.136000
c<A>r<11>R<ALA> -10.027000 -2.187000 -2.101000
c<A>r<12>R<LEU> -10.569000 1.456000 -3.298000
c<A>r<13>R<HIS> -8.236000 4.014000 -1.683000
c<A>r<14>R<ALA> -10.704000 6.895000 -1.075000
c<A>r<15>R<PRO> -12.981000 4.693000 1.186000
c<A>r<16>R<SER> -9.902000 3.217000 2.973000
c<A>r<17>R<GLN> -8.140000 6.607000 3.591000
c<A>r<18>R<ILE> -11.469000 8.039000 4.976000
c<A>r<19>R<VAL> -11.963000 4.944000 7.225000
c<A>r<20>R<ALA> -8.337000 5.232000 8.483000
c<A>r<21>R<ALA> -8.758000 9.019000 9.154000
c<A>r<23>R<LYS> -10.292000 5.748000 13.183000
c<A>r<24>R<SER> -7.203000 7.966000 13.760000
c<A>r<27>R<ASP> -8.065000 7.224000 18.813000
c<A>r<32>R<SER> -13.241000 2.859000 19.608000
c<A>r<33>R<VAL> -14.295000 2.399000 15.944000
c<A>r<34>R<VAL> -15.852000 -0.672000 14.322000
c<A>r<35>R<VAL> -16.159000 -0.898000 10.517000
c<A>r<36>R<SER> -18.583000 -3.042000 8.454000
c<A>r<37>R<MET> -18.452000 -3.314000 4.650000
c<A>r<38>R<VAL> -21.084000 -3.124000 1.868000
c<A>r<39>R<GLU> -20.313000 -5.248000 -1.285000
c<A>r<40>R<ARG> -23.961000 -5.441000 -2.526000
c<A>r<48>R<ALA> -28.068001 -4.528000 6.917000
c<A>r<49>R<ALA> -24.648001 -3.003000 7.846000
c<A>r<52>R<ASN> -25.472000 -5.046000 12.466000
c<A>r<53>R<LEU> -23.684999 -1.914000 13.899000
c<A>r<55>R<ALA> -26.754999 -4.477000 17.479000
c<A>r<56>R<GLN> -23.163000 -3.666000 18.708000
c<A>r<57>R<ARG> -24.563000 -0.520000 20.528000
c<A>r<160>R<SER> -10.452000 0.552000 -10.598000
c<A>r<161>R<ALA> -7.223000 1.263000 -12.551000
c<A>r<162>R<MET> -8.090000 -1.841000 -14.661000
c<A>r<163>R<SER> -11.447000 -0.376000 -15.842000
c<A>r<164>R<GLY> -9.657000 3.010000 -16.268999
c<A>r<165>R<PHE> -7.175000 1.250000 -18.620001
c<A>r<187>R<GLN> -6.887000 4.975000 -9.961000
c<A>r<188>R<MET> -8.824000 5.273000 -13.272000
c<A>r<189>R<ALA> -6.415000 8.134000 -14.215000
c<A>r<190>R<LEU> -3.397000 5.754000 -13.711000
c<A>r<191>R<GLY> -5.230000 3.229000 -15.948000
c<A>r<192>R<ALA> -5.787000 5.996000 -18.533001
c<A>r<193>R<MET> -2.108000 7.170000 -18.348000
c<A>r<194>R<ARG> -1.048000 3.536000 -19.062000
c<A>r<195>R<ALA> -3.449000 3.127000 -22.046000
c<A>r<197>R<THR> 1.483000 5.309000 -23.021999
c<A>r<198>R<GLU> 1.024000 1.705000 -24.348000
c<A>r<215>R<THR> -4.523000 9.615000 -3.278000
c<A>r<216>R<GLU> -1.009000 9.250000 -1.770000
c<A>r<217>R<ASP> 0.260000 6.988000 -4.681000
c<A>r<218>R<SER> -0.798000 9.739000 -7.253000
c<A>r<219>R<SER> 2.364000 11.613000 -6.135000
c<A>r<220>R<CYS> 4.436000 8.727000 -7.643000
c<A>r<221>R<TYR> 2.482000 7.891000 -10.857000
c<A>r<222>R<ILE> 4.590000 8.289000 -14.050000
c<A>r<223>R<PRO> 4.584000 11.180000 -14.928000
c<A>r<224>R<PRO> 3.094000 12.538000 -11.586000
c<B>r<2>R<LEU> -20.181999 -12.940000 12.453000
c<B>r<4>R<GLY> -13.824000 -10.323000 13.433000
c<B>r<5>R<VAL> -10.664000 -8.894000 11.770000
c<B>r<9>R<SER> -3.768000 0.401000 8.712000
c<B>r<10>R<LEU> -6.270000 0.263000 5.798000
c<B>r<11>R<ALA> -4.387000 3.083000 3.968000
c<B>r<12>R<LEU> -1.980000 0.290000 2.785000
c<B>r<13>R<HIS> -3.536000 -1.330000 -0.334000
c<B>r<14>R<ALA> -2.358000 -4.912000 0.507000
c<B>r<15>R<PRO> -4.014000 -4.970000 4.035000
c<B>r<16>R<SER> -7.154000 -3.298000 2.547000
c<B>r<17>R<GLN> -7.411000 -5.788000 -0.400000
c<B>r<18>R<ILE> -6.864000 -8.733000 2.069000
c<B>r<19>R<VAL> -9.727000 -7.353000 4.264000
c<B>r<20>R<ALA> -11.876000 -7.020000 1.087000
c<B>r<21>R<ALA> -11.038000 -10.646000 0.048000
c<B>r<23>R<LYS> -15.362000 -9.815000 3.357000
c<B>r<24>R<SER> -16.121000 -11.074000 -0.175000
c<B>r<27>R<ASP> -20.507000 -12.732000 1.906000
c<B>r<32>R<SER> -20.795000 -10.563000 8.135000
c<B>r<33>R<VAL> -17.358999 -9.098000 9.005000
c<B>r<34>R<VAL> -16.452000 -6.462000 11.622000
c<B>r<35>R<VAL> -13.028000 -4.771000 11.309000
c<B>r<36>R<SER> -10.796000 -2.987000 13.876000
c<B>r<37>R<MET> -7.471000 -1.217000 13.125000
c<B>r<38>R<VAL> -4.043000 -1.319000 14.832000
c<B>r<39>R<GLU> -2.335000 2.087000 14.216000
c<B>r<40>R<ARG> -0.031000 1.814000 17.294001
c<B>r<48>R<ALA> -6.755000 -4.098000 22.281000
c<B>r<49>R<ALA> -8.218000 -4.718000 18.756001
c<B>r<52>R<ASN> -12.786000 -4.797000 21.039000
c<B>r<53>R<LEU> -13.856000 -7.656000 18.643999
c<B>r<55>R<ALA> -16.805000 -7.605000 23.068001
c<B>r<56>R<GLN> -18.841000 -7.772000 19.764000
c<B>r<57>R<ARG> -19.139999 -11.641000 20.167000
c<B>r<160>R<SER> 4.741000 3.972000 0.620000
c<B>r<161>R<ALA> 5.657000 5.020000 -2.942000
c<B>r<162>R<MET> 6.979000 8.280000 -1.350000
c<B>r<164>R<GLY> 10.464000 4.191000 -2.278000
c<B>r<165>R<PHE> 10.950000 7.330000 -4.435000
c<B>r<187>R<GLN> 4.068000 0.830000 -3.835000
c<B>r<188>R<MET> 7.805000 1.276000 -3.056000
c<B>r<189>R<ALA> 8.438000 -0.204000 -6.562000
c<B>r<190>R<LEU> 6.225000 2.559000 -8.150000
c<B>r<191>R<GLY> 8.329000 5.022000 -6.094000
c<B>r<192>R<ALA> 11.580000 3.459000 -7.404000
c<B>r<193>R<MET> 10.224000 3.388000 -11.031000
c<B>r<194>R<ARG> 9.457000 7.147000 -10.786000
c<B>r<195>R<ALA> 12.911000 7.856000 -9.261000
c<B>r<197>R<THR> 12.489000 7.885000 -14.646000
c<B>r<198>R<GLU> 13.094000 11.350000 -12.995000
c<B>r<215>R<THR> -1.780000 -5.455000 -5.842000
c<B>r<216>R<GLU> -4.573000 -4.674000 -8.346000
c<B>r<217>R<ASP> -3.164000 -1.245000 -9.526000
c<B>r<218>R<SER> 0.374000 -2.763000 -10.182000
c<B>r<219>R<SER> -1.170000 -4.108000 -13.427000
c<B>r<220>R<CYS> -1.616000 -0.408000 -14.435000
c<B>r<221>R<TYR> 1.802000 1.019000 -13.382000
c<B>r<222>R<ILE> 3.951000 2.537000 -16.191000
c<B>r<223>R<PRO> 5.559000 0.368000 -17.528999
c<B>r<224>R<PRO> 3.442000 -2.470000 -15.907000
