1764003856952 0.0 15
1764003856966 0.0 15
1764003872903 1.0 31
1764003872915 1.0 31
1764003888307 2.0 47
1764003888319 2.0 47
1764003903296 3.0 63
1764003903307 3.0 63
1764003919045 4.0 79
1764003919057 4.0 79
1764003934193 5.0 95
1764003934205 5.0 95
1764003950025 6.0 111
1764003950038 6.0 111
1764003966612 7.0 127
1764003966623 7.0 127
1764003985531 8.0 143
1764003985543 8.0 143
1764004000947 9.0 159
1764004000958 9.0 159
1764004016888 10.0 175
1764004016901 10.0 175
1764004033398 11.0 191
1764004033400 11.0 191
1764004049848 12.0 207
1764004049859 12.0 207
1764004066102 13.0 223
1764004066104 13.0 223
1764004082291 14.0 239
1764004082298 14.0 239
1764004097789 15.0 255
1764004097800 15.0 255
1764004113721 16.0 271
1764004113732 16.0 271
1764004129513 17.0 287
1764004129515 17.0 287
1764004145904 18.0 303
1764004145906 18.0 303
1764004162448 19.0 319
1764004162454 19.0 319
1764004178572 20.0 335
1764004178583 20.0 335
1764004194583 21.0 351
1764004194594 21.0 351
1764004210459 22.0 367
1764004210471 22.0 367
1764004226766 23.0 383
1764004226772 23.0 383
1764004242653 24.0 399
1764004242660 24.0 399
1764004259450 25.0 415
1764004259461 25.0 415
1764004275319 26.0 431
1764004275331 26.0 431
1764004291786 27.0 447
1764004291793 27.0 447
1764004308078 28.0 463
1764004308080 28.0 463
1764004324786 29.0 479
1764004324793 29.0 479
1764004341467 30.0 495
1764004341469 30.0 495
1764004358593 31.0 511
1764004358595 31.0 511
1764004374560 32.0 527
1764004374573 32.0 527
1764004392522 33.0 543
1764004392524 33.0 543
1764004414588 34.0 559
1764004414590 34.0 559
1764004435506 35.0 575
1764004435513 35.0 575
1764004452213 36.0 591
1764004452219 36.0 591
1764004468269 37.0 607
1764004468276 37.0 607
1764004484203 38.0 623
1764004484211 38.0 623
1764004500868 39.0 639
1764004500879 39.0 639
1764004516685 40.0 655
1764004516692 40.0 655
1764004532250 41.0 671
1764004532253 41.0 671
1764004548035 42.0 687
1764004548037 42.0 687
1764004564179 43.0 703
1764004564181 43.0 703
1764004580513 44.0 719
1764004580514 44.0 719
1764004595825 45.0 735
1764004595826 45.0 735
1764004611785 46.0 751
1764004611787 46.0 751
1764004627940 47.0 767
1764004627942 47.0 767
1764004643696 48.0 783
1764004643703 48.0 783
1764004659944 49.0 799
1764004659946 49.0 799
1764004675545 50.0 815
1764004675556 50.0 815
1764004691290 51.0 831
1764004691302 51.0 831
1764004707247 52.0 847
1764004707249 52.0 847
1764004722303 53.0 863
1764004722305 53.0 863
1764004738043 54.0 879
1764004738050 54.0 879
1764004752668 55.0 895
1764004752670 55.0 895
1764004767348 56.0 911
1764004767350 56.0 911
1764004782235 57.0 927
1764004782242 57.0 927
1764004800985 58.0 943
1764004800998 58.0 943
1764004822210 59.0 959
1764004822212 59.0 959
1764004846111 60.0 975
1764004846113 60.0 975
1764004865079 61.0 991
1764004865085 61.0 991
1764004880705 62.0 1007
1764004880707 62.0 1007
1764004897896 63.0 1023
1764004897898 63.0 1023
1764004914074 64.0 1039
1764004914076 64.0 1039
1764004930956 65.0 1055
1764004930958 65.0 1055
1764004947651 66.0 1071
1764004947653 66.0 1071
1764004964389 67.0 1087
1764004964396 67.0 1087
1764004980392 68.0 1103
1764004980399 68.0 1103
1764004996496 69.0 1119
1764004996498 69.0 1119
1764005015392 70.0 1135
1764005015399 70.0 1135
1764005030985 71.0 1151
1764005030987 71.0 1151
1764005048075 72.0 1167
1764005048076 72.0 1167
1764005065440 73.0 1183
1764005065442 73.0 1183
1764005082024 74.0 1199
1764005082025 74.0 1199
1764005099460 75.0 1215
1764005099462 75.0 1215
1764005115674 76.0 1231
1764005115676 76.0 1231
1764005129648 77.0 1247
1764005129649 77.0 1247
1764005144450 78.0 1263
1764005144452 78.0 1263
1764005159291 79.0 1279
1764005159292 79.0 1279
1764005174930 80.0 1295
1764005174932 80.0 1295
1764005191535 81.0 1311
1764005191536 81.0 1311
1764005209872 82.0 1327
1764005209874 82.0 1327
1764005227793 83.0 1343
1764005227795 83.0 1343
1764005243913 84.0 1359
1764005243914 84.0 1359
1764005259784 85.0 1375
1764005259786 85.0 1375
1764005275891 86.0 1391
1764005275893 86.0 1391
1764005292978 87.0 1407
1764005292980 87.0 1407
1764005310398 88.0 1423
1764005310400 88.0 1423
1764005327033 89.0 1439
1764005327045 89.0 1439
1764005344445 90.0 1455
1764005344447 90.0 1455
1764005362098 91.0 1471
1764005362100 91.0 1471
1764005378446 92.0 1487
1764005378447 92.0 1487
1764005394984 93.0 1503
1764005394986 93.0 1503
1764005411927 94.0 1519
1764005411938 94.0 1519
1764005427981 95.0 1535
1764005427988 95.0 1535
1764005443761 96.0 1551
1764005443768 96.0 1551
1764005458136 97.0 1567
1764005458142 97.0 1567
1764005473355 98.0 1583
1764005473357 98.0 1583
1764005489508 99.0 1599
1764005489510 99.0 1599
1764005505407 100.0 1615
1764005505413 100.0 1615
1764005522798 101.0 1631
1764005522800 101.0 1631
1764005540077 102.0 1647
1764005540079 102.0 1647
1764005556952 103.0 1663
1764005556954 103.0 1663
1764005574108 104.0 1679
1764005574110 104.0 1679
1764005591173 105.0 1695
1764005591175 105.0 1695
1764005608960 106.0 1711
1764005608962 106.0 1711
1764005625408 107.0 1727
1764005625409 107.0 1727
1764005642811 108.0 1743
1764005642813 108.0 1743
1764005659392 109.0 1759
1764005659394 109.0 1759
1764005677234 110.0 1775
1764005677236 110.0 1775
1764005695157 111.0 1791
1764005695159 111.0 1791
1764005713293 112.0 1807
1764005713295 112.0 1807
1764005729064 113.0 1823
1764005729066 113.0 1823
1764005745382 114.0 1839
1764005745384 114.0 1839
1764005761414 115.0 1855
1764005761416 115.0 1855
1764005777898 116.0 1871
1764005777900 116.0 1871
1764005794415 117.0 1887
1764005794417 117.0 1887
1764005812680 118.0 1903
1764005812682 118.0 1903
1764005828709 119.0 1919
1764005828711 119.0 1919
1764005846571 120.0 1935
1764005846573 120.0 1935
1764005864437 121.0 1951
1764005864442 121.0 1951
1764005881672 122.0 1967
1764005881674 122.0 1967
1764005902362 123.0 1983
1764005902363 123.0 1983
1764005919487 124.0 1999
1764005919489 124.0 1999
1764005935994 125.0 2015
1764005935996 125.0 2015
1764005951728 126.0 2031
1764005951730 126.0 2031
1764005968700 127.0 2047
1764005968702 127.0 2047
1764005985332 128.0 2063
1764005985334 128.0 2063
1764006001440 129.0 2079
1764006001441 129.0 2079
1764006018001 130.0 2095
1764006018003 130.0 2095
1764006034483 131.0 2111
1764006034485 131.0 2111
1764006051079 132.0 2127
1764006051081 132.0 2127
1764006068263 133.0 2143
1764006068265 133.0 2143
1764006084442 134.0 2159
1764006084444 134.0 2159
1764006100728 135.0 2175
1764006100730 135.0 2175
1764006117658 136.0 2191
1764006117660 136.0 2191
1764006133837 137.0 2207
1764006133839 137.0 2207
1764006149795 138.0 2223
1764006149797 138.0 2223
1764006166352 139.0 2239
1764006166353 139.0 2239
1764006181932 140.0 2255
1764006181934 140.0 2255
1764006198732 141.0 2271
1764006198734 141.0 2271
1764006215379 142.0 2287
1764006215381 142.0 2287
1764006231756 143.0 2303
1764006231758 143.0 2303
1764006247711 144.0 2319
1764006247713 144.0 2319
1764006250568 145.0 2320
