1762094369333 0.15117712318897247 34
1762094400651 0.141605943441391 69
1762094429646 0.14951355755329132 104
1762094459557 0.14413222670555115 139
1762094488667 0.14642149209976196 174
1762094517570 0.1432812213897705 209
1762094548030 0.13943210244178772 244
1762094576530 0.13480710983276367 279
1762094606299 0.125432088971138 314
1762094635272 0.0889878198504448 349
1762094671598 0.07949656248092651 384
1762094705183 0.07888788729906082 419
1762094736400 0.06896645575761795 454
1762094765818 0.07941003888845444 489
1762094797723 0.09679170697927475 524
1762094828823 0.06838280707597733 559
1762094860579 0.06294124573469162 594
1762094891447 0.0852811262011528 629
1762094921989 0.08083256334066391 664
1762094953824 0.06900274753570557 699
1762094986004 0.056337375193834305 734
1762095016267 0.06200919300317764 769
1762095047911 0.0595136396586895 804
1762095077658 0.06258941441774368 839
1762095108187 0.05780613049864769 874
1762095138527 0.05561209097504616 909
1762095176557 0.05658383294939995 944
1762095211840 0.046984001994132996 979
1762095246528 0.05661838874220848 1014
1762095279677 0.05730624869465828 1049
1762095316955 0.0622093491256237 1084
1762095350935 0.05990846827626228 1119
1762095381883 0.04914301261305809 1154
1762095412984 0.05419702082872391 1189
1762095443432 0.05462903529405594 1224
1762095474610 0.048838112503290176 1259
1762095505514 0.046880125999450684 1294
1762095535896 0.061339862644672394 1329
1762095564887 0.05558716878294945 1364
1762095596169 0.058985635638237 1399
1762095626595 0.06296411901712418 1434
1762095657457 0.047504451125860214 1469
1762095687401 0.05428323894739151 1504
1762095717732 0.0546928308904171 1539
1762095748029 0.05256274342536926 1574
1762095778704 0.054087232798337936 1609
1762095809471 0.0570516474545002 1644
1762095838708 0.05084134265780449 1679
1762095870097 0.05194883793592453 1714
1762095905867 0.06075679510831833 1749
1762095938445 0.05470721796154976 1784
1762095969036 0.058135736733675 1819
1762095999423 0.047128137201070786 1854
1762096036257 0.05443355441093445 1889
1762096069141 0.04826287180185318 1924
1762096099408 0.05108063668012619 1959
1762096129434 0.05044173076748848 1994
1762096159697 0.055964257568120956 2029
1762096195809 0.050474897027015686 2064
1762096229593 0.053704455494880676 2099
1762096260330 0.05316261947154999 2134
1762096297374 0.05473877117037773 2169
1762096332296 0.05204039439558983 2204
1762096366749 0.0461827851831913 2239
1762096400430 0.05099836364388466 2274
1762096432605 0.05626460537314415 2309
1762096464498 0.05395082011818886 2344
1762096496079 0.05236207693815231 2379
1762096526805 0.05355679616332054 2414
1762096557231 0.047054968774318695 2449
1762096586799 0.047641217708587646 2484
1762096616498 0.05179588869214058 2519
1762096646842 0.059692781418561935 2554
1762096677031 0.04644383117556572 2589
1762096707115 0.04713921621441841 2624
1762096742996 0.045239679515361786 2659
1762096777744 0.05450492352247238 2694
1762096811927 0.05078347399830818 2729
1762096842315 0.04740164801478386 2764
1762096871891 0.05739578604698181 2799
1762096903765 0.051536526530981064 2834
1762096935149 0.05217216536402702 2869
1762096965420 0.05121169611811638 2904
1762096996596 0.04235799238085747 2939
1762097027331 0.04877810925245285 2974
1762097057141 0.05140015482902527 3009
1762097088032 0.0473187118768692 3044
1762097119170 0.05134638771414757 3079
1762097149478 0.0485990084707737 3114
1762097179709 0.05467258393764496 3149
1762097209944 0.0490882582962513 3184
1762097242134 0.05507253110408783 3219
1762097272785 0.04943385347723961 3254
1762097302846 0.04814731329679489 3289
1762097332650 0.04801207408308983 3324
1762097362980 0.05327562987804413 3359
1762097393876 0.0555756613612175 3394
1762097425413 0.05125745013356209 3429
1762097456876 0.052345674484968185 3464
1762097487402 0.051705144345760345 3499
1762097518636 0.05130837485194206 3534
1762097549165 0.043926987797021866 3569
1762097580650 0.051412034779787064 3604
1762097611134 0.050648659467697144 3639
1762097643680 0.054448049515485764 3674
