c<A>r<1>R<VAL> -14.846000 3.913000 -17.256001
c<A>r<7>R<SER> -13.071000 10.685000 -9.907000
c<A>r<179>R<PRO> -19.763000 3.508000 -1.307000
c<A>r<180>R<ASP> -19.927999 7.344000 -1.008000
c<A>r<191>R<GLU> 1.641000 -11.313000 -13.694000
c<A>r<192>R<PHE> -0.373000 -14.537000 -13.147000
c<A>r<193>R<LEU> 0.018000 -14.863000 -9.323000
c<A>r<195>R<LEU> -3.890000 -11.185000 -10.845000
c<A>r<196>R<TYR> -5.068000 -14.414000 -9.174000
c<A>r<197>R<GLU> -4.617000 -12.798000 -5.706000
c<A>r<199>R<GLU> -9.368000 -11.437000 -8.185000
c<A>r<200>R<ARG> -9.615000 -13.316000 -4.821000
c<A>r<202>R<ILE> -12.031000 -8.295000 -5.079000
c<A>r<203>R<GLN> -14.378000 -11.295000 -4.493000
c<A>r<206>R<ILE> -17.650999 -7.706000 -2.602000
c<A>r<207>R<SER> -18.698999 -10.428000 -0.087000
c<A>r<209>R<ASP> -20.445999 -5.197000 0.658000
c<A>r<211>R<ASP> -16.973000 -0.693000 -2.656000
c<A>r<212>R<VAL> -14.108000 -1.705000 -4.967000
c<A>r<213>R<ASN> -14.037000 0.216000 -8.238000
c<A>r<238>R<LYS> -1.270000 -10.854000 -22.382999
c<A>r<239>R<TYR> -2.386000 -10.413000 -18.743999
c<A>r<242>R<GLN> -7.316000 -10.133000 -19.688000
c<A>r<243>R<ILE> -7.619000 -7.352000 -17.011000
c<A>r<246>R<LEU> -12.449000 -8.841000 -16.900999
c<A>r<247>R<TYR> -12.661000 -5.336000 -15.331000
c<A>r<248>R<GLU> -14.221000 -3.190000 -18.162001
c<A>r<249>R<ASP> -16.459999 -1.739000 -15.374000
c<A>r<250>R<PHE> -13.458000 -0.625000 -13.172000
c<D>r<3>R<GLU> -22.702000 10.656000 -11.355000
c<D>r<4>R<ALA> -24.341999 8.974000 -8.305000
c<D>r<7>R<ARG> -21.775000 4.792000 -9.792000
c<D>r<8>R<ARG> -24.851000 2.835000 -8.556000
c<D>r<10>R<LEU> -21.723000 0.180000 -12.211000
c<D>r<11>R<ARG> -21.854000 -1.241000 -8.619000
c<D>r<13>R<ARG> -23.187000 -4.555000 -12.679000
c<D>r<14>R<ARG> -20.093000 -5.541000 -10.589000
c<D>r<15>R<GLN> -22.202999 -7.303000 -7.894000
c<D>r<17>R<LYS> -20.843000 -10.096000 -12.437000
c<D>r<18>R<PHE> -19.339001 -11.510000 -9.175000
c<D>r<19>R<SER> -22.478001 -13.276000 -7.724000
c<D>r<23>R<ALA> -15.493000 -15.821000 -10.351000
c<D>r<24>R<SER> -14.491000 -19.487000 -11.031000
c<D>r<26>R<ARG> -12.691000 -16.000999 -14.743000
c<D>r<27>R<LEU> -10.073000 -17.603001 -12.477000
c<D>r<28>R<ASN> -10.028000 -20.417999 -15.119000
c<D>r<29>R<LYS> -9.520000 -17.785999 -17.915001
c<D>r<30>R<ILE> -6.615000 -16.202999 -15.908000
c<D>r<31>R<THR> -5.116000 -19.666000 -15.018000
c<D>r<32>R<GLY> -5.322000 -20.837999 -18.660000
