c<A>r<1>R<GLY> -4.569000 -2.378000 10.793000
c<A>r<2>R<GLU> -0.991000 -1.983000 10.552000
c<A>r<3>R<LEU> -0.992000 1.252000 8.523000
c<A>r<4>R<PRO> -1.750000 4.468000 10.413000
c<A>r<5>R<ILE> -4.699000 6.584000 9.013000
c<A>r<6>R<ALA> -2.809000 9.899000 9.438000
c<A>r<7>R<PRO> -0.280000 9.302000 6.666000
c<A>r<8>R<ILE> -3.130000 7.829000 4.451000
c<A>r<9>R<GLY> -5.039000 11.115000 4.782000
c<A>r<10>R<ARG> -1.923000 13.024000 3.700000
c<A>r<11>R<ILE> -1.624000 10.772000 0.561000
c<A>r<12>R<ILE> -5.279000 11.730000 -0.456000
c<A>r<13>R<LYS> -4.611000 15.497000 0.281000
c<A>r<14>R<ASN> -1.387000 15.398000 -1.696000
c<A>r<15>R<ALA> -3.333000 13.923000 -4.629000
c<A>r<16>R<GLY> -5.429000 17.120001 -4.690000
c<A>r<17>R<ALA> -8.392000 16.350000 -2.320000
c<A>r<18>R<GLU> -9.829000 19.511000 -0.653000
c<A>r<19>R<ARG> -11.576000 17.500999 2.106000
c<A>r<20>R<VAL> -11.164000 13.853000 3.058000
c<A>r<21>R<SER> -13.807000 11.938000 5.128000
c<A>r<22>R<ASP> -12.708000 9.644000 7.941000
c<A>r<23>R<ASP> -14.288000 6.705000 6.020000
c<A>r<24>R<ALA> -12.122000 7.657000 2.865000
c<A>r<25>R<ARG> -8.930000 7.494000 4.989000
c<A>r<26>R<ILE> -10.009000 4.129000 6.450000
c<A>r<27>R<ALA> -11.003000 2.778000 3.011000
c<A>r<28>R<LEU> -7.614000 3.719000 1.425000
c<A>r<29>R<ALA> -5.734000 2.248000 4.427000
c<A>r<31>R<VAL> -7.013000 -1.236000 0.378000
c<A>r<32>R<LEU> -3.277000 -0.544000 0.782000
c<A>r<33>R<GLU> -3.022000 -3.095000 3.660000
c<A>r<34>R<GLU> -4.618000 -5.786000 1.465000
c<A>r<35>R<MET> -2.278000 -4.911000 -1.446000
c<A>r<36>R<GLY> 0.724000 -4.846000 0.837000
c<A>r<37>R<GLU> -0.165000 -8.328000 2.283000
c<A>r<38>R<GLU> -0.524000 -9.787000 -1.275000
c<A>r<39>R<ILE> 2.758000 -8.281000 -2.484000
c<A>r<40>R<ALA> 4.507000 -9.387000 0.702000
c<A>r<41>R<SER> 3.070000 -12.985000 0.350000
c<A>r<42>R<GLU> 4.455000 -13.157000 -3.237000
c<A>r<43>R<ALA> 7.805000 -11.735000 -2.094000
c<A>r<44>R<VAL> 7.992000 -14.413000 0.621000
c<A>r<45>R<LYS> 7.335000 -17.208000 -1.987000
c<A>r<47>R<ALA> 12.576000 -15.685000 -1.274000
c<A>r<48>R<LYS> 11.665000 -19.312000 -0.284000
c<A>r<52>R<ARG> 16.629000 -17.295000 1.485000
c<A>r<53>R<LYS> 15.277000 -16.638000 4.919000
c<A>r<54>R<THR> 15.602000 -12.929000 4.501000
c<A>r<55>R<ILE> 13.234000 -11.006000 2.303000
c<A>r<56>R<LYS> 15.253000 -8.482000 0.177000
c<A>r<57>R<ALA> 14.159000 -5.335000 -1.826000
c<A>r<58>R<GLU> 14.555000 -7.410000 -5.102000
c<A>r<59>R<ASP> 11.862000 -9.842000 -3.771000
c<A>r<60>R<ILE> 9.505000 -6.919000 -3.220000
c<A>r<61>R<GLU> 10.254000 -5.318000 -6.640000
c<A>r<63>R<ALA> 6.491000 -9.293000 -6.408000
c<A>r<64>R<ARG> 5.196000 -5.755000 -7.380000
c<B>r<1>R<GLU> 5.968000 8.821000 4.257000
c<B>r<2>R<LEU> 4.395000 5.649000 5.413000
c<B>r<3>R<PRO> 6.190000 4.581000 8.492000
c<B>r<4>R<ILE> 8.534000 1.516000 7.850000
c<B>r<5>R<ALA> 7.675000 -0.178000 11.165000
c<B>r<6>R<PRO> 4.141000 -1.144000 10.118000
c<B>r<7>R<ILE> 5.505000 -2.195000 6.619000
c<B>r<8>R<GLY> 7.841000 -4.683000 8.321000
c<B>r<9>R<ARG> 4.876000 -6.122000 10.241000
c<B>r<10>R<ILE> 2.925000 -6.569000 6.970000
c<B>r<11>R<ILE> 5.921000 -8.616000 5.488000
c<B>r<12>R<LYS> 6.251000 -10.664000 8.746000
c<B>r<13>R<ASN> 2.511000 -11.352000 8.838000
c<B>r<14>R<ALA> 2.805000 -12.651000 5.275000
c<B>r<15>R<GLY> 5.169000 -15.374000 6.549000
c<B>r<16>R<ALA> 8.676000 -13.754000 6.217000
c<B>r<17>R<GLU> 11.193000 -15.113000 8.819000
c<B>r<18>R<ARG> 13.564000 -12.134000 8.372000
c<B>r<19>R<VAL> 12.997000 -8.816000 6.627000
c<B>r<20>R<SER> 15.866000 -6.542000 5.459000
c<B>r<21>R<ASP> 15.646000 -2.742000 5.945000
c<B>r<22>R<ASP> 15.753000 -2.354000 2.123000
c<B>r<23>R<ALA> 12.697000 -4.799000 1.820000
c<B>r<24>R<ARG> 10.721000 -2.600000 4.275000
c<B>r<25>R<ILE> 11.684000 0.561000 2.375000
c<B>r<26>R<ALA> 10.909000 -1.083000 -1.018000
c<B>r<27>R<LEU> 7.391000 -2.215000 0.113000
c<B>r<28>R<ALA> 6.726000 1.286000 1.645000
c<B>r<30>R<VAL> 5.468000 0.556000 -3.632000
c<B>r<31>R<LEU> 2.467000 1.170000 -1.332000
c<B>r<32>R<GLU> 3.024000 5.004000 -1.392000
c<B>r<33>R<GLU> 3.006000 4.945000 -5.217000
c<B>r<34>R<MET> -0.131000 2.766000 -5.294000
c<B>r<35>R<GLY> -1.826000 4.926000 -2.685000
c<B>r<36>R<GLU> -1.077000 8.146000 -4.678000
c<B>r<37>R<GLU> -2.528000 6.520000 -7.884000
c<B>r<38>R<ILE> -5.710000 5.386000 -6.140000
c<B>r<39>R<ALA> -6.076000 8.736000 -4.372000
c<B>r<40>R<SER> -5.613000 10.677000 -7.688000
c<B>r<41>R<GLU> -8.393000 8.548000 -9.336000
c<B>r<42>R<ALA> -10.618000 9.009000 -6.284000
c<B>r<43>R<VAL> -10.154000 12.811000 -6.445000
c<B>r<44>R<LYS> -11.170000 12.780000 -10.209000
c<B>r<46>R<ALA> -15.251000 13.221000 -6.569000
c<B>r<47>R<LYS> -14.710000 16.264000 -8.865000
c<B>r<51>R<ARG> -18.055000 16.872999 -4.371000
c<B>r<52>R<LYS> -15.322000 18.594000 -2.439000
c<B>r<53>R<THR> -15.097000 15.771000 0.029000
c<B>r<54>R<ILE> -13.519000 12.475000 -0.943000
c<B>r<55>R<LYS> -15.715000 9.593000 0.383000
c<B>r<56>R<ALA> -14.977000 5.827000 0.902000
c<B>r<57>R<GLU> -17.063000 5.054000 -2.298000
c<B>r<58>R<ASP> -14.587000 7.233000 -4.306000
c<B>r<59>R<ILE> -11.699000 5.124000 -2.951000
c<B>r<60>R<GLU> -13.487000 1.759000 -3.602000
c<B>r<62>R<ALA> -10.798000 4.155000 -7.761000
c<B>r<63>R<ARG> -9.245000 0.777000 -6.664000
