c<A>r<7>R<CYS> -7.524000 1.589000 -15.285000
c<A>r<8>R<ALA> -9.507000 0.593000 -12.132000
c<A>r<9>R<ILE> -6.224000 0.783000 -10.082000
c<A>r<10>R<CYS> -5.100000 4.333000 -11.055000
c<A>r<11>R<LEU> -8.540000 5.752000 -12.070000
c<A>r<12>R<GLN> -6.868000 7.196000 -15.211000
c<A>r<30>R<CYS> -0.477000 -1.091000 -12.121000
c<A>r<31>R<VAL> -0.697000 -4.898000 -12.697000
c<A>r<33>R<GLY> 2.385000 -3.235000 -8.602000
c<A>r<34>R<ALA> -0.687000 -5.389000 -7.753000
c<A>r<36>R<TRP> 3.699000 -7.769000 -5.631000
c<A>r<37>R<LEU> 0.844000 -7.303000 -3.078000
c<A>r<38>R<GLY> -0.986000 -10.629000 -3.574000
c<A>r<40>R<ARG> -4.448000 -11.394000 -7.742000
c<A>r<41>R<CYS> -6.604000 -9.392000 -10.154000
c<A>r<42>R<ALA> -7.558000 -6.117000 -8.417000
c<A>r<43>R<LEU> -11.220000 -6.505000 -9.614000
c<A>r<44>R<CYS> -12.228000 -10.232000 -9.525000
c<A>r<45>R<ARG> -9.365000 -11.603000 -7.294000
c<A>r<90>R<ARG> 3.415000 9.512000 -17.125999
c<A>r<91>R<THR> 6.687000 9.053000 -15.211000
c<A>r<94>R<GLU> 6.744000 13.912000 -14.029000
c<A>r<106>R<THR> 11.391000 14.381000 -7.302000
c<A>r<107>R<GLU> 9.464000 11.336000 -6.046000
c<A>r<108>R<MET> 7.660000 8.923000 -8.414000
c<A>r<109>R<LEU> 5.341000 5.913000 -7.887000
c<A>r<110>R<ILE> 6.549000 3.062000 -10.160000
c<A>r<111>R<ALA> 4.811000 -0.343000 -9.994000
c<A>r<112>R<GLY> 3.539000 0.325000 -6.418000
c<A>r<113>R<PHE> 6.949000 1.485000 -5.060000
c<A>r<114>R<LEU> 8.077000 5.020000 -4.205000
c<B>r<1>R<HIS> 2.438000 12.676000 -4.757000
c<B>r<2>R<ALA> 1.644000 12.708000 -8.494000
c<B>r<3>R<MET> -0.100000 9.299000 -9.054000
c<B>r<4>R<ALA> -1.521000 8.921000 -5.488000
c<B>r<6>R<LYS> -4.426000 12.171000 -8.916000
c<B>r<7>R<ARG> -6.053000 8.908000 -7.667000
c<B>r<8>R<ILE> -7.303000 10.681000 -4.460000
c<B>r<9>R<GLN> -8.589000 13.728000 -6.461000
c<B>r<10>R<LYS> -10.429000 11.364000 -8.844000
c<B>r<11>R<GLU> -12.031000 9.532000 -5.874000
c<B>r<60>R<THR> 2.045000 7.974000 -0.041000
c<B>r<61>R<ASP> 1.921000 4.705000 -2.093000
c<B>r<62>R<TYR> -1.926000 4.773000 -2.290000
c<B>r<63>R<PRO> -3.693000 2.739000 -3.721000
c<B>r<64>R<PHE> -1.072000 -0.058000 -3.354000
c<B>r<65>R<LYS> -1.527000 0.235000 0.440000
c<B>r<93>R<SER> -4.998000 -8.736000 4.172000
c<B>r<94>R<GLN> -7.878000 -8.442000 1.634000
c<B>r<95>R<TRP> -7.002000 -4.886000 0.451000
c<B>r<96>R<SER> -7.222000 -4.411000 -3.333000
c<B>r<97>R<PRO> -5.802000 -1.366000 -5.169000
c<B>r<98>R<ALA> -9.217000 -1.212000 -7.009000
c<B>r<99>R<LEU> -11.074000 -0.532000 -3.700000
c<B>r<100>R<THR> -12.172000 3.107000 -3.145000
