c<A>r<4>R<LYS> 32.897999 10.209000 -54.485001
c<A>r<7>R<LYS> 24.011000 9.167000 -50.897999
c<A>r<8>R<PRO> 21.503000 9.873000 -48.078999
c<A>r<9>R<ILE> 22.007999 8.145000 -44.702000
c<A>r<10>R<GLU> 18.365999 7.039000 -44.466999
c<A>r<27>R<LYS> 35.972000 19.106001 -48.127998
c<A>r<28>R<GLY> 33.445000 19.813999 -45.312000
c<A>r<150>R<LYS> -48.615002 -12.343000 47.470001
c<A>r<151>R<HIS> -50.136002 -11.449000 44.056000
c<A>r<154>R<LEU> -45.443001 -10.726000 42.169998
c<A>r<155>R<GLU> -46.984001 -7.903000 40.057999
c<A>r<157>R<GLU> -41.688999 -7.807000 41.014999
c<A>r<158>R<ASN> -42.763000 -8.035000 37.342999
c<A>r<161>R<VAL> -37.938000 -7.044000 36.348999
c<A>r<162>R<GLU> -39.313000 -5.281000 33.212002
c<A>r<163>R<ALA> -37.542999 -1.978000 34.101002
c<A>r<164>R<ALA> -34.249001 -3.777000 35.002998
c<A>r<165>R<ASN> -34.373001 -5.896000 31.802999
c<A>r<166>R<GLU> -34.993000 -2.809000 29.594999
c<A>r<167>R<LEU> -32.070000 -1.052000 31.322001
c<A>r<168>R<ARG> -29.847000 -4.095000 30.500000
c<A>r<169>R<VAL> -31.007999 -4.128000 26.827000
c<A>r<170>R<TYR> -30.245001 -0.373000 26.483999
c<A>r<171>R<LYS> -26.804001 -0.823000 28.167000
c<A>r<172>R<SER> -25.917999 -3.570000 25.618000
c<A>r<173>R<GLN> -27.288000 -1.344000 22.796000
c<A>r<174>R<LEU> -24.938000 1.426000 24.073999
c<A>r<175>R<GLU> -21.941000 -0.941000 23.663000
c<A>r<176>R<GLN> -23.226000 -1.857000 20.160999
c<A>r<177>R<ILE> -23.719999 1.802000 19.020000
c<A>r<178>R<GLU> -20.246000 2.791000 20.370001
c<A>r<179>R<SER> -18.662001 0.005000 18.225000
c<A>r<180>R<GLU> -20.731001 1.258000 15.228000
c<A>r<181>R<ILE> -19.511999 4.861000 15.913000
c<A>r<182>R<LEU> -15.868000 3.644000 15.919000
c<A>r<183>R<SER> -16.532000 1.750000 12.628000
c<A>r<184>R<ALA> -18.223000 4.850000 11.096000
c<A>r<185>R<LYS> -15.278000 7.121000 12.168000
c<A>r<186>R<GLU> -12.762000 4.783000 10.518000
c<A>r<187>R<GLU> -14.990000 4.548000 7.367000
c<A>r<189>R<GLN> -11.134000 8.491000 7.501000
c<A>r<190>R<LEU> -10.551000 5.604000 5.017000
c<A>r<193>R<GLN> -6.711000 7.777000 2.807000
c<A>r<194>R<LEU> -7.693000 5.644000 -0.243000
c<A>r<196>R<LYS> -4.538000 10.077000 -1.116000
c<A>r<197>R<ASN> -2.938000 6.662000 -1.842000
c<A>r<198>R<GLU> -4.439000 6.629000 -5.396000
c<A>r<199>R<ILE> -3.250000 10.237000 -6.073000
c<A>r<200>R<LEU> 0.330000 9.370000 -4.912000
c<A>r<201>R<ASP> 0.430000 6.154000 -7.036000
c<A>r<203>R<LEU> 1.605000 11.026000 -9.492000
c<A>r<204>R<ARG> 4.469000 8.467000 -9.492000
c<A>r<205>R<GLN> 3.120000 6.804000 -12.731000
c<A>r<207>R<THR> 6.563000 11.016000 -13.351000
c<A>r<208>R<ASP> 7.868000 7.642000 -14.583000
c<A>r<209>R<ASN> 6.065000 8.234000 -17.933001
c<A>r<211>R<GLU> 11.024000 10.442000 -17.801001
c<A>r<212>R<LEU> 10.545000 7.765000 -20.527000
c<A>r<213>R<LEU> 8.779000 10.243000 -22.900999
c<A>r<214>R<THR> 11.610000 12.800000 -22.371000
c<A>r<215>R<LEU> 14.221000 10.216000 -23.504000
c<A>r<216>R<GLU> 11.937000 9.301000 -26.466000
c<A>r<217>R<LEU> 11.676000 13.046000 -27.309000
c<A>r<218>R<GLU> 15.508000 13.435000 -27.225000
c<A>r<219>R<LYS> 15.735000 10.438000 -29.650999
c<A>r<220>R<ASN> 13.085000 11.916000 -31.993000
c<A>r<221>R<GLU> 14.764000 15.377000 -31.886999
c<A>r<222>R<GLU> 18.174000 13.731000 -32.699001
c<A>r<223>R<ARG> 16.534000 11.972000 -35.719002
c<A>r<227>R<SER> 21.139000 15.459000 -41.828999
c<A>r<228>R<VAL> 23.789000 17.846001 -43.183998
c<A>r<229>R<ILE> 25.410999 16.156000 -46.187000
c<A>r<230>R<ARG> 28.983999 17.535999 -46.464001
c<A>r<231>R<ALA> 31.535000 17.239000 -49.283001
c<A>r<232>R<PRO> 33.800999 14.204000 -48.430000
c<A>r<233>R<VAL> 36.508999 15.626000 -50.789001
c<A>r<251>R<THR> 19.705999 5.317000 -49.555000
c<B>r<11>R<ASN> 23.625999 2.325000 -40.162998
c<B>r<12>R<SER> 25.872000 4.635000 -38.099998
c<B>r<13>R<ILE> 27.583000 8.033000 -37.916000
c<B>r<37>R<LEU> 21.195000 7.153000 -34.216999
c<B>r<38>R<GLY> 19.173000 6.893000 -30.951000
c<B>r<39>R<ALA> 21.386999 4.093000 -29.469000
c<B>r<40>R<GLU> 22.334999 6.294000 -26.452999
c<B>r<41>R<ALA> 18.643000 7.194000 -25.865999
c<B>r<42>R<ASP> 17.641001 3.456000 -26.040001
c<B>r<43>R<THR> 20.329000 2.642000 -23.385000
c<B>r<44>R<LEU> 19.219000 5.559000 -21.121000
c<B>r<45>R<LYS> 15.514000 4.547000 -21.495001
c<B>r<46>R<THR> 16.358000 0.958000 -20.459999
c<B>r<48>R<SER> 15.587000 4.608000 -16.408001
c<B>r<49>R<SER> 13.013000 1.750000 -16.681999
c<B>r<52>R<GLN> 12.054000 2.705000 -11.700000
c<B>r<53>R<THR> 11.436000 -1.104000 -11.499000
c<B>r<82>R<GLU> 12.548000 9.967000 -5.619000
c<B>r<85>R<ARG> 8.018000 10.069000 -3.098000
c<B>r<86>R<LEU> 8.753000 6.335000 -2.565000
c<B>r<88>R<SER> 5.408000 8.660000 1.148000
c<B>r<89>R<LEU> 3.804000 5.941000 -1.034000
c<B>r<90>R<ILE> 5.098000 3.120000 1.277000
c<B>r<91>R<LYS> 3.738000 4.961000 4.370000
c<B>r<92>R<GLU> 0.291000 5.482000 2.803000
c<B>r<93>R<GLN> 0.013000 1.897000 1.423000
c<B>r<94>R<PHE> 1.034000 0.457000 4.844000
c<B>r<95>R<SER> -1.361000 2.847000 6.670000
c<B>r<96>R<THR> -4.181000 1.909000 4.201000
c<B>r<97>R<TRP> -3.683000 -1.820000 4.899000
c<B>r<99>R<ASN> -6.868000 0.792000 8.526000
c<B>r<100>R<GLN> -8.507000 -1.910000 6.320000
c<B>r<102>R<TYR> -8.711000 -2.363000 11.772000
c<B>r<103>R<GLN> -12.064000 -1.973000 9.905000
c<B>r<104>R<LYS> -12.399000 -5.793000 9.840000
c<B>r<105>R<GLU> -11.555000 -5.871000 13.587000
c<B>r<106>R<LEU> -14.232000 -3.210000 14.299000
c<B>r<107>R<ASN> -16.787001 -5.273000 12.302000
c<B>r<108>R<LEU> -15.894000 -8.322000 14.481000
c<B>r<109>R<ASP> -16.302999 -6.189000 17.658001
c<B>r<110>R<LYS> -19.650000 -4.811000 16.337000
c<B>r<111>R<LYS> -20.858999 -8.445000 15.936000
c<B>r<112>R<ARG> -19.638000 -9.259000 19.493999
c<B>r<113>R<ALA> -21.566000 -6.219000 20.830999
c<B>r<114>R<GLU> -24.698999 -7.311000 18.841999
c<B>r<115>R<ARG> -24.344000 -10.759000 20.554001
c<B>r<116>R<LEU> -24.363001 -8.980000 23.975000
c<B>r<117>R<THR> -27.657000 -7.248000 22.962999
c<B>r<118>R<ILE> -29.115999 -10.696000 22.000999
c<B>r<119>R<LEU> -27.937000 -12.174000 25.372000
c<B>r<120>R<ALA> -29.554001 -9.209000 27.222000
c<B>r<121>R<ARG> -32.870998 -10.020000 25.389000
c<B>r<122>R<ILE> -32.500999 -13.779000 26.188999
c<B>r<123>R<ASN> -32.104000 -12.890000 29.889999
c<B>r<124>R<ARG> -35.176998 -10.564000 29.620001
c<B>r<125>R<TYR> -37.423000 -13.327000 28.243000
c<B>r<127>R<ASN> -36.845001 -13.656000 33.643002
c<B>r<128>R<LEU> -40.272999 -12.734000 32.138000
c<B>r<130>R<ARG> -40.192001 -17.320999 34.966000
c<B>r<131>R<VAL> -42.450001 -14.574000 36.467999
c<B>r<132>R<GLU> -45.362000 -15.273000 34.050999
c<B>r<134>R<SER> -45.194000 -18.322001 38.645000
c<B>r<135>R<ARG> -48.300999 -16.111000 38.058998
c<B>r<138>R<ASP> -50.946999 -19.039000 41.192001
c<B>r<139>R<PHE> -53.881001 -18.448000 38.751999
c<B>r<241>R<LYS> 36.591000 4.378000 -47.714001
c<B>r<242>R<VAL> 35.689999 6.425000 -44.589001
c<B>r<243>R<HIS> 37.520000 9.819000 -44.464001
c<B>r<244>R<THR> 35.087002 12.189000 -42.694000
c<B>r<245>R<GLU> 34.029999 12.304000 -39.051998
c<B>r<246>R<GLY> 30.243000 12.880000 -39.083000
c<B>r<247>R<GLY> 30.062000 10.801000 -42.320999
c<B>r<248>R<VAL> 27.339001 8.107000 -42.327999
c<B>r<249>R<VAL> 28.070999 4.493000 -43.138000
c<B>r<250>R<THR> 25.528000 1.829000 -44.154999
