c<A>r<29>R<THR> -11.217000 -9.305000 -15.843000
c<A>r<30>R<VAL> -11.159000 -5.488000 -16.125000
c<A>r<31>R<GLU> -9.892000 -3.904000 -12.891000
c<A>r<32>R<TYR> -10.411000 -0.108000 -13.132000
c<A>r<33>R<TRP> -9.914000 2.731000 -10.666000
c<A>r<34>R<LEU> -10.744000 6.512000 -10.772000
c<A>r<90>R<LEU> 1.797000 0.834000 10.206000
c<A>r<91>R<GLU> 5.350000 1.684000 11.466000
c<A>r<114>R<LEU> 0.185000 0.612000 1.163000
c<A>r<115>R<SER> -3.577000 0.557000 1.912000
c<A>r<116>R<GLY> -4.547000 0.838000 5.602000
c<B>r<33>R<TRP> -14.973000 2.116000 -3.841000
c<B>r<34>R<LEU> -15.925000 -0.602000 -6.303000
c<B>r<35>R<SER> -13.520000 -3.563000 -6.361000
c<B>r<36>R<GLY> -14.743000 -6.524000 -8.458000
c<B>r<101>R<ARG> 7.951000 10.324000 13.620000
c<B>r<110>R<VAL> -0.587000 9.495000 13.732000
c<B>r<111>R<GLU> -2.285000 8.173000 10.564000
c<B>r<112>R<TYR> -0.335000 9.413000 7.482000
c<B>r<113>R<TRP> -0.573000 8.768000 3.737000
c<B>r<114>R<LEU> 1.857000 9.586000 0.936000
