c<A>r<7>R<SER> 3.231000 24.084000 1.996000
c<A>r<8>R<SER> 7.076000 24.452999 2.039000
c<A>r<9>R<TYR> 7.474000 20.645000 1.581000
c<A>r<10>R<LEU> 4.723000 20.388000 -1.113000
c<A>r<11>R<THR> 5.678000 23.618000 -3.057000
c<A>r<12>R<PRO> 3.127000 26.309000 -4.183000
c<A>r<13>R<ASP> 2.118000 23.966999 -7.111000
c<A>r<14>R<VAL> 0.071000 21.820999 -4.629000
c<A>r<31>R<THR> -3.228000 18.247999 -7.356000
c<A>r<32>R<HIS> -2.301000 14.555000 -7.889000
c<A>r<33>R<PRO> 1.182000 13.822000 -6.289000
c<A>r<34>R<TYR> 2.807000 12.543000 -9.572000
c<A>r<35>R<LEU> 0.373000 12.042000 -12.501000
c<A>r<36>R<PRO> 0.592000 14.815000 -15.158000
c<A>r<37>R<ARG> -2.235000 17.351000 -14.502000
c<A>r<39>R<LYS> -4.154000 12.414000 -16.622999
c<A>r<40>R<ASP> -5.657000 11.741000 -13.132000
c<A>r<54>R<LEU> 4.229000 3.646000 7.681000
c<A>r<57>R<SER> 0.128000 2.709000 4.466000
c<A>r<58>R<ARG> 1.167000 -0.978000 5.061000
c<A>r<60>R<LEU> -4.242000 -0.055000 3.325000
c<A>r<61>R<ALA> -2.153000 -1.923000 0.677000
c<A>r<62>R<LYS> -2.701000 -5.339000 2.400000
c<A>r<64>R<TYR> -6.956000 -3.662000 -0.700000
c<A>r<65>R<LEU> -5.745000 -7.168000 -1.778000
c<A>r<66>R<ILE> -8.661000 -8.750000 0.254000
c<A>r<67>R<PRO> -11.682000 -9.516000 -2.045000
c<A>r<73>R<GLN> -6.139000 3.854000 -2.319000
c<A>r<74>R<LEU> -2.610000 4.490000 -1.086000
c<A>r<75>R<ILE> -1.454000 6.875000 -3.852000
c<A>r<76>R<ALA> 1.914000 8.052000 -2.416000
c<A>r<77>R<CYS> 4.007000 7.534000 0.767000
c<A>r<78>R<ASP> 6.862000 9.629000 2.223000
c<A>r<79>R<PRO> 7.869000 7.742000 5.449000
c<A>r<80>R<TYR> 10.850000 10.162000 6.016000
c<A>r<81>R<ASN> 8.859000 13.457000 6.149000
c<A>r<84>R<ILE> 0.506000 9.770000 3.092000
c<B>r<2>R<VAL> 5.482000 12.975000 -22.565001
c<B>r<3>R<VAL> 7.738000 15.341000 -20.621000
c<B>r<4>R<SER> 6.453000 15.629000 -17.051001
c<B>r<5>R<ILE> 7.200000 17.125000 -13.616000
c<B>r<6>R<ILE> 6.370000 15.821000 -10.110000
c<B>r<7>R<PRO> 4.648000 18.789000 -8.274000
c<B>r<8>R<GLN> 6.876000 18.690001 -5.118000
c<B>r<9>R<PHE> 10.042000 18.573000 -7.402000
c<B>r<10>R<PRO> 9.450000 21.382999 -10.038000
c<B>r<45>R<GLY> 1.273000 5.368000 -16.514000
c<B>r<46>R<GLU> 0.184000 5.532000 -12.810000
c<B>r<47>R<GLN> 2.577000 2.637000 -11.935000
c<B>r<48>R<MET> 5.421000 4.394000 -13.869000
c<B>r<49>R<TYR> 4.809000 7.868000 -12.303000
c<B>r<50>R<SER> 4.492000 6.341000 -8.765000
c<B>r<51>R<ALA> 7.990000 4.808000 -9.287000
c<B>r<52>R<ILE> 9.304000 8.212000 -10.569000
c<B>r<53>R<TYR> 7.830000 9.812000 -7.372000
c<B>r<54>R<LYS> 9.380000 7.063000 -5.147000
c<B>r<57>R<ILE> 11.693000 10.752000 -2.509000
c<B>r<58>R<GLU> 14.378000 8.018000 -1.973000
c<B>r<61>R<TYR> 15.257000 12.155000 1.714000
c<B>r<62>R<ASN> 17.117001 8.770000 1.982000
c<B>r<130>R<ASN> -0.544000 6.386000 -22.684999
c<B>r<131>R<ASP> -2.525000 3.631000 -20.851999
c<B>r<149>R<LEU> 0.126000 -11.305000 -6.041000
c<B>r<150>R<SER> -2.242000 -14.098000 -4.811000
c<B>r<152>R<ASP> -7.290000 -14.749000 -4.725000
c<B>r<153>R<PHE> -6.515000 -11.171000 -5.916000
c<B>r<154>R<LYS> -8.804000 -10.752000 -8.962000
c<B>r<155>R<PRO> -8.896000 -7.081000 -10.105000
c<B>r<160>R<GLY> -7.218000 -2.546000 -9.941000
c<B>r<161>R<LEU> -3.976000 -4.255000 -11.068000
c<B>r<163>R<ARG> -3.201000 0.026000 -7.599000
c<B>r<164>R<ALA> -1.650000 -3.237000 -6.253000
c<B>r<165>R<LEU> 1.663000 -2.393000 -8.070000
c<B>r<166>R<VAL> 1.600000 1.265000 -6.812000
c<B>r<167>R<ASP> 1.033000 -0.151000 -3.264000
c<B>r<168>R<ALA> 4.187000 -2.336000 -3.641000
c<B>r<169>R<ILE> 6.273000 0.569000 -5.144000
c<B>r<170>R<GLN> 5.302000 3.058000 -2.361000
c<B>r<171>R<LEU> 5.958000 0.524000 0.492000
c<B>r<172>R<ARG> 9.581000 -0.306000 -0.604000
