c<A>r<14>R<LYS> 9.612000 -8.111000 6.821000
c<A>r<15>R<VAL> 7.429000 -5.496000 5.417000
c<A>r<18>R<GLU> 9.294000 1.421000 0.800000
c<A>r<19>R<LEU> 7.354000 -1.669000 0.055000
c<A>r<20>R<LEU> 4.179000 -0.124000 1.399000
c<A>r<22>R<GLU> 5.125000 1.278000 -3.669000
c<A>r<23>R<LEU> 2.045000 -0.812000 -3.024000
c<A>r<25>R<HIS> 1.237000 4.289000 -4.846000
c<A>r<26>R<GLN> -0.771000 2.056000 -7.132000
c<A>r<27>R<ALA> -3.964000 3.515000 -5.710000
c<A>r<28>R<GLY> -2.775000 7.209000 -5.785000
c<A>r<29>R<PRO> 0.064000 9.573000 -5.074000
c<A>r<30>R<VAL> 1.498000 8.768000 -1.750000
c<A>r<51>R<PHE> -1.959000 10.357000 0.418000
c<A>r<52>R<LYS> -1.711000 13.562000 -1.515000
c<A>r<53>R<HIS> -5.436000 13.590000 -2.357000
c<A>r<54>R<GLU> -8.394000 12.660000 -0.152000
c<A>r<55>R<VAL> -10.029000 10.715000 -2.936000
c<A>r<56>R<SER> -7.205000 8.167000 -2.873000
c<A>r<57>R<VAL> -8.051000 7.204000 0.738000
c<A>r<59>R<TYR> -9.933000 4.050000 -3.276000
c<A>r<60>R<ALA> -6.891000 2.471000 -1.591000
c<A>r<62>R<ASN> -11.303000 -0.728000 -1.476000
c<A>r<63>R<LEU> -8.377000 -1.775000 -3.719000
c<A>r<64>R<LEU> -5.891000 -3.097000 -1.297000
c<A>r<65>R<ASN> -7.839000 -4.264000 1.843000
c<A>r<67>R<ILE> -3.994000 -8.166000 0.020000
c<A>r<68>R<LYS> -1.426000 -10.658000 1.403000
c<A>r<69>R<LEU> 2.129000 -9.581000 1.990000
c<A>r<70>R<TYR> 4.568000 -12.394000 2.767000
c<A>r<71>R<GLY> 1.577000 -14.527000 3.316000
c<A>r<72>R<ARG> -0.244000 -12.368000 5.715000
c<A>r<73>R<PRO> -3.333000 -10.397000 4.767000
c<B>r<2>R<PHE> 1.504000 5.697000 -13.274000
c<B>r<3>R<LYS> 1.399000 2.427000 -14.902000
c<B>r<4>R<PRO> -1.037000 0.203000 -13.248000
c<B>r<5>R<GLY> 0.567000 -3.155000 -12.626000
c<B>r<6>R<VAL> 4.251000 -2.203000 -12.729000
c<B>r<7>R<ILE> 5.731000 -3.120000 -9.445000
c<B>r<8>R<SER> 9.268000 -3.901000 -8.213000
c<B>r<10>R<GLU> 10.437000 -7.048000 -4.090000
c<B>r<11>R<LEU> 6.816000 -6.202000 -4.146000
c<B>r<12>R<GLN> 6.115000 -9.098000 -6.569000
c<B>r<13>R<ASP> 7.871000 -11.428000 -4.185000
c<B>r<14>R<ALA> 5.921000 -10.077000 -1.293000
c<B>r<15>R<LEU> 2.628000 -10.553000 -3.115000
c<B>r<16>R<GLY> 3.504000 -14.123000 -4.056000
c<B>r<23>R<PRO> -1.164000 -8.516000 -9.427000
c<B>r<24>R<PRO> -4.318000 -9.266000 -7.676000
c<B>r<25>R<PHE> -5.226000 -5.649000 -7.331000
c<B>r<26>R<ILE> -5.222000 -5.129000 -11.068000
c<B>r<27>R<TYR> -8.516000 -7.047000 -11.340000
c<B>r<28>R<ARG> -9.954000 -5.041000 -8.708000
c<B>r<29>R<MET> -8.823000 -1.889000 -10.440000
c<B>r<31>R<GLN> -13.852000 -3.018000 -11.452000
c<B>r<32>R<LEU> -13.230000 0.084000 -9.361000
c<B>r<33>R<GLY> -11.900000 2.120000 -12.185000
c<B>r<34>R<TYR> -8.723000 4.102000 -12.605000
c<B>r<35>R<PRO> -7.252000 5.655000 -9.416000
c<B>r<36>R<PRO> -8.896000 9.125000 -9.093000
c<B>r<37>R<GLY> -5.909000 10.465000 -7.386000
c<B>r<38>R<TRP> -3.761000 10.146000 -10.502000
c<B>r<39>R<LEU> -6.378000 12.074000 -12.557000
c<B>r<40>R<LYS> -6.314000 15.174000 -10.322000
