c<A>r<1>R<HIS> 6.482000 -5.199000 12.239000
c<A>r<2>R<PRO> 4.793000 -8.239000 11.054000
c<A>r<3>R<ALA> 2.823000 -8.558000 7.899000
c<A>r<4>R<TYR> -0.802000 -9.736000 8.576000
c<A>r<5>R<VAL> -2.807000 -11.901000 6.261000
c<A>r<6>R<PHE> -6.527000 -11.063000 6.423000
c<A>r<7>R<SER> -9.684000 -12.675000 5.109000
c<A>r<8>R<LYS> -12.078000 -10.444000 3.290000
c<A>r<9>R<GLU> -14.252000 -9.949000 6.387000
c<A>r<10>R<SER> -11.325000 -9.417000 8.793000
c<A>r<11>R<PHE> -9.712000 -6.913000 6.354000
c<A>r<12>R<LEU> -12.908000 -4.844000 6.090000
c<A>r<15>R<LEU> -10.209000 -0.900000 7.719000
c<A>r<16>R<GLU> -13.315000 0.205000 9.651000
c<A>r<18>R<HIS> -9.148000 3.583000 10.328000
c<A>r<19>R<LEU> -12.018000 5.051000 8.233000
c<A>r<20>R<GLU> -13.434000 7.824000 10.405000
c<A>r<21>R<ASP> -15.851000 10.385000 8.795000
c<A>r<22>R<ASP> -13.189000 12.915000 8.174000
c<A>r<23>R<VAL> -10.703000 10.550000 6.794000
c<A>r<24>R<VAL> -10.043000 10.012000 3.073000
c<A>r<25>R<VAL> -7.845000 7.354000 1.610000
c<A>r<26>R<VAL> -5.084000 7.988000 -0.910000
c<A>r<27>R<VAL> -4.509000 4.898000 -3.002000
c<A>r<28>R<SER> -1.541000 4.324000 -5.247000
c<A>r<29>R<SER> -0.927000 1.486000 -7.564000
c<A>r<30>R<ASP> 2.123000 3.142000 -9.023000
c<A>r<31>R<VAL> 4.737000 0.683000 -8.094000
c<A>r<32>R<THR> 8.146000 2.211000 -8.903000
c<A>r<33>R<ASP> 10.157000 -0.735000 -7.617000
c<A>r<34>R<PHE> 9.426000 -4.365000 -6.551000
c<A>r<35>R<CYS> 12.019000 -6.842000 -5.598000
c<A>r<36>R<LYS> 12.776000 -9.826000 -3.352000
c<A>r<37>R<LYS> 15.818000 -9.565000 -1.093000
c<A>r<38>R<LEU> 17.405001 -11.763000 1.460000
c<A>r<45>R<LYS> 14.714000 -14.613000 5.540000
c<A>r<46>R<GLU> 13.506000 -13.423000 2.149000
c<A>r<47>R<TYR> 11.428000 -10.330000 2.062000
c<A>r<48>R<CYS> 9.491000 -8.695000 -0.764000
c<A>r<49>R<PHE> 10.034000 -4.949000 -1.034000
c<A>r<50>R<ALA> 7.486000 -2.778000 -2.837000
c<A>r<51>R<GLU> 8.050000 0.939000 -3.437000
c<A>r<52>R<PHE> 5.026000 3.135000 -4.299000
c<A>r<53>R<ALA> 4.817000 6.699000 -5.508000
c<A>r<54>R<PHE> 2.004000 9.263000 -4.790000
c<A>r<55>R<PRO> 1.897000 12.800000 -5.874000
c<A>r<56>R<ALA> 3.003000 15.030000 -2.944000
c<A>r<57>R<ASP> 0.904000 18.039000 -3.973000
c<A>r<58>R<ILE> -2.311000 16.351999 -2.781000
c<A>r<59>R<PHE> -1.153000 16.733999 0.822000
c<A>r<60>R<ASP> -1.041000 19.816000 2.963000
c<A>r<61>R<ALA> 1.257000 17.971001 5.383000
c<A>r<62>R<ASP> 4.934000 17.393999 5.901000
c<A>r<63>R<GLU> 6.395000 14.024000 5.296000
c<A>r<64>R<ASP> 6.394000 13.169000 9.001000
c<A>r<65>R<GLU> 2.735000 13.989000 9.311000
c<A>r<66>R<ILE> 1.704000 11.280000 6.818000
c<A>r<67>R<ASP> 1.747000 8.438000 9.361000
c<A>r<68>R<GLU> -0.975000 5.915000 8.652000
c<A>r<69>R<LYS> 0.247000 4.129000 5.519000
c<A>r<70>R<TYR> -0.061000 0.534000 4.495000
c<A>r<71>R<ALA> 0.831000 -1.741000 1.606000
c<A>r<72>R<ILE> -1.941000 -4.130000 0.648000
c<A>r<73>R<VAL> -1.570000 -7.124000 -1.702000
c<A>r<74>R<PHE> -4.599000 -9.033000 -2.947000
c<A>r<75>R<VAL> -3.639000 -12.669000 -3.219000
c<A>r<76>R<GLU> -5.570000 -15.694000 -4.416000
c<A>r<77>R<LYS> -5.597000 -18.395000 -1.656000
c<A>r<78>R<GLU> -3.960000 -20.820000 -4.089000
c<A>r<79>R<LYS> -0.881000 -18.506001 -4.246000
c<A>r<80>R<LEU> -0.304000 -18.683001 -0.527000
c<A>r<81>R<SER> 2.256000 -20.848000 1.104000
c<A>r<82>R<GLU> 1.383000 -23.141001 4.020000
c<A>r<83>R<ALA> 2.802000 -20.422001 6.326000
c<A>r<84>R<GLY> 0.636000 -17.875000 4.637000
c<A>r<85>R<ARG> -2.573000 -19.915001 4.894000
c<A>r<86>R<ASN> -1.887000 -20.552000 8.590000
c<A>r<87>R<ALA> -1.496000 -16.830000 9.196000
c<A>r<88>R<ILE> -4.974000 -15.910000 7.801000
c<A>r<89>R<ARG> -7.001000 -13.955000 10.319000
c<B>r<1>R<GLY> 3.168000 7.163000 -13.573000
c<B>r<2>R<HIS> -0.281000 5.784000 -12.846000
c<B>r<3>R<PRO> -2.222000 8.407000 -11.025000
c<B>r<4>R<ALA> -2.818000 8.277000 -7.323000
c<B>r<5>R<TYR> -6.603000 8.353000 -6.455000
c<B>r<6>R<VAL> -8.091000 10.003000 -3.428000
c<B>r<7>R<PHE> -11.182000 8.142000 -2.193000
c<B>r<8>R<SER> -13.916000 8.884000 0.323000
c<B>r<9>R<LYS> -14.708000 6.166000 2.775000
c<B>r<10>R<GLU> -17.667000 4.895000 0.704000
c<B>r<11>R<SER> -15.846000 5.087000 -2.644000
c<B>r<12>R<PHE> -12.785000 3.278000 -1.152000
c<B>r<13>R<LEU> -14.920000 0.409000 0.173000
c<B>r<16>R<LEU> -12.059000 -2.704000 -2.577000
c<B>r<17>R<GLU> -15.209000 -4.737000 -3.284000
c<B>r<19>R<HIS> -10.796000 -6.827000 -5.654000
c<B>r<20>R<LEU> -12.118000 -8.916000 -2.709000
c<B>r<21>R<GLU> -13.410000 -12.080000 -4.360000
c<B>r<22>R<ASP> -14.216000 -15.130000 -2.117000
c<B>r<23>R<ASP> -10.928000 -16.781000 -2.700000
c<B>r<24>R<VAL> -8.874000 -13.739000 -2.197000
c<B>r<25>R<VAL> -7.020000 -12.827000 1.012000
c<B>r<26>R<VAL> -5.276000 -9.582000 1.681000
c<B>r<27>R<VAL> -1.696000 -9.278000 2.893000
c<B>r<28>R<VAL> -1.238000 -6.040000 4.781000
c<B>r<29>R<SER> 2.060000 -4.505000 5.743000
c<B>r<30>R<SER> 2.680000 -1.487000 7.805000
c<B>r<31>R<ASP> 6.399000 -2.112000 7.876000
c<B>r<32>R<VAL> 7.611000 0.942000 6.159000
c<B>r<33>R<THR> 11.355000 0.512000 5.500000
c<B>r<34>R<ASP> 11.781000 3.832000 3.714000
c<B>r<35>R<PHE> 9.694000 7.035000 3.229000
c<B>r<36>R<CYS> 10.885000 10.102000 1.502000
c<B>r<37>R<LYS> 9.824000 13.039000 -0.673000
c<B>r<38>R<LYS> 11.709000 13.549000 -3.923000
c<B>r<39>R<LEU> 11.485000 15.894000 -6.790000
c<B>r<46>R<LYS> 6.718000 17.556999 -9.377000
c<B>r<47>R<GLU> 7.343000 16.336000 -5.856000
c<B>r<48>R<TYR> 6.429000 12.787000 -5.134000
c<B>r<49>R<CYS> 6.284000 10.845000 -1.862000
c<B>r<50>R<PHE> 7.937000 7.447000 -2.053000
c<B>r<51>R<ALA> 7.007000 4.727000 0.451000
c<B>r<52>R<GLU> 8.800000 1.376000 0.572000
c<B>r<53>R<PHE> 7.105000 -1.539000 2.404000
c<B>r<54>R<ALA> 8.403000 -4.938000 3.390000
c<B>r<55>R<PHE> 6.382000 -8.249000 3.616000
c<B>r<56>R<PRO> 7.705000 -11.593000 4.511000
c<B>r<57>R<ALA> 8.192000 -13.581000 1.253000
c<B>r<58>R<ASP> 7.590000 -17.010000 2.836000
c<B>r<59>R<ILE> 3.828000 -16.370001 3.076000
c<B>r<60>R<PHE> 3.571000 -16.596001 -0.724000
c<B>r<61>R<ASP> 3.717000 -19.638000 -2.920000
c<B>r<62>R<ALA> 4.260000 -17.384001 -5.942000
c<B>r<63>R<ASP> 7.127000 -15.793000 -7.816000
c<B>r<64>R<GLU> 7.690000 -12.102000 -7.585000
c<B>r<65>R<ASP> 6.058000 -11.493000 -10.960000
c<B>r<66>R<GLU> 2.942000 -13.335000 -9.904000
c<B>r<67>R<ILE> 2.228000 -10.917000 -7.059000
c<B>r<68>R<ASP> 0.490000 -8.323000 -9.247000
c<B>r<69>R<GLU> -2.350000 -6.660000 -7.386000
c<B>r<70>R<LYS> -0.578000 -4.420000 -4.856000
c<B>r<71>R<TYR> -1.477000 -1.013000 -3.567000
c<B>r<72>R<ALA> -0.223000 1.600000 -1.120000
c<B>r<73>R<ILE> -2.984000 3.122000 0.969000
c<B>r<74>R<VAL> -2.602000 6.239000 3.152000
c<B>r<75>R<PHE> -5.320000 7.275000 5.566000
c<B>r<76>R<VAL> -5.387000 11.051000 5.660000
c<B>r<77>R<GLU> -7.505000 13.467000 7.682000
c<B>r<78>R<LYS> -9.355000 15.898000 5.317000
c<B>r<79>R<GLU> -7.658000 18.816000 7.065000
c<B>r<80>R<LYS> -4.242000 17.485001 5.898000
c<B>r<81>R<LEU> -5.217000 17.593000 2.258000
c<B>r<82>R<SER> -4.201000 20.283001 -0.126000
c<B>r<83>R<GLU> -6.731000 22.052000 -2.356000
c<B>r<84>R<ALA> -5.603000 19.724001 -5.182000
c<B>r<85>R<GLY> -6.140000 16.771999 -2.925000
c<B>r<86>R<ARG> -9.633000 17.809999 -1.806000
c<B>r<87>R<ASN> -10.629000 18.405001 -5.435000
c<B>r<88>R<ALA> -9.469000 14.923000 -6.373000
c<B>r<89>R<ILE> -11.717000 13.142000 -3.790000
c<B>r<90>R<ARG> -13.870000 10.516000 -5.432000
