c<A>r<128>R<LEU> 7.432000 0.510000 -0.491000
c<A>r<129>R<TYR> 5.416000 3.401000 -1.908000
c<A>r<131>R<HIS> 4.385000 -1.156000 -4.325000
c<A>r<132>R<GLN> 1.505000 0.723000 -2.606000
c<A>r<133>R<LEU> 0.839000 2.721000 -5.779000
c<A>r<135>R<ILE> -1.856000 -2.069000 -5.347000
c<A>r<136>R<CYS> -3.948000 1.168000 -5.239000
c<A>r<137>R<SER> -3.969000 1.305000 -9.027000
c<A>r<138>R<LYS> -5.749000 -2.079000 -9.017000
c<A>r<139>R<VAL> -8.486000 -0.929000 -6.578000
c<A>r<140>R<LYS> -11.755000 -0.549000 -8.810000
c<A>r<141>R<ALA> -14.213000 2.195000 -8.052000
c<A>r<142>R<GLU> -17.320999 0.169000 -7.299000
c<A>r<153>R<SER> -16.129000 3.594000 -3.481000
c<A>r<156>R<ASP> -11.598000 5.929000 -1.011000
c<A>r<157>R<SER> -9.616000 4.420000 -3.794000
c<A>r<160>R<SER> -5.510000 6.095000 -1.264000
c<A>r<161>R<LEU> -3.928000 6.438000 -4.667000
c<B>r<131>R<LEU> 2.852000 0.231000 6.745000
c<B>r<132>R<TYR> 1.795000 -3.395000 6.290000
c<B>r<134>R<HIS> -2.141000 -0.023000 5.507000
c<B>r<135>R<GLN> -1.134000 -2.370000 2.636000
c<B>r<136>R<LEU> -3.488000 -5.066000 3.938000
c<B>r<138>R<ILE> -5.674000 -1.464000 0.376000
c<B>r<139>R<CYS> -5.306000 -5.126000 -0.798000
c<B>r<140>R<SER> -8.585000 -5.984000 0.904000
c<B>r<141>R<LYS> -10.297000 -3.435000 -1.347000
c<B>r<142>R<VAL> -8.836000 -4.829000 -4.577000
c<B>r<143>R<LYS> -11.949000 -6.561000 -6.381000
c<B>r<144>R<ALA> -11.337000 -9.748000 -8.162000
c<B>r<145>R<GLU> -12.727000 -8.664000 -11.516000
c<B>r<156>R<SER> -7.662000 -10.884000 -11.603000
c<B>r<159>R<ASP> -3.084000 -11.281000 -8.294000
c<B>r<160>R<SER> -5.214000 -9.747000 -5.617000
c<B>r<163>R<SER> -0.932000 -9.460000 -2.889000
c<B>r<164>R<LEU> -3.192000 -9.897000 0.100000
