c<A>r<8>R<ASP> -6.175000 16.159000 1.597000
c<A>r<9>R<ASP> -3.530000 14.463000 3.730000
c<A>r<10>R<PHE> -1.101000 13.887000 0.888000
c<A>r<11>R<ASP> -0.478000 17.344999 -0.515000
c<A>r<12>R<GLY> -2.432000 19.426001 2.030000
c<A>r<19>R<THR> -10.662000 8.306000 3.172000
c<A>r<20>R<VAL> -8.570000 5.315000 1.738000
c<A>r<21>R<GLU> -7.503000 2.438000 4.031000
c<A>r<22>R<PHE> -4.145000 0.890000 3.270000
c<A>r<23>R<GLY> -1.496000 -1.211000 5.127000
c<A>r<24>R<LEU> 2.116000 -2.086000 5.164000
c<A>r<25>R<ASP> 4.097000 -4.620000 7.196000
c<A>r<26>R<GLY> 1.215000 -5.291000 9.611000
c<A>r<27>R<VAL> 0.272000 -1.684000 10.107000
c<A>r<28>R<THR> -3.051000 -0.228000 8.953000
c<A>r<29>R<TYR> -3.393000 3.417000 7.819000
c<A>r<30>R<GLU> -6.203000 5.804000 6.965000
c<A>r<31>R<ILE> -5.597000 8.743000 4.608000
c<A>r<32>R<ASP> -8.011000 11.463000 3.428000
c<A>r<33>R<LEU> -7.486000 12.074000 -0.141000
c<A>r<37>R<ASN> -4.640000 11.363000 -4.955000
c<A>r<41>R<LEU> -2.431000 5.559000 -4.268000
c<A>r<42>R<ARG> -4.508000 2.786000 -5.736000
c<A>r<43>R<GLY> -2.429000 2.997000 -8.900000
c<A>r<44>R<ASP> 0.791000 2.567000 -6.981000
c<A>r<45>R<LEU> -0.641000 -0.646000 -5.418000
c<A>r<46>R<LYS> -2.252000 -2.007000 -8.526000
c<A>r<47>R<GLN> 0.688000 -4.185000 -9.653000
c<A>r<48>R<TRP> 1.290000 -5.398000 -6.177000
c<A>r<49>R<VAL> -2.398000 -6.331000 -5.563000
c<A>r<50>R<ALA> -2.384000 -8.227000 -8.835000
c<A>r<51>R<ALA> 0.721000 -10.207000 -7.838000
c<A>r<52>R<GLY> -0.311000 -10.785000 -4.146000
c<A>r<53>R<ARG> -2.542000 -13.227000 -2.487000
c<A>r<54>R<ARG> -5.463000 -12.169000 -0.250000
c<A>r<55>R<VAL> -5.304000 -13.267000 3.398000
c<B>r<8>R<ASP> 9.111000 -14.062000 -6.431000
c<B>r<9>R<ASP> 5.449000 -13.323000 -6.993000
c<B>r<10>R<PHE> 5.997000 -9.990000 -8.697000
c<B>r<11>R<ASP> 8.210000 -10.873000 -11.646000
c<B>r<12>R<GLY> 8.236000 -14.655000 -11.275000
c<B>r<19>R<THR> 6.955000 -12.276000 2.321000
c<B>r<20>R<VAL> 5.599000 -8.611000 2.603000
c<B>r<21>R<GLU> 2.119000 -7.933000 4.067000
c<B>r<22>R<PHE> 0.216000 -5.043000 2.561000
c<B>r<23>R<GLY> -3.425000 -3.881000 2.270000
c<B>r<24>R<LEU> -5.742000 -1.815000 0.226000
c<B>r<25>R<ASP> -9.377000 -0.814000 0.734000
c<B>r<26>R<GLY> -9.907000 -3.236000 3.628000
c<B>r<27>R<VAL> -8.197000 -6.175000 1.966000
c<B>r<28>R<THR> -4.980000 -7.708000 3.272000
c<B>r<29>R<TYR> -2.391000 -9.298000 0.911000
c<B>r<30>R<GLU> 0.759000 -11.373000 1.243000
c<B>r<31>R<ILE> 3.413000 -11.310000 -1.493000
c<B>r<32>R<ASP> 6.713000 -13.217000 -1.695000
c<B>r<33>R<LEU> 9.310000 -10.976000 -2.959000
c<B>r<37>R<ASN> 11.054000 -6.081000 -5.175000
c<B>r<41>R<LEU> 6.858000 -2.074000 -2.815000
c<B>r<42>R<ARG> 7.823000 -0.314000 0.380000
c<B>r<43>R<GLY> 9.140000 2.575000 -1.678000
c<B>r<44>R<ASP> 5.855000 2.938000 -3.493000
c<B>r<45>R<LEU> 4.077000 3.217000 -0.095000
c<B>r<46>R<LYS> 6.624000 5.419000 1.587000
c<B>r<47>R<GLN> 4.952000 8.765000 0.751000
c<B>r<48>R<TRP> 1.569000 7.420000 1.580000
c<B>r<49>R<VAL> 2.662000 5.973000 4.978000
c<B>r<50>R<ALA> 4.219000 9.311000 5.811000
c<B>r<51>R<ALA> 0.996000 11.180000 5.002000
c<B>r<52>R<GLY> -1.407000 8.595000 6.576000
c<B>r<53>R<ARG> -2.586000 8.028000 10.039000
c<B>r<54>R<ARG> -2.134000 4.657000 11.763000
c<B>r<55>R<VAL> -5.359000 2.887000 12.653000
c<B>r<56>R<GLY> -5.222000 0.037000 14.823000
