c<A>r<1>R<GLN> -7.263000 21.136000 -27.438000
c<A>r<2>R<ARG> -8.537000 17.823000 -25.931999
c<A>r<3>R<SER> -5.731000 15.416000 -26.976000
c<A>r<4>R<ALA> -6.697000 11.763000 -27.590000
c<A>r<5>R<TRP> -3.177000 10.939000 -26.212000
c<A>r<6>R<PHE> -3.506000 13.117000 -23.056000
c<A>r<7>R<PRO> -7.104000 12.800000 -21.740000
c<A>r<8>R<ARG> -7.382000 15.130000 -18.709000
c<A>r<9>R<PRO> -8.825000 13.102000 -15.797000
c<A>r<10>R<VAL> -12.309000 14.611000 -15.421000
c<A>r<11>R<ALA> -12.226000 15.593000 -11.763000
c<A>r<12>R<ALA> -15.309000 14.119000 -10.075000
c<A>r<13>R<PRO> -17.514999 17.216999 -9.499000
c<A>r<14>R<ALA> -19.056999 16.268999 -6.172000
c<A>r<15>R<GLU> -19.358000 18.792999 -3.446000
c<A>r<16>R<PRO> -19.643000 16.100000 -0.716000
c<A>r<18>R<ASP> -24.604000 17.426001 3.185000
c<A>r<19>R<PRO> -25.035000 14.634000 5.802000
c<A>r<20>R<ALA> -28.296000 16.400999 6.864000
c<A>r<27>R<VAL> -20.978001 6.377000 10.133000
c<A>r<28>R<CYS> -17.344000 5.144000 10.061000
c<A>r<36>R<VAL> -10.731000 9.814000 10.245000
c<A>r<37>R<SER> -7.920000 9.893000 7.594000
c<A>r<39>R<PHE> -11.659000 7.038000 5.288000
c<A>r<40>R<ARG> -10.020000 9.660000 2.981000
c<A>r<41>R<GLY> -11.320000 9.231000 -0.611000
c<A>r<42>R<TRP> -14.412000 7.151000 0.435000
c<A>r<43>R<GLN> -17.046000 9.802000 -0.473000
c<A>r<44>R<GLU> -15.754000 10.011000 -4.090000
c<A>r<52>R<VAL> -19.572001 9.303000 4.593000
c<A>r<53>R<VAL> -19.441000 10.386000 8.282000
c<A>r<54>R<PRO> -16.055000 9.477000 9.884000
c<A>r<55>R<VAL> -15.998000 9.497000 13.717000
c<A>r<56>R<GLN> -13.045000 11.372000 15.275000
c<A>r<57>R<LEU> -12.498000 9.691000 18.656000
c<A>r<58>R<PRO> -11.022000 11.597000 21.691000
c<A>r<61>R<GLY> -6.594000 15.113000 15.561000
c<A>r<62>R<LEU> -8.469000 18.259001 16.740999
c<A>r<63>R<ARG> -9.414000 16.271999 19.944000
c<A>r<77>R<ALA> -20.606001 9.207000 24.212999
c<A>r<78>R<VAL> -20.760000 8.400000 20.452999
c<A>r<81>R<ALA> -23.091000 12.776000 19.667000
c<A>r<82>R<LEU> -25.096001 10.890000 16.978001
c<A>r<84>R<GLU> -27.319000 15.491000 19.268000
c<A>r<85>R<HIS> -26.330999 15.876000 15.579000
c<A>r<86>R<ARG> -29.464001 13.977000 14.349000
c<A>r<152>R<GLY> 1.025000 -4.352000 8.090000
c<A>r<153>R<GLY> 0.258000 -1.183000 10.121000
c<A>r<154>R<LEU> 1.907000 2.250000 9.824000
c<A>r<218>R<GLY> -4.546000 -8.592000 2.054000
c<A>r<221>R<PHE> -4.474000 -3.243000 7.577000
c<A>r<222>R<PHE> -5.921000 -3.848000 4.029000
c<A>r<223>R<LEU> -8.187000 -0.772000 4.650000
c<A>r<224>R<ASN> -5.262000 1.649000 4.066000
c<A>r<225>R<GLY> -4.852000 1.051000 0.301000
c<A>r<226>R<GLY> -4.649000 -1.401000 -2.590000
c<A>r<227>R<PRO> -7.040000 -3.754000 -4.435000
c<A>r<228>R<SER> -8.601000 -4.937000 -1.119000
c<A>r<229>R<ARG> -9.645000 -1.348000 -0.182000
c<A>r<230>R<ASP> -11.173000 -0.936000 -3.678000
c<C>r<1>R<LEU> -22.530001 20.031000 10.746000
c<C>r<2>R<ARG> -19.865000 21.566999 13.039000
c<C>r<3>R<SER> -18.896000 18.732000 15.403000
c<C>r<4>R<ALA> -15.571000 17.789000 17.017000
c<C>r<5>R<TRP> -16.825001 14.166000 16.533001
c<C>r<6>R<PHE> -17.712000 14.597000 12.805000
c<C>r<7>R<PRO> -15.019000 16.711000 11.041000
c<C>r<8>R<ARG> -15.973000 17.389000 7.383000
c<C>r<9>R<PRO> -13.740000 15.623000 4.821000
c<C>r<10>R<VAL> -11.603000 18.370001 3.219000
c<C>r<11>R<ALA> -12.308000 17.931999 -0.509000
c<C>r<12>R<ALA> -9.134000 17.629999 -2.612000
c<C>r<13>R<PRO> -8.655000 20.653999 -4.978000
c<C>r<14>R<ALA> -11.235000 20.160000 -7.728000
c<C>r<15>R<GLU> -8.912000 20.375000 -10.802000
c<C>r<16>R<PRO> -5.436000 18.983000 -11.593000
c<C>r<18>R<ASP> -2.971000 22.886000 -16.107000
c<C>r<19>R<PRO> -0.025000 20.976999 -17.724001
c<C>r<27>R<VAL> 4.579000 12.024000 -18.469000
c<C>r<28>R<CYS> 3.314000 8.576000 -17.350000
c<C>r<36>R<VAL> -4.320000 5.956000 -17.737000
c<C>r<37>R<SER> -6.452000 4.729000 -14.757000
c<C>r<39>R<PHE> -2.245000 6.804000 -12.403000
c<C>r<40>R<ARG> -5.614000 7.730000 -10.761000
c<C>r<41>R<GLY> -4.941000 9.661000 -7.505000
c<C>r<43>R<GLN> -1.906000 14.313000 -8.818000
c<C>r<52>R<VAL> 0.680000 14.346000 -13.898000
c<C>r<53>R<VAL> 0.244000 13.614000 -17.653999
c<C>r<54>R<PRO> -0.889000 9.981000 -18.247999
c<C>r<55>R<VAL> -0.443000 8.728000 -21.841000
c<C>r<56>R<GLN> -3.457000 6.906000 -23.327999
c<C>r<57>R<LEU> -1.998000 4.487000 -25.893999
c<C>r<58>R<PRO> -4.199000 3.426000 -28.889000
c<C>r<61>R<GLY> -10.253000 3.941000 -23.489000
c<C>r<62>R<LEU> -11.467000 6.651000 -25.934999
c<C>r<63>R<ARG> -8.916000 5.217000 -28.487000
c<C>r<77>R<ALA> 3.959000 8.678000 -32.422001
c<C>r<78>R<VAL> 4.216000 9.530000 -28.673000
c<C>r<81>R<ALA> 2.079000 14.020000 -29.698999
c<C>r<82>R<LEU> 4.387000 15.450000 -26.962000
c<C>r<84>R<GLU> 2.381000 18.882999 -30.903999
c<C>r<85>R<HIS> 1.079000 19.552999 -27.350000
c<C>r<154>R<LEU> -6.146000 -8.009000 -12.686000
c<C>r<222>R<PHE> 2.685000 -3.102000 -6.948000
c<C>r<223>R<LEU> 1.729000 0.108000 -8.886000
c<C>r<224>R<ASN> -2.008000 -0.727000 -8.541000
c<C>r<225>R<GLY> -2.050000 0.084000 -4.782000
c<C>r<226>R<GLY> -1.053000 -0.628000 -1.181000
c<C>r<227>R<PRO> 2.088000 0.503000 0.740000
c<C>r<228>R<SER> 4.435000 -0.001000 -2.269000
c<C>r<229>R<ARG> 2.431000 2.481000 -4.419000
c<C>r<230>R<ASP> 2.560000 5.042000 -1.578000
