c<A>r<9>R<LYS> 10.008000 4.671000 -4.261000
c<A>r<17>R<PHE> -0.681000 10.400000 0.996000
c<A>r<18>R<ASP> -2.705000 12.646000 -1.361000
c<A>r<19>R<LYS> -0.623000 11.293000 -4.350000
c<A>r<20>R<ASP> 0.270000 14.844000 -5.542000
c<A>r<21>R<GLY> 3.880000 13.669000 -6.260000
c<A>r<124>R<GLY> -3.975000 2.629000 0.751000
c<A>r<125>R<LEU> -3.059000 -1.106000 0.933000
c<A>r<126>R<ASP> -5.341000 -4.107000 1.339000
c<A>r<173>R<LEU> 7.377000 -3.070000 -3.570000
c<A>r<174>R<VAL> 6.094000 -0.613000 -6.202000
c<B>r<58>R<ASP> -10.167000 11.516000 -3.348000
c<B>r<59>R<ASN> -7.307000 8.918000 -3.478000
c<B>r<60>R<PHE> -6.531000 8.581000 -7.257000
c<B>r<61>R<LEU> -7.991000 11.346000 -9.520000
c<B>r<62>R<THR> -7.699000 14.508000 -7.321000
c<B>r<63>R<ALA> -3.911000 14.837000 -7.864000
c<B>r<64>R<VAL> -4.233000 14.364000 -11.683000
c<B>r<65>R<ALA> -7.214000 16.808001 -11.835000
c<B>r<66>R<GLY> -5.587000 19.566000 -9.669000
c<B>r<86>R<PRO> 6.837000 0.438000 -15.066000
c<B>r<87>R<GLU> 4.673000 1.272000 -11.955000
c<B>r<88>R<ALA> 1.494000 2.003000 -14.003000
c<B>r<89>R<LYS> 0.005000 -1.414000 -13.079000
c<B>r<90>R<SER> -0.147000 -0.596000 -9.320000
c<B>r<91>R<VAL> -1.570000 2.908000 -10.030000
c<B>r<94>R<GLY> -5.554000 1.203000 -6.885000
c<B>r<95>R<PRO> -9.171000 2.316000 -7.742000
c<B>r<97>R<PRO> -10.919000 -2.474000 -4.919000
