c<M>r<67>R<THR> 5.401000 -3.415000 -6.552000
c<M>r<68>R<PHE> 3.152000 -4.610000 -3.709000
c<M>r<69>R<LYS> 1.939000 -7.328000 -6.164000
c<M>r<79>R<LYS> -1.241000 -7.099000 -0.555000
c<M>r<80>R<LYS> -3.698000 -5.290000 1.809000
c<M>r<82>R<ILE> 1.619000 -5.799000 3.474000
c<M>r<83>R<GLY> 0.429000 -2.215000 2.688000
c<M>r<84>R<ARG> -0.951000 -1.916000 6.288000
c<M>r<87>R<LYS> 2.557000 2.341000 6.670000
c<M>r<99>R<LEU> 7.793000 8.485000 -4.143000
c<M>r<100>R<ILE> 8.025000 5.814000 -6.851000
c<M>r<134>R<ASP> 0.494000 16.261999 -16.839001
c<M>r<136>R<VAL> -1.985000 11.233000 -16.743000
c<M>r<137>R<PRO> -3.469000 12.964000 -13.628000
c<M>r<138>R<GLY> -4.183000 10.505000 -10.747000
c<M>r<139>R<ARG> -2.881000 7.403000 -12.581000
c<M>r<140>R<SER> -0.479000 5.134000 -10.680000
c<M>r<141>R<PRO> 3.156000 5.372000 -12.007000
c<M>r<142>R<ILE> 3.000000 1.579000 -12.766000
c<M>r<143>R<SER> -0.134000 2.099000 -14.939000
c<N>r<110>R<PRO> -6.961000 19.299999 -10.783000
c<N>r<111>R<ILE> -4.761000 19.002001 -7.625000
c<N>r<112>R<ARG> -0.970000 18.256001 -7.443000
c<N>r<113>R<LEU> -1.114000 15.521000 -4.743000
c<N>r<114>R<GLU> 2.687000 14.897000 -4.882000
c<N>r<118>R<LEU> 5.499000 16.783001 0.529000
c<N>r<125>R<SER> -0.504000 10.100000 3.258000
c<N>r<126>R<TYR> -0.374000 9.334000 -0.466000
c<N>r<127>R<GLU> 0.507000 5.919000 -1.894000
c<N>r<128>R<PRO> -1.110000 5.522000 -5.355000
c<N>r<129>R<GLU> -0.192000 1.760000 -5.427000
c<N>r<130>R<LEU> -2.416000 1.222000 -2.325000
c<N>r<131>R<PHE> -5.074000 3.942000 -2.849000
c<N>r<132>R<PRO> -5.335000 6.543000 -5.719000
c<N>r<133>R<GLY> -6.426000 9.451000 -3.421000
c<N>r<134>R<LEU> -4.406000 11.397000 -0.842000
c<N>r<148>R<PHE> -8.249000 12.991000 -5.723000
c<N>r<149>R<VAL> -6.128000 14.487000 -8.548000
c<N>r<150>R<SER> -9.445000 15.213000 -10.398000
c<N>r<180>R<LYS> -2.386000 22.218000 -11.473000
