1762595074903 0.0 33
1762595074912 0.0 33
1762595088135 1.0 67
1762595088142 1.0 67
1762595102087 2.0 101
1762595102094 2.0 101
1762595114756 3.0 135
1762595114765 3.0 135
1762595127666 4.0 169
1762595127668 4.0 169
1762595140809 5.0 203
1762595140818 5.0 203
1762595154402 6.0 237
1762595154412 6.0 237
1762595166366 7.0 271
1762595166374 7.0 271
1762595179540 8.0 305
1762595179548 8.0 305
1762595192354 9.0 339
1762595192356 9.0 339
1762595205014 10.0 373
1762595205023 10.0 373
1762595217182 11.0 407
1762595217190 11.0 407
1762595229119 12.0 441
1762595229121 12.0 441
1762595241195 13.0 475
1762595241202 13.0 475
1762595256746 14.0 509
1762595256748 14.0 509
1762595270373 15.0 543
1762595270380 15.0 543
1762595284174 16.0 577
1762595284182 16.0 577
1762595299930 17.0 611
1762595299938 17.0 611
1762595317805 18.0 645
1762595317807 18.0 645
1762595332180 19.0 679
1762595332182 19.0 679
1762595346901 20.0 713
1762595346910 20.0 713
1762595362004 21.0 747
1762595362014 21.0 747
1762595378388 22.0 781
1762595378399 22.0 781
1762595392918 23.0 815
1762595392920 23.0 815
1762595407941 24.0 849
1762595407943 24.0 849
1762595422271 25.0 883
1762595422281 25.0 883
1762595439734 26.0 917
1762595439741 26.0 917
1762595454641 27.0 951
1762595454643 27.0 951
1762595469919 28.0 985
1762595469921 28.0 985
1762595486211 29.0 1019
1762595486220 29.0 1019
1762595501511 30.0 1053
1762595501519 30.0 1053
1762595516292 31.0 1087
1762595516294 31.0 1087
1762595531550 32.0 1121
1762595531552 32.0 1121
1762595547275 33.0 1155
1762595547278 33.0 1155
1762595563489 34.0 1189
1762595563491 34.0 1189
1762595580151 35.0 1223
1762595580154 35.0 1223
1762595600199 36.0 1257
1762595600208 36.0 1257
1762595617573 37.0 1291
1762595617575 37.0 1291
1762595635157 38.0 1325
1762595635166 38.0 1325
1762595651453 39.0 1359
1762595651461 39.0 1359
1762595669124 40.0 1393
1762595669133 40.0 1393
1762595685755 41.0 1427
1762595685757 41.0 1427
1762595702360 42.0 1461
1762595702370 42.0 1461
1762595721307 43.0 1495
1762595721316 43.0 1495
1762595738946 44.0 1529
1762595738954 44.0 1529
1762595755725 45.0 1563
1762595755727 45.0 1563
1762595772414 46.0 1597
1762595772423 46.0 1597
1762595789958 47.0 1631
1762595789966 47.0 1631
1762595808132 48.0 1665
1762595808139 48.0 1665
1762595825606 49.0 1699
1762595825609 49.0 1699
1762595841542 50.0 1733
1762595841550 50.0 1733
1762595860434 51.0 1767
1762595860441 51.0 1767
1762595878494 52.0 1801
1762595878496 52.0 1801
1762595898831 53.0 1835
1762595898833 53.0 1835
1762595919344 54.0 1869
1762595919354 54.0 1869
1762595937696 55.0 1903
1762595937699 55.0 1903
1762595956731 56.0 1937
1762595956741 56.0 1937
1762595975886 57.0 1971
1762595975888 57.0 1971
1762595993832 58.0 2005
1762595993840 58.0 2005
1762596011937 59.0 2039
1762596011946 59.0 2039
1762596029963 60.0 2073
1762596030062 60.0 2073
1762596049968 61.0 2107
1762596049983 61.0 2107
1762596070107 62.0 2141
1762596070116 62.0 2141
1762596089703 63.0 2175
1762596089712 63.0 2175
1762596107233 64.0 2209
1762596107235 64.0 2209
1762596124853 65.0 2243
1762596124862 65.0 2243
1762596143078 66.0 2277
1762596143086 66.0 2277
1762596162020 67.0 2311
1762596162024 67.0 2311
1762596179865 68.0 2345
1762596179867 68.0 2345
1762596198449 69.0 2379
1762596198450 69.0 2379
1762596217626 70.0 2413
1762596217629 70.0 2413
1762596235778 71.0 2447
1762596235781 71.0 2447
1762596254628 72.0 2481
1762596254630 72.0 2481
1762596272967 73.0 2515
1762596272978 73.0 2515
1762596289703 74.0 2549
1762596289713 74.0 2549
1762596306650 75.0 2583
1762596306652 75.0 2583
1762596323935 76.0 2617
1762596323937 76.0 2617
1762596342144 77.0 2651
1762596342153 77.0 2651
1762596360002 78.0 2685
1762596360005 78.0 2685
1762596376236 79.0 2719
1762596376246 79.0 2719
1762596394264 80.0 2753
1762596394266 80.0 2753
1762596413000 81.0 2787
1762596413003 81.0 2787
1762596430847 82.0 2821
1762596430849 82.0 2821
1762596449598 83.0 2855
1762596449602 83.0 2855
1762596466419 84.0 2889
1762596466420 84.0 2889
1762596484073 85.0 2923
1762596484082 85.0 2923
1762596502047 86.0 2957
1762596502050 86.0 2957
1762596521402 87.0 2991
1762596521410 87.0 2991
1762596539515 88.0 3025
1762596539518 88.0 3025
1762596557553 89.0 3059
1762596557555 89.0 3059
1762596576039 90.0 3093
1762596576041 90.0 3093
1762596593984 91.0 3127
1762596593993 91.0 3127
1762596613310 92.0 3161
1762596613312 92.0 3161
1762596632517 93.0 3195
1762596632520 93.0 3195
1762596649878 94.0 3229
1762596649887 94.0 3229
1762596667607 95.0 3263
1762596667610 95.0 3263
1762596685752 96.0 3297
1762596685762 96.0 3297
1762596703799 97.0 3331
1762596703809 97.0 3331
1762596721257 98.0 3365
1762596721259 98.0 3365
1762596739060 99.0 3399
1762596739062 99.0 3399
1762596757287 100.0 3433
1762596757289 100.0 3433
1762596774401 101.0 3467
1762596774403 101.0 3467
1762596794012 102.0 3501
1762596794015 102.0 3501
1762596812790 103.0 3535
1762596812799 103.0 3535
1762596832612 104.0 3569
1762596832615 104.0 3569
1762596852662 105.0 3603
1762596852665 105.0 3603
1762596872500 106.0 3637
1762596872503 106.0 3637
1762596891129 107.0 3671
1762596891138 107.0 3671
1762596911241 108.0 3705
1762596911243 108.0 3705
1762596932434 109.0 3739
1762596932436 109.0 3739
1762596952890 110.0 3773
1762596952900 110.0 3773
1762596972435 111.0 3807
1762596972438 111.0 3807
1762596993723 112.0 3841
1762596993726 112.0 3841
1762597019095 113.0 3875
1762597019098 113.0 3875
1762597036638 114.0 3909
1762597036641 114.0 3909
1762597052002 115.0 3943
1762597052004 115.0 3943
1762597066365 116.0 3977
1762597066367 116.0 3977
1762597081113 117.0 4011
1762597081115 117.0 4011
1762597095701 118.0 4045
1762597095703 118.0 4045
1762597111890 119.0 4079
1762597111892 119.0 4079
1762597126849 120.0 4113
1762597126851 120.0 4113
1762597142984 121.0 4147
1762597142986 121.0 4147
1762597158287 122.0 4181
1762597158289 122.0 4181
1762597174811 123.0 4215
1762597174813 123.0 4215
1762597189703 124.0 4249
1762597189704 124.0 4249
1762597204873 125.0 4283
1762597204875 125.0 4283
1762597219331 126.0 4317
1762597219332 126.0 4317
1762597236008 127.0 4351
1762597236010 127.0 4351
1762597251256 128.0 4385
1762597251258 128.0 4385
1762597270994 129.0 4419
1762597270997 129.0 4419
1762597286194 130.0 4453
1762597286196 130.0 4453
1762597302187 131.0 4487
1762597302189 131.0 4487
1762597316707 132.0 4521
1762597316708 132.0 4521
1762597331289 133.0 4555
1762597331291 133.0 4555
1762597346807 134.0 4589
1762597346810 134.0 4589
1762597362600 135.0 4623
1762597362602 135.0 4623
1762597378289 136.0 4657
1762597378291 136.0 4657
1762597395022 137.0 4691
1762597395024 137.0 4691
1762597412805 138.0 4725
1762597412812 138.0 4725
1762597432533 139.0 4759
1762597432535 139.0 4759
1762597447808 140.0 4793
1762597447810 140.0 4793
1762597462643 141.0 4827
1762597462646 141.0 4827
1762597478898 142.0 4861
1762597478899 142.0 4861
1762597481136 143.0 4862
