c<A>r<13>R<GLN> -4.950000 1.033000 25.014000
c<A>r<14>R<ALA> -4.287000 4.720000 25.485001
c<A>r<16>R<PHE> -3.333000 2.591000 20.704000
c<A>r<17>R<ALA> -5.930000 5.395000 20.687000
c<A>r<20>R<TYR> -5.208000 5.557000 15.691000
c<A>r<21>R<ASP> -5.862000 9.255000 15.875000
c<A>r<23>R<THR> -2.948000 7.540000 11.284000
c<A>r<24>R<LYS> -6.726000 7.100000 10.644000
c<A>r<25>R<SER> -7.097000 9.653000 7.790000
c<A>r<26>R<ARG> -4.198000 8.214000 5.826000
c<A>r<27>R<VAL> -5.254000 4.596000 6.348000
c<A>r<28>R<TYR> -8.999000 5.267000 5.599000
c<A>r<29>R<GLY> -8.086000 7.512000 2.562000
c<A>r<30>R<LEU> -5.897000 4.854000 1.018000
c<A>r<31>R<VAL> -8.543000 2.066000 1.626000
c<A>r<32>R<MET> -11.274000 4.357000 0.137000
c<A>r<33>R<ARG> -9.177000 5.048000 -2.861000
c<A>r<38>R<THR> -17.785999 3.487000 2.122000
c<A>r<41>R<SER> -13.800000 0.744000 3.634000
c<A>r<42>R<GLU> -15.043000 1.093000 7.140000
c<A>r<43>R<GLU> -14.958000 -2.702000 7.669000
c<A>r<45>R<THR> -10.169000 -0.124000 8.368000
c<A>r<46>R<GLN> -11.490000 -1.870000 11.505000
c<A>r<47>R<GLU> -9.697000 -5.140000 10.464000
c<A>r<48>R<ILE> -6.411000 -3.241000 9.889000
c<A>r<49>R<TYR> -6.312000 -1.614000 13.310000
c<A>r<50>R<LEU> -7.298000 -4.857000 14.960000
c<A>r<53>R<TRP> -3.278000 -4.157000 18.059999
c<A>r<54>R<ARG> -2.481000 -7.886000 17.804001
c<A>r<62>R<ALA> 15.084000 -1.106000 11.403000
c<A>r<63>R<LYS> 12.905000 -2.343000 8.463000
c<A>r<64>R<GLY> 10.839000 0.735000 8.013000
c<A>r<65>R<SER> 8.942000 3.455000 9.842000
c<A>r<66>R<ALA> 5.716000 2.682000 11.645000
c<A>r<67>R<LEU> 3.834000 4.661000 8.993000
c<A>r<68>R<ALA> 5.315000 2.525000 6.171000
c<A>r<69>R<TRP> 4.610000 -0.717000 8.077000
c<A>r<70>R<LEU> 0.953000 0.409000 8.682000
c<A>r<71>R<LEU> 0.267000 1.558000 5.075000
c<A>r<72>R<THR> 1.807000 -1.562000 3.609000
c<A>r<73>R<MET> -0.479000 -3.769000 5.646000
c<A>r<75>R<HIS> -2.790000 -1.585000 1.095000
c<A>r<76>R<ARG> -2.430000 -5.386000 1.133000
c<A>r<79>R<VAL> -6.350000 -5.163000 -2.490000
c<A>r<88>R<ASP> -8.556000 13.302000 -1.663000
c<A>r<89>R<GLU> -3.155000 15.959000 0.130000
c<A>r<90>R<ARG> -3.599000 14.962000 -2.052000
c<A>r<91>R<ARG> -2.187000 18.104000 -3.948000
c<A>r<92>R<ARG> 1.767000 17.888000 -3.407000
c<A>r<93>R<VAL> 1.518000 14.302000 -3.974000
c<A>r<94>R<THR> -0.980000 14.713000 -6.692000
c<A>r<95>R<GLU> 1.501000 17.080000 -8.308000
c<A>r<96>R<CYS> 4.264000 14.523000 -8.045000
c<A>r<97>R<LEU> 1.916000 11.808000 -9.554000
c<A>r<107>R<CYS> 1.869000 1.270000 -13.614000
c<A>r<108>R<ILE> 1.351000 2.817000 -10.163000
c<A>r<110>R<LEU> -2.917000 -0.309000 -11.944000
c<A>r<111>R<ALA> -0.519000 -1.944000 -9.429000
c<A>r<112>R<TYR> -0.956000 0.213000 -6.269000
c<A>r<113>R<TYR> -4.624000 1.549000 -6.533000
c<A>r<114>R<GLY> -6.003000 -1.131000 -8.828000
c<A>r<115>R<GLY> -4.448000 -4.158000 -7.004000
c<A>r<116>R<LEU> -3.006000 -5.816000 -10.291000
c<A>r<117>R<THR> 0.243000 -7.941000 -10.344000
c<A>r<118>R<TYR> 3.035000 -6.854000 -12.572000
c<A>r<119>R<VAL> 2.189000 -9.884000 -14.664000
c<A>r<120>R<GLU> -1.416000 -8.599000 -15.032000
c<A>r<121>R<VAL> -0.095000 -5.150000 -15.759000
c<A>r<130>R<SER> 10.975000 -6.793000 -17.882999
c<A>r<132>R<ILE> 6.887000 -3.378000 -16.674999
c<A>r<133>R<LYS> 9.322000 -4.025000 -13.785000
c<A>r<134>R<SER> 11.660000 -1.246000 -15.093000
c<A>r<135>R<ARG> 8.670000 1.173000 -15.519000
c<A>r<136>R<MET> 7.616000 0.524000 -11.966000
c<A>r<137>R<ARG> 11.149000 0.986000 -10.653000
c<A>r<138>R<ASP> 11.452000 4.249000 -12.663000
c<A>r<139>R<ALA> 8.166000 5.529000 -11.467000
c<A>r<140>R<LEU> 9.249000 5.068000 -7.880000
c<A>r<141>R<ARG> 12.534000 6.671000 -8.454000
c<A>r<143>R<LEU> 8.427000 9.903000 -7.007000
c<A>r<144>R<ARG> 11.285000 9.705000 -4.525000
c<A>r<145>R<ASN> 13.049000 12.534000 -6.286000
c<A>r<147>R<LEU> 9.259000 14.292000 -2.805000
c<A>r<148>R<ASP> 12.770000 14.908000 -1.591000
c<B>r<5>R<GLU> 14.258000 -6.449000 -10.070000
c<B>r<6>R<LEU> 11.443000 -7.965000 -8.000000
c<B>r<7>R<ALA> 11.891000 -5.545000 -5.097000
c<B>r<8>R<THR> 9.626000 -2.807000 -6.558000
c<B>r<9>R<PRO> 6.698000 -5.068000 -7.578000
c<B>r<10>R<TYR> 7.178000 -6.896000 -4.215000
c<B>r<11>R<ALA> 6.999000 -3.584000 -2.268000
c<B>r<12>R<LEU> 3.857000 -2.465000 -4.212000
c<B>r<13>R<ASN> 2.206000 -5.924000 -3.490000
c<B>r<14>R<ALA> 2.129000 -6.309000 -7.290000
c<B>r<15>R<VAL> 2.999000 -10.027000 -7.043000
c<B>r<16>R<SER> 0.826000 -13.207000 -6.502000
c<B>r<39>R<ASN> 15.328000 -5.174000 1.719000
c<B>r<40>R<ASP> 16.684000 -1.630000 1.417000
c<B>r<41>R<GLU> 14.949000 -1.200000 -1.910000
c<B>r<42>R<VAL> 11.699000 -2.628000 -0.484000
c<B>r<43>R<ARG> 11.947000 -0.214000 2.514000
c<B>r<44>R<ALA> 12.659000 2.782000 0.216000
c<B>r<45>R<VAL> 9.656000 2.019000 -1.986000
c<B>r<46>R<ARG> 7.317000 1.556000 1.009000
c<B>r<47>R<GLU> 8.641000 4.856000 2.679000
c<B>r<48>R<THR> 7.904000 6.664000 -0.555000
c<B>r<49>R<MET> 4.432000 5.347000 -0.761000
c<B>r<50>R<ALA> 3.817000 6.283000 2.908000
c<B>r<51>R<VAL> 4.655000 9.961000 1.978000
c<B>r<52>R<VAL> 2.434000 9.658000 -1.176000
c<B>r<53>R<SER> -0.496000 8.451000 0.997000
c<B>r<54>R<ALA> -0.958000 12.029000 2.273000
c<B>r<55>R<ALA> -2.499000 12.772000 -1.103000
c<B>r<56>R<THR> -5.544000 10.397000 -0.464000
c<B>r<57>R<THR> -6.160000 11.255000 3.240000
c<B>r<58>R<ALA> -9.898000 10.977000 4.159000
c<B>r<59>R<GLU> -11.527000 11.586000 7.598000
c<B>r<60>R<PRO> -13.282000 8.314000 8.708000
c<B>r<61>R<PRO> -16.650000 8.540000 10.392000
c<B>r<63>R<HIS> -18.087999 5.954000 15.014000
c<B>r<64>R<LEU> -15.199000 3.970000 13.482000
c<B>r<65>R<ARG> -12.848000 5.084000 16.344000
c<B>r<66>R<THR> -15.293000 3.864000 18.947001
c<B>r<67>R<ALA> -15.763000 0.547000 17.184000
c<B>r<68>R<ILE> -12.033000 -0.066000 16.868999
c<B>r<69>R<LEU> -11.221000 0.859000 20.537001
c<B>r<71>R<ALA> -12.813000 -4.269000 19.844000
c<B>r<72>R<THR> -9.674000 -4.210000 22.028000
c<B>r<73>R<LYS> -11.582000 -4.588000 25.400000
