c<A>r<1>R<GLY> -8.581000 -13.181000 18.170000
c<A>r<2>R<LEU> -4.999000 -13.810000 18.823999
c<A>r<3>R<VAL> -2.397000 -11.660000 16.976999
c<A>r<21>R<GLY> 2.316000 -6.890000 -2.863000
c<A>r<22>R<ARG> 1.680000 -3.115000 -2.443000
c<A>r<23>R<LEU> 4.709000 -0.872000 -3.035000
c<A>r<24>R<ALA> 4.770000 2.427000 -1.261000
c<A>r<25>R<CYS> 7.252000 5.114000 -2.269000
c<A>r<26>R<ALA> 7.518000 8.778000 -1.235000
c<A>r<27>R<LYS> 8.457000 12.099000 -2.685000
c<A>r<28>R<ASP> 8.575000 15.354000 -0.753000
c<A>r<29>R<GLY> 6.580000 13.761000 2.085000
c<A>r<30>R<GLN> 3.832000 12.454000 -0.216000
c<A>r<31>R<PRO> 3.437000 8.668000 -0.146000
c<A>r<32>R<TYR> 2.321000 6.733000 -3.235000
c<A>r<33>R<VAL> 1.127000 3.166000 -3.070000
c<A>r<34>R<VAL> 0.468000 0.772000 -6.004000
c<A>r<35>R<PRO> 0.114000 -2.973000 -6.500000
c<A>r<59>R<ASN> 14.143000 8.463000 -2.982000
c<A>r<60>R<PRO> 15.155000 4.781000 -2.846000
c<A>r<61>R<ARG> 13.382000 4.183000 0.480000
c<A>r<62>R<VAL> 10.271000 2.052000 0.015000
c<A>r<63>R<SER> 7.732000 -0.089000 1.940000
c<A>r<64>R<VAL> 6.136000 -3.268000 0.593000
c<A>r<65>R<GLN> 3.139000 -4.971000 2.185000
c<A>r<66>R<VAL> 2.234000 -8.670000 1.443000
c<A>r<67>R<ASP> -0.534000 -10.627000 3.052000
c<A>r<73>R<ARG> -10.757000 -15.111000 9.419000
c<A>r<74>R<GLY> -7.090000 -15.596000 9.959000
c<A>r<77>R<SER> 0.790000 -9.940000 6.844000
c<A>r<78>R<VAL> 4.362000 -8.979000 6.076000
c<A>r<79>R<VAL> 5.814000 -5.443000 5.810000
c<A>r<80>R<VAL> 9.200000 -4.800000 4.207000
c<A>r<81>R<ASP> 11.231000 -1.616000 4.689000
c<A>r<82>R<GLY> 13.549000 -1.650000 1.783000
c<A>r<83>R<ARG> 15.742000 0.207000 -0.651000
c<A>r<107>R<HIS> 1.293000 -12.818000 -13.977000
c<A>r<109>R<ASP> -0.052000 -8.064000 -17.922001
c<A>r<111>R<TRP> 1.119000 -4.541000 -21.601000
c<A>r<112>R<GLU> 2.935000 -1.375000 -21.198999
c<A>r<130>R<ALA> -4.017000 -13.344000 13.209000
c<A>r<131>R<SER> -5.861000 -16.489000 14.286000
c<A>r<132>R<GLU> -9.625000 -16.841999 15.490000
c<B>r<1>R<LEU> -6.205000 -3.729000 -22.549999
c<B>r<2>R<VAL> -5.746000 -1.116000 -19.702000
c<B>r<20>R<GLY> -7.242000 -1.078000 1.141000
c<B>r<21>R<ARG> -3.513000 -0.402000 1.734000
c<B>r<22>R<LEU> -2.677000 2.832000 3.555000
c<B>r<23>R<ALA> 0.681000 4.383000 2.895000
c<B>r<24>R<CYS> 2.041000 7.123000 5.098000
c<B>r<25>R<ALA> 5.513000 8.735000 5.215000
c<B>r<26>R<LYS> 7.894000 10.145000 7.703000
c<B>r<27>R<ASP> 11.251000 11.746000 6.877000
c<B>r<28>R<GLY> 11.082000 10.288000 3.379000
c<B>r<29>R<GLN> 10.373000 6.753000 4.580000
c<B>r<30>R<PRO> 7.082000 5.306000 3.374000
c<B>r<31>R<TYR> 5.077000 2.820000 5.469000
c<B>r<32>R<VAL> 2.281000 0.751000 4.056000
c<B>r<33>R<VAL> -0.281000 -1.409000 5.970000
c<B>r<34>R<PRO> -3.654000 -2.959000 5.281000
c<B>r<58>R<ASN> 2.476000 14.182000 8.116000
c<B>r<59>R<PRO> -1.218000 14.095000 7.119000
c<B>r<60>R<ARG> -0.448000 13.248000 3.492000
c<B>r<61>R<VAL> -1.384000 9.644000 2.707000
c<B>r<62>R<SER> -2.010000 7.264000 -0.234000
c<B>r<63>R<VAL> -4.613000 4.488000 -0.237000
c<B>r<64>R<GLN> -4.774000 1.731000 -2.824000
c<B>r<65>R<VAL> -7.963000 -0.389000 -3.392000
c<B>r<66>R<ASP> -8.430000 -3.026000 -6.018000
c<B>r<72>R<ARG> -7.582000 -11.923000 -15.282000
c<B>r<73>R<GLY> -9.212000 -8.533000 -15.186000
c<B>r<76>R<SER> -7.464000 -0.548000 -9.114000
c<B>r<77>R<VAL> -8.010000 2.781000 -7.404000
c<B>r<78>R<VAL> -5.377000 5.076000 -5.822000
c<B>r<79>R<VAL> -6.349000 7.874000 -3.466000
c<B>r<80>R<ASP> -4.077000 10.780000 -2.562000
c<B>r<81>R<GLY> -5.569000 12.070000 0.599000
c<B>r<82>R<ARG> -5.171000 13.903000 3.868000
c<B>r<108>R<ASP> -17.634001 -8.503000 10.066000
c<B>r<109>R<TRP> -14.469000 -7.501000 8.372000
c<B>r<110>R<TRP> -12.406000 -6.296000 11.238000
c<B>r<111>R<GLU> -11.013000 -8.182000 14.204000
c<B>r<112>R<PRO> -13.210000 -8.614000 17.226999
c<B>r<113>R<GLY> -11.517000 -6.153000 19.459999
c<B>r<114>R<ALA> -10.581000 -3.586000 17.153999
c<B>r<134>R<ALA> -7.557000 -4.144000 -17.063000
c<B>r<135>R<SER> -9.749000 -6.430000 -19.198000
