c<A>r<196>R<LEU> -20.195000 7.223000 16.597000
c<A>r<199>R<PHE> -24.872000 8.236000 15.545000
c<A>r<200>R<GLN> -27.945999 9.259000 17.636999
c<A>r<201>R<GLY> -29.299999 5.748000 18.497999
c<A>r<202>R<LYS> -29.049000 3.956000 21.895000
c<A>r<203>R<GLU> -28.169001 0.537000 20.417999
c<A>r<204>R<ILE> -25.926001 -0.411000 17.473000
c<A>r<205>R<SER> -24.920000 -3.703000 15.808000
c<A>r<206>R<ILE> -21.451000 -4.456000 14.337000
c<A>r<207>R<LYS> -23.349001 -5.452000 11.137000
c<A>r<208>R<GLU> -24.900000 -1.940000 10.746000
c<A>r<209>R<ILE> -21.450001 -0.289000 11.159000
c<A>r<210>R<SER> -20.027000 -2.827000 8.648000
c<A>r<217>R<PRO> -16.688999 -6.810000 11.290000
c<A>r<218>R<VAL> -13.342000 -8.276000 12.536000
c<A>r<219>R<ASP> -11.551000 -4.957000 11.802000
c<A>r<220>R<ILE> -14.409000 -2.981000 13.515000
c<A>r<221>R<VAL> -14.364000 -5.136000 16.686001
c<A>r<222>R<SER> -10.524000 -5.224000 16.900000
c<A>r<225>R<GLN> -11.173000 -3.140000 21.485001
c<A>r<228>R<GLN> -10.982000 0.549000 24.830999
c<A>r<229>R<MET> -14.458000 1.371000 23.381001
c<A>r<230>R<LEU> -15.688000 -2.256000 23.780001
c<A>r<231>R<LYS> -16.674000 -3.478000 27.299000
c<A>r<232>R<TYR> -18.434999 -6.583000 28.650000
c<A>r<236>R<LYS> -23.745001 -7.997000 27.261999
c<A>r<237>R<HIS> -21.136999 -6.383000 25.030001
c<A>r<238>R<LEU> -21.285000 -2.554000 25.148001
c<A>r<239>R<VAL> -19.837000 0.234000 22.971001
c<A>r<240>R<LEU> -18.344999 3.131000 24.948999
c<A>r<241>R<LYS> -18.764000 6.503000 23.239000
c<A>r<242>R<ARG> -15.511000 8.126000 24.389000
c<A>r<243>R<GLN> -16.177000 11.866000 23.945999
c<A>r<244>R<ASP> -12.483000 12.688000 24.658001
c<B>r<1>R<MET> -19.429001 -14.297000 15.406000
c<B>r<2>R<VAL> -16.160000 -12.403000 16.017000
c<B>r<3>R<GLU> -13.763000 -13.930000 18.577000
c<B>r<4>R<ILE> -11.896000 -11.419000 20.792999
c<B>r<5>R<GLU> -10.075000 -11.245000 24.138000
c<B>r<6>R<ILE> -11.546000 -8.768000 26.701000
c<B>r<7>R<GLU> -9.650000 -8.538000 30.045000
c<B>r<11>R<HIS> -15.466000 -13.640000 24.082001
c<B>r<12>R<ARG> -17.677000 -14.341000 21.033001
c<B>r<13>R<ILE> -19.563999 -11.299000 19.701000
c<B>r<14>R<SER> -22.518000 -11.862000 17.389000
c<B>r<15>R<ILE> -22.292999 -9.188000 14.656000
c<B>r<16>R<PHE> -26.146000 -9.114000 14.661000
c<B>r<17>R<ASP> -26.694000 -8.575000 18.405001
c<B>r<18>R<PRO> -27.518000 -4.991000 19.513000
c<B>r<19>R<LEU> -24.691999 -3.383000 21.514000
c<B>r<20>R<GLU> -25.899000 -0.707000 23.948999
c<B>r<21>R<ILE> -23.989000 2.591000 23.546000
c<B>r<22>R<ILE> -22.829000 4.108000 26.850000
c<B>r<23>R<LEU> -21.433001 7.648000 27.160999
c<B>r<24>R<GLU> -18.195000 7.747000 29.207001
