c<V>r<2>R<SER> 12.250000 -7.372000 -14.118000
c<V>r<3>R<HIS> 11.388000 -3.658000 -14.422000
c<V>r<4>R<PRO> 13.728000 -1.247000 -12.436000
c<V>r<5>R<ILE> 10.682000 -0.061000 -10.377000
c<V>r<6>R<PHE> 10.893000 -3.330000 -8.346000
c<V>r<8>R<ARG> 14.043000 1.721000 -7.141000
c<V>r<9>R<GLY> 10.339000 2.457000 -6.431000
c<V>r<10>R<GLU> 8.580000 3.671000 -3.299000
c<V>r<11>R<PHE> 7.421000 0.715000 -1.176000
c<V>r<12>R<SER> 4.950000 0.416000 1.690000
c<V>r<13>R<VAL> 6.425000 -0.519000 5.093000
c<V>r<14>R<CYS> 3.339000 -2.765000 5.458000
c<V>r<15>R<ASP> 1.551000 -4.345000 2.497000
c<V>r<16>R<SER> -2.261000 -3.926000 2.596000
c<V>r<17>R<VAL> -5.345000 -5.048000 0.652000
c<V>r<18>R<SER> -8.391000 -2.837000 0.008000
c<V>r<19>R<VAL> -11.835000 -4.308000 -0.881000
c<V>r<20>R<TRP> -15.532000 -3.426000 -1.130000
c<V>r<21>R<VAL> -17.482000 -5.261000 1.628000
c<V>r<22>R<GLY> -21.237000 -5.530000 0.849000
c<V>r<23>R<ASP> -22.006001 -8.637000 3.007000
c<V>r<49>R<LYS> -27.235001 -1.788000 -0.384000
c<V>r<51>R<TYR> -20.965000 -1.079000 1.126000
c<V>r<52>R<PHE> -17.767000 -0.484000 3.120000
c<V>r<53>R<PHE> -14.292000 0.223000 1.726000
c<Y>r<9>R<LEU> 4.392000 -1.668000 -20.438999
c<Y>r<10>R<HIS> 4.257000 -4.080000 -17.492001
c<Y>r<13>R<VAL> 1.704000 -3.774000 -9.292000
c<Y>r<14>R<GLU> 0.747000 -2.779000 -5.738000
c<Y>r<15>R<MET> 3.614000 -0.869000 -3.996000
c<Y>r<16>R<HIS> 3.095000 2.420000 -2.070000
c<Y>r<17>R<HIS> 0.614000 3.306000 -4.822000
c<Y>r<19>R<CYS> 1.898000 1.431000 -10.531000
c<Y>r<20>R<ILE> 1.556000 0.504000 -14.207000
c<Y>r<21>R<PRO> 5.329000 0.319000 -14.961000
c<Y>r<22>R<PHE> 6.632000 1.632000 -18.291000
c<Y>r<23>R<SER> 9.929000 1.922000 -20.160999
c<Y>r<51>R<PHE> 9.616000 8.836000 -13.637000
c<Y>r<52>R<LEU> 12.339000 6.876000 -11.866000
c<Y>r<53>R<GLU> 15.678000 8.575000 -11.268000
c<Y>r<55>R<ALA> 20.693001 5.249000 -13.661000
c<Y>r<62>R<HIS> 11.659000 4.157000 -16.642000
c<Y>r<63>R<GLY> 8.474000 5.216000 -14.825000
c<Y>r<64>R<CYS> 4.996000 4.450000 -13.499000
c<Y>r<69>R<GLN> -6.235000 3.813000 -4.032000
c<Y>r<70>R<PRO> -7.922000 2.862000 -7.390000
c<Y>r<71>R<THR> -11.363000 1.158000 -7.426000
c<Y>r<72>R<HIS> -13.246000 -1.015000 -9.983000
c<Y>r<97>R<PHE> -7.354000 -3.145000 -9.325000
c<Y>r<98>R<MET> -10.553000 -4.156000 -7.499000
c<Y>r<99>R<ASP> -13.608000 -6.352000 -8.072000
c<Y>r<100>R<ASN> -16.955000 -4.673000 -8.704000
c<Y>r<101>R<PRO> -19.108000 -4.584000 -5.457000
