1762097693343 0.14939820766448975 34
1762097722396 0.1464933454990387 69
1762097752485 0.1493488848209381 104
1762097782071 0.13911333680152893 139
1762097811242 0.1271824836730957 174
1762097841214 0.13701879978179932 209
1762097878424 0.1025073304772377 244
1762097913857 0.09674528986215591 279
1762097948566 0.0863632932305336 314
1762097982882 0.0728069543838501 349
1762098016503 0.08134166896343231 384
1762098050145 0.08322495967149734 419
1762098085539 0.0832614079117775 454
1762098120117 0.08147609233856201 489
1762098153579 0.07792887091636658 524
1762098188601 0.06729087233543396 559
1762098223291 0.06802958250045776 594
1762098260246 0.07512426376342773 629
1762098295908 0.08754505217075348 664
1762098330168 0.06725355982780457 699
1762098364602 0.06404905766248703 734
1762098399316 0.06454674899578094 769
1762098432228 0.06451669335365295 804
1762098461825 0.06011069193482399 839
1762098491554 0.06109478324651718 874
1762098522207 0.06667866557836533 909
1762098553112 0.06206994876265526 944
1762098583232 0.06508739292621613 979
1762098612692 0.06390959769487381 1014
1762098642530 0.05802743136882782 1049
1762098673469 0.06819874048233032 1084
1762098703486 0.058354903012514114 1119
1762098733663 0.06630656868219376 1154
1762098764441 0.05756078660488129 1189
1762098794743 0.0525057353079319 1224
1762098825778 0.05963771045207977 1259
1762098857061 0.06472188234329224 1294
1762098888853 0.06780235469341278 1329
1762098925146 0.0593886636197567 1364
1762098961577 0.05073218792676926 1399
1762098998134 0.06093926355242729 1434
1762099035196 0.05389385297894478 1469
1762099070913 0.06453223526477814 1504
1762099107366 0.052243027836084366 1539
1762099142778 0.05566450580954552 1574
1762099178815 0.04872472956776619 1609
1762099215192 0.05288774147629738 1644
1762099249763 0.0439591109752655 1679
1762099284229 0.049527786672115326 1714
1762099319221 0.0525820218026638 1749
1762099354612 0.04860296472907066 1784
1762099390714 0.05325958877801895 1819
1762099425427 0.04835420474410057 1854
1762099460040 0.04929134622216225 1889
1762099493462 0.0601784810423851 1924
1762099528806 0.053804416209459305 1959
1762099562593 0.05014003440737724 1994
1762099596119 0.038318272680044174 2029
1762099630406 0.05252183973789215 2064
1762099665301 0.04362384229898453 2099
1762099698441 0.048830337822437286 2134
1762099732791 0.04805748909711838 2169
1762099767156 0.04732372984290123 2204
1762099801455 0.0457443967461586 2239
1762099838206 0.04494689404964447 2274
1762099874039 0.048647716641426086 2309
1762099909981 0.05080901086330414 2344
1762099946473 0.04718053340911865 2379
1762099982819 0.04714547470211983 2414
1762100019675 0.0462675616145134 2449
1762100055795 0.044832970947027206 2484
1762100091219 0.05585094168782234 2519
1762100126923 0.046517033129930496 2554
1762100162930 0.042039576917886734 2589
1762100197851 0.039562053978443146 2624
1762100231689 0.043509237468242645 2659
1762100266797 0.05080001801252365 2694
1762100302937 0.04310208931565285 2729
1762100337414 0.04411352425813675 2764
1762100370563 0.042885392904281616 2799
1762100402318 0.0450856015086174 2834
1762100436279 0.042150672525167465 2869
1762100469161 0.04343106225132942 2904
1762100503134 0.04105813428759575 2939
1762100536157 0.04851268231868744 2974
1762100568998 0.04840189218521118 3009
1762100606813 0.041807688772678375 3044
1762100643487 0.04413680359721184 3079
1762100679472 0.04602942615747452 3114
1762100715062 0.051844753324985504 3149
1762100750313 0.04450906440615654 3184
1762100783195 0.048771023750305176 3219
1762100815227 0.050485897809267044 3254
1762100847017 0.0419653058052063 3289
1762100877914 0.04780667647719383 3324
1762100909414 0.0384221225976944 3359
1762100939987 0.045935340225696564 3394
1762100972380 0.05795517936348915 3429
1762101002603 0.046540506184101105 3464
1762101033639 0.041839707642793655 3499
1762101063755 0.04414087533950806 3534
1762101094321 0.05316811800003052 3569
1762101124685 0.04417705535888672 3604
1762101163325 0.04432956501841545 3639
1762101198892 0.0387130081653595 3674
1762101233676 0.044808611273765564 3709
1762101270871 0.043315254151821136 3744
1762101305752 0.03843460604548454 3779
1762101341701 0.049855101853609085 3814
1762101376112 0.04729338735342026 3849
1762101411220 0.04627479240298271 3884
1762101446733 0.046981677412986755 3919
1762101481737 0.0440845787525177 3954
1762101515279 0.04575440287590027 3989
1762101548985 0.04354289174079895 4024
1762101582181 0.04531951621174812 4059
1762101616011 0.051988635212183 4094
1762101650077 0.04433774575591087 4129
1762101684266 0.04121100902557373 4164
1762101717715 0.047706495970487595 4199
1762101751653 0.05206960812211037 4234
1762101786028 0.03969854116439819 4269
1762101820450 0.04448414221405983 4304
1762101853681 0.0453258715569973 4339
1762101888251 0.043854422867298126 4374
1762101921280 0.03995082527399063 4409
1762101952010 0.04699638485908508 4444
1762101983157 0.04279850423336029 4479
1762102014329 0.04171571880578995 4514
1762102045616 0.04461313411593437 4549
1762102083321 0.04651442542672157 4584
1762102118009 0.043620746582746506 4619
1762102153123 0.04143249988555908 4654
1762102187147 0.04491156339645386 4689
1762102220672 0.03923685848712921 4724
1762102253860 0.04158496856689453 4759
1762102284158 0.04375474527478218 4794
1762102314580 0.05087580904364586 4829
1762102346207 0.0425516813993454 4864
