c<A>r<47>R<ASN> 7.142000 7.727000 15.252000
c<A>r<68>R<LYS> -4.732000 2.572000 22.826000
c<A>r<69>R<GLY> -4.536000 3.161000 19.084999
c<A>r<70>R<LEU> -8.133000 4.183000 18.343000
c<A>r<87>R<GLY> 2.375000 7.435000 19.799000
c<A>r<88>R<TYR> 1.699000 5.793000 16.490999
c<A>r<89>R<TYR> 2.709000 2.499000 17.589001
c<A>r<90>R<ASP> 0.739000 1.791000 20.724001
c<A>r<91>R<PHE> -2.105000 -0.885000 20.056000
c<A>r<92>R<HIS> -4.932000 -2.558000 22.003000
c<A>r<93>R<GLU> -6.454000 -6.318000 21.559000
c<A>r<94>R<GLU> -14.238000 -8.824000 17.378000
c<A>r<176>R<LEU> -12.783000 -2.847000 1.006000
c<A>r<177>R<GLY> -12.534000 -3.441000 -2.757000
c<A>r<178>R<VAL> -14.288000 -5.077000 -5.744000
c<A>r<179>R<PHE> -13.707000 -8.759000 -6.392000
c<A>r<180>R<ASP> -14.885000 -10.297000 -9.756000
c<A>r<186>R<LEU> -18.238001 -9.326000 -4.331000
c<A>r<187>R<VAL> -17.931000 -5.998000 -2.519000
c<A>r<188>R<PRO> -17.003000 -6.625000 1.082000
c<A>r<312>R<GLN> -7.890000 -2.282000 -7.463000
c<A>r<314>R<GLY> -8.753000 -3.717000 -12.548000
c<A>r<422>R<LYS> 21.035999 8.261000 -6.558000
c<A>r<423>R<GLY> 19.636999 7.510000 -10.003000
c<A>r<424>R<ILE> 16.468000 5.619000 -8.960000
c<A>r<426>R<ASP> 11.036000 4.005000 -10.864000
c<A>r<427>R<LEU> 8.198000 4.721000 -8.405000
c<A>r<428>R<GLN> 8.013000 1.014000 -7.682000
c<A>r<429>R<ILE> 11.495000 1.120000 -6.212000
c<A>r<430>R<ILE> 11.126000 4.564000 -4.630000
c<A>r<431>R<LYS> 8.023000 3.225000 -2.769000
c<A>r<432>R<ARG> 10.092000 0.380000 -1.288000
c<A>r<433>R<LEU> 13.161000 2.413000 -0.317000
c<A>r<434>R<THR> 11.293000 5.323000 1.273000
c<A>r<435>R<HIS> 7.871000 3.873000 2.278000
c<A>r<438>R<MET> 2.988000 2.454000 1.896000
c<A>r<439>R<GLY> 1.322000 4.080000 4.900000
c<A>r<440>R<PHE> -2.285000 4.196000 6.021000
c<A>r<441>R<CYS> -3.438000 6.247000 2.974000
c<A>r<442>R<GLN> -1.926000 3.919000 0.416000
c<A>r<470>R<ALA> -3.718000 -0.156000 -5.302000
c<A>r<471>R<ARG> -3.971000 -3.478000 -3.505000
c<A>r<472>R<SER> -6.674000 -4.969000 -1.243000
c<A>r<473>R<PRO> -8.068000 -3.698000 1.025000
c<A>r<474>R<ILE> -8.555000 -0.237000 -0.514000
c<A>r<475>R<LYS> -9.498000 0.926000 3.048000
c<A>r<476>R<ASN> -7.885000 0.013000 6.281000
c<A>r<477>R<VAL> -9.711000 -2.768000 8.186000
c<A>r<478>R<LYS> -9.023000 -4.368000 11.543000
c<A>r<479>R<MET> -7.842000 -7.923000 11.245000
c<A>r<480>R<GLY> -10.389000 -9.133000 13.901000
c<A>r<481>R<ILE> -13.257000 -7.985000 11.682000
c<A>r<482>R<LEU> -12.116000 -10.300000 8.929000
c<A>r<483>R<ALA> -11.258000 -13.405000 11.190000
c<A>r<484>R<ARG> -14.315000 -15.856000 11.692000
c<B>r<37>R<PHE> 12.249000 -3.271000 -12.516000
c<B>r<38>R<ILE> 14.856000 -5.043000 -10.332000
c<B>r<39>R<GLY> 13.093000 -7.230000 -7.782000
c<B>r<40>R<SER> 9.737000 -7.082000 -9.691000
c<B>r<44>R<PHE> 10.043000 -7.556000 -3.600000
c<B>r<146>R<ASP> 14.862000 -6.056000 4.171000
c<B>r<147>R<PRO> 14.362000 -7.409000 0.641000
c<B>r<148>R<PHE> 14.132000 -3.871000 -0.765000
c<B>r<149>R<GLU> 17.354000 -2.544000 0.738000
c<B>r<152>R<THR> 19.004999 -2.631000 -4.230000
c<B>r<156>R<VAL> 24.171000 -0.782000 -6.829000
c<B>r<167>R<GLU> 15.315000 -2.770000 -16.740999
c<B>r<227>R<VAL> -0.269000 -9.433000 4.194000
c<B>r<229>R<THR> -0.304000 -4.677000 9.122000
c<B>r<230>R<GLN> 0.175000 -1.151000 10.416000
c<B>r<231>R<PRO> 3.453000 -0.636000 12.282000
c<B>r<232>R<ILE> 3.651000 -1.343000 16.083000
c<B>r<233>R<LYS> 6.407000 -1.005000 18.659000
c<B>r<234>R<ARG> 9.583000 -2.399000 17.038000
c<B>r<256>R<HIS> 9.618000 -0.629000 9.625000
c<B>r<257>R<GLY> 7.331000 -1.944000 12.307000
c<B>r<258>R<GLY> 4.550000 -3.778000 10.299000
c<B>r<274>R<THR> -4.427000 -10.899000 -8.024000
c<B>r<275>R<PRO> -4.922000 -11.053000 -4.239000
c<B>r<276>R<THR> -8.023000 -12.945000 -3.183000
c<B>r<277>R<TYR> -10.670000 -11.977000 -0.626000
c<B>r<278>R<GLU> -10.519000 -15.524000 0.772000
c<B>r<280>R<LEU> -7.605000 -11.837000 3.439000
c<B>r<281>R<ARG> -10.114000 -13.719000 5.655000
c<B>r<282>R<GLU> -8.066000 -16.865999 6.232000
c<B>r<283>R<VAL> -4.799000 -15.119000 7.053000
c<B>r<284>R<SER> -6.735000 -12.921000 9.559000
c<B>r<285>R<TYR> -8.194000 -16.052999 11.160000
c<B>r<286>R<TYR> -4.926000 -17.959999 11.489000
c<B>r<287>R<PHE> -2.767000 -14.992000 12.569000
c<B>r<288>R<THR> -5.330000 -14.221000 15.409000
c<B>r<289>R<LYS> -5.174000 -17.917000 16.554001
c<B>r<291>R<ILE> -1.256000 -14.120000 18.362000
c<B>r<292>R<PRO> -4.738000 -13.038000 19.575001
c<B>r<293>R<ALA> -3.568000 -9.377000 20.052999
c<B>r<294>R<LEU> -3.256000 -9.070000 16.239000
c<B>r<295>R<LYS> -7.102000 -8.807000 16.084000
c<B>r<296>R<ASN> -6.649000 -5.107000 16.900999
c<B>r<297>R<LEU> -4.229000 -4.332000 14.039000
c<B>r<298>R<LEU> -5.212000 -2.764000 10.751000
c<B>r<299>R<ILE> -4.440000 -4.590000 7.530000
c<B>r<300>R<LEU> -2.778000 -2.105000 5.157000
c<B>r<301>R<ARG> -2.352000 -4.275000 2.032000
c<B>r<302>R<THR> -2.185000 -7.757000 0.603000
c<B>r<303>R<TRP> -0.291000 -8.902000 -2.447000
c<B>r<304>R<ALA> 0.635000 -12.117000 -4.266000
