c<A>r<11>R<GLU> -11.994000 5.048000 3.326000
c<A>r<12>R<ASP> -13.536000 3.172000 0.372000
c<A>r<14>R<VAL> -8.118000 4.390000 -0.000000
c<A>r<15>R<ARG> -9.221000 0.674000 0.125000
c<A>r<16>R<ALA> -9.484000 0.656000 -3.694000
c<A>r<17>R<LEU> -5.826000 1.899000 -3.914000
c<A>r<18>R<SER> -4.644000 -0.745000 -1.427000
c<A>r<19>R<GLN> -6.380000 -3.447000 -3.531000
c<A>r<21>R<GLY> -1.109000 -2.709000 -4.692000
c<A>r<22>R<SER> -2.116000 -6.093000 -3.157000
c<A>r<63>R<ASN> 1.594000 -1.607000 -0.693000
c<A>r<66>R<ILE> 4.827000 -4.988000 1.384000
c<A>r<67>R<THR> 2.291000 -7.474000 -0.014000
c<A>r<69>R<PHE> 7.320000 -9.908000 0.750000
c<A>r<70>R<ILE> 4.940000 -10.215000 3.710000
c<A>r<71>R<GLU> 2.090000 -12.220000 2.112000
c<A>r<74>R<PRO> 6.385000 -16.732000 1.773000
c<A>r<80>R<LYS> 11.646000 -22.018999 2.787000
c<A>r<83>R<VAL> 19.113001 -19.236000 0.370000
c<A>r<84>R<ILE> 18.353001 -15.489000 0.206000
c<A>r<85>R<PRO> 21.313000 -13.396000 1.424000
c<A>r<87>R<LYS> 16.445999 -11.084000 3.040000
c<A>r<88>R<LYS> 17.980000 -9.239000 5.924000
c<A>r<89>R<ASP> 18.156000 -6.028000 3.949000
c<A>r<90>R<THR> 14.590000 -6.453000 2.622000
c<A>r<91>R<VAL> 13.253000 -6.936000 6.180000
c<A>r<92>R<LYS> 15.072000 -3.777000 7.179000
c<A>r<94>R<LEU> 10.035000 -3.154000 5.108000
c<A>r<95>R<LYS> 10.333000 -1.959000 8.744000
c<A>r<99>R<PHE> 5.497000 0.411000 6.133000
c<A>r<102>R<ALA> 2.663000 3.619000 3.278000
c<A>r<103>R<GLU> 1.142000 4.504000 6.651000
c<A>r<106>R<LYS> -2.548000 6.547000 3.802000
c<Q>r<3>R<ASP> 19.802000 -14.975000 11.622000
c<Q>r<4>R<GLU> 17.379999 -16.521000 9.021000
c<Q>r<6>R<GLU> 14.917000 -13.903000 13.264000
c<Q>r<7>R<GLU> 14.212000 -12.407000 9.778000
c<Q>r<8>R<GLU> 11.355000 -14.896000 9.247000
c<Q>r<10>R<ALA> 10.082000 -10.392000 11.824000
c<Q>r<11>R<LEU> 8.264000 -10.952000 8.513000
c<Q>r<12>R<GLU> 5.464000 -12.935000 10.295000
c<Q>r<13>R<ALA> 5.136000 -10.285000 12.907000
c<Q>r<14>R<MET> 4.433000 -7.642000 10.271000
c<Q>r<15>R<GLN> 1.383000 -9.586000 8.925000
c<Q>r<16>R<SER> -0.895000 -7.845000 11.467000
c<Q>r<17>R<ARG> 0.588000 -4.537000 10.550000
c<Q>r<18>R<LEU> -0.237000 -5.258000 6.870000
c<Q>r<20>R<THR> -4.218000 -2.694000 9.648000
c<Q>r<21>R<LEU> -2.623000 -0.843000 6.657000
c<Q>r<22>R<ARG> -5.271000 -2.419000 4.256000
c<Q>r<23>R<SER> -8.248000 -1.569000 6.578000
