1764717694232 0.1489844173192978 15
1764717709004 0.1467166244983673 31
1764717723372 0.14304867386817932 47
1764717737762 0.1403229981660843 63
1764717752823 0.11481945961713791 79
1764717767526 0.10570986568927765 95
1764717782473 0.08371692150831223 111
1764717796933 0.0783281996846199 127
1764717811499 0.07555396854877472 143
1764717825732 0.07227857410907745 159
1764717840223 0.09270327538251877 175
1764717854610 0.10875099152326584 191
1764717869873 0.07426860183477402 207
1764717884696 0.07568196207284927 223
1764717899807 0.06569276750087738 239
1764717914520 0.06192666292190552 255
1764717929846 0.05958110839128494 271
1764717945247 0.062140896916389465 287
1764717960556 0.06053504720330238 303
1764717975279 0.05408918857574463 319
1764717990840 0.05665256455540657 335
1764718006101 0.06357879191637039 351
1764718021531 0.06839746236801147 367
1764718037273 0.06832180917263031 383
1764718052579 0.062040288001298904 399
1764718067788 0.06662838160991669 415
1764718083131 0.061889421194791794 431
1764718098541 0.0659680962562561 447
1764718113553 0.05909280478954315 463
1764718128400 0.06736139208078384 479
1764718143431 0.06776770204305649 495
1764718158079 0.06050250679254532 511
1764718173549 0.06299737095832825 527
1764718188208 0.05846289545297623 543
1764718203150 0.05777103826403618 559
1764718218148 0.0741177424788475 575
1764718233134 0.06761212646961212 591
1764718248032 0.059550195932388306 607
1764718262492 0.05456767603754997 623
1764718277235 0.06032160669565201 639
1764718292289 0.05938369780778885 655
1764718307175 0.05235014483332634 671
1764718322142 0.05247398093342781 687
1764718336749 0.05797199159860611 703
1764718351952 0.051038045436143875 719
1764718367216 0.04976721480488777 735
1764718382279 0.07759717851877213 751
1764718397315 0.06298832595348358 767
1764718413023 0.05636405944824219 783
1764718428573 0.051002901047468185 799
1764718443342 0.0535401925444603 815
1764718458066 0.05643407255411148 831
1764718473305 0.05521470680832863 847
1764718488531 0.056720659136772156 863
1764718503476 0.05196046456694603 879
1764718518832 0.05719384923577309 895
1764718533925 0.048807986080646515 911
1764718549559 0.05108275264501572 927
1764718564676 0.05679483711719513 943
1764718579546 0.05862577632069588 959
1764718595060 0.051391541957855225 975
1764718610856 0.049192655831575394 991
1764718626137 0.055425263941287994 1007
1764718641553 0.0501435361802578 1023
1764718656500 0.06099614500999451 1039
1764718671579 0.05015271529555321 1055
1764718686972 0.0550004318356514 1071
1764718702187 0.0511055514216423 1087
1764718717372 0.04971449822187424 1103
1764718732310 0.04861489683389664 1119
1764718747857 0.047198522835969925 1135
1764718763368 0.05540461465716362 1151
1764718778064 0.047083139419555664 1167
1764718793554 0.045193057507276535 1183
1764718808665 0.050724782049655914 1199
1764718823999 0.05361034721136093 1215
1764718839962 0.05659988522529602 1231
1764718854795 0.0479586124420166 1247
1764718870142 0.047940608114004135 1263
1764718885595 0.04836595803499222 1279
1764718900977 0.05360989645123482 1295
1764718916293 0.05316753685474396 1311
1764718931095 0.05026436969637871 1327
1764718946202 0.05147629976272583 1343
1764718961607 0.05459018796682358 1359
1764718976882 0.05095729976892471 1375
1764718992249 0.05146476998925209 1391
1764719006893 0.049599163234233856 1407
1764719022351 0.05557286739349365 1423
1764719037202 0.04706016555428505 1439
1764719052204 0.05109640583395958 1455
1764719067424 0.05162212252616882 1471
1764719082639 0.04941462352871895 1487
1764719097989 0.05488986894488335 1503
1764719112738 0.047737836837768555 1519
1764719127779 0.047175053507089615 1535
1764719142908 0.046413689851760864 1551
1764719158664 0.05531851202249527 1567
1764719173754 0.0609978623688221 1583
1764719189032 0.0585542768239975 1599
1764719204741 0.046926628798246384 1615
1764719219843 0.05230629816651344 1631
1764719235055 0.04686332494020462 1647
1764719250267 0.044485002756118774 1663
1764719265636 0.045507289469242096 1679
1764719280948 0.04994978383183479 1695
1764719296764 0.0497419610619545 1711
1764719311744 0.05063639208674431 1727
1764719326815 0.04677597060799599 1743
1764719342177 0.04588629677891731 1759
1764719358396 0.05075652897357941 1775
1764719373549 0.04579845815896988 1791
1764719388466 0.04863186180591583 1807
1764719404300 0.04145471379160881 1823
1764719419722 0.04686640202999115 1839
1764719434701 0.0436628982424736 1855
1764719450231 0.04494919255375862 1871
1764719465501 0.04290720075368881 1887
1764719480418 0.04896353557705879 1903
1764719495293 0.04271799698472023 1919
1764719510982 0.051097530871629715 1935
1764719526346 0.050667714327573776 1951
1764719541459 0.048362500965595245 1967
1764719556420 0.045592717826366425 1983
1764719571584 0.04120772331953049 1999
1764719586806 0.0436420813202858 2015
1764719603002 0.041910894215106964 2031
1764719618313 0.04319753870368004 2047
1764719633188 0.03985920175909996 2063
1764719648822 0.0433376282453537 2079
1764719664660 0.04156940057873726 2095
1764719680091 0.040743615478277206 2111
1764719695133 0.03846928849816322 2127
1764719710457 0.045110780745744705 2143
1764719725463 0.04154320806264877 2159
1764719740745 0.03744978830218315 2175
1764719755682 0.039419107139110565 2191
1764719771188 0.04207800701260567 2207
1764719785867 0.04136015847325325 2223
1764719801281 0.04038729518651962 2239
1764719816476 0.03869284689426422 2255
1764719832164 0.03760555014014244 2271
1764719847608 0.043009258806705475 2287
1764719862786 0.04292869195342064 2303
1764719878091 0.03902093693614006 2319
1764719893241 0.040713027119636536 2335
1764719908532 0.03909469395875931 2351
1764719923410 0.038642022758722305 2367
1764719938719 0.041032545268535614 2383
1764719953854 0.03995127230882645 2399
1764719969324 0.03861145302653313 2415
1764719984654 0.04217216745018959 2431
1764720000072 0.035118021070957184 2447
1764720015574 0.03913700208067894 2463
1764720030528 0.03946194797754288 2479
1764720045889 0.040537379682064056 2495
1764720061319 0.041994187980890274 2511
1764720076725 0.04400474950671196 2527
1764720092234 0.04265180602669716 2543
1764720107261 0.034823041409254074 2559
1764720122705 0.033793628215789795 2575
1764720137558 0.046310435980558395 2591
1764720152898 0.039056312292814255 2607
1764720168794 0.03759416937828064 2623
1764720184052 0.04193921387195587 2639
1764720199485 0.03570476174354553 2655
1764720214765 0.04159314185380936 2671
1764720229987 0.0425264835357666 2687
1764720245217 0.043587781488895416 2703
1764720260761 0.038267094641923904 2719
1764720275935 0.03520768880844116 2735
1764720291587 0.04623686149716377 2751
1764720307135 0.034884434193372726 2767
1764720323039 0.036186907440423965 2783
1764720337903 0.040538109838962555 2799
1764720353505 0.04181607812643051 2815
1764720368692 0.03683478385210037 2831
1764720384230 0.03576796129345894 2847
1764720400090 0.03755836933851242 2863
1764720415587 0.04430929943919182 2879
1764720430855 0.042773403227329254 2895
1764720445568 0.03632616251707077 2911
1764720460749 0.04000990837812424 2927
1764720475837 0.042526181787252426 2943
1764720491210 0.041050106287002563 2959
1764720506738 0.03553105145692825 2975
1764720522187 0.037708546966314316 2991
1764720537592 0.03824398294091225 3007
1764720552881 0.038555607199668884 3023
1764720568013 0.03753529116511345 3039
1764720583409 0.0367722362279892 3055
1764720598397 0.0362745001912117 3071
1764720613638 0.03839317709207535 3087
1764720628902 0.03558040410280228 3103
1764720644601 0.03555024787783623 3119
1764720660432 0.04054830223321915 3135
1764720675695 0.035954467952251434 3151
1764720691679 0.034833360463380814 3167
1764720706873 0.04159819707274437 3183
1764720722350 0.03521737828850746 3199
1764720737017 0.040015216916799545 3215
1764720752629 0.035425618290901184 3231
1764720768176 0.04031442105770111 3247
1764720783532 0.03907258063554764 3263
1764720798887 0.037367455661296844 3279
1764720814483 0.043027836829423904 3295
1764720829920 0.041540250182151794 3311
1764720844987 0.040123503655195236 3327
1764720860691 0.033164575695991516 3343
1764720876471 0.04345677047967911 3359
1764720891847 0.038177572190761566 3375
1764720907420 0.03722839057445526 3391
1764720922331 0.03930899500846863 3407
1764720938331 0.038024190813302994 3423
1764720954026 0.03896704316139221 3439
1764720969411 0.042252834886312485 3455
1764720984733 0.04066792502999306 3471
1764721000349 0.03065011464059353 3487
1764721015420 0.035746004432439804 3503
1764721031025 0.03770757094025612 3519
1764721045935 0.034626029431819916 3535
1764721061263 0.034307826310396194 3551
1764721076535 0.04297752305865288 3567
1764721092251 0.038093309849500656 3583
1764721107382 0.040803637355566025 3599
1764721122683 0.04259301722049713 3615
1764721138098 0.038386400789022446 3631
1764721153851 0.03309869021177292 3647
1764721169602 0.0330093614757061 3663
1764721185183 0.03767678886651993 3679
1764721200735 0.030036672949790955 3695
1764721217322 0.041299596428871155 3711
1764721233685 0.03703693673014641 3727
1764721250557 0.04157759249210358 3743
1764721266273 0.040820520371198654 3759
1764721281649 0.03489311411976814 3775
1764721297292 0.040825001895427704 3791
1764721313196 0.03331541270017624 3807
1764721329189 0.03917167708277702 3823
1764721344676 0.0366046242415905 3839
1764721360419 0.032202575355768204 3855
1764721376001 0.032175518572330475 3871
1764721391446 0.0364944227039814 3887
1764721407632 0.035246044397354126 3903
1764721423826 0.03337801620364189 3919
1764721439120 0.037239111959934235 3935
1764721455604 0.0373501293361187 3951
1764721471044 0.03313341364264488 3967
1764721486390 0.03027324564754963 3983
1764721502226 0.036959242075681686 3999
1764721517537 0.03232917562127113 4015
1764721533355 0.029098447412252426 4031
1764721548745 0.03285433351993561 4047
1764721564352 0.031173856928944588 4063
1764721579999 0.037126388400793076 4079
1764721595718 0.03899915888905525 4095
1764721610806 0.03660649433732033 4111
1764721626568 0.0337318554520607 4127
1764721641786 0.04076157510280609 4143
1764721657804 0.034668367356061935 4159
1764721673070 0.04224483296275139 4175
1764721689037 0.02992275357246399 4191
1764721704393 0.038406312465667725 4207
1764721720037 0.03211493417620659 4223
1764721735221 0.03786972910165787 4239
1764721750476 0.036086782813072205 4255
1764721765623 0.036370452493429184 4271
1764721781118 0.03188047930598259 4287
1764721796463 0.036131151020526886 4303
1764721811734 0.03461004048585892 4319
1764721827106 0.03649778664112091 4335
1764721842372 0.03507512807846069 4351
1764721857645 0.035077836364507675 4367
1764721873028 0.0362425372004509 4383
1764721888831 0.037148792296648026 4399
1764721904475 0.03318323194980621 4415
1764721920212 0.03285345435142517 4431
1764721935925 0.03225698322057724 4447
1764721952524 0.031793661415576935 4463
1764721967630 0.03274970129132271 4479
1764721983192 0.03856564685702324 4495
1764721998681 0.037929099053144455 4511
1764722014307 0.03114754892885685 4527
1764722029925 0.035343047231435776 4543
1764722045552 0.036078549921512604 4559
1764722060855 0.04085461050271988 4575
1764722076416 0.03397861495614052 4591
1764722091613 0.04117818549275398 4607
1764722107554 0.0378754585981369 4623
1764722123156 0.033134691417217255 4639
1764722138712 0.0347311794757843 4655
1764722153917 0.0356169193983078 4671
1764722169907 0.033400747925043106 4687
1764722185278 0.03577752783894539 4703
1764722201265 0.02963794767856598 4719
1764722216501 0.03442838415503502 4735
1764722232173 0.036562178283929825 4751
