c<A>r<11>R<ASP> -5.505000 -9.887000 10.203000
c<A>r<30>R<ASN> -13.816000 -10.386000 10.940000
c<A>r<31>R<SER> -11.349000 -9.624000 8.035000
c<A>r<32>R<GLY> -8.950000 -6.611000 8.137000
c<A>r<33>R<GLY> -10.033000 -3.908000 10.611000
c<A>r<34>R<THR> -13.657000 -5.270000 10.726000
c<A>r<195>R<SER> -15.462000 -1.553000 6.923000
c<A>r<196>R<ASN> -12.382000 -0.242000 8.808000
c<A>r<197>R<THR> -9.123000 0.604000 6.979000
c<A>r<292>R<ASN> 7.389000 0.322000 -2.634000
c<A>r<293>R<ASN> 7.152000 0.158000 1.193000
c<B>r<2>R<ILE> -5.759000 -17.174000 4.276000
c<B>r<4>R<SER> -11.365000 -18.825001 5.622000
c<B>r<5>R<ASN> -13.705000 -16.322001 3.913000
c<B>r<6>R<GLU> -11.845000 -12.986000 3.839000
c<B>r<7>R<ILE> -12.116000 -9.655000 1.956000
c<B>r<8>R<GLY> -9.402000 -6.980000 2.123000
c<B>r<9>R<THR> -6.941000 -4.765000 0.222000
c<B>r<11>R<ASP> -0.622000 -4.003000 -2.146000
c<B>r<31>R<SER> 3.056000 -8.386000 -4.324000
