1764276933215 0.14953860640525818 33
1764276968572 0.1422589272260666 67
1764277004095 0.1458086520433426 101
1764277041119 0.13242298364639282 135
1764277078401 0.14260661602020264 169
1764277118026 0.161910742521286 203
1764277164304 0.12397991120815277 237
1764277207937 0.11407805234193802 271
1764277248716 0.1048138216137886 305
1764277293895 0.09073565900325775 339
1764277341138 0.08812002837657928 373
1764277380690 0.08657745271921158 407
1764277422409 0.08260437846183777 441
1764277466862 0.08093444257974625 475
1764277515753 0.08480720967054367 509
1764277557455 0.07243862748146057 543
1764277599072 0.06664641946554184 577
1764277636228 0.07267215847969055 611
1764277675269 0.09117724001407623 645
1764277716536 0.06601022928953171 679
1764277759443 0.07709880918264389 713
1764277798699 0.06850642710924149 747
1764277835889 0.06601542234420776 781
1764277873201 0.07968571782112122 815
1764277910112 0.06885324418544769 849
1764277946640 0.062374480068683624 883
1764277982911 0.07182259857654572 917
1764278020932 0.06331950426101685 951
1764278058286 0.07257840782403946 985
1764278095055 0.07043574750423431 1019
1764278133394 0.06250204145908356 1053
1764278169849 0.060956332832574844 1087
1764278205916 0.05531001836061478 1121
1764278242873 0.06292098760604858 1155
1764278280480 0.057220861315727234 1189
1764278316679 0.061362553387880325 1223
1764278352358 0.05704224854707718 1257
1764278388302 0.05886666104197502 1291
1764278424953 0.05514403432607651 1325
1764278461306 0.06466849893331528 1359
1764278498006 0.05181242898106575 1393
1764278534833 0.049972932785749435 1427
1764278571462 0.05939960107207298 1461
1764278607486 0.052867013961076736 1495
1764278642772 0.05846859887242317 1529
1764278678176 0.0605640709400177 1563
1764278714515 0.06575703620910645 1597
1764278750308 0.05994769185781479 1631
1764278786174 0.05102846026420593 1665
1764278822715 0.05240423232316971 1699
1764278859234 0.06257615983486176 1733
1764278895845 0.054589685052633286 1767
1764278934758 0.05188022181391716 1801
1764278974422 0.055072687566280365 1835
1764279012113 0.05551304295659065 1869
1764279050582 0.05336746945977211 1903
1764279087892 0.05770779028534889 1937
1764279124473 0.0695481076836586 1971
1764279161001 0.05071088299155235 2005
1764279197451 0.05232533812522888 2039
1764279233924 0.05371810123324394 2073
1764279270639 0.05971960723400116 2107
1764279307581 0.06021111086010933 2141
1764279344151 0.05433065444231033 2175
1764279379903 0.04489234834909439 2209
1764279416023 0.04906072840094566 2243
1764279452143 0.05317008122801781 2277
1764279488427 0.05055202543735504 2311
1764279524610 0.05641161650419235 2345
1764279560308 0.059251558035612106 2379
1764279596547 0.062448348850011826 2413
1764279633254 0.0566476471722126 2447
1764279669277 0.05845280736684799 2481
1764279705410 0.05397876352071762 2515
1764279741857 0.055008333176374435 2549
1764279777932 0.05620644614100456 2583
