c<A>r<20>R<ASP> -8.786000 14.436000 14.174000
c<A>r<21>R<PHE> -7.839000 12.775000 10.822000
c<A>r<22>R<TYR> -10.683000 10.183000 10.888000
c<A>r<23>R<HIS> -12.817000 9.820000 7.722000
c<A>r<25>R<HIS> -14.302000 14.654000 8.467000
c<A>r<26>R<HIS> -14.143000 13.645000 4.757000
c<A>r<27>R<PRO> -16.471001 15.726000 2.404000
c<A>r<117>R<LEU> -13.117000 1.299000 -7.839000
c<A>r<118>R<PRO> -9.315000 0.717000 -8.272000
c<A>r<119>R<GLY> -8.413000 3.514000 -5.792000
c<A>r<120>R<VAL> -10.646000 1.757000 -3.182000
c<A>r<121>R<ARG> -9.144000 -1.671000 -4.077000
c<A>r<122>R<PHE> -5.504000 -0.465000 -3.774000
c<A>r<123>R<ALA> -6.153000 1.328000 -0.439000
c<A>r<124>R<VAL> -7.919000 -1.789000 1.009000
c<A>r<125>R<ASP> -5.285000 -4.215000 -0.414000
c<A>r<126>R<ALA> -2.542000 -2.076000 1.225000
c<A>r<127>R<TYR> -4.200000 -2.950000 4.585000
c<A>r<129>R<ASN> -0.570000 -6.524000 2.560000
c<A>r<130>R<PHE> 0.590000 -4.646000 5.716000
c<A>r<131>R<ALA> -1.034000 -7.284000 7.996000
c<A>r<132>R<ARG> 0.643000 -10.151000 6.043000
c<A>r<133>R<ARG> 4.188000 -8.684000 6.389000
c<A>r<134>R<ALA> 4.371000 -6.517000 9.545000
c<A>r<135>R<CYS> 4.823000 -8.147000 12.973000
c<A>r<138>R<GLU> 1.828000 -3.722000 14.545000
c<A>r<201>R<GLU> 10.580000 4.682000 18.867001
c<A>r<202>R<LYS> 7.713000 2.100000 18.978001
c<A>r<205>R<ARG> 6.130000 4.047000 14.666000
c<A>r<207>R<LEU> 1.335000 6.692000 15.401000
c<A>r<208>R<GLU> 2.673000 6.409000 11.797000
c<A>r<209>R<ILE> 0.963000 2.952000 11.394000
c<A>r<210>R<LEU> -2.293000 4.517000 12.682000
c<A>r<211>R<GLN> -1.770000 7.381000 10.156000
c<A>r<212>R<PHE> -1.346000 4.768000 7.360000
c<A>r<213>R<LYS> -4.714000 3.245000 8.430000
c<A>r<214>R<LEU> -6.376000 6.720000 8.409000
c<A>r<215>R<ASP> -4.860000 7.362000 4.943000
c<A>r<216>R<ILE> -6.479000 4.097000 3.653000
c<A>r<218>R<TRP> -9.419000 8.734000 3.385000
c<A>r<219>R<SER> -8.138000 7.466000 -0.031000
c<A>r<220>R<MET> -11.182000 5.149000 -0.344000
c<A>r<222>R<ASP> -11.279000 10.271000 -2.472000
c<A>r<223>R<ALA> -11.753000 7.490000 -5.095000
c<A>r<225>R<THR> -15.534000 11.356000 -4.736000
c<A>r<226>R<MET> -13.841000 11.204000 -8.173000
c<A>r<227>R<ALA> -16.358000 8.622000 -9.487000
c<A>r<232>R<ARG> -14.775000 11.288000 -13.181000
c<A>r<233>R<PRO> -14.778000 7.472000 -12.767000
c<A>r<234>R<PRO> -11.698000 5.631000 -14.164000
c<A>r<235>R<TYR> -11.505000 5.953000 -18.000999
c<A>r<236>R<HIS> -14.355000 8.563000 -18.228001
c<A>r<237>R<THR> -12.506000 10.417000 -21.096001
c<A>r<238>R<VAL> -12.428000 7.310000 -23.377001
c<A>r<239>R<THR> -15.524000 5.285000 -22.361000
c<A>r<243>R<ALA> -13.246000 -0.828000 -17.764999
c<A>r<244>R<TRP> -11.159000 -1.424000 -14.564000
c<A>r<245>R<HIS> -9.988000 -4.893000 -13.382000
c<A>r<246>R<THR> -12.526000 -6.694000 -11.123000
c<A>r<247>R<THR> -10.493000 -9.644000 -9.691000
c<A>r<249>R<LEU> -5.542000 -11.170000 -8.965000
c<A>r<250>R<VAL> -3.286000 -12.846000 -6.261000
c<A>r<251>R<LEU> -6.099000 -14.731000 -4.395000
c<A>r<253>R<HIS> -7.973000 -17.083000 -10.936000
c<A>r<254>R<HIS> -10.690000 -16.136999 -13.451000
c<D>r<18>R<LYS> -5.640000 -1.709000 -24.058001
c<D>r<20>R<ASP> -7.040000 3.303000 -25.287001
c<D>r<21>R<PHE> -7.049000 3.092000 -21.444000
c<D>r<22>R<TYR> -3.466000 4.451000 -21.181999
c<D>r<23>R<HIS> -2.983000 7.324000 -18.707001
c<D>r<25>R<HIS> -5.956000 10.126000 -21.867001
c<D>r<26>R<HIS> -6.350000 11.084000 -18.172001
c<D>r<27>R<PRO> -7.405000 14.824000 -17.806000
c<D>r<117>R<LEU> 0.153000 11.192000 -1.634000
c<D>r<118>R<PRO> -1.384000 8.073000 0.055000
c<D>r<119>R<GLY> -3.512000 7.175000 -3.016000
c<D>r<120>R<VAL> -0.283000 7.240000 -5.126000
c<D>r<121>R<ARG> 1.608000 5.154000 -2.512000
c<D>r<122>R<PHE> -1.170000 2.492000 -2.330000
c<D>r<123>R<ALA> -1.461000 2.233000 -6.152000
c<D>r<124>R<VAL> 2.370000 1.943000 -6.573000
c<D>r<125>R<ASP> 2.686000 -0.553000 -3.656000
c<D>r<126>R<ALA> -0.105000 -2.676000 -5.231000
c<D>r<127>R<TYR> 2.222000 -3.066000 -8.278000
c<D>r<129>R<ASN> 2.946000 -6.568000 -4.049000
c<D>r<130>R<PHE> 1.481000 -8.106000 -7.265000
c<D>r<131>R<ALA> 5.015000 -8.813000 -8.608000
c<D>r<132>R<ARG> 6.036000 -10.408000 -5.237000
c<D>r<133>R<ARG> 3.111000 -12.921000 -5.341000
c<D>r<134>R<ALA> 2.205000 -13.585000 -8.979000
c<D>r<135>R<CYS> 4.105000 -16.159000 -11.040000
c<D>r<201>R<GLU> -8.005000 -18.351999 -20.306000
c<D>r<202>R<LYS> -4.341000 -17.165001 -20.079000
c<D>r<204>R<ASN> -8.045000 -13.074000 -20.801001
c<D>r<205>R<ARG> -5.956000 -13.270000 -17.590000
c<D>r<207>R<LEU> -5.612000 -8.570000 -20.559000
c<D>r<208>R<GLU> -6.837000 -8.238000 -16.941999
c<D>r<209>R<ILE> -3.238000 -7.983000 -15.552000
c<D>r<210>R<LEU> -2.559000 -5.264000 -18.167999
c<D>r<211>R<GLN> -5.829000 -3.539000 -17.069000
c<D>r<212>R<PHE> -4.657000 -3.665000 -13.400000
c<D>r<213>R<LYS> -1.398000 -1.936000 -14.486000
c<D>r<214>R<LEU> -3.450000 0.777000 -16.285999
c<D>r<215>R<ASP> -5.668000 1.173000 -13.162000
c<D>r<216>R<ILE> -2.493000 1.869000 -11.080000
c<D>r<218>R<TRP> -4.985000 6.192000 -13.452000
c<D>r<219>R<SER> -5.383000 5.939000 -9.625000
c<D>r<220>R<MET> -2.088000 7.851000 -9.173000
c<D>r<222>R<ASP> -6.879000 10.666000 -9.551000
c<D>r<223>R<ALA> -4.993000 11.216000 -6.240000
c<D>r<225>R<THR> -6.188000 15.533000 -9.321000
c<D>r<226>R<MET> -7.704000 15.646000 -5.803000
c<D>r<227>R<ALA> -4.558000 17.278999 -4.337000
c<D>r<232>R<ARG> -8.269000 18.910999 -1.925000
c<D>r<233>R<PRO> -5.110000 17.207001 -0.547000
c<D>r<234>R<PRO> -5.634000 14.430000 2.064000
c<D>r<235>R<TYR> -7.118000 15.956000 5.274000
c<D>r<236>R<HIS> -7.822000 19.408001 3.634000
c<D>r<237>R<THR> -11.053000 19.742001 5.749000
c<D>r<238>R<VAL> -9.103000 19.525000 9.079000
c<D>r<239>R<THR> -5.599000 20.908001 8.258000
c<D>r<243>R<ALA> -0.612000 14.943000 7.658000
c<D>r<244>R<TRP> -0.236000 11.541000 5.858000
c<D>r<245>R<HIS> 2.331000 8.750000 6.466000
c<D>r<246>R<THR> 5.718000 9.148000 4.672000
c<D>r<247>R<THR> 7.520000 5.880000 5.645000
c<D>r<249>R<LEU> 6.189000 0.643000 6.729000
c<D>r<250>R<VAL> 6.903000 -2.903000 5.281000
c<D>r<251>R<LEU> 10.347000 -2.302000 3.637000
c<D>r<253>R<HIS> 12.310000 -3.173000 9.385000
c<D>r<254>R<HIS> 13.755000 -1.376000 12.430000
