c<A>r<20>R<ASP> -3.612000 -20.712000 -8.782000
c<A>r<21>R<PHE> -3.680000 -17.201000 -7.401000
c<A>r<22>R<TYR> -0.571000 -15.912000 -9.349000
c<A>r<23>R<HIS> -1.085000 -12.495000 -11.033000
c<A>r<25>R<HIS> -4.688000 -14.675000 -13.949000
c<A>r<26>R<HIS> -5.311000 -10.894000 -13.449000
c<A>r<27>R<PRO> -7.456000 -9.286000 -16.257000
c<A>r<117>R<LEU> 0.698000 4.984000 -8.606000
c<A>r<118>R<PRO> 0.203000 5.241000 -4.723000
c<A>r<119>R<GLY> -1.614000 1.794000 -4.660000
c<A>r<120>R<VAL> 1.463000 0.206000 -6.341000
c<A>r<121>R<ARG> 3.815000 2.066000 -3.873000
c<A>r<122>R<PHE> 1.926000 0.924000 -0.779000
c<A>r<123>R<ALA> 1.795000 -2.734000 -2.008000
c<A>r<124>R<VAL> 5.521000 -2.874000 -2.929000
c<A>r<125>R<ASP> 6.614000 -1.086000 0.296000
c<A>r<126>R<ALA> 4.599000 -3.656000 2.260000
c<A>r<127>R<TYR> 6.958000 -6.327000 0.888000
c<A>r<129>R<ASN> 8.619000 -3.543000 5.377000
c<A>r<130>R<PHE> 7.763000 -7.240000 5.965000
c<A>r<131>R<ALA> 11.330000 -8.233000 5.042000
c<A>r<132>R<ARG> 12.713000 -5.663000 7.545000
c<A>r<133>R<ARG> 10.664000 -6.874000 10.471000
c<A>r<134>R<ALA> 10.079000 -10.634000 9.872000
c<A>r<135>R<CYS> 12.673000 -13.351000 10.685000
c<A>r<201>R<GLU> 1.870000 -24.198999 12.566000
c<A>r<202>R<LYS> 4.947000 -23.034000 10.542000
c<A>r<204>R<ASN> 0.098000 -22.782000 7.749000
c<A>r<205>R<ARG> 1.909000 -19.534000 8.565000
c<A>r<207>R<LEU> 1.078000 -20.486000 3.255000
c<A>r<208>R<GLU> -0.371000 -17.256001 4.705000
c<A>r<209>R<ILE> 2.955000 -15.439000 4.001000
c<A>r<210>R<LEU> 2.889000 -16.704000 0.405000
c<A>r<211>R<GLN> -0.734000 -15.462000 0.146000
c<A>r<212>R<PHE> 0.494000 -12.043000 1.433000
c<A>r<213>R<LYS> 3.012000 -12.012000 -1.429000
c<A>r<214>R<LEU> 0.320000 -12.989000 -3.971000
c<A>r<215>R<ASP> -1.901000 -10.153000 -2.611000
c<A>r<216>R<ILE> 0.978000 -7.646000 -3.201000
c<A>r<218>R<TRP> -2.580000 -8.690000 -7.442000
c<A>r<219>R<SER> -2.942000 -5.240000 -5.733000
c<A>r<220>R<MET> -0.258000 -3.741000 -8.000000
c<A>r<222>R<ASP> -5.602000 -3.478000 -9.338000
c<A>r<223>R<ALA> -4.025000 -0.018000 -9.014000
c<A>r<225>R<THR> -6.472000 -1.211000 -13.727000
c<A>r<226>R<MET> -8.067000 1.753000 -11.909000
c<A>r<232>R<ARG> -10.067000 6.438000 -12.532000
c<A>r<233>R<PRO> -6.461000 7.443000 -11.465000
c<A>r<234>R<PRO> -6.030000 9.074000 -8.029000
c<A>r<235>R<TYR> -8.163000 12.215000 -7.653000
c<A>r<236>R<HIS> -9.702000 11.988000 -11.176000
c<A>r<237>R<THR> -12.785000 13.784000 -9.811000
c<A>r<238>R<VAL> -10.741000 16.864000 -8.713000
c<A>r<239>R<THR> -7.865000 17.132000 -11.276000
c<A>r<243>R<ALA> -1.308000 14.886000 -7.798000
c<A>r<244>R<TRP> 0.067000 11.806000 -5.800000
c<A>r<245>R<HIS> 3.223000 11.820000 -3.657000
c<A>r<246>R<THR> 6.309000 10.602000 -5.522000
c<A>r<247>R<THR> 9.037000 10.312000 -2.872000
c<A>r<248>R<ARG> 10.228000 7.286000 -0.778000
c<A>r<249>R<LEU> 9.727000 9.450000 2.347000
c<A>r<250>R<VAL> 11.651000 7.291000 4.836000
c<A>r<251>R<LEU> 14.601000 6.633000 2.540000
c<A>r<253>R<HIS> 14.513000 13.745000 1.649000
c<A>r<254>R<HIS> 13.118000 14.820000 -1.757000
c<D>r<20>R<ASP> -9.014000 19.820000 -2.194000
c<D>r<21>R<PHE> -7.721000 16.285000 -2.404000
c<D>r<22>R<TYR> -9.547000 14.974000 0.768000
c<D>r<23>R<HIS> -11.325000 11.606000 0.270000
c<D>r<25>R<HIS> -14.356000 13.928000 -3.143000
c<D>r<26>R<HIS> -13.971000 10.156000 -3.879000
c<D>r<27>R<PRO> -16.916000 8.665000 -5.921000
c<D>r<117>R<LEU> -9.218000 -5.945000 1.540000
c<D>r<118>R<PRO> -5.363000 -6.269000 0.852000
c<D>r<119>R<GLY> -5.309000 -2.792000 -0.895000
c<D>r<120>R<VAL> -6.802000 -1.235000 2.294000
c<D>r<121>R<ARG> -4.274000 -3.206000 4.481000
c<D>r<122>R<PHE> -1.249000 -2.090000 2.480000
c<D>r<123>R<ALA> -2.397000 1.594000 2.484000
c<D>r<124>R<VAL> -3.140000 1.673000 6.252000
c<D>r<125>R<ASP> 0.094000 -0.207000 7.145000
c<D>r<126>R<ALA> 2.017000 2.364000 5.101000
c<D>r<127>R<TYR> 0.816000 5.013000 7.579000
c<D>r<129>R<ASN> 5.308000 2.098000 8.963000
c<D>r<130>R<PHE> 5.938000 5.798000 8.161000
c<D>r<131>R<ALA> 5.216000 6.729000 11.792000
c<D>r<132>R<ARG> 7.723000 4.075000 12.990000
c<D>r<133>R<ARG> 10.569000 5.264000 10.823000
c<D>r<134>R<ALA> 10.032000 9.049000 10.361000
c<D>r<135>R<CYS> 11.027000 11.684000 12.977000
c<D>r<201>R<GLU> 12.637000 22.730000 2.321000
c<D>r<202>R<LYS> 10.740000 21.537001 5.462000
c<D>r<204>R<ASN> 7.712000 21.452000 0.758000
c<D>r<205>R<ARG> 8.540000 18.150999 2.451000
c<D>r<207>R<LEU> 3.212000 19.236000 1.910000
c<D>r<208>R<GLU> 4.519000 16.013000 0.317000
c<D>r<209>R<ILE> 3.941000 14.136000 3.632000
c<D>r<210>R<LEU> 0.376000 15.482000 3.774000
c<D>r<211>R<GLN> -0.091000 14.330000 0.142000
c<D>r<212>R<PHE> 1.187000 10.853000 1.235000
c<D>r<213>R<LYS> -1.558000 10.831000 3.886000
c<D>r<214>R<LEU> -4.200000 11.922000 1.334000
c<D>r<215>R<ASP> -3.004000 9.113000 -1.010000
c<D>r<216>R<ILE> -3.512000 6.551000 1.835000
c<D>r<218>R<TRP> -7.890000 7.762000 -1.494000
c<D>r<219>R<SER> -6.284000 4.284000 -2.010000
c<D>r<220>R<MET> -8.456000 2.783000 0.747000
c<D>r<222>R<ASP> -10.041000 2.673000 -4.535000
c<D>r<223>R<ALA> -9.723000 -0.828000 -3.051000
c<D>r<225>R<THR> -14.514000 0.519000 -5.242000
c<D>r<226>R<MET> -12.839000 -2.444000 -6.984000
c<D>r<232>R<ARG> -13.645000 -7.064000 -9.061000
c<D>r<233>R<PRO> -12.451000 -8.173000 -5.536000
c<D>r<234>R<PRO> -9.044000 -9.893000 -5.300000
c<D>r<235>R<TYR> -8.844000 -12.992000 -7.516000
c<D>r<236>R<HIS> -12.426000 -12.639000 -8.885000
c<D>r<237>R<THR> -11.257000 -14.405000 -12.059000
c<D>r<238>R<VAL> -10.115000 -17.547001 -10.128000
c<D>r<239>R<THR> -12.561000 -17.825001 -7.152000
c<D>r<243>R<ALA> -8.721000 -15.806000 -0.719000
c<D>r<244>R<TRP> -6.594000 -12.802000 0.629000
c<D>r<245>R<HIS> -4.309000 -12.923000 3.673000
c<D>r<246>R<THR> -5.998000 -11.745000 6.873000
c<D>r<247>R<THR> -3.217000 -11.585000 9.468000
c<D>r<248>R<ARG> -0.990000 -8.640000 10.618000
c<D>r<249>R<LEU> 2.061000 -10.851000 9.926000
c<D>r<250>R<VAL> 4.680000 -8.792000 11.783000
c<D>r<251>R<LEU> 2.541000 -8.151000 14.843000
c<D>r<253>R<HIS> 1.461000 -15.251000 14.651000
c<D>r<254>R<HIS> -2.037000 -16.223000 13.413000
