c<A>r<16>R<TYR> -4.878000 6.465000 4.481000
c<A>r<17>R<ILE> -2.877000 3.341000 3.842000
c<A>r<18>R<PHE> -2.349000 1.391000 7.076000
c<A>r<19>R<THR> 0.753000 -0.791000 6.588000
c<A>r<20>R<GLY> 2.932000 -3.449000 8.274000
c<A>r<21>R<ASP> 3.254000 -6.975000 9.713000
c<A>r<26>R<ALA> 2.970000 2.196000 10.041000
c<A>r<27>R<ILE> 0.481000 4.729000 8.518000
c<A>r<28>R<TYR> 0.692000 6.873000 5.318000
c<A>r<29>R<LEU> -1.582000 9.483000 3.617000
c<A>r<30>R<ASP> -3.277000 8.553000 0.270000
c<A>r<31>R<GLU> -5.869000 11.356000 -0.396000
c<A>r<84>R<GLU> -0.102000 -13.905000 6.100000
c<A>r<87>R<GLU> 4.906000 -13.981000 5.577000
c<A>r<88>R<THR> 4.250000 -10.699000 3.727000
c<A>r<89>R<ALA> 3.867000 -7.128000 5.060000
c<A>r<90>R<LYS> 0.783000 -5.452000 3.429000
c<A>r<91>R<GLY> -1.075000 -2.160000 2.882000
c<A>r<92>R<PHE> -4.831000 -1.595000 3.491000
c<A>r<93>R<GLU> -7.116000 1.325000 2.476000
c<A>r<121>R<TYR> 1.464000 9.384000 12.495000
c<A>r<122>R<LYS> 1.038000 13.159000 11.763000
c<A>r<123>R<HIS> 0.162000 15.448000 8.838000
c<A>r<124>R<ILE> -0.688000 19.183001 8.423000
c<A>r<125>R<VAL> -4.030000 19.702000 6.612000
c<A>r<129>R<ASP> -5.325000 23.690001 -0.445000
c<A>r<130>R<ILE> -6.142000 23.087999 -4.150000
c<A>r<131>R<LEU> -5.168000 19.333000 -4.122000
c<A>r<132>R<ILE> -7.873000 18.304001 -1.544000
c<A>r<133>R<HIS> -10.040000 16.306999 -4.021000
c<A>r<134>R<LYS> -13.301000 18.334000 -4.298000
c<A>r<135>R<ARG> -15.624000 15.211000 -4.419000
c<A>r<136>R<GLY> -19.444000 14.848000 -4.181000
c<A>r<137>R<VAL> -20.254999 17.856001 -6.493000
c<A>r<138>R<SER> -21.155001 15.735000 -9.602000
c<A>r<139>R<HIS> -22.823999 12.349000 -10.423000
c<A>r<204>R<THR> -21.386999 -4.783000 -13.547000
c<A>r<205>R<ASP> -21.834999 -8.377000 -12.285000
c<A>r<209>R<SER> -16.941999 -12.662000 -5.502000
c<A>r<210>R<VAL> -16.013000 -16.209000 -4.262000
c<A>r<211>R<PRO> -12.190000 -16.745001 -4.606000
c<A>r<212>R<ARG> -12.180000 -20.541000 -3.730000
c<A>r<213>R<GLU> -14.757000 -21.226999 -6.504000
c<A>r<214>R<ASN> -12.727000 -18.875000 -8.829000
c<A>r<215>R<GLN> -15.880000 -16.622999 -9.062000
c<A>r<216>R<TRP> -14.231000 -13.179000 -9.470000
c<A>r<217>R<LYS> -16.719000 -10.334000 -10.208000
c<A>r<218>R<GLN> -16.796000 -6.620000 -11.114000
c<A>r<224>R<HIS> -15.152000 -11.117000 -1.858000
c<A>r<225>R<PHE> -15.712000 -14.210000 0.313000
c<A>r<226>R<ASP> -12.739000 -16.332001 1.579000
c<A>r<227>R<THR> -11.328000 -13.304000 3.491000
c<A>r<228>R<PHE> -8.162000 -14.428000 5.305000
c<A>r<229>R<TYR> -8.951000 -17.964001 3.949000
c<A>r<237>R<SER> -10.269000 -3.981000 1.209000
c<B>r<16>R<TYR> 2.117000 -2.520000 -4.406000
c<B>r<17>R<ILE> 1.963000 0.607000 -2.283000
c<B>r<18>R<PHE> 5.258000 2.564000 -2.282000
c<B>r<19>R<THR> 5.480000 4.618000 0.954000
c<B>r<20>R<GLY> 7.774000 7.057000 2.811000
c<B>r<21>R<ASP> 9.305000 10.469000 3.570000
c<B>r<26>R<ALA> 9.267000 1.388000 2.379000
c<B>r<27>R<ILE> 7.217000 -0.946000 0.089000
c<B>r<28>R<TYR> 4.098000 -3.061000 0.872000
c<B>r<29>R<LEU> 1.963000 -5.558000 -1.132000
c<B>r<30>R<ASP> -1.710000 -4.628000 -1.821000
c<B>r<31>R<GLU> -3.121000 -6.985000 -4.555000
c<B>r<84>R<GLU> 5.609000 17.924999 0.893000
c<B>r<87>R<GLU> 6.547000 17.705000 6.187000
c<B>r<88>R<THR> 4.316000 14.627000 5.503000
c<B>r<89>R<ALA> 4.830000 10.901000 4.712000
c<B>r<90>R<LYS> 2.670000 9.579000 1.783000
c<B>r<91>R<GLY> 1.857000 6.435000 -0.235000
c<B>r<92>R<PHE> 1.415000 5.776000 -3.991000
c<B>r<93>R<GLU> -0.199000 2.917000 -5.974000
c<B>r<121>R<TYR> 11.046000 -5.721000 0.200000
c<B>r<122>R<LYS> 10.025000 -9.415000 -0.155000
c<B>r<123>R<HIS> 6.739000 -11.296000 -0.578000
c<B>r<124>R<ILE> 5.707000 -14.804000 -1.746000
c<B>r<125>R<VAL> 3.355000 -15.499000 -4.684000
c<B>r<129>R<ASP> -3.672000 -19.511999 -4.560000
c<B>r<130>R<ILE> -7.398000 -18.614000 -4.669000
c<B>r<131>R<LEU> -6.967000 -14.928000 -3.501000
c<B>r<132>R<ILE> -4.798000 -13.948000 -6.550000
c<B>r<133>R<HIS> -7.532000 -11.886000 -8.283000
c<B>r<134>R<LYS> -8.347000 -13.680000 -11.594000
c<B>r<135>R<ARG> -8.818000 -10.298000 -13.462000
c<B>r<136>R<GLY> -9.485000 -9.813000 -17.214001
c<B>r<137>R<VAL> -11.999000 -12.711000 -17.723000
c<B>r<138>R<SER> -15.202000 -10.545000 -17.950001
c<B>r<139>R<HIS> -16.351000 -7.084000 -19.212999
c<B>r<204>R<THR> -18.289000 10.035000 -16.468000
c<B>r<205>R<ASP> -17.037001 13.621000 -17.031000
c<B>r<209>R<SER> -9.144000 17.743000 -13.437000
c<B>r<210>R<VAL> -7.487000 21.184999 -12.831000
c<B>r<211>R<PRO> -6.997000 21.573999 -9.008000
c<B>r<212>R<ARG> -5.901000 25.312000 -9.009000
c<B>r<213>R<GLU> -9.168000 26.259001 -10.820000
c<B>r<214>R<ASN> -11.154000 23.943001 -8.441000
c<B>r<215>R<GLN> -12.049000 21.827000 -11.555000
c<B>r<216>R<TRP> -12.550000 18.204000 -10.369000
c<B>r<217>R<LYS> -13.955000 15.403000 -12.567000
c<B>r<218>R<GLN> -14.986000 11.726000 -12.425000
c<B>r<224>R<HIS> -5.164000 15.980000 -12.628000
c<B>r<225>R<PHE> -2.940000 18.962000 -13.481000
c<B>r<226>R<ASP> -1.050000 20.868000 -10.706000
c<B>r<227>R<THR> 0.940000 17.723000 -9.697000
c<B>r<228>R<PHE> 3.462000 18.708000 -6.995000
c<B>r<229>R<TYR> 1.940000 22.249001 -7.368000
c<B>r<237>R<SER> -1.831000 8.296000 -8.525000
