c<A>r<16>R<TYR> -0.717000 -0.104000 -8.715000
c<A>r<17>R<ILE> -2.507000 2.151000 -6.311000
c<A>r<18>R<PHE> -5.842000 3.350000 -7.721000
c<A>r<19>R<THR> -6.629000 6.696000 -5.972000
c<A>r<20>R<GLY> -9.306000 9.358000 -5.917000
c<A>r<21>R<ASP> -12.936000 10.142000 -4.921000
c<A>r<26>R<ALA> -5.529000 8.837000 -10.539000
c<A>r<27>R<ILE> -3.151000 5.804000 -10.868000
c<A>r<28>R<TYR> 0.301000 5.420000 -9.375000
c<A>r<29>R<LEU> 2.972000 2.723000 -9.524000
c<A>r<30>R<ASP> 3.604000 0.903000 -6.210000
c<A>r<31>R<GLU> 6.159000 -1.848000 -7.209000
c<A>r<87>R<GLU> -16.452000 12.836000 1.154000
c<A>r<88>R<THR> -13.067000 11.097000 1.356000
c<A>r<89>R<ALA> -10.265000 10.457000 -1.244000
c<A>r<90>R<LYS> -8.658000 6.969000 -0.774000
c<A>r<91>R<GLY> -6.074000 4.669000 -2.370000
c<A>r<92>R<PHE> -6.695000 0.929000 -3.331000
c<A>r<93>R<GLU> -4.177000 -1.887000 -4.085000
c<A>r<121>R<TYR> -1.225000 6.128000 -16.382000
c<A>r<122>R<LYS> 1.797000 5.396000 -18.527000
c<A>r<123>R<HIS> 5.221000 4.214000 -17.421000
c<A>r<124>R<ILE> 8.294000 2.550000 -18.929001
c<A>r<129>R<ASP> 15.986000 -2.801000 -13.650000
c<A>r<130>R<ILE> 17.593000 -4.145000 -10.489000
c<A>r<131>R<LEU> 14.634000 -2.928000 -8.369000
c<A>r<132>R<ILE> 12.196000 -5.363000 -10.043000
c<A>r<133>R<HIS> 11.463000 -7.603000 -6.958000
c<A>r<134>R<LYS> 12.072000 -11.277000 -7.677000
c<A>r<135>R<ARG> 9.274000 -13.378000 -6.027000
c<A>r<137>R<VAL> 11.787000 -18.492001 -5.929000
c<A>r<138>R<SER> 11.671000 -19.472000 -2.259000
c<A>r<139>R<HIS> 9.096000 -20.177000 0.525000
c<A>r<204>R<THR> -3.229000 -16.860001 12.433000
c<A>r<205>R<ASP> -6.907000 -16.735001 13.548000
c<A>r<209>R<SER> -13.026000 -10.160000 10.410000
c<A>r<210>R<VAL> -16.545000 -8.739000 11.122000
c<A>r<211>R<PRO> -16.075001 -4.954000 11.951000
c<A>r<212>R<ARG> -19.782000 -4.362000 13.035000
c<A>r<213>R<GLU> -19.162001 -7.067000 15.692000
c<A>r<214>R<ASN> -15.839000 -5.530000 16.660999
c<A>r<215>R<GLN> -14.152000 -8.793000 15.613000
c<A>r<216>R<TRP> -10.805000 -8.189000 13.915000
c<A>r<217>R<LYS> -8.945000 -11.369000 12.952000
c<A>r<218>R<GLN> -5.391000 -11.750000 11.591000
c<A>r<224>R<HIS> -13.516000 -8.487000 6.344000
c<A>r<225>R<PHE> -17.357000 -8.125000 6.208000
c<A>r<226>R<ASP> -19.030001 -4.658000 6.177000
c<A>r<227>R<THR> -17.222000 -3.532000 3.095000
c<A>r<228>R<PHE> -18.608000 -0.031000 2.254000
c<A>r<229>R<TYR> -20.787001 -0.575000 5.435000
c<B>r<17>R<TYR> -1.648000 7.506000 4.077000
c<B>r<18>R<ILE> -0.344000 7.004000 0.596000
c<B>r<19>R<PHE> 1.853000 9.919000 -0.522000
c<B>r<20>R<THR> 1.684000 9.981000 -4.377000
c<B>r<21>R<GLY> 3.072000 11.952000 -7.275000
c<B>r<22>R<ASP> 6.266000 12.792000 -9.265000
c<B>r<27>R<ALA> -1.188000 14.229000 -3.729000
c<B>r<28>R<ILE> -2.224000 12.465000 -0.452000
c<B>r<29>R<TYR> -4.825000 9.742000 -0.035000
c<B>r<30>R<LEU> -6.221000 7.836000 2.937000
c<B>r<31>R<ASP> -5.305000 4.108000 3.031000
c<B>r<32>R<GLU> -6.774000 2.950000 6.441000
c<B>r<88>R<GLU> 9.813000 10.009000 -15.281000
c<B>r<89>R<THR> 7.479000 7.904000 -13.132000
c<B>r<90>R<ALA> 4.606000 8.780000 -10.672000
c<B>r<91>R<LYS> 4.611000 6.460000 -7.581000
c<B>r<92>R<GLY> 2.811000 5.969000 -4.252000
c<B>r<93>R<PHE> 4.566000 5.630000 -0.776000
c<B>r<94>R<GLU> 3.212000 4.254000 2.556000
c<B>r<122>R<TYR> -5.370000 16.502001 2.376000
c<B>r<123>R<LYS> -8.295000 16.900000 4.741000
c<B>r<124>R<HIS> -10.657000 14.214000 6.004000
c<B>r<125>R<ILE> -13.118000 13.682000 8.855000
c<B>r<130>R<ASP> -16.722000 4.290000 12.655000
c<B>r<131>R<ILE> -16.900999 0.501000 12.646000
c<B>r<132>R<LEU> -14.220000 0.310000 9.906000
c<B>r<133>R<ILE> -11.503000 1.738000 12.194000
c<B>r<134>R<HIS> -9.266000 -1.428000 12.433000
c<B>r<135>R<LYS> -8.582000 -2.423000 16.032000
c<B>r<136>R<ARG> -4.896000 -3.554000 16.351000
c<B>r<138>R<VAL> -5.151000 -6.505000 21.247999
c<B>r<139>R<SER> -3.807000 -9.930000 20.275999
c<B>r<140>R<HIS> -0.590000 -11.568000 18.917000
c<B>r<205>R<THR> 11.970000 -15.694000 7.518000
c<B>r<206>R<ASP> 15.458000 -15.179000 6.010000
c<B>r<210>R<SER> 17.681000 -7.727000 0.518000
c<B>r<211>R<VAL> 20.444000 -6.455000 -1.852000
c<B>r<212>R<PRO> 18.782000 -5.922000 -5.338000
c<B>r<213>R<ARG> 22.128000 -5.216000 -7.232000
c<B>r<214>R<GLU> 23.230000 -8.707000 -6.077000
c<B>r<215>R<ASN> 19.886999 -10.222000 -7.044000
c<B>r<216>R<GLN> 19.400000 -11.195000 -3.389000
c<B>r<217>R<TRP> 15.777000 -10.802000 -2.304000
c<B>r<218>R<LYS> 15.099000 -11.888000 1.284000
c<B>r<219>R<GLN> 11.743000 -12.239000 3.092000
c<B>r<225>R<HIS> 16.534000 -3.486000 0.932000
c<B>r<226>R<PHE> 19.796000 -1.759000 -0.209000
c<B>r<227>R<ASP> 19.955000 0.193000 -3.522000
c<B>r<228>R<THR> 17.191999 2.527000 -2.561000
c<B>r<229>R<PHE> 16.898001 5.070000 -5.445000
c<B>r<230>R<TYR> 19.794001 3.021000 -7.036000
