1765266855692 0.04194262623786926 2413
1765266867712 0.051199134439229965 2447
1765266880273 0.04249598830938339 2481
1765266892787 0.05075087770819664 2515
1765266905758 0.04561411589384079 2549
1765266918053 0.04878465458750725 2583
1765266930303 0.03450483828783035 2617
1765266941760 0.04523228108882904 2651
1765266953452 0.050323307514190674 2685
1765266965407 0.040183499455451965 2719
1765266977521 0.05024058371782303 2753
1765266989794 0.043764080852270126 2787
1765267001883 0.04385777562856674 2821
1765267013831 0.04460612311959267 2855
1765267025852 0.043932411819696426 2889
1765267037861 0.04484475776553154 2923
1765267049799 0.0461803562939167 2957
1765267061534 0.04052659496665001 2991
1765267073479 0.04234912618994713 3025
1765267085501 0.04751270264387131 3059
1765267097214 0.04217333346605301 3093
1765267109172 0.042032185941934586 3127
1765267121410 0.04111088067293167 3161
1765267133126 0.04780392721295357 3195
1765267145114 0.04418126866221428 3229
1765267157177 0.03744453191757202 3263
