c<E>r<61>R<ASN> 12.129000 11.939000 0.932000
c<E>r<62>R<ASN> 11.887000 8.178000 1.325000
c<E>r<63>R<SER> 9.180000 7.755000 4.003000
c<E>r<64>R<HIS> 11.020000 4.971000 5.817000
c<E>r<96>R<LEU> 19.947001 7.297000 3.343000
c<E>r<97>R<GLY> 18.774000 9.422000 0.440000
c<E>r<98>R<ALA> 15.388000 9.650000 -1.224000
c<E>r<99>R<ASP> 16.277000 6.399000 -3.077000
c<E>r<100>R<GLY> 16.746000 4.648000 0.279000
c<E>r<101>R<SER> 20.421000 4.075000 -0.539000
c<E>r<102>R<GLY> 23.393999 4.986000 1.593000
c<E>r<126>R<LEU> 18.778000 -1.072000 7.366000
c<E>r<127>R<GLY> 21.066000 -3.844000 6.233000
c<E>r<128>R<GLY> 23.188999 -5.132000 3.416000
c<E>r<129>R<PRO> 24.636999 -8.495000 2.477000
c<E>r<154>R<GLY> 16.934999 -8.366000 6.990000
c<E>r<155>R<ASN> 14.206000 -9.378000 4.580000
c<E>r<156>R<GLU> 16.105000 -12.129000 2.829000
c<E>r<157>R<GLY> 13.983000 -15.078000 3.927000
c<E>r<158>R<THR> 15.633000 -18.475000 3.781000
c<E>r<159>R<SER> 18.558001 -19.660999 1.658000
c<E>r<160>R<GLY> 19.139999 -23.393999 2.288000
c<E>r<181>R<ASP> 2.675000 -11.195000 12.432000
c<E>r<185>R<GLN> 4.110000 -16.465000 12.996000
c<E>r<186>R<ARG> 7.425000 -15.646000 11.388000
c<E>r<187>R<ALA> 6.968000 -13.594000 8.219000
c<E>r<188>R<SER> 8.275000 -15.449000 5.140000
c<E>r<189>R<PHE> 10.589000 -12.573000 4.249000
c<E>r<190>R<SER> 12.248000 -12.483000 7.705000
c<E>r<202>R<GLY> 6.696000 -6.610000 11.351000
c<E>r<203>R<VAL> 3.666000 -7.334000 9.136000
c<E>r<204>R<SER> 1.173000 -4.602000 8.228000
c<E>r<205>R<ILE> 2.583000 -2.106000 10.743000
c<E>r<206>R<GLN> 0.630000 1.119000 10.791000
c<E>r<215>R<GLY> 0.283000 3.835000 6.384000
c<E>r<216>R<ALA> 1.217000 0.231000 6.884000
c<E>r<217>R<TYR> 4.478000 -1.413000 5.898000
c<E>r<218>R<ASN> 6.024000 -4.863000 6.075000
c<E>r<219>R<GLY> 9.611000 -5.625000 6.994000
c<E>r<221>R<SER> 12.648000 -2.533000 9.452000
c<I>r<19>R<ASN> 27.955999 -13.077000 -5.558000
c<I>r<20>R<LEU> 24.363001 -11.832000 -5.593000
c<I>r<21>R<LYS> 22.391001 -8.587000 -5.633000
c<I>r<22>R<THR> 19.362000 -9.206000 -3.442000
c<I>r<23>R<GLU> 18.240999 -5.747000 -2.359000
c<I>r<24>R<TRP> 17.533001 -2.471000 -4.105000
c<I>r<25>R<PRO> 17.525000 0.192000 -1.374000
c<I>r<26>R<GLU> 18.202999 2.820000 -4.049000
c<I>r<27>R<LEU> 14.716000 2.127000 -5.373000
c<I>r<28>R<VAL> 12.517000 3.457000 -2.545000
c<I>r<29>R<GLY> 10.332000 6.202000 -4.023000
c<I>r<30>R<LYS> 10.782000 5.347000 -7.704000
c<I>r<52>R<PRO> 0.244000 -2.978000 -2.156000
c<I>r<53>R<VAL> 2.080000 -2.168000 1.125000
c<I>r<54>R<GLY> 0.560000 -4.088000 4.050000
c<I>r<55>R<THR> 0.013000 -7.340000 2.088000
c<I>r<56>R<ILE> 0.616000 -10.602000 3.951000
c<I>r<57>R<VAL> 2.448000 -13.094000 1.730000
c<I>r<58>R<THR> 3.013000 -16.860001 1.940000
c<I>r<59>R<MET> 6.218000 -17.844999 3.772000
c<I>r<60>R<GLU> 7.704000 -19.438999 0.621000
c<I>r<61>R<TYR> 11.215000 -18.410999 -0.504000
c<I>r<62>R<ARG> 11.913000 -17.996000 -4.249000
c<I>r<63>R<ILE> 15.334000 -16.943001 -5.505000
c<I>r<69>R<PHE> 5.571000 -3.100000 -2.353000
c<I>r<70>R<VAL> 3.789000 -0.047000 -3.747000
c<I>r<71>R<ASP> 1.951000 3.006000 -2.429000
c<I>r<76>R<ILE> 8.210000 1.744000 -4.331000
c<I>r<77>R<ALA> 7.463000 2.176000 -0.632000
c<I>r<78>R<GLU> 9.949000 -0.316000 0.843000
c<I>r<79>R<VAL> 13.339000 -1.694000 -0.216000
c<I>r<80>R<PRO> 12.828000 -4.357000 -2.891000
c<I>r<81>R<ARG> 14.413000 -7.736000 -2.048000
c<I>r<82>R<VAL> 14.704000 -11.248000 -3.498000
c<I>r<83>R<GLY> 12.426000 -13.985000 -2.160000
