c<E>r<5>R<PRO> -1.269000 -0.317000 16.277000
c<E>r<6>R<TYR> -1.457000 -4.013000 17.132000
c<E>r<33>R<SER> 16.183001 8.313000 5.710000
c<E>r<61>R<ASN> 12.129000 11.939000 0.932000
c<E>r<62>R<ASN> 11.887000 8.178000 1.325000
c<E>r<63>R<SER> 9.180000 7.755000 4.003000
c<E>r<64>R<HIS> 11.020000 4.971000 5.817000
c<E>r<66>R<THR> 9.277000 8.643000 9.462000
c<E>r<67>R<HIS> 7.474000 5.303000 9.650000
c<E>r<97>R<GLY> 18.774000 9.422000 0.440000
c<E>r<98>R<ALA> 15.388000 9.650000 -1.224000
c<E>r<99>R<ASP> 16.277000 6.399000 -3.077000
c<E>r<100>R<GLY> 16.746000 4.648000 0.279000
c<E>r<101>R<SER> 20.421000 4.075000 -0.539000
c<E>r<154>R<GLY> 16.934999 -8.366000 6.990000
c<E>r<155>R<ASN> 14.206000 -9.378000 4.580000
c<E>r<156>R<GLU> 16.105000 -12.129000 2.829000
c<E>r<157>R<GLY> 13.983000 -15.078000 3.927000
c<E>r<158>R<THR> 15.633000 -18.475000 3.781000
c<E>r<159>R<SER> 18.558001 -19.660999 1.658000
c<E>r<160>R<GLY> 19.139999 -23.393999 2.288000
c<E>r<164>R<THR> 20.552000 -14.602000 5.735000
c<E>r<165>R<VAL> 20.934999 -12.011000 8.555000
c<E>r<180>R<VAL> 6.354000 -11.953000 13.198000
c<E>r<181>R<ASP> 2.675000 -11.195000 12.432000
c<E>r<182>R<SER> -0.208000 -10.833000 14.907000
c<E>r<183>R<SER> -0.409000 -14.617000 15.263000
c<E>r<185>R<GLN> 4.110000 -16.465000 12.996000
c<E>r<187>R<ALA> 6.968000 -13.594000 8.219000
c<E>r<188>R<SER> 8.275000 -15.449000 5.140000
c<E>r<189>R<PHE> 10.589000 -12.573000 4.249000
c<E>r<190>R<SER> 12.248000 -12.483000 7.705000
c<E>r<191>R<SER> 15.972000 -13.277000 7.601000
c<E>r<192>R<VAL> 17.143000 -16.370001 9.468000
c<E>r<202>R<GLY> 6.696000 -6.610000 11.351000
c<E>r<203>R<VAL> 3.666000 -7.334000 9.136000
c<E>r<204>R<SER> 1.173000 -4.602000 8.228000
c<E>r<205>R<ILE> 2.583000 -2.106000 10.743000
c<E>r<206>R<GLN> 0.630000 1.119000 10.791000
c<E>r<208>R<THR> 3.341000 7.803000 10.512000
c<E>r<209>R<LEU> 4.224000 8.835000 6.975000
c<E>r<210>R<PRO> 5.500000 12.204000 5.701000
c<E>r<211>R<GLY> 2.965000 14.921000 5.032000
c<E>r<212>R<ASN> 0.529000 14.165000 7.844000
c<E>r<213>R<LYS> -0.254000 10.675000 6.609000
c<E>r<214>R<TYR> -0.377000 7.162000 8.058000
c<E>r<215>R<GLY> 0.283000 3.835000 6.384000
c<E>r<216>R<ALA> 1.217000 0.231000 6.884000
c<E>r<217>R<TYR> 4.478000 -1.413000 5.898000
c<E>r<218>R<ASN> 6.024000 -4.863000 6.075000
c<E>r<219>R<GLY> 9.611000 -5.625000 6.994000
c<E>r<220>R<THR> 12.147000 -6.313000 9.647000
c<E>r<221>R<SER> 12.648000 -2.533000 9.452000
c<I>r<19>R<ASN> 16.879000 -14.223000 -0.231000
c<I>r<20>R<LEU> 13.959000 -11.847000 -0.772000
c<I>r<21>R<LYS> 13.241000 -8.325000 -1.994000
c<I>r<22>R<THR> 10.451000 -7.026000 0.216000
c<I>r<23>R<GLU> 10.726000 -3.249000 -0.014000
c<I>r<24>R<TRP> 11.005000 -0.731000 -2.819000
c<I>r<25>R<PRO> 12.226000 2.503000 -1.206000
c<I>r<26>R<GLU> 13.468000 3.642000 -4.625000
c<I>r<27>R<LEU> 9.831000 3.863000 -5.684000
c<I>r<28>R<VAL> 8.560000 6.768000 -3.551000
c<I>r<29>R<GLY> 7.310000 9.450000 -5.945000
c<I>r<52>R<PRO> -5.056000 5.766000 -1.145000
c<I>r<53>R<VAL> -2.698000 6.904000 1.672000
c<I>r<54>R<GLY> -4.450000 6.771000 5.058000
c<I>r<55>R<THR> -6.305000 3.485000 4.362000
c<I>r<56>R<ILE> -6.665000 1.056000 7.269000
c<I>r<57>R<VAL> -6.070000 -2.521000 6.108000
c<I>r<58>R<THR> -6.824000 -5.928000 7.646000
c<I>r<59>R<MET> -3.975000 -7.334000 9.768000
c<I>r<60>R<GLU> -3.496000 -10.317000 7.413000
c<I>r<61>R<TYR> 0.005000 -11.078000 6.064000
c<I>r<62>R<ARG> 0.379000 -12.227000 2.428000
c<I>r<63>R<ILE> 3.789000 -12.978000 0.945000
c<I>r<66>R<VAL> 2.376000 -5.686000 -2.782000
c<I>r<67>R<ARG> 0.236000 -2.741000 -1.652000
c<I>r<69>R<PHE> -0.158000 3.658000 -1.185000
c<I>r<77>R<ALA> 3.624000 8.133000 -1.404000
c<I>r<78>R<GLU> 5.242000 5.560000 0.902000
c<I>r<79>R<VAL> 7.803000 2.774000 0.464000
c<I>r<80>R<PRO> 6.106000 -0.252000 -1.106000
c<I>r<81>R<ARG> 6.507000 -3.481000 0.906000
c<I>r<82>R<VAL> 5.399000 -7.126000 0.797000
c<I>r<83>R<GLY> 2.480000 -8.228000 2.973000
