c<E>r<5>R<PRO> -1.269000 -0.317000 16.277000
c<E>r<6>R<TYR> -1.457000 -4.013000 17.132000
c<E>r<60>R<ASP> 12.182000 12.531000 4.701000
c<E>r<61>R<ASN> 12.129000 11.939000 0.932000
c<E>r<62>R<ASN> 11.887000 8.178000 1.325000
c<E>r<63>R<SER> 9.180000 7.755000 4.003000
c<E>r<64>R<HIS> 11.020000 4.971000 5.817000
c<E>r<96>R<LEU> 19.947001 7.297000 3.343000
c<E>r<97>R<GLY> 18.774000 9.422000 0.440000
c<E>r<98>R<ALA> 15.388000 9.650000 -1.224000
c<E>r<99>R<ASP> 16.277000 6.399000 -3.077000
c<E>r<100>R<GLY> 16.746000 4.648000 0.279000
c<E>r<101>R<SER> 20.421000 4.075000 -0.539000
c<E>r<154>R<GLY> 16.934999 -8.366000 6.990000
c<E>r<155>R<ASN> 14.206000 -9.378000 4.580000
c<E>r<156>R<GLU> 16.105000 -12.129000 2.829000
c<E>r<157>R<GLY> 13.983000 -15.078000 3.927000
c<E>r<158>R<THR> 15.633000 -18.475000 3.781000
c<E>r<159>R<SER> 18.558001 -19.660999 1.658000
c<E>r<160>R<GLY> 19.139999 -23.393999 2.288000
c<E>r<164>R<THR> 20.552000 -14.602000 5.735000
c<E>r<181>R<ASP> 2.675000 -11.195000 12.432000
c<E>r<182>R<SER> -0.208000 -10.833000 14.907000
c<E>r<187>R<ALA> 6.968000 -13.594000 8.219000
c<E>r<188>R<SER> 8.275000 -15.449000 5.140000
c<E>r<189>R<PHE> 10.589000 -12.573000 4.249000
c<E>r<190>R<SER> 12.248000 -12.483000 7.705000
c<E>r<191>R<SER> 15.972000 -13.277000 7.601000
c<E>r<192>R<VAL> 17.143000 -16.370001 9.468000
c<E>r<202>R<GLY> 6.696000 -6.610000 11.351000
c<E>r<203>R<VAL> 3.666000 -7.334000 9.136000
c<E>r<204>R<SER> 1.173000 -4.602000 8.228000
c<E>r<205>R<ILE> 2.583000 -2.106000 10.743000
c<E>r<206>R<GLN> 0.630000 1.119000 10.791000
c<E>r<207>R<SER> 2.735000 4.199000 11.536000
c<E>r<208>R<THR> 3.341000 7.803000 10.512000
c<E>r<209>R<LEU> 4.224000 8.835000 6.975000
c<E>r<210>R<PRO> 5.500000 12.204000 5.701000
c<E>r<211>R<GLY> 2.965000 14.921000 5.032000
c<E>r<212>R<ASN> 0.529000 14.165000 7.844000
c<E>r<213>R<LYS> -0.254000 10.675000 6.609000
c<E>r<214>R<TYR> -0.377000 7.162000 8.058000
c<E>r<215>R<GLY> 0.283000 3.835000 6.384000
c<E>r<216>R<ALA> 1.217000 0.231000 6.884000
c<E>r<217>R<TYR> 4.478000 -1.413000 5.898000
c<E>r<218>R<ASN> 6.024000 -4.863000 6.075000
c<E>r<219>R<GLY> 9.611000 -5.625000 6.994000
c<E>r<220>R<THR> 12.147000 -6.313000 9.647000
c<I>r<19>R<ASN> 15.695000 -14.871000 0.258000
c<I>r<20>R<LEU> 13.235000 -12.103000 -0.605000
c<I>r<21>R<LYS> 13.156000 -8.636000 -2.152000
c<I>r<22>R<THR> 10.567000 -6.696000 -0.180000
c<I>r<23>R<GLU> 11.482000 -3.054000 -0.720000
c<I>r<24>R<TRP> 12.259000 -0.884000 -3.715000
c<I>r<25>R<PRO> 13.965000 2.236000 -2.334000
c<I>r<26>R<GLU> 15.474000 2.837000 -5.781000
c<I>r<27>R<LEU> 11.957000 3.561000 -7.007000
c<I>r<28>R<VAL> 11.138000 6.818000 -5.185000
c<I>r<29>R<GLY> 10.425000 9.442000 -7.849000
c<I>r<53>R<VAL> -0.072000 9.297000 -0.470000
c<I>r<54>R<GLY> -1.913000 9.765000 2.838000
c<I>r<55>R<THR> -4.277000 6.784000 2.348000
c<I>r<56>R<ILE> -5.121000 4.723000 5.433000
c<I>r<57>R<VAL> -5.108000 1.006000 4.607000
c<I>r<58>R<THR> -6.469000 -2.074000 6.397000
c<I>r<59>R<MET> -3.956000 -3.734000 8.749000
c<I>r<60>R<GLU> -3.925000 -6.957000 6.679000
c<I>r<61>R<TYR> -0.569000 -8.408000 5.548000
c<I>r<62>R<ARG> -0.296000 -9.930000 2.042000
c<I>r<63>R<ILE> 2.977000 -11.369000 0.774000
c<I>r<67>R<ARG> 1.278000 -0.964000 -2.834000
c<I>r<69>R<PHE> 1.959000 5.428000 -2.932000
c<I>r<76>R<ILE> 6.348000 6.997000 -6.484000
c<I>r<77>R<ALA> 6.447000 9.174000 -3.372000
c<I>r<78>R<GLU> 7.544000 6.589000 -0.788000
c<I>r<79>R<VAL> 9.609000 3.388000 -0.879000
c<I>r<80>R<PRO> 7.467000 0.555000 -2.256000
c<I>r<81>R<ARG> 7.261000 -2.498000 0.039000
c<I>r<82>R<VAL> 5.557000 -5.903000 0.195000
c<I>r<83>R<GLY> 2.435000 -6.302000 2.332000
