c<A>r<15>R<GLU> 3.462000 11.862000 11.817000
c<A>r<17>R<PHE> -0.919000 10.076000 8.998000
c<A>r<21>R<PHE> -4.982000 -0.369000 3.932000
c<A>r<22>R<GLY> -2.179000 -3.026000 3.754000
c<A>r<44>R<PRO> 11.223000 3.292000 2.250000
c<A>r<45>R<VAL> 11.810000 0.647000 -0.509000
c<A>r<47>R<LEU> 7.937000 -1.083000 2.831000
c<A>r<48>R<GLY> 7.043000 0.821000 -0.438000
c<A>r<49>R<VAL> 6.535000 4.239000 1.345000
c<A>r<50>R<GLY> 8.760000 7.205000 2.547000
c<A>r<51>R<LYS> 10.753000 7.835000 5.808000
c<A>r<52>R<ASN> 7.960000 9.727000 7.677000
c<A>r<53>R<MET> 5.479000 6.918000 6.781000
c<A>r<54>R<VAL> 8.070000 4.224000 7.851000
c<A>r<100>R<TYR> -4.585000 -8.051000 4.522000
c<A>r<101>R<LEU> -7.318000 -6.451000 6.763000
c<A>r<102>R<GLU> -10.445000 -6.727000 4.554000
c<A>r<184>R<ARG> -10.117000 15.114000 -1.250000
c<A>r<185>R<GLY> -6.631000 14.216000 -2.580000
c<A>r<186>R<GLU> -4.666000 11.207000 -1.171000
c<A>r<187>R<ASP> -7.322000 10.616000 1.562000
c<A>r<188>R<LEU> -9.129000 7.906000 -0.536000
c<A>r<189>R<LEU> -6.204000 5.703000 0.118000
c<B>r<15>R<GLU> -12.340000 4.435000 -8.668000
c<B>r<16>R<THR> -10.394000 7.365000 -7.082000
c<B>r<17>R<PHE> -6.907000 5.897000 -7.814000
c<B>r<18>R<ALA> -4.436000 7.417000 -10.295000
c<B>r<49>R<VAL> -3.397000 -4.920000 -4.573000
c<B>r<50>R<GLY> -6.615000 -4.811000 -2.435000
c<B>r<51>R<LYS> -9.628000 -5.721000 -4.516000
c<B>r<167>R<ALA> -15.848000 15.024000 -8.952000
c<B>r<168>R<LYS> -14.043000 11.602000 -8.635000
c<B>r<170>R<VAL> -11.445000 15.832000 -11.187000
c<B>r<171>R<ASP> -9.934000 14.668000 -7.846000
c<B>r<172>R<CYS> -8.026000 12.064000 -9.946000
c<B>r<174>R<THR> -5.033000 16.488001 -9.976000
c<B>r<175>R<LYS> -3.688000 13.216000 -8.363000
c<B>r<180>R<ALA> 2.886000 16.976000 -3.988000
c<B>r<183>R<LEU> 6.681000 14.931000 -0.749000
c<B>r<184>R<ARG> 5.848000 12.619000 2.241000
c<B>r<185>R<GLY> 6.352000 9.044000 1.025000
c<B>r<186>R<GLU> 3.706000 7.103000 -0.986000
c<B>r<187>R<ASP> 4.826000 9.564000 -3.691000
c<B>r<188>R<LEU> 7.290000 6.654000 -4.413000
c<B>r<189>R<LEU> 4.178000 4.570000 -5.371000
c<B>r<190>R<SER> 2.246000 7.560000 -6.867000
