c<A>r<1>R<GLY> -5.199000 10.720000 -10.106000
c<A>r<2>R<LEU> -8.432000 10.249000 -8.390000
c<A>r<3>R<ARG> -9.412000 12.375000 -5.459000
c<A>r<4>R<GLN> -11.614000 10.013000 -3.396000
c<A>r<5>R<PRO> -11.116000 6.426000 -2.016000
c<A>r<6>R<ALA> -12.937000 3.589000 -3.728000
c<A>r<48>R<LEU> 0.332000 -6.252000 3.904000
c<A>r<49>R<PHE> -0.988000 -4.971000 0.647000
c<A>r<50>R<HIS> 1.903000 -4.817000 -1.856000
c<A>r<51>R<SER> 2.680000 -4.341000 -5.597000
c<A>r<52>R<GLY> 1.950000 -8.049000 -6.332000
c<A>r<53>R<HIS> -1.640000 -7.404000 -5.234000
c<A>r<54>R<ALA> -1.797000 -4.147000 -7.047000
c<A>r<55>R<ARG> -0.556000 -5.557000 -10.324000
c<A>r<57>R<LEU> -5.770000 -5.911000 -9.637000
c<A>r<58>R<MET> -4.321000 -3.958000 -12.540000
c<A>r<59>R<GLN> -4.551000 -7.070000 -14.703000
c<A>r<60>R<ALA> -8.131000 -7.560000 -13.582000
c<A>r<61>R<LYS> -8.974000 -3.934000 -14.368000
c<A>r<62>R<ASN> -7.554000 -4.322000 -17.857000
c<A>r<65>R<PRO> -11.971000 -2.247000 -22.660000
c<A>r<66>R<ASN> -14.651000 -1.056000 -20.132000
c<A>r<67>R<THR> -14.211000 -2.744000 -16.819000
c<A>r<68>R<TYR> -15.694000 -2.045000 -13.353000
c<A>r<69>R<LEU> -13.409000 -3.735000 -10.805000
c<A>r<85>R<PHE> -3.221000 -15.094000 11.090000
c<A>r<86>R<THR> -2.889000 -11.728000 9.385000
c<A>r<87>R<VAL> -0.450000 -8.965000 10.315000
c<A>r<88>R<MET> -3.146000 -6.361000 9.487000
c<A>r<92>R<GLU> -6.804000 -2.018000 7.749000
c<A>r<93>R<ARG> -6.897000 -4.299000 4.736000
c<A>r<94>R<TYR> -10.223000 -2.654000 3.618000
c<A>r<95>R<ASP> -8.534000 0.670000 3.825000
c<A>r<96>R<ALA> -5.497000 -0.581000 1.934000
c<A>r<97>R<VAL> -7.520000 -1.878000 -0.968000
c<A>r<98>R<GLN> -9.595000 1.402000 -1.148000
c<A>r<99>R<HIS> -6.498000 3.308000 -1.983000
c<A>r<100>R<CYS> -5.439000 1.101000 -4.930000
c<A>r<101>R<ARG> -5.454000 2.997000 -8.173000
c<A>r<102>R<TYR> -7.424000 0.322000 -10.173000
c<A>r<103>R<VAL> -10.162000 -0.469000 -7.692000
c<A>r<104>R<ASP> -13.723000 0.866000 -8.425000
c<A>r<105>R<GLU> -15.559000 -0.882000 -5.494000
c<A>r<160>R<GLY> 9.681000 -11.613000 -5.982000
c<A>r<161>R<ILE> 6.928000 -10.159000 -3.841000
c<A>r<166>R<ILE> 8.036000 -9.376000 3.325000
c<A>r<167>R<ILE> 7.664000 -11.219000 6.630000
c<A>r<168>R<THR> 10.758000 -13.236000 5.915000
c<A>r<169>R<ARG> 12.879000 -10.106000 5.208000
c<A>r<170>R<ILE> 11.796000 -8.594000 8.490000
c<A>r<171>R<VAL> 12.363000 -11.759000 10.518000
c<A>r<173>R<ASP> 16.816999 -8.686000 9.729000
c<A>r<174>R<TYR> 15.507000 -9.163000 13.290000
c<A>r<175>R<ASP> 17.382000 -12.351000 13.711000
c<B>r<1>R<GLY> -10.579000 3.438000 -11.389000
c<B>r<2>R<LEU> -7.605000 4.165000 -13.436000
c<B>r<3>R<ARG> -6.240000 1.624000 -15.859000
c<B>r<4>R<GLN> -2.502000 2.560000 -15.974000
c<B>r<5>R<PRO> 0.225000 3.055000 -13.272000
c<B>r<6>R<ALA> 1.318000 6.586000 -12.485000
c<B>r<48>R<LEU> 6.134000 -0.968000 3.435000
c<B>r<49>R<PHE> 3.701000 1.347000 1.764000
c<B>r<50>R<HIS> 0.542000 1.490000 3.867000
c<B>r<51>R<SER> -2.737000 3.445000 4.381000
c<B>r<52>R<GLY> -0.941000 6.149000 6.477000
c<B>r<53>R<HIS> 1.067000 6.980000 3.353000
c<B>r<54>R<ALA> -1.914000 6.747000 1.089000
c<B>r<55>R<ARG> -4.065000 9.004000 3.223000
c<B>r<57>R<LEU> -1.086000 11.474000 -0.343000
c<B>r<58>R<MET> -4.879000 11.782000 -0.482000
c<B>r<59>R<GLN> -4.678000 14.896000 1.673000
c<B>r<60>R<ALA> -2.022000 16.264999 -0.623000
c<B>r<61>R<LYS> -4.136000 15.536000 -3.692000
c<B>r<62>R<ASN> -7.081000 17.381001 -2.160000
c<B>r<65>R<PRO> -9.647000 22.023001 -6.495000
c<B>r<66>R<ASN> -7.256000 21.122000 -9.415000
c<B>r<67>R<THR> -4.152000 19.433001 -8.170000
c<B>r<68>R<TYR> -1.329000 17.500999 -9.884000
c<B>r<69>R<LEU> 0.322000 15.325000 -7.237000
c<B>r<85>R<PHE> 17.549000 0.364000 6.548000
c<B>r<86>R<THR> 14.458000 -0.261000 4.470000
c<B>r<87>R<VAL> 12.613000 -3.580000 4.293000
c<B>r<88>R<MET> 11.812000 -2.903000 0.601000
c<B>r<92>R<GLU> 9.899000 -1.908000 -4.943000
c<B>r<93>R<ARG> 8.965000 1.357000 -3.257000
c<B>r<94>R<TYR> 8.785000 3.077000 -6.697000
c<B>r<95>R<ASP> 6.424000 0.417000 -7.821000
c<B>r<96>R<ALA> 4.338000 0.702000 -4.670000
c<B>r<97>R<VAL> 3.787000 4.421000 -5.012000
c<B>r<98>R<GLN> 2.816000 4.100000 -8.756000
c<B>r<99>R<HIS> -0.172000 2.134000 -7.774000
c<B>r<100>R<CYS> -1.585000 4.692000 -5.278000
c<B>r<101>R<ARG> -4.972000 6.010000 -6.320000
c<B>r<102>R<TYR> -4.096000 9.730000 -5.809000
c<B>r<103>R<VAL> -0.640000 9.839000 -7.356000
c<B>r<104>R<ASP> -0.242000 11.615000 -10.780000
c<B>r<105>R<GLU> 3.625000 11.424000 -11.081000
c<B>r<160>R<GLY> -2.339000 3.376000 14.448000
c<B>r<161>R<ILE> -0.299000 2.733000 11.328000
c<B>r<166>R<ILE> 3.995000 -3.185000 11.097000
c<B>r<167>R<ILE> 7.548000 -4.380000 11.857000
c<B>r<168>R<THR> 6.733000 -4.579000 15.532000
c<B>r<169>R<ARG> 3.584000 -6.697000 14.920000
c<B>r<170>R<ILE> 5.634000 -9.155000 12.891000
c<B>r<171>R<VAL> 8.550000 -9.332000 15.302000
c<B>r<173>R<ASP> 4.370000 -12.671000 16.479000
c<B>r<174>R<TYR> 7.746000 -14.206000 15.570000
c<B>r<175>R<ASP> 8.995000 -13.948000 19.070999
