c<A>r<1>R<ALA> -4.789000 -26.392000 -2.896000
c<A>r<2>R<ASN> -1.444000 -27.622999 -3.094000
c<A>r<3>R<ARG> 1.597000 -25.330000 -3.587000
c<A>r<4>R<ILE> 1.380000 -25.218000 -7.404000
c<A>r<5>R<GLU> -2.269000 -24.423000 -7.221000
c<A>r<6>R<HIS> -1.546000 -21.478001 -4.885000
c<A>r<7>R<TYR> 1.069000 -20.198999 -7.266000
c<A>r<8>R<HIS> -1.382000 -20.396000 -10.153000
c<A>r<9>R<ASP> -4.002000 -18.674000 -8.139000
c<A>r<10>R<TRP> -1.674000 -15.806000 -7.297000
c<A>r<11>R<LEU> -0.719000 -15.412000 -10.977000
c<A>r<12>R<ARG> -4.368000 -15.127000 -11.821000
c<A>r<13>R<ASP> -4.780000 -12.654000 -9.010000
c<A>r<14>R<ALA> -1.905000 -10.601000 -10.345000
c<A>r<15>R<HIS> -3.448000 -10.747000 -13.805000
c<A>r<16>R<ALA> -6.868000 -9.586000 -12.592000
c<A>r<17>R<GLU> -7.543000 -6.048000 -11.928000
c<A>r<18>R<LYS> -6.282000 -5.107000 -8.801000
c<A>r<19>R<GLN> -7.901000 -3.440000 -5.858000
c<A>r<20>R<ALA> -6.161000 -2.716000 -2.687000
c<A>r<21>R<GLU> -7.388000 -4.683000 0.141000
c<A>r<22>R<SER> -8.319000 -3.433000 3.496000
c<A>r<23>R<LEU> -6.435000 -3.900000 6.799000
c<A>r<24>R<GLU> -8.755000 -6.502000 7.910000
c<A>r<25>R<SER> -6.934000 -9.293000 6.832000
c<A>r<26>R<ALA> -4.086000 -8.753000 8.991000
c<A>r<27>R<SER> -6.056000 -9.553000 12.050000
c<A>r<28>R<ARG> -6.868000 -13.092000 11.134000
c<A>r<29>R<ILE> -3.600000 -14.597000 11.411000
c<A>r<30>R<ASP> -3.438000 -17.514000 14.009000
c<A>r<31>R<ASN> -0.631000 -19.844999 12.991000
c<A>r<32>R<TYR> 2.383000 -17.676001 12.371000
c<A>r<34>R<GLU> 6.257000 -14.042000 14.338000
c<A>r<35>R<LEU> 3.948000 -12.348000 11.965000
c<A>r<36>R<ARG> 1.279000 -12.002000 14.576000
c<A>r<38>R<ARG> 4.777000 -7.920000 14.346000
c<A>r<39>R<ILE> 1.223000 -6.953000 13.542000
c<A>r<42>R<HIS> 2.400000 -2.150000 14.789000
c<A>r<45>R<GLU> 2.320000 1.850000 17.669001
c<A>r<46>R<THR> -0.576000 3.038000 15.661000
c<A>r<47>R<LYS> -2.616000 3.441000 18.799000
c<A>r<48>R<ASN> 0.005000 5.595000 20.316999
c<A>r<49>R<GLN> 0.138000 7.692000 17.180000
c<A>r<50>R<ILE> -3.520000 8.185000 17.389000
c<A>r<51>R<VAL> -3.186000 9.570000 20.871000
c<A>r<52>R<GLN> -0.597000 12.057000 19.569000
c<A>r<53>R<LEU> -2.985000 13.135000 16.905001
c<A>r<54>R<GLU> -5.636000 13.644000 19.556999
c<A>r<55>R<THR> -3.379000 15.985000 21.313999
c<A>r<56>R<ILE> -3.024000 18.063999 18.148001
c<A>r<57>R<LEU> -6.727000 18.007000 17.652000
c<A>r<59>R<ARG> -4.729000 21.843000 20.955999
c<A>r<60>R<ASN> -6.362000 23.271000 17.841999
c<A>r<61>R<ASP> -9.931000 22.974001 19.232000
c<A>r<62>R<ILE> -10.849000 20.780001 16.261000
c<A>r<63>R<SER> -13.987000 18.687000 16.429001
c<A>r<64>R<ARG> -13.891000 15.258000 15.477000
c<A>r<65>R<SER> -16.260000 15.419000 12.626000
c<A>r<66>R<VAL> -15.136000 14.467000 9.138000
c<A>r<67>R<ILE> -15.569000 16.316000 6.242000
c<A>r<68>R<LYS> -14.837000 15.298000 2.858000
c<A>r<69>R<ASP> -11.527000 15.536000 1.667000
c<A>r<70>R<SER> -10.080000 16.552999 -1.270000
c<A>r<71>R<GLU> -10.456000 14.357000 -4.232000
c<A>r<72>R<ILE> -7.065000 15.293000 -5.598000
c<A>r<73>R<VAL> -5.091000 14.604000 -2.455000
c<A>r<74>R<LYS> -6.998000 11.377000 -1.939000
c<A>r<75>R<GLY> -6.292000 10.414000 -5.508000
c<A>r<76>R<SER> -2.580000 10.964000 -5.075000
c<A>r<77>R<ILE> -2.554000 8.949000 -1.912000
c<A>r<78>R<SER> -4.618000 6.142000 -3.432000
c<A>r<79>R<GLY> -2.384000 5.936000 -6.418000
c<A>r<80>R<TYR> 0.687000 5.611000 -4.247000
c<A>r<81>R<VAL> -0.952000 2.914000 -2.132000
c<A>r<82>R<PHE> -1.925000 0.994000 -5.191000
c<A>r<83>R<GLU> 1.586000 0.927000 -6.427000
c<A>r<84>R<GLN> 2.758000 -0.402000 -3.027000
c<A>r<85>R<PHE> 0.153000 -3.058000 -3.136000
c<A>r<86>R<GLU> 1.500000 -4.234000 -6.435000
c<A>r<87>R<ILE> 4.978000 -4.262000 -5.048000
c<A>r<88>R<ALA> 3.870000 -6.561000 -2.207000
c<A>r<89>R<CYS> 1.983000 -8.842000 -4.563000
c<A>r<90>R<TYR> 4.855000 -9.289000 -6.938000
c<A>r<91>R<THR> 7.259000 -9.802000 -4.021000
c<A>r<92>R<SER> 5.077000 -12.667000 -2.915000
c<A>r<93>R<LEU> 4.616000 -13.952000 -6.438000
c<A>r<94>R<LEU> 8.383000 -14.005000 -7.016000
c<A>r<95>R<ALA> 8.866000 -16.087000 -3.820000
c<A>r<96>R<ALA> 6.064000 -18.392000 -5.014000
c<A>r<97>R<ALA> 7.570000 -18.804001 -8.467000
c<A>r<98>R<LYS> 10.840000 -19.882999 -6.851000
c<A>r<99>R<ASN> 9.115000 -22.327999 -4.586000
c<A>r<100>R<ALA> 7.025000 -23.733999 -7.460000
c<A>r<102>R<ASP> 8.793000 -22.000999 -12.314000
c<A>r<104>R<ALA> 11.375000 -19.570000 -16.525999
c<A>r<105>R<SER> 9.090000 -16.920000 -15.118000
c<A>r<106>R<ILE> 11.530000 -15.415000 -12.561000
c<A>r<108>R<THR> 9.756000 -11.555000 -16.049999
c<A>r<109>R<ILE> 8.409000 -11.260000 -12.509000
c<A>r<111>R<ALA> 11.350000 -7.008000 -14.184000
c<A>r<112>R<ILE> 7.754000 -6.201000 -13.237000
c<A>r<113>R<LEU> 8.737000 -5.874000 -9.565000
c<A>r<115>R<GLU> 9.282000 -1.282000 -12.561000
c<A>r<116>R<GLU> 6.984000 -1.106000 -9.524000
c<A>r<119>R<ALA> 7.287000 4.242000 -8.902000
c<A>r<121>R<TRP> 7.081000 9.664000 -8.029000
c<A>r<122>R<LEU> 3.621000 9.984000 -6.302000
c<A>r<123>R<ILE> 4.885000 9.930000 -2.710000
c<A>r<124>R<GLN> 7.477000 12.591000 -3.620000
c<A>r<125>R<HIS> 4.828000 14.821000 -5.173000
c<A>r<126>R<ILE> 2.202000 14.479000 -2.436000
c<A>r<127>R<PRO> 3.478000 17.513000 -0.518000
c<A>r<128>R<GLN> 3.378000 19.688999 -3.664000
c<A>r<129>R<THR> 0.045000 18.412001 -4.602000
c<A>r<130>R<THR> -1.301000 19.086000 -1.138000
c<A>r<131>R<GLU> 0.043000 22.590000 -1.148000
c<A>r<132>R<LYS> -1.335000 23.337999 -4.541000
c<A>r<133>R<PHE> -4.696000 22.135000 -3.502000
c<A>r<134>R<LEU> -4.704000 24.153000 -0.319000
c<A>r<135>R<ILE> -3.814000 27.372999 -2.196000
c<A>r<136>R<ARG> -6.398000 26.860001 -4.793000
c<A>r<137>R<SER> -9.016000 26.270000 -2.179000
c<A>r<138>R<GLU> -8.756000 29.700001 -1.091000
c<A>r<139>R<THR> -9.897000 31.243000 -4.184000
c<A>r<140>R<ASP> -12.994000 29.521000 -4.624000
c<B>r<1>R<SER> -9.884000 32.480999 3.032000
c<B>r<2>R<ASN> -7.546000 30.990999 5.167000
c<B>r<3>R<ALA> -10.409000 29.601000 6.817000
c<B>r<4>R<ASN> -10.777000 27.021000 4.045000
c<B>r<5>R<ARG> -7.221000 25.841999 4.236000
c<B>r<6>R<ILE> -7.456000 25.344000 7.959000
c<B>r<7>R<GLU> -10.598000 23.392000 7.533000
c<B>r<8>R<HIS> -8.903000 21.021000 5.089000
c<B>r<9>R<TYR> -6.057000 20.563999 7.495000
c<B>r<10>R<HIS> -8.457000 19.724001 10.244000
c<B>r<11>R<ASP> -10.204000 17.261000 8.039000
c<B>r<12>R<TRP> -6.995000 15.456000 7.295000
c<B>r<13>R<LEU> -6.098000 15.293000 10.936000
c<B>r<14>R<ARG> -9.407000 13.604000 11.550000
c<B>r<15>R<ASP> -8.741000 11.301000 8.652000
c<B>r<16>R<ALA> -5.410000 10.428000 10.043000
c<B>r<17>R<HIS> -7.020000 9.712000 13.364000
c<B>r<18>R<ALA> -9.732000 7.508000 11.988000
c<B>r<19>R<GLU> -9.478000 3.982000 11.134000
c<B>r<20>R<LYS> -7.882000 3.381000 8.263000
c<B>r<21>R<GLN> -8.986000 1.717000 5.125000
c<B>r<22>R<ALA> -6.905000 1.855000 2.118000
c<B>r<23>R<GLU> -8.685000 3.287000 -0.781000
c<B>r<24>R<SER> -8.945000 1.672000 -4.105000
c<B>r<25>R<LEU> -7.295000 2.881000 -7.351000
c<B>r<26>R<GLU> -10.435000 4.153000 -8.727000
c<B>r<27>R<SER> -10.292000 7.263000 -7.251000
c<B>r<28>R<ALA> -7.112000 8.362000 -8.763000
c<B>r<29>R<SER> -8.515000 8.597000 -12.178000
c<B>r<30>R<ARG> -10.958000 11.396000 -11.603000
c<B>r<31>R<ILE> -8.659000 14.229000 -11.310000
c<B>r<32>R<ASP> -9.278000 17.143000 -13.757000
c<B>r<33>R<ASN> -7.292000 20.122999 -12.804000
c<B>r<34>R<TYR> -3.887000 18.763000 -12.024000
c<B>r<36>R<GLU> 1.015000 16.555000 -13.812000
c<B>r<37>R<LEU> -0.761000 14.200000 -11.631000
c<B>r<38>R<ARG> -2.999000 13.044000 -14.366000
c<B>r<40>R<ARG> 1.583000 10.294000 -13.985000
c<B>r<41>R<ILE> -1.494000 8.254000 -13.435000
c<B>r<44>R<HIS> 1.249000 4.048000 -14.601000
c<B>r<47>R<GLU> 2.748000 0.369000 -17.497000
c<B>r<48>R<THR> 0.269000 -1.861000 -15.655000
c<B>r<49>R<LYS> -1.300000 -2.853000 -18.920000
c<B>r<50>R<ASN> 1.988000 -3.919000 -20.254999
c<B>r<51>R<GLN> 2.608000 -5.887000 -17.077999
c<B>r<52>R<ILE> -0.578000 -7.700000 -17.551001
c<B>r<53>R<VAL> 0.512000 -8.808000 -20.992001
c<B>r<54>R<GLN> 3.706000 -10.176000 -19.454000
c<B>r<55>R<LEU> 1.681000 -12.095000 -16.952000
c<B>r<56>R<GLU> -0.263000 -13.584000 -19.829000
c<B>r<57>R<THR> 2.843000 -14.977000 -21.243999
c<B>r<58>R<ILE> 3.570000 -16.760000 -17.944000
c<B>r<59>R<LEU> 0.056000 -18.040001 -17.768999
c<B>r<61>R<ARG> 3.623000 -20.941999 -20.650000
c<B>r<62>R<ASN> 2.197000 -22.834999 -17.671000
c<B>r<63>R<ASP> -1.108000 -23.868000 -19.375999
c<B>r<64>R<ILE> -3.055000 -21.933001 -16.787001
c<B>r<65>R<SER> -6.551000 -20.891001 -17.539000
c<B>r<66>R<ARG> -7.520000 -17.305000 -17.031000
c<B>r<67>R<SER> -10.745000 -18.187000 -15.431000
c<B>r<68>R<VAL> -11.017000 -17.172001 -11.859000
c<B>r<69>R<ILE> -13.090000 -18.802999 -9.662000
c<B>r<70>R<LYS> -13.573000 -16.681999 -6.864000
c<B>r<71>R<ASP> -12.991000 -18.459999 -4.126000
c<B>r<73>R<SER> -9.963000 -19.382000 0.034000
c<B>r<74>R<LYS> -8.962000 -18.841000 3.353000
c<B>r<75>R<ALA> -6.008000 -20.747000 2.508000
c<B>r<76>R<ASP> -3.636000 -17.952000 1.998000
c<B>r<77>R<GLU> -4.855000 -15.724000 4.799000
c<B>r<78>R<ILE> -1.356000 -15.308000 6.116000
c<B>r<79>R<VAL> 0.090000 -14.176000 2.805000
c<B>r<80>R<LYS> -2.794000 -11.806000 2.234000
c<B>r<81>R<GLY> -2.451000 -10.592000 5.745000
c<B>r<82>R<SER> 1.182000 -9.813000 5.310000
c<B>r<83>R<ILE> 0.475000 -8.003000 2.102000
c<B>r<84>R<SER> -2.380000 -6.048000 3.622000
c<B>r<85>R<GLY> -0.327000 -5.090000 6.575000
c<B>r<86>R<TYR> 2.421000 -3.709000 4.403000
c<B>r<87>R<VAL> -0.065000 -1.765000 2.310000
c<B>r<88>R<PHE> -1.597000 -0.290000 5.365000
c<B>r<89>R<GLU> 1.677000 0.980000 6.595000
c<B>r<90>R<GLN> 2.299000 2.629000 3.238000
c<B>r<91>R<PHE> -1.052000 4.225000 3.365000
c<B>r<92>R<GLU> -0.188000 5.784000 6.662000
c<B>r<93>R<ILE> 3.042000 7.029000 5.268000
c<B>r<94>R<ALA> 1.202000 8.807000 2.451000
c<B>r<95>R<CYS> -1.324000 10.279000 4.847000
c<B>r<96>R<TYR> 1.219000 11.687000 7.186000
c<B>r<97>R<THR> 3.235000 13.039000 4.276000
c<B>r<98>R<SER> 0.204000 14.968000 3.200000
c<B>r<99>R<LEU> -0.640000 15.971000 6.744000
c<B>r<100>R<LEU> 2.829000 17.367001 7.309000
c<B>r<101>R<ALA> 2.553000 19.468000 4.098000
c<B>r<102>R<ALA> -0.852000 20.686001 5.291000
c<B>r<103>R<ALA> 0.393000 21.545000 8.756000
c<B>r<104>R<LYS> 3.137000 23.652000 7.210000
c<B>r<105>R<ASN> 0.740000 25.451000 4.923000
c<B>r<106>R<ALA> -1.772000 26.042000 7.723000
c<B>r<108>R<ASP> 0.389000 24.921000 12.647000
c<B>r<110>R<ALA> 3.574000 23.500999 16.913000
c<B>r<111>R<SER> 2.388000 20.176001 15.453000
c<B>r<112>R<ILE> 5.231000 19.725000 12.901000
c<B>r<114>R<THR> 4.987000 15.411000 16.316999
c<B>r<115>R<ILE> 3.833000 14.738000 12.754000
c<B>r<117>R<ALA> 8.105000 11.803000 14.381000
c<B>r<118>R<ILE> 5.020000 9.770000 13.458000
c<B>r<119>R<LEU> 6.051000 9.833000 9.767000
c<B>r<121>R<GLU> 8.178000 5.757000 12.756000
c<B>r<122>R<GLU> 6.084000 4.713000 9.758000
c<B>r<125>R<ALA> 8.100000 -0.121000 8.991000
c<B>r<127>R<TRP> 9.747000 -5.263000 8.252000
c<B>r<128>R<LEU> 6.657000 -6.796000 6.526000
c<B>r<129>R<ILE> 7.828000 -6.303000 2.943000
c<B>r<130>R<GLN> 11.164000 -7.878000 3.872000
c<B>r<131>R<HIS> 9.442000 -10.892000 5.405000
c<B>r<132>R<ILE> 6.848000 -11.496000 2.704000
c<B>r<133>R<PRO> 9.081000 -13.870000 0.779000
c<B>r<134>R<GLN> 9.748000 -15.972000 3.903000
c<B>r<135>R<THR> 6.156000 -15.893000 4.870000
c<B>r<136>R<THR> 5.120000 -17.000999 1.429000
c<B>r<137>R<GLU> 7.541000 -19.853001 1.399000
c<B>r<138>R<LYS> 6.513000 -21.033001 4.819000
c<B>r<139>R<PHE> 2.920000 -20.988001 3.785000
c<B>r<140>R<LEU> 3.483000 -22.908001 0.569000
c<B>r<141>R<ILE> 5.529000 -25.660000 2.367000
c<B>r<142>R<ARG> 2.785000 -26.179001 4.850000
c<B>r<143>R<SER> 0.206000 -26.434999 2.177000
c<B>r<144>R<GLU> 1.553000 -29.846001 1.020000
