c<A>r<90>R<PRO> -6.549000 -8.301000 15.464000
c<A>r<91>R<ALA> -3.242000 -8.641000 13.576000
c<A>r<92>R<ASN> -5.185000 -9.109000 10.282000
c<A>r<93>R<ALA> -7.229000 -5.927000 10.751000
c<A>r<96>R<GLY> -5.693000 0.571000 5.211000
c<A>r<97>R<GLY> -9.501000 0.803000 5.224000
c<A>r<98>R<LEU> -9.345000 2.332000 8.711000
c<A>r<99>R<VAL> -6.883000 5.129000 7.782000
c<A>r<100>R<GLY> -8.760000 5.676000 4.459000
c<A>r<101>R<GLY> -12.210000 5.223000 5.907000
c<A>r<102>R<ASP> -14.826000 7.360000 7.557000
c<A>r<103>R<ASP> -13.782000 9.811000 10.405000
c<A>r<140>R<PRO> -10.232000 -8.212000 8.012000
c<A>r<141>R<ARG> -7.562000 -7.447000 5.411000
c<A>r<143>R<GLU> -6.087000 -12.665000 2.250000
c<A>r<144>R<GLN> -2.330000 -12.692000 1.674000
c<A>r<145>R<SER> 0.415000 -15.233000 1.530000
c<A>r<146>R<LEU> 4.179000 -15.165000 1.156000
c<A>r<147>R<ILE> 5.326000 -17.506001 -1.560000
c<A>r<148>R<SER> 8.919000 -18.655001 -1.451000
c<A>r<149>R<GLY> 9.750000 -15.825000 0.887000
c<A>r<150>R<ASN> 9.714000 -13.018000 -1.500000
c<A>r<151>R<LEU> 6.386000 -13.107000 -3.314000
c<A>r<152>R<LEU> 3.376000 -11.496000 -1.713000
c<A>r<153>R<ARG> 0.250000 -13.026000 -3.151000
c<A>r<154>R<SER> -3.010000 -11.171000 -2.507000
c<A>r<155>R<GLU> -6.344000 -12.618000 -3.232000
c<A>r<156>R<ALA> -7.354000 -9.382000 -4.918000
c<A>r<157>R<VAL> -9.144000 -9.820000 -8.247000
c<A>r<158>R<THR> -11.086000 -6.491000 -8.534000
c<A>r<159>R<PRO> -9.823000 -2.952000 -8.773000
c<A>r<160>R<ALA> -11.232000 -2.230000 -5.323000
c<A>r<161>R<GLN> -9.594000 -5.242000 -3.820000
c<A>r<162>R<ARG> -6.219000 -4.395000 -5.377000
c<A>r<163>R<LEU> -6.424000 -0.817000 -4.030000
c<A>r<164>R<ALA> -7.305000 -2.184000 -0.609000
c<A>r<165>R<ALA> -4.456000 -4.680000 -0.699000
c<A>r<166>R<LEU> -2.021000 -1.890000 -1.548000
c<A>r<167>R<ALA> -3.273000 0.296000 1.247000
c<A>r<168>R<GLN> -3.165000 -2.528000 3.720000
c<A>r<169>R<HIS> 0.385000 -3.399000 2.753000
c<A>r<170>R<ALA> 1.462000 0.209000 3.248000
c<A>r<171>R<CYS> 0.432000 -0.100000 6.860000
c<A>r<172>R<ASP> 2.703000 -3.121000 7.529000
c<A>r<176>R<HIS> 0.147000 6.359000 10.632000
c<A>r<177>R<TRP> -0.765000 9.730000 12.192000
c<A>r<178>R<TRP> -3.446000 12.107000 10.865000
c<A>r<179>R<GLY> -6.062000 14.521000 12.055000
c<A>r<180>R<ARG> -7.459000 17.889999 11.493000
c<A>r<181>R<GLY> -4.091000 19.483999 11.814000
c<A>r<186>R<SER> -0.171000 19.219000 7.891000
c<A>r<187>R<ALA> -2.437000 16.649000 7.983000
c<A>r<188>R<GLY> -0.657000 13.343000 7.946000
c<A>r<189>R<LEU> 2.559000 11.542000 8.914000
c<A>r<190>R<ARG> 3.845000 7.981000 8.235000
c<A>r<191>R<TYR> 6.712000 6.318000 10.089000
c<A>r<192>R<GLN> 8.371000 3.083000 9.629000
c<A>r<195>R<PRO> 8.384000 7.792000 15.493000
c<A>r<199>R<ALA> 10.454000 13.272000 15.893000
c<A>r<202>R<ARG> 7.067000 17.350000 14.827000
c<B>r<97>R<GLY> -1.487000 3.005000 -6.761000
c<B>r<98>R<GLY> -4.419000 4.521000 -8.710000
c<B>r<99>R<LEU> -3.269000 2.605000 -11.787000
c<B>r<100>R<VAL> -3.110000 -0.814000 -10.050000
c<B>r<101>R<GLY> -6.422000 -0.060000 -8.206000
c<B>r<102>R<GLY> -8.061000 1.666000 -11.127000
c<B>r<103>R<ASP> -10.155000 0.706000 -14.092000
c<B>r<104>R<ASP> -9.005000 -2.303000 -16.295000
c<B>r<147>R<ILE> 11.530000 12.686000 4.665000
c<B>r<148>R<ASN> 11.878000 9.993000 7.127000
c<B>r<149>R<LEU> 8.841000 11.156000 7.294000
c<B>r<150>R<LEU> 6.499000 10.855000 4.716000
c<B>r<151>R<ARG> 4.301000 13.828000 4.807000
c<B>r<152>R<SER> 1.319000 13.477000 2.659000
c<B>r<153>R<GLU> -1.092000 16.270000 2.136000
c<B>r<154>R<ALA> -3.861000 13.801000 2.443000
c<B>r<155>R<VAL> -6.750000 15.428000 4.391000
c<B>r<156>R<THR> -9.678000 13.323000 3.183000
c<B>r<157>R<PRO> -10.331000 9.655000 3.538000
c<B>r<158>R<ALA> -9.925000 9.227000 -0.175000
c<B>r<159>R<GLN> -6.661000 11.098000 -0.209000
c<B>r<160>R<ARG> -5.290000 9.048000 2.654000
c<B>r<161>R<LEU> -6.248000 5.803000 0.913000
c<B>r<162>R<ALA> -4.621000 7.005000 -2.258000
c<B>r<163>R<ALA> -1.447000 8.029000 -0.452000
c<B>r<164>R<LEU> -1.222000 4.628000 1.153000
c<B>r<165>R<ALA> -1.627000 2.895000 -2.159000
c<B>r<166>R<GLN> 0.950000 5.081000 -3.795000
c<B>r<167>R<HIS> 3.437000 4.409000 -1.086000
c<B>r<168>R<ALA> 2.929000 0.670000 -1.422000
c<B>r<169>R<CYS> 4.144000 0.848000 -4.970000
c<B>r<170>R<ASP> 7.486000 2.478000 -4.096000
c<B>r<174>R<HIS> 3.034000 -5.332000 -9.083000
c<B>r<175>R<TRP> 1.622000 -8.145000 -11.263000
c<B>r<176>R<TRP> -2.075000 -8.920000 -11.779000
c<B>r<177>R<GLY> -4.519000 -10.030000 -14.452000
c<B>r<178>R<ARG> -7.278000 -12.306000 -15.207000
c<B>r<179>R<GLY> -5.245000 -15.196000 -14.046000
c<B>r<184>R<SER> -5.688000 -16.056999 -9.266000
c<B>r<185>R<ALA> -4.374000 -13.368000 -7.537000
c<B>r<186>R<GLY> -2.196000 -10.187000 -7.364000
c<B>r<187>R<LEU> 1.461000 -10.492000 -6.969000
c<B>r<188>R<ARG> 3.950000 -8.072000 -5.353000
c<B>r<189>R<TYR> 7.733000 -8.149000 -5.388000
c<B>r<190>R<GLN> 10.109000 -5.870000 -3.726000
c<B>r<191>R<GLY> 12.018000 -4.909000 -6.843000
c<B>r<193>R<PRO> 11.186000 -10.746000 -9.423000
c<B>r<194>R<PRO> 14.370000 -12.735000 -9.114000
c<B>r<196>R<PRO> 14.098000 -18.297001 -9.987000
c<B>r<197>R<ALA> 10.726000 -16.601999 -9.381000
c<B>r<200>R<ARG> 5.887000 -18.691000 -10.387000
c<B>r<204>R<GLY> 1.693000 -20.332001 -9.433000
c<B>r<205>R<GLU> 3.353000 -22.698999 -7.189000
c<B>r<206>R<GLY> 5.730000 -22.155001 -4.272000
c<B>r<207>R<GLU> 6.065000 -22.549000 -0.695000
c<B>r<208>R<VAL> 3.129000 -20.849001 0.846000
c<B>r<209>R<ILE> 3.314000 -19.075001 4.108000
c<B>r<210>R<PRO> 0.090000 -17.483999 5.329000
c<B>r<211>R<LEU> 0.682000 -13.972000 6.673000
c<B>r<212>R<PHE> -1.767000 -14.386000 9.494000
c<B>r<213>R<PRO> -2.245000 -18.003000 10.330000
c<B>r<214>R<GLY> -4.971000 -18.768000 12.409000
c<B>r<215>R<ILE> -6.734000 -15.644000 12.712000
c<B>r<216>R<PRO> -10.072000 -16.223000 11.787000
