c<A>r<133>R<GLU> -5.933000 1.770000 -19.188000
c<A>r<134>R<SER> -8.277000 3.269000 -16.527000
c<A>r<135>R<TRP> -7.104000 0.570000 -14.028000
c<A>r<188>R<LEU> -0.075000 14.815000 -1.078000
c<A>r<189>R<ASP> -1.762000 18.013000 0.172000
c<A>r<190>R<LEU> -4.975000 16.799000 1.879000
c<A>r<191>R<ASN> -6.501000 20.320000 1.407000
c<A>r<192>R<GLU> -5.823000 20.396999 -2.379000
c<A>r<193>R<ARG> -9.094000 20.799000 -4.370000
c<A>r<194>R<GLY> -9.766000 18.698000 -7.480000
c<A>r<195>R<THR> -11.975000 16.055000 -9.098000
c<A>r<196>R<PHE> -11.974000 12.490000 -7.751000
c<A>r<197>R<GLY> -10.570000 11.277000 -11.129000
c<A>r<198>R<HIS> -7.657000 13.781000 -10.867000
c<A>r<199>R<PHE> -6.662000 12.473000 -7.406000
c<A>r<200>R<LEU> -7.163000 8.832000 -8.519000
c<A>r<203>R<LEU> -2.516000 7.965000 -6.692000
c<A>r<212>R<ARG> 6.686000 4.155000 -1.043000
c<A>r<214>R<ALA> 2.985000 9.002000 -2.359000
c<A>r<215>R<TRP> 2.761000 10.385000 1.214000
c<A>r<216>R<PHE> 1.107000 12.948000 3.516000
c<A>r<217>R<VAL> 1.775000 14.157000 7.098000
c<A>r<218>R<ASP> -1.237000 13.805000 9.414000
c<A>r<219>R<ALA> -2.416000 16.135000 12.227000
c<A>r<220>R<SER> -0.147000 14.234000 14.733000
c<A>r<222>R<ARG> 3.160000 11.272000 11.391000
c<A>r<223>R<LYS> 4.049000 10.514000 7.746000
c<A>r<224>R<VAL> 1.666000 8.083000 5.973000
c<A>r<225>R<PHE> 2.462000 6.400000 2.637000
c<A>r<226>R<VAL> -0.412000 5.888000 0.153000
c<A>r<227>R<ARG> -0.920000 3.417000 -2.722000
c<A>r<228>R<VAL> -4.009000 2.366000 -4.741000
c<A>r<229>R<VAL> -5.107000 -1.027000 -6.093000
c<A>r<230>R<LEU> -7.271000 -0.900000 -9.232000
c<A>r<231>R<GLU> -8.987000 -4.128000 -10.326000
c<A>r<232>R<PRO> -11.069000 -4.073000 -13.492000
c<A>r<233>R<GLU> -14.209000 -6.285000 -13.541000
c<A>r<234>R<LYS> -13.422000 -9.728000 -15.027000
c<B>r<133>R<GLU> -6.079000 6.786000 12.932000
c<B>r<134>R<SER> -5.138000 8.761000 9.766000
c<B>r<135>R<TRP> -3.841000 5.487000 8.182000
c<B>r<188>R<LEU> -17.254999 6.745000 -7.229000
c<B>r<189>R<ASP> -18.135000 9.690000 -9.499000
c<B>r<190>R<LEU> -14.808000 10.642000 -11.149000
c<B>r<191>R<ASN> -16.211000 14.180000 -11.817000
c<B>r<192>R<GLU> -17.167000 14.782000 -8.141000
c<B>r<193>R<ARG> -15.306000 17.837000 -6.724000
c<B>r<194>R<GLY> -13.739000 17.783001 -3.248000
c<B>r<195>R<THR> -10.528000 17.968000 -1.220000
c<B>r<196>R<PHE> -7.951000 15.178000 -1.525000
c<B>r<197>R<GLY> -8.498000 14.321000 2.194000
c<B>r<198>R<HIS> -12.273000 13.907000 1.555000
c<B>r<199>R<PHE> -11.649000 11.436000 -1.307000
c<B>r<200>R<LEU> -8.935000 9.598000 0.681000
c<B>r<203>R<LEU> -11.466000 5.305000 -0.314000
c<B>r<212>R<ARG> -14.700000 -5.008000 -3.790000
c<B>r<214>R<ALA> -15.552000 1.077000 -4.128000
c<B>r<215>R<TRP> -15.970000 1.196000 -7.940000
c<B>r<216>R<PHE> -16.343000 3.463000 -11.000000
c<B>r<217>R<VAL> -17.230000 2.913000 -14.698000
c<B>r<218>R<ASP> -14.542000 4.095000 -17.121000
c<B>r<219>R<ALA> -14.995000 5.756000 -20.549000
c<B>r<220>R<SER> -15.086000 2.255000 -22.215000
c<B>r<222>R<ARG> -15.817000 -1.123000 -17.886999
c<B>r<223>R<LYS> -16.278000 -1.301000 -14.099000
c<B>r<224>R<VAL> -13.081000 -0.802000 -12.045000
c<B>r<225>R<PHE> -12.852000 -1.647000 -8.328000
c<B>r<226>R<VAL> -10.732000 0.646000 -6.109000
c<B>r<227>R<ARG> -9.017000 0.159000 -2.733000
c<B>r<228>R<VAL> -6.310000 2.118000 -0.869000
c<B>r<229>R<VAL> -3.347000 0.961000 1.231000
c<B>r<230>R<LEU> -2.191000 3.351000 3.967000
c<B>r<231>R<GLU> 1.156000 2.608000 5.657000
c<B>r<232>R<PRO> 2.359000 4.891000 8.459000
c<B>r<233>R<GLU> 6.117000 5.615000 8.794000
c<B>r<234>R<LYS> 7.822000 3.219000 11.259000
