c<A>r<135>R<GLU> -17.450001 10.758000 -14.058000
c<A>r<136>R<LEU> -15.983000 10.670000 -17.374001
c<A>r<138>R<GLN> -15.304000 15.615000 -15.325000
c<A>r<139>R<LEU> -11.885000 14.440000 -16.313999
c<A>r<140>R<ARG> -12.124000 15.988000 -19.625000
c<A>r<142>R<THR> -9.956000 19.447001 -16.142000
c<A>r<143>R<ALA> -7.348000 18.657000 -18.702999
c<A>r<144>R<MET> -8.258000 21.267000 -20.551001
c<A>r<145>R<ARG> -8.268000 24.239000 -18.823000
c<A>r<146>R<VAL> -4.900000 25.150000 -20.191000
c<B>r<1>R<SER> -7.010000 9.558000 -16.038000
c<B>r<2>R<GLY> -9.452000 8.897000 -13.809000
c<B>r<3>R<PRO> -10.719000 10.993000 -11.027000
c<B>r<4>R<ILE> -8.462000 13.995000 -10.491000
c<B>r<8>R<GLN> -2.866000 17.318001 -10.733000
c<B>r<9>R<PHE> -4.996000 19.613001 -8.733000
c<B>r<12>R<GLU> -3.961000 23.344000 -11.925000
c<B>r<15>R<THR> -0.990000 27.386999 -13.581000
c<B>r<16>R<ASP> -3.879000 29.603001 -12.627000
c<B>r<91>R<LEU> 3.223000 19.589001 -19.854000
