c<A>r<68>R<ALA> 7.203000 17.774000 6.205000
c<A>r<78>R<ILE> 20.372999 5.136000 8.756000
c<A>r<79>R<TYR> 17.750999 7.865000 8.606000
c<A>r<82>R<TRP> 15.928000 12.517000 7.179000
c<A>r<83>R<GLN> 13.411000 15.232000 6.210000
c<A>r<84>R<PRO> 10.400000 13.962000 4.091000
c<A>r<85>R<ARG> 9.125000 16.476999 1.523000
c<A>r<86>R<SER> 5.415000 16.000999 2.379000
c<A>r<87>R<ASP> 3.207000 15.136000 5.331000
c<A>r<88>R<ALA> 1.820000 11.549000 5.258000
c<A>r<89>R<PRO> -1.874000 11.512000 4.338000
c<A>r<90>R<VAL> -2.805000 10.391000 7.882000
c<A>r<91>R<VAL> -0.857000 13.464000 9.173000
c<A>r<92>R<MET> -2.816000 15.644000 6.748000
c<A>r<93>R<MET> -6.150000 14.133000 7.937000
c<A>r<95>R<LYS> -4.066000 18.875000 10.238000
c<A>r<96>R<ARG> -7.150000 19.402000 8.085000
c<A>r<173>R<ARG> -6.515000 -0.490000 4.889000
c<A>r<175>R<LEU> -6.491000 4.445000 6.967000
c<A>r<176>R<PRO> -3.848000 4.836000 4.242000
c<A>r<177>R<THR> -0.244000 3.714000 4.871000
c<A>r<178>R<VAL> 1.067000 6.217000 2.286000
c<A>r<179>R<GLY> 4.110000 7.906000 3.765000
c<A>r<180>R<VAL> 4.316000 5.213000 6.480000
c<A>r<181>R<LYS> 7.699000 3.310000 6.576000
c<A>r<182>R<CYS> 6.640000 -0.221000 5.335000
c<A>r<183>R<TYR> 7.611000 -3.384000 7.343000
c<A>r<184>R<SER> 4.940000 -5.727000 5.749000
c<A>r<185>R<TRP> 2.454000 -4.267000 3.299000
c<A>r<186>R<ALA> 0.132000 -7.238000 3.983000
c<A>r<208>R<THR> -12.179000 10.285000 8.144000
c<A>r<209>R<GLY> -15.509000 12.225000 8.330000
c<A>r<210>R<ARG> -17.233999 8.849000 8.331000
c<A>r<211>R<SER> -20.742001 8.938000 9.877000
c<A>r<280>R<GLU> 7.660000 -9.089000 2.935000
c<A>r<282>R<HIS> 13.042000 -8.595000 3.288000
c<A>r<283>R<ARG> 11.484000 -7.003000 0.204000
c<A>r<284>R<ALA> 10.270000 -3.856000 1.996000
c<A>r<285>R<LEU> 13.755000 -3.188000 3.527000
c<A>r<286>R<ALA> 15.790000 -4.571000 0.651000
c<A>r<287>R<TRP> 17.773001 -1.240000 0.189000
c<A>r<288>R<GLU> 18.601999 -1.047000 3.967000
c<A>r<290>R<SER> 21.684000 -4.671000 1.082000
c<A>r<291>R<GLU> 23.455999 -1.267000 1.492000
c<A>r<311>R<THR> 10.748000 -18.646000 -0.380000
c<A>r<312>R<PRO> 8.021000 -17.219999 -2.537000
c<A>r<313>R<LYS> 6.490000 -20.726000 -2.497000
c<B>r<68>R<ALA> 18.532000 6.851000 -4.128000
c<B>r<78>R<ILE> 6.518000 20.608000 -6.584000
c<B>r<79>R<TYR> 9.153000 17.895000 -6.439000
c<B>r<82>R<TRP> 13.625000 15.799000 -4.815000
c<B>r<83>R<GLN> 16.180000 13.122000 -3.843000
c<B>r<84>R<PRO> 14.679000 10.013000 -2.054000
c<B>r<85>R<ARG> 16.959000 8.456000 0.577000
c<B>r<86>R<SER> 16.413000 4.846000 -0.580000
c<B>r<87>R<ASP> 15.717000 2.897000 -3.752000
c<B>r<88>R<ALA> 12.098000 1.630000 -4.051000
c<B>r<89>R<PRO> 11.878000 -2.118000 -3.429000
c<B>r<90>R<VAL> 11.007000 -2.740000 -7.107000
c<B>r<91>R<VAL> 14.222000 -0.812000 -8.014000
c<B>r<92>R<MET> 16.157000 -3.021000 -5.591000
c<B>r<93>R<MET> 14.637000 -6.200000 -7.128000
c<B>r<95>R<LYS> 19.600000 -4.128000 -8.914000
c<B>r<96>R<ARG> 19.865999 -7.378000 -6.969000
c<B>r<173>R<ARG> -0.173000 -6.273000 -5.209000
c<B>r<175>R<LEU> 4.902000 -6.269000 -6.911000
c<B>r<176>R<PRO> 5.158000 -3.851000 -3.975000
c<B>r<177>R<THR> 4.200000 -0.174000 -4.396000
c<B>r<178>R<VAL> 6.539000 0.852000 -1.546000
c<B>r<179>R<GLY> 8.428000 3.937000 -2.654000
c<B>r<180>R<VAL> 5.956000 4.441000 -5.540000
c<B>r<181>R<LYS> 4.163000 7.886000 -5.523000
c<B>r<182>R<CYS> 0.516000 6.869000 -4.636000
c<B>r<183>R<TYR> -2.458000 8.095000 -6.793000
c<B>r<184>R<SER> -4.997000 5.406000 -5.577000
c<B>r<185>R<TRP> -3.798000 2.700000 -3.217000
c<B>r<186>R<ALA> -6.774000 0.534000 -4.296000
c<B>r<208>R<THR> 10.638000 -12.046000 -8.082000
c<B>r<209>R<GLY> 12.480000 -15.423000 -8.372000
c<B>r<210>R<ARG> 9.065000 -17.027000 -8.753000
c<B>r<211>R<SER> 9.169000 -20.415001 -10.543000
c<B>r<280>R<GLU> -8.480000 8.037000 -2.831000
c<B>r<282>R<HIS> -7.794000 13.403000 -2.729000
c<B>r<283>R<ARG> -6.493000 11.567000 0.333000
c<B>r<284>R<ALA> -3.258000 10.369000 -1.302000
c<B>r<285>R<LEU> -2.364000 13.930000 -2.512000
c<B>r<286>R<ALA> -3.894000 15.794000 0.403000
c<B>r<287>R<TRP> -0.555000 17.625999 1.251000
c<B>r<288>R<GLU> -0.057000 18.712000 -2.432000
c<B>r<290>R<SER> -3.792000 21.695000 0.422000
c<B>r<291>R<GLU> -0.321000 23.375000 0.400000
c<B>r<311>R<THR> -18.152000 11.197000 0.008000
c<B>r<312>R<PRO> -16.961000 8.281000 2.047000
c<B>r<313>R<LYS> -20.504999 6.883000 1.648000
