c<A>r<70>R<GLU> 16.770000 34.747002 64.262001
c<A>r<71>R<GLU> 15.338000 33.270000 67.482002
c<A>r<73>R<ILE> 14.781000 29.992001 63.083000
c<A>r<74>R<LYS> 17.145000 28.795000 65.810997
c<A>r<75>R<SER> 14.152000 27.108000 67.497002
c<A>r<76>R<GLN> 12.392000 25.767000 64.429001
c<A>r<77>R<GLY> 15.139000 25.431000 61.820999
c<A>r<78>R<GLN> 15.004000 26.121000 58.087002
c<A>r<79>R<ASP> 16.413000 24.589001 54.905998
c<A>r<80>R<VAL> 19.417999 26.260000 53.247002
c<A>r<81>R<THR> 20.691999 24.365999 50.186001
c<A>r<82>R<SER> 24.468000 23.825001 50.042999
c<A>r<83>R<SER> 24.379000 25.486000 46.610001
c<A>r<84>R<VAL> 23.719000 28.809000 48.327000
c<A>r<85>R<TYR> 26.697001 31.150999 48.314999
c<A>r<86>R<PHE> 26.587000 33.179001 51.512001
c<A>r<87>R<MET> 29.040001 35.792000 52.743999
c<A>r<88>R<LYS> 29.103001 37.535999 56.118999
c<A>r<125>R<GLU> 38.855000 31.157000 44.955002
c<A>r<126>R<SER> 36.064999 31.504000 47.543999
c<A>r<127>R<VAL> 33.943001 28.528000 46.477001
c<A>r<128>R<SER> 34.766998 26.431000 49.555000
c<A>r<129>R<MET> 35.451000 29.125999 52.145000
c<A>r<130>R<SER> 33.035999 29.719000 55.029999
c<A>r<131>R<PRO> 30.725000 32.793999 55.091000
c<A>r<132>R<GLU> 33.133999 34.250999 57.648998
c<A>r<133>R<GLU> 36.235001 33.402000 55.591000
c<A>r<134>R<ARG> 34.643002 35.023998 52.530998
c<A>r<137>R<TYR> 38.979000 37.396999 51.839001
c<A>r<187>R<LYS> 22.451000 37.778000 59.547001
c<A>r<188>R<PRO> 23.905001 34.450001 60.708000
c<A>r<189>R<PHE> 22.617001 32.645000 57.605000
c<A>r<190>R<PRO> 20.525000 32.965000 54.443001
c<A>r<191>R<ILE> 16.801001 33.326000 55.160999
c<A>r<192>R<ASN> 14.597000 30.822001 53.325001
c<B>r<8>R<LEU> 30.063000 17.278000 49.841999
c<B>r<36>R<ILE> 39.869999 19.426001 54.144001
c<B>r<37>R<PRO> 41.462002 22.849001 54.856998
c<B>r<38>R<PRO> 39.473999 24.965000 57.359001
c<B>r<39>R<ASP> 39.422001 27.995001 55.021999
c<B>r<40>R<GLN> 37.548000 25.878000 52.446999
c<B>r<41>R<GLN> 35.009998 24.552999 54.945999
c<B>r<42>R<ARG> 31.535000 26.195999 55.000999
c<B>r<43>R<LEU> 29.268999 24.538000 57.534000
c<B>r<44>R<ILE> 25.422001 24.671000 57.710999
c<B>r<45>R<PHE> 23.094999 23.417000 60.476002
c<B>r<46>R<ALA> 19.327999 23.535000 59.876999
c<B>r<47>R<GLY> 19.796000 26.101999 57.054001
c<B>r<48>R<LYS> 21.983000 28.391001 59.198002
c<B>r<49>R<GLN> 25.541000 29.290001 58.094002
c<B>r<50>R<LEU> 27.882000 28.684999 61.035999
c<B>r<51>R<GLU> 30.521999 31.267000 61.870998
c<B>r<52>R<ASP> 34.060001 30.271999 62.981998
c<B>r<53>R<GLY> 34.094002 32.376999 66.197998
c<B>r<58>R<ASP> 25.051001 29.475000 70.059998
c<B>r<59>R<TYR> 23.278999 27.530001 67.273003
c<B>r<60>R<ASN> 21.365999 25.134001 69.499001
c<B>r<61>R<ILE> 23.341000 22.177000 68.123001
c<B>r<68>R<HIS> 26.684000 19.865999 56.299000
c<B>r<69>R<LEU> 29.778999 20.979000 54.418999
c<B>r<70>R<VAL> 28.677000 23.105000 51.450001
c<B>r<71>R<LEU> 30.198000 25.205000 48.650002
