c<A>r<10>R<GLU> 21.705999 53.938000 46.742001
c<A>r<11>R<ALA> 19.664000 51.901001 44.289001
c<A>r<12>R<ASN> 21.337999 53.103001 41.092999
c<A>r<13>R<PRO> 21.181999 50.702999 38.098999
c<A>r<14>R<GLU> 23.736000 52.587002 35.998001
c<A>r<32>R<VAL> 17.059000 48.165001 36.209999
c<A>r<33>R<ASP> 14.964000 50.212002 38.662998
c<A>r<34>R<VAL> 11.887000 48.588001 40.078999
c<A>r<35>R<TYR> 9.608000 51.622002 40.063000
c<A>r<36>R<GLY> 7.021000 50.130001 42.396000
c<A>r<37>R<MET> 5.516000 46.827000 43.603001
c<A>r<38>R<ASP> 2.306000 47.703999 41.724998
c<A>r<39>R<PRO> 1.591000 45.358002 38.756001
c<A>r<40>R<GLU> 1.634000 48.389999 36.465000
c<A>r<41>R<LEU> 5.226000 49.195999 37.441002
c<A>r<42>R<LEU> 6.308000 45.591999 38.040001
c<A>r<55>R<LEU> 17.851000 49.037998 49.744999
c<A>r<210>R<LYS> 6.352000 44.356998 50.619999
c<A>r<213>R<MET> 7.583000 47.660999 54.077999
c<A>r<220>R<LEU> 9.560000 55.719002 52.823002
c<A>r<221>R<ARG> 13.147000 54.672001 52.143002
c<A>r<222>R<PHE> 12.640000 51.363998 50.284000
c<A>r<223>R<ASN> 14.092000 51.096001 46.756001
c<A>r<224>R<ALA> 14.659000 47.952000 44.693001
c<A>r<225>R<ILE> 16.667999 47.077999 41.574001
c<B>r<6>R<LYS> 4.318000 56.349998 39.659000
c<B>r<7>R<THR> 6.234000 56.036999 42.938000
c<B>r<8>R<LEU> 8.632000 53.198002 43.757000
c<B>r<9>R<THR> 5.641000 51.280998 45.277000
c<B>r<10>R<GLY> 3.486000 51.828999 42.153999
c<B>r<11>R<LYS> 1.323000 54.506001 43.862000
c<B>r<12>R<THR> -0.126000 56.827000 41.193001
c<B>r<34>R<GLU> 4.097000 62.752998 48.879002
c<B>r<36>R<ILE> 9.665000 62.868999 48.728001
c<B>r<40>R<GLN> 16.093000 61.931000 45.953999
c<B>r<42>R<ARG> 14.983000 60.374001 39.699001
c<B>r<43>R<LEU> 12.327000 60.500000 37.011002
c<B>r<44>R<ILE> 12.109000 58.381001 33.799999
c<B>r<67>R<LEU> 6.592000 59.216000 34.537998
c<B>r<68>R<HIS> 8.310000 56.773998 36.907001
c<B>r<69>R<LEU> 10.274000 57.488998 40.068001
c<B>r<70>R<VAL> 13.288000 55.154999 40.158001
c<B>r<71>R<LEU> 16.400999 54.500999 42.268002
