c<A>r<27>R<PRO> 26.385000 42.962002 29.937000
c<A>r<28>R<ASN> 23.980000 40.124001 29.208000
c<A>r<29>R<TRP> 22.421000 40.866001 32.577999
c<A>r<30>R<GLN> 21.797001 44.478001 33.625000
c<A>r<46>R<PRO> 12.751000 43.174000 31.714001
c<A>r<47>R<ARG> 12.742000 39.409000 32.279999
c<A>r<48>R<PRO> 14.127000 36.958000 33.172001
c<A>r<49>R<VAL> 15.124000 38.530998 36.488998
c<A>r<50>R<CYS> 17.740000 36.537998 38.423000
c<A>r<51>R<ALA> 18.166000 38.794998 41.442001
c<A>r<81>R<THR> 20.691999 24.365999 50.186001
c<A>r<82>R<SER> 24.468000 23.825001 50.042999
c<A>r<83>R<SER> 24.379000 25.486000 46.610001
c<A>r<84>R<VAL> 23.719000 28.809000 48.327000
c<A>r<106>R<ASN> 24.225000 32.647999 43.152000
c<A>r<107>R<ASN> 23.698999 33.012001 39.369999
c<A>r<108>R<LYS> 27.313999 32.362999 38.325001
c<A>r<109>R<ASP> 26.309000 29.979000 35.530998
c<A>r<110>R<LYS> 24.010000 32.585999 33.903999
c<A>r<111>R<MET> 26.830000 35.096001 33.688000
c<A>r<112>R<HIS> 29.412001 35.681000 31.011000
c<A>r<127>R<VAL> 33.943001 28.528000 46.477001
c<A>r<175>R<HIS> 16.312000 31.780001 43.549000
c<A>r<176>R<VAL> 18.337000 28.695999 44.449001
c<A>r<177>R<ASP> 17.107000 25.097000 44.095001
c<A>r<178>R<GLY> 13.441000 26.032000 44.202999
c<A>r<179>R<HIS> 13.545000 28.448000 47.125999
c<A>r<195>R<GLU> 9.372000 28.313999 47.176998
c<A>r<196>R<THR> 10.110000 30.240999 43.980999
c<A>r<197>R<SER> 11.269000 29.712999 40.394001
c<A>r<198>R<ASP> 13.265000 31.311001 37.603001
c<A>r<199>R<GLU> 9.977000 32.506001 36.159000
c<A>r<200>R<THR> 8.431000 34.043999 39.249001
c<A>r<201>R<LEU> 11.489000 35.377998 41.089001
c<A>r<227>R<LEU> 19.048000 42.021999 37.678001
c<A>r<228>R<SER> 17.367001 41.560001 34.308998
c<A>r<229>R<ALA> 18.243000 39.806999 31.052000
c<A>r<230>R<ALA> 19.983999 42.105999 28.607000
c<B>r<2>R<GLN> 8.482000 21.322001 37.540001
c<B>r<3>R<ILE> 12.056000 22.573999 37.126999
c<B>r<4>R<PHE> 13.539000 25.837000 35.893002
c<B>r<5>R<VAL> 16.351999 26.354000 33.438999
c<B>r<6>R<LYS> 18.181999 29.642000 33.188000
c<B>r<7>R<THR> 19.709999 30.547001 29.816000
c<B>r<8>R<LEU> 23.013000 32.384998 29.382999
c<B>r<9>R<THR> 21.028000 35.699001 29.417999
c<B>r<10>R<GLY> 19.167999 34.748001 32.632999
c<B>r<11>R<LYS> 15.896000 33.993999 30.764999
c<B>r<12>R<THR> 13.849000 31.487000 32.799999
c<B>r<13>R<ILE> 12.539000 28.353001 31.000999
c<B>r<14>R<THR> 9.940000 26.322001 32.979000
c<B>r<42>R<ARG> 25.955000 22.408001 29.041000
c<B>r<43>R<LEU> 23.790001 22.170000 32.131001
c<B>r<44>R<ILE> 24.837000 22.709000 35.799999
c<B>r<45>R<PHE> 22.841000 22.046000 38.995998
c<B>r<46>R<ALA> 24.336000 23.132000 42.334000
c<B>r<47>R<GLY> 27.844000 23.316000 40.771999
c<B>r<48>R<LYS> 27.593000 19.816000 39.251999
c<B>r<61>R<ILE> 17.118000 17.393000 41.379002
c<B>r<62>R<GLN> 13.686000 18.073000 42.952000
c<B>r<63>R<LYS> 10.586000 20.277000 42.659000
c<B>r<64>R<GLU> 11.521000 23.820999 41.577999
c<B>r<65>R<SER> 15.243000 23.121000 41.308998
c<B>r<66>R<THR> 17.024000 25.555000 38.942001
c<B>r<67>R<LEU> 19.466999 24.320999 36.294998
c<B>r<68>R<HIS> 21.837000 26.709000 34.502998
c<B>r<69>R<LEU> 22.969000 26.687000 30.886999
c<B>r<70>R<VAL> 26.676001 27.580999 30.788000
c<B>r<71>R<LEU> 29.537001 27.858000 28.275999
