c<A>r<10>R<GLU> 21.705999 53.938000 46.742001
c<A>r<11>R<ALA> 19.664000 51.901001 44.289001
c<A>r<12>R<ASN> 21.337999 53.103001 41.092999
c<A>r<13>R<PRO> 21.181999 50.702999 38.098999
c<A>r<32>R<VAL> 17.059000 48.165001 36.209999
c<A>r<33>R<ASP> 14.964000 50.212002 38.662998
c<A>r<34>R<VAL> 11.887000 48.588001 40.078999
c<A>r<35>R<TYR> 9.608000 51.622002 40.063000
c<A>r<36>R<GLY> 7.021000 50.130001 42.396000
c<A>r<37>R<MET> 5.516000 46.827000 43.603001
c<A>r<38>R<ASP> 2.306000 47.703999 41.724998
c<A>r<39>R<PRO> 1.591000 45.358002 38.756001
c<A>r<40>R<GLU> 1.634000 48.389999 36.465000
c<A>r<41>R<LEU> 5.226000 49.195999 37.441002
c<A>r<42>R<LEU> 6.308000 45.591999 38.040001
c<A>r<54>R<LEU> 16.568001 45.875000 48.110001
c<A>r<55>R<LEU> 17.851000 49.037998 49.744999
c<A>r<206>R<ILE> 8.754000 41.770000 45.719002
c<A>r<209>R<CYS> 9.979000 43.400002 49.858002
c<A>r<210>R<LYS> 6.352000 44.356998 50.619999
c<A>r<213>R<MET> 7.583000 47.660999 54.077999
c<A>r<219>R<GLU> 9.207000 54.353001 56.348000
c<A>r<220>R<LEU> 9.560000 55.719002 52.823002
c<A>r<221>R<ARG> 13.147000 54.672001 52.143002
c<A>r<222>R<PHE> 12.640000 51.363998 50.284000
c<A>r<223>R<ASN> 14.092000 51.096001 46.756001
c<A>r<224>R<ALA> 14.659000 47.952000 44.693001
c<A>r<225>R<ILE> 16.667999 47.077999 41.574001
c<B>r<5>R<VAL> 4.172000 59.848999 39.215000
c<B>r<6>R<LYS> 4.538000 56.255001 40.297001
c<B>r<7>R<THR> 6.404000 55.583000 43.550999
c<B>r<8>R<LEU> 8.691000 52.598999 44.134998
c<B>r<9>R<THR> 5.617000 50.662998 45.452999
c<B>r<10>R<GLY> 3.519000 51.563000 42.372002
c<B>r<11>R<LYS> 1.431000 54.154999 44.293999
c<B>r<12>R<THR> 0.096000 56.754002 41.828999
c<B>r<34>R<GLU> 4.435000 61.819000 50.048000
c<B>r<36>R<ILE> 10.004000 61.747002 49.956001
c<B>r<37>R<PRO> 13.082000 64.039001 50.131001
c<B>r<40>R<GLN> 16.427999 60.827999 47.164001
c<B>r<42>R<ARG> 15.338000 59.873001 40.785999
c<B>r<43>R<LEU> 12.720000 60.332001 38.097000
c<B>r<44>R<ILE> 12.465000 58.515999 34.709000
c<B>r<67>R<LEU> 6.972000 59.480000 35.471001
c<B>r<68>R<HIS> 8.575000 56.777000 37.627998
c<B>r<69>R<LEU> 10.526000 57.138000 40.856998
c<B>r<70>R<VAL> 13.455000 54.696999 40.764999
c<B>r<71>R<LEU> 16.518000 53.748001 42.834999
