c<A>r<11>R<ALA> 19.664000 51.901001 44.289001
c<A>r<33>R<ASP> 14.964000 50.212002 38.662998
c<A>r<34>R<VAL> 11.887000 48.588001 40.078999
c<A>r<35>R<TYR> 9.608000 51.622002 40.063000
c<A>r<36>R<GLY> 7.021000 50.130001 42.396000
c<A>r<37>R<MET> 5.516000 46.827000 43.603001
c<A>r<38>R<ASP> 2.306000 47.703999 41.724998
c<A>r<41>R<LEU> 5.226000 49.195999 37.441002
c<A>r<44>R<MET> 7.828000 47.087002 33.192001
c<A>r<54>R<LEU> 16.568001 45.875000 48.110001
c<A>r<55>R<LEU> 17.851000 49.037998 49.744999
c<A>r<210>R<LYS> 6.352000 44.356998 50.619999
c<A>r<218>R<ASP> 5.756000 54.922001 57.867001
c<A>r<219>R<GLU> 9.207000 54.353001 56.348000
c<A>r<220>R<LEU> 9.560000 55.719002 52.823002
c<A>r<221>R<ARG> 13.147000 54.672001 52.143002
c<A>r<222>R<PHE> 12.640000 51.363998 50.284000
c<A>r<223>R<ASN> 14.092000 51.096001 46.756001
c<A>r<224>R<ALA> 14.659000 47.952000 44.693001
c<A>r<225>R<ILE> 16.667999 47.077999 41.574001
c<B>r<7>R<THR> 1.520000 56.353001 46.104000
c<B>r<8>R<LEU> 3.385000 53.051998 46.419998
c<B>r<9>R<THR> 0.114000 51.476002 47.742001
c<B>r<10>R<GLY> -1.934000 52.852001 44.806000
c<B>r<36>R<ILE> 6.145000 61.542000 52.712002
c<B>r<37>R<PRO> 9.517000 63.373001 52.897999
c<B>r<38>R<PRO> 10.558000 64.997002 49.585999
c<B>r<39>R<ASP> 14.007000 63.344002 49.658001
c<B>r<40>R<GLN> 12.286000 59.929001 49.617001
c<B>r<41>R<GLN> 9.952000 60.812000 46.750999
c<B>r<42>R<ARG> 10.874000 59.542000 43.242001
c<B>r<43>R<LEU> 8.263000 60.527000 40.691002
c<B>r<44>R<ILE> 7.651000 58.983002 37.215000
c<B>r<47>R<GLY> 8.158000 56.092999 32.162998
c<B>r<49>R<GLN> 11.976000 60.035999 35.921001
c<B>r<68>R<HIS> 3.650000 57.612999 40.179001
c<B>r<69>R<LEU> 5.732000 57.495998 43.342999
c<B>r<70>R<VAL> 8.288000 54.686001 42.991001
c<B>r<71>R<LEU> 11.251000 53.194000 44.877998
