c<A>r<70>R<GLU> 16.770000 34.747002 64.262001
c<A>r<71>R<GLU> 15.338000 33.270000 67.482002
c<A>r<72>R<LYS> 12.448000 31.632000 65.628998
c<A>r<73>R<ILE> 14.781000 29.992001 63.083000
c<A>r<74>R<LYS> 17.145000 28.795000 65.810997
c<A>r<75>R<SER> 14.152000 27.108000 67.497002
c<A>r<76>R<GLN> 12.392000 25.767000 64.429001
c<A>r<77>R<GLY> 15.139000 25.431000 61.820999
c<A>r<78>R<GLN> 15.004000 26.121000 58.087002
c<A>r<79>R<ASP> 16.413000 24.589001 54.905998
c<A>r<80>R<VAL> 19.417999 26.260000 53.247002
c<A>r<81>R<THR> 20.691999 24.365999 50.186001
c<A>r<82>R<SER> 24.468000 23.825001 50.042999
c<A>r<83>R<SER> 24.379000 25.486000 46.610001
c<A>r<84>R<VAL> 23.719000 28.809000 48.327000
c<A>r<86>R<PHE> 26.587000 33.179001 51.512001
c<A>r<87>R<MET> 29.040001 35.792000 52.743999
c<A>r<88>R<LYS> 29.103001 37.535999 56.118999
c<A>r<128>R<SER> 34.766998 26.431000 49.555000
c<A>r<129>R<MET> 35.451000 29.125999 52.145000
c<A>r<130>R<SER> 33.035999 29.719000 55.029999
c<A>r<131>R<PRO> 30.725000 32.793999 55.091000
c<A>r<132>R<GLU> 33.133999 34.250999 57.648998
c<A>r<133>R<GLU> 36.235001 33.402000 55.591000
c<A>r<177>R<ASP> 17.107000 25.097000 44.095001
c<A>r<187>R<LYS> 22.451000 37.778000 59.547001
c<A>r<188>R<PRO> 23.905001 34.450001 60.708000
c<A>r<189>R<PHE> 22.617001 32.645000 57.605000
c<A>r<190>R<PRO> 20.525000 32.965000 54.443001
c<A>r<192>R<ASN> 14.597000 30.822001 53.325001
c<B>r<1>R<LEU> 32.917000 26.412001 59.983002
c<B>r<2>R<GLN> 33.819000 23.051001 58.400002
c<B>r<15>R<LEU> 30.045000 20.643000 54.882000
c<B>r<16>R<GLU> 30.639000 24.358000 55.062000
c<B>r<17>R<VAL> 28.309999 25.997999 57.570000
c<B>r<18>R<GLU> 27.969999 29.069000 59.838001
c<B>r<19>R<PRO> 27.997000 28.540001 63.604000
c<B>r<20>R<SER> 24.319000 29.584999 63.863998
c<B>r<21>R<ASP> 23.080000 27.378000 61.011002
c<B>r<22>R<THR> 20.093000 25.382000 62.019001
c<B>r<23>R<ILE> 20.038000 21.576000 61.862999
c<B>r<24>R<GLU> 17.330999 22.004000 59.179001
c<B>r<25>R<ASN> 19.896000 23.948000 57.088001
c<B>r<26>R<VAL> 22.469999 21.162001 57.654999
c<B>r<27>R<LYS> 19.947001 18.476000 56.562000
c<B>r<28>R<ALA> 19.410000 20.417000 53.249001
c<B>r<29>R<LYS> 23.176001 20.416000 52.679001
c<B>r<30>R<ILE> 23.289000 16.632000 53.333000
c<B>r<31>R<GLN> 20.370001 16.125999 50.949001
c<B>r<32>R<ASP> 22.179001 18.024000 48.194000
c<B>r<33>R<LYS> 25.365999 16.000999 48.647999
c<B>r<38>R<PRO> 15.655000 15.439000 55.415001
c<B>r<51>R<GLU> 16.712000 18.973000 66.667000
c<B>r<52>R<ASP> 15.820000 20.610001 63.310001
c<B>r<53>R<GLY> 14.921000 24.056000 64.753998
c<B>r<54>R<ARG> 18.035999 24.423000 66.903000
c<B>r<55>R<THR> 21.457001 25.702999 65.810997
c<B>r<56>R<LEU> 24.945999 24.160000 65.704002
c<B>r<57>R<SER> 26.033001 26.707001 68.371002
c<B>r<58>R<ASP> 23.188000 25.488001 70.646004
