c<A>r<10>R<GLU> 21.705999 53.938000 46.742001
c<A>r<11>R<ALA> 19.664000 51.901001 44.289001
c<A>r<12>R<ASN> 21.337999 53.103001 41.092999
c<A>r<33>R<ASP> 14.964000 50.212002 38.662998
c<A>r<34>R<VAL> 11.887000 48.588001 40.078999
c<A>r<35>R<TYR> 9.608000 51.622002 40.063000
c<A>r<36>R<GLY> 7.021000 50.130001 42.396000
c<A>r<37>R<MET> 5.516000 46.827000 43.603001
c<A>r<38>R<ASP> 2.306000 47.703999 41.724998
c<A>r<39>R<PRO> 1.591000 45.358002 38.756001
c<A>r<40>R<GLU> 1.634000 48.389999 36.465000
c<A>r<41>R<LEU> 5.226000 49.195999 37.441002
c<A>r<54>R<LEU> 16.568001 45.875000 48.110001
c<A>r<55>R<LEU> 17.851000 49.037998 49.744999
c<A>r<56>R<PHE> 16.034000 49.674000 53.028000
c<A>r<210>R<LYS> 6.352000 44.356998 50.619999
c<A>r<218>R<ASP> 5.756000 54.922001 57.867001
c<A>r<219>R<GLU> 9.207000 54.353001 56.348000
c<A>r<220>R<LEU> 9.560000 55.719002 52.823002
c<A>r<221>R<ARG> 13.147000 54.672001 52.143002
c<A>r<222>R<PHE> 12.640000 51.363998 50.284000
c<A>r<223>R<ASN> 14.092000 51.096001 46.756001
c<A>r<224>R<ALA> 14.659000 47.952000 44.693001
c<A>r<225>R<ILE> 16.667999 47.077999 41.574001
c<B>r<6>R<LYS> 1.004000 57.902000 43.035999
c<B>r<7>R<THR> 2.868000 56.254002 45.923000
c<B>r<8>R<LEU> 4.455000 52.799999 45.757000
c<B>r<9>R<THR> 1.112000 51.341000 47.030998
c<B>r<10>R<GLY> -0.915000 53.224998 44.376999
c<B>r<31>R<GLN> 6.787000 64.811996 52.450001
c<B>r<34>R<GLU> 2.757000 61.430000 53.549999
c<B>r<36>R<ILE> 8.151000 60.207001 52.882999
c<B>r<37>R<PRO> 11.670000 61.726002 53.131001
c<B>r<38>R<PRO> 12.726000 63.654999 49.992001
c<B>r<39>R<ASP> 16.023001 61.735001 49.708000
c<B>r<40>R<GLN> 14.018000 58.500000 49.339001
c<B>r<41>R<GLN> 11.665000 59.910999 46.709000
c<B>r<42>R<ARG> 12.350000 59.011002 43.035000
c<B>r<43>R<LEU> 9.742000 60.507000 40.743000
c<B>r<44>R<ILE> 8.877000 59.455002 37.138000
c<B>r<68>R<HIS> 4.883000 58.056000 40.098999
c<B>r<69>R<LEU> 7.060000 57.386002 43.126999
c<B>r<70>R<VAL> 9.353000 54.445000 42.326000
c<B>r<71>R<LEU> 12.245000 52.500999 43.882999
