c<A>r<33>R<ILE> 21.606001 -5.407000 -11.361000
c<A>r<34>R<PRO> 17.962000 -6.387000 -11.920000
c<A>r<35>R<THR> 15.465000 -3.604000 -12.257000
c<A>r<36>R<VAL> 13.303000 -5.172000 -9.502000
c<A>r<37>R<PHE> 14.532000 -7.529000 -6.846000
c<A>r<38>R<ASP> 12.429000 -10.707000 -6.203000
c<A>r<39>R<ASN> 10.456000 -10.792000 -3.040000
c<A>r<57>R<ASP> 11.153000 -4.199000 -4.200000
c<A>r<58>R<THR> 9.115000 -1.859000 -6.516000
c<A>r<59>R<ALA> 9.615000 -0.223000 -9.831000
c<A>r<62>R<GLU> 6.332000 6.518000 -13.463000
c<A>r<63>R<ASP> 5.194000 3.978000 -16.191999
c<A>r<64>R<TYR> 4.446000 1.543000 -13.352000
c<A>r<65>R<ASP> 2.301000 3.980000 -11.230000
c<A>r<66>R<ARG> -0.893000 1.891000 -11.952000
c<A>r<67>R<LEU> 0.826000 -1.416000 -11.105000
c<A>r<68>R<ARG> 3.097000 -0.518000 -8.127000
c<A>r<69>R<PRO> 0.191000 -0.028000 -5.511000
c<A>r<70>R<LEU> -0.743000 -3.703000 -5.913000
c<A>r<71>R<SER> 2.235000 -4.345000 -3.589000
c<A>r<72>R<TYR> 0.927000 -2.026000 -0.838000
c<A>r<73>R<PRO> -2.018000 -3.960000 0.753000
c<A>r<74>R<GLN> -1.161000 -5.373000 4.228000
c<A>r<94>R<ARG> 7.366000 15.096000 -0.850000
c<A>r<95>R<ALA> 5.737000 15.490000 -4.222000
c<A>r<96>R<LYS> 5.163000 11.832000 -5.196000
c<A>r<97>R<TRP> 6.171000 9.033000 -2.889000
c<A>r<98>R<PHE> 4.804000 10.316000 0.503000
c<A>r<99>R<PRO> 1.321000 11.177000 -0.959000
c<A>r<100>R<GLU> 1.101000 7.836000 -2.818000
c<A>r<101>R<VAL> 2.046000 5.708000 0.201000
c<A>r<102>R<ARG> -0.235000 7.726000 2.551000
c<A>r<103>R<HIS> -3.135000 7.547000 0.107000
c<A>r<104>R<HIS> -3.034000 3.678000 -0.070000
c<A>r<105>R<CYS> -1.741000 3.031000 3.460000
c<A>r<106>R<PRO> -2.860000 5.915000 5.737000
c<A>r<107>R<SER> -1.606000 4.426000 9.030000
c<B>r<1>R<GLY> -1.517000 17.808001 -1.526000
c<B>r<2>R<ASN> -3.445000 15.626000 -2.660000
c<B>r<3>R<TYR> -2.697000 12.408000 -4.303000
c<B>r<4>R<LYS> -3.368000 12.361000 -7.991000
c<B>r<5>R<PRO> -4.358000 8.919000 -9.374000
c<B>r<6>R<PRO> -2.312000 7.840000 -12.279000
c<B>r<7>R<PRO> -3.776000 7.608000 -15.791000
c<B>r<8>R<GLN> -5.685000 4.460000 -16.577999
c<B>r<9>R<LYS> -3.679000 1.645000 -18.059000
c<B>r<10>R<SER> -5.026000 -1.759000 -19.125000
c<B>r<11>R<LEU> -3.562000 -4.992000 -18.164000
c<B>r<14>R<LEU> 1.249000 -3.186000 -18.747999
c<B>r<17>R<MET> 5.883000 -2.995000 -21.382999
c<B>r<21>R<ASP> 13.492000 -7.122000 -18.945000
c<B>r<22>R<GLU> 13.233000 -10.412000 -17.100000
c<B>r<23>R<SER> 13.055000 -8.837000 -13.684000
c<B>r<24>R<LEU> 10.090000 -6.628000 -14.778000
c<B>r<25>R<ILE> 8.367000 -9.574000 -16.358000
c<B>r<26>R<LYS> 8.676000 -11.452000 -13.065000
c<B>r<27>R<TYR> 7.568000 -8.354000 -11.193000
c<B>r<28>R<LYS> 4.312000 -8.120000 -13.256000
c<B>r<30>R<THR> 4.095000 -11.631000 -9.165000
c<B>r<31>R<LEU> 1.561000 -8.806000 -8.858000
c<B>r<32>R<LEU> -0.977000 -9.665000 -11.612000
c<B>r<98>R<ILE> -6.512000 -3.524000 -11.894000
c<B>r<99>R<VAL> -8.694000 -1.516000 -9.541000
c<B>r<100>R<SER> -6.737000 1.356000 -7.967000
c<B>r<101>R<GLY> -7.532000 2.849000 -4.582000
c<B>r<102>R<LEU> -10.619000 0.857000 -3.491000
c<B>r<103>R<LYS> -12.439000 2.653000 -0.635000
c<B>r<120>R<PHE> -11.573000 3.309000 4.793000
c<B>r<121>R<MET> -8.833000 2.814000 2.185000
c<B>r<122>R<VAL> -9.074000 -0.757000 1.062000
c<B>r<123>R<GLY> -6.089000 -0.596000 -1.454000
c<B>r<124>R<SER> -5.306000 -1.545000 -5.030000
c<B>r<125>R<TYR> -5.844000 -5.036000 -6.351000
c<B>r<126>R<GLY> -5.328000 -7.102000 -9.502000
c<B>r<134>R<PHE> -10.215000 -6.423000 3.815000
c<B>r<135>R<LEU> -10.331000 -5.799000 7.509000
c<B>r<137>R<PRO> -8.904000 -1.183000 12.117000
c<B>r<160>R<ASP> -9.709000 6.311000 -7.269000
