c<E>r<34>R<GLN> 28.298000 71.365997 5.778000
c<E>r<35>R<LEU> 26.875000 73.212997 8.727000
c<E>r<36>R<ALA> 28.406000 76.542999 9.710000
c<E>r<38>R<GLY> 31.660000 76.031998 7.782000
c<E>r<39>R<GLY> 32.099998 72.436996 9.004000
c<E>r<40>R<HIS> 31.622999 69.248001 6.930000
c<E>r<41>R<PHE> 29.282000 66.804001 8.680000
c<E>r<42>R<CYS> 28.226000 64.324997 5.968000
c<E>r<58>R<CYS> 22.500999 63.166000 8.168000
c<E>r<59>R<VAL> 19.681000 65.653999 7.889000
c<E>r<60>R<ALA> 17.805000 63.933998 10.728000
c<E>r<61>R<ASN> 18.410000 66.311996 13.649000
c<E>r<62>R<VAL> 20.077999 69.207001 11.923000
c<E>r<62>i<A>R<ASN> 18.813000 72.625999 10.883000
c<E>r<62>i<B>R<VAL> 18.285000 71.947998 7.184000
c<E>r<63>R<ARG> 17.760000 75.651001 6.426000
c<E>r<64>R<ALA> 21.433001 76.158997 7.378000
c<E>r<65>R<VAL> 22.966000 73.135002 5.669000
c<E>r<65>i<A>R<ARG> 25.110001 74.086998 2.676000
c<E>r<72>R<ASN> 40.708000 69.842003 0.091000
c<E>r<73>R<LEU> 38.243999 71.282997 2.567000
c<E>r<74>R<SER> 40.779999 73.399002 4.414000
c<E>r<75>R<ARG> 41.612000 75.598999 1.435000
c<E>r<76>R<ARG> 39.497002 78.144997 -0.451000
c<E>r<77>R<GLU> 38.782001 76.462997 -3.742000
c<E>r<142>R<GLY> 35.375999 61.422001 7.714000
c<E>r<143>R<LEU> 37.666000 60.553001 10.623000
c<E>r<144>R<LEU> 41.144001 59.487999 9.614000
c<E>r<145>R<GLY> 41.365002 57.148998 12.523000
c<E>r<148>R<ASN> 40.432999 58.662998 17.174000
c<E>r<149>R<ARG> 42.451000 60.587002 14.554000
c<E>r<150>R<GLY> 40.932999 63.771000 13.145000
c<E>r<151>R<ILE> 38.678001 64.501999 10.224000
c<E>r<152>R<ALA> 40.224998 64.342003 6.769000
c<E>r<153>R<SER> 40.805000 67.603996 4.894000
c<E>r<154>R<VAL> 41.574001 65.957001 1.573000
c<E>r<191>R<CYS> 34.428001 56.173000 10.139000
c<E>r<192>R<PHE> 32.416000 59.084999 11.499000
c<E>r<193>R<GLY> 31.799000 61.792000 8.927000
c<E>r<194>R<ASP> 31.650000 59.410999 5.969000
c<E>r<195>R<SER> 27.914000 58.889000 6.358000
c<I>r<3>R<ALA> 16.500999 77.932999 19.030001
c<I>r<4>R<VAL> 18.891001 76.800003 16.266001
c<I>r<5>R<SER> 21.563000 74.166000 16.125999
c<I>r<6>R<VAL> 24.087000 72.322998 14.026000
c<I>r<7>R<ASP> 24.805000 68.681999 13.603000
c<I>r<8>R<CYS> 27.587000 68.024002 16.157000
c<I>r<9>R<SER> 26.767000 64.280998 16.297001
c<I>r<10>R<GLU> 30.115000 63.043999 15.092000
c<I>r<11>R<TYR> 32.243000 65.257004 17.313999
c<I>r<12>R<PRO> 34.928001 65.532997 18.864000
c<I>r<13>R<LYS> 37.397999 65.667999 15.903000
c<I>r<14>R<PRO> 41.242001 66.056999 16.000000
c<I>r<15>R<ALA> 41.356998 68.577003 13.167000
c<I>r<16>R<CYS> 39.334999 70.924004 11.074000
c<I>r<17>R<THR> 39.889999 72.420998 7.771000
c<I>r<18>R<MET> 40.379002 76.135002 7.267000
c<I>r<19>R<GLU> 37.353001 77.171997 5.235000
c<I>r<20>R<TYR> 35.798000 80.412003 6.467000
c<I>r<21>R<ARG> 32.153999 79.672997 6.958000
c<I>r<22>R<PRO> 31.358000 81.647003 10.161000
c<I>r<23>R<LEU> 29.021000 80.760002 13.033000
c<I>r<24>R<CYS> 28.231001 82.905998 16.000000
c<I>r<31>R<TYR> 33.792999 80.402000 15.066000
c<I>r<32>R<GLY> 35.500000 80.184998 11.621000
c<I>r<33>R<ASN> 33.506001 77.083000 10.664000
c<I>r<34>R<LYS> 31.222000 74.299004 11.830000
c<I>r<35>R<CYS> 34.022999 72.024002 12.828000
c<I>r<36>R<ASN> 35.620998 74.621002 15.093000
c<I>r<37>R<PHE> 32.180000 75.261002 16.559999
c<I>r<38>R<CYS> 31.306999 71.638000 17.260000
c<I>r<50>R<LEU> 24.622000 78.366997 18.590000
c<I>r<52>R<HIS> 23.066999 82.375999 14.976000
c<I>r<53>R<PHE> 24.459999 81.549004 11.608000
c<I>r<54>R<GLY> 27.018999 84.044998 10.245000
c<I>r<55>R<LYS> 29.594999 86.138000 12.064000
