c<E>r<35>R<LEU> 26.875000 73.212997 8.727000
c<E>r<36>R<ALA> 28.406000 76.542999 9.710000
c<E>r<39>R<GLY> 32.099998 72.436996 9.004000
c<E>r<40>R<HIS> 31.622999 69.248001 6.930000
c<E>r<41>R<PHE> 29.282000 66.804001 8.680000
c<E>r<56>R<ALA> 18.645000 60.069000 5.952000
c<E>r<57>R<HIS> 20.344000 60.290001 9.356000
c<E>r<58>R<CYS> 22.500999 63.166000 8.168000
c<E>r<59>R<VAL> 19.681000 65.653999 7.889000
c<E>r<60>R<ALA> 17.805000 63.933998 10.728000
c<E>r<61>R<ASN> 18.410000 66.311996 13.649000
c<E>r<62>R<VAL> 20.077999 69.207001 11.923000
c<E>r<62>i<A>R<ASN> 18.813000 72.625999 10.883000
c<E>r<94>R<TYR> 13.510000 55.784000 6.996000
c<E>r<95>R<ASP> 13.544000 53.692001 10.168000
c<E>r<98>R<PRO> 15.571000 55.705002 12.758000
c<E>r<99>R<VAL> 15.811000 52.921001 15.327000
c<E>r<99>i<A>R<ASN> 16.791000 49.983002 13.039000
c<E>r<99>i<B>R<LEU> 18.680000 52.104000 10.490000
c<E>r<100>R<LEU> 16.664000 50.939999 7.477000
c<E>r<142>R<GLY> 35.375999 61.422001 7.714000
c<E>r<143>R<LEU> 37.666000 60.553001 10.623000
c<E>r<144>R<LEU> 41.144001 59.487999 9.614000
c<E>r<145>R<GLY> 41.365002 57.148998 12.523000
c<E>r<147>R<ARG> 39.285000 55.570999 15.263000
c<E>r<148>R<ASN> 40.432999 58.662998 17.174000
c<E>r<149>R<ARG> 42.451000 60.587002 14.554000
c<E>r<150>R<GLY> 40.932999 63.771000 13.145000
c<E>r<151>R<ILE> 38.678001 64.501999 10.224000
c<E>r<191>R<CYS> 34.428001 56.173000 10.139000
c<E>r<192>R<PHE> 32.416000 59.084999 11.499000
c<E>r<193>R<GLY> 31.799000 61.792000 8.927000
c<E>r<214>R<SER> 25.378000 54.441002 6.839000
c<E>r<215>R<PHE> 26.729000 52.740002 10.022000
c<E>r<216>R<VAL> 29.746000 50.851002 11.419000
c<E>r<217>R<ARG> 30.048000 48.095001 13.973000
c<E>r<218>R<GLY> 32.743000 47.276001 16.518000
c<E>r<219>R<GLY> 33.779999 50.896000 16.162001
c<E>r<220>R<CYS> 35.359001 52.277000 13.014000
c<E>r<222>R<SER> 37.215000 46.939999 13.836000
c<E>r<223>R<LEU> 36.049999 42.201000 12.328000
c<E>r<224>R<TYR> 32.758999 43.823002 11.299000
c<E>r<226>R<ASP> 30.488001 48.660999 7.403000
c<E>r<227>R<ALA> 26.979000 48.943001 6.097000
c<I>r<12>R<PRO> 20.959000 67.206001 20.341999
c<I>r<13>R<LYS> 24.459000 68.653999 19.603001
c<I>r<14>R<PRO> 25.781000 70.169998 16.304001
c<I>r<15>R<ALA> 29.129000 68.394997 16.482000
c<I>r<16>R<CYS> 31.049999 65.640999 18.127001
c<I>r<17>R<THR> 34.640999 65.023003 18.556999
c<I>r<18>R<MET> 36.418999 62.108002 16.938000
c<I>r<19>R<GLU> 37.537998 59.993999 19.878000
c<I>r<20>R<TYR> 36.943001 56.283001 19.327999
c<I>r<21>R<ARG> 35.054001 55.094002 22.341999
c<I>r<22>R<PRO> 32.563999 52.602001 20.799000
c<I>r<23>R<LEU> 28.951000 51.881001 21.763000
c<I>r<24>R<CYS> 26.726999 49.272999 20.254000
c<I>r<25>R<GLY> 23.167000 50.394001 19.382999
c<I>r<26>R<SER> 20.024000 48.282001 19.448999
c<I>r<27>R<ASP> 20.003000 48.757999 15.721000
c<I>r<28>R<ASN> 23.242001 46.617001 15.532000
c<I>r<29>R<LYS> 25.408001 49.612000 14.614000
c<I>r<30>R<THR> 28.607000 50.500999 16.311001
c<I>r<31>R<TYR> 28.629999 54.254002 17.148001
c<I>r<32>R<GLY> 32.193001 55.695999 17.377001
c<I>r<33>R<ASN> 31.400999 57.533001 20.618999
c<I>r<36>R<ASN> 27.399000 60.140999 17.910999
c<I>r<39>R<ASN> 22.774000 62.358002 18.362000
c<I>r<40>R<ALA> 21.263000 59.209999 16.790001
c<I>r<41>R<VAL> 18.891001 58.622002 19.735001
c<I>r<42>R<VAL> 17.504999 62.105000 19.121000
c<I>r<43>R<GLU> 17.412001 61.724998 15.358000
c<I>r<44>R<SER> 15.498000 58.423000 15.732000
c<I>r<45>R<ASN> 12.908000 60.014000 17.951000
c<I>r<46>R<GLY> 14.089000 57.757999 20.783001
c<I>r<47>R<THR> 13.588000 54.487999 18.849001
c<I>r<48>R<LEU> 17.363001 53.813999 19.164000
c<I>r<49>R<THR> 18.431999 52.282001 22.480000
c<I>r<54>R<GLY> 31.791000 48.410999 23.334999
c<I>r<55>R<LYS> 31.695999 47.624001 19.634001
c<I>r<56>R<CYS> 28.920000 45.425999 18.374001
