c<E>r<40>R<HIS> 31.622999 69.248001 6.930000
c<E>r<41>R<PHE> 29.282000 66.804001 8.680000
c<E>r<42>R<CYS> 28.226000 64.324997 5.968000
c<E>r<43>R<GLY> 28.986000 63.144001 2.437000
c<E>r<55>R<ALA> 21.990999 59.306000 4.249000
c<E>r<56>R<ALA> 18.645000 60.069000 5.952000
c<E>r<57>R<HIS> 20.344000 60.290001 9.356000
c<E>r<58>R<CYS> 22.500999 63.166000 8.168000
c<E>r<59>R<VAL> 19.681000 65.653999 7.889000
c<E>r<62>R<VAL> 20.077999 69.207001 11.923000
c<E>r<98>R<PRO> 15.571000 55.705002 12.758000
c<E>r<99>R<VAL> 15.811000 52.921001 15.327000
c<E>r<99>i<A>R<ASN> 16.791000 49.983002 13.039000
c<E>r<99>i<B>R<LEU> 18.680000 52.104000 10.490000
c<E>r<102>R<ASP> 18.676001 55.345001 5.302000
c<E>r<142>R<GLY> 35.375999 61.422001 7.714000
c<E>r<143>R<LEU> 37.666000 60.553001 10.623000
c<E>r<147>R<ARG> 39.285000 55.570999 15.263000
c<E>r<148>R<ASN> 40.432999 58.662998 17.174000
c<E>r<151>R<ILE> 38.678001 64.501999 10.224000
c<E>r<190>R<VAL> 34.617001 54.198002 6.926000
c<E>r<191>R<CYS> 34.428001 56.173000 10.139000
c<E>r<192>R<PHE> 32.416000 59.084999 11.499000
c<E>r<193>R<GLY> 31.799000 61.792000 8.927000
c<E>r<194>R<ASP> 31.650000 59.410999 5.969000
c<E>r<195>R<SER> 27.914000 58.889000 6.358000
c<E>r<196>R<GLY> 26.148001 59.844002 3.187000
c<E>r<213>R<ALA> 27.613001 55.127998 3.830000
c<E>r<214>R<SER> 25.378000 54.441002 6.839000
c<E>r<215>R<PHE> 26.729000 52.740002 10.022000
c<E>r<216>R<VAL> 29.746000 50.851002 11.419000
c<E>r<217>R<ARG> 30.048000 48.095001 13.973000
c<E>r<218>R<GLY> 32.743000 47.276001 16.518000
c<E>r<219>R<GLY> 33.779999 50.896000 16.162001
c<E>r<220>R<CYS> 35.359001 52.277000 13.014000
c<E>r<226>R<ASP> 30.488001 48.660999 7.403000
c<E>r<227>R<ALA> 26.979000 48.943001 6.097000
c<E>r<228>R<PHE> 25.787001 51.021999 3.182000
c<I>r<10>R<GLU> 14.989000 54.459000 23.478001
c<I>r<11>R<TYR> 18.351999 52.799999 24.030001
c<I>r<12>R<PRO> 20.017000 50.188000 23.733000
c<I>r<13>R<LYS> 20.236000 49.967999 19.886000
c<I>r<14>R<PRO> 22.028999 47.308998 17.733000
c<I>r<15>R<ALA> 23.528000 49.833000 15.330000
c<I>r<16>R<CYS> 24.287001 53.451000 14.772000
c<I>r<17>R<THR> 24.910999 55.424999 11.743000
c<I>r<18>R<MET> 28.247000 57.040001 11.009000
c<I>r<19>R<GLU> 27.489000 60.751999 11.097000
c<I>r<20>R<TYR> 30.127001 62.744999 12.966000
c<I>r<21>R<ARG> 28.259001 64.799004 15.488000
c<I>r<22>R<PRO> 30.597000 64.651001 18.537001
c<I>r<29>R<LYS> 36.066002 60.250999 25.547001
c<I>r<30>R<THR> 34.719002 61.851002 22.459000
c<I>r<31>R<TYR> 31.743999 59.806999 21.134001
c<I>r<32>R<GLY> 31.235001 60.226002 17.341000
c<I>r<33>R<ASN> 27.482000 60.730999 17.750999
c<I>r<35>R<CYS> 23.778999 56.918999 19.268999
c<I>r<36>R<ASN> 27.299000 55.799999 20.159000
