c<E>r<91>R<ASP> 11.030000 56.785000 1.927000
c<E>r<92>R<GLY> 10.397000 54.827999 5.105000
c<E>r<94>R<TYR> 13.510000 55.784000 6.996000
c<E>r<95>R<ASP> 13.544000 53.692001 10.168000
c<E>r<98>R<PRO> 15.571000 55.705002 12.758000
c<E>r<99>R<VAL> 15.811000 52.921001 15.327000
c<E>r<99>i<A>R<ASN> 16.791000 49.983002 13.039000
c<E>r<99>i<B>R<LEU> 18.680000 52.104000 10.490000
c<E>r<100>R<LEU> 16.664000 50.939999 7.477000
c<E>r<101>R<ASN> 15.969000 52.917999 4.273000
c<E>r<102>R<ASP> 18.676001 55.345001 5.302000
c<E>r<124>R<PRO> 22.587999 50.733002 -10.859000
c<E>r<125>R<ALA> 19.294001 49.313000 -12.115000
c<E>r<126>R<GLN> 16.421000 48.814999 -9.734000
c<E>r<127>R<GLY> 17.155001 45.662998 -7.750000
c<E>r<128>R<ARG> 20.738001 45.097000 -8.943000
c<E>r<129>R<ARG> 22.143000 43.002998 -6.033000
c<E>r<130>R<LEU> 25.947001 43.023998 -5.592000
c<E>r<131>R<GLY> 27.724001 39.730999 -5.159000
c<E>r<132>R<ASN> 29.992001 38.616001 -2.342000
c<E>r<165>R<THR> 27.214001 39.048000 2.663000
c<E>r<166>R<SER> 28.163000 37.425999 5.953000
c<E>r<167>R<LEU> 27.389000 39.467999 9.069000
c<E>r<168>R<CYS> 25.055000 41.625000 6.995000
c<E>r<177>R<ARG> 21.313000 42.209000 6.506000
c<E>r<178>R<ARG> 19.858000 41.831001 3.015000
c<E>r<179>R<SER> 18.546000 45.334999 3.629000
c<E>r<180>R<ASN> 22.101000 46.613998 3.507000
c<E>r<181>R<VAL> 25.118999 46.304001 1.208000
c<E>r<230>R<PRO> 21.483000 49.779999 -0.972000
c<E>r<232>R<ALA> 19.863001 49.698002 -6.123000
c<E>r<233>R<GLN> 16.778000 48.775002 -4.054000
c<E>r<234>R<PHE> 15.610000 52.433998 -4.389000
c<E>r<235>R<VAL> 16.370001 53.272999 -8.036000
c<E>r<236>R<ASN> 12.657000 53.493000 -8.986000
c<E>r<237>R<TRP> 11.839000 55.924999 -6.203000
c<E>r<238>R<ILE> 14.935000 58.006001 -6.892000
c<E>r<239>R<ASP> 13.900000 58.326000 -10.516000
c<E>r<240>R<SER> 10.255000 59.265999 -9.990000
c<I>r<12>R<PRO> 18.263000 34.506001 -6.594000
c<I>r<13>R<LYS> 18.389000 36.598000 -9.833000
c<I>r<14>R<PRO> 21.329000 38.675999 -11.236000
c<I>r<15>R<ALA> 19.167999 41.646000 -12.184000
c<I>r<16>R<CYS> 15.833000 43.273998 -11.731000
c<I>r<17>R<THR> 13.965000 45.720001 -13.728000
c<I>r<18>R<MET> 13.203000 49.209000 -12.492000
c<I>r<19>R<GLU> 9.424000 49.254002 -12.202000
c<I>r<20>R<TYR> 8.217000 50.909000 -9.004000
c<I>r<21>R<ARG> 5.859000 48.464001 -7.416000
c<I>r<22>R<PRO> 6.693000 48.851002 -3.682000
c<I>r<24>R<CYS> 7.448000 46.814999 2.701000
c<I>r<25>R<GLY> 9.908000 44.408001 4.388000
c<I>r<26>R<SER> 9.868000 43.252998 7.994000
c<I>r<27>R<ASP> 13.088000 45.165001 8.312000
c<I>r<28>R<ASN> 11.075000 48.445999 7.768000
c<I>r<29>R<LYS> 12.565000 49.022999 4.312000
c<I>r<30>R<THR> 10.570000 49.771999 1.252000
c<I>r<31>R<TYR> 11.763000 47.548000 -1.649000
c<I>r<32>R<GLY> 11.091000 49.126999 -5.096000
c<I>r<33>R<ASN> 9.687000 45.868000 -6.480000
c<I>r<34>R<LYS> 9.243000 42.141998 -5.980000
c<I>r<35>R<CYS> 12.516000 41.244999 -7.562000
c<I>r<36>R<ASN> 14.504000 43.528000 -5.267000
c<I>r<37>R<PHE> 12.567000 42.060001 -2.352000
c<I>r<38>R<CYS> 13.129000 38.412998 -3.228000
c<I>r<39>R<ASN> 16.813999 39.132000 -3.907000
c<I>r<40>R<ALA> 17.014000 40.500000 -0.336000
c<I>r<41>R<VAL> 15.174000 37.488998 1.145000
c<I>r<42>R<VAL> 17.868000 35.284000 -0.374000
c<I>r<43>R<GLU> 20.714001 37.568001 0.623000
c<I>r<44>R<SER> 19.420000 37.617001 4.233000
c<I>r<45>R<ASN> 19.318001 33.858002 4.394000
c<I>r<46>R<GLY> 15.534000 34.073002 4.765000
c<I>r<47>R<THR> 15.619000 36.382999 7.821000
c<I>r<48>R<LEU> 13.753000 39.044998 5.764000
c<I>r<55>R<LYS> 5.438000 51.271999 0.730000
c<I>r<56>R<CYS> 6.290000 51.167999 4.389000
