c<E>r<32>R<SER> 30.396999 67.668999 1.098000
c<E>r<33>R<LEU> 27.370001 68.635002 3.309000
c<E>r<34>R<GLN> 28.298000 71.365997 5.778000
c<E>r<35>R<LEU> 26.875000 73.212997 8.727000
c<E>r<36>R<ALA> 28.406000 76.542999 9.710000
c<E>r<38>R<GLY> 31.660000 76.031998 7.782000
c<E>r<49>R<PRO> 22.257000 68.958000 -11.685000
c<E>r<50>R<ASN> 19.844000 69.819000 -8.874000
c<E>r<62>i<B>R<VAL> 18.285000 71.947998 7.184000
c<E>r<63>R<ARG> 17.760000 75.651001 6.426000
c<E>r<64>R<ALA> 21.433001 76.158997 7.378000
c<E>r<65>R<VAL> 22.966000 73.135002 5.669000
c<E>r<65>i<A>R<ARG> 25.110001 74.086998 2.676000
c<E>r<66>R<VAL> 25.795000 71.573997 -0.105000
c<E>r<67>R<VAL> 29.388000 72.004997 -1.356000
c<E>r<68>R<LEU> 30.166000 70.575996 -4.777000
c<E>r<69>R<GLY> 33.519001 70.563004 -6.543000
c<E>r<70>R<ALA> 35.661999 70.281998 -3.427000
c<E>r<73>R<LEU> 38.243999 71.282997 2.567000
c<E>r<74>R<SER> 40.779999 73.399002 4.414000
c<E>r<75>R<ARG> 41.612000 75.598999 1.435000
c<E>r<76>R<ARG> 39.497002 78.144997 -0.451000
c<E>r<77>R<GLU> 38.782001 76.462997 -3.742000
c<E>r<78>R<PRO> 37.262001 78.262001 -6.751000
c<E>r<79>R<THR> 36.202999 74.877998 -8.176000
c<E>r<80>R<ARG> 33.476002 74.804001 -5.535000
c<E>r<81>R<GLN> 29.857000 75.463997 -6.199000
c<E>r<82>R<VAL> 27.662001 75.907997 -3.117000
c<E>r<83>R<PHE> 23.919001 75.249001 -3.016000
c<E>r<84>R<ALA> 21.271000 75.100998 -0.284000
c<E>r<85>R<VAL> 18.705999 72.362000 0.323000
c<E>r<86>R<GLN> 15.224000 73.110001 -0.983000
c<E>r<108>R<LEU> 19.003000 71.968002 -4.436000
c<E>r<109>R<ASN> 17.921000 75.585999 -4.710000
c<E>r<110>R<GLY> 19.701000 75.853996 -8.078000
c<E>r<111>R<SER> 21.549000 73.617996 -10.537000
c<E>r<112>R<ALA> 25.219000 72.727997 -10.641000
c<E>r<113>R<THR> 27.035000 73.998001 -13.688000
c<E>r<114>R<ILE> 28.298000 70.630997 -14.933000
c<E>r<115>R<ASN> 32.050999 70.657997 -15.626000
c<E>r<116>R<ALA> 35.298000 68.748001 -15.112000
c<E>r<117>R<ASN> 35.012001 69.081001 -11.350000
c<E>r<118>R<VAL> 31.270000 68.757004 -10.993000
c<I>r<10>R<GLU> 34.901001 87.834999 -5.172000
c<I>r<11>R<TYR> 34.387001 84.303001 -6.447000
c<I>r<12>R<PRO> 35.158001 81.306000 -6.117000
c<I>r<13>R<LYS> 33.573002 80.583000 -2.674000
c<I>r<14>R<PRO> 33.525002 77.258003 -0.705000
c<I>r<15>R<ALA> 29.878000 77.560997 0.299000
c<I>r<16>R<CYS> 26.657000 79.334999 -0.372000
c<I>r<17>R<THR> 23.634001 79.852997 1.643000
c<I>r<18>R<MET> 20.284000 78.369003 0.719000
c<I>r<19>R<GLU> 18.132000 81.400002 -0.019000
c<I>r<20>R<TYR> 16.006001 80.967003 -3.137000
c<I>r<21>R<ARG> 16.680000 83.985001 -5.260000
c<I>r<22>R<PRO> 16.732000 82.482002 -8.800000
c<I>r<23>R<LEU> 18.903999 83.402000 -11.788000
c<I>r<24>R<CYS> 18.684000 81.942001 -15.230000
c<I>r<25>R<GLY> 22.011000 80.967003 -16.863001
c<I>r<27>R<ASP> 23.059999 77.306000 -20.266001
c<I>r<29>R<LYS> 19.667000 76.271004 -15.956000
c<I>r<30>R<THR> 18.007999 77.996002 -13.095000
c<I>r<31>R<TYR> 20.591000 78.704002 -10.336000
c<I>r<32>R<GLY> 18.990999 78.948997 -6.842000
c<I>r<33>R<ASN> 20.945000 82.111000 -6.007000
c<I>r<34>R<LYS> 23.777000 84.432999 -6.967000
c<I>r<35>R<CYS> 26.386000 82.494003 -5.110000
c<I>r<36>R<ASN> 25.544001 79.239998 -6.881000
c<I>r<37>R<PHE> 25.608999 81.161003 -10.153000
c<I>r<38>R<CYS> 28.969999 82.836998 -9.625000
c<I>r<39>R<ASN> 30.445999 79.528000 -8.430000
c<I>r<40>R<ALA> 29.334000 78.037003 -11.777000
c<I>r<41>R<VAL> 30.768999 80.955002 -13.793000
c<I>r<42>R<VAL> 34.139000 80.196999 -12.214000
c<I>r<43>R<GLU> 33.806000 76.447998 -12.600000
c<I>r<44>R<SER> 32.955002 76.899002 -16.312000
c<I>r<45>R<ASN> 36.012001 79.014000 -16.900000
c<I>r<48>R<LEU> 28.570999 80.522003 -18.350000
c<I>r<55>R<LYS> 13.914000 81.473000 -13.035000
