c<E>r<16>R<ILE> 38.021999 56.997002 5.960000
c<E>r<17>R<VAL> 40.331001 54.839001 8.039000
c<E>r<41>R<PHE> 29.282000 66.804001 8.680000
c<E>r<56>R<ALA> 18.645000 60.069000 5.952000
c<E>r<57>R<HIS> 20.344000 60.290001 9.356000
c<E>r<58>R<CYS> 22.500999 63.166000 8.168000
c<E>r<59>R<VAL> 19.681000 65.653999 7.889000
c<E>r<60>R<ALA> 17.805000 63.933998 10.728000
c<E>r<61>R<ASN> 18.410000 66.311996 13.649000
c<E>r<95>R<ASP> 13.544000 53.692001 10.168000
c<E>r<98>R<PRO> 15.571000 55.705002 12.758000
c<E>r<99>R<VAL> 15.811000 52.921001 15.327000
c<E>r<99>i<A>R<ASN> 16.791000 49.983002 13.039000
c<E>r<99>i<B>R<LEU> 18.680000 52.104000 10.490000
c<E>r<142>R<GLY> 35.375999 61.422001 7.714000
c<E>r<143>R<LEU> 37.666000 60.553001 10.623000
c<E>r<144>R<LEU> 41.144001 59.487999 9.614000
c<E>r<145>R<GLY> 41.365002 57.148998 12.523000
c<E>r<147>R<ARG> 39.285000 55.570999 15.263000
c<E>r<148>R<ASN> 40.432999 58.662998 17.174000
c<E>r<149>R<ARG> 42.451000 60.587002 14.554000
c<E>r<150>R<GLY> 40.932999 63.771000 13.145000
c<E>r<151>R<ILE> 38.678001 64.501999 10.224000
c<E>r<188>R<GLN> 41.993999 47.598999 10.148000
c<E>r<188>i<A>R<ALA> 40.445000 50.029999 7.741000
c<E>r<190>R<VAL> 34.617001 54.198002 6.926000
c<E>r<191>R<CYS> 34.428001 56.173000 10.139000
c<E>r<192>R<PHE> 32.416000 59.084999 11.499000
c<E>r<193>R<GLY> 31.799000 61.792000 8.927000
c<E>r<194>R<ASP> 31.650000 59.410999 5.969000
c<E>r<214>R<SER> 25.378000 54.441002 6.839000
c<E>r<215>R<PHE> 26.729000 52.740002 10.022000
c<E>r<216>R<VAL> 29.746000 50.851002 11.419000
c<E>r<217>R<ARG> 30.048000 48.095001 13.973000
c<E>r<218>R<GLY> 32.743000 47.276001 16.518000
c<E>r<219>R<GLY> 33.779999 50.896000 16.162001
c<E>r<220>R<CYS> 35.359001 52.277000 13.014000
c<E>r<221>R<ALA> 37.831001 49.848000 11.433000
c<E>r<222>R<SER> 37.215000 46.939999 13.836000
c<E>r<222>i<A>R<GLY> 38.877998 44.568001 11.418000
c<E>r<223>R<LEU> 36.049999 42.201000 12.328000
c<E>r<224>R<TYR> 32.758999 43.823002 11.299000
c<I>r<12>R<PRO> 28.163000 62.495998 19.059000
c<I>r<13>R<LYS> 31.847000 61.754002 18.183001
c<I>r<14>R<PRO> 33.554001 61.844002 14.718000
c<I>r<15>R<ALA> 35.479000 58.618999 15.251000
c<I>r<16>R<CYS> 35.771999 55.541000 17.354000
c<I>r<17>R<THR> 38.525002 53.193001 17.959000
c<I>r<18>R<MET> 38.404999 49.578999 16.862000
c<I>r<19>R<GLU> 38.433998 47.647999 20.122999
c<I>r<20>R<TYR> 35.949001 44.776001 20.150000
c<I>r<21>R<ARG> 33.912998 45.216000 23.270000
c<I>r<22>R<PRO> 30.393999 44.220001 22.080999
c<I>r<23>R<LEU> 27.010000 45.660999 23.062000
c<I>r<25>R<GLY> 21.166000 47.119999 20.812000
c<I>r<26>R<SER> 17.393999 47.019001 21.136000
c<I>r<27>R<ASP> 17.389000 46.884998 17.381001
c<I>r<28>R<ASN> 19.006001 43.356998 17.607000
c<I>r<29>R<LYS> 22.356001 44.587002 16.278999
c<I>r<30>R<THR> 25.648001 43.891998 17.889000
c<I>r<31>R<TYR> 27.687000 47.143002 18.125000
c<I>r<32>R<GLY> 31.483000 46.505001 18.205999
c<I>r<33>R<ASN> 31.979000 48.932999 21.099001
c<I>r<34>R<LYS> 30.466000 51.666000 23.238001
c<I>r<35>R<CYS> 31.466000 54.433998 20.923000
c<I>r<36>R<ASN> 29.775999 52.831001 17.921000
c<I>r<37>R<PHE> 26.722000 52.282001 20.106001
c<I>r<39>R<ASN> 27.037001 57.192001 17.910999
c<I>r<40>R<ALA> 24.004000 55.125000 16.819000
c<I>r<41>R<VAL> 21.868999 56.313000 19.763000
c<I>r<42>R<VAL> 22.478001 59.869999 18.577000
c<I>r<43>R<GLU> 21.961000 59.051998 14.920000
c<I>r<44>R<SER> 18.628000 57.352001 15.764000
c<I>r<45>R<ASN> 17.403999 60.373001 17.645000
c<I>r<46>R<GLY> 17.403999 58.276001 20.822001
c<I>r<47>R<THR> 15.143000 55.521000 19.417000
c<I>r<48>R<LEU> 18.014999 53.012001 19.922001
c<I>r<49>R<THR> 18.330999 51.650002 23.462000
