c<E>r<33>R<LEU> 27.370001 68.635002 3.309000
c<E>r<34>R<GLN> 28.298000 71.365997 5.778000
c<E>r<35>R<LEU> 26.875000 73.212997 8.727000
c<E>r<36>R<ALA> 28.406000 76.542999 9.710000
c<E>r<38>R<GLY> 31.660000 76.031998 7.782000
c<E>r<39>R<GLY> 32.099998 72.436996 9.004000
c<E>r<40>R<HIS> 31.622999 69.248001 6.930000
c<E>r<41>R<PHE> 29.282000 66.804001 8.680000
c<E>r<42>R<CYS> 28.226000 64.324997 5.968000
c<E>r<56>R<ALA> 18.645000 60.069000 5.952000
c<E>r<57>R<HIS> 20.344000 60.290001 9.356000
c<E>r<58>R<CYS> 22.500999 63.166000 8.168000
c<E>r<59>R<VAL> 19.681000 65.653999 7.889000
c<E>r<60>R<ALA> 17.805000 63.933998 10.728000
c<E>r<61>R<ASN> 18.410000 66.311996 13.649000
c<E>r<62>R<VAL> 20.077999 69.207001 11.923000
c<E>r<62>i<A>R<ASN> 18.813000 72.625999 10.883000
c<E>r<62>i<B>R<VAL> 18.285000 71.947998 7.184000
c<E>r<64>R<ALA> 21.433001 76.158997 7.378000
c<E>r<65>R<VAL> 22.966000 73.135002 5.669000
c<E>r<95>R<ASP> 13.544000 53.692001 10.168000
c<E>r<98>R<PRO> 15.571000 55.705002 12.758000
c<E>r<99>R<VAL> 15.811000 52.921001 15.327000
c<E>r<99>i<A>R<ASN> 16.791000 49.983002 13.039000
c<E>r<99>i<B>R<LEU> 18.680000 52.104000 10.490000
c<E>r<142>R<GLY> 35.375999 61.422001 7.714000
c<E>r<143>R<LEU> 37.666000 60.553001 10.623000
c<E>r<150>R<GLY> 40.932999 63.771000 13.145000
c<E>r<151>R<ILE> 38.678001 64.501999 10.224000
c<E>r<192>R<PHE> 32.416000 59.084999 11.499000
c<E>r<193>R<GLY> 31.799000 61.792000 8.927000
c<E>r<194>R<ASP> 31.650000 59.410999 5.969000
c<E>r<195>R<SER> 27.914000 58.889000 6.358000
c<E>r<214>R<SER> 25.378000 54.441002 6.839000
c<E>r<215>R<PHE> 26.729000 52.740002 10.022000
c<I>r<3>R<ALA> 25.774000 80.075996 17.528999
c<I>r<4>R<VAL> 23.289000 77.192001 17.150999
c<I>r<5>R<SER> 21.167000 75.314003 19.614000
c<I>r<6>R<VAL> 18.511000 72.703003 20.163000
c<I>r<17>R<THR> 15.325000 56.129002 22.171000
c<I>r<18>R<MET> 18.021000 54.665001 19.965000
c<I>r<19>R<GLU> 17.556999 56.466000 16.663000
c<I>r<20>R<TYR> 20.846001 57.575001 15.121000
c<I>r<21>R<ARG> 20.440001 61.226002 14.365000
c<I>r<22>R<PRO> 23.909000 62.624001 15.261000
c<I>r<23>R<LEU> 24.837999 65.956001 16.853001
c<I>r<24>R<CYS> 28.304001 67.226997 17.486000
c<I>r<30>R<THR> 29.239000 62.950001 18.681000
c<I>r<32>R<GLY> 23.724001 59.705002 18.848000
c<I>r<33>R<ASN> 20.605000 61.884998 19.034000
c<I>r<34>R<LYS> 18.997000 65.000999 20.459999
c<I>r<51>R<SER> 29.032000 72.818001 17.950001
c<I>r<52>R<HIS> 27.118999 71.680000 14.887000
c<I>r<53>R<PHE> 24.490999 69.420998 13.487000
c<I>r<54>R<GLY> 25.759001 66.052002 12.192000
c<I>r<55>R<LYS> 28.597000 63.874001 13.428000
c<I>r<56>R<CYS> 31.750000 65.571999 14.566000
