c<A>r<1>R<GLU> -17.662001 4.320000 -16.341999
c<A>r<2>R<VAL> -15.483000 2.173000 -14.010000
c<A>r<3>R<PRO> -17.514000 -0.923000 -12.872000
c<A>r<4>R<ILE> -18.295000 -1.883000 -9.315000
c<A>r<5>R<PRO> -15.247000 -3.877000 -8.070000
c<A>r<6>R<GLN> -15.915000 -7.626000 -8.523000
c<A>r<7>R<SER> -13.514000 -8.736000 -5.854000
c<A>r<8>R<ILE> -15.268000 -6.883000 -2.949000
c<A>r<199>R<LYS> -3.357000 19.287001 -5.123000
c<A>r<200>R<THR> 0.009000 17.295000 -5.422000
c<A>r<201>R<GLY> -0.696000 13.570000 -4.816000
c<A>r<202>R<ASP> -1.085000 11.604000 -8.079000
c<A>r<203>R<SER> -4.302000 9.791000 -6.876000
c<A>r<204>R<LEU> -6.089000 13.154000 -6.811000
c<A>r<205>R<TYR> -5.953000 12.900000 -10.516000
c<A>r<206>R<THR> -5.992000 9.177000 -11.148000
c<A>r<207>R<ASN> -8.913000 8.490000 -8.727000
c<A>r<208>R<GLU> -10.925000 11.619000 -9.509000
c<A>r<210>R<ILE> -13.604000 7.018000 -9.097000
c<A>r<257>R<GLY> -8.076000 1.916000 -0.524000
c<A>r<258>R<THR> -7.202000 1.344000 -4.206000
c<A>r<259>R<ARG> -10.012000 3.906000 -5.225000
c<A>r<263>R<LEU> -4.015000 6.758000 -1.676000
c<A>r<264>R<SER> -1.025000 8.953000 -2.691000
c<A>r<265>R<ASP> -0.897000 10.846000 0.635000
c<A>r<266>R<THR> -1.025000 7.557000 2.575000
c<A>r<267>R<VAL> 1.778000 5.827000 0.561000
c<A>r<268>R<ARG> 3.965000 8.942000 0.609000
c<A>r<270>R<ASN> 4.541000 5.494000 4.637000
c<A>r<271>R<ARG> 7.608000 6.049000 2.414000
c<A>r<274>R<ARG> 10.223000 3.979000 6.390000
c<A>r<275>R<ASP> 13.039000 6.133000 5.079000
c<A>r<280>R<THR> 5.035000 1.023000 9.761000
c<A>r<281>R<VAL> 2.268000 -1.218000 8.545000
c<A>r<282>R<LEU> 0.606000 -0.154000 5.302000
c<A>r<283>R<ASP> -2.822000 -1.700000 4.726000
c<A>r<284>R<VAL> -4.503000 -1.014000 1.346000
c<A>r<285>R<TYR> -7.956000 -2.452000 0.754000
c<A>r<286>R<GLU> -9.156000 -3.473000 -2.658000
c<A>r<287>R<GLY> -11.941000 -1.268000 -4.102000
c<A>r<304>R<SER> -10.931000 -6.335000 8.766000
c<A>r<307>R<ARG> -9.215000 -6.120000 13.488000
c<A>r<308>R<GLN> -5.792000 -5.411000 11.906000
c<B>r<1>R<GLU> -5.096000 12.932000 -19.834000
c<B>r<2>R<VAL> -3.707000 12.222000 -16.309999
c<B>r<3>R<PRO> -0.598000 14.453000 -15.707000
c<B>r<4>R<ILE> 2.892000 13.247000 -14.913000
c<B>r<5>R<PRO> 2.976000 12.734000 -11.095000
c<B>r<6>R<GLN> 4.412000 15.854000 -9.406000
c<B>r<7>R<SER> 5.573000 14.069000 -6.310000
c<B>r<8>R<ILE> 8.016000 11.680000 -8.120000
c<B>r<199>R<LYS> -9.842000 -9.704000 -15.528000
c<B>r<200>R<THR> -11.097000 -9.391000 -11.830000
c<B>r<201>R<GLY> -8.858000 -6.913000 -9.950000
c<B>r<202>R<ASP> -10.382000 -3.402000 -9.774000
c<B>r<203>R<SER> -7.085000 -1.659000 -10.853000
c<B>r<204>R<LEU> -7.357000 -3.368000 -14.242000
c<B>r<205>R<TYR> -10.148000 -0.988000 -14.813000
c<B>r<206>R<THR> -9.200000 2.011000 -12.730000
c<B>r<207>R<ASN> -5.558000 2.120000 -13.984000
c<B>r<208>R<GLU> -6.273000 1.174000 -17.594000
c<B>r<210>R<ILE> -2.796000 5.136000 -16.742001
c<B>r<257>R<GLY> 2.720000 1.364000 -7.487000
c<B>r<258>R<THR> -0.321000 3.683000 -7.308000
c<B>r<259>R<ARG> -0.580000 3.586000 -11.232000
c<B>r<263>R<LEU> -2.138000 -2.822000 -7.612000
c<B>r<264>R<SER> -5.316000 -4.864000 -6.908000
c<B>r<265>R<ASP> -3.580000 -8.264000 -7.223000
c<B>r<266>R<THR> -0.794000 -7.109000 -4.877000
c<B>r<267>R<VAL> -3.149000 -5.735000 -2.149000
c<B>r<268>R<ARG> -5.452000 -8.758000 -2.377000
c<B>r<270>R<ASN> -1.398000 -9.032000 1.077000
c<B>r<271>R<ARG> -4.915000 -9.219000 2.568000
c<B>r<274>R<ARG> -2.495000 -11.186000 6.711000
c<B>r<275>R<ASP> -5.798000 -12.955000 7.241000
c<B>r<280>R<THR> 3.925000 -9.224000 5.337000
c<B>r<281>R<VAL> 5.312000 -5.880000 4.330000
c<B>r<282>R<LEU> 3.325000 -4.005000 1.690000
c<B>r<283>R<ASP> 5.295000 -1.294000 -0.093000
c<B>r<284>R<VAL> 3.358000 0.925000 -2.549000
c<B>r<285>R<TYR> 5.279000 3.586000 -4.434000
c<B>r<286>R<GLU> 3.710000 6.829000 -5.501000
c<B>r<287>R<GLY> 3.257000 7.222000 -9.289000
c<B>r<304>R<SER> 14.391000 2.528000 -2.519000
c<B>r<307>R<ARG> 16.995001 -1.155000 -0.288000
c<B>r<308>R<GLN> 13.713000 -1.972000 1.523000
