c<A>r<1>R<LYS> -5.443000 34.976002 -0.811000
c<A>r<2>R<MET> -7.249000 32.618999 -3.239000
c<A>r<3>R<THR> -6.122000 32.682999 -6.927000
c<A>r<4>R<TRP> -5.870000 29.375999 -8.899000
c<A>r<5>R<THR> -7.610000 27.646000 -5.929000
c<A>r<6>R<MET> -10.838000 29.716999 -6.338000
c<A>r<7>R<LYS> -12.542000 27.462999 -8.941000
c<A>r<8>R<ALA> -11.859000 24.222000 -7.010000
c<A>r<9>R<ALA> -13.105000 25.825001 -3.746000
c<A>r<10>R<GLU> -16.323999 27.184000 -5.376000
c<A>r<11>R<GLU> -17.063000 23.791000 -7.057000
c<A>r<12>R<ALA> -16.658001 21.962000 -3.698000
c<A>r<13>R<GLU> -18.906000 24.444000 -1.791000
c<A>r<14>R<ALA> -21.521000 24.316999 -4.602000
c<A>r<16>R<ALA> -21.766001 20.504000 -0.626000
c<A>r<25>R<ARG> -25.231001 13.858000 -0.286000
c<A>r<26>R<ALA> -23.650000 14.906000 -3.609000
c<A>r<27>R<PHE> -19.940001 14.493000 -4.577000
c<A>r<28>R<LEU> -17.650999 16.202999 -7.183000
c<A>r<29>R<ASP> -17.384001 12.858000 -9.107000
c<A>r<30>R<GLY> -21.125000 12.034000 -8.734000
c<A>r<31>R<ILE> -23.103001 10.923000 -11.829000
c<A>r<32>R<ILE> -23.941000 14.139000 -13.728000
c<A>r<37>R<PRO> -23.917999 15.744000 -9.673000
c<A>r<39>R<CYS> -27.708000 13.181000 -4.783000
c<A>r<40>R<GLU> -26.440001 9.771000 -3.533000
c<A>r<41>R<CYS> -29.188000 8.554000 -1.171000
c<A>r<42>R<ASN> -29.056000 6.532000 2.062000
c<A>r<43>R<THR> -30.593000 3.009000 1.984000
c<A>r<63>R<SER> -21.445999 -4.042000 5.659000
c<A>r<64>R<GLY> -19.077000 -2.834000 8.408000
c<A>r<65>R<ASP> -19.007999 0.623000 6.723000
c<A>r<66>R<GLY> -18.308001 3.469000 9.219000
c<A>r<67>R<LEU> -20.809999 6.001000 7.738000
c<A>r<69>R<LEU> -18.768999 9.259000 11.239000
c<A>r<70>R<GLU> -19.996000 11.295000 8.189000
c<A>r<71>R<GLU> -21.857000 13.507000 10.739000
c<A>r<72>R<TYR> -18.549000 14.119000 12.610000
c<A>r<73>R<TRP> -16.584999 15.099000 9.459000
c<A>r<74>R<LYS> -19.395000 17.493000 8.315000
c<A>r<75>R<GLN> -18.667999 19.347000 11.652000
c<A>r<76>R<HIS> -14.855000 19.509001 10.915000
c<A>r<77>R<LYS> -15.157000 20.929001 7.328000
c<A>r<78>R<GLU> -12.570000 23.757000 7.456000
c<A>r<79>R<ALA> -9.962000 21.912001 9.581000
c<A>r<80>R<SER> -9.768000 18.698999 7.469000
c<A>r<81>R<ALA> -10.585000 19.954000 3.936000
c<A>r<82>R<VAL> -7.618000 19.622000 1.542000
c<A>r<83>R<LEU> -6.802000 21.282000 -1.789000
c<A>r<84>R<VAL> -4.715000 18.951000 -4.015000
c<A>r<85>R<SER> -2.591000 20.867001 -6.553000
c<A>r<86>R<PRO> -2.311000 19.111000 -9.966000
c<A>r<87>R<TRP> 1.522000 18.877001 -9.544000
c<A>r<88>R<HIS> 1.215000 17.524000 -5.932000
c<A>r<89>R<ARG> 3.665000 14.557000 -5.582000
c<A>r<90>R<MET> 3.583000 13.569000 -9.281000
c<A>r<91>R<SER> 6.678000 11.398000 -8.517000
c<A>r<92>R<TYR> 6.768000 7.701000 -7.527000
c<A>r<93>R<PHE> 9.069000 8.761000 -4.650000
c<A>r<94>R<PHE> 9.138000 11.159000 -1.704000
c<A>r<95>R<ASN> 12.168000 13.481000 -1.365000
c<A>r<96>R<PRO> 14.268000 12.279000 0.413000
c<A>r<100>R<PHE> 6.736000 5.310000 -0.333000
c<A>r<102>R<SER> 5.108000 10.121000 4.121000
c<A>r<103>R<PHE> 7.314000 11.091000 7.097000
c<A>r<104>R<GLU> 4.757000 13.646000 8.440000
c<A>r<105>R<LEU> 1.997000 10.977000 8.248000
c<A>r<129>R<GLY> -1.198000 -0.386000 2.734000
c<A>r<130>R<VAL> -4.243000 0.099000 0.471000
c<A>r<131>R<GLY> -6.365000 -0.844000 3.485000
c<A>r<132>R<VAL> -5.553000 -3.540000 6.084000
c<A>r<133>R<THR> -6.849000 -5.990000 3.384000
c<A>r<134>R<GLN> -3.539000 -5.509000 1.459000
c<A>r<135>R<LEU> -1.367000 -5.733000 4.630000
c<A>r<136>R<ILE> -2.888000 -9.058000 5.887000
c<A>r<137>R<HIS> -1.790000 -10.939000 2.729000
c<A>r<138>R<GLY> 1.578000 -9.090000 2.639000
c<A>r<141>R<ILE> 3.980000 -13.712000 2.881000
c<A>r<146>R<ASN> 10.656000 -18.591000 0.840000
c<A>r<147>R<MET> 10.127000 -22.021000 -0.801000
c<A>r<148>R<THR> 12.587000 -21.115000 -3.642000
c<A>r<167>R<VAL> -11.743000 -12.490000 4.701000
c<A>r<168>R<PHE> -8.805000 -14.176000 6.557000
c<A>r<170>R<GLU> -11.145000 -16.315001 1.827000
c<A>r<171>R<GLN> -8.021000 -14.222000 1.060000
c<A>r<172>R<THR> -5.488000 -16.867001 2.273000
c<A>r<173>R<LYS> -7.302000 -19.580999 0.221000
c<A>r<174>R<TYR> -7.514000 -17.311001 -2.872000
c<A>r<175>R<PHE> -3.752000 -16.548000 -2.813000
c<A>r<176>R<ASP> -2.501000 -20.202999 -2.879000
c<A>r<177>R<LYS> 1.169000 -19.034000 -2.939000
c<A>r<178>R<LYS> 3.913000 -21.542000 -1.962000
c<A>r<179>R<GLY> 5.094000 -21.242001 1.681000
c<A>r<249>R<MET> -8.876000 4.705000 8.680000
c<A>r<250>R<SER> -11.961000 2.603000 7.665000
c<A>r<253>R<THR> -12.238000 7.782000 10.957000
c<A>r<254>R<GLY> -14.878000 6.031000 8.751000
c<A>r<255>R<HIS> -12.786000 6.794000 5.599000
c<A>r<256>R<SER> -13.298000 3.255000 4.198000
c<A>r<257>R<GLY> -13.150000 4.515000 0.555000
c<A>r<258>R<SER> -9.682000 6.097000 1.065000
c<A>r<259>R<ARG> -8.321000 2.501000 1.510000
c<A>r<260>R<PHE> -5.633000 3.444000 4.078000
c<A>r<276>R<ASN> 9.301000 -5.755000 -0.874000
c<A>r<277>R<TYR> 5.648000 -6.981000 -1.026000
c<A>r<279>R<THR> 6.899000 -2.616000 -4.063000
c<A>r<280>R<LYS> 5.896000 -5.809000 -5.977000
c<A>r<281>R<ASN> 2.105000 -5.346000 -5.487000
c<A>r<282>R<THR> 1.372000 -1.564000 -5.883000
c<A>r<283>R<GLU> 4.639000 0.482000 -5.512000
c<A>r<284>R<GLY> 3.282000 1.781000 -2.154000
c<A>r<285>R<THR> 0.060000 3.800000 -1.513000
c<A>r<286>R<PRO> -1.404000 6.764000 -3.538000
c<A>r<287>R<ARG> -0.217000 10.266000 -2.498000
c<A>r<288>R<GLU> -3.766000 11.761000 -2.472000
c<A>r<289>R<THR> -4.701000 9.161000 0.197000
c<A>r<290>R<GLN> -1.589000 9.944000 2.299000
c<A>r<291>R<LEU> -2.167000 13.751000 2.066000
c<A>r<292>R<ARG> -5.906000 13.391000 2.958000
c<A>r<293>R<SER> -5.087000 10.976000 5.825000
c<A>r<294>R<LEU> -2.483000 13.458000 7.189000
c<A>r<295>R<LYS> -5.049000 16.337999 7.272000
c<A>r<296>R<VAL> -7.733000 14.083000 8.853000
c<A>r<406>R<LYS> -23.844999 2.770000 9.151000
c<B>r<1>R<LYS> -20.431000 33.653000 1.079000
c<B>r<2>R<MET> -17.606001 31.020000 0.747000
c<B>r<3>R<THR> -16.816999 29.646000 4.253000
c<B>r<4>R<TRP> -15.126000 26.289000 4.901000
c<B>r<5>R<THR> -12.885000 25.893999 1.802000
c<B>r<6>R<MET> -10.942000 29.135000 2.459000
c<B>r<7>R<LYS> -8.332000 27.622999 4.852000
c<B>r<8>R<ALA> -7.549000 24.643000 2.557000
c<B>r<9>R<ALA> -7.264000 26.995001 -0.461000
c<B>r<10>R<GLU> -4.996000 29.469999 1.438000
c<B>r<11>R<GLU> -2.701000 26.656000 2.711000
c<B>r<12>R<ALA> -2.322000 25.357000 -0.893000
c<B>r<13>R<GLU> -1.653000 28.909000 -2.230000
c<B>r<14>R<ALA> 0.901000 29.556999 0.568000
c<B>r<15>R<VAL> 2.819000 26.301001 -0.185000
c<B>r<16>R<ALA> 2.640000 26.923000 -3.976000
c<B>r<25>R<ARG> 9.068000 22.263000 -4.905000
c<B>r<26>R<ALA> 7.211000 22.541000 -1.587000
c<B>r<27>R<PHE> 4.247000 20.252001 -0.671000
c<B>r<28>R<LEU> 1.437000 20.441000 1.973000
c<B>r<29>R<ASP> 2.726000 17.122999 3.459000
c<B>r<30>R<GLY> 6.415000 18.128000 3.001000
c<B>r<31>R<ILE> 8.873000 17.919001 5.929000
c<B>r<32>R<ILE> 8.222000 20.915001 8.222000
c<B>r<39>R<CYS> 11.749000 22.966000 -0.449000
c<B>r<40>R<GLU> 12.196000 19.424000 -1.861000
c<B>r<41>R<CYS> 15.075000 20.122999 -4.337000
c<B>r<42>R<ASN> 15.524000 18.546000 -7.784000
c<B>r<43>R<THR> 18.495001 16.169001 -8.313000
c<B>r<63>R<SER> 13.636000 6.289000 -13.124000
c<B>r<64>R<GLY> 10.557000 6.118000 -15.398000
c<B>r<65>R<ASP> 9.068000 9.230000 -13.710000
c<B>r<66>R<GLY> 7.101000 11.510000 -16.122999
c<B>r<67>R<LEU> 8.131000 14.800000 -14.397000
c<B>r<69>R<LEU> 4.863000 17.194000 -17.657000
c<B>r<70>R<GLU> 4.990000 19.153999 -14.342000
c<B>r<71>R<GLU> 5.305000 22.504999 -16.226999
c<B>r<72>R<TYR> 2.081000 21.660999 -18.152000
c<B>r<73>R<TRP> 0.127000 21.011999 -14.901000
c<B>r<74>R<LYS> 1.459000 24.252001 -13.311000
c<B>r<75>R<GLN> 0.061000 26.091999 -16.412001
c<B>r<76>R<HIS> -3.352000 24.254000 -16.139999
c<B>r<77>R<LYS> -3.515000 24.642000 -12.318000
c<B>r<78>R<GLU> -6.884000 26.450001 -12.041000
c<B>r<79>R<ALA> -8.665000 23.809000 -14.193000
c<B>r<80>R<SER> -6.961000 20.677000 -12.692000
c<B>r<81>R<ALA> -6.937000 21.465000 -8.929000
c<B>r<82>R<VAL> -9.305000 19.462999 -6.655000
c<B>r<83>R<LEU> -10.696000 20.327000 -3.215000
c<B>r<84>R<VAL> -11.479000 17.150999 -1.209000
c<B>r<85>R<SER> -14.078000 17.566999 1.568000
c<B>r<86>R<PRO> -13.567000 15.592000 4.857000
c<B>r<87>R<TRP> -16.740000 13.512000 4.149000
c<B>r<88>R<HIS> -15.908000 12.899000 0.424000
c<B>r<89>R<ARG> -16.881001 9.262000 -0.520000
c<B>r<90>R<MET> -16.257000 7.723000 2.931000
c<B>r<91>R<SER> -17.927000 4.411000 1.840000
c<B>r<92>R<TYR> -16.264000 1.296000 0.407000
c<B>r<93>R<PHE> -18.830000 1.486000 -2.467000
c<B>r<94>R<PHE> -20.044001 3.870000 -5.181000
c<B>r<95>R<ASN> -23.847000 4.424000 -5.245000
c<B>r<96>R<PRO> -25.945000 3.073000 -7.078000
c<B>r<100>R<PHE> -15.368000 0.183000 -6.481000
c<B>r<102>R<SER> -16.386000 5.725000 -10.507000
c<B>r<103>R<PHE> -18.922001 5.838000 -13.390000
c<B>r<104>R<GLU> -17.858000 9.394000 -14.418000
c<B>r<105>R<LEU> -14.179000 8.289000 -14.503000
c<B>r<129>R<GLY> -5.904000 -0.673000 -10.254000
c<B>r<130>R<VAL> -3.486000 0.929000 -7.777000
c<B>r<131>R<GLY> -1.228000 1.276000 -10.814000
c<B>r<132>R<VAL> -0.788000 -1.142000 -13.744000
c<B>r<133>R<THR> 1.613000 -3.140000 -11.449000
c<B>r<134>R<GLN> -1.442000 -4.489000 -9.534000
c<B>r<135>R<LEU> -3.450000 -5.180000 -12.752000
c<B>r<136>R<ILE> -0.562000 -7.191000 -14.360000
c<B>r<137>R<HIS> -0.568000 -9.663000 -11.428000
c<B>r<138>R<GLY> -4.400000 -9.764000 -11.278000
c<B>r<141>R<ILE> -4.206000 -14.901000 -12.072000
c<B>r<146>R<ASN> -7.733000 -22.330000 -10.715000
c<B>r<147>R<MET> -5.633000 -25.281000 -9.436000
c<B>r<148>R<THR> -8.156000 -25.841999 -6.567000
c<B>r<167>R<VAL> 8.470000 -6.396000 -13.427000
c<B>r<170>R<GLU> 9.852000 -10.271000 -10.922000
c<B>r<171>R<GLN> 6.117000 -10.328000 -9.984000
c<B>r<172>R<THR> 5.457000 -13.737000 -11.611000
c<B>r<173>R<LYS> 8.396000 -15.280000 -9.653000
c<B>r<174>R<TYR> 7.703000 -13.383000 -6.375000
c<B>r<175>R<PHE> 3.977000 -14.191000 -5.995000
c<B>r<176>R<ASP> 4.535000 -17.893000 -7.055000
c<B>r<177>R<LYS> 0.786000 -18.719999 -6.956000
c<B>r<178>R<LYS> -0.300000 -22.193001 -8.162000
c<B>r<179>R<GLY> -1.499000 -22.240000 -11.804000
c<B>r<249>R<MET> -1.595000 8.009000 -15.512000
c<B>r<250>R<SER> 2.109000 7.536000 -14.540000
c<B>r<253>R<THR> -0.003000 12.588000 -17.475000
c<B>r<254>R<GLY> 3.159000 12.134000 -15.305000
c<B>r<255>R<HIS> 1.019000 11.383000 -12.181000
c<B>r<256>R<SER> 3.206000 8.456000 -11.002000
c<B>r<257>R<GLY> 2.477000 9.113000 -7.269000
c<B>r<258>R<SER> -1.318000 8.829000 -7.821000
c<B>r<259>R<ARG> -0.737000 5.079000 -8.585000
c<B>r<260>R<PHE> -3.712000 4.947000 -11.024000
c<B>r<276>R<ASN> -12.574000 -10.752000 -7.635000
c<B>r<277>R<TYR> -8.746000 -10.271000 -7.526000
c<B>r<279>R<THR> -11.728000 -7.432000 -3.961000
c<B>r<280>R<LYS> -9.298000 -9.967000 -2.380000
c<B>r<281>R<ASN> -6.183000 -7.730000 -2.805000
c<B>r<282>R<THR> -7.225000 -4.112000 -1.870000
c<B>r<283>R<GLU> -11.062000 -3.743000 -2.101000
c<B>r<284>R<GLY> -10.447000 -1.428000 -5.101000
c<B>r<285>R<THR> -8.612000 1.876000 -5.810000
c<B>r<286>R<PRO> -8.815000 4.895000 -3.359000
c<B>r<287>R<ARG> -11.686000 7.420000 -3.939000
c<B>r<288>R<GLU> -9.524000 10.600000 -3.814000
c<B>r<289>R<THR> -7.170000 9.011000 -6.437000
c<B>r<290>R<GLN> -10.196000 8.360000 -8.716000
c<B>r<291>R<LEU> -11.437000 11.968000 -8.140000
c<B>r<292>R<ARG> -7.980000 13.444000 -9.026000
c<B>r<293>R<SER> -7.764000 11.124000 -12.071000
c<B>r<294>R<LEU> -11.250000 12.315000 -13.181000
c<B>r<295>R<LYS> -10.322000 16.038000 -12.879000
c<B>r<296>R<VAL> -6.960000 15.620000 -14.694000
c<B>r<406>R<LYS> 12.506000 13.381000 -16.094999
