c<A>r<35>R<GLU> 30.099001 59.125999 18.702999
c<A>r<36>R<TYR> 29.249001 57.321999 15.450000
c<A>r<37>R<ASP> 30.622000 58.876999 12.258000
c<A>r<38>R<ASN> 32.701000 61.525002 14.023000
c<A>r<69>R<GLY> 11.836000 43.443001 4.783000
c<A>r<70>R<THR> 14.097000 42.034000 2.074000
c<A>r<71>R<TYR> 17.129999 44.158001 3.011000
c<A>r<72>R<ARG> 17.868000 41.334999 5.482000
c<A>r<73>R<PHE> 18.886999 39.130001 2.525000
c<A>r<74>R<LYS> 22.400999 39.265999 1.112000
c<A>r<75>R<LYS> 21.499001 40.247002 -2.455000
c<A>r<76>R<GLU> 19.990000 43.509998 -1.177000
c<A>r<77>R<PHE> 22.306000 44.021999 1.834000
c<A>r<78>R<ASN> 25.273001 43.793999 -0.592000
c<A>r<79>R<ASP> 23.813000 46.154999 -3.244000
c<A>r<80>R<PRO> 26.612000 48.645000 -4.007000
c<A>r<81>R<SER> 23.943001 51.381001 -3.695000
c<A>r<82>R<ASN> 23.482000 50.312000 -0.052000
c<A>r<83>R<ALA> 27.167999 50.513000 0.959000
c<A>r<84>R<GLY> 27.334000 51.894001 4.495000
c<A>r<85>R<LEU> 23.785000 50.950001 5.483000
c<A>r<86>R<GLN> 25.099001 47.865002 7.275000
c<A>r<87>R<ASN> 25.888000 50.318001 10.092000
c<A>r<88>R<GLY> 22.194000 51.085999 10.413000
c<A>r<89>R<PHE> 21.261999 47.424999 10.286000
c<A>r<90>R<LYS> 23.740999 46.632000 13.057000
c<A>r<91>R<PHE> 22.309999 49.483002 15.156000
c<A>r<92>R<LEU> 18.815001 48.007999 14.817000
c<A>r<93>R<GLU> 19.861000 44.425999 15.661000
c<A>r<94>R<PRO> 19.622000 44.813000 19.471001
c<A>r<96>R<HIS> 14.969000 43.576000 17.035999
c<A>r<97>R<LYS> 16.299999 41.238998 19.752001
c<A>r<104>R<SER> 11.782000 43.650002 9.515000
c<A>r<181>R<HIS> 31.705000 59.058998 2.485000
c<A>r<182>R<LEU> 34.189999 58.411999 -0.321000
c<A>r<183>R<LYS> 34.514000 54.716000 0.550000
c<A>r<184>R<ASN> 30.719000 54.145000 0.404000
c<A>r<185>R<SER> 29.610001 56.137001 -2.631000
c<A>r<186>R<GLY> 32.580002 57.924000 -4.217000
c<A>r<217>R<ASP> 39.529999 61.903999 -5.169000
c<A>r<218>R<ALA> 37.298000 59.105999 -6.555000
c<B>r<-5>R<THR> 20.354000 39.945999 7.040000
c<B>r<-4>R<GLU> 21.903999 36.541000 7.866000
c<B>r<-3>R<PHE> 24.242001 38.458000 10.177000
c<B>r<-2>R<LYS> 23.337000 39.773998 13.669000
c<B>r<-1>R<ALA> 25.195000 42.049000 16.066000
c<B>r<1>R<GLY> 27.485001 40.678001 18.712999
c<B>r<33>R<HIS> 38.926998 52.527000 7.358000
c<B>r<34>R<GLY> 35.791000 53.055000 5.321000
c<B>r<35>R<ILE> 35.681000 49.497002 3.985000
c<B>r<36>R<PHE> 31.938000 49.207001 4.408000
c<B>r<37>R<GLY> 30.139000 50.193001 1.235000
c<B>r<38>R<ARG> 33.375000 50.380001 -0.869000
c<B>r<39>R<HIS> 34.257000 47.761002 -3.433000
c<B>r<42>R<GLN> 40.116001 50.564999 -4.017000
c<B>r<43>R<ALA> 42.256001 51.771999 -1.122000
c<B>r<44>R<GLU> 44.896999 54.033001 -2.745000
c<B>r<57>R<VAL> 33.012001 42.748001 -3.975000
c<B>r<58>R<LEU> 30.787001 45.390999 -2.399000
c<B>r<59>R<TRP> 31.716000 45.097000 1.258000
c<B>r<60>R<ASP> 28.649000 44.873001 3.521000
c<B>r<61>R<GLU> 28.520000 43.195000 6.985000
c<B>r<62>R<ASN> 27.106001 40.207001 5.123000
c<B>r<63>R<ASN> 29.724001 39.592999 2.308000
c<B>r<64>R<MET> 32.324001 40.194000 4.934000
c<B>r<95>R<ILE> 32.132999 42.465000 12.139000
c<B>r<96>R<THR> 30.284000 44.255001 14.951000
c<B>r<98>R<LEU> 34.609001 46.499001 12.299000
c<B>r<99>R<LYS> 31.240999 48.167999 11.552000
c<B>r<100>R<LYS> 32.040001 50.546001 14.368000
c<B>r<101>R<ALA> 35.769001 51.174000 14.079000
c<B>r<102>R<CYS> 35.882999 51.577999 10.345000
c<B>r<103>R<GLU> 33.356998 54.402000 10.085000
