c<A>r<59>R<LYS> 4.860000 50.939999 -9.173000
c<A>r<60>R<HIS> 4.312000 48.963001 -12.369000
c<A>r<61>R<ASP> 4.452000 45.464001 -10.789000
c<A>r<62>R<ASN> 4.641000 46.105999 -7.009000
c<A>r<155>R<ARG> 12.201000 63.301998 -12.310000
c<A>r<156>R<THR> 12.030000 60.062000 -14.303000
c<A>r<159>R<GLN> 8.085000 58.694000 -11.135000
c<A>r<160>R<ARG> 8.748000 54.963001 -10.687000
c<A>r<161>R<LEU> 7.979000 55.637001 -6.978000
c<A>r<162>R<ASN> 4.916000 57.705002 -7.869000
c<A>r<163>R<MET> 6.534000 60.881001 -6.578000
c<A>r<164>R<ASN> 5.908000 64.265999 -8.192000
c<A>r<165>R<ASP> 8.085000 67.384003 -8.267000
c<A>r<166>R<ARG> 7.084000 68.696999 -4.834000
c<A>r<167>R<GLU> 7.594000 65.276001 -3.260000
c<A>r<168>R<VAL> 11.015000 64.903999 -4.889000
c<A>r<169>R<VAL> 12.222000 68.315002 -3.752000
c<A>r<170>R<ALA> 10.863000 67.779999 -0.216000
c<A>r<171>R<LEU> 12.426000 64.319000 0.148000
c<A>r<243>R<LYS> 10.210000 73.803001 -11.693000
c<A>r<244>R<TYR> 12.449000 72.322998 -9.004000
c<A>r<257>R<LYS> 6.076000 74.177002 4.854000
c<A>r<258>R<PHE> 9.113000 71.988998 4.153000
c<A>r<259>R<PHE> 8.406000 69.984001 7.334000
c<A>r<260>R<LYS> 4.763000 69.449997 6.352000
c<A>r<261>R<ASP> 5.613000 68.357002 2.822000
c<A>r<262>R<PHE> 8.527000 66.174004 3.911000
c<A>r<263>R<SER> 6.369000 64.383003 6.458000
c<A>r<264>R<LYS> 3.751000 63.528000 3.824000
c<A>r<265>R<ALA> 6.300000 62.466999 1.182000
c<A>r<266>R<PHE> 8.314000 60.349998 3.614000
c<A>r<267>R<GLU> 5.235000 58.534000 4.871000
c<A>r<268>R<LYS> 4.181000 57.952999 1.243000
c<A>r<269>R<LEU> 7.642000 56.629002 0.390000
c<A>r<271>R<GLU> 4.077000 53.011002 2.472000
c<A>r<272>R<ASN> 4.403000 52.566002 -1.290000
c<A>r<273>R<GLY> 3.258000 49.110001 -2.366000
c<A>r<274>R<ILE> 1.195000 48.459000 0.766000
c<A>r<275>R<THR> -2.572000 48.081001 0.768000
c<A>r<276>R<PHE> -4.007000 49.105000 4.125000
c<A>r<277>R<PRO> -7.369000 47.471001 4.829000
c<A>r<278>R<LYS> -10.059000 50.104000 5.348000
c<A>r<279>R<ASP> -10.417000 48.867001 8.966000
c<A>r<280>R<ALA> -6.628000 48.907001 9.764000
c<A>r<281>R<PRO> -5.543000 51.137001 12.668000
c<A>r<282>R<SER> -5.170000 54.813999 11.870000
c<A>r<283>R<PRO> -1.548000 55.957001 11.406000
c<B>r<21>R<GLU> 0.720000 66.081001 -15.267000
c<B>r<22>R<LYS> 4.004000 65.192001 -13.597000
c<B>r<23>R<GLY> 5.238000 68.487000 -12.164000
c<B>r<24>R<GLY> 1.707000 69.922997 -12.258000
c<B>r<25>R<PRO> 0.711000 71.980003 -9.274000
c<B>r<26>R<HIS> -1.831000 71.484001 -6.530000
c<B>r<31>R<ASN> -2.097000 67.117996 -8.461000
c<B>r<32>R<LEU> -3.024000 63.536999 -9.354000
c<B>r<33>R<HIS> 0.117000 62.275002 -11.141000
c<B>r<34>R<GLY> 0.945000 58.816002 -9.871000
c<B>r<35>R<ILE> -2.353000 58.355999 -8.038000
c<B>r<36>R<PHE> -2.729000 54.762001 -9.138000
c<B>r<37>R<GLY> -1.259000 52.403999 -6.576000
c<B>r<38>R<ARG> -0.718000 55.171001 -3.934000
c<B>r<39>R<HIS> -2.888000 55.467999 -0.866000
c<B>r<40>R<SER> -5.138000 58.455002 -0.259000
c<B>r<41>R<GLY> -3.660000 61.521000 1.491000
c<B>r<42>R<GLN> 0.008000 61.171001 0.409000
c<B>r<43>R<ALA> 0.749000 63.865002 -2.162000
c<B>r<44>R<GLU> 3.257000 66.195000 -0.429000
c<B>r<45>R<GLY> 2.438000 69.848999 0.102000
c<B>r<46>R<TYR> -1.296000 69.375000 0.121000
c<B>r<47>R<SER> -3.628000 69.896004 3.012000
c<B>r<53>R<ILE> -6.121000 60.410000 5.086000
c<B>r<54>R<LYS> -7.626000 57.943001 7.599000
c<B>r<55>R<LYS> -9.726000 56.354000 4.916000
c<B>r<56>R<ASN> -6.355000 55.097000 3.571000
c<B>r<57>R<VAL> -7.757000 54.013000 0.207000
c<B>r<58>R<LEU> -5.413000 52.207001 -2.174000
c<B>r<59>R<TRP> -6.283000 53.824001 -5.483000
c<B>r<102>R<CYS> -1.316000 59.848000 -14.481000
c<B>r<103>R<GLU> 1.499000 57.394001 -15.172000
