c<A>r<9>R<SER> -1.287000 42.731998 8.608000
c<A>r<10>R<VAL> -0.868000 44.060001 12.143000
c<A>r<11>R<GLU> 1.593000 42.013000 14.214000
c<A>r<12>R<LYS> -0.753000 39.790001 16.191999
c<A>r<13>R<GLY> -2.033000 41.391998 19.382000
c<A>r<69>R<GLY> 11.836000 43.443001 4.783000
c<A>r<70>R<THR> 14.097000 42.034000 2.074000
c<A>r<71>R<TYR> 17.129999 44.158001 3.011000
c<A>r<72>R<ARG> 17.868000 41.334999 5.482000
c<A>r<73>R<PHE> 18.886999 39.130001 2.525000
c<A>r<74>R<LYS> 22.400999 39.265999 1.112000
c<A>r<75>R<LYS> 21.499001 40.247002 -2.455000
c<A>r<76>R<GLU> 19.990000 43.509998 -1.177000
c<A>r<77>R<PHE> 22.306000 44.021999 1.834000
c<A>r<93>R<GLU> 19.861000 44.425999 15.661000
c<A>r<96>R<HIS> 14.969000 43.576000 17.035999
c<A>r<97>R<LYS> 16.299999 41.238998 19.752001
c<A>r<98>R<GLU> 14.376000 43.198002 22.392000
c<A>r<99>R<PHE> 11.176000 43.179001 20.253000
c<A>r<100>R<PRO> 11.303000 40.005001 18.136000
c<A>r<101>R<TRP> 7.620000 40.299999 17.270000
c<A>r<102>R<ILE> 8.106000 43.319000 14.961000
c<A>r<103>R<SER> 8.552000 42.652000 11.245000
c<A>r<104>R<SER> 11.782000 43.650002 9.515000
c<A>r<105>R<GLY> 10.128000 46.168999 7.222000
c<A>r<131>R<VAL> 5.137000 41.293999 6.666000
c<A>r<132>R<ASP> 8.471000 39.577000 6.018000
c<A>r<133>R<THR> 8.557000 37.842999 2.625000
c<A>r<134>R<PRO> 10.983000 35.133999 1.445000
c<A>r<135>R<GLU> 14.443000 35.534000 -0.048000
c<A>r<136>R<ASP> 13.215000 35.034000 -3.617000
c<A>r<137>R<THR> 11.122000 38.242001 -3.331000
c<A>r<138>R<THR> 14.269000 40.341999 -2.880000
c<B>r<33>R<HIS> 18.235001 32.275002 18.841000
c<B>r<34>R<GLY> 15.690000 34.603001 20.379000
c<B>r<35>R<ILE> 12.680000 32.730999 19.007000
c<B>r<36>R<PHE> 10.715000 33.069000 22.215000
c<B>r<37>R<GLY> 8.525000 36.147999 22.139999
c<B>r<38>R<ARG> 9.188000 36.867001 18.402000
c<B>r<39>R<HIS> 6.588000 36.241001 15.745000
c<B>r<40>R<SER> 7.063000 33.653999 13.017000
c<B>r<41>R<GLY> 8.895000 34.695000 9.823000
c<B>r<42>R<GLN> 11.153000 37.455002 11.248000
c<B>r<43>R<ALA> 14.715000 36.143002 11.345000
c<B>r<44>R<GLU> 16.605000 38.278999 8.778000
c<B>r<45>R<GLY> 18.299999 36.666000 5.807000
c<B>r<46>R<TYR> 16.045000 33.654999 5.705000
c<B>r<47>R<SER> 13.605000 32.745998 3.005000
c<B>r<48>R<TYR> 10.448000 31.639999 4.817000
c<B>r<49>R<THR> 7.377000 30.235001 3.086000
c<B>r<50>R<ASP> 4.352000 32.505001 2.533000
c<B>r<52>R<ASN> 4.822000 30.742001 8.003000
c<B>r<53>R<ILE> 4.929000 34.487999 7.716000
c<B>r<54>R<LYS> 1.153000 35.056000 7.422000
c<B>r<55>R<LYS> 0.481000 32.627998 10.212000
c<B>r<56>R<ASN> 2.130000 35.307999 12.414000
c<B>r<57>R<VAL> 2.524000 33.023998 15.428000
c<B>r<58>R<LEU> 3.844000 34.563000 18.639000
c<B>r<59>R<TRP> 6.264000 31.906000 19.826000
c<B>r<103>R<GLU> 17.929001 33.257000 25.238001
