c<A>r<68>R<GLY> 8.838000 42.450001 2.683000
c<A>r<69>R<GLY> 11.836000 43.443001 4.783000
c<A>r<70>R<THR> 14.097000 42.034000 2.074000
c<A>r<72>R<ARG> 17.868000 41.334999 5.482000
c<A>r<73>R<PHE> 18.886999 39.130001 2.525000
c<A>r<74>R<LYS> 22.400999 39.265999 1.112000
c<A>r<89>R<PHE> 21.261999 47.424999 10.286000
c<A>r<90>R<LYS> 23.740999 46.632000 13.057000
c<A>r<91>R<PHE> 22.309999 49.483002 15.156000
c<A>r<92>R<LEU> 18.815001 48.007999 14.817000
c<A>r<93>R<GLU> 19.861000 44.425999 15.661000
c<A>r<94>R<PRO> 19.622000 44.813000 19.471001
c<A>r<95>R<ILE> 16.275999 46.557999 18.985001
c<A>r<96>R<HIS> 14.969000 43.576000 17.035999
c<A>r<97>R<LYS> 16.299999 41.238998 19.752001
c<A>r<98>R<GLU> 14.376000 43.198002 22.392000
c<A>r<99>R<PHE> 11.176000 43.179001 20.253000
c<A>r<100>R<PRO> 11.303000 40.005001 18.136000
c<A>r<101>R<TRP> 7.620000 40.299999 17.270000
c<A>r<102>R<ILE> 8.106000 43.319000 14.961000
c<A>r<103>R<SER> 8.552000 42.652000 11.245000
c<A>r<104>R<SER> 11.782000 43.650002 9.515000
c<A>r<107>R<LEU> 11.557000 47.983002 12.098000
c<A>r<108>R<PHE> 13.597000 49.487999 9.242000
c<A>r<131>R<VAL> 5.137000 41.293999 6.666000
c<A>r<132>R<ASP> 8.471000 39.577000 6.018000
c<A>r<133>R<THR> 8.557000 37.842999 2.625000
c<A>r<134>R<PRO> 10.983000 35.133999 1.445000
c<A>r<135>R<GLU> 14.443000 35.534000 -0.048000
c<A>r<136>R<ASP> 13.215000 35.034000 -3.617000
c<A>r<137>R<THR> 11.122000 38.242001 -3.331000
c<A>r<138>R<THR> 14.269000 40.341999 -2.880000
c<B>r<-2>R<LYS> 12.335000 33.432999 24.049000
c<B>r<-1>R<ALA> 12.489000 35.910999 21.183001
c<B>r<1>R<GLY> 15.644000 37.784000 20.361000
c<B>r<2>R<SER> 16.808001 39.985001 17.566999
c<B>r<3>R<ALA> 15.674000 38.932999 14.112000
c<B>r<4>R<LYS> 18.216000 41.312000 12.593000
c<B>r<5>R<LYS> 20.992001 39.758999 14.696000
c<B>r<6>R<GLY> 19.552999 36.326000 13.692000
c<B>r<7>R<ALA> 19.750000 37.294998 9.978000
c<B>r<8>R<THR> 23.509001 37.896999 10.237000
c<B>r<10>R<PHE> 22.212000 32.910000 9.336000
c<B>r<11>R<LYS> 24.459999 34.567001 6.781000
c<B>r<15>R<LEU> 23.973000 30.349001 4.274000
c<B>r<19>R<THR> 18.466999 28.947001 1.613000
c<B>r<20>R<VAL> 15.349000 30.136999 3.452000
c<B>r<21>R<GLU> 13.210000 31.702000 0.799000
c<B>r<22>R<LYS> 10.098000 30.188999 -0.747000
c<B>r<23>R<GLY> 11.267000 28.920000 -4.132000
c<B>r<24>R<GLY> 14.885000 28.862000 -2.931000
c<B>r<25>R<PRO> 16.909000 25.888000 -4.020000
c<B>r<33>R<HIS> 11.103000 27.443001 3.847000
c<B>r<89>R<LYS> 21.260000 33.997002 23.176001
c<B>r<92>R<ASN> 17.305000 32.750999 20.288000
c<B>r<93>R<ASP> 18.412001 35.365002 17.851000
c<B>r<94>R<LEU> 18.761000 32.848999 14.966000
c<B>r<96>R<THR> 13.771000 34.451000 15.870000
c<B>r<97>R<TYR> 15.032000 35.127998 12.280000
c<B>r<99>R<LYS> 10.595000 31.848000 12.565000
c<B>r<100>R<LYS> 10.123000 34.929001 10.443000
c<B>r<101>R<ALA> 11.926000 34.158001 7.197000
c<B>r<102>R<CYS> 10.693000 30.629000 6.809000
c<B>r<103>R<GLU> 6.976000 31.403000 6.891000
