c<A>r<65>R<GLU> -7.023000 -4.062000 7.599000
c<A>r<66>R<LYS> -4.690000 -1.001000 7.195000
c<A>r<82>R<THR> -12.112000 -12.532000 6.656000
c<A>r<83>R<TYR> -12.837000 -12.162000 2.918000
c<A>r<84>R<VAL> -12.533000 -9.299000 0.399000
c<A>r<85>R<ALA> -15.767000 -7.420000 -0.446000
c<A>r<86>R<PRO> -14.834000 -4.928000 -3.214000
c<A>r<87>R<SER> -17.047001 -1.801000 -3.173000
c<A>r<88>R<SER> -18.173000 -1.902000 -6.801000
c<A>r<102>R<ASN> -16.634001 2.463000 -11.005000
c<A>r<103>R<LEU> -15.878000 -0.835000 -12.909000
c<A>r<104>R<ASP> -16.240000 0.122000 -16.591999
c<A>r<105>R<PHE> -15.057000 3.449000 -18.030001
c<A>r<106>R<LEU> -18.205000 3.905000 -20.157000
c<A>r<111>R<GLU> -17.891001 11.450000 -19.788000
c<A>r<114>R<HIS> -14.745000 12.967000 -16.017000
c<A>r<115>R<GLU> -12.846000 16.299999 -15.613000
c<A>r<117>R<PHE> -13.743000 13.160000 -11.167000
c<A>r<118>R<ASP> -10.042000 13.717000 -12.014000
c<A>r<119>R<ARG> -9.936000 17.215000 -10.377000
c<A>r<121>R<HIS> -9.189000 12.973000 -6.828000
c<A>r<122>R<GLN> -6.226000 15.390000 -7.241000
c<A>r<125>R<ASN> -4.890000 14.275000 -1.709000
c<A>r<178>R<SER> -6.968000 9.490000 -0.871000
c<A>r<179>R<MET> -6.749000 5.908000 0.577000
c<A>r<180>R<ASN> -8.684000 4.301000 -2.368000
c<A>r<183>R<SER> -13.299000 5.874000 -6.126000
c<A>r<185>R<PHE> -12.365000 4.743000 -11.228000
c<A>r<186>R<SER> -12.160000 1.375000 -9.350000
c<A>r<187>R<ALA> -13.917000 -0.806000 -6.763000
c<A>r<188>R<GLY> -12.770000 0.254000 -3.250000
c<A>r<189>R<TYR> -10.806000 -2.450000 -1.346000
c<A>r<190>R<TRP> -12.741000 -3.621000 1.759000
c<A>r<290>R<GLY> -23.830000 -5.677000 -14.288000
c<A>r<291>R<GLY> -22.914000 -7.445000 -10.968000
c<A>r<292>R<ALA> -22.023001 -4.277000 -8.986000
c<A>r<320>R<VAL> -21.660999 -11.228000 -5.826000
c<A>r<321>R<LEU> -19.551001 -11.734000 -2.648000
c<A>r<322>R<HIS> -17.643000 -15.032000 -2.226000
c<A>r<325>R<ARG> -22.169001 -16.778999 -4.727000
c<B>r<65>R<GLU> 1.437000 10.891000 -7.205000
c<B>r<66>R<LYS> 2.032000 9.632000 -3.595000
c<B>r<82>R<THR> -2.246000 14.742000 -15.423000
c<B>r<83>R<TYR> -5.175000 12.253000 -15.721000
c<B>r<84>R<VAL> -6.153000 9.006000 -13.902000
c<B>r<85>R<ALA> -5.195000 5.717000 -15.609000
c<B>r<86>R<PRO> -6.717000 2.830000 -13.588000
c<B>r<87>R<SER> -4.573000 -0.355000 -13.548000
c<B>r<88>R<SER> -7.473000 -2.538000 -14.727000
c<B>r<102>R<ASN> -9.201000 -7.165000 -11.088000
c<B>r<103>R<LEU> -12.450000 -5.271000 -11.980000
c<B>r<104>R<ASP> -14.861000 -8.226000 -11.715000
c<B>r<105>R<PHE> -14.523000 -10.751000 -8.872000
c<B>r<106>R<LEU> -16.323999 -13.429000 -10.924000
c<B>r<110>R<ARG> -10.773000 -16.559000 -8.981000
c<B>r<111>R<GLU> -12.926000 -19.226999 -7.306000
c<B>r<114>R<HIS> -9.511000 -17.313000 -3.750000
c<B>r<115>R<GLU> -7.718000 -18.559000 -0.560000
c<B>r<117>R<PHE> -5.309000 -14.432000 -3.427000
c<B>r<118>R<ASP> -6.562000 -13.538000 0.091000
c<B>r<119>R<ARG> -3.525000 -15.134000 1.858000
c<B>r<121>R<HIS> -2.622000 -9.895000 0.073000
c<B>r<122>R<GLN> -2.516000 -10.428000 3.872000
c<B>r<125>R<ASN> 2.105000 -6.502000 4.651000
c<B>r<178>R<SER> 1.090000 -2.837000 0.504000
c<B>r<179>R<MET> 0.610000 0.540000 -1.307000
c<B>r<180>R<ASN> -2.298000 -0.827000 -3.468000
c<B>r<183>R<SER> -4.060000 -5.533000 -6.391000
c<B>r<184>R<PHE> -5.963000 -8.632000 -7.334000
c<B>r<185>R<PHE> -9.054000 -6.957000 -5.823000
c<B>r<186>R<SER> -9.085000 -3.486000 -7.436000
c<B>r<187>R<ALA> -7.461000 -1.325000 -10.082000
c<B>r<188>R<GLY> -4.593000 0.646000 -8.487000
c<B>r<189>R<TYR> -4.502000 4.432000 -9.012000
c<B>r<191>R<ARG> -1.627000 8.840000 -13.490000
c<B>r<290>R<GLY> -14.515000 -6.058000 -20.959999
c<B>r<291>R<GLY> -12.538000 -2.772000 -21.445999
c<B>r<292>R<ALA> -9.583000 -3.626000 -19.143000
c<B>r<293>R<TYR> -6.664000 -1.218000 -19.785000
c<B>r<320>R<VAL> -10.171000 3.168000 -22.427999
c<B>r<321>R<LEU> -8.192000 6.196000 -21.114000
c<B>r<322>R<HIS> -8.778000 9.914000 -21.580999
c<B>r<325>R<ARG> -11.514000 7.451000 -25.707001
