c<A>r<5>R<ASN> -1.255000 6.696000 12.657000
c<A>r<7>R<ILE> -4.473000 2.016000 9.918000
c<A>r<8>R<SER> -7.098000 0.654000 7.480000
c<A>r<9>R<ILE> -7.413000 -3.184000 7.373000
c<A>r<12>R<GLN> -9.449000 -4.113000 -1.982000
c<A>r<13>R<VAL> -11.017000 -4.598000 -5.430000
c<A>r<14>R<PHE> -9.468000 -4.095000 -8.870000
c<A>r<15>R<ASP> -12.685000 -2.515000 -10.315000
c<A>r<16>R<GLY> -15.137000 -0.310000 -8.341000
c<A>r<17>R<PHE> -15.550000 1.237000 -4.861000
c<A>r<21>R<ASN> -10.706000 1.789000 -2.472000
c<A>r<24>R<ALA> -7.705000 5.204000 1.448000
c<A>r<25>R<PHE> -9.067000 7.955000 -0.869000
c<A>r<26>R<VAL> -11.406000 9.522000 1.771000
c<A>r<27>R<PHE> -8.642000 9.638000 4.436000
c<A>r<28>R<ARG> -6.145000 11.180000 1.929000
c<A>r<29>R<ARG> -8.721000 13.692000 0.527000
c<A>r<30>R<ARG> -9.365000 14.655000 4.184000
c<A>r<31>R<GLY> -5.588000 15.292000 4.712000
c<A>r<32>R<HIS> -4.652000 12.018000 6.515000
c<A>r<33>R<ILE> -1.745000 9.665000 5.630000
c<A>r<34>R<PRO> -3.386000 6.240000 6.257000
c<A>r<35>R<LYS> -1.468000 2.949000 6.483000
c<A>r<36>R<ILE> -3.276000 0.474000 4.172000
c<A>r<37>R<LEU> -3.533000 -3.318000 4.634000
c<A>r<38>R<ASN> -5.513000 -5.120000 1.906000
c<A>r<41>R<GLN> -7.476000 -8.335000 -3.802000
c<A>r<42>R<TYR> -10.509000 -9.342000 -5.910000
c<A>r<43>R<TYR> -11.495000 -8.434000 -9.482000
c<A>r<44>R<SER> -14.713000 -6.697000 -8.263000
c<A>r<47>R<LYS> -16.945000 -11.227000 -8.663000
c<A>r<48>R<HIS> -14.602000 -12.517000 -5.932000
c<A>r<49>R<SER> -11.979000 -13.803000 -8.446000
c<A>r<50>R<GLY> -8.539000 -12.912000 -7.014000
c<A>r<51>R<VAL> -6.275000 -13.435000 -3.979000
c<A>r<53>R<LEU> -4.235000 -13.177000 2.535000
c<A>r<56>R<GLN> 0.642000 -15.466000 8.612000
c<A>r<57>R<GLU> 0.778000 -12.953000 5.702000
c<A>r<58>R<VAL> -1.358000 -10.506000 7.752000
c<A>r<59>R<ASP> 0.980000 -11.005000 10.789000
c<A>r<60>R<ILE> 4.148000 -10.398000 8.653000
c<A>r<61>R<ILE> 3.003000 -6.781000 7.957000
c<A>r<62>R<LEU> 1.267000 -6.015000 11.298000
c<A>r<63>R<SER> 4.140000 -7.397000 13.456000
c<A>r<64>R<GLU> 6.545000 -5.033000 11.602000
c<A>r<65>R<TYR> 4.129000 -2.147000 12.288000
c<A>r<269>R<ASN> -19.933001 8.720000 -7.136000
c<A>r<270>R<ILE> -17.003000 9.042000 -4.623000
c<A>r<271>R<ILE> -14.689000 10.899000 -7.056000
c<A>r<272>R<GLU> -17.289000 13.375000 -8.378000
c<A>r<273>R<ASN> -18.209000 14.131000 -4.716000
c<A>r<274>R<GLN> -14.577000 14.493000 -3.446000
c<A>r<275>R<ASP> -15.162000 18.188000 -2.461000
c<B>r<5>R<ASN> -10.474000 2.505000 -18.341999
c<B>r<7>R<ILE> -5.424000 0.357000 -15.217000
c<B>r<8>R<SER> -2.531000 0.737000 -12.740000
c<B>r<9>R<ILE> -0.357000 -2.404000 -12.254000
c<B>r<12>R<GLN> 1.625000 -1.221000 -2.921000
c<B>r<13>R<VAL> 3.100000 -0.469000 0.516000
c<B>r<14>R<PHE> 1.423000 -0.461000 3.927000
c<B>r<15>R<ASP> 3.326000 2.696000 5.097000
c<B>r<16>R<GLY> 4.373000 5.631000 2.841000
c<B>r<17>R<PHE> 4.049000 6.767000 -0.806000
c<B>r<21>R<ASN> -0.312000 4.478000 -3.056000
c<B>r<24>R<ALA> -4.620000 5.515000 -7.043000
c<B>r<25>R<PHE> -4.736000 8.864000 -5.160000
c<B>r<26>R<VAL> -3.383000 11.047000 -8.045000
c<B>r<27>R<PHE> -5.792000 9.546000 -10.632000
c<B>r<28>R<ARG> -8.796000 9.906000 -8.230000
c<B>r<29>R<ARG> -7.817000 13.473000 -7.126000
c<B>r<30>R<ARG> -7.657000 14.246000 -10.877000
c<B>r<31>R<GLY> -11.235000 12.886000 -11.382000
c<B>r<32>R<HIS> -10.397000 9.435000 -12.870000
c<B>r<33>R<ILE> -11.743000 6.040000 -11.663000
c<B>r<34>R<PRO> -8.600000 3.835000 -11.976000
c<B>r<35>R<LYS> -8.586000 0.023000 -11.804000
c<B>r<36>R<ILE> -5.850000 -0.952000 -9.290000
c<B>r<37>R<LEU> -3.726000 -4.147000 -9.383000
c<B>r<38>R<ASN> -1.165000 -4.445000 -6.554000
c<B>r<41>R<GLN> 1.967000 -5.635000 -0.597000
c<B>r<42>R<TYR> 5.070000 -4.739000 1.464000
c<B>r<43>R<TYR> 5.342000 -3.102000 4.911000
c<B>r<44>R<SER> 7.273000 -0.119000 3.437000
c<B>r<47>R<LYS> 11.466000 -2.847000 4.248000
c<B>r<48>R<HIS> 10.181000 -5.429000 1.737000
c<B>r<49>R<SER> 8.494000 -7.588000 4.448000
c<B>r<50>R<GLY> 5.110000 -8.673000 3.013000
c<B>r<51>R<VAL> 3.373000 -10.567000 0.183000
c<B>r<53>R<LEU> 1.798000 -12.088000 -6.300000
c<B>r<56>R<GLN> -1.084000 -17.098000 -11.994000
c<B>r<57>R<GLU> -2.569000 -14.712000 -9.360000
c<B>r<58>R<VAL> -1.906000 -11.746000 -11.708000
c<B>r<59>R<ASP> -3.570000 -13.691000 -14.600000
c<B>r<60>R<ILE> -6.689000 -14.506000 -12.458000
c<B>r<61>R<ILE> -7.514000 -10.756000 -12.177000
c<B>r<62>R<LEU> -6.305000 -9.597000 -15.637000
c<B>r<63>R<SER> -8.017000 -12.452000 -17.565001
c<B>r<64>R<GLU> -11.340000 -11.518000 -15.861000
c<B>r<65>R<TYR> -10.737000 -7.877000 -16.844999
c<B>r<269>R<ASN> 4.247000 15.462000 0.662000
c<B>r<270>R<ILE> 1.551000 14.070000 -1.747000
c<B>r<271>R<ILE> -1.421000 14.873000 0.552000
c<B>r<272>R<GLU> -0.354000 18.430000 1.477000
c<B>r<273>R<ASN> 0.193000 19.091000 -2.277000
c<B>r<274>R<GLN> -3.131000 17.504000 -3.455000
c<B>r<275>R<ASP> -4.403000 20.868000 -4.880000
