c<A>r<16>R<THR> -14.725000 9.983000 -8.864000
c<A>r<17>R<THR> -18.038000 11.316000 -7.564000
c<A>r<19>R<LEU> -17.420000 5.818000 -7.871000
c<A>r<20>R<LYS> -17.802000 7.203000 -4.354000
c<A>r<21>R<LYS> -21.511000 6.538000 -4.665000
c<A>r<22>R<LEU> -21.305000 3.270000 -6.671000
c<A>r<23>R<ILE> -18.886000 1.519000 -4.237000
c<A>r<24>R<PRO> -21.363001 1.640000 -1.263000
c<A>r<25>R<ALA> -24.195000 0.643000 -3.582000
c<A>r<26>R<LEU> -22.264000 -2.475000 -4.610000
c<A>r<27>R<CYS> -21.379000 -3.223000 -1.029000
c<A>r<32>R<ARG> -16.726000 -6.801000 -2.129000
c<A>r<33>R<PRO> -15.122000 -4.303000 -4.524000
c<A>r<34>R<GLY> -11.394000 -3.581000 -4.964000
c<A>r<35>R<LEU> -10.148000 -0.434000 -6.610000
c<A>r<36>R<ILE> -7.194000 0.239000 -8.890000
c<A>r<37>R<LYS> -6.425000 3.845000 -9.725000
c<A>r<38>R<HIS> -3.738000 5.514000 -11.788000
c<A>r<39>R<THR> -2.552000 8.916000 -10.447000
c<A>r<40>R<HIS> -0.474000 11.659000 -11.901000
c<A>r<41>R<HIS> 0.345000 13.147000 -8.489000
c<A>r<42>R<GLU> 3.275000 12.090000 -6.328000
c<A>r<43>R<LEU> 2.695000 9.162000 -3.909000
c<A>r<44>R<ARG> 4.471000 8.799000 -0.488000
c<A>r<45>R<LYS> 8.037000 7.614000 -0.994000
c<A>r<46>R<ALA> 8.992000 4.269000 0.314000
c<A>r<47>R<GLY> 11.714000 4.144000 2.775000
c<A>r<48>R<ALA> 12.954000 1.053000 0.908000
c<A>r<49>R<ALA> 12.246000 -0.883000 -2.337000
c<A>r<50>R<GLN> 9.211000 -2.243000 -0.618000
c<A>r<51>R<THR> 7.711000 -0.833000 2.542000
c<A>r<52>R<ILE> 4.747000 -2.070000 4.546000
c<A>r<53>R<VAL> 3.206000 0.292000 7.014000
c<A>r<54>R<ALA> 0.768000 -1.551000 9.176000
c<A>r<55>R<SER> -1.887000 -0.398000 11.744000
c<A>r<56>R<GLN> -4.613000 -2.115000 13.544000
c<A>r<57>R<GLN> -7.175000 -1.113000 10.871000
c<A>r<58>R<ARG> -5.261000 -1.357000 7.636000
c<A>r<59>R<TRP> -1.842000 -1.827000 6.194000
c<A>r<60>R<ALA> -0.232000 -0.336000 3.064000
c<A>r<61>R<LEU> 2.374000 -1.963000 0.849000
c<A>r<62>R<MET> 4.365000 0.703000 -0.968000
c<A>r<63>R<THR> 6.594000 -0.487000 -3.803000
c<A>r<64>R<GLU> 9.136000 1.565000 -5.703000
c<A>r<65>R<THR> 9.215000 0.828000 -9.462000
c<A>r<66>R<PRO> 11.620000 3.380000 -10.853000
c<A>r<67>R<ASP> 12.408000 1.198000 -13.799000
c<A>r<68>R<GLU> 8.913000 0.322000 -14.884000
c<A>r<69>R<GLU> 7.896000 1.929000 -17.875000
c<A>r<70>R<GLU> 4.330000 0.983000 -18.002001
c<A>r<71>R<LEU> 1.933000 -0.025000 -15.507000
c<A>r<72>R<ASP> 0.728000 -3.518000 -15.862000
c<A>r<73>R<LEU> -2.951000 -3.628000 -14.744000
c<A>r<76>R<LEU> -1.377000 -4.759000 -10.079000
c<A>r<77>R<ALA> -4.563000 -6.791000 -9.903000
c<A>r<79>R<ARG> -1.051000 -8.052000 -6.016000
c<A>r<80>R<MET> -4.443000 -7.763000 -4.438000
c<A>r<81>R<ASP> -5.906000 -10.534000 -2.136000
c<A>r<82>R<THR> -8.672000 -11.672000 -4.521000
c<A>r<84>R<LYS> -11.601000 -11.020000 -0.196000
c<A>r<85>R<LEU> -12.796000 -9.457000 -3.364000
c<A>r<87>R<LEU> -14.902000 -7.265000 -8.315000
c<A>r<88>R<ILE> -12.018000 -4.893000 -9.153000
c<A>r<89>R<LEU> -12.971000 -1.415000 -10.284000
c<A>r<90>R<VAL> -10.379000 0.290000 -12.502000
c<A>r<91>R<GLU> -10.038000 4.026000 -12.930000
c<A>r<92>R<GLY> -7.434000 6.073000 -14.736000
c<B>r<19>R<LEU> 16.971001 3.002000 9.716000
c<B>r<20>R<LYS> 16.891001 5.930000 7.274000
c<B>r<23>R<ILE> 18.903999 1.358000 4.388000
c<B>r<24>R<PRO> 21.153999 3.301000 1.950000
c<B>r<27>R<CYS> 22.011999 -0.796000 -0.620000
c<B>r<32>R<ARG> 17.969000 -4.956000 -1.359000
c<B>r<33>R<PRO> 16.202000 -4.270000 1.949000
c<B>r<34>R<GLY> 12.402000 -4.231000 2.500000
c<B>r<35>R<LEU> 10.836000 -2.467000 5.462000
c<B>r<36>R<ILE> 7.886000 -3.377000 7.671000
c<B>r<37>R<LYS> 6.741000 -0.785000 10.151000
c<B>r<38>R<HIS> 4.026000 -0.721000 12.746000
c<B>r<39>R<THR> 2.254000 2.643000 13.210000
c<B>r<40>R<HIS> -0.272000 3.833000 15.697000
c<B>r<41>R<HIS> -1.314000 6.588000 13.434000
c<B>r<42>R<ASP> -3.773000 6.526000 10.789000
c<B>r<43>R<MET> -1.778000 5.937000 7.735000
c<B>r<44>R<ASP> -2.917000 7.135000 4.422000
c<B>r<45>R<VAL> -0.804000 6.775000 1.347000
c<B>r<46>R<ASP> -2.392000 9.818000 -0.269000
c<B>r<47>R<LYS> -3.009000 13.214000 0.911000
c<B>r<50>R<LYS> -7.318000 13.081000 -2.678000
c<B>r<51>R<ASP> -9.304000 11.046000 -4.588000
c<B>r<52>R<SER> -7.830000 7.781000 -3.389000
c<B>r<54>R<GLU> -12.074000 9.251000 -0.617000
c<B>r<55>R<LEU> -12.545000 6.186000 -2.632000
c<B>r<56>R<ARG> -10.998000 4.007000 -0.033000
c<B>r<57>R<LYS> -13.253000 5.380000 2.537000
c<B>r<58>R<ALA> -16.174000 4.630000 0.394000
c<B>r<59>R<GLY> -15.808000 1.030000 1.005000
c<B>r<60>R<ALA> -13.195000 -0.667000 -1.151000
c<B>r<61>R<ALA> -11.548000 -3.463000 0.765000
c<B>r<62>R<GLN> -8.390000 -3.110000 -1.177000
c<B>r<63>R<THR> -7.145000 -0.124000 -3.117000
c<B>r<64>R<ILE> -4.159000 0.209000 -5.408000
c<B>r<65>R<VAL> -2.943000 3.632000 -6.318000
c<B>r<66>R<ALA> -0.316000 3.524000 -9.037000
c<B>r<67>R<SER> 2.034000 6.232000 -10.485000
c<B>r<68>R<GLN> 4.890000 6.070000 -12.871000
c<B>r<69>R<GLN> 7.459000 5.564000 -10.101000
c<B>r<70>R<ARG> 5.603000 3.618000 -7.461000
c<B>r<71>R<TRP> 2.370000 2.031000 -6.535000
c<B>r<72>R<ALA> 0.658000 1.442000 -3.156000
c<B>r<73>R<LEU> -1.698000 -1.338000 -2.136000
c<B>r<74>R<MET> -3.935000 -0.364000 0.768000
c<B>r<75>R<THR> -5.826000 -3.189000 2.445000
c<B>r<76>R<GLU> -8.517000 -2.682000 5.055000
c<B>r<77>R<THR> -8.385000 -5.214000 7.924000
c<B>r<78>R<PRO> -11.070000 -4.067000 10.298000
c<B>r<79>R<ASP> -11.495000 -7.557000 11.706000
c<B>r<80>R<GLU> -7.904000 -8.358000 12.365000
c<B>r<81>R<GLU> -7.001000 -8.296000 15.801000
c<B>r<82>R<GLU> -3.332000 -8.614000 15.579000
c<B>r<83>R<LEU> -0.900000 -7.990000 12.961000
c<B>r<84>R<ASP> 0.711000 -11.061000 11.570000
c<B>r<85>R<LEU> 4.355000 -10.155000 10.664000
c<B>r<88>R<LEU> 2.774000 -8.984000 6.029000
c<B>r<89>R<ALA> 6.160000 -10.267000 4.920000
c<B>r<91>R<ARG> 2.637000 -9.764000 0.860000
c<B>r<92>R<MET> 5.939000 -8.349000 -0.256000
c<B>r<93>R<ASP> 7.686000 -9.431000 -3.556000
c<B>r<94>R<THR> 10.561000 -11.321000 -1.837000
c<B>r<96>R<LYS> 13.270000 -8.389000 -5.240000
c<B>r<97>R<LEU> 14.409000 -8.353000 -1.676000
c<B>r<100>R<ILE> 13.272000 -7.360000 5.564000
c<B>r<101>R<LEU> 13.895000 -4.797000 8.297000
c<B>r<102>R<VAL> 11.182000 -4.686000 10.976000
c<B>r<103>R<GLU> 10.329000 -1.630000 13.085000
c<B>r<104>R<GLY> 7.669000 -1.547000 15.819000
