c<D>r<5>R<LEU> -13.900000 7.263000 10.576000
c<D>r<6>R<PHE> -15.019000 3.875000 9.203000
c<D>r<7>R<PHE> -14.243000 2.385000 5.779000
c<D>r<8>R<ALA> -15.285000 -0.583000 3.622000
c<D>r<9>R<GLN> -16.773001 -3.620000 5.475000
c<D>r<54>R<ALA> -4.779000 4.937000 11.581000
c<D>r<55>R<VAL> -4.346000 8.174000 13.573000
c<D>r<56>R<ASN> -4.117000 11.376000 11.479000
c<D>r<57>R<GLN> -3.700000 9.323000 8.235000
c<D>r<58>R<THR> -0.790000 7.257000 9.706000
c<D>r<59>R<LEU> -1.081000 3.496000 10.355000
c<D>r<73>R<ALA> -9.794000 5.598000 11.193000
c<D>r<75>R<PHE> -10.710000 -0.232000 8.374000
c<D>r<76>R<PRO> -10.018000 -3.804000 7.150000
c<D>r<77>R<PRO> -6.706000 -4.740000 5.414000
c<D>r<78>R<VAL> -6.455000 -3.206000 1.900000
c<D>r<79>R<THR> -7.395000 -5.161000 -1.272000
c<D>r<80>R<GLY> -4.051000 -6.933000 -1.892000
c<D>r<81>R<GLY> -2.780000 -6.241000 1.714000
c<E>r<44>R<LEU> -13.620000 1.385000 -5.331000
c<E>r<45>R<GLU> -13.548000 2.904000 -1.856000
c<E>r<46>R<HIS> -10.519000 4.641000 -0.326000
c<E>r<47>R<TYR> -9.255000 6.647000 2.676000
c<E>r<48>R<PRO> -8.614000 10.024000 0.904000
c<E>r<49>R<GLY> -5.717000 11.641000 2.816000
c<E>r<50>R<MET> -3.976000 8.323000 3.676000
c<E>r<51>R<THR> -4.255000 7.159000 0.009000
c<E>r<52>R<GLU> -2.433000 10.137000 -1.549000
c<E>r<53>R<LYS> 0.153000 10.063000 1.291000
c<E>r<54>R<ALA> 0.798000 6.308000 0.768000
c<E>r<108>R<ASP> 3.317000 -4.056000 -6.321000
c<E>r<109>R<TYR> 3.446000 -1.579000 -3.391000
c<E>r<110>R<LEU> 0.306000 0.358000 -4.526000
c<E>r<111>R<LYS> -1.682000 -2.935000 -4.422000
c<E>r<112>R<THR> -0.398000 -3.860000 -0.926000
c<E>r<113>R<ARG> -0.016000 -0.483000 0.906000
c<E>r<114>R<ALA> -2.463000 2.052000 -0.626000
c<E>r<115>R<PRO> -5.866000 2.070000 1.273000
c<E>r<116>R<PHE> -8.147000 0.948000 -1.577000
c<E>r<117>R<TRP> -11.063000 -1.453000 -1.026000
c<E>r<118>R<LYS> -12.764000 -3.207000 -3.966000
c<E>r<119>R<ARG> -16.427999 -4.229000 -3.859000
c<E>r<127>R<ARG> -19.004000 -8.742000 -2.256000
c<E>r<128>R<TRP> -15.781000 -7.265000 -0.826000
c<E>r<129>R<VAL> -12.776000 -8.596000 -2.802000
c<E>r<130>R<GLU> -10.223000 -10.390000 -0.581000
c<E>r<131>R<ALA> -6.476000 -9.665000 -0.639000
c<E>r<132>R<ARG> -4.429000 -12.018000 -2.881000
c<E>r<133>R<GLU> -1.349000 -13.789000 -1.459000
c<E>r<134>R<SER> 0.253000 -13.359000 -4.939000
c<E>r<135>R<ASP> 0.272000 -9.528000 -4.526000
c<E>r<136>R<GLN> 2.002000 -9.968000 -1.099000
c<E>r<139>R<ALA> 5.728000 -6.908000 -2.933000
