c<A>r<36>R<GLY> 10.610000 12.244000 7.168000
c<A>r<37>R<LYS> 11.487000 15.568000 5.696000
c<A>r<38>R<GLY> 9.382000 17.004999 2.805000
c<A>r<39>R<LEU> 6.652000 14.469000 3.173000
c<A>r<40>R<PRO> 3.110000 15.647000 3.295000
c<A>r<61>R<ASP> -1.658000 14.724000 -2.194000
c<A>r<62>R<ALA> 0.795000 17.223000 -3.423000
c<A>r<63>R<ALA> -0.687000 17.438000 -6.842000
c<A>r<64>R<LEU> -4.373000 17.340000 -6.200000
c<A>r<65>R<GLY> -4.546000 18.848000 -2.631000
c<A>r<66>R<ILE> -6.840000 16.107000 -1.258000
c<A>r<67>R<ASP> -6.321000 13.637000 1.530000
c<A>r<68>R<SER> -4.173000 10.712000 0.520000
c<A>r<69>R<VAL> -6.485000 7.787000 1.227000
c<A>r<70>R<GLY> -6.088000 4.051000 0.499000
c<A>r<71>R<THR> -3.951000 1.069000 1.403000
c<A>r<72>R<VAL> -0.602000 2.444000 0.014000
c<A>r<73>R<PRO> -0.526000 5.774000 1.956000
c<A>r<74>R<ALA> -1.975000 4.042000 5.070000
c<A>r<75>R<SER> 0.684000 1.324000 5.042000
c<A>r<76>R<LEU> 3.533000 3.844000 4.490000
c<A>r<77>R<ILE> 2.534000 6.169000 7.326000
c<A>r<79>R<PHE> 5.440000 1.805000 8.762000
c<A>r<80>R<ALA> 7.172000 5.151000 9.209000
c<A>r<83>R<GLN> 9.939000 3.163000 13.129000
c<A>r<118>R<HIS> -11.687000 -7.907000 -0.694000
c<A>r<119>R<ASP> -9.995000 -6.503000 -3.881000
c<A>r<120>R<ARG> -6.890000 -8.723000 -4.244000
c<A>r<121>R<ARG> -8.009000 -11.636000 -6.379000
c<A>r<122>R<ILE> -5.109000 -13.989000 -7.242000
c<A>r<123>R<PRO> -6.485000 -17.334000 -8.548000
c<A>r<124>R<ILE> -3.280000 -19.298000 -7.851000
c<A>r<126>R<MET> -1.908000 -20.087000 -1.720000
c<A>r<127>R<PHE> -1.796000 -16.700001 -3.434000
c<A>r<128>R<ASP> -5.570000 -16.760000 -3.233000
c<A>r<129>R<LEU> -5.362000 -16.889999 0.609000
c<A>r<130>R<TYR> -2.588000 -14.356000 0.537000
c<A>r<131>R<GLY> -4.795000 -11.954000 -1.371000
c<A>r<133>R<GLY> -4.981000 -11.607000 3.926000
c<A>r<157>R<GLY> -10.378000 -2.319000 -0.619000
c<A>r<158>R<ASP> -9.117000 0.674000 -2.534000
c<A>r<159>R<SER> -12.504000 1.609000 -4.026000
c<A>r<160>R<LEU> -15.242000 3.652000 -2.336000
c<A>r<161>R<ASP> -17.809999 2.133000 -4.647000
c<A>r<162>R<MET> -18.540001 -1.542000 -4.606000
c<A>r<163>R<SER> -18.347000 -3.764000 -7.745000
c<A>r<164>R<THR> -20.141001 -7.094000 -8.058000
c<A>r<165>R<GLN> -16.899000 -8.869000 -7.505000
c<A>r<166>R<ASP> -16.167000 -6.794000 -4.393000
c<A>r<180>R<MET> -10.075000 1.610000 2.362000
c<A>r<184>R<ALA> -3.090000 -2.417000 5.156000
c<A>r<185>R<VAL> -2.485000 -0.987000 8.656000
c<A>r<187>R<TYR> -0.397000 -5.826000 7.510000
c<A>r<188>R<VAL> 2.285000 -3.389000 8.652000
c<A>r<190>R<ASP> 1.870000 -7.643000 11.877000
c<A>r<191>R<LEU> 5.044000 -7.206000 9.893000
c<A>r<192>R<LEU> 6.589000 -5.142000 12.751000
c<A>r<193>R<LYS> 4.865000 -7.059000 15.604000
c<A>r<212>R<THR> -22.287001 5.509000 -0.713000
c<A>r<213>R<ALA> -20.415001 8.737000 -1.656000
c<A>r<214>R<GLU> -23.368999 10.976000 -0.906000
c<A>r<217>R<LEU> -20.312000 13.171000 2.855000
c<B>r<34>R<GLY> 14.999000 -3.378000 8.999000
c<B>r<35>R<LYS> 15.537000 -6.172000 11.443000
c<B>r<36>R<GLY> 13.196000 -9.228000 11.381000
c<B>r<37>R<LEU> 11.577000 -8.287000 8.132000
c<B>r<38>R<PRO> 11.239000 -10.885000 5.473000
c<B>r<59>R<ASP> 4.875000 -13.989000 3.609000
c<B>r<60>R<ALA> 5.693000 -15.345000 6.976000
c<B>r<61>R<ALA> 2.502000 -17.247000 7.316000
c<B>r<62>R<LEU> 1.944000 -18.634001 3.892000
c<B>r<63>R<GLY> 5.585000 -18.899000 2.604000
c<B>r<64>R<ILE> 4.826000 -17.223000 -0.765000
c<B>r<65>R<ASP> 6.186000 -14.077000 -2.302000
c<B>r<66>R<SER> 4.589000 -10.961000 -0.922000
c<B>r<67>R<VAL> 3.197000 -9.388000 -4.083000
c<B>r<68>R<GLY> 0.965000 -6.314000 -4.553000
c<B>r<69>R<THR> 0.959000 -2.563000 -4.068000
c<B>r<70>R<VAL> 1.351000 -2.584000 -0.213000
c<B>r<71>R<PRO> 4.552000 -4.739000 -0.009000
c<B>r<72>R<ALA> 5.966000 -3.009000 -3.143000
c<B>r<73>R<SER> 5.432000 0.471000 -1.710000
c<B>r<74>R<LEU> 6.928000 -0.491000 1.696000
c<B>r<75>R<ILE> 10.108000 -2.031000 0.286000
c<B>r<77>R<PHE> 10.124000 3.382000 0.773000
c<B>r<78>R<ALA> 12.533000 1.523000 3.047000
c<B>r<81>R<GLN> 15.673000 5.652000 3.029000
c<B>r<116>R<HIS> -7.099000 0.721000 -12.374000
c<B>r<117>R<ASP> -8.653000 -0.644000 -9.099000
c<B>r<118>R<ARG> -9.131000 2.531000 -6.994000
c<B>r<119>R<ARG> -12.591000 3.792000 -7.846000
c<B>r<120>R<ILE> -13.589000 6.841000 -5.742000
c<B>r<121>R<PRO> -16.617001 8.605000 -7.334000
c<B>r<122>R<ILE> -16.040001 11.929000 -5.546000
c<B>r<124>R<MET> -10.871000 15.065000 -7.380000
c<B>r<125>R<PHE> -10.714000 11.776000 -5.493000
c<B>r<126>R<ASP> -11.605000 10.138000 -8.792000
c<B>r<127>R<LEU> -8.376000 11.533000 -10.352000
c<B>r<128>R<TYR> -6.503000 10.666000 -7.213000
c<B>r<129>R<GLY> -7.607000 7.064000 -7.483000
c<B>r<131>R<GLY> -3.041000 8.291000 -9.905000
c<B>r<155>R<GLY> -4.123000 -3.322000 -9.615000
c<B>r<156>R<ASP> -4.005000 -5.800000 -6.771000
c<B>r<157>R<SER> -5.763000 -8.598000 -8.675000
c<B>r<158>R<LEU> -4.178000 -11.039000 -11.115000
c<B>r<159>R<ASP> -7.540000 -11.651000 -12.715000
c<B>r<160>R<MET> -9.391000 -8.912000 -14.487000
c<B>r<161>R<SER> -13.004000 -7.932000 -13.586000
c<B>r<162>R<THR> -15.310000 -6.081000 -15.968000
c<B>r<163>R<GLN> -14.754000 -2.934000 -14.022000
c<B>r<164>R<ASP> -10.962000 -3.394000 -14.168000
c<B>r<178>R<MET> 0.298000 -5.533000 -9.495000
c<B>r<182>R<ALA> 2.754000 1.886000 -6.070000
c<B>r<183>R<VAL> 6.535000 2.035000 -6.695000
c<B>r<185>R<TYR> 3.927000 6.685000 -5.886000
c<B>r<186>R<VAL> 6.767000 6.233000 -3.401000
c<B>r<188>R<ASP> 7.401000 10.559000 -6.496000
c<B>r<189>R<LEU> 6.814000 11.062000 -2.802000
c<B>r<190>R<LEU> 10.612000 10.914000 -2.152000
c<B>r<191>R<LYS> 11.636000 12.581000 -5.454000
c<B>r<210>R<THR> -3.915000 -15.384000 -17.200001
c<B>r<211>R<ALA> -2.703000 -17.485001 -14.216000
c<B>r<212>R<GLU> -1.853000 -20.476000 -16.353001
c<B>r<215>R<LEU> 3.177000 -19.753000 -14.779000
