c<A>r<245>R<THR> -19.153000 0.446000 81.849998
c<A>r<246>R<ALA> -20.358000 -2.354000 84.143997
c<A>r<247>R<ASP> -18.497999 -3.703000 87.184998
c<A>r<248>R<LEU> -16.809000 -7.104000 87.311996
c<A>r<249>R<GLU> -19.474001 -8.335000 89.728996
c<A>r<250>R<ASP> -22.136999 -7.485000 87.161003
c<A>r<251>R<VAL> -20.764999 -9.687000 84.391998
c<A>r<252>R<LEU> -18.629999 -12.415000 85.977997
c<A>r<253>R<PRO> -21.627001 -14.375000 87.355003
c<A>r<254>R<LEU> -23.285999 -14.132000 83.929001
c<A>r<255>R<ALA> -20.156000 -15.442000 82.214996
c<A>r<282>R<THR> -31.886000 -14.133000 80.452003
c<A>r<283>R<VAL> -33.693001 -13.041000 83.628998
c<A>r<284>R<LYS> -30.413000 -12.724000 85.528999
c<A>r<285>R<LEU> -28.750999 -10.982000 82.611000
c<A>r<286>R<CYS> -31.544001 -8.436000 82.302002
c<A>r<287>R<ASP> -31.872000 -7.906000 86.059998
c<A>r<288>R<ASN> -28.139999 -7.227000 86.099998
c<A>r<289>R<LEU> -27.719999 -5.282000 82.834000
c<A>r<290>R<SER> -31.007999 -3.761000 81.577003
c<A>r<291>R<THR> -30.065001 -0.455000 83.245003
c<A>r<292>R<LYS> -26.323999 -0.560000 82.502998
c<A>r<293>R<ASN> -26.523001 0.413000 78.838997
c<A>r<294>R<SER> -28.832001 1.110000 75.932999
c<A>r<296>R<PHE> -28.805000 -4.312000 76.829002
c<A>r<297>R<GLU> -32.007999 -2.460000 77.587997
c<A>r<300>R<CYS> -34.098000 -7.119000 77.203003
c<A>r<301>R<GLN> -37.202000 -5.765000 75.480003
c<A>r<321>R<PRO> -13.855000 3.743000 76.773003
c<A>r<322>R<GLU> -10.171000 4.367000 77.359001
c<A>r<323>R<LEU> -10.154000 3.522000 81.042000
c<A>r<324>R<PRO> -6.962000 3.322000 83.154999
c<A>r<325>R<ASP> -4.148000 0.990000 82.102997
c<A>r<326>R<VAL> -4.180000 -2.451000 83.698997
c<A>r<327>R<GLU> -0.958000 -4.046000 84.926003
c<A>r<328>R<LEU> -0.356000 -7.752000 84.431000
c<A>r<329>R<PRO> -1.058000 -9.731000 87.648003
c<A>r<330>R<THR> 2.513000 -10.627000 88.609001
c<A>r<331>R<ASN> 1.679000 -11.583000 92.202003
c<A>r<332>R<LYS> 1.572000 -14.851000 94.177002
c<A>r<333>R<ASP> -2.082000 -14.030000 94.870003
c<A>r<339>R<ASN> -9.413000 -19.069000 92.891998
c<A>r<341>R<LYS> -10.560000 -13.889000 91.014000
c<A>r<342>R<VAL> -7.358000 -11.945000 90.306999
c<A>r<344>R<ASP> -10.700000 -12.779000 86.039001
c<A>r<345>R<LYS> -10.524000 -9.182000 87.199997
c<A>r<346>R<TYR> -7.439000 -8.682000 85.033997
c<A>r<349>R<GLU> -10.288000 -4.967000 82.972000
c<A>r<382>R<THR> 8.837000 -12.662000 93.600998
c<A>r<385>R<PHE> 7.486000 -12.730000 88.685997
c<A>r<386>R<ASN> 9.829000 -9.752000 88.391998
c<A>r<389>R<GLY> 7.094000 -9.388000 84.236000
c<B>r<18>R<LYS> -33.368000 3.466000 90.517998
c<B>r<19>R<ALA> -36.730999 3.662000 88.702003
c<B>r<20>R<GLY> -38.521000 1.668000 86.095001
c<B>r<23>R<GLY> -41.403000 -6.736000 84.849998
c<B>r<24>R<ASP> -38.236000 -5.210000 83.405998
c<B>r<25>R<ASP> -35.070999 -6.947000 84.512001
c<B>r<26>R<ALA> -33.240002 -3.712000 85.473999
c<B>r<27>R<PRO> -34.221001 -0.124000 86.214996
c<B>r<28>R<ARG> -34.220001 1.926000 83.014000
c<B>r<29>R<ALA> -33.741001 5.190000 84.882004
c<B>r<30>R<VAL> -30.781000 5.441000 87.218002
c<B>r<144>R<ALA> -34.491001 -11.071000 94.313004
c<B>r<145>R<SER> -32.122002 -13.920000 95.205002
c<B>r<211>R<ASP> -15.357000 6.591000 89.003998
c<B>r<212>R<ILE> -11.846000 5.448000 89.974998
c<B>r<214>R<GLU> -15.938000 1.918000 90.982002
c<B>r<215>R<LYS> -13.517000 0.888000 88.197998
c<B>r<216>R<LEU> -10.318000 0.011000 90.035004
c<B>r<218>R<TYR> -11.115000 -4.212000 95.179001
c<B>r<220>R<ALA> -7.865000 -7.776000 99.436996
c<B>r<221>R<LEU> -8.103000 -11.211000 101.012001
c<B>r<225>R<ASN> -0.022000 -9.509000 102.466003
c<B>r<226>R<GLU> -1.490000 -7.279000 99.796997
c<B>r<229>R<THR> 2.884000 -7.206000 97.302002
c<B>r<230>R<ALA> 2.169000 -3.581000 96.468002
c<B>r<232>R<SER> 7.682000 -4.750000 96.329002
c<B>r<233>R<SER> 6.083000 -5.116000 92.919998
c<B>r<234>R<SER> 4.044000 -3.338000 90.211998
c<B>r<235>R<SER> 1.664000 -6.276000 89.872002
c<B>r<236>R<LEU> -1.265000 -4.508000 91.510002
c<B>r<237>R<GLU> -0.842000 -1.152000 89.778999
c<B>r<238>R<LYS> -3.383000 0.252000 87.322998
c<B>r<239>R<SER> -3.279000 3.354000 85.178001
c<B>r<240>R<TYR> -6.537000 5.406000 85.099998
c<B>r<241>R<GLU> -7.244000 7.876000 82.317001
c<B>r<242>R<LEU> -8.980000 11.091000 83.394997
c<B>r<243>R<PRO> -11.484000 12.751000 80.989998
c<B>r<245>R<GLY> -6.206000 12.825000 79.130997
c<B>r<247>R<VAL> -3.017000 9.620000 83.726997
c<B>r<248>R<ILE> -2.609000 8.519000 87.266998
c<B>r<249>R<THR> -1.290000 5.342000 88.806000
c<B>r<250>R<ILE> -3.369000 3.632000 91.457001
c<B>r<251>R<GLY> -1.582000 0.938000 93.459000
c<B>r<302>R<GLY> -23.389000 -0.758000 95.046997
c<B>r<304>R<THR> -20.871000 -4.518000 97.853996
c<B>r<305>R<MET> -19.693001 -4.550000 94.230003
c<B>r<306>R<TYR> -15.923000 -4.620000 94.987000
c<B>r<307>R<PRO> -14.162000 -7.625000 93.492996
c<B>r<308>R<GLY> -12.987000 -9.861000 96.302002
c<B>r<309>R<ILE> -15.601000 -8.829000 98.861000
c<B>r<311>R<ASP> -14.239000 -14.127000 99.507004
c<B>r<331>R<ALA> -23.158001 -11.929000 95.723000
c<B>r<332>R<PRO> -25.423000 -11.625000 92.663002
c<B>r<333>R<PRO> -23.754999 -9.917000 89.692001
c<B>r<334>R<GLU> -26.782000 -7.622000 89.369003
c<B>r<335>R<ARG> -26.577000 -6.531000 93.003998
c<B>r<336>R<LYS> -26.379999 -2.776000 92.304001
c<B>r<337>R<TYR> -30.013000 -3.276000 91.384003
c<B>r<338>R<SER> -31.173000 -6.117000 93.695000
c<B>r<340>R<TRP> -35.191002 -2.711000 92.487999
c<B>r<341>R<ILE> -35.347000 -6.205000 90.935997
c<B>r<342>R<GLY> -36.956001 -7.584000 94.120003
c<B>r<344>R<SER> -40.223000 -5.622000 90.251999
