c<A>r<52>R<PHE> -19.174000 -36.370998 59.444000
c<A>r<53>R<PRO> -19.504999 -32.581001 58.825001
c<A>r<54>R<SER> -17.309000 -32.783001 55.717999
c<A>r<55>R<GLY> -18.886000 -35.952999 54.347000
c<A>r<56>R<THR> -20.398001 -35.581001 50.886002
c<A>r<57>R<PHE> -24.086000 -36.390999 50.404999
c<A>r<58>R<GLU> -22.981001 -39.405998 48.346001
c<A>r<59>R<GLN> -20.573999 -40.790001 50.971001
c<A>r<60>R<VAL> -22.947001 -40.377998 53.904999
c<A>r<61>R<SER> -25.841000 -41.894001 51.945000
c<A>r<95>R<SER> -13.451000 -46.888000 55.294998
c<A>r<96>R<CYS> -9.750000 -47.772999 55.389000
c<A>r<97>R<GLU> -9.357000 -48.455002 51.660999
c<A>r<98>R<SER> -8.124000 -45.680000 49.375000
c<A>r<99>R<ASN> -10.899000 -43.726002 47.651001
c<A>r<100>R<SER> -13.286000 -45.388000 50.109001
c<A>r<102>R<PHE> -17.464001 -43.859001 53.019001
c<A>r<103>R<PRO> -16.643999 -40.500000 54.640999
c<A>r<104>R<VAL> -13.801000 -40.597000 57.157001
c<A>r<105>R<HIS> -12.489000 -38.424000 59.993000
c<A>r<106>R<PRO> -9.131000 -36.653000 59.796001
c<A>r<107>R<GLY> -6.448000 -39.027000 61.060001
c<A>r<108>R<THR> -8.330000 -42.083000 59.840000
c<A>r<109>R<ALA> -5.457000 -43.041000 57.525002
c<A>r<110>R<GLU> -3.289000 -43.179001 60.645000
c<A>r<111>R<CYS> -5.735000 -45.507000 62.387001
c<A>r<128>R<HIS> -15.015000 -34.217999 64.347000
c<A>r<129>R<GLN> -14.567000 -30.445999 64.344002
c<A>r<130>R<PRO> -17.582001 -28.139000 64.358002
c<A>r<131>R<GLN> -18.606001 -26.309000 61.180000
c<A>r<132>R<GLU> -17.774000 -22.622999 61.631001
c<A>r<133>R<PHE> -18.951000 -21.646999 58.154999
c<A>r<134>R<PRO> -22.472000 -22.921000 57.520000
c<A>r<135>R<THR> -23.611000 -22.612000 53.901001
c<A>r<136>R<TYR> -27.205999 -23.726000 54.320999
c<A>r<137>R<VAL> -29.695999 -21.274000 52.792999
c<A>r<138>R<GLU> -33.382000 -22.103001 52.542000
c<A>r<139>R<PRO> -34.546001 -21.907000 48.894001
c<A>r<140>R<THR> -37.640999 -19.983999 47.748001
c<A>r<143>R<GLU> -37.721001 -23.905001 44.376999
c<A>r<147>R<ALA> -37.651001 -30.191000 43.880001
c<A>r<150>R<LYS> -39.660000 -33.980999 41.076000
c<A>r<151>R<ASP> -38.321999 -36.368999 43.716999
c<A>r<154>R<GLU> -34.234001 -37.250999 47.248001
c<A>r<155>R<TYR> -35.407001 -33.858002 48.500999
c<A>r<157>R<ASN> -32.619999 -37.027000 52.043999
c<A>r<158>R<GLN> -30.611000 -34.115002 50.700001
c<A>r<159>R<PHE> -32.271000 -31.750999 53.199001
c<A>r<162>R<GLU> -27.364000 -30.754999 54.396999
c<A>r<166>R<ASN> -24.316000 -27.714001 58.714001
c<A>r<225>R<ALA> -13.643000 -25.302000 69.772003
c<A>r<226>R<TYR> -12.548000 -23.802999 73.094002
c<A>r<443>R<ASN> -7.765000 -8.383000 48.969002
c<A>r<444>R<LYS> -5.934000 -10.787000 51.296001
c<A>r<447>R<ASP> -10.502000 -10.845000 53.584000
c<A>r<448>R<PHE> -8.711000 -11.634000 56.866001
c<A>r<451>R<ASN> -13.357000 -13.069000 59.220001
c<A>r<458>R<PRO> -14.712000 -18.174000 64.267998
c<A>r<459>R<PRO> -12.002000 -19.375000 66.755997
c<A>r<460>R<LEU> -10.638000 -22.381001 64.865997
c<A>r<461>R<TYR> -10.430000 -20.632999 61.508999
c<A>r<462>R<CYS> -8.886000 -17.472000 62.980000
c<A>r<463>R<ASP> -6.384000 -19.207001 65.250999
c<A>r<464>R<SER> -4.280000 -20.325001 62.301998
c<A>r<465>R<GLU> -4.911000 -17.194000 60.254002
c<A>r<466>R<ILE> -3.784000 -14.958000 63.118999
c<A>r<467>R<ASP> -0.489000 -16.823000 63.532001
c<A>r<468>R<ALA> 0.349000 -16.287001 59.875999
c<B>r<172>R<PRO> -3.666000 -41.525002 43.535000
c<B>r<173>R<HIS> -5.606000 -43.106998 46.390999
c<B>r<174>R<ALA> -6.727000 -39.619999 47.519001
c<B>r<175>R<ILE> -7.747000 -38.226002 44.136002
c<B>r<176>R<MET> -11.440000 -37.263000 43.889000
c<B>r<221>R<LEU> -19.667999 -15.535000 50.430000
c<B>r<222>R<ASP> -22.987000 -16.539000 51.960999
c<B>r<223>R<PHE> -25.834999 -17.658001 49.695000
c<B>r<224>R<GLU> -28.760000 -16.646000 51.894001
c<B>r<225>R<ASN> -27.403999 -13.233000 52.703999
c<B>r<226>R<GLU> -26.747999 -12.599000 49.042000
c<B>r<227>R<MET> -30.218000 -13.765000 48.063000
c<B>r<259>R<GLU> -23.339001 -21.854000 43.959999
c<B>r<262>R<PHE> -20.739000 -25.858000 46.669998
c<B>r<263>R<GLN> -24.246000 -27.326000 46.589001
c<B>r<264>R<PRO> -24.652000 -29.731001 43.667000
c<B>r<265>R<SER> -28.233999 -30.441999 44.694000
c<B>r<266>R<PHE> -29.223000 -27.330000 42.743999
c<B>r<267>R<ILE> -28.884001 -29.481001 39.596001
c<B>r<268>R<GLY> -30.135000 -32.723999 41.150002
c<B>r<269>R<MET> -26.730000 -34.196999 41.945999
c<B>r<270>R<GLU> -26.323000 -35.812000 45.359001
c<B>r<271>R<SER> -22.514999 -35.326000 45.369999
c<B>r<272>R<ALA> -20.511000 -33.423000 47.891998
c<B>r<273>R<GLY> -19.561001 -29.878000 46.952999
c<B>r<274>R<ILE> -16.041000 -28.794001 46.087002
c<B>r<275>R<HIS> -15.170000 -27.711000 49.623001
c<B>r<276>R<GLU> -16.219000 -31.129999 50.931999
c<B>r<277>R<THR> -14.368000 -33.056999 48.240002
c<B>r<278>R<THR> -11.248000 -30.982000 49.013000
c<B>r<279>R<TYR> -11.545000 -31.841999 52.705002
c<B>r<280>R<ASN> -12.268000 -35.484001 51.980999
c<B>r<281>R<SER> -9.192000 -35.698002 49.723999
c<B>r<282>R<ILE> -6.914000 -34.188999 52.381001
c<B>r<283>R<MET> -8.349000 -36.646000 54.917999
c<B>r<284>R<LYS> -7.349000 -39.615002 52.737999
c<B>r<285>R<CYS> -3.716000 -38.521000 52.978001
c<B>r<286>R<ASP> -1.262000 -39.354000 55.716999
c<B>r<287>R<ILE> -1.936000 -37.032001 58.686001
c<B>r<288>R<ASP> 1.651000 -35.811001 58.535999
c<B>r<290>R<ARG> -2.195000 -32.595001 55.776001
c<B>r<310>R<ALA> -11.207000 -18.191000 46.848000
c<B>r<311>R<ASP> -12.801000 -16.410000 49.728001
c<B>r<312>R<ARG> -15.705000 -18.829000 49.764999
c<B>r<314>R<GLN> -11.409000 -20.289000 52.547001
c<B>r<315>R<LYS> -14.578000 -19.924999 54.605999
c<B>r<316>R<GLU> -15.815000 -23.400000 53.855000
c<B>r<317>R<ILE> -12.536000 -25.249001 54.421001
c<B>r<318>R<THR> -12.009000 -23.330000 57.647999
c<B>r<319>R<ALA> -15.398000 -24.618999 58.849998
c<B>r<320>R<LEU> -14.424000 -28.233000 58.115002
c<B>r<321>R<ALA> -10.747000 -28.190001 59.271000
c<B>r<322>R<PRO> -9.301000 -28.172001 62.789001
c<B>r<323>R<SER> -9.581000 -24.780001 64.482002
c<B>r<324>R<THR> -5.802000 -24.212000 64.591003
c<B>r<325>R<MET> -5.104000 -25.218000 60.987000
c<B>r<326>R<LYS> -3.578000 -22.617001 58.629002
c<B>r<327>R<ILE> -5.656000 -22.643999 55.466000
c<B>r<328>R<LYS> -4.408000 -20.989000 52.301998
