c<A>r<52>R<PHE> -19.174000 -36.370998 59.444000
c<A>r<53>R<PRO> -19.504999 -32.581001 58.825001
c<A>r<54>R<SER> -17.309000 -32.783001 55.717999
c<A>r<55>R<GLY> -18.886000 -35.952999 54.347000
c<A>r<56>R<THR> -20.398001 -35.581001 50.886002
c<A>r<57>R<PHE> -24.086000 -36.390999 50.404999
c<A>r<58>R<GLU> -22.981001 -39.405998 48.346001
c<A>r<59>R<GLN> -20.573999 -40.790001 50.971001
c<A>r<97>R<GLU> -9.357000 -48.455002 51.660999
c<A>r<98>R<SER> -8.124000 -45.680000 49.375000
c<A>r<99>R<ASN> -10.899000 -43.726002 47.651001
c<A>r<100>R<SER> -13.286000 -45.388000 50.109001
c<A>r<103>R<PRO> -16.643999 -40.500000 54.640999
c<A>r<104>R<VAL> -13.801000 -40.597000 57.157001
c<A>r<105>R<HIS> -12.489000 -38.424000 59.993000
c<A>r<106>R<PRO> -9.131000 -36.653000 59.796001
c<A>r<107>R<GLY> -6.448000 -39.027000 61.060001
c<A>r<108>R<THR> -8.330000 -42.083000 59.840000
c<A>r<109>R<ALA> -5.457000 -43.041000 57.525002
c<A>r<110>R<GLU> -3.289000 -43.179001 60.645000
c<A>r<128>R<HIS> -15.015000 -34.217999 64.347000
c<A>r<129>R<GLN> -14.567000 -30.445999 64.344002
c<A>r<130>R<PRO> -17.582001 -28.139000 64.358002
c<A>r<131>R<GLN> -18.606001 -26.309000 61.180000
c<A>r<132>R<GLU> -17.774000 -22.622999 61.631001
c<A>r<133>R<PHE> -18.951000 -21.646999 58.154999
c<A>r<134>R<PRO> -22.472000 -22.921000 57.520000
c<A>r<135>R<THR> -23.611000 -22.612000 53.901001
c<A>r<136>R<TYR> -27.205999 -23.726000 54.320999
c<A>r<137>R<VAL> -29.695999 -21.274000 52.792999
c<A>r<138>R<GLU> -33.382000 -22.103001 52.542000
c<A>r<139>R<PRO> -34.546001 -21.907000 48.894001
c<A>r<140>R<THR> -37.640999 -19.983999 47.748001
c<A>r<143>R<GLU> -37.721001 -23.905001 44.376999
c<A>r<144>R<ILE> -38.637001 -26.069000 47.348000
c<A>r<146>R<GLU> -40.243999 -27.809000 42.425999
c<A>r<147>R<ALA> -37.651001 -30.191000 43.880001
c<A>r<150>R<LYS> -39.660000 -33.980999 41.076000
c<A>r<151>R<ASP> -38.321999 -36.368999 43.716999
c<A>r<154>R<GLU> -34.234001 -37.250999 47.248001
c<A>r<155>R<TYR> -35.407001 -33.858002 48.500999
c<A>r<157>R<ASN> -32.619999 -37.027000 52.043999
c<A>r<158>R<GLN> -30.611000 -34.115002 50.700001
c<A>r<162>R<GLU> -27.364000 -30.754999 54.396999
c<A>r<165>R<THR> -23.900000 -31.485001 58.414001
c<A>r<166>R<ASN> -24.316000 -27.714001 58.714001
c<A>r<225>R<ALA> -13.643000 -25.302000 69.772003
c<A>r<436>R<LYS> -1.646000 -5.489000 40.792999
c<A>r<440>R<LYS> -3.817000 -8.693000 45.963001
c<A>r<443>R<ASN> -7.765000 -8.383000 48.969002
c<A>r<444>R<LYS> -5.934000 -10.787000 51.296001
c<A>r<447>R<ASP> -10.502000 -10.845000 53.584000
c<A>r<448>R<PHE> -8.711000 -11.634000 56.866001
c<A>r<450>R<SER> -13.858000 -9.754000 57.401001
c<A>r<451>R<ASN> -13.357000 -13.069000 59.220001
c<A>r<458>R<PRO> -14.712000 -18.174000 64.267998
c<A>r<459>R<PRO> -12.002000 -19.375000 66.755997
c<A>r<460>R<LEU> -10.638000 -22.381001 64.865997
c<A>r<461>R<TYR> -10.430000 -20.632999 61.508999
c<A>r<462>R<CYS> -8.886000 -17.472000 62.980000
c<A>r<463>R<ASP> -6.384000 -19.207001 65.250999
c<A>r<464>R<SER> -4.280000 -20.325001 62.301998
c<A>r<465>R<GLU> -4.911000 -17.194000 60.254002
c<A>r<466>R<ILE> -3.784000 -14.958000 63.118999
c<A>r<467>R<ASP> -0.489000 -16.823000 63.532001
c<A>r<468>R<ALA> 0.349000 -16.287001 59.875999
c<B>r<173>R<HIS> -6.397000 -41.853001 43.535000
c<B>r<174>R<ALA> -7.514000 -38.506001 45.029999
c<B>r<175>R<ILE> -8.689000 -36.818001 41.835999
c<B>r<176>R<MET> -12.400000 -35.895000 41.826000
c<B>r<221>R<LEU> -20.625000 -15.012000 50.702000
c<B>r<222>R<ASP> -23.867001 -16.208000 52.261002
c<B>r<223>R<PHE> -26.790001 -17.156000 50.013000
c<B>r<224>R<GLU> -29.636000 -16.402000 52.410000
c<B>r<225>R<ASN> -28.291000 -13.059000 53.484001
c<B>r<226>R<GLU> -27.792000 -12.074000 49.875000
c<B>r<227>R<MET> -31.284000 -13.198000 48.928001
c<B>r<262>R<PHE> -21.719999 -24.952999 46.030998
c<B>r<263>R<GLN> -25.208000 -26.464001 45.950001
c<B>r<265>R<SER> -29.231001 -29.452999 43.928001
c<B>r<266>R<PHE> -30.337000 -26.188999 42.319000
c<B>r<267>R<ILE> -30.099001 -28.030001 38.972000
c<B>r<268>R<GLY> -31.245001 -31.424000 40.262001
c<B>r<270>R<GLU> -27.228001 -34.830002 44.007999
c<B>r<271>R<SER> -23.429001 -34.285000 43.916000
c<B>r<272>R<ALA> -21.349001 -32.595001 46.525002
c<B>r<273>R<GLY> -20.481001 -28.962000 45.888000
c<B>r<275>R<HIS> -16.011999 -26.983999 48.576000
c<B>r<276>R<GLU> -16.965000 -30.528000 49.597000
c<B>r<277>R<THR> -15.201000 -32.162998 46.665001
c<B>r<279>R<TYR> -12.215000 -31.326000 51.110001
c<B>r<280>R<ASN> -12.921000 -34.896000 50.075001
c<B>r<281>R<SER> -9.937000 -34.848000 47.689999
c<B>r<283>R<MET> -8.872000 -36.264000 52.734001
c<B>r<284>R<LYS> -7.924000 -39.000000 50.245998
c<B>r<285>R<CYS> -4.298000 -37.874001 50.445999
c<B>r<286>R<ASP> -1.726000 -38.919998 52.995998
c<B>r<287>R<ILE> -2.308000 -36.896999 56.195000
c<B>r<288>R<ASP> 1.256000 -35.610001 56.019001
c<B>r<290>R<ARG> -2.740000 -32.212002 53.728001
c<B>r<310>R<ALA> -12.285000 -17.183001 46.556999
c<B>r<311>R<ASP> -13.782000 -15.706000 49.652000
c<B>r<312>R<ARG> -16.652000 -18.164000 49.575001
c<B>r<314>R<GLN> -12.228000 -19.809000 52.036999
c<B>r<315>R<LYS> -15.316000 -19.691000 54.243999
c<B>r<316>R<GLU> -16.539000 -23.100000 53.216999
c<B>r<317>R<ILE> -13.217000 -24.940001 53.478001
c<B>r<318>R<THR> -12.584000 -23.323999 56.848000
c<B>r<319>R<ALA> -15.905000 -24.774000 58.055000
c<B>r<320>R<LEU> -14.917000 -28.287001 56.945000
c<B>r<321>R<ALA> -11.196000 -28.292999 57.956001
c<B>r<322>R<PRO> -9.609000 -28.580999 61.400002
c<B>r<323>R<SER> -9.863000 -25.368000 63.414001
c<B>r<324>R<THR> -6.090000 -24.750999 63.428001
c<B>r<325>R<MET> -5.526000 -25.403999 59.721001
c<B>r<326>R<LYS> -4.129000 -22.569000 57.561001
c<B>r<327>R<ILE> -6.334000 -22.333000 54.493000
c<B>r<328>R<LYS> -5.235000 -20.368999 51.452999
c<B>r<329>R<ILE> -7.163000 -19.910000 48.229000
c<B>r<330>R<ILE> -5.135000 -18.594999 45.285999
c<B>r<331>R<ALA> -7.148000 -17.136000 42.396999
c<B>r<332>R<PRO> -4.828000 -15.649000 39.752998
c<B>r<333>R<PRO> -6.424000 -12.846000 37.723000
