c<A>r<20>R<GLY> -19.735001 -61.000999 74.401001
c<A>r<21>R<ARG> -21.840000 -57.962002 75.273003
c<A>r<22>R<ASP> -24.214001 -57.522999 72.358002
c<A>r<23>R<TYR> -25.181000 -54.146000 73.806000
c<A>r<80>R<ASP> -25.438000 -65.602997 62.848000
c<A>r<81>R<PRO> -24.400999 -65.261002 66.523003
c<A>r<82>R<ASP> -21.809999 -62.728001 65.367996
c<A>r<83>R<CYS> -23.183001 -61.157001 62.185001
c<A>r<117>R<LEU> -7.685000 -53.978001 68.438004
c<A>r<120>R<LYS> -11.612000 -50.429001 66.237000
c<A>r<121>R<LEU> -10.257000 -48.396999 69.175003
c<A>r<122>R<CYS> -8.233000 -45.749001 67.316002
c<A>r<123>R<MET> -11.043000 -44.925999 64.875999
c<A>r<124>R<ALA> -13.735000 -45.077000 67.569000
c<A>r<125>R<ALA> -11.864000 -42.256001 69.316002
c<A>r<126>R<LEU> -11.562000 -39.942001 66.292999
c<A>r<127>R<LYS> -13.811000 -36.919998 66.726997
c<A>r<128>R<HIS> -15.015000 -34.217999 64.347000
c<A>r<171>R<PRO> -28.431999 -32.257999 69.723999
c<A>r<173>R<SER> -32.856998 -35.501999 68.865997
c<A>r<224>R<ALA> -16.427999 -27.370001 71.294998
c<A>r<227>R<GLY> -13.313000 -26.294001 75.836998
c<A>r<228>R<GLU> -14.695000 -25.223000 79.226997
c<A>r<229>R<LYS> -11.795000 -23.138000 80.528000
c<A>r<230>R<LYS> -11.220000 -21.080000 77.380997
c<A>r<231>R<SER> -14.978000 -20.784000 76.779999
c<A>r<232>R<ARG> -15.494000 -19.306999 80.244003
c<A>r<233>R<LEU> -12.732000 -16.775000 79.650002
c<A>r<252>R<LEU> -18.629999 -12.415000 85.977997
c<A>r<253>R<PRO> -21.627001 -14.375000 87.355003
c<A>r<255>R<ALA> -20.156000 -15.442000 82.214996
c<A>r<256>R<GLU> -20.007000 -18.299999 84.736000
c<A>r<257>R<ASP> -23.667000 -19.094999 84.227997
c<A>r<258>R<ILE> -23.652000 -19.340000 80.438004
c<A>r<259>R<THR> -20.464001 -21.416000 80.507004
c<A>r<260>R<ASN> -22.150999 -23.834000 82.905998
c<A>r<261>R<ILE> -25.211000 -23.927000 80.665001
c<A>r<263>R<SER> -20.980000 -27.414000 79.584000
c<A>r<264>R<LYS> -24.278999 -29.105000 80.338997
c<A>r<265>R<CYS> -26.396999 -28.730000 77.192001
c<A>r<266>R<CYS> -23.643000 -29.101999 74.600998
c<A>r<267>R<GLU> -22.832001 -32.466000 76.139000
c<A>r<268>R<SER> -26.413000 -33.598000 76.740997
c<A>r<269>R<ALA> -28.628000 -35.598999 74.358002
c<A>r<270>R<SER> -31.740999 -33.743000 75.540001
c<A>r<271>R<GLU> -33.327999 -31.782000 72.688004
c<A>r<272>R<ASP> -34.599998 -28.957001 74.897003
c<A>r<273>R<CYS> -31.797001 -28.552000 77.464996
c<A>r<274>R<MET> -30.930000 -25.169001 75.950996
c<A>r<276>R<LYS> -35.047001 -24.726000 79.337997
c<A>r<335>R<CYS> -1.558000 -19.044001 92.719002
c<A>r<336>R<ASP> -4.832000 -20.481001 94.056999
c<A>r<337>R<PRO> -6.151000 -22.950001 91.415001
c<A>r<338>R<GLY> -9.538000 -22.853001 93.134003
c<A>r<339>R<ASN> -9.413000 -19.069000 92.891998
c<A>r<340>R<THR> -9.236000 -17.179001 89.600998
c<A>r<341>R<LYS> -10.560000 -13.889000 91.014000
c<A>r<343>R<MET> -7.026000 -13.428000 86.830002
c<A>r<344>R<ASP> -10.700000 -12.779000 86.039001
c<B>r<34>R<ILE> -24.653000 -61.151001 83.768997
c<B>r<36>R<GLY> -23.302000 -65.433998 78.954002
c<B>r<37>R<ARG> -24.136000 -68.253998 76.570000
c<B>r<38>R<PRO> -21.950001 -69.262001 73.581001
c<B>r<39>R<ARG> -21.683001 -67.163002 70.429001
c<B>r<40>R<HIS> -20.920000 -69.018997 67.242996
c<B>r<41>R<GLN> -17.177999 -68.711998 67.986000
c<B>r<42>R<GLY> -17.818001 -70.128998 71.441002
c<B>r<43>R<VAL> -19.539000 -72.853996 69.371002
c<B>r<58>R<ALA> -18.827000 -64.272003 81.938004
c<B>r<59>R<GLN> -17.333000 -60.787998 82.018997
c<B>r<60>R<SER> -13.863000 -62.076000 81.114998
c<B>r<61>R<LYS> -15.208000 -64.540001 78.496002
c<B>r<62>R<ARG> -17.537001 -61.904999 77.073997
c<B>r<63>R<GLY> -16.334999 -61.737999 73.494003
c<B>r<64>R<ILE> -17.287001 -65.344002 72.831001
c<B>r<65>R<LEU> -20.561001 -65.154999 74.740997
c<B>r<66>R<THR> -23.868000 -63.391998 74.237000
c<B>r<67>R<LEU> -24.174999 -61.431000 77.488998
c<B>r<68>R<LYS> -27.495001 -60.653999 79.046997
c<B>r<69>R<TYR> -28.643000 -58.933998 82.253998
c<B>r<188>R<TYR> -23.059000 -40.136002 80.290001
c<B>r<189>R<LEU> -19.497999 -40.030998 81.596001
c<B>r<191>R<LYS> -20.259001 -39.355000 76.318001
c<B>r<192>R<ILE> -18.701000 -36.310001 78.021004
c<B>r<193>R<LEU> -15.197000 -37.862999 78.057999
c<B>r<194>R<THR> -15.626000 -38.539001 74.333000
c<B>r<195>R<GLU> -16.605000 -34.868999 73.886002
c<B>r<196>R<ARG> -13.341000 -33.889999 75.651001
c<B>r<197>R<GLY> -11.442000 -35.917000 73.028999
c<B>r<198>R<TYR> -10.975000 -39.348000 74.589996
c<B>r<199>R<SER> -11.932000 -42.640999 72.875999
c<B>r<200>R<PHE> -13.997000 -44.967999 75.021004
c<B>r<201>R<VAL> -15.798000 -47.323002 72.640999
c<B>r<202>R<THR> -14.852000 -50.959000 73.307999
c<B>r<203>R<THR> -16.407000 -53.098000 76.029999
c<B>r<205>R<GLU> -13.193000 -49.191002 77.572998
c<B>r<223>R<PHE> -23.025999 -26.719000 89.940002
c<B>r<224>R<GLU> -22.351999 -23.243999 88.570000
c<B>r<225>R<ASN> -19.836000 -22.326000 91.209000
c<B>r<226>R<GLU> -18.018999 -25.586000 90.642998
c<B>r<227>R<MET> -18.017000 -25.106001 86.884003
c<B>r<228>R<ALA> -16.462000 -21.681999 87.415001
c<B>r<229>R<THR> -13.731000 -23.143999 89.635002
c<B>r<230>R<ALA> -13.030000 -25.782000 87.008003
c<B>r<231>R<ALA> -12.884000 -23.214001 84.205002
c<B>r<232>R<SER> -10.357000 -20.937000 85.928001
c<B>r<233>R<SER> -8.186000 -23.327999 87.897003
c<B>r<234>R<SER> -6.649000 -26.834000 87.957001
c<B>r<235>R<SER> -7.757000 -27.414000 91.542000
c<B>r<236>R<LEU> -10.440000 -29.940001 90.644997
c<B>r<237>R<GLU> -8.432000 -31.898001 88.082001
c<B>r<251>R<GLY> -11.814000 -32.074001 85.436996
c<B>r<252>R<ASN> -15.408000 -30.886999 85.391998
c<B>r<253>R<GLU> -16.568001 -34.325001 84.169998
c<B>r<256>R<ARG> -20.983000 -33.118999 85.668999
c<B>r<257>R<CYS> -21.632000 -36.853001 85.614998
c<B>r<259>R<GLU> -25.172001 -33.803001 88.544998
c<B>r<260>R<THR> -27.604000 -35.719002 86.317001
c<B>r<263>R<GLN> -30.931999 -32.518002 86.855003
c<B>r<264>R<PRO> -31.933001 -35.418999 84.603996
c<B>r<265>R<SER> -32.249001 -33.068001 81.642998
c<B>r<266>R<PHE> -28.504000 -33.490002 81.135002
c<B>r<267>R<ILE> -29.339001 -36.862999 79.530998
c<B>r<268>R<GLY> -32.609001 -35.776001 77.912003
c<B>r<269>R<MET> -34.917999 -37.042000 80.642998
c<B>r<270>R<GLU> -37.741001 -34.730999 81.698997
