c<A>r<246>R<ALA> -20.358000 -2.354000 84.143997
c<A>r<247>R<ASP> -18.497999 -3.703000 87.184998
c<A>r<248>R<LEU> -16.809000 -7.104000 87.311996
c<A>r<249>R<GLU> -19.474001 -8.335000 89.728996
c<A>r<250>R<ASP> -22.136999 -7.485000 87.161003
c<A>r<251>R<VAL> -20.764999 -9.687000 84.391998
c<A>r<252>R<LEU> -18.629999 -12.415000 85.977997
c<A>r<253>R<PRO> -21.627001 -14.375000 87.355003
c<A>r<254>R<LEU> -23.285999 -14.132000 83.929001
c<A>r<255>R<ALA> -20.156000 -15.442000 82.214996
c<A>r<256>R<GLU> -20.007000 -18.299999 84.736000
c<A>r<257>R<ASP> -23.667000 -19.094999 84.227997
c<A>r<258>R<ILE> -23.652000 -19.340000 80.438004
c<A>r<259>R<THR> -20.464001 -21.416000 80.507004
c<A>r<260>R<ASN> -22.150999 -23.834000 82.905998
c<A>r<261>R<ILE> -25.211000 -23.927000 80.665001
c<A>r<262>R<LEU> -22.948999 -24.740999 77.708000
c<A>r<263>R<SER> -20.980000 -27.414000 79.584000
c<A>r<264>R<LYS> -24.278999 -29.105000 80.338997
c<A>r<265>R<CYS> -26.396999 -28.730000 77.192001
c<A>r<276>R<LYS> -35.047001 -24.726000 79.337997
c<A>r<277>R<GLU> -31.865000 -23.112000 80.662003
c<A>r<278>R<LEU> -31.964001 -19.778000 78.825996
c<A>r<279>R<PRO> -35.167000 -18.375000 80.401001
c<A>r<280>R<GLU> -33.557999 -18.129000 83.829002
c<A>r<281>R<HIS> -30.267000 -16.993999 82.328003
c<A>r<283>R<VAL> -33.693001 -13.041000 83.628998
c<A>r<284>R<LYS> -30.413000 -12.724000 85.528999
c<A>r<287>R<ASP> -31.872000 -7.906000 86.059998
c<A>r<288>R<ASN> -28.139999 -7.227000 86.099998
c<A>r<289>R<LEU> -27.719999 -5.282000 82.834000
c<A>r<291>R<THR> -30.065001 -0.455000 83.245003
c<A>r<292>R<LYS> -26.323999 -0.560000 82.502998
c<A>r<329>R<PRO> -1.058000 -9.731000 87.648003
c<A>r<330>R<THR> 2.513000 -10.627000 88.609001
c<A>r<331>R<ASN> 1.679000 -11.583000 92.202003
c<A>r<332>R<LYS> 1.572000 -14.851000 94.177002
c<A>r<333>R<ASP> -2.082000 -14.030000 94.870003
c<A>r<334>R<VAL> -2.728000 -15.653000 91.476997
c<A>r<335>R<CYS> -1.558000 -19.044001 92.719002
c<A>r<336>R<ASP> -4.832000 -20.481001 94.056999
c<A>r<337>R<PRO> -6.151000 -22.950001 91.415001
c<A>r<338>R<GLY> -9.538000 -22.853001 93.134003
c<A>r<339>R<ASN> -9.413000 -19.069000 92.891998
c<A>r<341>R<LYS> -10.560000 -13.889000 91.014000
c<A>r<345>R<LYS> -10.524000 -9.182000 87.199997
c<A>r<376>R<CYS> 4.172000 -19.813000 91.496002
c<A>r<377>R<ASP> 5.773000 -23.103001 92.530998
c<A>r<378>R<VAL> 9.454000 -22.158001 92.216003
c<A>r<379>R<GLU> 12.487000 -21.450001 94.402000
c<A>r<380>R<ASP> 11.837000 -17.698999 94.447998
c<A>r<381>R<SER> 8.460000 -16.430000 93.220001
c<A>r<382>R<THR> 8.837000 -12.662000 93.600998
c<A>r<383>R<THR> 12.120000 -12.997000 91.702003
c<A>r<384>R<CYS> 10.423000 -15.133000 89.056999
c<A>r<385>R<PHE> 7.486000 -12.730000 88.685997
c<A>r<386>R<ASN> 9.829000 -9.752000 88.391998
c<A>r<387>R<ALA> 11.918000 -11.703000 85.886002
c<A>r<389>R<GLY> 7.094000 -9.388000 84.236000
c<B>r<34>R<ILE> -20.058001 -12.399000 98.142998
c<B>r<35>R<VAL> -23.068001 -12.785000 95.877998
c<B>r<36>R<GLY> -23.724001 -15.995000 94.023003
c<B>r<37>R<ARG> -26.042000 -16.487000 91.070000
c<B>r<38>R<PRO> -26.863001 -19.902000 89.525002
c<B>r<39>R<ARG> -24.375000 -21.865000 87.434998
c<B>r<40>R<HIS> -25.825001 -24.160000 84.824997
c<B>r<41>R<GLN> -26.093000 -26.934999 87.447998
c<B>r<42>R<GLY> -27.910999 -24.514000 89.724998
c<B>r<43>R<VAL> -30.070999 -24.090000 86.589996
c<B>r<51>R<ASP> -32.008999 -16.391001 91.757004
c<B>r<52>R<SER> -29.301001 -15.030000 94.106003
c<B>r<64>R<ILE> -23.483000 -24.349001 92.064003
c<B>r<65>R<LEU> -23.172001 -20.566999 91.989998
c<B>r<66>R<THR> -20.961000 -18.087000 90.184998
c<B>r<67>R<LEU> -19.474001 -16.145000 93.107002
c<B>r<68>R<LYS> -18.528999 -12.528000 92.825996
c<B>r<69>R<TYR> -17.169001 -9.893000 95.226997
c<B>r<70>R<PRO> -18.999001 -6.582000 94.559998
c<B>r<71>R<ILE> -16.407000 -4.508000 96.403000
c<B>r<72>R<GLU> -12.874000 -4.518000 95.037003
c<B>r<76>R<ILE> -18.094999 -0.754000 95.175003
c<B>r<77>R<THR> -17.813999 -1.844000 91.542000
c<B>r<78>R<ASN> -20.732000 -4.292000 90.931999
c<B>r<79>R<TRP> -23.850000 -2.375000 91.809998
c<B>r<80>R<ASP> -26.410999 -5.057000 90.953003
c<B>r<81>R<ASP> -24.719000 -7.553000 93.297997
c<B>r<82>R<MET> -24.200001 -4.801000 95.903999
c<B>r<180>R<LEU> -1.869000 -5.342000 99.596001
c<B>r<183>R<ARG> -6.497000 -11.815000 100.650002
c<B>r<184>R<ASP> -2.953000 -11.433000 99.333000
c<B>r<185>R<LEU> -1.635000 -12.731000 102.654999
c<B>r<186>R<THR> -3.956000 -15.736000 102.490997
c<B>r<187>R<ASP> -2.754000 -16.466999 98.987000
c<B>r<188>R<TYR> 0.882000 -16.163000 100.051003
c<B>r<189>R<LEU> 0.355000 -18.480000 103.010002
c<B>r<190>R<MET> -1.186000 -20.986000 100.595001
c<B>r<191>R<LYS> 1.883000 -20.670000 98.345001
c<B>r<192>R<ILE> 4.432000 -21.159000 101.150002
c<B>r<194>R<THR> 2.404000 -25.666000 99.252998
c<B>r<195>R<GLU> 6.192000 -25.176001 99.067001
c<B>r<200>R<PHE> -4.208000 -26.506001 99.456001
c<B>r<201>R<VAL> -5.950000 -26.190001 96.091003
c<B>r<202>R<THR> -9.732000 -26.537001 96.449997
c<B>r<203>R<THR> -12.038000 -23.712999 97.504997
c<B>r<204>R<ALA> -12.596000 -25.518000 100.827003
c<B>r<205>R<GLU> -8.825000 -25.711000 101.199997
c<B>r<206>R<ARG> -8.366000 -21.954000 100.565002
c<B>r<264>R<PRO> 5.974000 -6.485000 99.926003
c<B>r<265>R<SER> 8.754000 -7.860000 97.739998
c<B>r<266>R<PHE> 7.952000 -11.286000 99.183998
c<B>r<267>R<ILE> 4.979000 -11.345000 96.775002
c<B>r<268>R<GLY> 6.686000 -9.473000 93.932999
c<B>r<269>R<MET> 5.328000 -6.031000 94.767998
c<B>r<270>R<GLU> 7.790000 -3.142000 94.619003
