c<A>r<132>R<GLU> -17.774000 -22.622999 61.631001
c<A>r<133>R<PHE> -18.951000 -21.646999 58.154999
c<A>r<134>R<PRO> -22.472000 -22.921000 57.520000
c<A>r<135>R<THR> -23.611000 -22.612000 53.901001
c<A>r<136>R<TYR> -27.205999 -23.726000 54.320999
c<A>r<137>R<VAL> -29.695999 -21.274000 52.792999
c<A>r<138>R<GLU> -33.382000 -22.103001 52.542000
c<A>r<139>R<PRO> -34.546001 -21.907000 48.894001
c<A>r<141>R<ASN> -41.062000 -21.639000 48.087002
c<A>r<196>R<THR> -47.689999 -18.938000 49.941002
c<A>r<197>R<VAL> -50.192001 -18.650000 52.792999
c<A>r<198>R<CYS> -49.486000 -22.188000 54.016998
c<A>r<199>R<PHE> -45.709000 -21.593000 54.154999
c<A>r<200>R<LEU> -46.042999 -18.229000 55.883999
c<A>r<201>R<LYS> -48.191002 -19.789000 58.596001
c<A>r<202>R<GLU> -46.101002 -22.948000 59.029999
c<A>r<203>R<ARG> -42.728001 -21.198000 59.132000
c<A>r<204>R<LEU> -44.049999 -19.062000 62.007000
c<A>r<206>R<LEU> -41.560001 -23.683001 63.362999
c<A>r<207>R<LYS> -39.682999 -20.421000 63.987000
c<A>r<208>R<HIS> -38.976002 -21.301001 67.625999
c<A>r<209>R<LEU> -37.576000 -24.716999 66.747002
c<A>r<210>R<SER> -35.591999 -23.288000 63.821999
c<A>r<211>R<LEU> -33.808998 -20.729000 65.984001
c<A>r<212>R<LEU> -33.166000 -23.219999 68.791000
c<A>r<214>R<THR> -29.103001 -22.820999 64.833000
c<A>r<215>R<LEU> -28.580999 -21.082001 68.161003
c<A>r<217>R<ASN> -25.287001 -25.379999 67.055000
c<A>r<218>R<ARG> -23.468000 -22.040001 67.046997
c<A>r<219>R<VAL> -22.862000 -21.611000 70.760002
c<A>r<221>R<SER> -19.559000 -25.132000 68.085999
c<A>r<294>R<SER> -28.832001 1.110000 75.932999
c<A>r<295>R<LYS> -28.024000 -2.006000 73.931000
c<A>r<296>R<PHE> -28.805000 -4.312000 76.829002
c<A>r<297>R<GLU> -32.007999 -2.460000 77.587997
c<A>r<298>R<ASP> -33.084999 -2.967000 73.973000
c<A>r<299>R<CYS> -32.148998 -6.656000 73.999001
c<A>r<300>R<CYS> -34.098000 -7.119000 77.203003
c<A>r<301>R<GLN> -37.202000 -5.765000 75.480003
c<A>r<302>R<GLU> -37.278999 -8.861000 73.249001
c<A>r<303>R<LYS> -40.388000 -11.031000 73.516998
c<A>r<304>R<THR> -38.875999 -14.461000 74.213997
c<A>r<306>R<MET> -34.172001 -17.011000 73.114998
c<A>r<307>R<ASP> -34.701000 -13.687000 71.376999
c<A>r<308>R<VAL> -33.109001 -11.906000 74.335999
c<A>r<310>R<VAL> -29.729000 -14.098000 70.474998
c<A>r<311>R<CYS> -29.778999 -10.288000 70.642998
c<A>r<312>R<THR> -27.188999 -10.415000 73.419998
c<A>r<313>R<TYR> -25.136999 -12.759000 71.221001
c<A>r<314>R<PHE> -25.021000 -10.630000 68.054001
c<A>r<315>R<MET> -24.308001 -7.482000 70.079002
c<A>r<316>R<PRO> -21.032000 -6.021000 68.752998
c<A>r<317>R<ALA> -18.125000 -4.950000 70.960999
c<A>r<318>R<ALA> -19.097000 -1.479000 72.165001
c<A>r<411>R<SER> -14.669000 -1.484000 62.681000
c<A>r<412>R<GLU> -15.198000 2.224000 62.049000
c<A>r<413>R<ASN> -15.944000 2.126000 58.305000
c<A>r<414>R<THR> -17.993999 0.424000 55.610001
c<A>r<415>R<PHE> -16.212999 -2.456000 53.875000
c<A>r<416>R<THR> -15.677000 -0.397000 50.710999
c<A>r<417>R<GLU> -14.375000 2.578000 52.706001
c<A>r<418>R<TYR> -12.279000 0.241000 54.842999
c<A>r<419>R<LYS> -10.656000 -1.150000 51.706001
c<A>r<446>R<SER> -9.530000 -7.187000 53.930000
c<A>r<447>R<ASP> -10.502000 -10.845000 53.584000
c<A>r<448>R<PHE> -8.711000 -11.634000 56.866001
c<A>r<449>R<ALA> -10.396000 -8.692000 58.576000
c<A>r<450>R<SER> -13.858000 -9.754000 57.401001
c<A>r<451>R<ASN> -13.357000 -13.069000 59.220001
c<A>r<454>R<SER> -15.329000 -8.979000 65.039001
c<A>r<455>R<ILE> -16.709000 -10.225000 68.352997
c<A>r<456>R<ASN> -18.080999 -13.491000 66.953003
c<A>r<457>R<SER> -15.207000 -14.366000 64.617996
c<A>r<458>R<PRO> -14.712000 -18.174000 64.267998
c<B>r<110>R<LEU> -36.118000 2.679000 68.212997
c<B>r<143>R<TYR> -43.435001 -10.762000 57.953999
c<B>r<144>R<ALA> -45.112999 -9.646000 54.734001
c<B>r<145>R<SER> -42.363998 -11.482000 52.837002
c<B>r<146>R<GLY> -43.084000 -14.725000 54.813000
c<B>r<147>R<ARG> -39.948002 -14.553000 56.941002
c<B>r<148>R<THR> -39.077999 -14.323000 60.613998
c<B>r<149>R<THR> -35.264999 -13.947000 60.125000
c<B>r<164>R<PRO> -31.792999 -7.125000 61.479000
c<B>r<165>R<ILE> -34.455002 -9.504000 62.799000
c<B>r<166>R<TYR> -34.032001 -12.979000 64.336998
c<B>r<167>R<GLU> -36.830002 -15.426000 64.960999
c<B>r<168>R<GLY> -39.474998 -12.742000 64.723000
c<B>r<169>R<TYR> -37.890999 -9.832000 66.601997
c<B>r<170>R<ALA> -35.557999 -6.979000 65.797997
c<B>r<171>R<LEU> -32.033001 -6.848000 67.275002
c<B>r<172>R<PRO> -31.898001 -3.308000 68.605003
c<B>r<173>R<HIS> -28.146999 -2.973000 69.099998
c<B>r<174>R<ALA> -27.632000 -3.547000 65.346001
c<B>r<272>R<ALA> -22.253000 5.724000 54.683998
c<B>r<273>R<GLY> -24.479000 4.638000 51.817001
c<B>r<275>R<HIS> -25.042000 -0.861000 51.076000
c<B>r<276>R<GLU> -22.497000 0.067000 53.752998
c<B>r<277>R<THR> -25.094000 0.554000 56.473000
c<B>r<278>R<THR> -26.570000 -2.856000 55.563999
c<B>r<279>R<TYR> -23.139999 -4.466000 55.881001
c<B>r<280>R<ASN> -22.370001 -2.614000 59.089001
c<B>r<281>R<SER> -25.687000 -3.754000 60.603001
c<B>r<282>R<ILE> -25.038000 -7.407000 59.729000
c<B>r<283>R<MET> -21.556000 -7.086000 61.249001
c<B>r<284>R<LYS> -23.023001 -5.956000 64.586998
c<B>r<285>R<CYS> -24.919001 -9.243000 64.824997
c<B>r<286>R<ASP> -23.636999 -12.518000 66.184998
c<B>r<287>R<ILE> -21.500999 -14.191000 63.483002
c<B>r<288>R<ASP> -23.732000 -17.254000 63.627998
c<B>r<289>R<ILE> -26.802000 -15.429000 62.265999
c<B>r<290>R<ARG> -25.004999 -13.432000 59.563000
c<B>r<291>R<LYS> -25.382000 -16.110001 56.893002
c<B>r<292>R<ASP> -29.138000 -15.975000 57.266998
c<B>r<294>R<TYR> -27.113001 -12.041000 54.029999
c<B>r<295>R<ALA> -29.496000 -14.496000 52.317001
c<B>r<296>R<ASN> -32.570999 -12.553000 53.396999
c<B>r<316>R<GLU> -22.431000 -3.737000 46.405998
c<B>r<317>R<ILE> -23.066000 -6.217000 49.223000
c<B>r<319>R<ALA> -18.177999 -6.555000 47.174999
c<B>r<320>R<LEU> -18.261000 -6.052000 50.955002
c<B>r<321>R<ALA> -19.132000 -9.631000 52.092999
c<B>r<322>R<PRO> -16.948000 -12.743000 52.226002
c<B>r<323>R<SER> -16.355000 -14.275000 48.799000
c<B>r<324>R<THR> -18.285000 -17.479000 49.591000
c<B>r<325>R<MET> -21.322001 -15.789000 51.141998
c<B>r<326>R<LYS> -24.740000 -16.316000 49.501999
c<B>r<327>R<ILE> -26.316999 -12.897000 49.118000
c<B>r<328>R<LYS> -30.000999 -12.528000 48.342999
c<B>r<345>R<ILE> -51.542000 -10.344000 57.904999
c<B>r<349>R<LEU> -53.921001 -14.324000 62.731998
c<B>r<371>R<HIS> -44.757000 -2.404000 76.251999
