c<A>r<4>R<SER> -0.449000 5.652000 20.837999
c<A>r<5>R<ALA> 2.611000 7.494000 22.127001
c<A>r<7>R<VAL> 3.670000 3.416000 18.649000
c<A>r<8>R<LYS> 4.626000 6.857000 17.489000
c<A>r<9>R<GLU> 8.037000 6.673000 19.110001
c<A>r<10>R<THR> 8.571000 3.123000 17.841000
c<A>r<11>R<LEU> 7.878000 4.177000 14.247000
c<A>r<12>R<ALA> 10.332000 7.005000 14.537000
c<A>r<28>R<ARG> 15.425000 -13.773000 5.802000
c<A>r<29>R<ILE> 12.576000 -13.217000 8.151000
c<A>r<30>R<PRO> 9.063000 -14.820000 7.930000
c<A>r<31>R<VAL> 6.563000 -12.286000 6.562000
c<A>r<33>R<VAL> 1.129000 -13.598000 3.146000
c<A>r<34>R<HIS> -1.963000 -11.627000 3.941000
c<A>r<35>R<LYS> -2.574000 -8.151000 5.640000
c<A>r<36>R<ASN> -4.863000 -9.434000 8.380000
c<A>r<83>R<GLY> 1.003000 -18.384001 6.345000
c<A>r<84>R<GLU> 4.421000 -17.174000 5.966000
c<A>r<85>R<GLU> 7.122000 -16.631001 3.475000
c<A>r<86>R<ARG> 10.752000 -15.954000 4.456000
c<A>r<87>R<ARG> 11.690000 -12.650000 2.901000
c<A>r<88>R<ARG> 14.403000 -9.957000 2.969000
c<A>r<94>R<ASP> 7.693000 -2.691000 5.725000
c<A>r<97>R<GLN> 5.676000 -0.540000 9.879000
c<A>r<98>R<GLU> 2.234000 -1.192000 8.473000
c<A>r<99>R<PHE> 1.361000 -3.416000 11.445000
c<A>r<100>R<LEU> 2.174000 -0.622000 13.888000
c<A>r<101>R<GLY> -0.013000 1.727000 11.895000
c<A>r<102>R<VAL> -2.900000 -0.669000 12.071000
c<A>r<103>R<MET> -2.425000 -0.851000 15.780000
c<A>r<104>R<ASN> -2.829000 2.890000 16.094000
c<A>r<105>R<THR> -5.949000 2.956000 13.966000
c<A>r<106>R<GLU> -8.016000 0.025000 15.292000
c<C>r<40>R<GLN> 13.118000 -20.622999 -3.125000
c<C>r<41>R<VAL> 11.021000 -18.514000 -5.485000
c<C>r<49>R<ASP> 11.803000 -10.440000 -5.961000
c<C>r<50>R<ASP> 13.036000 -13.539000 -4.150000
c<C>r<51>R<TYR> 11.737000 -15.359000 -1.158000
c<C>r<52>R<GLU> 11.531000 -18.796000 0.443000
c<C>r<53>R<THR> 8.436000 -20.840000 1.104000
c<C>r<54>R<ARG> 7.568000 -24.211000 2.687000
c<C>r<55>R<ILE> 4.633000 -24.975000 0.617000
c<C>r<58>R<SER> 2.629000 -18.903999 -3.910000
c<C>r<59>R<LYS> 0.181000 -16.091000 -4.715000
c<C>r<60>R<CYS> 1.700000 -12.942000 -6.376000
c<C>r<180>R<LYS> -8.878000 2.047000 5.838000
c<C>r<181>R<GLY> -7.720000 -0.774000 3.575000
c<C>r<182>R<ARG> -4.092000 -1.754000 3.111000
c<C>r<183>R<ASP> -4.437000 -3.902000 0.107000
c<C>r<238>R<ALA> -13.109000 6.385000 8.531000
c<C>r<239>R<PHE> -9.818000 7.174000 10.357000
c<C>r<240>R<PRO> -10.140000 8.215000 14.006000
c<C>r<241>R<ILE> -9.457000 11.696000 15.331000
c<C>r<242>R<HIS> -5.909000 11.047000 16.499001
c<C>r<243>R<CYS> -4.812000 9.892000 13.001000
c<C>r<287>R<SER> -0.639000 10.828000 9.989000
c<C>r<288>R<SER> 2.369000 8.561000 9.222000
c<C>r<289>R<MET> 1.741000 6.961000 12.570000
c<C>r<290>R<CYS> -1.541000 5.417000 11.250000
c<C>r<291>R<ARG> -0.720000 4.893000 7.508000
c<C>r<292>R<GLU> 2.114000 5.541000 5.058000
