c<B>r<23>R<GLY> 0.944000 13.219000 2.000000
c<B>r<24>R<GLY> -2.724000 14.199000 1.233000
c<B>r<25>R<ILE> -4.280000 12.003000 3.901000
c<B>r<112>R<ALA> -1.365000 7.200000 5.053000
c<B>r<113>R<LEU> 0.898000 5.382000 2.554000
c<B>r<114>R<ASP> 0.659000 5.115000 -1.292000
c<B>r<115>R<ASN> 2.583000 1.824000 -1.812000
c<B>r<116>R<ARG> 1.935000 -1.797000 -0.933000
c<B>r<119>R<ARG> 1.904000 -1.006000 4.018000
c<B>r<135>R<GLU> -5.470000 1.300000 7.345000
c<B>r<136>R<SER> -6.754000 3.766000 4.694000
c<B>r<137>R<GLY> -6.525000 4.511000 1.022000
c<B>r<138>R<THR> -7.933000 6.859000 -1.586000
c<B>r<139>R<ALA> -8.214000 7.024000 -5.311000
c<B>r<140>R<GLY> -10.127000 10.038000 -6.821000
c<B>r<142>R<LEU> -13.155000 6.492000 -3.682000
c<B>r<143>R<GLY> -11.660000 5.675000 -0.296000
c<B>r<144>R<GLN> -11.810000 3.298000 2.663000
c<B>r<145>R<VAL> -10.831000 3.052000 6.301000
c<B>r<158>R<CYS> -5.287000 -11.779000 4.892000
c<B>r<159>R<HIS> -6.599000 -11.517000 1.360000
c<B>r<160>R<PRO> -4.738000 -11.279000 -1.873000
c<B>r<161>R<LYS> -4.350000 -7.847000 -3.379000
c<B>r<162>R<PRO> -5.104000 -7.412000 -7.013000
c<B>r<163>R<THR> -2.457000 -6.153000 -9.288000
c<B>r<164>R<GLN> -2.801000 -2.439000 -9.542000
c<B>r<165>R<ARG> -4.479000 -1.330000 -12.736000
c<B>r<166>R<THR> -4.997000 2.072000 -11.761000
c<B>r<167>R<PHE> -2.452000 4.312000 -10.184000
c<B>r<168>R<PRO> -3.382000 6.845000 -7.610000
c<B>r<169>R<GLY> -1.645000 10.137000 -8.289000
c<B>r<170>R<CYS> -0.422000 11.348000 -5.000000
c<B>r<171>R<THR> 2.481000 13.440000 -4.726000
c<B>r<313>R<ILE> -6.220000 8.688000 -10.980000
c<B>r<314>R<PRO> -5.695000 12.282000 -9.649000
c<B>r<315>R<ALA> -5.864000 12.817000 -6.002000
c<B>r<320>R<ASN> -8.420000 12.818000 1.648000
c<B>r<344>R<THR> -14.581000 -0.971000 7.559000
c<B>r<345>R<ILE> -15.971000 2.091000 5.891000
c<B>r<346>R<PHE> -16.062000 2.510000 2.134000
c<B>r<347>R<LEU> -16.458000 5.936000 0.468000
c<B>r<348>R<ASN> -18.466000 5.934000 -2.806000
c<B>r<349>R<LYS> -18.472000 8.435000 -5.601000
c<B>r<350>R<GLN> -22.319000 8.286000 -5.608000
c<B>r<351>R<PRO> -24.898001 6.920000 -3.126000
c<B>r<352>R<ASN> -25.545000 3.268000 -3.488000
c<B>r<353>R<PRO> -29.181000 1.807000 -4.093000
c<B>r<354>R<ARG> -29.639000 2.146000 -0.288000
c<B>r<359>R<VAL> -20.823000 2.176000 3.583000
c<B>r<360>R<PRO> -19.877001 0.676000 7.032000
c<B>r<361>R<CYS> -19.052999 -3.023000 7.138000
c<B>r<362>R<ALA> -18.433001 -5.306000 10.030000
c<B>r<363>R<LEU> -14.825000 -6.164000 10.692000
c<B>r<364>R<ASP> -13.875000 -9.686000 9.718000
c<D>r<8>R<ILE> -22.983999 -3.772000 -8.761000
c<D>r<9>R<GLY> -19.403999 -2.344000 -8.717000
c<D>r<10>R<GLN> -18.257000 1.132000 -7.563000
c<D>r<11>R<ASP> -18.226999 2.302000 -11.139000
c<D>r<12>R<SER> -21.997999 1.509000 -11.317000
c<D>r<37>R<GLY> -9.751000 -10.186000 -14.492000
c<D>r<38>R<VAL> -8.950000 -10.048000 -10.765000
c<D>r<39>R<PRO> -7.964000 -12.737000 -8.287000
c<D>r<40>R<MET> -10.564000 -14.523000 -6.390000
c<D>r<41>R<ASN> -10.563000 -13.007000 -3.028000
c<D>r<42>R<SER> -9.265000 -9.686000 -4.018000
c<D>r<43>R<LEU> -12.771000 -8.113000 -4.016000
c<D>r<44>R<ARG> -15.144000 -7.663000 -1.174000
c<D>r<46>R<LEU> -21.348000 -7.215000 0.441000
c<D>r<47>R<PHE> -25.076000 -7.935000 0.890000
c<D>r<48>R<GLU> -26.778000 -5.290000 3.100000
c<D>r<49>R<GLY> -23.393000 -4.345000 4.669000
c<D>r<50>R<GLN> -22.414000 -7.945000 5.323000
c<D>r<51>R<ARG> -19.546000 -9.690000 3.663000
c<D>r<68>R<VAL> -28.261999 -6.314000 -5.080000
c<D>r<70>R<GLU> -22.240000 -4.654000 -3.919000
c<D>r<72>R<TYR> -15.750000 -3.138000 -3.314000
c<D>r<73>R<GLN> -12.084000 -2.904000 -4.154000
c<D>r<74>R<GLU> -9.400000 -1.521000 -1.753000
c<D>r<75>R<GLN> -7.777000 1.846000 -2.645000
c<D>r<76>R<CYS> -3.929000 2.089000 -2.326000
c<D>r<77>R<GLY> -3.286000 5.891000 -2.744000
