c<A>r<18>R<TYR> 17.872000 -4.503000 2.925000
c<A>r<21>R<VAL> 15.889000 -8.856000 4.911000
c<A>r<22>R<SER> 15.703000 -9.784000 1.262000
c<A>r<24>R<TYR> 14.985000 -13.677000 4.893000
c<A>r<25>R<LEU> 12.028000 -13.078000 2.638000
c<A>r<26>R<GLU> 13.480000 -15.298000 -0.055000
c<A>r<28>R<THR> 10.481000 -17.889999 3.673000
c<A>r<29>R<ALA> 9.057000 -17.853001 0.282000
c<A>r<32>R<GLY> 6.253000 -21.353001 2.316000
c<A>r<33>R<ASP> 6.380000 -19.760000 5.622000
c<A>r<34>R<GLU> 4.239000 -16.799000 4.895000
c<A>r<35>R<SER> 4.076000 -15.803000 8.498000
c<A>r<36>R<LEU> 7.868000 -15.455000 8.889000
c<A>r<44>R<HIS> 11.641000 -9.726000 12.878000
c<A>r<47>R<THR> 12.470000 -6.843000 8.934000
c<A>r<48>R<ALA> 9.878000 -4.468000 10.474000
c<A>r<49>R<PHE> 12.368000 -1.625000 10.313000
c<A>r<50>R<CYS> 13.134000 -2.272000 6.702000
c<A>r<51>R<TYR> 9.393000 -2.227000 5.948000
c<A>r<52>R<LEU> 9.124000 1.059000 7.885000
c<A>r<53>R<ASP> 12.072000 2.555000 6.189000
c<A>r<54>R<SER> 11.129000 1.485000 2.654000
c<A>r<55>R<GLN> 7.612000 2.866000 2.983000
c<A>r<66>R<ALA> -1.979000 2.604000 3.201000
c<A>r<67>R<SER> 0.192000 -0.322000 2.293000
c<A>r<68>R<GLY> -1.158000 -2.204000 5.294000
c<A>r<69>R<TYR> 1.985000 -2.110000 7.455000
c<A>r<72>R<TYR> 2.760000 -4.566000 11.898000
c<A>r<104>R<HIS> -6.372000 8.078000 11.148000
c<A>r<106>R<LYS> -8.342000 2.930000 9.686000
c<A>r<107>R<THR> -9.440000 5.759000 7.435000
c<A>r<108>R<ILE> -6.231000 5.769000 5.446000
c<A>r<109>R<GLU> -6.432000 1.981000 4.939000
c<A>r<110>R<THR> -10.005000 2.223000 3.933000
c<A>r<111>R<LEU> -9.282000 5.003000 1.430000
c<A>r<112>R<ALA> -6.304000 3.215000 0.148000
c<A>r<113>R<ASP> -8.340000 0.037000 -0.192000
c<A>r<114>R<GLY> -10.739000 2.152000 -2.077000
c<A>r<115>R<GLY> -8.103000 3.175000 -4.524000
c<A>r<116>R<ALA> -6.986000 6.492000 -3.276000
c<A>r<117>R<ASP> -3.486000 7.240000 -4.577000
c<A>r<120>R<SER> -4.136000 12.254000 -2.492000
c<A>r<121>R<LEU> -4.021000 10.454000 0.794000
c<A>r<124>R<GLN> -5.782000 14.511000 3.315000
c<B>r<20>R<TYR> -11.202000 9.148000 -10.175000
c<B>r<23>R<VAL> -14.358000 8.186000 -6.225000
c<B>r<24>R<SER> -12.209000 10.767000 -4.538000
c<B>r<26>R<TYR> -16.790001 9.430000 -2.174000
c<B>r<27>R<LEU> -13.720000 8.713000 -0.167000
c<B>r<28>R<GLU> -13.569000 12.244000 1.184000
c<B>r<30>R<THR> -16.606001 8.803000 4.086000
c<B>r<31>R<ALA> -13.559000 10.045000 5.790000
c<B>r<32>R<GLN> -15.491000 13.029000 7.062000
c<B>r<34>R<GLY> -15.995000 8.149000 9.572000
c<B>r<35>R<ASP> -17.570999 5.535000 7.538000
c<B>r<36>R<GLU> -14.574000 3.409000 7.021000
c<B>r<37>R<SER> -16.625000 0.669000 5.542000
c<B>r<38>R<LEU> -18.087000 2.829000 2.761000
c<B>r<46>R<HIS> -19.134001 0.544000 -4.858000
c<B>r<48>R<LEU> -17.059000 2.366000 -9.532000
c<B>r<49>R<THR> -14.898000 2.569000 -6.488000
c<B>r<50>R<ALA> -13.691000 -1.063000 -6.885000
c<B>r<51>R<PHE> -12.858000 -0.355000 -10.523000
c<B>r<52>R<CYS> -10.872000 2.727000 -9.679000
c<B>r<53>R<TYR> -8.935000 0.673000 -7.104000
c<B>r<54>R<LEU> -8.348000 -2.022000 -9.730000
c<B>r<55>R<ASP> -7.331000 0.492000 -12.342000
c<B>r<56>R<SER> -5.010000 2.521000 -10.103000
c<B>r<57>R<GLN> -3.172000 -0.556000 -8.824000
c<B>r<66>R<LEU> -3.243000 -4.980000 -6.385000
c<B>r<68>R<ALA> -0.004000 -6.993000 -2.295000
c<B>r<69>R<SER> -1.831000 -3.839000 -1.389000
c<B>r<70>R<GLY> -4.622000 -5.933000 0.102000
c<B>r<71>R<TYR> -7.290000 -5.241000 -2.568000
c<B>r<72>R<GLY> -7.381000 -8.819000 -3.715000
c<B>r<74>R<TYR> -12.251000 -6.615000 -2.431000
c<B>r<75>R<ILE> -11.798000 -6.917000 -6.156000
c<B>r<108>R<LYS> -2.238000 -15.570000 0.043000
c<B>r<109>R<THR> 1.443000 -15.971000 -0.695000
c<B>r<110>R<ILE> 1.733000 -12.550000 -2.356000
c<B>r<111>R<GLU> -0.017000 -10.841000 0.638000
c<B>r<112>R<THR> 2.194000 -12.669000 3.085000
c<B>r<113>R<LEU> 5.393000 -11.648000 1.281000
c<B>r<114>R<ALA> 4.131000 -8.128000 0.915000
c<B>r<115>R<ASP> 3.302000 -8.012000 4.613000
c<B>r<116>R<GLY> 6.825000 -9.171000 5.215000
c<B>r<117>R<GLY> 8.231000 -6.199000 3.353000
c<B>r<118>R<ALA> 8.899000 -7.582000 -0.094000
c<B>r<119>R<ASP> 8.935000 -4.738000 -2.682000
c<B>r<122>R<SER> 10.615000 -8.444000 -6.453000
c<B>r<126>R<GLN> 8.355000 -14.229000 -8.367000
