1766156144364 54.0 1869
1766156144379 54.0 1869
1766156160008 55.0 1903
1766156160022 55.0 1903
1766156175667 56.0 1937
1766156175680 56.0 1937
1766156191801 57.0 1971
1766156191809 57.0 1971
1766156208062 58.0 2005
1766156208070 58.0 2005
1766156223920 59.0 2039
1766156223922 59.0 2039
1766156239850 60.0 2073
1766156239852 60.0 2073
1766156255366 61.0 2107
1766156255368 61.0 2107
1766156271127 62.0 2141
1766156271129 62.0 2141
1766156286873 63.0 2175
1766156286876 63.0 2175
1766156303427 64.0 2209
1766156303429 64.0 2209
1766156320592 65.0 2243
1766156320594 65.0 2243
1766156337162 66.0 2277
1766156337169 66.0 2277
1766156352838 67.0 2311
1766156352840 67.0 2311
1766156367955 68.0 2345
1766156367963 68.0 2345
1766156382807 69.0 2379
1766156382814 69.0 2379
1766156398023 70.0 2413
1766156398025 70.0 2413
1766156413751 71.0 2447
1766156413753 71.0 2447
1766156428957 72.0 2481
1766156428959 72.0 2481
1766156443969 73.0 2515
1766156443971 73.0 2515
1766156459736 74.0 2549
1766156459738 74.0 2549
1766156475491 75.0 2583
1766156475493 75.0 2583
1766156490894 76.0 2617
1766156490896 76.0 2617
1766156506014 77.0 2651
1766156506016 77.0 2651
1766156509023 78.0 2652
