c<C>r<5>R<VAL> -17.058001 -5.971000 -3.687000
c<C>r<7>R<ARG> -19.004999 -1.204000 -6.899000
c<C>r<8>R<ARG> -20.777000 1.638000 -8.753000
c<C>r<32>R<GLU> -21.563000 -4.624000 4.556000
c<C>r<34>R<PHE> -21.481001 1.718000 2.260000
c<C>r<35>R<SER> -23.591999 4.634000 1.027000
c<C>r<37>R<ASP> -19.552000 9.951000 -0.480000
c<C>r<39>R<SER> -17.643000 14.832000 -1.513000
c<C>r<40>R<LEU> -17.058001 12.904000 -4.805000
c<C>r<42>R<PRO> -20.773001 13.629000 -9.549000
c<C>r<43>R<HIS> -19.042000 10.195000 -8.957000
c<C>r<45>R<TYR> -21.363001 5.594000 -5.859000
c<C>r<47>R<ARG> -20.808001 -0.181000 -2.671000
c<C>r<49>R<TYR> -18.915001 -6.189000 0.386000
c<C>r<85>R<ALA> -12.178000 -7.054000 -2.670000
c<C>r<86>R<PRO> -8.536000 -5.724000 -2.606000
c<C>r<87>R<PHE> -8.542000 -6.411000 1.181000
c<C>r<88>R<GLN> -9.717000 -9.959000 2.009000
c<C>r<89>R<LYS> -10.226000 -9.613000 5.804000
c<C>r<90>R<ALA> -13.839000 -9.819000 7.042000
c<C>r<91>R<ALA> -14.992000 -9.193000 10.633000
c<D>r<40>R<ASP> -20.171000 5.235000 9.869000
c<D>r<44>R<CYS> -16.065001 8.215000 6.689000
c<D>r<48>R<ASN> -11.513000 11.378000 4.201000
c<D>r<71>R<GLN> -13.494000 -2.132000 17.327999
c<D>r<72>R<GLU> -11.949000 -4.489000 14.740000
c<D>r<73>R<ASP> -14.721000 -3.873000 12.115000
c<D>r<74>R<VAL> -13.877000 -0.109000 11.952000
c<D>r<75>R<GLY> -10.299000 -0.935000 10.839000
c<D>r<76>R<ILE> -11.537000 -3.302000 8.096000
c<D>r<77>R<HIS> -14.054000 -0.707000 6.803000
c<D>r<79>R<VAL> -8.954000 -0.127000 4.780000
c<D>r<80>R<ASP> -11.696000 -1.210000 2.307000
c<D>r<81>R<GLY> -12.765000 2.447000 1.843000
c<D>r<83>R<LEU> -8.555000 1.041000 -1.333000
c<D>r<84>R<GLU> -11.879000 1.971000 -3.009000
c<D>r<85>R<ASP> -10.968000 5.714000 -3.014000
c<D>r<87>R<ARG> -9.371000 2.785000 -7.422000
c<D>r<88>R<LEU> -12.179000 5.335000 -7.975000
c<D>r<89>R<GLY> -9.448000 8.044000 -8.032000
c<D>r<91>R<GLU> -11.418000 5.977000 -12.771000
c<D>r<92>R<VAL> -12.362000 9.681000 -12.177000
c<D>r<97>R<PHE> -8.511000 15.559000 -6.589000
c<D>r<117>R<VAL> -2.569000 -4.366000 6.110000
c<D>r<118>R<GLU> -0.105000 -6.974000 4.811000
c<D>r<120>R<ALA> 0.170000 -8.248000 -0.437000
c<D>r<121>R<VAL> -2.269000 -5.243000 -0.315000
c<D>r<122>R<ILE> 0.603000 -2.787000 -1.014000
c<D>r<124>R<ARG> -1.619000 -5.287000 -5.416000
c<D>r<125>R<THR> -2.088000 -1.476000 -5.224000
