c<A>r<1>R<PRO> 3.443000 3.268000 60.709999
c<A>r<1>i<A>R<GLY> 4.255000 -3.593000 61.154999
c<A>r<2>R<GLN> 6.099000 4.237000 58.120998
c<A>r<2>i<A>R<SER> 4.632000 0.034000 62.349998
c<A>r<3>R<ALA> 7.931000 7.365000 59.304001
c<A>r<4>R<ILE> 8.090000 9.869000 56.414001
c<A>r<5>R<LYS> 9.855000 13.247000 56.678001
c<A>r<48>R<GLY> -4.008000 0.972000 52.917000
c<A>r<49>R<LYS> -0.768000 1.785000 54.754002
c<A>r<73>R<PRO> 18.865000 15.865000 56.470001
c<A>r<74>R<GLN> 16.914000 12.638000 56.006001
c<A>r<75>R<THR> 14.132000 14.335000 53.980000
c<A>r<76>R<ASP> 11.929000 11.800000 52.118999
c<A>r<77>R<VAL> 9.776000 14.282000 50.193001
c<A>r<78>R<SER> 9.775000 18.033001 49.660999
c<A>r<80>R<ILE> 8.028000 23.403000 46.966000
c<A>r<98>R<TYR> 14.506000 23.632999 43.167000
c<A>r<99>R<PRO> 18.275999 24.212999 43.188000
c<A>r<100>R<GLU> 18.309999 24.336000 46.986000
c<A>r<101>R<VAL> 16.215000 21.188000 47.448002
c<A>r<102>R<ARG> 18.069000 19.239000 44.752998
c<A>r<103>R<HIS> 21.399000 20.148001 46.349998
c<A>r<104>R<HIS> 20.448000 19.156000 49.910999
c<A>r<105>R<CYS> 17.948000 16.371000 49.112000
c<A>r<106>R<PRO> 19.229000 14.652000 45.965000
c<A>r<107>R<ASN> 17.250999 11.750000 44.516998
c<A>r<108>R<THR> 14.059000 12.223000 46.637001
c<A>r<109>R<PRO> 10.614000 13.182000 45.290001
c<A>r<110>R<ILE> 9.415000 16.739000 44.973000
c<A>r<111>R<ILE> 5.804000 17.908001 44.887001
c<A>r<146>R<ALA> 6.632000 20.893000 37.726002
c<A>r<147>R<LYS> 7.908000 18.969999 34.709999
c<A>r<148>R<GLU> 10.884000 21.306999 34.311001
c<A>r<149>R<ILE> 12.007000 20.539000 37.855999
c<A>r<150>R<GLY> 11.192000 16.823999 37.734001
c<A>r<151>R<ALA> 8.437000 16.966000 40.368000
c<A>r<152>R<VAL> 6.327000 13.821000 40.662998
c<A>r<153>R<LYS> 3.142000 15.870000 40.931999
c<A>r<175>R<ALA> 5.337000 9.794000 46.271999
c<A>r<176>R<VAL> 7.329000 8.122000 49.064999
c<A>r<177>R<LEU> 5.485000 4.802000 49.563000
c<A>r<178>R<CYS> 6.247000 1.711000 47.571999
c<A>r<179>R<PRO> 3.021000 0.869000 45.703999
c<A>r<180>R<PRO> 1.602000 -2.577000 45.221001
c<A>r<181>R<PRO> 3.052000 -4.900000 42.554001
c<B>r<2>R<SER> 14.453000 16.490999 43.669998
c<B>r<3>R<LEU> 12.662000 14.331000 41.101002
c<B>r<4>R<VAL> 15.228000 15.176000 38.426998
c<B>r<5>R<GLU> 18.083000 14.013000 40.639000
c<B>r<6>R<ALA> 16.357000 10.788000 41.709000
c<B>r<7>R<ILE> 15.323000 9.765000 38.189999
c<B>r<8>R<SER> 18.780001 10.633000 36.848999
c<B>r<9>R<LEU> 20.563000 8.482000 39.430000
c<B>r<10>R<TRP> 18.027000 5.655000 39.146999
c<B>r<29>R<PHE> 21.593000 3.796000 43.508999
c<B>r<30>R<SER> 23.333000 4.591000 46.804001
c<B>r<31>R<ALA> 23.545000 8.272000 45.845001
c<B>r<32>R<VAL> 19.775000 8.602000 45.872002
c<B>r<33>R<GLN> 18.662001 10.622000 48.882000
c<B>r<34>R<ASP> 16.003000 9.045000 51.078999
c<B>r<35>R<PRO> 15.667000 5.908000 48.921001
c<B>r<36>R<HIS> 12.328000 4.137000 48.994999
c<B>r<37>R<SER> 11.509000 0.438000 48.554001
c<B>r<38>R<ARG> 12.455000 0.049000 44.893002
c<B>r<39>R<ILE> 15.871000 1.695000 45.063999
c<B>r<63>R<SER> 12.874000 -2.123000 51.320000
c<B>r<64>R<ILE> 10.393000 -4.223000 53.303001
c<B>r<65>R<ASN> 10.136000 -1.681000 56.116001
c<B>r<66>R<ARG> 9.345000 1.033000 53.548000
c<B>r<67>R<ASP> 6.564000 -1.051000 51.952999
c<B>r<68>R<LYS> 5.400000 -3.950000 54.117001
c<B>r<69>R<HIS> 3.147000 -5.173000 51.304001
c<B>r<70>R<LEU> 5.799000 -5.424000 48.578999
c<B>r<71>R<ALA> 5.653000 -9.194000 48.083000
c<B>r<72>R<VAL> 8.710000 -9.401000 45.839001
c<B>r<100>R<GLN> 1.244000 -10.578000 50.514000
c<B>r<101>R<LEU> -0.098000 -11.925000 47.210999
c<B>r<106>R<LEU> 0.330000 -13.574000 40.630001
c<B>r<107>R<ILE> 1.497000 -9.986000 40.827999
c<B>r<108>R<ASP> 2.936000 -8.311000 37.733002
c<B>r<109>R<TYR> 5.466000 -5.644000 38.681000
c<B>r<110>R<LYS> 5.471000 -3.904000 35.308998
c<B>r<111>R<ILE> 3.599000 -0.966000 36.845001
c<B>r<112>R<LEU> 6.464000 -0.482000 39.323002
c<B>r<113>R<GLY> 9.122000 -0.763000 36.622002
c<B>r<114>R<LEU> 10.276000 -4.326000 37.250000
c<B>r<116>R<PHE> 8.855000 -9.681000 36.494999
c<B>r<117>R<LYS> 5.766000 -11.676000 37.384998
c<B>r<118>R<LEU> 5.719000 -13.216000 40.853001
c<B>r<189>R<GLN> 10.400000 10.246000 33.044998
c<B>r<190>R<VAL> 13.922000 9.741000 31.756001
c<B>r<192>R<GLN> 11.750000 14.533000 30.447001
c<B>r<193>R<LEU> 15.237000 15.037000 31.920000
