c<A>r<1>R<PRO> 3.443000 3.268000 60.709999
c<A>r<1>i<A>R<GLY> 4.255000 -3.593000 61.154999
c<A>r<2>R<GLN> 6.099000 4.237000 58.120998
c<A>r<2>i<A>R<SER> 4.632000 0.034000 62.349998
c<A>r<3>R<ALA> 7.931000 7.365000 59.304001
c<A>r<21>R<ILE> -1.823000 24.389000 60.372002
c<A>r<22>R<SER> -4.924000 24.032000 58.189999
c<A>r<24>R<THR> -3.018000 19.287001 60.847000
c<A>r<25>R<THR> -5.691000 21.063000 62.852001
c<A>r<26>R<ASN> -8.446000 21.865999 60.324001
c<A>r<27>R<ALA> -8.346000 25.533001 61.366001
c<A>r<28>R<PHE> -6.786000 28.461000 59.504002
c<A>r<29>R<PRO> -4.493000 30.552999 61.800999
c<A>r<30>R<GLY> -5.638000 33.911999 63.160000
c<A>r<31>R<GLU> -3.494000 36.258999 61.085999
c<A>r<32>R<TYR> -0.187000 36.173000 59.236000
c<A>r<33>R<ILE> 3.123000 35.862000 61.046001
c<A>r<34>R<PRO> 6.477000 34.480999 59.803001
c<A>r<35>R<THR> 7.713000 31.285999 61.410999
c<A>r<36>R<VAL> 11.158000 29.856001 62.125000
c<A>r<37>R<PHE> 10.947000 26.094999 61.585999
c<A>r<38>R<ASP> 8.082000 24.469999 63.394001
c<A>r<39>R<ASN> 7.365000 20.756001 63.355999
c<A>r<40>R<TYR> 3.918000 19.226000 62.820999
c<A>r<41>R<SER> 2.770000 15.649000 62.291000
c<A>r<42>R<ALA> -0.063000 13.523000 61.015999
c<A>r<43>R<ASN> -0.787000 9.809000 61.676998
c<A>r<44>R<VAL> -2.876000 8.738000 58.648998
c<A>r<45>R<MET> -3.680000 5.926000 56.240002
c<A>r<46>R<VAL> -2.740000 6.248000 52.558998
c<A>r<48>R<GLY> -4.008000 0.972000 52.917000
c<A>r<49>R<LYS> -0.768000 1.785000 54.754002
c<A>r<50>R<PRO> -0.359000 3.597000 58.071999
c<A>r<51>R<VAL> 2.065000 6.521000 57.994999
c<A>r<52>R<ASN> 3.656000 8.819000 60.611000
c<A>r<54>R<GLY> 6.619000 14.437000 60.105000
c<A>r<55>R<LEU> 6.185000 17.955000 58.658001
c<A>r<57>R<ASP> 8.069000 24.073999 58.217999
c<A>r<58>R<THR> 10.769000 26.489000 57.054001
c<A>r<59>R<ALA> 11.214000 30.243000 56.743999
c<A>r<64>R<TYR> 16.966999 32.556999 57.133999
c<A>r<67>R<LEU> 19.684999 28.132000 58.905998
c<A>r<166>R<LYS> -5.809000 16.819000 51.816002
c<B>r<14>R<VAL> 5.826000 31.500000 70.997002
c<B>r<15>R<LEU> 7.686000 33.543999 68.371002
c<B>r<16>R<ALA> 10.969000 32.275002 69.825996
c<B>r<17>R<ALA> 9.621000 28.719999 69.718002
c<B>r<18>R<ASP> 8.668000 29.233000 66.055000
c<B>r<19>R<LYS> 12.361000 29.903000 65.398003
c<B>r<20>R<LYS> 13.337000 26.809000 67.390999
c<B>r<21>R<ASP> 14.940000 29.035999 70.028000
c<B>r<108>R<ASP> -10.772000 21.603001 69.856003
c<B>r<109>R<TYR> -8.371000 23.941000 71.638000
c<B>r<110>R<LYS> -8.534000 26.708000 69.045998
c<B>r<113>R<GLY> -5.032000 29.436001 71.329002
c<B>r<114>R<LEU> -3.673000 25.943001 70.722000
c<B>r<115>R<GLN> -4.057000 24.653999 67.162003
c<B>r<116>R<PHE> -4.815000 21.077000 68.216003
c<B>r<117>R<LYS> -7.771000 18.721001 68.391998
c<B>r<118>R<LEU> -7.658000 16.108999 71.141998
c<B>r<153>R<GLU> -10.974000 11.709000 60.518002
c<B>r<154>R<PRO> -9.237000 9.868000 57.630001
c<B>r<155>R<ARG> -6.081000 9.799000 59.764999
c<B>r<156>R<HIS> -7.943000 7.765000 62.380001
c<B>r<157>R<SER> -7.426000 4.818000 60.050999
c<B>r<158>R<LYS> -4.295000 4.540000 62.181999
c<B>r<159>R<ILE> -6.648000 3.013000 64.747002
c<B>r<160>R<ASP> -7.239000 0.078000 62.401001
c<B>r<161>R<LYS> -3.511000 -0.303000 61.759998
c<B>r<162>R<ALA> -2.895000 -0.381000 65.510002
c<B>r<164>R<GLU> -3.786000 -5.158000 63.226002
c<B>r<165>R<CYS> -0.465000 -4.646000 65.037003
c<B>r<166>R<VAL> -1.939000 -5.799000 68.347000
c<B>r<168>R<LYS> 0.276000 -9.934000 66.030998
c<B>r<169>R<GLN> 1.650000 -8.456000 69.257004
c<B>r<170>R<LYS> 3.562000 -5.741000 67.426003
c<B>r<171>R<LEU> 4.021000 -2.118000 68.468002
c<B>r<172>R<TYR> 2.940000 1.003000 66.593002
c<B>r<173>R<GLU> 3.586000 4.745000 66.818001
c<B>r<174>R<PRO> 1.760000 6.707000 69.537003
c<B>r<175>R<VAL> 0.126000 10.064000 68.852997
c<B>r<176>R<VAL> 1.929000 13.155000 70.139999
c<B>r<177>R<ILE> 1.411000 16.889999 69.876999
c<B>r<178>R<PRO> 4.019000 18.205999 67.406998
c<B>r<179>R<VAL> 6.942000 19.968000 69.040001
c<B>r<180>R<GLY> 6.395000 23.698000 68.625000
c<B>r<181>R<ARG> 2.596000 23.497000 68.769997
c<B>r<185>R<PRO> -2.153000 34.629002 72.431999
c<B>r<186>R<ASN> -4.753000 35.962002 70.013000
c<B>r<187>R<GLU> -3.643000 38.141998 67.108002
c<B>r<188>R<ARG> -6.050000 40.877998 68.195999
