c<A>r<47>R<ASP> -3.355000 3.409000 50.099998
c<A>r<98>R<TYR> 14.506000 23.632999 43.167000
c<A>r<102>R<ARG> 18.069000 19.239000 44.752998
c<A>r<103>R<HIS> 21.399000 20.148001 46.349998
c<A>r<106>R<PRO> 19.229000 14.652000 45.965000
c<A>r<107>R<ASN> 17.250999 11.750000 44.516998
c<A>r<108>R<THR> 14.059000 12.223000 46.637001
c<A>r<109>R<PRO> 10.614000 13.182000 45.290001
c<A>r<110>R<ILE> 9.415000 16.739000 44.973000
c<A>r<111>R<ILE> 5.804000 17.908001 44.887001
c<A>r<133>R<LYS> 0.035000 44.043999 34.828999
c<A>r<134>R<LEU> 0.124000 40.692001 36.665001
c<A>r<135>R<THR> -1.928000 37.558998 35.952000
c<A>r<137>R<ILE> -0.460000 31.341999 37.403999
c<A>r<138>R<THR> -2.607000 28.879999 35.491001
c<A>r<139>R<TYR> -2.801000 25.108999 35.903000
c<A>r<140>R<PRO> -0.956000 24.422001 32.601002
c<A>r<141>R<GLN> 1.723000 26.944000 33.613998
c<A>r<142>R<GLY> 2.167000 25.270000 36.993999
c<A>r<143>R<LEU> 2.309000 21.771000 35.473999
c<A>r<144>R<ALA> 5.028000 22.959000 33.053001
c<A>r<145>R<MET> 7.143000 24.200001 35.976002
c<A>r<146>R<ALA> 6.632000 20.893000 37.726002
c<A>r<147>R<LYS> 7.908000 18.969999 34.709999
c<A>r<148>R<GLU> 10.884000 21.306999 34.311001
c<A>r<149>R<ILE> 12.007000 20.539000 37.855999
c<A>r<150>R<GLY> 11.192000 16.823999 37.734001
c<A>r<151>R<ALA> 8.437000 16.966000 40.368000
c<A>r<152>R<VAL> 6.327000 13.821000 40.662998
c<A>r<153>R<LYS> 3.142000 15.870000 40.931999
c<A>r<154>R<TYR> 1.772000 19.386000 40.532001
c<A>r<155>R<LEU> -1.109000 20.222000 42.916000
c<A>r<171>R<GLU> 0.231000 12.699000 47.230000
c<A>r<174>R<ARG> 2.161000 8.395000 47.866001
c<A>r<175>R<ALA> 5.337000 9.794000 46.271999
c<A>r<176>R<VAL> 7.329000 8.122000 49.064999
c<A>r<177>R<LEU> 5.485000 4.802000 49.563000
c<A>r<178>R<CYS> 6.247000 1.711000 47.571999
c<A>r<179>R<PRO> 3.021000 0.869000 45.703999
c<A>r<180>R<PRO> 1.602000 -2.577000 45.221001
c<A>r<181>R<PRO> 3.052000 -4.900000 42.554001
c<B>r<19>R<LYS> 4.824000 39.769001 29.503000
c<B>r<20>R<LYS> 1.954000 37.266998 29.403999
c<B>r<21>R<ASP> 0.342000 39.257999 26.587999
c<B>r<48>R<THR> -3.577000 26.738001 23.507999
c<B>r<49>R<ILE> -3.317000 29.278999 26.329000
c<B>r<83>R<GLN> -5.987000 18.518999 27.202999
c<B>r<116>R<PHE> 14.043000 22.851999 26.386000
c<B>r<117>R<LYS> 15.444000 19.339001 26.482000
c<B>r<122>R<GLU> 9.965000 11.701000 29.849001
c<B>r<153>R<GLU> 18.840000 13.936000 35.465000
c<B>r<154>R<PRO> 18.014999 14.079000 39.212002
c<B>r<155>R<ARG> 14.487000 15.148000 38.245998
c<B>r<156>R<HIS> 14.042000 11.859000 36.396000
c<B>r<157>R<SER> 13.527000 10.322000 39.823002
c<B>r<158>R<LYS> 9.940000 11.208000 38.945000
c<B>r<159>R<ILE> 10.109000 8.085000 36.785000
c<B>r<160>R<ASP> 10.501000 5.978000 39.929001
c<B>r<161>R<LYS> 7.628000 7.792000 41.634998
c<B>r<162>R<ALA> 5.429000 7.110000 38.610001
c<B>r<163>R<MET> 6.234000 3.399000 38.734001
c<B>r<164>R<GLU> 5.326000 3.335000 42.426998
c<B>r<165>R<CYS> 2.033000 5.043000 41.528000
c<B>r<166>R<VAL> 1.303000 2.499000 38.798000
c<B>r<167>R<TRP> 2.007000 -0.329000 41.271999
c<B>r<168>R<LYS> -1.047000 0.887000 43.185001
c<B>r<169>R<GLN> -3.026000 1.999000 40.131001
c<B>r<170>R<LYS> -2.708000 5.672000 41.023998
c<B>r<171>R<LEU> -2.148000 8.595000 38.665001
c<B>r<172>R<TYR> 0.765000 11.033000 38.623001
c<B>r<173>R<GLU> 1.585000 14.356000 36.963001
c<B>r<174>R<PRO> 2.604000 14.306000 33.285000
c<B>r<175>R<VAL> 5.522000 16.344999 31.969999
c<B>r<176>R<VAL> 4.684000 19.482000 29.990000
c<B>r<177>R<ILE> 6.659000 22.309999 28.443001
c<B>r<178>R<PRO> 6.160000 25.372000 30.681000
c<B>r<179>R<VAL> 3.749000 27.930000 29.283001
c<B>r<180>R<GLY> 5.814000 30.778000 27.863001
c<B>r<181>R<ARG> 8.741000 28.579000 26.818001
