c<A>r<1>R<PRO> 3.443000 3.268000 60.709999
c<A>r<17>R<THR> 2.581000 27.684000 57.694000
c<A>r<18>R<CYS> -1.130000 28.132000 56.952999
c<A>r<20>R<LEU> 0.435000 23.037001 57.627998
c<A>r<21>R<ILE> -1.823000 24.389000 60.372002
c<A>r<23>R<TYR> -4.012000 20.416000 57.341000
c<A>r<24>R<THR> -3.018000 19.287001 60.847000
c<A>r<25>R<THR> -5.691000 21.063000 62.852001
c<A>r<26>R<ASN> -8.446000 21.865999 60.324001
c<A>r<27>R<ALA> -8.346000 25.533001 61.366001
c<A>r<28>R<PHE> -6.786000 28.461000 59.504002
c<A>r<29>R<PRO> -4.493000 30.552999 61.800999
c<A>r<30>R<GLY> -5.638000 33.911999 63.160000
c<A>r<31>R<GLU> -3.494000 36.258999 61.085999
c<A>r<32>R<TYR> -0.187000 36.173000 59.236000
c<A>r<33>R<ILE> 3.123000 35.862000 61.046001
c<A>r<34>R<PRO> 6.477000 34.480999 59.803001
c<A>r<35>R<THR> 7.713000 31.285999 61.410999
c<A>r<36>R<VAL> 11.158000 29.856001 62.125000
c<A>r<37>R<PHE> 10.947000 26.094999 61.585999
c<A>r<38>R<ASP> 8.082000 24.469999 63.394001
c<A>r<39>R<ASN> 7.365000 20.756001 63.355999
c<A>r<40>R<TYR> 3.918000 19.226000 62.820999
c<A>r<41>R<SER> 2.770000 15.649000 62.291000
c<A>r<42>R<ALA> -0.063000 13.523000 61.015999
c<A>r<43>R<ASN> -0.787000 9.809000 61.676998
c<A>r<44>R<VAL> -2.876000 8.738000 58.648998
c<A>r<45>R<MET> -3.680000 5.926000 56.240002
c<A>r<46>R<VAL> -2.740000 6.248000 52.558998
c<A>r<47>R<ASP> -3.355000 3.409000 50.099998
c<A>r<48>R<GLY> -4.008000 0.972000 52.917000
c<A>r<49>R<LYS> -0.768000 1.785000 54.754002
c<A>r<50>R<PRO> -0.359000 3.597000 58.071999
c<A>r<51>R<VAL> 2.065000 6.521000 57.994999
c<A>r<52>R<ASN> 3.656000 8.819000 60.611000
c<A>r<53>R<LEU> 4.147000 12.001000 58.505001
c<A>r<54>R<GLY> 6.619000 14.437000 60.105000
c<A>r<55>R<LEU> 6.185000 17.955000 58.658001
c<A>r<56>R<TRP> 9.052000 20.447001 58.773998
c<A>r<57>R<ASP> 8.069000 24.073999 58.217999
c<A>r<58>R<THR> 10.769000 26.489000 57.054001
c<A>r<59>R<ALA> 11.214000 30.243000 56.743999
c<A>r<64>R<TYR> 16.966999 32.556999 57.133999
c<A>r<67>R<LEU> 19.684999 28.132000 58.905998
c<A>r<70>R<LEU> 19.499001 22.322001 59.081001
c<A>r<71>R<SER> 15.986000 21.094000 58.210999
c<B>r<14>R<VAL> -6.677000 4.582000 66.797997
c<B>r<15>R<LEU> -6.745000 2.321000 63.728001
c<B>r<16>R<ALA> -9.757000 4.274000 62.457001
c<B>r<17>R<ALA> -7.899000 7.529000 63.111000
c<B>r<18>R<ASP> -4.918000 6.179000 61.139999
c<B>r<19>R<LYS> -7.278000 5.884000 58.162998
c<B>r<20>R<LYS> -8.574000 9.413000 58.766998
c<B>r<21>R<ASP> -11.977000 7.983000 59.696999
c<B>r<45>R<CYS> -8.814000 15.283000 69.598000
c<B>r<48>R<THR> -11.534000 18.955000 67.508003
c<B>r<49>R<ILE> -10.990000 17.670000 63.967999
c<B>r<50>R<LEU> -14.750000 17.188999 63.587002
c<B>r<51>R<LYS> -15.108000 20.865999 64.536003
c<B>r<80>R<LEU> -7.889000 24.200001 71.613998
c<B>r<82>R<TYR> -6.271000 29.076000 70.801003
c<B>r<83>R<GLN> -8.377000 27.722000 67.940002
c<B>r<84>R<THR> -11.379000 29.691000 69.221001
c<B>r<85>R<GLU> -9.194000 32.755001 69.820000
c<B>r<115>R<GLN> 4.501000 9.169000 70.439003
c<B>r<116>R<PHE> 5.176000 12.752000 71.528000
c<B>r<122>R<GLU> 8.084000 24.658001 73.193001
c<B>r<132>R<ALA> 2.208000 37.980999 70.605003
c<B>r<133>R<LYS> -1.341000 37.333000 69.383003
c<B>r<154>R<PRO> 17.921000 20.959000 66.288002
c<B>r<155>R<ARG> 14.273000 21.865000 65.661003
c<B>r<156>R<HIS> 14.347000 24.113001 68.723000
c<B>r<157>R<SER> 16.198000 26.582001 66.521004
c<B>r<158>R<LYS> 12.619000 27.687000 65.897003
c<B>r<159>R<ILE> 12.960000 29.368000 69.289001
c<B>r<160>R<ASP> 15.611000 31.677000 67.834999
c<B>r<161>R<LYS> 13.459000 32.410999 64.788002
c<B>r<162>R<ALA> 10.561000 33.311001 67.077003
c<B>r<163>R<MET> 12.728000 35.743999 69.031998
c<B>r<164>R<GLU> 13.812000 37.380001 65.774002
c<B>r<165>R<CYS> 10.126000 37.679001 64.831001
c<B>r<169>R<GLN> 6.710000 42.494999 66.226997
c<B>r<170>R<LYS> 5.925000 39.747002 63.734001
c<B>r<171>R<LEU> 4.070000 36.494999 64.371002
c<B>r<172>R<TYR> 5.357000 32.950001 63.925999
c<B>r<173>R<GLU> 3.881000 29.445000 63.849998
c<B>r<174>R<PRO> 2.935000 27.837000 67.181000
c<B>r<175>R<VAL> 3.776000 24.226000 67.991997
c<B>r<176>R<VAL> 0.923000 21.716000 67.853996
c<B>r<177>R<ILE> 0.601000 17.968000 68.223000
c<B>r<178>R<PRO> 0.064000 16.544001 64.713997
c<B>r<179>R<VAL> -3.510000 15.542000 63.984001
c<B>r<180>R<GLY> -3.710000 11.764000 64.262001
c<B>r<181>R<ARG> -1.045000 11.488000 66.967003
c<B>r<182>R<LEU> -2.930000 9.831000 69.834999
