c<A>r<4>R<ILE> 8.090000 9.869000 56.414001
c<A>r<74>R<GLN> 16.914000 12.638000 56.006001
c<A>r<76>R<ASP> 11.929000 11.800000 52.118999
c<A>r<77>R<VAL> 9.776000 14.282000 50.193001
c<A>r<102>R<ARG> 18.069000 19.239000 44.752998
c<A>r<103>R<HIS> 21.399000 20.148001 46.349998
c<A>r<105>R<CYS> 17.948000 16.371000 49.112000
c<A>r<106>R<PRO> 19.229000 14.652000 45.965000
c<A>r<107>R<ASN> 17.250999 11.750000 44.516998
c<A>r<108>R<THR> 14.059000 12.223000 46.637001
c<A>r<109>R<PRO> 10.614000 13.182000 45.290001
c<A>r<110>R<ILE> 9.415000 16.739000 44.973000
c<A>r<111>R<ILE> 5.804000 17.908001 44.887001
c<A>r<139>R<TYR> -2.801000 25.108999 35.903000
c<A>r<140>R<PRO> -0.956000 24.422001 32.601002
c<A>r<141>R<GLN> 1.723000 26.944000 33.613998
c<A>r<142>R<GLY> 2.167000 25.270000 36.993999
c<A>r<143>R<LEU> 2.309000 21.771000 35.473999
c<A>r<144>R<ALA> 5.028000 22.959000 33.053001
c<A>r<145>R<MET> 7.143000 24.200001 35.976002
c<A>r<146>R<ALA> 6.632000 20.893000 37.726002
c<A>r<147>R<LYS> 7.908000 18.969999 34.709999
c<A>r<148>R<GLU> 10.884000 21.306999 34.311001
c<A>r<149>R<ILE> 12.007000 20.539000 37.855999
c<A>r<150>R<GLY> 11.192000 16.823999 37.734001
c<A>r<151>R<ALA> 8.437000 16.966000 40.368000
c<A>r<152>R<VAL> 6.327000 13.821000 40.662998
c<A>r<153>R<LYS> 3.142000 15.870000 40.931999
c<A>r<174>R<ARG> 2.161000 8.395000 47.866001
c<A>r<175>R<ALA> 5.337000 9.794000 46.271999
c<A>r<176>R<VAL> 7.329000 8.122000 49.064999
c<A>r<177>R<LEU> 5.485000 4.802000 49.563000
c<A>r<178>R<CYS> 6.247000 1.711000 47.571999
c<A>r<179>R<PRO> 3.021000 0.869000 45.703999
c<A>r<180>R<PRO> 1.602000 -2.577000 45.221001
c<A>r<181>R<PRO> 3.052000 -4.900000 42.554001
c<B>r<20>R<LYS> 4.357000 29.422001 27.768000
c<B>r<21>R<ASP> 1.722000 29.674999 25.033001
c<B>r<22>R<TRP> 1.472000 25.903000 24.670000
c<B>r<46>R<MET> 3.009000 20.204000 23.847000
c<B>r<48>R<THR> 1.857000 16.393000 27.302999
c<B>r<49>R<ILE> 1.697000 19.804001 28.982000
c<B>r<50>R<LEU> -1.831000 20.282000 27.625000
c<B>r<51>R<LYS> -2.708000 16.979000 29.318001
c<B>r<82>R<TYR> 5.491000 7.043000 33.655998
c<B>r<83>R<GLN> 3.039000 9.936000 33.930000
c<B>r<125>R<TYR> 18.799999 6.078000 37.051998
c<B>r<129>R<PHE> 13.284000 4.434000 39.487999
c<B>r<132>R<ALA> 11.469000 1.112000 42.617001
c<B>r<133>R<LYS> 7.950000 2.305000 41.778999
c<B>r<134>R<LYS> 7.060000 -1.350000 41.174000
c<B>r<135>R<GLU> 8.607000 -2.178000 44.551998
c<B>r<136>R<GLU> 11.215000 -4.331000 42.803001
c<B>r<137>R<TRP> 14.138000 -3.046000 44.855999
c<B>r<155>R<ARG> 24.957001 16.504000 39.313000
c<B>r<156>R<HIS> 25.362000 12.760000 38.803001
c<B>r<157>R<SER> 25.974001 12.599000 42.541000
c<B>r<158>R<LYS> 22.208000 12.120000 42.462002
c<B>r<159>R<ILE> 23.073999 8.561000 41.448002
c<B>r<160>R<ASP> 24.673000 8.019000 44.856998
c<B>r<161>R<LYS> 21.676001 9.549000 46.627998
c<B>r<162>R<ALA> 19.375000 7.205000 44.715000
c<B>r<163>R<MET> 21.407000 4.176000 45.779999
c<B>r<164>R<GLU> 21.195999 5.321000 49.401001
c<B>r<165>R<CYS> 17.417999 5.637000 48.960999
c<B>r<169>R<GLN> 13.544000 1.102000 50.068001
c<B>r<170>R<LYS> 12.732000 4.780000 49.623001
c<B>r<171>R<LEU> 11.866000 6.594000 46.402000
c<B>r<172>R<TYR> 13.723000 9.483000 44.779999
c<B>r<173>R<GLU> 13.075000 11.990000 41.993000
c<B>r<174>R<PRO> 13.429000 10.778000 38.389999
c<B>r<175>R<VAL> 15.218000 12.821000 35.737999
c<B>r<176>R<VAL> 13.046000 14.612000 33.181999
c<B>r<177>R<ILE> 13.655000 17.021000 30.333000
c<B>r<178>R<PRO> 12.517000 20.472000 31.530001
c<B>r<179>R<VAL> 9.183000 21.573999 30.121000
c<B>r<180>R<GLY> 9.889000 24.072001 27.355000
c<B>r<181>R<ARG> 13.175000 22.472000 26.291000
