c<A>r<74>R<GLN> 16.914000 12.638000 56.006001
c<A>r<76>R<ASP> 11.929000 11.800000 52.118999
c<A>r<77>R<VAL> 9.776000 14.282000 50.193001
c<A>r<99>R<PRO> 18.275999 24.212999 43.188000
c<A>r<102>R<ARG> 18.069000 19.239000 44.752998
c<A>r<103>R<HIS> 21.399000 20.148001 46.349998
c<A>r<104>R<HIS> 20.448000 19.156000 49.910999
c<A>r<105>R<CYS> 17.948000 16.371000 49.112000
c<A>r<106>R<PRO> 19.229000 14.652000 45.965000
c<A>r<107>R<ASN> 17.250999 11.750000 44.516998
c<A>r<108>R<THR> 14.059000 12.223000 46.637001
c<A>r<109>R<PRO> 10.614000 13.182000 45.290001
c<A>r<110>R<ILE> 9.415000 16.739000 44.973000
c<A>r<111>R<ILE> 5.804000 17.908001 44.887001
c<A>r<137>R<ILE> -0.460000 31.341999 37.403999
c<A>r<138>R<THR> -2.607000 28.879999 35.491001
c<A>r<139>R<TYR> -2.801000 25.108999 35.903000
c<A>r<140>R<PRO> -0.956000 24.422001 32.601002
c<A>r<141>R<GLN> 1.723000 26.944000 33.613998
c<A>r<142>R<GLY> 2.167000 25.270000 36.993999
c<A>r<143>R<LEU> 2.309000 21.771000 35.473999
c<A>r<144>R<ALA> 5.028000 22.959000 33.053001
c<A>r<145>R<MET> 7.143000 24.200001 35.976002
c<A>r<146>R<ALA> 6.632000 20.893000 37.726002
c<A>r<147>R<LYS> 7.908000 18.969999 34.709999
c<A>r<148>R<GLU> 10.884000 21.306999 34.311001
c<A>r<149>R<ILE> 12.007000 20.539000 37.855999
c<A>r<150>R<GLY> 11.192000 16.823999 37.734001
c<A>r<151>R<ALA> 8.437000 16.966000 40.368000
c<A>r<152>R<VAL> 6.327000 13.821000 40.662998
c<A>r<153>R<LYS> 3.142000 15.870000 40.931999
c<A>r<175>R<ALA> 5.337000 9.794000 46.271999
c<A>r<176>R<VAL> 7.329000 8.122000 49.064999
c<A>r<177>R<LEU> 5.485000 4.802000 49.563000
c<A>r<178>R<CYS> 6.247000 1.711000 47.571999
c<A>r<179>R<PRO> 3.021000 0.869000 45.703999
c<A>r<180>R<PRO> 1.602000 -2.577000 45.221001
c<A>r<181>R<PRO> 3.052000 -4.900000 42.554001
c<B>r<17>R<ALA> 4.348000 28.225000 24.323999
c<B>r<19>R<LYS> 3.623000 32.762001 26.867001
c<B>r<20>R<LYS> 2.135000 29.582001 28.341000
c<B>r<21>R<ASP> -0.605000 29.663000 25.700001
c<B>r<22>R<TRP> -0.526000 25.895000 25.238001
c<B>r<23>R<LYS> -3.682000 25.781000 23.108999
c<B>r<45>R<CYS> 4.487000 18.079000 24.603001
c<B>r<46>R<MET> 1.492000 20.382999 24.204000
c<B>r<48>R<THR> 0.808000 16.395000 27.584999
c<B>r<49>R<ILE> 0.398000 19.733999 29.365000
c<B>r<50>R<LEU> -3.203000 19.923000 28.135000
c<B>r<51>R<LYS> -3.720000 16.511000 29.761000
c<B>r<82>R<TYR> 5.488000 7.258000 33.549999
c<B>r<83>R<GLN> 2.796000 9.907000 33.985001
c<B>r<125>R<TYR> 18.938999 7.426000 36.493000
c<B>r<129>R<PHE> 13.680000 5.224000 39.055000
c<B>r<132>R<ALA> 12.282000 1.671000 42.145000
c<B>r<133>R<LYS> 8.643000 2.559000 41.452999
c<B>r<134>R<LYS> 8.066000 -1.145000 40.772999
c<B>r<135>R<GLU> 9.797000 -1.915000 44.075001
c<B>r<136>R<GLU> 12.527000 -3.775000 42.182999
c<B>r<154>R<PRO> 27.951000 18.983999 38.973999
c<B>r<155>R<ARG> 24.202000 18.309000 38.852001
c<B>r<156>R<HIS> 24.926001 14.632000 38.223000
c<B>r<157>R<SER> 25.677999 14.433000 41.933998
c<B>r<158>R<LYS> 21.969999 13.614000 41.960999
c<B>r<159>R<ILE> 23.118000 10.176000 40.819000
c<B>r<160>R<ASP> 24.875999 9.696000 44.159000
c<B>r<161>R<LYS> 21.816000 10.900000 46.067001
c<B>r<162>R<ALA> 19.672001 8.405000 44.161999
c<B>r<163>R<MET> 22.004000 5.549000 45.075001
c<B>r<164>R<GLU> 21.816000 6.576000 48.733002
c<B>r<165>R<CYS> 18.011999 6.558000 48.422001
c<B>r<166>R<VAL> 18.021999 3.088000 46.867001
c<B>r<169>R<GLN> 14.603000 1.661000 49.521999
c<B>r<170>R<LYS> 13.448000 5.260000 49.208000
c<B>r<171>R<LEU> 12.311000 7.068000 46.069000
c<B>r<172>R<TYR> 13.842000 10.156000 44.472000
c<B>r<173>R<GLU> 12.876000 12.663000 41.778999
c<B>r<174>R<PRO> 13.214000 11.581000 38.133999
c<B>r<175>R<VAL> 14.719000 13.845000 35.486000
c<B>r<176>R<VAL> 12.307000 15.495000 33.051998
c<B>r<177>R<ILE> 12.597000 18.021000 30.254999
c<B>r<178>R<PRO> 11.194000 21.322001 31.584999
c<B>r<179>R<VAL> 7.728000 22.150000 30.315001
c<B>r<180>R<GLY> 8.110000 24.771999 27.601000
c<B>r<181>R<ARG> 11.489000 23.507000 26.386999
