c<A>r<17>R<THR> 2.581000 27.684000 57.694000
c<A>r<18>R<CYS> -1.130000 28.132000 56.952999
c<A>r<19>R<LEU> -1.005000 25.017000 54.723000
c<A>r<20>R<LEU> 0.435000 23.037001 57.627998
c<A>r<21>R<ILE> -1.823000 24.389000 60.372002
c<A>r<22>R<SER> -4.924000 24.032000 58.189999
c<A>r<23>R<TYR> -4.012000 20.416000 57.341000
c<A>r<24>R<THR> -3.018000 19.287001 60.847000
c<A>r<25>R<THR> -5.691000 21.063000 62.852001
c<A>r<26>R<ASN> -8.446000 21.865999 60.324001
c<A>r<27>R<ALA> -8.346000 25.533001 61.366001
c<A>r<28>R<PHE> -6.786000 28.461000 59.504002
c<A>r<29>R<PRO> -4.493000 30.552999 61.800999
c<A>r<30>R<GLY> -5.638000 33.911999 63.160000
c<A>r<31>R<GLU> -3.494000 36.258999 61.085999
c<A>r<32>R<TYR> -0.187000 36.173000 59.236000
c<A>r<33>R<ILE> 3.123000 35.862000 61.046001
c<A>r<34>R<PRO> 6.477000 34.480999 59.803001
c<A>r<35>R<THR> 7.713000 31.285999 61.410999
c<A>r<36>R<VAL> 11.158000 29.856001 62.125000
c<A>r<37>R<PHE> 10.947000 26.094999 61.585999
c<A>r<38>R<ASP> 8.082000 24.469999 63.394001
c<A>r<39>R<ASN> 7.365000 20.756001 63.355999
c<A>r<40>R<TYR> 3.918000 19.226000 62.820999
c<A>r<160>R<LEU> -8.325000 28.785000 53.601002
c<A>r<161>R<THR> -11.144000 26.832001 51.890999
c<A>r<162>R<GLN> -9.261000 23.548000 52.164001
c<B>r<2>R<SER> 8.938000 42.793999 64.842003
c<B>r<3>R<LEU> 8.508000 39.034000 65.236000
c<B>r<6>R<ALA> 5.231000 39.955002 69.108002
c<B>r<7>R<ILE> 6.278000 36.466999 70.219002
c<B>r<35>R<PRO> -2.790000 42.415001 66.676003
c<B>r<36>R<HIS> -4.342000 39.799000 64.430000
c<B>r<37>R<SER> -7.213000 37.381001 65.110001
c<B>r<38>R<ARG> -5.542000 35.189999 67.727997
c<B>r<39>R<ILE> -4.228000 37.964001 69.960999
c<B>r<40>R<CYS> -7.553000 39.810001 69.610001
c<B>r<41>R<PHE> -9.285000 36.577999 70.678001
c<B>r<63>R<SER> -10.855000 38.935001 65.738998
c<B>r<64>R<ILE> -13.715000 37.983002 63.410999
c<B>r<66>R<ARG> -9.444000 39.909000 60.796001
c<B>r<67>R<ASP> -10.348000 36.306000 59.889999
c<B>r<68>R<LYS> -13.967000 35.865002 58.814999
c<B>r<69>R<HIS> -13.480000 32.095001 58.651001
c<B>r<70>R<LEU> -12.191000 31.576000 62.198002
c<B>r<71>R<ALA> -15.086000 29.466000 63.480999
c<B>r<72>R<VAL> -14.018000 29.530001 67.125000
c<B>r<73>R<ALA> -14.067000 33.349998 67.133003
c<B>r<100>R<GLN> -17.601999 28.063999 59.126999
c<B>r<101>R<LEU> -16.948000 24.409000 59.983002
c<B>r<102>R<ARG> -18.063000 23.747000 56.395000
c<B>r<104>R<ASN> -16.735001 18.941999 58.921001
c<B>r<106>R<LEU> -14.752000 19.330000 63.931999
c<B>r<107>R<ILE> -11.840000 21.724001 63.689999
c<B>r<108>R<ASP> -8.740000 21.124001 65.807999
c<B>r<109>R<TYR> -6.998000 24.396000 66.627998
c<B>r<110>R<LYS> -3.705000 22.826000 67.670998
c<B>r<111>R<ILE> -2.088000 24.153999 64.488998
c<B>r<112>R<LEU> -3.006000 27.705999 65.547997
c<B>r<113>R<GLY> -1.754000 27.194000 69.098999
c<B>r<114>R<LEU> -5.077000 26.691000 70.865997
c<B>r<116>R<PHE> -9.172000 22.978001 71.709999
c<B>r<117>R<LYS> -11.354000 20.972000 69.358002
c<B>r<118>R<LEU> -14.532000 22.674999 68.172997
c<B>r<183>R<PHE> -3.968000 30.686001 71.524002
c<B>r<186>R<ASN> 4.878000 27.719000 69.485001
c<B>r<187>R<GLU> 7.609000 26.472000 71.809998
c<B>r<188>R<ARG> 10.138000 26.618000 68.973999
c<B>r<189>R<GLN> 9.440000 30.330000 68.408997
c<B>r<192>R<GLN> 14.461000 31.191000 69.410004
