c<A>r<22>R<SER> -4.924000 24.032000 58.189999
c<A>r<23>R<TYR> -4.012000 20.416000 57.341000
c<A>r<25>R<THR> -5.691000 21.063000 62.852001
c<A>r<26>R<ASN> -8.446000 21.865999 60.324001
c<A>r<27>R<ALA> -8.346000 25.533001 61.366001
c<A>r<28>R<PHE> -6.786000 28.461000 59.504002
c<A>r<29>R<PRO> -4.493000 30.552999 61.800999
c<A>r<30>R<GLY> -5.638000 33.911999 63.160000
c<A>r<45>R<MET> -3.680000 5.926000 56.240002
c<A>r<46>R<VAL> -2.740000 6.248000 52.558998
c<A>r<47>R<ASP> -3.355000 3.409000 50.099998
c<A>r<48>R<GLY> -4.008000 0.972000 52.917000
c<A>r<117>R<LEU> -6.161000 28.839001 44.979000
c<A>r<118>R<ASP> -9.098000 30.829000 46.405998
c<A>r<119>R<LEU> -7.419000 34.051998 45.257000
c<A>r<120>R<ARG> -7.034000 32.912998 41.639999
c<A>r<121>R<ASP> -10.847000 32.858002 41.837002
c<A>r<122>R<ASP> -11.167000 36.252998 43.595001
c<A>r<123>R<LYS> -12.763000 38.733002 41.208000
c<A>r<124>R<ASP> -11.215000 41.535000 43.205002
c<A>r<125>R<THR> -7.734000 40.028999 43.458000
c<A>r<153>R<LYS> 3.142000 15.870000 40.931999
c<A>r<154>R<TYR> 1.772000 19.386000 40.532001
c<A>r<155>R<LEU> -1.109000 20.222000 42.916000
c<A>r<156>R<GLU> -3.162000 23.330999 43.568001
c<A>r<157>R<CYS> -4.830000 24.073999 46.922001
c<A>r<158>R<SER> -6.241000 26.655001 49.308998
c<A>r<159>R<ALA> -5.424000 26.396000 52.994999
c<A>r<160>R<LEU> -8.325000 28.785000 53.601002
c<A>r<161>R<THR> -11.144000 26.832001 51.890999
c<A>r<162>R<GLN> -9.261000 23.548000 52.164001
c<A>r<163>R<ARG> -9.868000 22.871000 48.439999
c<A>r<164>R<GLY> -7.279000 20.275000 47.393002
c<A>r<165>R<LEU> -5.533000 20.444000 50.750000
c<A>r<166>R<LYS> -5.809000 16.819000 51.816002
c<A>r<167>R<THR> -4.703000 15.738000 48.340000
c<A>r<168>R<VAL> -1.371000 17.577999 48.689999
c<A>r<170>R<ASP> -1.871000 12.196000 50.403999
c<A>r<171>R<GLU> 0.231000 12.699000 47.230000
c<A>r<174>R<ARG> 2.161000 8.395000 47.866001
c<B>r<17>R<ALA> -16.586000 40.716999 50.992001
c<B>r<18>R<ASP> -15.292000 42.303001 47.765999
c<B>r<19>R<LYS> -12.738000 44.127998 49.925999
c<B>r<20>R<LYS> -11.863000 40.889999 51.729000
c<B>r<45>R<CYS> -19.337999 31.216000 53.271000
c<B>r<48>R<THR> -15.971000 29.156000 56.382999
c<B>r<49>R<ILE> -13.261000 31.680000 55.506001
c<B>r<50>R<LEU> -13.174000 32.817001 59.141998
c<B>r<51>R<LYS> -12.538000 29.167999 60.053001
c<B>r<52>R<ASN> -15.624000 28.396999 62.126999
c<B>r<53>R<MET> -16.684999 25.080000 60.601002
c<B>r<79>R<MET> -17.577000 20.898001 50.115002
c<B>r<80>R<LEU> -17.503000 22.222000 53.695000
c<B>r<82>R<TYR> -14.735000 17.923000 52.740002
c<B>r<83>R<GLN> -12.717000 20.618000 54.506001
c<B>r<84>R<THR> -13.128000 18.759001 57.807999
c<B>r<85>R<GLU> -12.381000 15.434000 56.102001
c<B>r<129>R<PHE> -12.957000 12.902000 44.185001
c<B>r<132>R<ALA> -10.762000 8.740000 45.591000
c<B>r<133>R<LYS> -9.974000 10.340000 48.957001
c<B>r<134>R<LYS> -11.484000 7.238000 50.570999
c<B>r<135>R<GLU> -9.277000 5.113000 48.312000
c<B>r<136>R<GLU> -12.393000 3.653000 46.682999
c<B>r<169>R<GLN> -4.843000 5.801000 41.574001
c<B>r<170>R<LYS> -3.710000 9.410000 41.855000
c<B>r<171>R<LEU> -5.655000 12.351000 43.263000
c<B>r<172>R<TYR> -6.682000 15.540000 41.473999
c<B>r<173>R<GLU> -8.074000 18.945000 42.439999
c<B>r<174>R<PRO> -11.787000 19.173000 43.299000
c<B>r<175>R<VAL> -13.993000 21.974001 41.998001
c<B>r<176>R<VAL> -14.945000 24.709000 44.463001
c<B>r<177>R<ILE> -16.823999 27.983000 44.272999
c<B>r<178>R<PRO> -14.216000 30.777000 44.449001
c<B>r<179>R<VAL> -14.022000 32.499001 47.811001
c<B>r<180>R<GLY> -15.828000 35.819000 47.492001
c<B>r<181>R<ARG> -18.364000 34.576000 44.938000
