c<A>r<1>R<PRO> 3.443000 3.268000 60.709999
c<A>r<1>i<A>R<GLY> 4.255000 -3.593000 61.154999
c<A>r<2>R<GLN> 6.099000 4.237000 58.120998
c<A>r<2>i<A>R<SER> 4.632000 0.034000 62.349998
c<A>r<3>R<ALA> 7.931000 7.365000 59.304001
c<A>r<20>R<LEU> 0.435000 23.037001 57.627998
c<A>r<21>R<ILE> -1.823000 24.389000 60.372002
c<A>r<22>R<SER> -4.924000 24.032000 58.189999
c<A>r<23>R<TYR> -4.012000 20.416000 57.341000
c<A>r<24>R<THR> -3.018000 19.287001 60.847000
c<A>r<25>R<THR> -5.691000 21.063000 62.852001
c<A>r<26>R<ASN> -8.446000 21.865999 60.324001
c<A>r<27>R<ALA> -8.346000 25.533001 61.366001
c<A>r<28>R<PHE> -6.786000 28.461000 59.504002
c<A>r<29>R<PRO> -4.493000 30.552999 61.800999
c<A>r<30>R<GLY> -5.638000 33.911999 63.160000
c<A>r<31>R<GLU> -3.494000 36.258999 61.085999
c<A>r<35>R<THR> 7.713000 31.285999 61.410999
c<A>r<36>R<VAL> 11.158000 29.856001 62.125000
c<A>r<37>R<PHE> 10.947000 26.094999 61.585999
c<A>r<38>R<ASP> 8.082000 24.469999 63.394001
c<A>r<39>R<ASN> 7.365000 20.756001 63.355999
c<A>r<40>R<TYR> 3.918000 19.226000 62.820999
c<A>r<41>R<SER> 2.770000 15.649000 62.291000
c<A>r<42>R<ALA> -0.063000 13.523000 61.015999
c<A>r<43>R<ASN> -0.787000 9.809000 61.676998
c<A>r<44>R<VAL> -2.876000 8.738000 58.648998
c<A>r<45>R<MET> -3.680000 5.926000 56.240002
c<A>r<46>R<VAL> -2.740000 6.248000 52.558998
c<A>r<47>R<ASP> -3.355000 3.409000 50.099998
c<A>r<48>R<GLY> -4.008000 0.972000 52.917000
c<A>r<49>R<LYS> -0.768000 1.785000 54.754002
c<A>r<50>R<PRO> -0.359000 3.597000 58.071999
c<A>r<51>R<VAL> 2.065000 6.521000 57.994999
c<A>r<52>R<ASN> 3.656000 8.819000 60.611000
c<A>r<53>R<LEU> 4.147000 12.001000 58.505001
c<A>r<54>R<GLY> 6.619000 14.437000 60.105000
c<A>r<55>R<LEU> 6.185000 17.955000 58.658001
c<A>r<57>R<ASP> 8.069000 24.073999 58.217999
c<A>r<58>R<THR> 10.769000 26.489000 57.054001
c<A>r<162>R<GLN> -9.261000 23.548000 52.164001
c<A>r<163>R<ARG> -9.868000 22.871000 48.439999
c<A>r<164>R<GLY> -7.279000 20.275000 47.393002
c<A>r<165>R<LEU> -5.533000 20.444000 50.750000
c<A>r<166>R<LYS> -5.809000 16.819000 51.816002
c<A>r<167>R<THR> -4.703000 15.738000 48.340000
c<A>r<170>R<ASP> -1.871000 12.196000 50.403999
c<B>r<15>R<LEU> 7.789000 31.197001 70.688004
c<B>r<16>R<ALA> 10.708000 28.975000 71.710999
c<B>r<17>R<ALA> 8.739000 25.913000 70.611000
c<B>r<18>R<ASP> 8.076000 27.594000 67.245003
c<B>r<19>R<LYS> 11.857000 27.708000 66.786003
c<B>r<20>R<LYS> 12.151000 24.055000 67.820999
c<B>r<21>R<ASP> 14.004000 25.115999 70.971001
c<B>r<108>R<ASP> -12.595000 23.039000 68.835999
c<B>r<109>R<TYR> -9.897000 24.291000 71.194000
c<B>r<110>R<LYS> -9.423000 27.646999 69.487999
c<B>r<114>R<LEU> -4.872000 25.540001 70.856003
c<B>r<115>R<GLN> -5.311000 25.386999 67.079002
c<B>r<116>R<PHE> -6.763000 21.870001 67.084999
c<B>r<117>R<LYS> -10.105000 20.162001 66.603996
c<B>r<118>R<LEU> -10.608000 16.917000 68.504997
c<B>r<126>R<ASN> -7.315000 5.757000 67.625999
c<B>r<133>R<LYS> -2.058000 -3.196000 68.012001
c<B>r<153>R<GLU> -14.150000 16.354000 57.088001
c<B>r<154>R<PRO> -12.642000 15.093000 53.790001
c<B>r<155>R<ARG> -9.660000 13.837000 55.803001
c<B>r<156>R<HIS> -11.988000 11.548000 57.747002
c<B>r<157>R<SER> -11.907000 9.321000 54.680000
c<B>r<158>R<LYS> -8.989000 7.874000 56.630001
c<B>r<159>R<ILE> -11.704000 6.170000 58.672001
c<B>r<160>R<ASP> -12.707000 4.168000 55.596001
c<B>r<161>R<LYS> -9.085000 3.281000 54.855999
c<B>r<162>R<ALA> -8.679000 2.049000 58.429001
c<B>r<163>R<MET> -11.731000 -0.191000 58.112000
c<B>r<164>R<GLU> -10.317000 -1.646000 54.894001
c<B>r<165>R<CYS> -7.051000 -2.296000 56.759998
c<B>r<166>R<VAL> -8.871000 -4.023000 59.618000
c<B>r<168>R<LYS> -7.341000 -7.693000 56.219002
c<B>r<170>R<LYS> -3.414000 -4.755000 58.723000
c<B>r<171>R<LEU> -2.350000 -1.720000 60.742001
c<B>r<172>R<TYR> -2.748000 1.946000 59.828999
c<B>r<173>R<GLU> -1.440000 5.285000 61.097000
c<B>r<174>R<PRO> -3.005000 6.724000 64.267998
c<B>r<175>R<VAL> -3.961000 10.384000 64.566002
c<B>r<176>R<VAL> -1.687000 12.596000 66.664001
c<B>r<177>R<ILE> -1.498000 16.285000 67.468002
c<B>r<178>R<PRO> 1.425000 17.716000 65.457001
c<B>r<179>R<VAL> 4.537000 18.367001 67.505997
c<B>r<180>R<GLY> 4.704000 22.099001 68.162003
c<B>r<181>R<ARG> 0.931000 22.590000 68.263000
c<B>r<187>R<GLU> -2.431000 38.027000 70.829002
