c<A>r<5>R<GLN> 12.061000 7.647000 55.123001
c<A>r<6>R<PRO> 12.611000 3.972000 56.206001
c<A>r<7>R<LEU> 10.786000 1.853000 53.617001
c<A>r<8>R<GLU> 9.811000 -0.558000 56.394001
c<A>r<15>R<GLN> 12.524000 -7.869000 51.185001
c<A>r<16>R<ALA> 15.000000 -8.202000 48.314999
c<A>r<21>R<LYS> 17.407000 -6.235000 44.494999
c<A>r<22>R<ARG> 14.592000 -3.832000 45.480999
c<A>r<23>R<GLN> 14.381000 -0.647000 43.408001
c<A>r<24>R<VAL> 12.650000 2.227000 45.219002
c<A>r<25>R<ILE> 11.448000 5.404000 43.491001
c<A>r<26>R<GLN> 10.053000 8.104000 45.825001
c<A>r<27>R<LEU> 8.745000 11.103000 43.881001
c<A>r<33>R<GLU> 0.624000 15.655000 39.786999
c<A>r<34>R<SER> -2.350000 14.801000 37.554001
c<A>r<35>R<THR> -0.793000 16.521000 34.535000
c<A>r<36>R<LEU> 2.310000 14.474000 35.346001
c<A>r<37>R<LYS> 3.093000 10.874000 34.484001
c<A>r<38>R<VAL> 6.165000 8.806000 35.243999
c<A>r<39>R<GLU> 8.059000 6.722000 32.678001
c<A>r<40>R<LEU> 9.612000 3.538000 34.076000
c<A>r<41>R<LEU> 12.852000 2.263000 32.563000
c<A>r<58>R<LYS> 7.617000 -9.490000 32.208000
c<A>r<59>R<LEU> 6.443000 -6.817000 34.653000
c<A>r<60>R<GLU> 3.599000 -7.799000 36.979000
c<A>r<61>R<ASN> 1.870000 -5.430000 39.384998
c<A>r<62>R<LYS> 1.453000 -6.764000 42.930000
c<A>r<63>R<THR> -0.367000 -5.063000 45.794998
c<A>r<64>R<LEU> 0.599000 -5.162000 49.486000
c<A>r<65>R<GLU> -2.072000 -7.184000 51.321999
c<A>r<66>R<GLY> -3.556000 -5.773000 54.519001
c<A>r<67>R<TRP> -2.343000 -2.366000 53.313999
c<A>r<68>R<GLY> -3.345000 -2.162000 49.643002
c<A>r<69>R<TYR> -0.027000 -0.577000 48.616001
c<A>r<70>R<ASP> 1.346000 -0.943000 45.069000
c<A>r<71>R<TYR> 4.618000 -2.542000 43.948002
c<A>r<101>R<LEU> 6.818000 -2.604000 29.791000
c<A>r<102>R<GLY> 4.529000 -0.943000 27.261000
c<A>r<103>R<ASP> 1.497000 0.329000 29.160999
c<A>r<104>R<ALA> 2.852000 -0.555000 32.645000
c<A>r<105>R<GLY> 5.784000 1.790000 32.041000
c<A>r<106>R<MET> 3.766000 5.006000 32.362999
c<A>r<107>R<LEU> 2.691000 5.123000 36.023998
c<A>r<108>R<ARG> 0.669000 7.947000 37.526001
c<A>r<109>R<TYR> 2.771000 10.478000 39.452999
c<A>r<110>R<ASN> 1.848000 9.921000 43.103001
c<A>r<112>R<LYS> 1.914000 10.067000 48.426998
c<A>r<113>R<LEU> 3.516000 6.692000 47.720001
c<A>r<115>R<ILE> 7.030000 3.266000 43.435001
c<A>r<116>R<VAL> 8.792000 -0.002000 44.397999
c<A>r<117>R<VAL> 10.088000 -2.332000 41.652000
c<A>r<124>R<ASP> 18.146000 -1.608000 36.840000
c<A>r<125>R<VAL> 15.287000 0.850000 37.316002
c<A>r<126>R<LYS> 15.358000 4.494000 36.223999
c<A>r<127>R<TYR> 12.615000 7.053000 35.556000
c<A>r<128>R<ARG> 11.577000 10.105000 33.537998
c<A>r<129>R<VAL> 8.829000 12.569000 34.493000
c<A>r<130>R<TRP> 6.517000 13.614000 31.648001
c<A>r<131>R<LYS> 4.732000 16.976999 31.841000
c<A>r<132>R<ALA> 1.398000 17.091000 29.948000
c<A>r<133>R<GLU> 0.083000 20.143000 28.097000
c<A>r<134>R<GLU> -2.732000 22.474001 29.150999
c<A>r<135>R<LYS> -4.753000 22.615000 25.926001
c<A>r<136>R<ILE> -6.697000 19.566000 24.729000
c<A>r<137>R<ASP> -6.879000 20.018000 20.952999
c<A>r<138>R<ASN> -9.272000 18.784000 18.270000
c<A>r<139>R<ALA> -8.696000 16.728001 15.147000
c<A>r<140>R<VAL> -10.121000 17.775999 11.750000
c<A>r<141>R<VAL> -12.634000 15.403000 10.005000
c<A>r<142>R<ARG> -11.359000 15.879000 6.421000
c<B>r<6>R<PRO> -4.898000 17.142000 0.691000
c<B>r<7>R<LEU> -5.101000 13.750000 2.422000
c<B>r<16>R<ALA> -14.788000 7.245000 5.297000
c<B>r<21>R<LYS> -15.912000 9.252000 9.871000
c<B>r<22>R<ARG> -12.161000 9.857000 9.431000
c<B>r<23>R<GLN> -10.216000 11.752000 12.083000
c<B>r<24>R<VAL> -7.006000 13.463000 10.945000
c<B>r<25>R<ILE> -4.239000 14.672000 13.258000
c<B>r<26>R<GLN> -1.398000 16.474001 11.460000
c<B>r<27>R<LEU> 1.158000 17.677000 14.025000
c<B>r<35>R<THR> 11.016000 13.994000 24.056000
c<B>r<36>R<LEU> 7.471000 14.408000 22.729000
c<B>r<37>R<LYS> 4.528000 12.006000 22.816999
c<B>r<38>R<VAL> 0.885000 12.361000 21.819000
c<B>r<39>R<GLU> -2.051000 11.324000 24.018000
c<B>r<41>R<LEU> -8.465000 10.700000 23.363001
c<B>r<48>R<VAL> -23.316000 11.635000 33.348999
c<B>r<49>R<ASP> -23.278999 12.040000 37.159000
c<B>r<50>R<CYS> -20.427999 12.387000 39.699001
c<B>r<51>R<ASN> -18.863001 8.907000 39.360001
c<B>r<52>R<LEU> -16.459000 7.978000 36.521000
c<B>r<53>R<HIS> -17.674999 6.468000 33.243999
c<B>r<54>R<ARG> -15.533000 4.612000 30.707001
c<B>r<55>R<LEU> -16.421000 4.320000 27.010000
c<B>r<56>R<GLY> -16.184999 0.983000 25.188000
c<B>r<57>R<GLY> -14.398000 -0.059000 22.018000
c<B>r<58>R<LYS> -11.216000 -1.562000 20.587999
c<B>r<59>R<LEU> -8.572000 0.472000 18.728001
c<B>r<60>R<GLU> -6.728000 -1.617000 16.117001
c<B>r<73>R<VAL> -9.356000 2.089000 13.604000
c<B>r<74>R<PHE> -12.057000 2.078000 16.296000
c<B>r<75>R<ASP> -15.046000 -0.272000 16.358000
c<B>r<76>R<LYS> -16.997999 -2.200000 19.025999
c<B>r<77>R<VAL> -18.223000 1.099000 20.496000
c<B>r<78>R<SER> -20.219000 -0.142000 23.482000
c<B>r<79>R<SER> -22.389999 1.792000 25.919001
c<B>r<80>R<PRO> -19.989000 3.466000 28.384001
c<B>r<81>R<VAL> -19.468000 1.190000 31.389000
c<B>r<82>R<SER> -19.357000 2.912000 34.786999
c<B>r<83>R<THR> -19.556999 2.511000 38.539001
c<B>r<84>R<MET> -22.555000 3.225000 40.752998
c<B>r<85>R<MET> -21.686001 5.081000 43.931999
c<B>r<86>R<ALA> -25.260000 6.451000 44.084000
c<B>r<87>R<CYS> -24.603001 10.128000 43.252998
c<B>r<88>R<PRO> -27.139999 12.869000 44.161999
c<B>r<89>R<ASP> -28.917999 11.515000 41.042999
c<B>r<90>R<GLY> -28.363001 14.963000 39.597000
c<B>r<99>R<ALA> -12.333000 4.918000 25.910000
c<B>r<100>R<TYR> -9.322000 3.038000 27.274000
c<B>r<101>R<LEU> -6.755000 2.726000 24.502001
c<B>r<102>R<GLY> -4.105000 2.001000 27.089001
c<B>r<103>R<ASP> -0.742000 1.702000 25.367001
c<B>r<104>R<ALA> -1.999000 2.518000 21.848000
c<B>r<105>R<GLY> -2.998000 5.992000 23.044001
c<B>r<106>R<MET> 0.530000 7.322000 23.653999
c<B>r<115>R<ILE> -2.259000 10.336000 12.452000
c<B>r<116>R<VAL> -5.437000 8.988000 10.834000
c<B>r<117>R<VAL> -8.065000 7.345000 13.057000
c<B>r<118>R<TYR> -11.224000 5.658000 11.705000
c<B>r<124>R<ASP> -14.680000 11.650000 18.593000
c<B>r<125>R<VAL> -10.899000 12.000000 18.468000
c<B>r<126>R<LYS> -8.779000 14.582000 20.302000
c<B>r<127>R<TYR> -5.173000 14.810000 21.497999
c<B>r<128>R<ARG> -2.771000 16.264999 24.038000
c<B>r<129>R<VAL> 0.994000 16.667000 23.524000
c<B>r<130>R<TRP> 3.135000 15.394000 26.424999
c<B>r<131>R<LYS> 6.606000 16.903999 26.917000
c<B>r<132>R<ALA> 9.129000 14.655000 28.714001
c<B>r<133>R<GLU> 12.069000 15.727000 30.834999
c<B>r<134>R<GLU> 15.810000 15.860000 30.243999
c<B>r<135>R<LYS> 17.219999 14.253000 33.368999
c<B>r<136>R<ILE> 16.738001 10.531000 33.818001
c<B>r<137>R<ASP> 16.808001 10.008000 37.577999
c<B>r<138>R<ASN> 17.962999 6.919000 39.504002
c<B>r<139>R<ALA> 15.989000 4.616000 41.775002
c<B>r<140>R<VAL> 17.532000 4.323000 45.230999
c<B>r<141>R<VAL> 18.063000 0.771000 46.508999
c<B>r<142>R<ARG> 16.587999 0.849000 50.019001
c<C>r<16>R<ILE> -8.259000 -5.035000 42.402000
c<C>r<17>R<VAL> -6.261000 -2.819000 44.847000
c<C>r<18>R<GLY> -4.027000 -4.555000 47.391998
c<C>r<19>R<GLY> -4.663000 -8.061000 46.013000
c<C>r<20>R<TYR> -2.279000 -10.760000 44.667999
c<C>r<21>R<THR> -1.860000 -12.149000 41.131001
c<C>r<33>R<LEU> -15.540000 -8.158000 28.549000
c<C>r<34>R<ASN> -13.735000 -6.457000 25.671000
c<C>r<37>R<SER> -14.663000 -3.842000 23.103001
c<C>r<38>R<GLY> -11.164000 -3.227000 21.819000
c<C>r<39>R<TYR> -9.763000 -3.132000 25.391001
c<C>r<40>R<HIS> -10.740000 -4.766000 28.735001
c<C>r<41>R<PHE> -13.573000 -2.801000 30.332001
c<C>r<42>R<CYS> -15.341000 -5.125000 32.736000
c<C>r<55>R<ALA> -23.257000 -5.834000 35.937000
c<C>r<56>R<ALA> -25.709000 -3.660000 33.991001
c<C>r<57>R<HIS> -23.301001 -0.789000 34.332001
c<C>r<58>R<CYS> -21.076000 -2.811000 31.917999
c<C>r<59>R<TYR> -23.658001 -2.660000 29.086000
c<C>r<60>R<LYS> -22.358999 -1.868000 25.572001
c<C>r<61>R<SER> -23.955999 -2.383000 22.128000
c<C>r<62>R<ARG> -21.386999 -5.058000 21.132999
c<C>r<63>R<ILE> -19.077000 -7.031000 23.459000
c<C>r<64>R<GLN> -16.531000 -9.758000 22.896999
c<C>r<72>R<ASN> -2.483000 -12.212000 30.782000
c<C>r<95>R<ASP> -31.334000 2.345000 37.720001
c<C>r<96>R<ARG> -28.155001 3.905000 36.273998
c<C>r<97>R<LYS> -28.232000 6.556000 38.979000
c<C>r<98>R<THR> -28.511000 4.505000 42.175999
c<C>r<99>R<LEU> -27.094999 1.318000 40.667999
c<C>r<100>R<ASN> -29.979000 -0.648000 42.173000
c<C>r<102>R<ASP> -26.833000 -3.692000 38.757000
c<C>r<144>R<THR> -4.939000 -1.754000 41.132000
c<C>r<145>R<LEU> -4.267000 1.704000 42.685001
c<C>r<146>R<SER> -6.166000 3.640000 45.369999
c<C>r<147>R<SER> -5.194000 6.973000 43.671001
c<C>r<148>R<GLY> -4.706000 7.259000 39.855999
c<C>r<149>R<VAL> -4.825000 4.213000 37.573002
c<C>r<150>R<ASN> -2.725000 1.177000 36.777000
c<C>r<151>R<GLU> -4.253000 -1.544000 34.549000
c<C>r<152>R<PRO> -2.680000 -4.933000 35.216000
c<C>r<153>R<ASP> -1.882000 -7.469000 32.554001
c<C>r<154>R<LEU> -2.454000 -10.440000 34.938999
c<C>r<155>R<LEU> -5.672000 -11.415000 36.683998
c<C>r<156>R<GLN> -5.680000 -10.155000 40.313000
c<C>r<158>R<LEU> -8.440000 -10.642000 46.728001
c<C>r<159>R<ASP> -9.677000 -12.722000 49.687000
c<C>r<172>R<TYR> -23.113001 4.953000 52.575001
c<C>r<174>R<GLY> -29.257999 6.221000 52.241001
c<C>r<175>R<LYS> -27.584000 4.494000 49.243999
c<C>r<176>R<ILE> -27.709999 0.768000 50.076000
c<C>r<184>i<A>R<PHE> -12.270000 -4.106000 54.736000
c<C>r<186>R<GLU> -9.644000 -0.111000 57.138000
c<C>r<187>R<GLY> -9.134000 0.325000 53.376999
c<C>r<188>R<LYS> -7.699000 -3.866000 49.653000
c<C>r<189>R<ASP> -10.788000 -3.514000 47.433998
c<C>r<191>R<CYS> -12.001000 -0.821000 41.562000
c<C>r<192>R<GLN> -13.089000 0.428000 38.125000
c<C>r<193>R<GLY> -12.613000 -2.278000 35.469002
c<C>r<194>R<ASP> -13.404000 -5.021000 37.967999
c<C>r<195>R<CYS> -17.115999 -4.003000 37.529999
c<C>r<196>R<GLY> -19.347000 -6.941000 36.680000
c<C>r<213>R<VAL> -18.566999 -5.864000 41.530998
c<C>r<214>R<SER> -20.802999 -2.736000 41.396999
c<C>r<215>R<TRP> -19.565001 0.515000 42.965000
c<C>r<216>R<GLY> -17.917000 2.275000 45.915001
c<C>r<217>R<TYR> -16.624001 5.700000 46.870998
c<C>r<219>R<GLY> -13.017000 5.802000 45.657001
c<C>r<220>R<CYS> -11.144000 2.491000 45.771000
c<C>r<221>R<LEU> -10.289000 3.944000 51.109001
c<C>r<226>R<GLY> -16.812000 -2.037000 47.946999
c<C>r<227>R<VAL> -20.590000 -2.408000 47.238998
c<C>r<228>R<TYR> -21.745001 -5.430000 45.182999
