c<A>r<5>R<GLN> 12.061000 7.647000 55.123001
c<A>r<6>R<PRO> 12.611000 3.972000 56.206001
c<A>r<7>R<LEU> 10.786000 1.853000 53.617001
c<A>r<8>R<GLU> 9.811000 -0.558000 56.394001
c<A>r<15>R<GLN> 12.524000 -7.869000 51.185001
c<A>r<16>R<ALA> 15.000000 -8.202000 48.314999
c<A>r<21>R<LYS> 17.407000 -6.235000 44.494999
c<A>r<22>R<ARG> 14.592000 -3.832000 45.480999
c<A>r<23>R<GLN> 14.381000 -0.647000 43.408001
c<A>r<24>R<VAL> 12.650000 2.227000 45.219002
c<A>r<25>R<ILE> 11.448000 5.404000 43.491001
c<A>r<26>R<GLN> 10.053000 8.104000 45.825001
c<A>r<27>R<LEU> 8.745000 11.103000 43.881001
c<A>r<35>R<THR> -0.793000 16.521000 34.535000
c<A>r<36>R<LEU> 2.310000 14.474000 35.346001
c<A>r<37>R<LYS> 3.093000 10.874000 34.484001
c<A>r<38>R<VAL> 6.165000 8.806000 35.243999
c<A>r<39>R<GLU> 8.059000 6.722000 32.678001
c<A>r<40>R<LEU> 9.612000 3.538000 34.076000
c<A>r<41>R<LEU> 12.852000 2.263000 32.563000
c<A>r<49>R<ASP> 26.327999 -2.137000 17.860001
c<A>r<51>R<ASN> 21.118999 -1.554000 15.517000
c<A>r<52>R<LEU> 18.631001 -1.259000 18.386999
c<A>r<53>R<HIS> 18.323999 -3.984000 21.031000
c<A>r<54>R<ARG> 15.422000 -4.832000 23.329000
c<A>r<55>R<LEU> 15.603000 -6.542000 26.731001
c<A>r<56>R<GLY> 13.388000 -9.448000 27.806999
c<A>r<57>R<GLY> 11.173000 -9.684000 30.875000
c<A>r<58>R<LYS> 7.617000 -9.490000 32.208000
c<A>r<59>R<LEU> 6.443000 -6.817000 34.653000
c<A>r<60>R<GLU> 3.599000 -7.799000 36.979000
c<A>r<75>R<ASP> 11.272000 -11.429000 36.056999
c<A>r<76>R<LYS> 11.890000 -13.470000 32.900002
c<A>r<77>R<VAL> 14.799000 -11.141000 32.070999
c<A>r<78>R<SER> 15.949000 -12.715000 28.809999
c<A>r<79>R<SER> 18.792999 -12.091000 26.384001
c<A>r<80>R<PRO> 18.031000 -8.869000 24.459000
c<A>r<81>R<VAL> 16.129000 -9.814000 21.294001
c<A>r<82>R<SER> 17.657000 -7.572000 18.620001
c<A>r<83>R<THR> 17.955999 -7.104000 14.871000
c<A>r<84>R<MET> 20.818001 -7.696000 12.435000
c<A>r<85>R<MET> 21.598000 -5.061000 9.809000
c<A>r<86>R<ALA> 25.299000 -5.972000 9.690000
c<A>r<87>R<CYS> 26.722000 -2.869000 11.411000
c<A>r<88>R<PRO> 30.455999 -2.185000 10.953000
c<A>r<89>R<ASP> 30.639000 -5.058000 13.493000
c<A>r<90>R<GLY> 32.134998 -2.447000 15.776000
c<A>r<99>R<ALA> 12.749000 -3.731000 28.430000
c<A>r<100>R<TYR> 9.308000 -3.081000 26.950001
c<A>r<101>R<LEU> 6.818000 -2.604000 29.791000
c<A>r<102>R<GLY> 4.529000 -0.943000 27.261000
c<A>r<103>R<ASP> 1.497000 0.329000 29.160999
c<A>r<104>R<ALA> 2.852000 -0.555000 32.645000
c<A>r<105>R<GLY> 5.784000 1.790000 32.041000
c<A>r<106>R<MET> 3.766000 5.006000 32.362999
c<A>r<115>R<ILE> 7.030000 3.266000 43.435001
c<A>r<116>R<VAL> 8.792000 -0.002000 44.397999
c<A>r<117>R<VAL> 10.088000 -2.332000 41.652000
c<A>r<124>R<ASP> 18.146000 -1.608000 36.840000
c<A>r<125>R<VAL> 15.287000 0.850000 37.316002
c<A>r<126>R<LYS> 15.358000 4.494000 36.223999
c<A>r<127>R<TYR> 12.615000 7.053000 35.556000
c<A>r<128>R<ARG> 11.577000 10.105000 33.537998
c<A>r<129>R<VAL> 8.829000 12.569000 34.493000
c<A>r<130>R<TRP> 6.517000 13.614000 31.648001
c<A>r<131>R<LYS> 4.732000 16.976999 31.841000
c<A>r<132>R<ALA> 1.398000 17.091000 29.948000
c<A>r<133>R<GLU> 0.083000 20.143000 28.097000
c<A>r<134>R<GLU> -2.732000 22.474001 29.150999
c<A>r<135>R<LYS> -4.753000 22.615000 25.926001
c<A>r<136>R<ILE> -6.697000 19.566000 24.729000
c<A>r<137>R<ASP> -6.879000 20.018000 20.952999
c<A>r<138>R<ASN> -9.272000 18.784000 18.270000
c<A>r<139>R<ALA> -8.696000 16.728001 15.147000
c<A>r<140>R<VAL> -10.121000 17.775999 11.750000
c<A>r<141>R<VAL> -12.634000 15.403000 10.005000
c<A>r<142>R<ARG> -11.359000 15.879000 6.421000
c<B>r<6>R<PRO> -4.898000 17.142000 0.691000
c<B>r<7>R<LEU> -5.101000 13.750000 2.422000
c<B>r<16>R<ALA> -14.788000 7.245000 5.297000
c<B>r<21>R<LYS> -15.912000 9.252000 9.871000
c<B>r<22>R<ARG> -12.161000 9.857000 9.431000
c<B>r<23>R<GLN> -10.216000 11.752000 12.083000
c<B>r<24>R<VAL> -7.006000 13.463000 10.945000
c<B>r<25>R<ILE> -4.239000 14.672000 13.258000
c<B>r<26>R<GLN> -1.398000 16.474001 11.460000
c<B>r<27>R<LEU> 1.158000 17.677000 14.025000
c<B>r<35>R<THR> 11.016000 13.994000 24.056000
c<B>r<36>R<LEU> 7.471000 14.408000 22.729000
c<B>r<37>R<LYS> 4.528000 12.006000 22.816999
c<B>r<38>R<VAL> 0.885000 12.361000 21.819000
c<B>r<39>R<GLU> -2.051000 11.324000 24.018000
c<B>r<41>R<LEU> -8.465000 10.700000 23.363001
c<B>r<58>R<LYS> -11.216000 -1.562000 20.587999
c<B>r<59>R<LEU> -8.572000 0.472000 18.728001
c<B>r<60>R<GLU> -6.728000 -1.617000 16.117001
c<B>r<61>R<ASN> -3.703000 -0.247000 14.244000
c<B>r<62>R<LYS> -3.779000 -0.687000 10.473000
c<B>r<63>R<THR> -0.954000 0.055000 8.030000
c<B>r<64>R<LEU> -1.456000 1.410000 4.515000
c<B>r<65>R<GLU> -0.110000 -1.405000 2.312000
c<B>r<66>R<GLY> 1.909000 -0.523000 -0.768000
c<B>r<67>R<TRP> 2.972000 2.615000 1.113000
c<B>r<68>R<GLY> 3.733000 1.439000 4.650000
c<B>r<69>R<TYR> 1.839000 4.366000 6.185000
c<B>r<70>R<ASP> -0.012000 4.044000 9.511000
c<B>r<72>R<TYR> -5.751000 3.355000 13.472000
c<B>r<101>R<LEU> -6.755000 2.726000 24.502001
c<B>r<102>R<GLY> -4.105000 2.001000 27.089001
c<B>r<103>R<ASP> -0.742000 1.702000 25.367001
c<B>r<104>R<ALA> -1.999000 2.518000 21.848000
c<B>r<105>R<GLY> -2.998000 5.992000 23.044001
c<B>r<106>R<MET> 0.530000 7.322000 23.653999
c<B>r<107>R<LEU> 1.804000 7.536000 20.052999
c<B>r<108>R<ARG> 5.221000 8.881000 19.087000
c<B>r<110>R<ASN> 5.708000 12.468000 14.164000
c<B>r<112>R<LYS> 6.364000 13.738000 9.075000
c<B>r<115>R<ILE> -2.259000 10.336000 12.452000
c<B>r<116>R<VAL> -5.437000 8.988000 10.834000
c<B>r<117>R<VAL> -8.065000 7.345000 13.057000
c<B>r<118>R<TYR> -11.224000 5.658000 11.705000
c<B>r<124>R<ASP> -14.680000 11.650000 18.593000
c<B>r<125>R<VAL> -10.899000 12.000000 18.468000
c<B>r<126>R<LYS> -8.779000 14.582000 20.302000
c<B>r<127>R<TYR> -5.173000 14.810000 21.497999
c<B>r<128>R<ARG> -2.771000 16.264999 24.038000
c<B>r<129>R<VAL> 0.994000 16.667000 23.524000
c<B>r<130>R<TRP> 3.135000 15.394000 26.424999
c<B>r<131>R<LYS> 6.606000 16.903999 26.917000
c<B>r<132>R<ALA> 9.129000 14.655000 28.714001
c<B>r<133>R<GLU> 12.069000 15.727000 30.834999
c<B>r<134>R<GLU> 15.810000 15.860000 30.243999
c<B>r<135>R<LYS> 17.219999 14.253000 33.368999
c<B>r<136>R<ILE> 16.738001 10.531000 33.818001
c<B>r<137>R<ASP> 16.808001 10.008000 37.577999
c<B>r<138>R<ASN> 17.962999 6.919000 39.504002
c<B>r<139>R<ALA> 15.989000 4.616000 41.775002
c<B>r<140>R<VAL> 17.532000 4.323000 45.230999
c<B>r<141>R<VAL> 18.063000 0.771000 46.508999
c<B>r<142>R<ARG> 16.587999 0.849000 50.019001
c<C>r<16>R<ILE> 5.717000 -6.049000 8.044000
c<C>r<17>R<VAL> 5.887000 -2.598000 6.330000
c<C>r<18>R<GLY> 3.439000 -1.901000 3.501000
c<C>r<19>R<GLY> 1.565000 -5.207000 3.899000
c<C>r<20>R<TYR> -2.136000 -5.993000 4.581000
c<C>r<21>R<THR> -3.811000 -7.541000 7.648000
c<C>r<34>R<ASN> 6.745000 -14.293000 23.629999
c<C>r<37>R<SER> 8.726000 -13.516000 26.754999
c<C>r<38>R<GLY> 6.227000 -11.127000 28.275999
c<C>r<39>R<TYR> 5.700000 -9.374000 24.903000
c<C>r<40>R<HIS> 5.905000 -10.461000 21.216999
c<C>r<41>R<PHE> 9.533000 -10.448000 20.087000
c<C>r<42>R<CYS> 9.791000 -12.756000 17.101999
c<C>r<57>R<HIS> 18.848000 -14.239000 16.408001
c<C>r<58>R<CYS> 15.541000 -14.862000 18.291000
c<C>r<59>R<TYR> 17.236000 -17.016001 20.972000
c<C>r<60>R<LYS> 16.236000 -16.386999 24.614000
c<C>r<61>R<SER> 16.673000 -18.546000 27.749001
c<C>r<62>R<ARG> 12.892000 -19.118999 28.105000
c<C>r<63>R<ILE> 10.208000 -18.598000 25.427999
c<C>r<72>R<ASN> -4.804000 -10.283000 17.598000
c<C>r<75>R<VAL> -6.884000 -9.967000 22.587000
c<C>r<96>R<ARG> 25.775999 -13.410000 15.581000
c<C>r<97>R<LYS> 27.854000 -10.895000 13.657000
c<C>r<98>R<THR> 27.240999 -11.880000 10.030000
c<C>r<99>R<LEU> 23.962999 -13.677000 10.707000
c<C>r<144>R<THR> 5.011000 -1.797000 10.238000
c<C>r<145>R<LEU> 6.851000 1.536000 9.660000
c<C>r<146>R<SER> 9.890000 2.362000 7.505000
c<C>r<147>R<SER> 10.970000 5.069000 10.044000
c<C>r<148>R<GLY> 10.242000 4.742000 13.817000
c<C>r<149>R<VAL> 8.128000 1.903000 15.226000
c<C>r<150>R<ASN> 4.514000 0.810000 15.280000
c<C>r<151>R<GLU> 3.699000 -2.669000 16.670000
c<C>r<152>R<PRO> 0.475000 -4.032000 15.201000
c<C>r<153>R<ASP> -2.082000 -5.996000 17.139999
c<C>r<154>R<LEU> -3.152000 -8.029000 14.047000
c<C>r<156>R<GLN> 0.262000 -8.669000 8.822000
c<C>r<157>R<CYS> 0.999000 -10.378000 5.509000
c<C>r<158>R<LEU> 2.982000 -9.355000 2.407000
c<C>r<172>R<TYR> 24.792000 -5.814000 0.299000
c<C>r<175>R<LYS> 27.499001 -9.730000 3.238000
c<C>r<187>R<GLY> 11.238000 -0.197000 -1.187000
c<C>r<188>R<LYS> 7.015000 -3.218000 1.370000
c<C>r<189>R<ASP> 9.312000 -5.409000 3.494000
c<C>r<191>R<CYS> 11.104000 -5.489000 9.817000
c<C>r<192>R<GLN> 12.241000 -6.018000 13.420000
c<C>r<193>R<GLY> 9.828000 -8.310000 15.298000
c<C>r<194>R<ASP> 9.085000 -10.287000 12.147000
c<C>r<195>R<CYS> 12.522000 -11.985000 12.704000
c<C>r<214>R<SER> 16.691000 -12.526000 9.171000
c<C>r<215>R<TRP> 17.968000 -8.986000 8.545000
c<C>r<216>R<GLY> 18.195999 -5.981000 6.213000
c<C>r<217>R<TYR> 19.452999 -2.413000 6.225000
c<C>r<219>R<GLY> 16.562000 -0.319000 7.549000
c<C>r<220>R<CYS> 13.079000 -1.557000 6.645000
c<C>r<226>R<GLY> 14.951000 -8.022000 3.172000
c<C>r<227>R<VAL> 17.541000 -10.850000 3.626000
