c<A>r<63>R<PRO> -6.139000 2.537000 -10.678000
c<A>r<64>R<ALA> -7.368000 6.192000 -10.577000
c<A>r<65>R<VAL> -6.983000 9.588000 -12.335000
c<A>r<117>R<SER> -6.901000 -0.071000 -24.296000
c<A>r<118>R<ALA> -7.559000 -1.656000 -20.840000
c<A>r<119>R<ILE> -9.817000 0.352000 -18.492001
c<A>r<120>R<MET> -10.674000 -2.566000 -16.125999
c<A>r<166>R<LYS> -7.596000 21.167999 -6.004000
c<A>r<167>R<ASN> -10.278000 22.372000 -8.491000
c<A>r<170>R<THR> -11.076000 15.633000 -13.747000
c<A>r<171>R<LYS> -11.350000 15.295000 -17.582001
c<A>r<173>R<LEU> -6.298000 14.409000 -15.505000
c<A>r<175>R<VAL> -6.866000 8.683000 -17.069000
c<A>r<176>R<ARG> -7.089000 5.384000 -15.194000
c<A>r<177>R<GLY> -5.941000 2.310000 -17.131001
c<A>r<205>R<PRO> -4.372000 17.547001 -3.398000
c<A>r<206>R<GLY> -6.745000 15.799000 -0.917000
c<A>r<207>R<ILE> -7.018000 12.521000 -2.932000
c<A>r<208>R<PRO> -5.362000 9.622000 -1.000000
c<A>r<209>R<GLY> -2.649000 8.177000 -3.241000
c<A>r<210>R<VAL> -3.232000 4.709000 -4.702000
c<A>r<224>R<GLN> -2.663000 -8.386000 -8.871000
c<A>r<225>R<ALA> -4.946000 -5.592000 -10.204000
c<A>r<226>R<ILE> -8.154000 -7.728000 -9.899000
c<A>r<227>R<ALA> -7.250000 -8.711000 -6.293000
c<A>r<228>R<ALA> -6.515000 -5.037000 -5.434000
c<A>r<229>R<GLU> -9.970000 -3.819000 -6.725000
c<A>r<230>R<GLU> -12.516000 -6.627000 -5.860000
c<B>r<1>R<GLY> -3.948000 -9.899000 -0.201000
c<B>r<2>R<LEU> -6.676000 -8.019000 1.735000
c<B>r<3>R<PRO> -8.548000 -6.009000 -0.936000
c<B>r<4>R<SER> -8.663000 -2.179000 -0.514000
c<B>r<5>R<LEU> -11.602000 -0.687000 1.458000
c<B>r<6>R<LYS> -13.168000 2.212000 -0.579000
c<B>r<11>R<LEU> -13.215000 9.949000 -7.579000
c<B>r<12>R<SER> -13.432000 9.379000 -11.374000
c<B>r<13>R<GLU> -16.025999 8.098000 -13.830000
c<B>r<14>R<ASP> -14.449000 6.867000 -17.077999
c<B>r<15>R<THR> -16.600000 5.824000 -20.101999
c<B>r<16>R<ILE> -15.620000 2.458000 -21.622999
c<B>r<17>R<PRO> -14.517000 3.259000 -25.247999
c<B>r<22>R<THR> -18.898001 3.689000 -17.094000
c<B>r<23>R<VAL> -16.115000 2.608000 -14.711000
c<B>r<24>R<LYS> -16.350000 4.347000 -11.320000
c<B>r<25>R<THR> -13.146000 4.738000 -9.339000
c<B>r<26>R<LEU> -14.118000 5.103000 -5.666000
c<B>r<27>R<LEU> -12.222000 7.407000 -3.274000
c<B>r<28>R<PRO> -10.194000 5.377000 -0.669000
c<B>r<29>R<TYR> -10.889000 5.916000 3.043000
c<B>r<30>R<GLY> -8.318000 8.341000 4.559000
c<B>r<31>R<SER> -7.654000 5.906000 7.445000
c<B>r<80>R<ILE> -6.736000 -13.610000 1.753000
c<B>r<162>R<PHE> -16.056999 14.690000 -2.365000
c<B>r<163>R<ASP> -14.999000 18.384001 -2.699000
c<B>r<204>R<PRO> -14.063000 16.073999 4.931000
c<B>r<205>R<PRO> -11.426000 17.485001 2.482000
c<B>r<206>R<GLY> -8.575000 19.365999 4.248000
c<B>r<207>R<ILE> -9.204000 17.757000 7.699000
c<B>r<208>R<PRO> -6.160000 15.576000 8.637000
