c<A>r<50>R<ARG> -11.202000 -9.378000 -4.389000
c<A>r<51>R<PHE> -13.226000 -12.557000 -4.996000
c<A>r<53>R<LYS> -14.604000 -8.975000 -9.117000
c<A>r<54>R<GLY> -11.251000 -10.830000 -9.356000
c<A>r<55>R<SER> -9.801000 -7.514000 -8.072000
c<A>r<56>R<ALA> -6.221000 -6.945000 -6.873000
c<A>r<57>R<THR> -6.956000 -3.453000 -5.431000
c<A>r<58>R<LEU> -10.579000 -3.330000 -4.116000
c<A>r<62>R<ILE> -10.658000 1.191000 -1.401000
c<A>r<63>R<SER> -14.111000 -0.131000 -2.473000
c<A>r<64>R<THR> -15.691000 2.314000 0.044000
c<A>r<65>R<LEU> -13.855000 5.264000 -1.593000
c<A>r<66>R<GLU> -14.638000 3.929000 -5.111000
c<A>r<67>R<ASN> -18.367001 3.733000 -4.155000
c<A>r<68>R<CYS> -18.240999 7.438000 -3.084000
c<A>r<69>R<GLY> -17.416000 8.183000 -6.767000
c<A>r<70>R<ARG> -15.393000 11.230000 -7.856000
c<A>r<71>R<LEU> -15.480000 13.978000 -5.206000
c<A>r<72>R<GLU> -13.720000 17.356001 -4.965000
c<A>r<73>R<GLY> -10.811000 17.249001 -2.406000
c<A>r<74>R<LYS> -12.738000 19.613001 -0.040000
c<A>r<75>R<VAL> -15.552000 16.993999 0.422000
c<A>r<76>R<TYR> -13.185000 14.590000 2.273000
c<A>r<77>R<LYS> -12.475000 17.316999 4.890000
c<A>r<88>R<CYS> -3.075000 -2.013000 5.200000
c<A>r<89>R<ASP> -0.315000 0.353000 3.896000
c<A>r<90>R<MET> -2.360000 0.963000 0.617000
c<A>r<91>R<CYS> -5.639000 1.831000 2.404000
c<A>r<92>R<THR> -3.651000 4.003000 4.865000
c<A>r<93>R<GLY> -2.144000 5.822000 1.854000
c<A>r<94>R<ALA> -5.661000 6.444000 0.410000
c<A>r<95>R<ILE> -6.837000 8.015000 3.744000
c<A>r<96>R<ILE> -3.683000 10.221000 3.717000
c<A>r<97>R<MET> -3.918000 11.236000 0.023000
c<A>r<98>R<TYR> -7.609000 12.291000 0.242000
c<A>r<99>R<GLY> -6.913000 13.992000 3.619000
c<A>r<100>R<ILE> -9.665000 12.046000 5.474000
c<A>r<113>R<SER> -0.060000 -2.940000 9.426000
c<A>r<115>R<GLY> -0.252000 2.055000 8.526000
c<A>r<122>R<ARG> 0.653000 12.059000 9.262000
c<A>r<147>R<GLN> -4.550000 -18.753000 1.540000
c<A>r<148>R<ASP> -7.292000 -16.365000 0.337000
c<A>r<150>R<PHE> -2.690000 -14.202000 2.472000
c<A>r<151>R<GLU> -3.512000 -13.205000 -1.141000
c<A>r<152>R<ASP> -5.478000 -10.164000 0.203000
c<A>r<153>R<ILE> -2.439000 -8.899000 2.180000
c<A>r<154>R<GLY> 0.138000 -9.743000 -0.565000
c<A>r<155>R<GLU> 1.712000 -12.661000 1.422000
c<B>r<50>R<ARG> -10.344000 8.618000 -13.049000
c<B>r<51>R<PHE> -12.051000 10.254000 -16.048000
c<B>r<53>R<LYS> -14.384000 5.135000 -15.384000
c<B>r<54>R<GLY> -15.427000 7.889000 -12.923000
c<B>r<55>R<SER> -12.967000 6.128000 -10.564000
c<B>r<56>R<ALA> -11.716000 7.479000 -7.215000
c<B>r<57>R<THR> -9.036000 4.739000 -6.782000
c<B>r<58>R<LEU> -7.685000 3.731000 -10.246000
c<B>r<62>R<ILE> -3.419000 0.961000 -8.960000
c<B>r<63>R<SER> -4.839000 0.395000 -12.506000
c<B>r<64>R<THR> -1.547000 -1.399000 -13.372000
c<B>r<65>R<LEU> -1.955000 -3.757000 -10.357000
c<B>r<66>R<GLU> -5.692000 -4.245000 -11.110000
c<B>r<67>R<ASN> -4.780000 -5.227000 -14.721000
c<B>r<68>R<CYS> -2.292000 -7.836000 -13.351000
c<B>r<69>R<GLY> -5.381000 -9.515000 -11.788000
c<B>r<70>R<ARG> -5.224000 -11.787000 -8.720000
c<B>r<71>R<LEU> -1.673000 -13.087000 -8.179000
c<B>r<72>R<GLU> -0.161000 -15.106000 -5.322000
c<B>r<73>R<GLY> 1.855000 -12.831000 -2.958000
c<B>r<74>R<LYS> 5.139000 -14.628000 -3.949000
c<B>r<75>R<VAL> 4.839000 -13.358000 -7.593000
c<B>r<76>R<TYR> 5.390000 -9.683000 -6.575000
c<B>r<77>R<LYS> 8.635000 -10.410000 -4.613000
c<B>r<88>R<CYS> 1.159000 9.251000 -4.121000
c<B>r<89>R<ASP> 0.736000 7.901000 -0.533000
c<B>r<90>R<MET> -1.925000 5.323000 -1.773000
c<B>r<91>R<CYS> 0.187000 3.947000 -4.670000
c<B>r<92>R<THR> 3.228000 3.885000 -2.320000
c<B>r<93>R<GLY> 1.144000 1.835000 0.142000
c<B>r<94>R<ALA> 0.202000 -0.652000 -2.651000
c<B>r<95>R<ILE> 3.923000 -1.193000 -3.563000
c<B>r<96>R<ILE> 4.640000 -1.781000 0.169000
c<B>r<97>R<MET> 1.643000 -4.099000 0.796000
c<B>r<98>R<TYR> 2.438000 -6.358000 -2.197000
c<B>r<99>R<GLY> 6.181000 -6.253000 -1.320000
c<B>r<100>R<ILE> 7.160000 -5.081000 -4.845000
c<B>r<113>R<SER> 4.574000 12.790000 -2.226000
c<B>r<114>R<LYS> 6.275000 11.738000 1.056000
c<B>r<115>R<GLY> 5.681000 8.209000 -0.372000
c<B>r<147>R<GLN> -8.724000 21.344000 -11.057000
c<B>r<148>R<ASP> -8.905000 17.830000 -12.577000
c<B>r<150>R<PHE> -6.178000 18.549000 -7.829000
c<B>r<151>R<GLU> -9.105000 16.062000 -7.758000
c<B>r<152>R<ASP> -6.617000 13.244000 -8.657000
c<B>r<153>R<ILE> -4.404000 14.079000 -5.624000
c<B>r<154>R<GLY> -7.265000 14.882000 -3.161000
c<B>r<155>R<GLU> -6.734000 18.716000 -3.041000
