c<A>r<20>R<ASN> -6.098000 9.954000 9.904000
c<A>r<47>R<GLN> -7.888000 3.339000 -5.104000
c<A>r<48>R<ASN> -7.733000 6.054000 -2.351000
c<A>r<50>R<GLY> -6.947000 3.969000 2.659000
c<A>r<51>R<LYS> -5.543000 0.390000 2.093000
c<A>r<52>R<THR> -1.865000 1.306000 2.321000
c<A>r<53>R<SER> -2.614000 3.766000 5.188000
c<A>r<54>R<LEU> -4.270000 1.044000 7.167000
c<A>r<55>R<LEU> -1.312000 -1.318000 6.745000
c<A>r<56>R<THR> 1.086000 1.450000 7.740000
c<A>r<57>R<LEU> -0.950000 2.241000 10.819000
c<A>r<59>R<THR> 2.557000 -1.949000 11.305000
c<A>r<60>R<THR> 3.930000 1.257000 12.837000
c<A>r<61>R<ASP> 1.435000 2.099000 15.617000
c<A>r<65>R<ASP> 4.438000 -6.772000 15.712000
c<A>r<66>R<TYR> 2.190000 -8.233000 13.088000
c<A>r<67>R<ASP> 5.615000 -8.780000 11.639000
c<A>r<68>R<GLY> 6.627000 -11.705000 13.724000
c<A>r<69>R<SER> 3.679000 -13.711000 14.622000
c<A>r<70>R<GLY> 3.422000 -15.530000 11.406000
c<A>r<71>R<VAL> 0.409000 -13.435000 10.574000
c<A>r<72>R<THR> 0.574000 -11.862000 7.166000
c<A>r<73>R<LEU> -1.358000 -8.747000 6.347000
c<A>r<74>R<VAL> -1.224000 -8.329000 2.612000
c<A>r<75>R<ASP> -2.139000 -5.048000 0.922000
c<A>r<76>R<PHE> -3.179000 -5.333000 -2.688000
c<A>r<77>R<PRO> -3.089000 -2.492000 -5.205000
c<A>r<78>R<GLY> -6.439000 -0.856000 -6.053000
c<A>r<79>R<HIS> -5.920000 0.090000 -9.752000
c<A>r<81>R<LYS> -5.274000 -3.036000 -14.194000
c<A>r<82>R<LEU> -3.828000 -4.748000 -11.244000
c<A>r<85>R<LYS> -2.969000 -9.870000 -8.594000
c<A>r<86>R<LEU> -5.548000 -10.350000 -5.903000
c<A>r<89>R<TYR> -3.474000 -14.787000 -4.887000
c<B>r<18>R<ASN> 4.046000 -6.054000 -13.639000
c<B>r<44>R<GLN> 1.196000 8.134000 -5.798000
c<B>r<45>R<ASN> 1.031000 5.460000 -8.556000
c<B>r<47>R<GLY> 4.182000 1.096000 -7.573000
c<B>r<48>R<LYS> 4.855000 1.206000 -3.739000
c<B>r<49>R<THR> 2.005000 -1.097000 -2.672000
c<B>r<50>R<SER> 2.618000 -3.347000 -5.745000
c<B>r<51>R<LEU> 6.206000 -3.791000 -4.767000
c<B>r<52>R<LEU> 5.242000 -4.738000 -1.177000
c<B>r<53>R<THR> 2.659000 -7.202000 -2.475000
c<B>r<54>R<LEU> 5.186000 -8.762000 -4.801000
c<B>r<56>R<THR> 5.386000 -10.409000 0.462000
c<B>r<57>R<ALA> 4.502000 -13.202000 -1.954000
c<B>r<60>R<ASP> 8.959000 -16.365000 3.332000
c<B>r<61>R<GLY> 8.820000 -14.224000 6.377000
c<B>r<62>R<SER> 12.436000 -13.257000 6.844000
c<B>r<63>R<GLY> 12.328000 -10.872000 9.793000
c<B>r<64>R<VAL> 12.600000 -7.804000 7.568000
c<B>r<65>R<THR> 9.894000 -5.295000 8.063000
c<B>r<66>R<LEU> 9.070000 -3.624000 4.823000
c<B>r<67>R<VAL> 6.927000 -0.655000 5.555000
c<B>r<68>R<ASP> 4.902000 0.921000 2.751000
c<B>r<69>R<PHE> 3.996000 4.520000 3.299000
c<B>r<70>R<PRO> 1.122000 6.261000 1.541000
c<B>r<71>R<GLY> 2.050000 8.585000 -1.332000
c<B>r<72>R<HIS> -0.681000 11.272000 -1.053000
c<B>r<74>R<LYS> -1.637000 14.987000 2.828000
c<B>r<75>R<LEU> -0.182000 11.925000 4.333000
c<B>r<78>R<LYS> 3.392000 9.877000 8.429000
c<B>r<79>R<LEU> 6.733000 9.031000 6.907000
c<B>r<82>R<TYR> 8.290000 7.630000 11.487000
c<B>r<86>R<ARG> 12.926000 5.303000 14.169000
