c<A>r<10>R<GLY> -8.804000 14.724000 -16.452999
c<A>r<11>R<PRO> -11.100000 13.472000 -15.120000
c<A>r<12>R<THR> -8.770000 10.463000 -14.543000
c<A>r<13>R<ILE> -7.426000 8.318000 -11.620000
c<A>r<14>R<GLN> -4.728000 9.131000 -9.069000
c<A>r<15>R<GLY> -2.323000 6.329000 -10.149000
c<A>r<17>R<GLY> 0.089000 6.817000 -3.114000
c<A>r<18>R<MET> -2.461000 7.432000 -0.303000
c<A>r<19>R<VAL> -5.478000 8.068000 -2.640000
c<A>r<20>R<ILE> -4.566000 5.522000 -5.360000
c<A>r<21>R<GLY> -7.545000 4.904000 -7.724000
c<A>r<22>R<GLN> -9.337000 8.194000 -6.644000
c<A>r<23>R<LYS> -11.125000 9.972000 -9.537000
c<A>r<24>R<THR> -9.317000 13.343000 -9.859000
c<A>r<25>R<MET> -8.272000 16.195999 -12.121000
c<A>r<69>R<GLY> -14.140000 18.288000 -16.302000
c<A>r<70>R<GLY> -17.660999 19.827999 -15.922000
c<A>r<71>R<ASP> -19.327000 18.412001 -12.772000
c<A>r<72>R<ALA> -17.556999 14.992000 -13.203000
c<A>r<73>R<PHE> -14.950000 15.710000 -10.441000
c<A>r<74>R<SER> -14.732000 16.653999 -6.722000
c<A>r<75>R<HIS> -10.942000 16.146999 -6.275000
c<A>r<102>R<ARG> -10.717000 18.165001 -2.346000
c<A>r<183>R<PHE> 4.385000 4.902000 4.650000
c<A>r<184>R<TYR> 4.408000 3.885000 0.959000
c<A>r<185>R<LEU> 6.901000 2.061000 -1.292000
c<A>r<186>R<GLN> 6.497000 2.840000 -5.022000
c<A>r<198>R<GLN> 3.640000 -4.147000 -23.521000
c<A>r<201>R<ILE> 3.989000 -3.211000 -18.313999
c<A>r<202>R<ALA> 5.626000 -6.686000 -18.108999
c<A>r<205>R<LEU> 5.008000 -5.953000 -12.937000
c<A>r<206>R<GLY> 8.209000 -8.080000 -12.547000
c<A>r<207>R<LYS> 9.783000 -5.096000 -10.659000
c<A>r<208>R<TYR> 6.602000 -4.984000 -8.477000
c<A>r<209>R<GLU> 6.702000 -8.761000 -7.632000
c<A>r<210>R<ALA> 10.446000 -8.534000 -6.775000
c<A>r<212>R<VAL> 6.746000 -7.321000 -2.743000
c<A>r<213>R<ASP> 8.907000 -10.467000 -2.107000
c<A>r<215>R<VAL> 9.178000 -6.268000 1.662000
c<A>r<216>R<ALA> 7.242000 -9.444000 2.696000
c<A>r<217>R<VAL> 10.205000 -10.821000 4.746000
c<A>r<218>R<ASP> 11.445000 -7.411000 6.090000
c<A>r<219>R<ALA> 10.255000 -6.947000 9.722000
c<A>r<220>R<GLU> 11.291000 -3.225000 9.654000
c<A>r<221>R<LEU> 8.596000 -2.614000 6.929000
c<A>r<222>R<ASN> 5.477000 -4.094000 8.669000
c<A>r<223>R<LEU> 3.349000 -0.876000 8.409000
c<A>r<224>R<VAL> 3.971000 -0.029000 4.706000
c<A>r<225>R<ARG> 1.978000 -0.196000 1.447000
c<A>r<226>R<VAL> 3.801000 -1.485000 -1.700000
c<A>r<227>R<LEU> 2.253000 -0.008000 -4.896000
c<A>r<228>R<PRO> 2.924000 0.336000 -8.682000
c<A>r<230>R<LEU> -1.421000 2.370000 -12.117000
c<A>r<231>R<HIS> -1.509000 5.106000 -14.799000
c<A>r<233>R<LEU> 0.138000 0.092000 -16.205000
c<A>r<234>R<LEU> -2.828000 1.522000 -18.246000
c<A>r<235>R<TRP> -1.173000 4.074000 -20.597000
c<D>r<10>R<GLY> 1.804000 -14.448000 3.743000
c<D>r<11>R<PRO> 3.418000 -12.102000 4.439000
c<D>r<12>R<THR> 1.972000 -10.677000 1.163000
c<D>r<13>R<ILE> 0.141000 -7.475000 0.014000
c<D>r<14>R<GLN> -3.562000 -6.664000 0.328000
c<D>r<15>R<GLY> -4.324000 -6.713000 -3.443000
c<D>r<17>R<GLY> -9.799000 -2.000000 -1.519000
c<D>r<18>R<MET> -9.178000 0.578000 1.269000
c<D>r<19>R<VAL> -5.744000 -0.827000 2.354000
c<D>r<20>R<ILE> -4.502000 -1.800000 -1.146000
c<D>r<21>R<GLY> -0.727000 -2.562000 -1.171000
c<D>r<22>R<GLN> -0.625000 -3.002000 2.693000
c<D>r<23>R<LYS> 1.756000 -5.770000 3.869000
c<D>r<24>R<THR> -0.558000 -8.361000 5.512000
c<D>r<25>R<MET> -1.102000 -12.011000 6.407000
c<D>r<69>R<GLY> 5.276000 -14.901000 9.220000
c<D>r<70>R<GLY> 7.609000 -14.535000 12.274000
c<D>r<71>R<ASP> 7.885000 -10.816000 13.170000
c<D>r<72>R<ALA> 7.525000 -9.751000 9.462000
c<D>r<73>R<PHE> 3.842000 -8.646000 9.852000
c<D>r<74>R<SER> 1.631000 -6.322000 11.975000
c<D>r<75>R<HIS> -1.620000 -6.602000 9.930000
c<D>r<102>R<ARG> -4.230000 -4.729000 12.961000
c<D>r<183>R<PHE> -16.566999 4.055000 -2.020000
c<D>r<184>R<TYR> -14.563000 1.702000 -4.277000
c<D>r<185>R<LEU> -15.088000 0.149000 -7.734000
c<D>r<186>R<GLN> -13.175000 -3.098000 -8.413000
c<D>r<198>R<GLN> -0.098000 -13.066000 -19.714001
c<D>r<201>R<ILE> -3.132000 -9.550000 -17.149000
c<D>r<202>R<ALA> -3.670000 -7.962000 -20.610001
c<D>r<205>R<LEU> -5.795000 -4.074000 -17.725000
c<D>r<206>R<GLY> -8.077000 -3.451000 -20.778999
c<D>r<207>R<LYS> -11.117000 -4.013000 -18.462000
c<D>r<208>R<TYR> -9.528000 -1.527000 -15.986000
c<D>r<209>R<GLU> -9.011000 1.200000 -18.684000
c<D>r<210>R<ALA> -12.614000 0.703000 -19.945000
c<D>r<212>R<VAL> -11.760000 4.196000 -15.528000
c<D>r<213>R<ASP> -12.921000 5.804000 -18.820999
c<D>r<214>R<LYS> -16.625000 5.342000 -17.839001
c<D>r<215>R<VAL> -16.150000 6.530000 -14.229000
c<D>r<216>R<ALA> -14.157000 9.591000 -15.481000
c<D>r<217>R<VAL> -17.264999 11.148000 -17.158001
c<D>r<218>R<ASP> -19.875000 9.986000 -14.542000
c<D>r<219>R<ALA> -20.794001 12.883000 -12.178000
c<D>r<220>R<GLU> -22.565001 10.524000 -9.666000
c<D>r<221>R<LEU> -19.148001 8.764000 -9.080000
c<D>r<222>R<ASN> -16.972000 11.789000 -8.051000
c<D>r<223>R<LEU> -15.915000 10.520000 -4.545000
c<D>r<224>R<VAL> -14.914000 7.033000 -5.774000
c<D>r<225>R<ARG> -11.677000 5.013000 -6.153000
c<D>r<226>R<VAL> -11.344000 2.662000 -9.205000
c<D>r<227>R<LEU> -8.918000 -0.263000 -8.588000
c<D>r<228>R<PRO> -7.785000 -3.622000 -10.118000
c<D>r<230>R<LEU> -3.140000 -6.288000 -7.775000
c<D>r<231>R<HIS> -2.410000 -9.866000 -6.594000
c<D>r<233>R<LEU> -1.795000 -8.679000 -11.877000
c<D>r<234>R<LEU> 1.293000 -10.269000 -10.170000
c<D>r<235>R<TRP> 0.340000 -13.976000 -9.891000
