c<A>r<2>R<ASP> -3.418000 -18.356001 15.232000
c<A>r<3>R<TRP> 0.352000 -18.424000 15.705000
c<A>r<4>R<VAL> 2.949000 -15.618000 16.073000
c<A>r<9>R<ALA> -0.900000 -16.034000 19.792000
c<A>r<10>R<ALA> -3.868000 -13.981000 18.434999
c<A>r<11>R<GLU> -2.377000 -10.473000 18.964001
c<A>r<12>R<LEU> 0.554000 -8.454000 17.622999
c<A>r<13>R<SER> 2.318000 -5.244000 18.868000
c<A>r<14>R<VAL> 0.629000 -2.021000 17.650999
c<A>r<15>R<ARG> 4.147000 -0.831000 16.761999
c<A>r<16>R<ASP> 4.704000 -3.556000 14.112000
c<A>r<17>R<ARG> 5.660000 -2.051000 10.763000
c<A>r<18>R<GLY> 3.188000 -4.393000 8.977000
c<A>r<19>R<LEU> 0.400000 -2.421000 10.784000
c<A>r<20>R<ALA> 2.219000 0.977000 10.482000
c<A>r<21>R<TYR> 3.233000 0.996000 6.807000
c<A>r<22>R<GLY> 1.977000 -2.377000 5.259000
c<A>r<23>R<ASP> 5.674000 -3.266000 5.455000
c<A>r<24>R<GLY> 5.412000 -7.000000 4.734000
c<A>r<25>R<LEU> 4.154000 -9.913000 2.534000
c<A>r<26>R<PHE> 1.582000 -12.627000 2.871000
c<A>r<52>R<ARG> 13.198000 -7.483000 -3.109000
c<A>r<53>R<LEU> 11.957000 -5.756000 0.143000
c<A>r<54>R<ALA> 15.175000 -6.649000 1.993000
c<A>r<77>R<VAL> -6.793000 -21.978001 4.567000
c<A>r<79>R<LYS> -2.649000 -17.421000 5.849000
c<A>r<80>R<LEU> 0.998000 -16.506001 6.431000
c<A>r<81>R<ILE> 1.978000 -12.838000 7.039000
c<A>r<83>R<THR> 6.264000 -8.259000 8.600000
c<A>r<88>R<LEU> 11.761000 3.378000 15.517000
c<A>r<89>R<ARG> 9.289000 5.794000 14.100000
c<A>r<90>R<GLY> 9.632000 6.556000 10.316000
c<A>r<91>R<TYR> 9.929000 4.909000 6.963000
c<A>r<92>R<ALA> 13.641000 3.942000 7.441000
c<A>r<93>R<PRO> 13.951000 0.194000 7.915000
c<A>r<94>R<PRO> 15.812000 -0.708000 11.176000
c<A>r<95>R<ALA> 19.433001 -1.575000 10.782000
c<A>r<102>R<ILE> 1.995000 -14.625000 11.630000
c<A>r<103>R<LEU> -0.145000 -17.698000 10.821000
c<A>r<104>R<SER> -3.906000 -17.716000 10.900000
c<A>r<106>R<SER> -9.741000 -20.417000 8.417000
c<A>r<107>R<PRO> -12.229000 -22.983000 7.080000
c<A>r<109>R<PRO> -14.012000 -21.343000 1.413000
c<A>r<127>R<THR> -10.399000 0.853000 -10.332000
c<A>r<128>R<ARG> -7.247000 0.820000 -12.383000
c<A>r<129>R<LEU> -4.016000 -0.800000 -10.901000
c<A>r<130>R<ALA> -1.107000 1.603000 -10.530000
c<A>r<131>R<GLU> 2.120000 0.695000 -12.251000
c<A>r<132>R<GLN> 4.986000 0.073000 -9.744000
c<A>r<133>R<PRO> 7.623000 -2.271000 -11.191000
c<A>r<134>R<LEU> 9.374000 -2.511000 -7.701000
c<A>r<135>R<LEU> 6.211000 -4.053000 -6.145000
c<A>r<140>R<HIS> 2.598000 -7.484000 -0.302000
c<A>r<141>R<LEU> 0.403000 -5.930000 2.440000
c<A>r<142>R<ASN> -0.351000 -2.702000 0.398000
c<A>r<143>R<ARG> -3.765000 -3.995000 -0.941000
c<A>r<144>R<LEU> -5.967000 -0.911000 -0.797000
c<A>r<145>R<GLU> -6.436000 -1.089000 -4.635000
c<A>r<146>R<GLN> -7.908000 -4.581000 -4.281000
c<A>r<147>R<VAL> -10.053000 -3.441000 -1.326000
c<A>r<148>R<LEU> -11.352000 -0.541000 -3.434000
c<A>r<149>R<ALA> -11.991000 -2.749000 -6.461000
c<A>r<150>R<ARG> -13.835000 -5.410000 -4.472000
c<A>r<151>R<ALA> -16.079000 -2.766000 -2.907000
c<A>r<152>R<GLU> -17.447001 -1.806000 -6.433000
c<A>r<153>R<TRP> -20.125000 -4.556000 -6.309000
c<A>r<154>R<SER> -22.084999 -6.537000 -3.737000
c<A>r<166>R<VAL> -3.824000 2.790000 -15.907000
c<A>r<174>R<VAL> -9.426000 -8.747000 -7.907000
c<A>r<175>R<PHE> -8.234000 -11.816000 -5.914000
c<B>r<2>R<ASP> -0.278000 3.094000 23.672001
c<B>r<3>R<TRP> -4.069000 3.069000 23.448999
c<B>r<4>R<VAL> -6.508000 0.894000 21.437000
c<B>r<9>R<ALA> -3.372000 -1.498000 25.070000
c<B>r<10>R<ALA> -0.083000 -2.347000 23.228001
c<B>r<11>R<GLU> -1.413000 -5.220000 21.058001
c<B>r<12>R<LEU> -3.942000 -5.668000 18.254000
c<B>r<13>R<SER> -5.692000 -8.770000 16.764999
c<B>r<14>R<VAL> -3.627000 -10.491000 14.011000
c<B>r<15>R<ARG> -6.865000 -10.574000 11.994000
c<B>r<16>R<ASP> -7.146000 -6.752000 11.760000
c<B>r<17>R<ARG> -7.435000 -5.608000 8.148000
c<B>r<18>R<GLY> -4.853000 -2.840000 8.799000
c<B>r<19>R<LEU> -2.288000 -5.685000 9.288000
c<B>r<20>R<ALA> -3.807000 -7.917000 6.522000
c<B>r<21>R<TYR> -4.194000 -5.448000 3.653000
c<B>r<22>R<GLY> -2.932000 -1.971000 4.951000
c<B>r<23>R<ASP> -6.658000 -1.202000 5.066000
c<B>r<24>R<GLY> -6.524000 2.065000 7.026000
c<B>r<25>R<LEU> -5.096000 5.613000 7.543000
c<B>r<26>R<PHE> -2.790000 7.263000 10.006000
c<B>r<52>R<ARG> -12.897000 8.070000 0.306000
c<B>r<53>R<LEU> -12.103000 4.561000 1.756000
c<B>r<54>R<ALA> -15.633000 4.208000 3.164000
c<B>r<77>R<VAL> 4.597000 12.604000 18.801001
c<B>r<79>R<LYS> 0.597000 8.609000 16.052000
c<B>r<80>R<LEU> -3.038000 7.781000 15.274000
c<B>r<81>R<ILE> -3.870000 4.693000 13.142000
c<B>r<83>R<THR> -8.058000 0.506000 10.559000
c<B>r<88>R<LEU> -13.858000 -12.414000 7.037000
c<B>r<89>R<ARG> -11.042000 -13.447000 4.809000
c<B>r<90>R<GLY> -10.727000 -11.516000 1.478000
c<B>r<91>R<TYR> -10.583000 -8.059000 0.061000
c<B>r<92>R<ALA> -14.360000 -7.408000 0.430000
c<B>r<93>R<PRO> -14.981000 -4.892000 3.195000
c<B>r<94>R<PRO> -17.403999 -6.241000 5.884000
c<B>r<95>R<ALA> -20.945999 -5.104000 5.566000
c<B>r<102>R<ILE> -4.767000 3.017000 17.684000
c<B>r<103>R<LEU> -2.720000 5.708000 19.469999
c<B>r<104>R<SER> 0.969000 5.429000 20.159000
c<B>r<106>R<SER> 6.946000 8.714000 21.086000
c<B>r<107>R<PRO> 9.452000 11.362000 22.228001
c<B>r<109>R<PRO> 12.246000 13.753000 17.275000
c<B>r<127>R<THR> 12.048000 5.079000 -6.537000
c<B>r<128>R<ARG> 9.285000 6.650000 -8.563000
c<B>r<129>R<LEU> 5.761000 7.095000 -6.945000
c<B>r<130>R<ALA> 2.994000 5.232000 -8.741000
c<B>r<131>R<GLU> 0.042000 7.241000 -9.926000
c<B>r<132>R<GLN> -3.242000 6.251000 -8.168000
c<B>r<133>R<PRO> -5.739000 9.134000 -8.134000
c<B>r<134>R<LEU> -8.063000 7.127000 -5.715000
c<B>r<135>R<LEU> -5.314000 7.060000 -3.028000
c<B>r<140>R<HIS> -2.945000 5.575000 4.124000
c<B>r<141>R<LEU> -1.142000 2.459000 5.477000
c<B>r<142>R<ASN> 0.141000 1.335000 1.983000
c<B>r<143>R<ARG> 3.654000 2.953000 2.418000
c<B>r<144>R<LEU> 5.988000 0.410000 0.860000
c<B>r<145>R<GLU> 7.075000 3.035000 -1.760000
c<B>r<146>R<GLN> 8.251000 5.332000 1.046000
c<B>r<147>R<VAL> 9.934000 2.395000 2.814000
c<B>r<148>R<LEU> 11.745000 1.534000 -0.427000
c<B>r<149>R<ALA> 12.740000 5.143000 -1.074000
c<B>r<150>R<ARG> 14.049000 5.706000 2.449000
c<B>r<151>R<ALA> 16.156000 2.557000 2.225000
c<B>r<152>R<GLU> 18.159000 4.076000 -0.762000
c<B>r<153>R<TRP> 20.593000 5.887000 1.600000
c<B>r<154>R<SER> 21.982000 5.529000 5.114000
c<B>r<166>R<VAL> 6.642000 7.710000 -13.017000
c<B>r<174>R<VAL> 10.085000 10.743000 1.374000
c<B>r<175>R<PHE> 8.388000 11.800000 4.666000
