c<A>r<10>R<ASP> 4.621000 8.738000 2.445000
c<A>r<13>R<ILE> -0.456000 7.643000 3.238000
c<A>r<14>R<ALA> 0.992000 5.491000 5.975000
c<A>r<18>R<LYS> -7.998000 5.038000 5.032000
c<A>r<19>R<ILE> -7.853000 4.664000 1.295000
c<A>r<20>R<VAL> -6.055000 7.717000 0.057000
c<A>r<21>R<VAL> -7.335000 9.726000 -3.004000
c<A>r<22>R<LEU> -4.336000 11.697000 -4.382000
c<A>r<23>R<PHE> -5.480000 14.589000 -6.541000
c<A>r<24>R<PHE> -3.034000 15.491000 -9.331000
c<A>r<25>R<ARG> -4.362000 18.927999 -10.400000
c<A>r<31>R<PHE> -6.080000 22.346001 -17.021999
c<A>r<33>R<GLU> -11.257000 22.204000 -15.610000
c<A>r<34>R<ALA> -9.184000 20.677999 -12.696000
c<A>r<36>R<ASP> -14.136000 21.802999 -10.931000
c<A>r<37>R<LEU> -12.686000 18.462000 -9.782000
c<A>r<40>R<VAL> -16.372000 18.132999 -5.973000
c<A>r<41>R<LEU> -13.440000 16.097000 -4.461000
c<A>r<43>R<GLU> -18.177999 15.615000 -1.745000
c<A>r<44>R<LEU> -16.750999 12.466000 -3.407000
c<A>r<45>R<ILE> -14.868000 11.731000 -0.156000
c<A>r<47>R<ALA> -20.025999 9.864000 -0.310000
c<A>r<48>R<PHE> -17.927000 7.153000 1.322000
c<A>r<51>R<ARG> -13.387000 5.064000 3.964000
c<A>r<52>R<LEU> -11.517000 7.775000 2.100000
c<A>r<67>R<ARG> 5.048000 6.293000 -9.036000
c<A>r<68>R<PHE> 1.364000 6.136000 -8.411000
c<A>r<69>R<GLY> 0.740000 5.403000 -12.031000
c<A>r<70>R<VAL> -0.475000 8.873000 -12.968000
c<A>r<71>R<ALA> 0.264000 9.666000 -16.681999
c<A>r<72>R<VAL> -1.987000 12.702000 -17.235001
c<A>r<73>R<CYS> -3.380000 15.539000 -15.210000
c<A>r<74>R<PRO> -6.005000 16.011999 -13.705000
c<A>r<75>R<SER> -6.157000 12.559000 -12.180000
c<A>r<76>R<LEU> -7.233000 10.856000 -8.980000
c<A>r<77>R<ALA> -4.895000 8.126000 -7.814000
c<A>r<78>R<VAL> -6.640000 5.761000 -5.355000
c<A>r<79>R<VAL> -3.979000 4.370000 -3.045000
c<A>r<80>R<GLN> -4.263000 1.640000 -0.400000
c<A>r<81>R<PRO> -1.700000 2.212000 2.374000
c<A>r<82>R<GLU> 0.624000 -0.508000 3.631000
c<A>r<83>R<ARG> -1.077000 -2.521000 6.356000
c<A>r<84>R<THR> -0.237000 -5.455000 8.617000
c<A>r<85>R<LEU> -2.782000 -8.122000 7.696000
c<A>r<86>R<GLY> -1.938000 -10.056000 10.852000
c<A>r<87>R<VAL> 0.750000 -11.267000 13.301000
c<A>r<88>R<ILE> 1.284000 -15.033000 13.864000
c<A>r<89>R<ALA> 2.851000 -15.074000 17.337000
c<A>r<90>R<LYS> 4.877000 -17.924999 18.917999
c<A>r<91>R<ILE> 5.573000 -21.332001 17.275999
c<A>r<92>R<GLN> 2.544000 -22.902000 15.582000
c<A>r<93>R<ASP> 1.958000 -26.235001 13.762000
c<A>r<94>R<TRP> 2.275000 -26.405001 9.993000
c<A>r<97>R<TYR> 0.551000 -21.516001 9.642000
c<A>r<98>R<LEU> -1.065000 -22.544001 6.286000
c<A>r<100>R<GLN> -3.722000 -18.267000 9.027000
c<A>r<101>R<ILE> -1.458000 -17.160999 6.156000
c<A>r<102>R<GLY> -4.056000 -18.438999 3.625000
c<A>r<104>R<LEU> -4.570000 -13.383000 5.470000
c<A>r<105>R<ALA> -3.367000 -13.698000 1.842000
c<A>r<106>R<GLU> -6.861000 -14.407000 0.305000
c<A>r<107>R<VAL> -8.074000 -11.285000 0.644000
c<A>r<108>R<ASP> -6.626000 -10.037000 -2.391000
c<A>r<109>R<GLN> -7.595000 -12.252000 -5.107000
c<A>r<110>R<PRO> -10.376000 -11.299000 -7.405000
c<B>r<10>R<ASP> 10.426000 0.028000 3.549000
c<B>r<13>R<ILE> 8.066000 -4.036000 1.218000
c<B>r<14>R<ALA> 7.297000 -1.411000 -1.377000
c<B>r<18>R<LYS> 3.820000 -9.601000 -3.016000
c<B>r<19>R<ILE> 2.508000 -10.043000 0.481000
c<B>r<20>R<VAL> 5.498000 -9.757000 2.719000
c<B>r<21>R<VAL> 6.101000 -12.238000 5.638000
c<B>r<22>R<LEU> 8.444000 -10.492000 8.131000
c<B>r<23>R<PHE> 10.139000 -13.007000 10.395000
c<B>r<24>R<PHE> 10.953000 -11.643000 13.867000
c<B>r<25>R<ARG> 13.384000 -14.321000 15.164000
c<B>r<31>R<PHE> 14.147000 -18.372000 21.584999
c<B>r<33>R<GLU> 12.792000 -22.771000 18.836000
c<B>r<34>R<ALA> 12.831000 -19.783001 16.358999
c<B>r<36>R<ASP> 12.792000 -24.364000 13.562000
c<B>r<37>R<LEU> 10.511000 -21.605000 12.239000
c<B>r<40>R<VAL> 10.085000 -24.120001 7.600000
c<B>r<41>R<LEU> 9.574000 -20.420000 6.573000
c<B>r<43>R<GLU> 8.402000 -24.044001 2.635000
c<B>r<44>R<LEU> 5.518000 -21.885000 3.986000
c<B>r<45>R<ILE> 6.338000 -19.301001 1.293000
c<B>r<47>R<ALA> 3.009000 -23.323999 -0.310000
c<B>r<48>R<PHE> 1.616000 -20.118000 -1.793000
c<B>r<51>R<ARG> 1.852000 -14.723000 -3.459000
c<B>r<52>R<LEU> 4.392000 -14.370000 -0.676000
c<B>r<67>R<ARG> 5.194000 -0.811000 13.999000
c<B>r<68>R<PHE> 4.079000 -4.018000 12.418000
c<B>r<69>R<GLY> 2.231000 -4.981000 15.530000
c<B>r<70>R<VAL> 4.739000 -7.558000 16.732000
c<B>r<71>R<ALA> 4.681000 -7.869000 20.576000
c<B>r<72>R<VAL> 6.596000 -11.138000 21.073000
c<B>r<73>R<CYS> 9.307000 -13.071000 19.329000
c<B>r<74>R<PRO> 9.317000 -15.356000 17.284000
c<B>r<75>R<SER> 6.541000 -13.937000 15.155000
c<B>r<76>R<LEU> 5.519000 -13.696000 11.520000
c<B>r<77>R<ALA> 4.086000 -10.347000 10.540000
c<B>r<78>R<VAL> 2.061000 -10.597000 7.299000
c<B>r<79>R<VAL> 2.263000 -7.231000 5.575000
c<B>r<80>R<GLN> 0.406000 -5.978000 2.482000
c<B>r<81>R<PRO> 2.494000 -3.326000 0.674000
c<B>r<82>R<GLU> 1.092000 0.038000 -0.394000
c<B>r<83>R<ARG> -0.543000 -0.254000 -3.795000
c<B>r<84>R<THR> -2.318000 2.031000 -6.254000
c<B>r<85>R<LEU> -5.798000 0.532000 -6.578000
c<B>r<86>R<GLY> -6.440000 2.604000 -9.698000
c<B>r<87>R<VAL> -6.043000 5.968000 -11.497000
c<B>r<88>R<ILE> -9.143000 7.951000 -12.594000
c<B>r<89>R<ALA> -7.749000 10.063000 -15.451000
c<B>r<90>R<LYS> -9.288000 13.246000 -16.926001
c<B>r<91>R<ILE> -12.622000 14.818000 -15.807000
c<B>r<92>R<GLN> -15.471000 12.335000 -15.350000
c<B>r<93>R<ASP> -19.177000 12.678000 -14.417000
c<B>r<94>R<TRP> -20.235001 12.311000 -10.796000
c<B>r<95>R<SER> -21.693001 8.795000 -11.280000
c<B>r<97>R<TYR> -16.413000 8.866000 -10.032000
c<B>r<98>R<LEU> -18.756001 7.137000 -7.485000
c<B>r<100>R<GLN> -14.964000 3.655000 -10.017000
c<B>r<101>R<ILE> -14.025000 4.757000 -6.472000
c<B>r<102>R<GLY> -16.677999 2.379000 -5.028000
c<B>r<104>R<LEU> -11.747000 0.392000 -5.979000
c<B>r<105>R<ALA> -12.639000 0.916000 -2.281000
c<B>r<106>R<GLU> -14.805000 -2.284000 -1.925000
c<B>r<107>R<VAL> -12.245000 -4.483000 -2.084000
c<B>r<108>R<ASP> -11.426000 -4.185000 1.433000
c<B>r<109>R<GLN> -14.484000 -4.804000 3.343000
c<B>r<110>R<PRO> -15.063000 -8.133000 4.933000
