c<A>r<52>R<VAL> 17.430000 10.379000 -5.328000
c<A>r<53>R<VAL> 17.013000 6.804000 -4.095000
c<A>r<54>R<GLN> 13.992000 4.976000 -2.999000
c<A>r<55>R<LYS> 14.054000 4.410000 0.665000
c<A>r<56>R<SER> 14.260000 0.476000 0.833000
c<A>r<57>R<GLN> 15.687000 -1.783000 3.352000
c<A>r<83>R<LEU> 11.021000 16.799000 -7.884000
c<A>r<84>R<VAL> 7.500000 15.733000 -8.743000
c<A>r<85>R<VAL> 6.238000 14.883000 -5.405000
c<A>r<86>R<ARG> 3.051000 14.012000 -3.738000
c<A>r<87>R<THR> 2.276000 14.734000 -0.209000
c<A>r<88>R<PRO> -0.850000 13.279000 1.287000
c<A>r<89>R<ARG> -3.483000 15.697000 2.436000
c<A>r<90>R<SER> -3.696000 15.252000 6.265000
c<A>r<91>R<VAL> -6.180000 17.138000 8.542000
c<A>r<92>R<ARG> -5.969000 16.513000 12.378000
c<A>r<93>R<VAL> -6.619000 20.225000 13.038000
c<A>r<94>R<ILE> -2.967000 19.917999 11.947000
c<A>r<95>R<THR> -3.275000 20.238001 8.282000
c<A>r<96>R<PHE> -0.766000 19.618999 5.478000
c<A>r<97>R<GLU> -1.353000 22.688000 3.440000
c<A>r<98>R<MET> 0.376000 24.417000 0.723000
c<A>r<99>R<GLY> 2.403000 27.084000 2.437000
c<A>r<111>R<LEU> 5.833000 23.742001 -0.195000
c<A>r<112>R<VAL> 3.498000 21.650000 1.742000
c<A>r<113>R<LYS> 3.691000 22.628000 5.400000
c<A>r<114>R<GLU> 2.204000 21.146000 8.529000
c<A>r<115>R<VAL> -0.062000 23.881001 9.811000
c<A>r<116>R<SER> -1.472000 23.608000 13.355000
c<A>r<117>R<LYS> -4.511000 25.884001 13.923000
c<A>r<128>R<ALA> -12.088000 23.284000 14.226000
c<A>r<129>R<ASN> -14.771000 21.073000 12.811000
c<A>r<130>R<GLU> -15.540000 23.660000 10.192000
c<A>r<131>R<LEU> -11.894000 23.794001 9.250000
c<A>r<132>R<VAL> -11.613000 20.056999 9.093000
c<A>r<133>R<GLU> -14.744000 19.813999 7.114000
c<A>r<134>R<SER> -13.563000 22.576000 4.730000
c<A>r<135>R<TYR> -10.203000 20.981001 4.447000
c<A>r<136>R<ARG> -11.653000 17.601000 3.669000
c<A>r<137>R<LYS> -13.825000 19.097000 0.991000
c<A>r<138>R<ALA> -11.108000 21.431000 -0.341000
c<A>r<139>R<SER> -9.567000 18.809999 -2.678000
c<A>r<142>R<ALA> -6.207000 12.871000 -1.057000
c<A>r<143>R<TYR> -2.746000 14.285000 -1.823000
c<A>r<153>R<LEU> 13.658000 19.232000 0.049000
c<A>r<154>R<SER> 15.529000 19.966999 3.293000
c<A>r<155>R<LEU> 13.102000 22.834000 3.876000
c<A>r<156>R<LEU> 10.264000 20.423000 4.415000
c<A>r<157>R<GLY> 9.296000 19.759001 8.003000
c<A>r<158>R<SER> 10.139000 16.232000 9.214000
c<A>r<159>R<HIS> 6.500000 15.065000 8.927000
c<A>r<160>R<VAL> 5.952000 16.532000 5.543000
c<A>r<161>R<ARG> 9.342000 15.219000 4.259000
c<A>r<162>R<LYS> 8.648000 11.655000 5.469000
c<A>r<163>R<ALA> 5.223000 11.815000 4.003000
c<A>r<164>R<THR> 6.441000 13.261000 0.711000
c<A>r<165>R<TYR> 7.129000 10.787000 -1.995000
c<A>r<166>R<GLN> 7.972000 10.690000 -5.610000
c<A>r<167>R<THR> 5.968000 8.692000 -8.042000
c<A>r<168>R<TYR> 6.632000 6.208000 -10.782000
c<A>r<188>R<ILE> -4.845000 -15.645000 -32.797001
c<A>r<189>R<GLU> -4.935000 -16.722000 -28.959999
c<A>r<192>R<LYS> -2.066000 -14.883000 -24.295000
c<A>r<285>R<GLY> -2.520000 -7.912000 -21.485001
c<A>r<300>R<TYR> 2.278000 -17.614000 -4.346000
c<A>r<301>R<VAL> -0.468000 -15.155000 -3.678000
c<A>r<302>R<THR> -1.216000 -13.809000 -0.222000
c<A>r<303>R<ASP> -4.175000 -11.648000 0.728000
c<A>r<304>R<GLU> -3.324000 -10.892000 4.452000
c<A>r<305>R<HIS> -2.678000 -7.025000 4.165000
c<A>r<306>R<GLY> -3.878000 -6.537000 0.583000
c<A>r<307>R<ILE> -3.564000 -8.755000 -2.396000
c<A>r<308>R<LYS> 0.113000 -9.442000 -2.884000
c<A>r<309>R<ALA> 1.748000 -11.820000 -5.320000
c<A>r<356>R<SER> 0.942000 -5.410000 -4.765000
c<A>r<357>R<GLY> -1.371000 -2.906000 -6.497000
c<A>r<358>R<GLY> -4.906000 -3.690000 -5.804000
c<A>r<359>R<ASP> -6.889000 -3.762000 -9.082000
c<A>r<360>R<VAL> -3.692000 -3.654000 -11.051000
c<A>r<361>R<LEU> -2.588000 -6.975000 -9.411000
c<A>r<362>R<LEU> -6.082000 -8.458000 -9.596000
c<A>r<363>R<ASN> -6.057000 -7.852000 -13.264000
c<A>r<364>R<VAL> -2.895000 -10.014000 -13.417000
c<A>r<365>R<LEU> -4.082000 -12.686000 -10.966000
c<A>r<366>R<SER> -7.365000 -13.070000 -12.834000
c<A>r<368>R<CYS> -3.775000 -17.160000 -13.253000
c<A>r<370>R<GLY> -3.395000 -21.955999 -10.069000
c<A>r<371>R<SER> -6.023000 -22.930000 -7.486000
c<A>r<372>R<LYS> -4.509000 -20.566999 -4.922000
c<A>r<373>R<LYS> -3.268000 -18.033001 -7.320000
c<A>r<374>R<PHE> -6.391000 -17.156000 -9.331000
c<A>r<375>R<ARG> -8.224000 -13.955000 -8.105000
c<A>r<376>R<PRO> -11.280000 -12.545000 -9.853000
c<A>r<377>R<ALA> -10.683000 -9.515000 -12.269000
c<A>r<378>R<PRO> -11.321000 -5.909000 -10.888000
c<A>r<379>R<ALA> -14.990000 -5.184000 -10.373000
c<A>r<380>R<ALA> -14.760000 -1.877000 -12.249000
c<A>r<381>R<ALA> -12.419000 -0.197000 -14.729000
c<A>r<382>R<PHE> -9.393000 0.881000 -12.801000
c<A>r<383>R<ALA> -6.788000 3.443000 -13.513000
c<A>r<386>R<CYS> 1.255000 6.428000 -10.286000
c<A>r<387>R<ARG> 2.811000 4.684000 -7.414000
c<A>r<388>R<GLY> 4.689000 6.565000 -4.784000
c<A>r<389>R<PHE> 8.126000 5.689000 -3.450000
c<A>r<390>R<TYR> 9.700000 7.351000 -0.518000
c<A>r<391>R<PHE> 13.138000 8.463000 -1.300000
c<A>r<392>R<GLU> 16.347000 9.637000 0.262000
c<A>r<393>R<LEU> 18.152000 12.585000 -1.071000
c<B>r<54>R<VAL> -4.036000 -14.598000 13.035000
c<B>r<55>R<VAL> -0.684000 -13.083000 12.501000
c<B>r<56>R<GLN> 0.814000 -10.027000 10.787000
c<B>r<72>R<ARG> -12.450000 -5.438000 4.753000
c<B>r<73>R<THR> -12.120000 -6.275000 1.130000
c<B>r<74>R<PRO> -11.585000 -3.468000 -1.381000
c<B>r<75>R<ARG> -14.252000 -2.995000 -3.998000
c<B>r<76>R<SER> -12.619000 -3.706000 -7.380000
c<B>r<77>R<VAL> -14.104000 -3.444000 -10.993000
c<B>r<78>R<ARG> -11.935000 -3.807000 -14.020000
c<B>r<79>R<ARG> -13.054000 -3.999000 -17.674000
c<B>r<80>R<LEU> -10.752000 -6.043000 -19.759001
c<B>r<81>R<SER> -11.086000 -6.118000 -23.518999
c<B>r<82>R<ARG> -10.412000 -9.595000 -24.535999
c<B>r<83>R<VAL> -10.254000 -10.260000 -28.325001
c<B>r<87>R<GLU> -14.845000 -8.925000 -19.504999
c<B>r<88>R<VAL> -15.875000 -7.080000 -16.368999
c<B>r<89>R<ILE> -14.266000 -8.530000 -13.184000
c<B>r<90>R<THR> -15.763000 -7.327000 -9.976000
c<B>r<91>R<PHE> -15.312000 -8.039000 -6.182000
c<B>r<92>R<GLU> -18.829000 -8.488000 -5.022000
c<B>r<108>R<LYS> -16.155001 -13.136000 -4.413000
c<B>r<109>R<GLU> -14.369000 -12.154000 -7.655000
c<B>r<110>R<VAL> -17.129000 -12.208000 -10.289000
c<B>r<111>R<SER> -16.326000 -12.055000 -13.991000
c<B>r<112>R<LYS> -19.150999 -10.966000 -16.419001
c<B>r<123>R<ALA> -19.680000 -3.560000 -19.797001
c<B>r<124>R<ASN> -19.462000 0.126000 -19.212999
c<B>r<125>R<GLU> -22.865000 0.174000 -17.652000
c<B>r<126>R<LEU> -21.839001 -2.580000 -15.289000
c<B>r<127>R<VAL> -18.605000 -0.792000 -14.403000
c<B>r<128>R<GLU> -20.399000 2.422000 -13.909000
c<B>r<129>R<SER> -23.132000 0.800000 -11.771000
c<B>r<130>R<TYR> -20.516001 -1.016000 -9.780000
c<B>r<131>R<ARG> -18.608999 2.180000 -9.105000
c<B>r<149>R<SER> -9.930000 -20.659000 3.159000
c<B>r<151>R<LEU> -12.019000 -16.938000 -0.243000
c<B>r<152>R<GLY> -10.659000 -16.922001 -3.826000
c<B>r<153>R<SER> -6.926000 -16.156000 -4.008000
c<B>r<154>R<HIS> -7.587000 -12.601000 -5.225000
c<B>r<155>R<VAL> -10.133000 -11.838000 -2.620000
c<B>r<156>R<ARG> -8.140000 -13.523000 0.249000
c<B>r<157>R<LYS> -4.999000 -11.502000 -0.591000
c<B>r<158>R<ALA> -7.040000 -8.419000 -0.823000
c<B>r<159>R<THR> -8.889000 -9.198000 2.437000
c<B>r<160>R<TYR> -7.453000 -7.589000 5.523000
c<B>r<161>R<GLN> -8.308000 -7.139000 9.082000
c<B>r<162>R<THR> -8.251000 -3.725000 10.614000
c<B>r<263>R<GLY> -2.792000 15.345000 21.375999
c<B>r<270>R<ALA> 6.569000 14.524000 17.572001
c<B>r<273>R<ILE> 10.597000 12.170000 15.727000
c<B>r<274>R<ASP> 12.429000 15.439000 16.378000
c<B>r<277>R<GLY> 13.558000 10.288000 13.636000
c<B>r<278>R<TYR> 13.638000 11.363000 10.089000
c<B>r<279>R<VAL> 10.692000 12.077000 7.827000
c<B>r<280>R<THR> 10.554000 11.006000 4.220000
c<B>r<281>R<ASP> 7.866000 11.991000 1.705000
c<B>r<282>R<GLU> 8.947000 9.913000 -1.433000
c<B>r<283>R<HIS> 5.867000 7.484000 -1.553000
c<B>r<284>R<GLY> 3.561000 9.159000 0.995000
c<B>r<285>R<ILE> 4.483000 10.885000 4.165000
c<B>r<286>R<LYS> 6.424000 8.479000 6.363000
c<B>r<287>R<ALA> 8.227000 9.062000 9.684000
c<B>r<288>R<THR> 10.987000 6.738000 10.740000
c<B>r<314>R<ASN> 12.593000 -3.013000 10.016000
c<B>r<315>R<ILE> 15.419000 -5.304000 11.137000
c<B>r<316>R<SER> 17.388000 -2.313000 12.494000
c<B>r<318>R<ALA> 13.612000 1.561000 12.465000
c<B>r<320>R<TYR> 8.270000 3.424000 9.946000
c<B>r<321>R<MET> 5.056000 5.307000 10.509000
c<B>r<322>R<SER> 2.704000 6.329000 7.753000
c<B>r<323>R<GLY> -1.027000 7.320000 7.784000
c<B>r<324>R<GLY> -1.564000 10.372000 5.767000
c<B>r<325>R<ASP> -3.519000 12.976000 7.819000
c<B>r<326>R<VAL> -3.023000 10.984000 10.937000
c<B>r<327>R<LEU> 0.822000 11.289000 10.569000
c<B>r<328>R<LEU> 0.582000 14.899000 9.502000
c<B>r<329>R<ASN> -1.234000 15.657000 12.629000
c<B>r<330>R<VAL> 1.764000 14.275000 14.526000
c<B>r<331>R<LEU> 4.469000 15.888000 12.359000
c<B>r<332>R<SER> 2.758000 19.247999 12.598000
c<B>r<333>R<LYS> 3.752000 19.202999 16.191000
c<B>r<334>R<CYS> 7.440000 18.601000 15.272000
c<B>r<335>R<ALA> 9.988000 21.580000 15.467000
c<B>r<336>R<GLY> 12.768000 19.875000 13.462000
c<B>r<337>R<SER> 13.427000 21.743000 10.207000
c<B>r<338>R<LYS> 13.170000 18.523001 8.200000
c<B>r<339>R<LYS> 10.636000 16.909000 10.403000
c<B>r<340>R<PHE> 7.849000 19.533001 10.664000
c<B>r<341>R<ARG> 4.888000 19.020000 8.264000
c<B>r<342>R<PRO> 1.778000 21.229000 8.138000
c<B>r<343>R<ALA> -1.387000 19.849001 9.959000
c<B>r<344>R<PRO> -4.155000 18.125999 7.814000
c<B>r<345>R<ALA> -6.057000 20.513000 5.649000
c<B>r<346>R<ALA> -9.460000 19.183001 6.821000
c<B>r<347>R<ALA> -10.817000 17.232000 9.722000
c<B>r<348>R<PHE> -9.743000 13.785000 9.210000
c<B>r<349>R<ALA> -11.071000 10.568000 10.562000
c<B>r<350>R<ARG> -8.638000 8.206000 12.069000
c<B>r<353>R<ARG> -5.982000 0.553000 9.257000
c<B>r<354>R<GLY> -5.857000 -2.721000 7.424000
c<B>r<355>R<PHE> -3.257000 -5.348000 7.957000
c<B>r<356>R<TYR> -2.951000 -8.379000 5.808000
c<B>r<357>R<PHE> -2.692000 -11.396000 7.959000
c<B>r<358>R<GLU> -1.760000 -15.050000 7.769000
c<B>r<359>R<LEU> -4.087000 -17.528999 9.240000
