c<A>r<1>R<MET> 0.934000 -0.695000 35.780998
c<A>r<2>R<LEU> 1.521000 0.056000 39.452000
c<A>r<3>R<ALA> 4.851000 -0.946000 40.922001
c<A>r<4>R<LYS> 4.865000 -3.793000 43.469002
c<A>r<5>R<ARG> 7.305000 -3.025000 46.311001
c<A>r<6>R<ILE> 9.360000 -5.121000 48.707001
c<A>r<7>R<ILE> 9.757000 -3.361000 52.073002
c<A>r<43>R<GLY> 17.355000 -4.296000 46.222000
c<A>r<44>R<ILE> 14.933000 -3.399000 49.037998
c<A>r<45>R<ASP> 12.494000 -0.748000 47.782001
c<A>r<46>R<GLU> 11.638000 1.017000 51.049000
c<A>r<70>R<ALA> 17.722000 10.665000 56.069000
c<A>r<71>R<GLU> 21.118999 11.994000 54.991001
c<A>r<72>R<GLN> 22.547001 8.559000 54.123001
c<A>r<73>R<ILE> 19.816000 6.421000 52.570000
c<A>r<74>R<ASP> 18.430000 6.870000 49.084000
c<A>r<75>R<ILE> 15.205000 4.846000 49.271000
c<A>r<76>R<PRO> 12.024000 5.965000 51.063999
c<A>r<77>R<PHE> 11.534000 5.195000 54.741001
c<A>r<78>R<THR> 8.549000 5.267000 57.062000
c<A>r<93>R<ILE> 8.829000 14.401000 58.464001
c<A>r<96>R<GLY> 13.689000 13.643000 56.723999
c<A>r<97>R<ALA> 11.244000 10.784000 57.266998
c<A>r<98>R<ASP> 9.459000 10.267000 53.956001
c<A>r<99>R<LYS> 6.369000 8.880000 55.669998
c<A>r<100>R<VAL> 4.938000 8.384000 59.145000
c<A>r<116>R<ILE> -0.717000 15.328000 58.186001
c<A>r<117>R<ALA> -1.875000 14.834000 54.577000
c<A>r<118>R<GLN> -2.789000 18.507999 54.115002
c<A>r<119>R<THR> 0.522000 19.771999 55.493000
c<A>r<120>R<PHE> 2.940000 17.236000 54.018002
c<A>r<121>R<GLY> 0.980000 15.570000 51.219002
c<A>r<122>R<SER> -1.067000 12.358000 51.360001
c<A>r<123>R<GLN> 1.978000 10.269000 50.432999
c<A>r<124>R<ALA> 3.550000 11.136000 53.810001
c<A>r<125>R<VAL> 0.735000 9.462000 55.757999
c<A>r<126>R<VAL> 0.585000 5.730000 56.230999
c<A>r<161>R<GLU> -9.315000 6.718000 52.536999
c<A>r<164>R<GLY> -6.901000 11.456000 52.992001
c<A>r<165>R<ALA> -4.397000 8.736000 53.874001
c<A>r<166>R<GLY> -1.787000 7.936000 51.257999
c<A>r<167>R<GLU> -1.373000 4.224000 52.000000
c<A>r<191>R<ARG> -8.708000 -4.804000 48.299000
c<A>r<192>R<PRO> -12.139000 -3.850000 46.923000
c<A>r<194>R<THR> -9.930000 1.091000 48.883999
c<A>r<195>R<THR> -8.062000 2.489000 45.924000
c<A>r<196>R<LEU> -4.998000 3.249000 48.063999
c<A>r<197>R<PRO> -1.776000 1.251000 47.986000
c<A>r<198>R<ILE> -1.987000 -1.621000 50.459999
c<A>r<217>R<GLY> -4.091000 -7.497000 45.764999
c<A>r<218>R<ALA> -1.245000 -6.134000 47.877998
c<A>r<219>R<ASP> 0.763000 -3.273000 46.373001
c<A>r<220>R<ALA> 3.721000 -3.830000 48.700001
c<A>r<221>R<ALA> 4.886000 -6.639000 50.952000
c<A>r<238>R<LYS> 12.489000 -10.287000 43.178001
c<A>r<241>R<LEU> 8.279000 -12.596000 41.581001
c<A>r<242>R<LYS> 9.076000 -11.057000 38.181999
c<A>r<245>R<GLY> 4.310000 -11.744000 36.487999
c<A>r<246>R<VAL> 4.574000 -9.448000 39.522999
c<A>r<247>R<ASN> 5.740000 -5.913000 38.650002
c<A>r<248>R<VAL> 8.712000 -5.637000 41.004002
c<A>r<249>R<ARG> 11.660000 -3.359000 40.179001
c<A>r<250>R<LEU> 14.798000 -5.246000 39.098999
c<A>r<251>R<GLU> 16.830000 -2.099000 38.290001
c<B>r<301>R<MET> 14.816000 8.125000 43.293999
c<B>r<322>R<ARG> 4.083000 18.632999 45.872002
c<B>r<323>R<ALA> 3.203000 14.952000 45.486000
c<B>r<324>R<SER> 6.779000 13.793000 46.021000
c<B>r<325>R<GLU> 6.808000 15.819000 49.249001
c<B>r<326>R<ASN> 5.368000 13.144000 51.563999
c<B>r<327>R<PHE> 8.292000 10.898000 50.564999
c<B>r<328>R<GLU> 12.024000 11.564000 50.445999
c<B>r<329>R<ASP> 15.257000 11.243000 48.459999
c<B>r<330>R<VAL> 13.056000 12.262000 45.553001
c<B>r<344>R<ASP> 13.376000 5.983000 37.855999
c<B>r<376>R<ASP> 15.940000 -0.651000 31.146999
c<B>r<377>R<GLU> 12.863000 -1.593000 33.223999
c<B>r<378>R<ARG> 12.087000 1.962000 34.478001
c<B>r<379>R<TYR> 8.714000 3.705000 34.992001
c<B>r<380>R<VAL> 7.539000 5.806000 32.032001
c<B>r<381>R<VAL> 4.328000 7.765000 32.459999
c<B>r<428>R<PHE> -9.725000 1.915000 37.557999
c<B>r<429>R<LYS> -9.120000 -1.805000 37.263000
c<B>r<430>R<ASP> -6.851000 -1.521000 40.319000
c<B>r<431>R<THR> -4.176000 0.486000 42.166000
c<B>r<432>R<PHE> -5.418000 4.047000 41.516998
c<B>r<433>R<PRO> -8.393000 6.127000 42.862000
c<B>r<434>R<ASN> -11.766000 5.995000 41.104000
c<B>r<451>R<HIS> -3.508000 -2.670000 28.632999
c<B>r<452>R<VAL> -6.570000 -0.863000 29.959000
c<B>r<453>R<LEU> -5.913000 0.641000 33.407001
c<B>r<466>R<ALA> -5.746000 5.243000 31.611000
c<B>r<467>R<VAL> -3.523000 2.533000 30.184000
c<B>r<468>R<ARG> -0.829000 0.138000 31.395000
c<B>r<469>R<LYS> 1.854000 -2.163000 29.999001
c<B>r<470>R<GLY> 4.388000 -3.233000 32.591000
c<B>r<471>R<ARG> 5.981000 -0.139000 34.091000
c<B>r<472>R<ILE> 4.466000 2.020000 31.351999
c<B>r<473>R<LEU> 1.475000 4.119000 32.421001
c<B>r<474>R<GLY> -0.671000 6.589000 30.576000
c<B>r<484>R<LYS> -7.369000 16.184000 45.589001
c<B>r<485>R<ILE> -7.816000 12.905000 43.723000
c<B>r<487>R<ARG> -2.394000 14.708000 43.868000
c<B>r<488>R<LYS> -3.409000 11.328000 45.243999
c<B>r<489>R<LEU> -2.982000 9.781000 41.779999
c<B>r<490>R<LEU> 0.436000 11.371000 41.334999
c<B>r<491>R<GLU> 1.361000 10.113000 44.799000
c<B>r<492>R<LYS> 0.304000 6.580000 43.959000
c<B>r<493>R<VAL> 2.455000 6.826000 40.817001
c<B>r<494>R<ILE> 5.541000 7.883000 42.784000
c<B>r<495>R<GLU> 4.663000 5.222000 45.338001
c<B>r<496>R<CYS> 4.674000 2.498000 42.651001
c<B>r<497>R<SER> 8.003000 3.585000 41.176998
c<B>r<498>R<LEU> 9.510000 3.623000 44.681999
c<B>r<499>R<SER> 9.013000 -0.134000 45.084000
c<B>r<500>R<ARG> 9.562000 -3.003000 42.619999
