c<A>r<9>R<CYS> 10.711000 -3.657000 58.584000
c<A>r<10>R<LEU> 13.532000 -2.798000 60.983002
c<A>r<11>R<ASP> 12.442000 -3.016000 64.614998
c<A>r<18>R<VAL> 17.226999 -4.950000 67.280998
c<A>r<19>R<LYS> 20.238001 -7.210000 66.726997
c<A>r<20>R<GLY> 21.107000 -10.859000 67.357002
c<A>r<21>R<SER> 20.840000 -11.972000 63.721001
c<A>r<50>R<LEU> 9.241000 0.568000 63.862000
c<A>r<51>R<ASP> 9.932000 1.593000 67.455002
c<A>r<52>R<ILE> 8.768000 -1.512000 69.331001
c<A>r<53>R<THR> 8.996000 0.055000 72.758003
c<A>r<54>R<ALA> 7.550000 3.285000 71.355003
c<A>r<55>R<SER> 7.653000 4.657000 74.889999
c<A>r<56>R<VAL> 10.591000 6.032000 76.878998
c<A>r<81>R<GLY> 5.488000 3.083000 66.623001
c<A>r<82>R<GLY> 3.814000 5.310000 69.178001
c<A>r<130>R<ASP> -3.942000 -3.995000 62.834000
c<A>r<131>R<ALA> -6.814000 -6.444000 62.495998
c<A>r<132>R<LYS> -7.988000 -9.855000 63.626999
c<A>r<133>R<ARG> -10.939000 -12.055000 62.659000
c<A>r<134>R<VAL> -13.306000 -11.948000 65.660004
c<A>r<135>R<ASP> -16.080000 -14.539000 65.418999
c<A>r<136>R<GLY> -15.942000 -14.369000 61.609001
c<A>r<137>R<GLU> -15.725000 -10.561000 61.325001
c<A>r<138>R<PHE> -12.547000 -8.535000 60.757999
c<A>r<139>R<MET> -12.146000 -5.984000 63.567001
c<A>r<141>R<PHE> -7.314000 -3.525000 67.198997
c<A>r<142>R<THR> -5.364000 -0.711000 68.842003
c<A>r<143>R<TYR> -2.729000 -0.539000 71.603996
c<A>r<144>R<SER> -0.406000 -3.172000 70.114998
c<A>r<145>R<GLY> -3.270000 -5.624000 69.536003
c<A>r<146>R<LYS> -4.635000 -5.444000 73.078003
c<A>r<147>R<LYS> -7.760000 -3.388000 72.455002
c<A>r<148>R<ASN> -10.622000 -4.590000 70.273003
c<A>r<172>R<SER> -2.617000 -9.442000 60.473999
c<A>r<173>R<ILE> -1.568000 -9.684000 64.128998
c<A>r<174>R<ASP> -2.404000 -13.411000 64.219002
c<A>r<175>R<ARG> 0.060000 -14.232000 61.443001
c<A>r<176>R<ASP> 2.786000 -11.737000 62.429001
c<A>r<177>R<GLY> 6.083000 -13.505000 63.148998
c<A>r<178>R<THR> 4.644000 -16.981001 62.433998
c<A>r<179>R<LYS> 6.342000 -17.489000 59.032001
c<A>r<180>R<SER> 3.074000 -19.232000 58.032001
c<A>r<201>R<SER> 2.367000 -7.152000 56.726002
c<A>r<202>R<GLY> 2.685000 -10.150000 59.000999
c<A>r<203>R<GLY> 3.392000 -13.788000 58.236000
c<A>r<204>R<ALA> 6.034000 -13.868000 55.493000
c<A>r<223>R<ALA> 8.468000 -8.275000 56.237999
c<A>r<224>R<ALA> 10.473000 -8.296000 59.428001
c<A>r<225>R<SER> 11.418000 -11.883000 60.341000
c<A>r<226>R<VAL> 12.615000 -13.150000 56.945999
c<A>r<227>R<PHE> 15.062000 -10.242000 56.550999
c<A>r<228>R<HIS> 16.038000 -10.014000 60.235001
c<A>r<229>R<PHE> 16.826000 -13.749000 60.418999
c<B>r<301>R<MET> 16.190001 -11.499000 72.926003
c<B>r<328>R<GLU> 20.737000 -18.040001 70.220001
c<B>r<329>R<ASP> 21.238001 -14.691000 71.961998
c<B>r<330>R<VAL> 18.361000 -15.879000 74.115997
c<B>r<342>R<LEU> 11.371000 -4.894000 79.447998
c<B>r<344>R<ASP> 10.755000 -9.497000 74.565002
c<B>r<371>R<ARG> 0.518000 -4.107000 81.425003
c<B>r<372>R<LYS> 3.651000 -2.176000 80.491997
c<B>r<373>R<HIS> 4.848000 -5.030000 78.250000
c<B>r<374>R<VAL> 1.642000 -5.247000 76.281998
c<B>r<375>R<GLU> 1.361000 -1.508000 75.605003
c<B>r<376>R<ASP> 5.037000 -1.566000 74.596001
c<B>r<377>R<GLU> 4.166000 -4.147000 71.903999
c<B>r<378>R<ARG> 6.018000 -7.105000 73.528999
c<B>r<404>R<SER> -7.921000 -7.654000 82.091003
c<B>r<405>R<LEU> -5.494000 -8.026000 79.181000
c<B>r<406>R<ILE> -8.132000 -9.890000 77.197998
c<B>r<407>R<GLU> -11.866000 -9.300000 77.067001
c<B>r<429>R<LYS> -6.620000 -22.240000 64.425003
c<B>r<430>R<ASP> -3.057000 -21.756001 63.143002
c<B>r<431>R<THR> 0.656000 -21.458000 63.991001
c<B>r<432>R<PHE> 0.943000 -24.093000 66.750999
c<B>r<448>R<GLU> -14.982000 -14.097000 71.808998
c<B>r<449>R<GLU> -14.007000 -16.232000 68.789001
c<B>r<450>R<GLU> -11.646000 -13.475000 67.684998
c<B>r<451>R<HIS> -9.369000 -14.408000 70.574997
c<B>r<452>R<VAL> -9.593000 -18.191000 70.383003
c<B>r<453>R<LEU> -6.242000 -19.733999 69.396004
c<B>r<468>R<ARG> -4.703000 -14.867000 71.418999
c<B>r<469>R<LYS> -4.964000 -11.081000 71.211998
c<B>r<470>R<GLY> -2.116000 -9.499000 69.295998
c<B>r<471>R<ARG> 1.155000 -10.489000 70.932999
c<B>r<472>R<ILE> -0.717000 -11.828000 73.959999
c<B>r<492>R<LYS> 7.136000 -21.969000 68.252998
c<B>r<493>R<VAL> 6.435000 -19.337999 70.926003
c<B>r<495>R<GLU> 10.161000 -18.407000 67.302002
c<B>r<496>R<CYS> 7.223000 -15.969000 67.047997
c<B>r<497>R<SER> 8.715000 -13.489000 69.510002
c<B>r<498>R<LEU> 12.012000 -13.614000 67.595001
c<B>r<499>R<SER> 10.415000 -12.111000 64.477997
c<B>r<500>R<ARG> 7.896000 -9.265000 64.087997
