c<A>r<1>R<MET> 0.934000 -0.695000 35.780998
c<A>r<2>R<LEU> 1.521000 0.056000 39.452000
c<A>r<3>R<ALA> 4.851000 -0.946000 40.922001
c<A>r<4>R<LYS> 4.865000 -3.793000 43.469002
c<A>r<5>R<ARG> 7.305000 -3.025000 46.311001
c<A>r<6>R<ILE> 9.360000 -5.121000 48.707001
c<A>r<37>R<LYS> 22.056000 1.563000 53.383999
c<A>r<44>R<ILE> 14.933000 -3.399000 49.037998
c<A>r<45>R<ASP> 12.494000 -0.748000 47.782001
c<A>r<46>R<GLU> 11.638000 1.017000 51.049000
c<A>r<66>R<VAL> 15.644000 10.071000 61.411999
c<A>r<67>R<GLU> 18.278999 12.816000 61.216999
c<A>r<68>R<LYS> 21.054001 10.283000 60.631001
c<A>r<69>R<VAL> 19.186001 7.930000 58.286999
c<A>r<70>R<ALA> 17.722000 10.665000 56.069000
c<A>r<71>R<GLU> 21.118999 11.994000 54.991001
c<A>r<72>R<GLN> 22.547001 8.559000 54.123001
c<A>r<73>R<ILE> 19.816000 6.421000 52.570000
c<A>r<74>R<ASP> 18.430000 6.870000 49.084000
c<A>r<75>R<ILE> 15.205000 4.846000 49.271000
c<A>r<76>R<PRO> 12.024000 5.965000 51.063999
c<A>r<77>R<PHE> 11.534000 5.195000 54.741001
c<A>r<90>R<SER> 5.537000 16.833000 61.821999
c<A>r<91>R<GLU> 8.907000 16.737000 63.583000
c<A>r<92>R<LEU> 9.758000 13.378000 62.014000
c<A>r<93>R<ILE> 8.829000 14.401000 58.464001
c<A>r<94>R<LEU> 10.610000 17.747999 58.805000
c<A>r<95>R<ARG> 13.814000 15.925000 59.761002
c<A>r<96>R<GLY> 13.689000 13.643000 56.723999
c<A>r<97>R<ALA> 11.244000 10.784000 57.266998
c<A>r<98>R<ASP> 9.459000 10.267000 53.956001
c<A>r<99>R<LYS> 6.369000 8.880000 55.669998
c<A>r<117>R<ALA> -1.875000 14.834000 54.577000
c<A>r<118>R<GLN> -2.789000 18.507999 54.115002
c<A>r<119>R<THR> 0.522000 19.771999 55.493000
c<A>r<120>R<PHE> 2.940000 17.236000 54.018002
c<A>r<121>R<GLY> 0.980000 15.570000 51.219002
c<A>r<122>R<SER> -1.067000 12.358000 51.360001
c<A>r<123>R<GLN> 1.978000 10.269000 50.432999
c<A>r<124>R<ALA> 3.550000 11.136000 53.810001
c<A>r<166>R<GLY> -1.787000 7.936000 51.257999
c<A>r<248>R<VAL> 8.712000 -5.637000 41.004002
c<A>r<249>R<ARG> 11.660000 -3.359000 40.179001
c<A>r<251>R<GLU> 16.830000 -2.099000 38.290001
c<A>r<252>R<GLY> 20.091000 -1.954000 40.286999
c<B>r<322>R<ARG> 16.282000 6.374000 40.426998
c<B>r<323>R<ALA> 14.205000 8.518000 42.785000
c<B>r<324>R<SER> 10.980000 7.926000 40.869999
c<B>r<325>R<GLU> 11.654000 4.186000 41.161999
c<B>r<326>R<ASN> 9.995000 3.614000 44.555000
c<B>r<327>R<PHE> 6.757000 4.970000 43.048000
c<B>r<328>R<GLU> 4.949000 4.105000 39.827000
c<B>r<329>R<ASP> 3.188000 5.408000 36.713001
c<B>r<330>R<VAL> 6.044000 7.893000 36.674999
c<B>r<427>R<ILE> 18.174999 23.920000 57.157001
c<B>r<428>R<PHE> 14.615000 23.621000 55.887001
c<B>r<429>R<LYS> 11.558000 25.436001 57.174000
c<B>r<430>R<ASP> 9.587000 22.224001 56.567001
c<B>r<431>R<THR> 8.940000 19.228001 54.287998
c<B>r<432>R<PHE> 12.512000 18.424999 53.176998
c<B>r<433>R<PRO> 15.573000 16.850000 54.948002
c<B>r<434>R<ASN> 18.021000 19.055000 56.853001
c<B>r<435>R<GLY> 21.604000 18.039000 56.102001
c<B>r<436>R<TYR> 24.632999 18.583000 53.895000
c<B>r<437>R<TYR> 24.371000 19.070999 50.154999
c<B>r<482>R<SER> 24.233000 14.945000 47.320999
c<B>r<483>R<SER> 24.205000 11.164000 47.737999
c<B>r<484>R<LYS> 21.693001 9.775000 50.243999
c<B>r<485>R<ILE> 20.013000 12.958000 51.460999
c<B>r<486>R<GLY> 19.886000 14.035000 47.823002
c<B>r<487>R<ARG> 17.924000 11.050000 46.494999
c<B>r<488>R<LYS> 15.713000 11.540000 49.529999
c<B>r<489>R<LEU> 15.168000 15.190000 48.554001
c<B>r<490>R<LEU> 14.322000 14.255000 44.973999
c<B>r<491>R<GLU> 11.946000 11.616000 46.332001
c<B>r<492>R<LYS> 10.202000 14.124000 48.563000
c<B>r<494>R<ILE> 8.190000 13.629000 43.443001
c<B>r<495>R<GLU> 6.131000 12.741000 46.500000
c<B>r<496>R<CYS> 4.780000 16.312000 46.750999
c<B>r<497>R<SER> 3.874000 16.518999 43.067001
c<B>r<498>R<LEU> 2.085000 13.161000 43.348000
c<B>r<499>R<SER> -0.486000 14.580000 45.778000
c<B>r<500>R<ARG> -2.335000 17.924000 45.785000
