c<A>r<1>R<MET> 0.934000 -0.695000 35.780998
c<A>r<2>R<LEU> 1.521000 0.056000 39.452000
c<A>r<3>R<ALA> 4.851000 -0.946000 40.922001
c<A>r<4>R<LYS> 4.865000 -3.793000 43.469002
c<A>r<161>R<GLU> -9.315000 6.718000 52.536999
c<A>r<164>R<GLY> -6.901000 11.456000 52.992001
c<A>r<166>R<GLY> -1.787000 7.936000 51.257999
c<A>r<167>R<GLU> -1.373000 4.224000 52.000000
c<A>r<188>R<ARG> -8.558000 -9.874000 49.549999
c<A>r<191>R<ARG> -8.708000 -4.804000 48.299000
c<A>r<192>R<PRO> -12.139000 -3.850000 46.923000
c<A>r<193>R<LEU> -12.751000 -1.313000 49.709000
c<A>r<194>R<THR> -9.930000 1.091000 48.883999
c<A>r<195>R<THR> -8.062000 2.489000 45.924000
c<A>r<196>R<LEU> -4.998000 3.249000 48.063999
c<A>r<197>R<PRO> -1.776000 1.251000 47.986000
c<A>r<198>R<ILE> -1.987000 -1.621000 50.459999
c<A>r<214>R<PHE> 0.520000 -9.810000 45.530998
c<A>r<215>R<LEU> -2.034000 -12.138000 43.870998
c<A>r<216>R<ALA> -4.455000 -11.197000 46.683998
c<A>r<217>R<GLY> -4.091000 -7.497000 45.764999
c<A>r<218>R<ALA> -1.245000 -6.134000 47.877998
c<A>r<219>R<ASP> 0.763000 -3.273000 46.373001
c<A>r<242>R<LYS> 9.076000 -11.057000 38.181999
c<A>r<243>R<LYS> 9.096000 -14.560000 36.634998
c<A>r<244>R<HIS> 5.551000 -15.023000 37.981998
c<A>r<245>R<GLY> 4.310000 -11.744000 36.487999
c<A>r<246>R<VAL> 4.574000 -9.448000 39.522999
c<A>r<247>R<ASN> 5.740000 -5.913000 38.650002
c<A>r<248>R<VAL> 8.712000 -5.637000 41.004002
c<A>r<249>R<ARG> 11.660000 -3.359000 40.179001
c<A>r<250>R<LEU> 14.798000 -5.246000 39.098999
c<A>r<251>R<GLU> 16.830000 -2.099000 38.290001
c<A>r<252>R<GLY> 20.091000 -1.954000 40.286999
c<A>r<253>R<LEU> 20.098000 -5.571000 41.485001
c<B>r<306>R<ILE> -14.490000 3.686000 38.706001
c<B>r<307>R<SER> -13.033000 3.948000 42.201000
c<B>r<308>R<VAL> -12.843000 0.343000 43.422001
c<B>r<309>R<GLY> -10.013000 -1.123000 41.355999
c<B>r<310>R<PRO> -6.456000 -1.505000 42.730000
c<B>r<311>R<GLY> -4.469000 1.685000 43.263000
c<B>r<312>R<ASN> -5.484000 5.156000 44.389000
c<B>r<313>R<ILE> -7.671000 6.975000 41.876999
c<B>r<314>R<MET> -7.842000 10.434000 43.409000
c<B>r<336>R<GLU> -18.447001 1.998000 43.151001
c<B>r<349>R<PRO> -8.315000 3.230000 36.004002
c<B>r<350>R<GLY> -6.043000 1.092000 38.129002
c<B>r<351>R<VAL> -2.507000 0.079000 39.004002
c<B>r<352>R<GLY> -1.852000 -3.546000 39.875999
c<B>r<353>R<HIS> -2.235000 -7.074000 38.553001
c<B>r<354>R<PHE> -4.765000 -8.095000 35.882999
c<B>r<355>R<GLY> -6.322000 -10.605000 38.247002
c<B>r<356>R<GLU> -7.069000 -8.231000 41.111000
c<B>r<357>R<GLY> -8.305000 -5.613000 38.665001
c<B>r<359>R<ARG> -11.774000 -9.158000 40.910999
c<B>r<360>R<ARG> -12.475000 -5.675000 42.245998
c<B>r<361>R<LEU> -14.674000 -5.129000 39.210999
c<B>r<362>R<ARG> -16.778999 -8.260000 39.632000
c<B>r<363>R<GLU> -16.816999 -8.107000 43.456001
c<B>r<364>R<ASN> -18.587999 -4.774000 43.001999
c<B>r<383>R<VAL> -6.182000 3.962000 31.952000
c<B>r<384>R<CYS> -3.119000 1.981000 32.944000
c<B>r<385>R<LEU> -4.228000 -1.393000 34.251999
c<B>r<386>R<GLY> -7.749000 -0.421000 33.199001
c<B>r<387>R<MET> -6.489000 -0.318000 29.625999
c<B>r<388>R<GLN> -5.286000 -3.925000 29.915001
c<B>r<394>R<SER> -3.216000 -11.702000 30.266001
c<B>r<395>R<GLU> -0.205000 -13.832000 31.075001
c<B>r<396>R<GLU> -0.120000 -12.092000 34.444000
c<B>r<397>R<ALA> -3.233000 -14.022000 35.463001
c<B>r<411>R<VAL> 1.720000 -10.254000 27.660999
c<B>r<412>R<LYS> 4.784000 -9.214000 29.650999
c<B>r<416>R<ARG> 15.106000 -7.930000 31.042999
c<B>r<417>R<ARG> 14.843000 -4.811000 33.226002
c<B>r<418>R<LEU> 11.245000 -4.573000 34.424000
c<B>r<419>R<PRO> 9.025000 -2.912000 35.216999
c<B>r<420>R<HIS> 9.012000 -0.315000 32.459000
c<B>r<421>R<MET> 9.189000 2.981000 34.337002
c<B>r<439>R<PHE> 4.670000 4.877000 32.256001
c<B>r<440>R<VAL> 4.858000 2.291000 35.014000
c<B>r<441>R<HIS> 3.958000 -1.194000 33.808998
c<B>r<442>R<THR> 5.270000 -4.682000 33.231998
c<B>r<443>R<TYR> 2.692000 -5.862000 30.707001
c<B>r<444>R<ARG> 1.629000 -4.689000 27.257999
c<B>r<476>R<GLN> -1.138000 2.480000 28.995001
c<B>r<477>R<PHE> 0.478000 5.543000 30.547001
c<B>r<478>R<HIS> -0.688000 7.779000 33.393002
