c<A>r<43>R<LYS> -1.573000 7.084000 0.539000
c<A>r<46>R<LEU> -4.664000 4.668000 -2.674000
c<A>r<47>R<ARG> -6.930000 7.738000 -2.069000
c<A>r<49>R<THR> -8.628000 4.442000 -6.310000
c<A>r<50>R<GLU> -12.378000 3.593000 -6.594000
c<A>r<51>R<ASP> -12.127000 -0.144000 -5.606000
c<A>r<52>R<GLY> -9.315000 0.390000 -3.024000
c<A>r<53>R<THR> -6.161000 -1.753000 -2.747000
c<A>r<54>R<ASP> -7.439000 -4.317000 -5.352000
c<A>r<70>R<ASN> -3.034000 -11.956000 4.327000
c<A>r<71>R<VAL> -3.423000 -8.388000 2.945000
c<A>r<72>R<GLU> -7.215000 -8.390000 3.579000
c<A>r<73>R<SER> -6.764000 -8.782000 7.388000
c<A>r<74>R<MET> -3.846000 -6.383000 8.102000
c<A>r<75>R<PRO> -4.211000 -2.697000 9.167000
c<A>r<76>R<LEU> -3.846000 -0.148000 6.359000
c<A>r<77>R<GLN> -0.674000 1.367000 7.947000
c<A>r<78>R<ASP> 0.985000 -2.097000 7.817000
c<A>r<79>R<LEU> 0.055000 -2.395000 4.108000
c<B>r<8>R<THR> -10.392000 10.405000 5.538000
c<B>r<9>R<ILE> -11.297000 6.698000 6.040000
c<B>r<10>R<GLU> -7.544000 5.899000 5.536000
c<B>r<11>R<GLU> -6.893000 7.649000 8.909000
c<B>r<12>R<LEU> -9.181000 5.129000 10.727000
c<B>r<13>R<ASP> -6.471000 2.434000 10.120000
c<B>r<14>R<LEU> -9.158000 -0.149000 9.283000
c<B>r<15>R<SER> -8.255000 -3.592000 7.969000
c<B>r<16>R<VAL> -7.658000 -3.525000 4.173000
c<B>r<17>R<ARG> -10.918000 -5.515000 3.707000
c<B>r<18>R<SER> -13.019000 -3.008000 5.681000
c<B>r<19>R<TYR> -11.294000 -0.087000 3.873000
c<B>r<20>R<ASN> -11.903000 -1.704000 0.419000
c<B>r<21>R<CYS> -15.611000 -2.282000 1.304000
c<B>r<22>R<LEU> -16.065001 1.420000 2.264000
c<B>r<23>R<LYS> -14.114000 2.662000 -0.800000
c<B>r<24>R<ARG> -16.327999 0.578000 -3.172000
c<B>r<25>R<ALA> -19.416000 2.030000 -1.464000
c<B>r<26>R<GLY> -18.136999 5.555000 -2.385000
c<B>r<27>R<ILE> -17.396000 6.292000 1.328000
c<B>r<28>R<ASN> -14.173000 8.373000 1.537000
c<B>r<51>R<SER> -15.812000 -5.714000 9.216000
