c<A>r<50>R<SER> 11.881000 12.431000 11.205000
c<A>r<51>R<MET> 9.819000 11.862000 8.146000
c<A>r<52>R<TRP> 9.179000 8.262000 9.421000
c<A>r<56>R<GLU> 3.807000 6.808000 11.492000
c<A>r<59>R<ALA> -0.593000 6.591000 9.100000
c<A>r<60>R<HIS> -1.981000 5.693000 12.425000
c<A>r<62>R<LEU> -5.389000 7.510000 8.641000
c<A>r<63>R<THR> -5.661000 3.844000 9.514000
c<A>r<64>R<GLU> -8.002000 4.676000 12.322000
c<A>r<66>R<ILE> -10.300000 4.139000 7.467000
c<A>r<67>R<GLN> -11.467000 1.700000 10.096000
c<A>r<70>R<VAL> -15.228000 0.528000 7.129000
c<A>r<84>R<GLN> -17.240999 -9.749000 -0.378000
c<A>r<85>R<ASN> -15.679000 -8.718000 -3.741000
c<A>r<88>R<ILE> -13.928000 -4.654000 -1.196000
c<A>r<89>R<VAL> -14.257000 -2.922000 -4.521000
c<A>r<90>R<LEU> -16.398001 -0.208000 -2.908000
c<A>r<91>R<LEU> -14.192000 0.190000 0.172000
c<A>r<92>R<LYS> -11.073000 0.197000 -1.907000
c<A>r<93>R<ALA> -12.273000 2.993000 -4.012000
c<A>r<94>R<GLY> -14.322000 4.890000 -1.563000
c<A>r<95>R<ALA> -12.908000 4.533000 2.015000
c<A>r<96>R<MET> -10.212000 7.151000 1.492000
c<A>r<130>R<GLY> 8.048000 16.042000 2.481000
c<A>r<218>R<VAL> -3.227000 6.797000 -1.672000
c<A>r<219>R<GLU> -0.267000 6.781000 -3.990000
c<A>r<220>R<ARG> 1.751000 8.706000 -1.475000
c<A>r<221>R<LEU> 0.493000 6.582000 1.344000
c<A>r<222>R<GLN> 1.330000 3.503000 -0.461000
c<A>r<223>R<ILE> 4.732000 4.875000 -0.857000
c<A>r<224>R<PHE> 5.082000 5.333000 2.744000
c<A>r<225>R<GLN> 3.415000 2.148000 3.582000
c<A>r<226>R<HIS> 5.769000 0.464000 1.333000
c<A>r<227>R<LEU> 8.651000 2.244000 2.930000
c<A>r<228>R<HIS> 7.248000 1.868000 6.502000
c<A>r<229>R<PRO> 4.371000 -0.617000 6.566000
c<A>r<230>R<ILE> 2.462000 0.431000 9.459000
c<A>r<231>R<VAL> 1.103000 -2.732000 10.817000
c<A>r<232>R<VAL> -2.340000 -1.550000 11.341000
c<A>r<233>R<GLN> -4.336000 -4.186000 12.980000
c<A>r<234>R<ALA> -6.868000 -4.749000 10.183000
c<A>r<235>R<ALA> -10.274000 -3.913000 11.551000
c<B>r<48>R<SER> -11.434000 -14.673000 3.625000
c<B>r<49>R<MET> -9.684000 -12.423000 1.242000
c<B>r<50>R<TRP> -8.750000 -10.246000 4.319000
c<B>r<51>R<GLU> -7.316000 -13.096000 6.164000
c<B>r<53>R<TRP> -4.260000 -10.529000 2.608000
c<B>r<54>R<GLU> -3.182000 -10.191000 6.199000
c<B>r<57>R<ALA> 0.914000 -8.525000 3.886000
c<B>r<58>R<HIS> 2.678000 -9.712000 6.949000
c<B>r<60>R<LEU> 5.571000 -8.888000 2.490000
c<B>r<61>R<THR> 6.087000 -6.430000 5.314000
c<B>r<62>R<GLU> 8.658000 -8.708000 6.830000
c<B>r<64>R<ILE> 10.442000 -5.367000 2.978000
c<B>r<65>R<GLN> 11.998000 -4.935000 6.406000
c<B>r<68>R<VAL> 15.434000 -2.169000 4.260000
c<B>r<82>R<GLN> 17.112000 10.537000 4.040000
c<B>r<83>R<ASN> 15.135000 11.639000 0.916000
c<B>r<85>R<GLN> 17.240999 6.735000 0.968000
c<B>r<86>R<ILE> 13.477000 6.861000 0.805000
c<B>r<87>R<VAL> 13.350000 7.416000 -2.911000
c<B>r<88>R<LEU> 15.545000 4.343000 -3.461000
c<B>r<89>R<LEU> 13.658000 2.175000 -0.966000
c<B>r<90>R<LYS> 10.355000 3.295000 -2.258000
c<B>r<91>R<ALA> 11.180000 2.295000 -5.726000
c<B>r<92>R<GLY> 13.383000 -0.607000 -5.098000
c<B>r<93>R<ALA> 12.394000 -2.444000 -1.878000
c<B>r<94>R<MET> 9.542000 -4.321000 -3.494000
c<B>r<127>R<LEU> -6.717000 -12.779000 -2.608000
c<B>r<128>R<GLY> -8.755000 -12.373000 -5.822000
c<B>r<216>R<VAL> 2.364000 -2.348000 -4.979000
c<B>r<217>R<GLU> -0.806000 -1.045000 -6.484000
c<B>r<218>R<ARG> -2.582000 -4.138000 -5.357000
c<B>r<219>R<LEU> -0.891000 -4.050000 -2.055000
c<B>r<220>R<GLN> -1.805000 -0.519000 -1.582000
c<B>r<221>R<ILE> -5.247000 -1.491000 -2.329000
c<B>r<222>R<PHE> -5.175000 -4.012000 0.273000
c<B>r<223>R<GLN> -3.259000 -1.913000 2.615000
c<B>r<224>R<HIS> -5.750000 0.694000 2.104000
c<B>r<225>R<LEU> -8.509000 -1.755000 2.677000
c<B>r<226>R<HIS> -6.692000 -3.539000 5.536000
c<B>r<227>R<PRO> -3.663000 -1.521000 6.653000
c<B>r<228>R<ILE> -1.521000 -4.053000 8.148000
c<B>r<229>R<VAL> 0.193000 -2.252000 10.917000
c<B>r<230>R<VAL> 3.574000 -3.622000 10.424000
c<B>r<231>R<GLN> 5.492000 -2.523000 13.294000
c<B>r<232>R<ALA> 8.273000 -0.616000 11.449000
