c<A>r<9>R<GLY> -0.202000 -6.418000 3.117000
c<A>r<10>R<PRO> -0.259000 -2.923000 1.538000
c<A>r<11>R<VAL> -0.301000 0.262000 3.617000
c<A>r<12>R<GLY> -3.643000 0.824000 5.239000
c<A>r<13>R<SER> -5.169000 -2.530000 4.360000
c<A>r<14>R<GLY> -6.030000 -3.127000 8.037000
c<A>r<38>R<ASP> 7.140000 0.328000 10.803000
c<A>r<39>R<ILE> 9.500000 1.906000 8.274000
c<A>r<40>R<TYR> 10.444000 5.146000 10.223000
c<A>r<41>R<THR> 8.373000 5.064000 13.421000
c<A>r<42>R<LYS> 6.892000 2.728000 15.886000
c<A>r<43>R<GLU> 3.476000 4.085000 15.313000
c<A>r<44>R<ASP> 1.835000 0.660000 15.131000
c<A>r<47>R<ILE> -1.511000 2.174000 18.556999
c<A>r<65>R<GLY> 14.760000 1.570000 7.895000
c<A>r<66>R<GLY> 12.750000 1.845000 4.688000
c<A>r<67>R<CYS> 12.989000 -1.638000 3.378000
c<A>r<68>R<PRO> 10.024000 -3.546000 4.643000
c<A>r<69>R<HIS> 10.657000 -6.384000 2.172000
c<A>r<101>R<GLY> 5.673000 -2.799000 7.283000
c<A>r<102>R<GLY> 3.293000 -1.855000 4.486000
c<A>r<103>R<ASP> 4.345000 -3.593000 1.246000
c<A>r<104>R<ASN> 3.171000 -4.545000 -2.196000
c<A>r<105>R<LEU> 1.567000 -7.744000 -3.598000
c<A>r<106>R<SER> 4.979000 -9.371000 -3.842000
c<A>r<107>R<ALA> 5.686000 -9.352000 -0.116000
c<A>r<121>R<ILE> -5.866000 -6.422000 1.184000
c<A>r<122>R<ASP> -8.936000 -4.122000 1.403000
c<A>r<123>R<VAL> -11.837000 -3.405000 -0.930000
c<A>r<124>R<ALA> -10.969000 0.323000 -1.210000
c<A>r<125>R<GLU> -7.657000 -0.622000 -3.017000
c<A>r<126>R<GLY> -9.829000 -1.729000 -5.946000
c<A>r<127>R<GLU> -11.829000 -4.608000 -7.196000
c<A>r<128>R<LYS> -9.005000 -5.667000 -9.655000
c<A>r<129>R<ILE> -6.364000 -6.257000 -6.926000
c<A>r<131>R<ARG> -6.570000 -10.716000 -10.275000
c<A>r<132>R<LYS> -3.211000 -8.898000 -10.314000
c<A>r<133>R<GLY> -1.884000 -11.839000 -8.533000
c<A>r<134>R<GLY> 1.486000 -11.810000 -6.599000
c<A>r<135>R<PRO> 2.737000 -14.158000 -4.065000
c<A>r<147>R<LYS> -13.352000 -3.272000 4.648000
c<A>r<149>R<ASP> -18.430000 -2.078000 4.128000
c<A>r<150>R<LEU> -16.643000 0.287000 1.683000
c<A>r<153>R<TYR> -18.764000 3.789000 -1.894000
c<A>r<154>R<VAL> -15.788000 2.796000 -4.084000
c<A>r<180>R<LYS> -15.308000 -2.932000 12.633000
c<B>r<9>R<GLY> 2.103000 5.527000 -3.928000
c<B>r<10>R<PRO> 0.700000 2.439000 -2.134000
c<B>r<11>R<VAL> -1.518000 -0.110000 -3.874000
c<B>r<12>R<GLY> -4.973000 1.241000 -4.482000
c<B>r<13>R<SER> -4.271000 4.827000 -3.483000
c<B>r<14>R<GLY> -5.661000 6.056000 -6.818000
c<B>r<38>R<ASP> 2.573000 -3.400000 -12.777000
c<B>r<39>R<ILE> 4.388000 -6.150000 -10.875000
c<B>r<40>R<TYR> 2.968000 -9.248000 -12.748000
c<B>r<41>R<THR> 0.447000 -7.885000 -15.257000
c<B>r<42>R<LYS> -0.238000 -4.940000 -17.403999
c<B>r<43>R<GLU> -3.559000 -4.402000 -15.824000
c<B>r<44>R<ASP> -3.101000 -0.645000 -15.463000
c<B>r<47>R<ILE> -7.532000 0.019000 -17.719000
c<B>r<65>R<GLY> 8.965000 -8.566000 -12.003000
c<B>r<66>R<GLY> 8.066000 -8.067000 -8.345000
c<B>r<67>R<CYS> 10.358000 -5.286000 -7.397000
c<B>r<68>R<PRO> 8.569000 -2.033000 -7.953000
c<B>r<69>R<HIS> 11.216000 -0.117000 -5.970000
c<B>r<101>R<GLY> 3.925000 -0.255000 -9.240000
c<B>r<102>R<GLY> 2.264000 -0.062000 -5.837000
c<B>r<103>R<ASP> 4.892000 0.655000 -3.150000
c<B>r<104>R<ASN> 5.345000 1.802000 0.408000
c<B>r<105>R<LEU> 6.044000 5.252000 1.939000
c<B>r<106>R<SER> 9.724000 4.899000 1.121000
c<B>r<107>R<ALA> 9.283000 4.800000 -2.643000
c<B>r<121>R<ILE> -1.993000 8.280000 -0.531000
c<B>r<122>R<ASP> -5.733000 7.895000 0.265000
c<B>r<123>R<VAL> -7.832000 8.583000 3.341000
c<B>r<124>R<ALA> -8.949000 4.929000 3.668000
c<B>r<125>R<GLU> -5.276000 3.903000 4.425000
c<B>r<126>R<GLY> -5.668000 5.735000 7.736000
c<B>r<127>R<GLU> -5.496000 9.119000 9.266000
c<B>r<128>R<LYS> -1.985000 8.392000 10.778000
c<B>r<129>R<ILE> -0.276000 7.768000 7.397000
c<B>r<131>R<ARG> 2.736000 11.452000 10.321000
c<B>r<132>R<LYS> 4.564000 8.176000 9.592000
c<B>r<133>R<GLY> 6.659000 10.150000 7.298000
c<B>r<134>R<GLY> 8.863000 8.551000 4.532000
c<B>r<135>R<PRO> 10.403000 10.122000 1.585000
c<B>r<147>R<LYS> -10.650000 9.651000 -1.585000
c<B>r<149>R<ASP> -15.267000 11.185000 0.383000
c<B>r<150>R<LEU> -14.345000 8.063000 2.429000
c<B>r<153>R<TYR> -16.898001 5.872000 6.695000
c<B>r<154>R<VAL> -13.369000 5.034000 7.909000
c<B>r<180>R<LYS> -14.596000 10.975000 -8.684000
