c<B>r<5>R<THR> -3.888000 10.033000 -15.497000
c<B>r<6>R<LYS> -4.248000 6.685000 -17.205000
c<B>r<29>R<CYS> 0.228000 -1.090000 -17.701000
c<B>r<32>R<PHE> 2.023000 2.582000 -14.421000
c<B>r<33>R<HIS> 4.111000 0.015000 -12.563000
c<B>r<34>R<THR> 7.402000 1.626000 -13.585000
c<B>r<35>R<SER> 6.823000 5.281000 -12.542000
c<B>r<36>R<GLY> 3.118000 5.689000 -11.702000
c<B>r<41>R<ALA> 10.129000 9.882000 -11.031000
c<B>r<42>R<ILE> 13.741000 9.116000 -10.073000
c<B>r<43>R<VAL> 14.995000 5.777000 -8.965000
c<B>r<44>R<GLU> 18.556999 5.440000 -7.712000
c<B>r<45>R<ASN> 20.287001 2.153000 -8.189000
c<B>r<46>R<ASN> 23.830999 1.208000 -6.861000
c<B>r<105>R<TRP> 11.015000 -2.614000 -18.377001
c<B>r<106>R<LEU> 10.999000 -5.262000 -15.684000
c<B>r<107>R<ALA> 7.409000 -4.404000 -14.716000
c<B>r<108>R<HIS> 6.158000 -5.849000 -18.104000
c<B>r<109>R<LYS> 6.956000 -9.524000 -17.386999
c<B>r<110>R<ALA> 5.969000 -9.332000 -13.797000
c<B>r<111>R<LEU> 2.647000 -7.455000 -13.909000
c<B>r<115>R<LYS> -5.733000 -8.737000 -17.702999
c<B>r<116>R<LEU> -4.743000 -5.933000 -19.955000
c<B>r<118>R<GLN> -8.346000 -3.044000 -17.451000
c<B>r<119>R<TRP> -5.863000 -0.656000 -19.075001
c<C>r<151>R<PHE> -6.194000 7.781000 -7.628000
c<C>r<152>R<GLY> -9.268000 9.866000 -8.496000
c<C>r<156>R<PRO> -5.797000 1.796000 -9.888000
c<C>r<157>R<TYR> -5.830000 -1.909000 -11.017000
c<C>r<158>R<VAL> -7.886000 -4.943000 -10.081000
c<C>r<159>R<GLN> -4.898000 -6.651000 -8.352000
c<C>r<186>R<GLY> 6.702000 -0.921000 -3.721000
c<C>r<187>R<GLY> 6.008000 -4.555000 -4.643000
c<C>r<190>R<ASP> 1.533000 -7.236000 -5.024000
c<C>r<225>R<GLU> 13.068000 4.906000 -2.160000
c<C>r<226>R<PRO> 11.608000 2.581000 -4.853000
c<C>r<227>R<ASN> 12.936000 -0.945000 -4.430000
c<C>r<228>R<PRO> 14.902000 -1.905000 -7.572000
c<C>r<229>R<GLN> 14.355000 -5.608000 -6.900000
c<C>r<230>R<ARG> 10.597000 -5.458000 -6.469000
c<C>r<231>R<PHE> 9.654000 -6.837000 -9.876000
c<C>r<232>R<ASP> 11.984000 -9.828000 -9.631000
c<C>r<233>R<ARG> 10.688000 -10.600000 -6.229000
c<C>r<234>R<ILE> 7.034000 -10.316000 -7.289000
c<C>r<235>R<ALA> 7.795000 -12.786000 -10.117000
c<C>r<236>R<HIS> 8.951000 -15.388000 -7.657000
