c<A>r<6>R<ARG> 25.855 -24.502 15.484
c<A>r<7>R<TYR> 25.423 -22.339 18.593
c<A>r<8>R<PHE> 25.699 -18.556 18.673
c<A>r<9>R<PHE> 26.205 -16.588 21.896
c<A>r<10>R<THR> 26.209 -12.852 22.382
c<A>r<11>R<SER> 26.849 -10.992 25.65
c<A>r<12>R<VAL> 26.656 -7.205 25.89
c<A>r<13>R<SER> 27.798 -5.342 28.982
c<A>r<14>R<ARG> 25.636 -2.759 30.616
c<A>r<15>R<PRO> 27.972 -0.287 32.231
c<A>r<20>R<PRO> 25.269 -8.352 30.675
c<A>r<21>R<ARG> 22.43 -9.01 28.241
c<A>r<22>R<PHE> 22.954 -12.588 27.017
c<A>r<23>R<ILE> 21.311 -14.238 24.001
c<A>r<24>R<ALA> 21.995 -17.783 22.845
c<A>r<25>R<VAL> 20.575 -19.414 19.725
c<A>r<26>R<GLY> 21.022 -22.893 18.304
c<A>r<27>R<TYR> 20.725 -23.928 14.666
c<A>r<28>R<VAL> 20.723 -27.029 12.578
c<A>r<29>R<ASP> 21.841 -25.787 9.167
c<A>r<30>R<ASP> 19.734 -22.656 8.522
c<A>r<31>R<THR> 17.001 -23.665 10.98
c<A>r<32>R<GLN> 16.913 -22.081 14.488
c<A>r<33>R<PHE> 15.709 -24.63 17.021
c<A>r<34>R<VAL> 16.376 -23.265 20.501
c<A>r<35>R<ARG> 16.967 -19.954 22.258
c<A>r<36>R<PHE> 17.871 -18.438 25.591
c<A>r<37>R<ASP> 17.427 -14.761 26.341
c<A>r<38>R<SER> 18.486 -13.35 29.745
c<A>r<39>R<ASP> 15.811 -10.674 29.34
c<A>r<40>R<ALA> 12.983 -13.281 29.141
c<A>r<45>R<MET> 16.331 -22.681 27.175
c<A>r<46>R<GLU> 13.221 -22.636 24.984
c<A>r<47>R<PRO> 12.136 -24.514 21.884
c<A>r<48>R<ARG> 11.943 -22.725 18.506
c<A>r<49>R<ALA> 11.239 -25.72 16.186
c<A>r<81>R<LEU> 38.808 -8.188 28.511
c<A>r<82>R<ARG> 38.135 -4.671 29.785
c<A>r<85>R<TYR> 42.51 -3.761 26.735
c<A>r<86>R<ASN> 42.851 -1.08 29.452
c<A>r<87>R<GLN> 39.293 0.138 28.807
c<A>r<88>R<SER> 37.047 2.361 30.964
c<A>r<90>R<ALA> 31.897 3.494 31.161
c<A>r<91>R<GLY> 31.424 1.81 27.797
c<A>r<92>R<SER> 29.342 -1.133 26.633
c<A>r<93>R<HIS> 31.301 -3.998 25.078
c<A>r<94>R<THR> 30.387 -7.236 23.339
c<A>r<95>R<VAL> 31.603 -10.808 23.408
c<A>r<96>R<GLN> 30.46 -13.251 20.697
c<A>r<97>R<ARG> 31.115 -16.972 20.509
c<A>r<98>R<MET> 30.138 -19.514 17.843
c<A>r<99>R<TYR> 30.885 -23.217 17.875
c<A>r<100>R<GLY> 29.556 -26.24 16.143
c<A>r<111>R<ARG> 34.596 -30.951 11.036
c<A>r<112>R<GLY> 34.344 -28.814 14.159
c<A>r<113>R<TYR> 34.905 -25.148 14.935
c<A>r<114>R<HIS> 34.998 -22.655 17.802
c<A>r<115>R<GLN> 35.361 -18.922 17.31
c<A>r<116>R<TYR> 35.397 -16.014 19.791
c<A>r<117>R<ALA> 35.197 -12.22 19.139
c<A>r<118>R<TYR> 35.499 -9.135 21.299
c<A>r<119>R<ASP> 33.873 -5.866 20.091
c<A>r<120>R<GLY> 33.143 -7.466 16.701
c<A>r<121>R<LYS> 36.707 -8.463 15.946
c<A>r<122>R<ASP> 38.41 -11.817 16
c<A>r<123>R<TYR> 39.876 -12.635 19.387
c<A>r<124>R<ILE> 40.699 -16.352 19.574
c<A>r<125>R<ALA> 39.663 -19.456 17.552
c<A>r<126>R<LEU> 40.381 -23.133 17.415
c<A>r<127>R<LYS> 42.448 -24.184 14.41
c<A>r<128>R<GLU> 40.958 -26.673 11.915
c<A>r<129>R<ASP> 42.524 -29.707 13.663
c<A>r<130>R<LEU> 40.878 -28.761 16.958
c<A>r<131>R<ARG> 44.199 -29.074 18.757
c<A>r<132>R<SER> 45.599 -25.521 18.834
c<A>r<133>R<TRP> 44.55 -21.892 18.866
c<A>r<134>R<THR> 44.75 -18.801 16.624
c<A>r<135>R<ALA> 45.139 -15.632 18.732
c<A>r<136>R<ALA> 44.491 -12.411 16.81
c<A>r<137>R<ASP> 46.525 -10.03 19.004
c<A>r<138>R<MET> 48.774 -9.951 22.062
c<A>r<139>R<ALA> 45.85 -9.885 24.507
c<A>r<140>R<ALA> 44.599 -13.14 23.069
c<A>r<141>R<GLN> 48.04 -14.665 23.516
c<A>r<144>R<LYS> 45.936 -18.972 24.336
c<A>r<185>R<PRO> 13.532 -22.391 -5.388
c<A>r<186>R<LYS> 10.261 -21.553 -7.059
c<A>r<187>R<THR> 11.457 -19.42 -9.922
c<A>r<188>R<HIS> 9.883 -16.947 -12.3
c<A>r<189>R<MET> 10.726 -13.936 -14.367
c<A>r<190>R<THR> 8.987 -10.584 -14.626
c<A>r<191>R<HIS> 9.258 -7.961 -17.33
c<A>r<192>R<HIS> 8.49 -4.291 -17.206
c<A>r<193>R<ALA> 9.293 -1.389 -19.46
c<A>r<194>R<VAL> 11.547 1.366 -18.1
c<A>r<195>R<SER> 11.131 3.415 -21.334
c<A>r<196>R<ASP> 9.839 2.898 -24.802
c<A>r<197>R<HIS> 13.148 1.205 -25.682
c<A>r<198>R<GLU> 14.375 -0.648 -22.58
c<A>r<199>R<ALA> 12.964 -3.13 -20.176
c<A>r<200>R<THR> 13.929 -4.728 -16.883
c<A>r<201>R<LEU> 13.949 -8.457 -16.502
c<A>r<202>R<ARG> 13.846 -9.678 -12.906
c<A>r<203>R<CYS> 14.556 -13.316 -12.008
c<A>r<204>R<TRP> 12.986 -14.407 -8.708
c<A>r<205>R<ALA> 13.908 -17.338 -6.509
c<A>r<206>R<LEU> 11.403 -17.921 -3.746
c<A>r<207>R<SER> 10.61 -20.296 -0.932
c<A>r<208>R<PHE> 13.952 -22.1 -0.984
c<A>r<211>R<ALA> 19.804 -20.364 2.024
c<A>r<212>R<GLU> 22.854 -20.91 -0.215
c<A>r<216>R<THR> 23.517 -15.488 -12.68
c<A>r<217>R<TRP> 22.445 -13.675 -15.839
c<A>r<218>R<GLN> 23.87 -14.579 -19.262
c<A>r<219>R<ARG> 23.627 -12.873 -22.637
c<A>r<220>R<ASP> 23.958 -15.183 -25.615
c<A>r<222>R<GLU> 28.154 -15.806 -21.426
c<A>r<223>R<ASP> 27.998 -14.277 -17.912
c<A>r<224>R<GLN> 26.607 -10.737 -17.784
c<A>r<225>R<THR> 27.343 -8.714 -14.664
c<A>r<226>R<GLN> 27.062 -5.23 -16.223
c<A>r<227>R<ASP> 23.666 -3.573 -16.141
c<A>r<228>R<THR> 22.499 -6.028 -13.44
c<A>r<229>R<GLU> 21.143 -5.432 -9.879
c<A>r<230>R<LEU> 20.196 -7.75 -7.05
c<A>r<231>R<VAL> 19.243 -8.14 -3.471
c<A>r<232>R<GLU> 20.944 -10.064 -0.746
c<A>r<233>R<THR> 19.317 -13.364 0.23
c<A>r<234>R<ARG> 16.622 -12.67 2.802
c<A>r<235>R<PRO> 14.361 -14.715 5.049
c<A>r<236>R<ALA> 10.718 -15.123 4.051
c<A>r<237>R<GLY> 9.738 -15.567 7.711
c<A>r<238>R<ASP> 8.406 -19.091 7.327
c<A>r<239>R<GLY> 11.797 -20.734 7.371
c<A>r<240>R<THR> 12.569 -20.331 3.679
c<A>r<241>R<PHE> 14.551 -17.712 1.812
c<A>r<242>R<GLN> 14.161 -15.304 -1.146
c<A>r<243>R<LYS> 16.442 -13.626 -3.693
c<A>r<244>R<TRP> 16.191 -11.831 -7.014
c<A>r<245>R<ALA> 18.547 -10.571 -9.734
c<A>r<246>R<ALA> 17.6 -8.119 -12.509
c<A>r<247>R<VAL> 19.109 -6.831 -15.805
c<A>r<248>R<VAL> 18.133 -3.906 -18.035
c<A>r<249>R<VAL> 17.974 -4.818 -21.719
c<A>r<250>R<PRO> 16.975 -3.291 -25.042
c<A>r<251>R<SER> 13.284 -3.935 -25.697
c<A>r<252>R<GLY> 12.918 -6.675 -28.252
c<A>r<253>R<GLN> 16.127 -8.395 -27.255
c<A>r<254>R<GLU> 14.85 -10.21 -24.229
c<A>r<255>R<GLN> 15.323 -13.651 -25.712
c<A>r<256>R<ARG> 19.107 -13.243 -25.645
c<A>r<257>R<TYR> 19.117 -13.218 -21.873
c<A>r<258>R<THR> 18.941 -16.179 -19.52
c<B>r<0>R<MET> 35.233 0.186 18.777
c<B>r<1>R<ILE> 34.031 -1.034 15.374
c<B>r<2>R<GLN> 30.634 0.343 14.291
c<B>r<3>R<ARG> 28.76 -0.887 11.247
c<B>r<4>R<THR> 25.575 0.6 9.973
c<B>r<5>R<PRO> 22.559 -1.614 9.273
c<B>r<6>R<LYS> 21.552 -2.768 5.796
c<B>r<7>R<ILE> 17.747 -2.738 5.503
c<B>r<8>R<GLN> 15.286 -4.628 3.292
c<B>r<9>R<VAL> 11.529 -4.136 3.543
c<B>r<10>R<TYR> 9.363 -6.664 1.703
c<B>r<11>R<SER> 6.364 -8.943 1.93
c<B>r<12>R<ARG> 6.51 -12.676 2.387
c<B>r<13>R<HIS> 4.162 -13.242 -0.602
c<B>r<14>R<PRO> 3.103 -11.086 -3.608
c<B>r<15>R<ALA> 0.977 -8.252 -2.551
c<B>r<21>R<ASN> 0.189 -11.341 4.019
c<B>r<22>R<PHE> 3.305 -10.67 6.108
c<B>r<23>R<LEU> 5.467 -7.509 6.134
c<B>r<24>R<ASN> 9.125 -8.023 6.834
c<B>r<25>R<CYS> 11.942 -5.705 7.734
c<B>r<26>R<TYR> 15.321 -7.505 7.569
c<B>r<27>R<VAL> 18.172 -5.614 9.207
c<B>r<28>R<SER> 21.718 -6.961 8.839
c<B>r<29>R<GLY> 25.369 -6.108 8.853
c<B>r<30>R<PHE> 25.267 -3.945 11.93
c<B>r<31>R<HIS> 27.419 -3.663 15.085
c<B>r<32>R<PRO> 26.877 -3.106 17.991
c<B>r<33>R<SER> 23.684 -5.111 18.5
c<B>r<34>R<ASP> 21.423 -2.486 20.085
c<B>r<35>R<ILE> 18.924 -1.365 17.472
c<B>r<42>R<ASN> 0.708 5.459 7.174
c<B>r<43>R<GLY> 3.427 6.755 9.444
c<B>r<49>R<VAL> 5.349 -6.63 15.452
c<B>r<50>R<GLU> 7.57 -9.519 16.42
c<B>r<51>R<HIS> 11.219 -10.234 15.852
c<B>r<52>R<SER> 13.709 -13.012 15.553
c<B>r<53>R<ASP> 16.365 -13.904 18.095
c<B>r<54>R<LEU> 19.69 -12.085 17.664
c<B>r<55>R<SER> 22.253 -13.899 15.577
c<B>r<56>R<PHE> 25.351 -13.005 13.592
c<B>r<57>R<SER> 27.312 -13.596 10.438
c<B>r<58>R<LYS> 30.84 -14.589 9.481
c<B>r<59>R<ASP> 32.122 -11.087 9.894
c<B>r<60>R<TRP> 30.526 -10.934 13.368
c<B>r<61>R<SER> 27.853 -8.463 12.255
c<B>r<62>R<PHE> 24.36 -8.945 13.566
c<B>r<63>R<TYR> 21.046 -9.633 11.849
c<B>r<64>R<LEU> 17.378 -9.584 12.824
c<B>r<65>R<LEU> 14.008 -10.044 11.13
c<B>r<66>R<TYR> 11.034 -7.927 12.318
c<B>r<67>R<TYR> 7.597 -8.968 10.976
c<B>r<68>R<THR> 3.88 -8.655 11.227
c<B>r<69>R<GLU> 0.773 -10.002 9.59
c<B>r<70>R<PHE> -0.926 -7.356 7.472
c<B>r<77>R<GLU> 1.629 3.001 2.771
c<B>r<78>R<TYR> 4.101 0.949 4.801
c<B>r<79>R<ALA> 7.654 1.411 5.928
c<B>r<80>R<CYS> 10.325 0.316 8.373
c<B>r<81>R<ARG> 11.901 2.756 10.775
c<B>r<82>R<VAL> 15.375 1.899 12.147
c<B>r<83>R<ASN> 17.551 3.581 14.696
c<B>r<84>R<HIS> 21.118 2.623 15.588
c<B>r<85>R<VAL> 24.106 4.448 17.063
c<B>r<86>R<THR> 25.549 4.81 13.573
c<B>r<87>R<LEU> 22.512 6.94 12.465
c<B>r<88>R<SER> 21.936 10.707 13.156
c<B>r<89>R<GLN> 18.196 10.234 13.128
c<B>r<90>R<PRO> 15.803 7.315 12.483
c<B>r<91>R<LYS> 16.09 5.916 8.963
c<B>r<92>R<ILE> 12.798 5.166 7.241
c<B>r<93>R<VAL> 12.618 2.823 4.286
c<B>r<94>R<LYS> 9.344 2.603 2.316
c<B>r<95>R<TRP> 7.862 -0.713 1.286
c<B>r<96>R<ASP> 7.814 -1.041 -2.555
c<B>r<97>R<ARG> 5.693 -4.029 -3.544
c<B>r<98>R<ASP> 7.805 -4.952 -6.62
c<B>r<99>R<MET> 11.024 -5.777 -4.832
c<D>r<2>R<GLN> 44.574 -21.929 -3.694
c<D>r<3>R<GLU> 41.5 -19.726 -3.271
c<D>r<4>R<VAL> 41.238 -16.309 -1.629
c<D>r<5>R<THR> 37.933 -15.116 -0.197
c<D>r<6>R<GLN> 37.255 -11.609 1.087
c<D>r<7>R<ILE> 34.187 -10.691 3.115
c<D>r<8>R<PRO> 32.154 -8.607 3.303
c<D>r<9>R<ALA> 32.205 -8.045 -0.463
c<D>r<10>R<ALA> 30.877 -4.556 0.239
c<D>r<11>R<LEU> 30.834 -2.548 3.45
c<D>r<12>R<SER> 29.025 0.699 4.235
c<D>r<13>R<VAL> 29.641 2.472 7.538
c<D>r<14>R<PRO> 29.322 5.908 9.173
c<D>r<15>R<GLU> 32.634 7.7 9.647
c<D>r<16>R<GLY> 34.27 7.292 13.031
c<D>r<17>R<GLU> 33.548 3.58 13.322
c<D>r<18>R<ASN> 36.397 1.094 13.578
c<D>r<19>R<LEU> 36.273 -1.383 10.676
c<D>r<20>R<VAL> 37.044 -5.083 10.167
c<D>r<21>R<LEU> 37.898 -6.634 6.776
c<D>r<22>R<ASN> 38.533 -10.354 6.42
c<D>r<23>R<CYS> 40.698 -12.363 4.056
c<D>r<24>R<SER> 40.659 -16.147 3.855
c<D>r<25>R<PHE> 42.752 -18.594 1.865
c<D>r<26>R<THR> 42.412 -22.353 1.465
c<D>r<27>R<ASP> 46.133 -23.107 1.191
c<D>r<28>R<SER> 48.042 -22.348 4.397
c<D>r<29>R<ALA> 51.401 -22.853 2.673
c<D>r<30>R<ILE> 52.015 -19.182 1.865
c<D>r<31>R<TYR> 55.174 -17.071 1.632
c<D>r<32>R<ASN> 53.396 -13.861 2.638
c<D>r<33>R<LEU> 50.154 -11.872 2.531
c<D>r<34>R<GLN> 49.791 -8.358 1.153
c<D>r<35>R<TRP> 46.936 -5.869 1.443
c<D>r<36>R<PHE> 46.324 -3.207 -1.203
c<D>r<37>R<ARG> 43.998 -0.276 -1.763
c<D>r<38>R<GLN> 42.573 0.586 -5.187
c<D>r<39>R<ASP> 40.692 3.762 -6.112
c<D>r<40>R<PRO> 38.222 3.652 -9.041
c<D>r<41>R<GLY> 40.123 3.75 -12.324
c<D>r<42>R<LYS> 43.517 3.857 -10.613
c<D>r<43>R<GLY> 46.262 1.422 -9.624
c<D>r<44>R<LEU> 47.061 -0.652 -6.539
c<D>r<45>R<THR> 48.675 1.005 -3.54
c<D>r<46>R<SER> 50.361 -1.336 -1.088
c<D>r<47>R<LEU> 49.129 -0.94 2.481
c<D>r<48>R<LEU> 50.701 -3.742 4.511
c<D>r<49>R<LEU> 52.895 -6.776 3.953
c<D>r<50>R<ILE> 52.878 -9.721 6.353
c<D>r<51>R<GLN> 55.607 -12.336 5.992
c<D>r<52>R<SER> 54.912 -15.975 6.881
c<D>r<53>R<SER> 57.027 -15.445 10.007
c<D>r<54>R<GLN> 54.887 -12.537 11.201
c<D>r<55>R<ARG> 51.541 -12.332 12.993
c<D>r<56>R<GLU> 50.895 -8.586 12.939
c<D>r<57>R<GLN> 51.726 -5.503 10.878
c<D>r<58>R<THR> 50.718 -1.884 11.458
c<D>r<61>R<ARG> 45.111 3.587 11.631
c<D>r<62>R<LEU> 45.735 0.371 9.69
c<D>r<63>R<ASN> 46.75 -2.908 11.294
c<D>r<64>R<ALA> 46.512 -6.437 9.934
c<D>r<65>R<SER> 46.855 -9.851 11.564
c<D>r<66>R<LEU> 47.769 -13.23 10.089
c<D>r<67>R<ASP> 46.861 -16.777 11.138
c<D>r<68>R<LYS> 48.403 -19.087 8.548
c<D>r<69>R<SER> 47.141 -22.3 10.157
c<D>r<70>R<SER> 43.506 -21.179 9.942
c<D>r<71>R<GLY> 44.031 -19.507 6.58
c<D>r<72>R<ARG> 42.946 -16.081 7.793
c<D>r<73>R<SER> 44.09 -12.455 7.851
c<D>r<74>R<THR> 42.179 -9.495 9.24
c<D>r<75>R<LEU> 42.625 -5.849 8.328
c<D>r<76>R<TYR> 41.487 -3.391 10.998
c<D>r<77>R<ILE> 40.879 0.268 10.162
c<D>r<78>R<ALA> 40.549 2.523 13.209
c<D>r<79>R<ALA> 38.219 5.545 13.341
c<D>r<80>R<SER> 37.343 5.281 9.664
c<D>r<81>R<GLN> 37.17 8.383 7.49
c<D>r<82>R<PRO> 35.419 9.136 4.177
c<D>r<83>R<GLY> 38.857 9.153 2.573
c<D>r<84>R<ASP> 39.239 5.47 3.421
c<D>r<85>R<SER> 36.582 4.684 0.799
c<D>r<86>R<ALA> 38.12 2.41 -1.834
c<D>r<87>R<THR> 38.422 -1.253 -2.727
c<D>r<88>R<TYR> 40.709 -3.307 -0.476
c<D>r<89>R<LEU> 42.465 -6.303 -2.004
c<D>r<90>R<CYS> 44.189 -9.212 -0.315
c<D>r<91>R<ALA> 46.81 -11.401 -1.976
c<D>r<92>R<VAL> 48.938 -14.354 -0.907
c<D>r<93>R<ARG> 52 -15.895 -2.535
c<D>r<94>R<PRO> 53.024 -19.592 -2.518
c<D>r<95>R<THR> 56.026 -20.944 -0.63
c<D>r<96>R<SER> 58.461 -23.795 -1.269
c<D>r<97>R<GLY> 58.65 -23.543 -5.048
c<D>r<98>R<GLY> 54.974 -22.84 -5.603
c<D>r<99>R<SER> 55.316 -21.154 -8.99
c<D>r<100>R<TYR> 55.662 -17.909 -7.014
c<D>r<101>R<ILE> 52.177 -17.367 -8.473
c<D>r<102>R<PRO> 50.105 -15.054 -6.241
c<D>r<103>R<THR> 46.36 -15.398 -5.733
c<D>r<104>R<PHE> 44.167 -12.309 -5.338
c<D>r<105>R<GLY> 40.789 -12.029 -3.666
c<D>r<106>R<ARG> 37.919 -10.198 -5.373
c<D>r<107>R<GLY> 38.226 -7.443 -2.783
c<D>r<108>R<THR> 36.014 -5.505 -0.392
c<D>r<109>R<SER> 34.408 -2.295 -1.624
c<D>r<110>R<LEU> 34.325 0.135 1.287
c<D>r<111>R<ILE> 32.292 3.309 1.612
c<D>r<112>R<VAL> 32.714 5.421 4.742
c<D>r<113>R<HIS> 29.901 8.002 4.909
c<D>r<114>R<PRO> 30.459 11.544 6.198
c<D>r<115>R<TYR> 28.665 12.721 9.308
c<D>r<116>R<ILE> 26.389 15.57 8.289
c<D>r<117>R<GLN> 25.962 17.79 11.344
c<D>r<118>R<ASN> 23.08 19.864 9.99
c<D>r<119>R<PRO> 21.109 18.118 7.224
c<D>r<120>R<ASP> 19.321 20.577 4.945
c<D>r<121>R<PRO> 17.901 18.385 2.134
c<D>r<122>R<ALA> 16.907 20.25 -0.981
c<D>r<123>R<VAL> 16.534 19.813 -4.72
c<D>r<124>R<TYR> 17.614 22.726 -6.926
c<D>r<125>R<GLN> 17.323 23.255 -10.667
c<D>r<126>R<LEU> 20.46 24.597 -12.366
c<D>r<127>R<ARG> 19.988 26.465 -15.619
c<D>r<128>R<ARG> 21.85 26.824 -18.891
c<D>r<129>R<SER> 24.926 25.296 -20.471
c<D>r<130>R<LYS> 24.712 28.456 -22.555
c<D>r<131>R<SER> 21.072 27.575 -23.224
c<D>r<132>R<SER> 19.561 24.795 -25.339
c<D>r<133>R<ASP> 21.138 21.663 -23.856
c<D>r<134>R<LYS> 19.689 19.726 -20.906
c<D>r<135>R<SER> 17.687 20.093 -17.682
c<D>r<136>R<VAL> 19.868 19.556 -14.593
c<D>r<137>R<CYS> 18.844 19.189 -10.941
c<D>r<138>R<LEU> 20.869 18.824 -7.785
c<D>r<139>R<PHE> 19.698 16.927 -4.698
c<D>r<140>R<THR> 21.998 18.156 -1.945
c<D>r<141>R<ASP> 22.732 18.534 1.762
c<D>r<142>R<PHE> 20.938 15.366 2.788
c<D>r<143>R<ASP> 22.033 13.097 5.655
c<D>r<144>R<SER> 24.224 10.123 4.728
c<D>r<145>R<GLN> 21.454 7.667 5.615
c<D>r<146>R<THR> 19.46 8.939 2.644
c<D>r<147>R<ASN> 19.714 6.732 -0.421
c<D>r<148>R<VAL> 19.248 7.925 -3.989
c<D>r<149>R<SER> 17.536 5.4 -6.254
c<D>r<150>R<GLN> 17.147 5.276 -10.033
c<D>r<151>R<SER> 14.226 6.923 -11.82
c<D>r<152>R<LYS> 11.491 4.94 -13.555
c<D>r<153>R<ASP> 11.767 7.153 -16.629
c<D>r<154>R<SER> 13.574 6.381 -19.88
c<D>r<155>R<ASP> 14.961 9.868 -20.554
c<D>r<156>R<VAL> 16.019 10.533 -16.963
c<D>r<157>R<TYR> 19.372 9.903 -15.31
c<D>r<158>R<ILE> 20.366 10.01 -11.665
c<D>r<159>R<THR> 23.978 9.771 -10.563
c<D>r<160>R<ASP> 25.417 8.099 -7.502
c<D>r<161>R<LYS> 26.003 10.374 -4.537
c<D>r<162>R<CYS> 29.325 11.974 -3.689
c<D>r<163>R<VAL> 30.626 14.009 -0.821
c<D>r<164>R<LEU> 32.429 17.293 -1.295
c<D>r<165>R<ASP> 34.399 19.134 1.352
c<D>r<166>R<MET> 34.547 22.9 1.566
c<D>r<167>R<ARG> 37.822 22.967 3.486
c<D>r<168>R<SER> 37.903 26.626 4.546
c<D>r<169>R<MET> 34.523 26.206 6.246
c<D>r<170>R<ASP> 35.094 22.673 7.554
c<D>r<171>R<PHE> 31.822 21.861 5.797
c<D>r<172>R<LYS> 30.947 18.621 4.017
c<D>r<173>R<SER> 27.888 17.905 1.896
c<D>r<174>R<ASN> 26.36 15.045 -0.066
c<D>r<175>R<SER> 24.774 15.44 -3.472
c<D>r<176>R<ALA> 23.383 13.56 -6.434
c<D>r<177>R<VAL> 22.646 14.918 -9.903
c<D>r<178>R<ALA> 19.629 14.214 -12.099
c<D>r<179>R<TRP> 18.883 15.353 -15.63
c<D>r<180>R<SER> 16.721 14.756 -18.688
c<D>r<181>R<ASN> 16.413 16.242 -22.171
c<D>r<182>R<LYS> 15.221 19.879 -22.268
c<D>r<187>R<CYS> 14.045 17.286 -13.288
c<D>r<188>R<ALA> 12.932 17.886 -9.695
c<D>r<190>R<ALA> 13.331 12.663 -11.094
c<D>r<192>R<ASN> 10.421 10.877 -6.583
c<D>r<193>R<ASN> 11.439 7.207 -6.729
c<D>r<194>R<SER> 13.73 7.173 -3.703
c<D>r<195>R<ILE> 13.087 7.638 0.008
c<D>r<196>R<ILE> 13.779 11.254 0.95
c<D>r<197>R<PRO> 12.944 13.501 3.939
c<D>r<198>R<GLU> 9.361 14.76 3.893
c<D>r<199>R<ASP> 10.734 18.229 4.636
c<D>r<200>R<THR> 13.033 18.266 1.596
c<D>r<201>R<PHE> 13.061 21.762 0.087
c<D>r<202>R<PHE> 11.728 21.9 -3.496
c<D>r<203>R<PRO> 11.919 25.561 -4.63
c<D>r<204>R<SER> 10.499 26.323 -8.077
c<E>r<2>R<GLY> 59.02 2.235 -9.593
c<E>r<3>R<VAL> 56.937 0.293 -12.101
c<E>r<4>R<THR> 55.978 2.082 -15.304
c<E>r<5>R<GLN> 53.606 0.662 -17.883
c<E>r<6>R<THR> 52.511 2.22 -21.163
c<E>r<7>R<PRO> 50.261 3.109 -22.714
c<E>r<8>R<LYS> 47.876 4.07 -19.903
c<E>r<9>R<PHE> 44.902 4.01 -22.288
c<E>r<22>R<CYS> 56.309 -2.638 -18.455
c<E>r<28>R<HIS> 63.462 -6.875 -9.537
c<E>r<29>R<GLU> 63.963 -10.373 -10.924
c<E>r<30>R<TYR> 60.269 -11.298 -10.891
c<E>r<31>R<MET> 57.725 -9.673 -13.204
c<E>r<32>R<SER> 54.12 -10.496 -14.034
c<E>r<33>R<TRP> 51.011 -9.387 -15.916
c<E>r<34>R<TYR> 47.418 -9.457 -14.691
c<E>r<35>R<ARG> 44.088 -8.523 -16.184
c<E>r<36>R<GLN> 41.331 -7.138 -13.972
c<E>r<37>R<ASP> 37.702 -7.537 -15.012
c<E>r<38>R<PRO> 34.453 -6.609 -13.174
c<E>r<39>R<GLY> 33.8 -9.045 -10.339
c<E>r<40>R<MET> 36.408 -11.249 -12.001
c<E>r<41>R<GLY> 39.235 -10.088 -9.744
c<E>r<42>R<LEU> 42.909 -10.038 -10.763
c<E>r<43>R<ARG> 43.886 -12.926 -13.045
c<E>r<44>R<LEU> 47.522 -13.756 -13.799
c<E>r<45>R<ILE> 48.24 -13.903 -17.543
c<E>r<46>R<HIS> 52.003 -14.472 -17.703
c<E>r<47>R<TYR> 54.993 -14.239 -15.386
c<E>r<48>R<SER> 58.776 -14.287 -15.527
c<E>r<49>R<VAL> 60.889 -15.521 -12.618
c<E>r<50>R<GLY> 63.96 -14.141 -14.359
c<E>r<53>R<ILE> 62.709 -17.222 -18.459
c<E>r<54>R<THR> 58.971 -17.039 -19.147
c<E>r<55>R<ASP> 55.876 -19.05 -18.22
c<E>r<56>R<GLN> 52.152 -18.852 -18.951
c<E>r<57>R<GLY> 49.594 -18.079 -16.265
c<E>r<58>R<GLU> 45.862 -18.632 -15.85
c<E>r<59>R<VAL> 44.705 -16.802 -18.977
c<E>r<60>R<PRO> 47.775 -16.875 -21.284
c<E>r<82>R<PRO> 37.085 -7.787 -28.104
c<E>r<83>R<SER> 37.374 -10.226 -25.19
c<E>r<85>R<THR> 39.075 -5.427 -23.368
c<E>r<86>R<SER> 40.269 -5.128 -19.761
c<E>r<87>R<VAL> 42.551 -3.292 -17.342
c<E>r<88>R<TYR> 46.081 -4.7 -17.438
c<E>r<89>R<PHE> 48.466 -4.537 -14.507
c<E>r<90>R<CYS> 52.154 -5.269 -14.352
c<E>r<91>R<ALA> 53.706 -6.16 -11.004
c<E>r<92>R<SER> 57.245 -6.962 -9.945
c<E>r<93>R<SER> 59.206 -8.07 -6.903
c<E>r<94>R<TYR> 62.636 -9.233 -5.808
c<E>r<95>R<VAL> 63.107 -12.988 -6.287
c<E>r<96>R<GLY> 62.884 -14.068 -2.65
c<E>r<97>R<ASN> 63.165 -11.315 -0.06
c<E>r<98>R<THR> 59.821 -10.271 1.457
c<E>r<99>R<GLY> 57.729 -11.181 -1.562
c<E>r<100>R<GLU> 56.393 -7.627 -1.736
c<E>r<101>R<LEU> 54.707 -6.927 -5.053
c<E>r<102>R<PHE> 54.967 -3.537 -6.753
c<E>r<103>R<PHE> 52.208 -2.648 -9.21
c<E>r<104>R<GLY> 52.16 -0.384 -12.227
c<E>r<105>R<GLU> 49.348 2.151 -12.676
c<E>r<106>R<GLY> 47.457 -0.03 -15.136
c<E>r<107>R<SER> 46.652 0.08 -18.834
c<E>r<108>R<ARG> 43.004 0.411 -19.866
c<E>r<109>R<LEU> 42.413 -1.308 -23.198
c<E>r<110>R<THR> 39.218 -1.369 -25.25
c<E>r<121>R<PRO> 32.349 13.603 -24.508
c<E>r<122>R<GLU> 30.122 16.635 -24.872
c<E>r<123>R<VAL> 30.753 18.855 -21.843
c<E>r<124>R<ALA> 28.515 21.465 -20.257
c<E>r<125>R<VAL> 28.612 23.552 -17.085
c<E>r<126>R<PHE> 25.39 24.398 -15.287
c<E>r<127>R<GLU> 25.355 27.527 -13.16
c<E>r<128>R<PRO> 24.288 27.758 -9.493
c<E>r<129>R<SER> 20.627 27.869 -8.544
c<E>r<130>R<GLU> 19.506 31.222 -7.136
c<E>r<131>R<ALA> 17.384 29.263 -4.652
c<E>r<132>R<GLU> 20.467 27.435 -3.343
c<E>r<133>R<ILE> 22.268 30.755 -2.945
c<E>r<134>R<SER> 19.421 32.316 -0.991
c<E>r<135>R<HIS> 18.883 29.21 1.165
c<E>r<136>R<THR> 22.511 28.265 1.933
c<E>r<137>R<GLN> 24.802 31.156 0.954
c<E>r<138>R<LYS> 26.628 28.523 -1.108
c<E>r<139>R<ALA> 26.68 27.979 -4.863
c<E>r<140>R<THR> 27.115 24.639 -6.592
c<E>r<141>R<LEU> 28.202 24.405 -10.221
c<E>r<142>R<VAL> 27.675 21.127 -12.044
c<E>r<143>R<CYS> 29.766 19.807 -14.9
c<E>r<144>R<LEU> 28.191 17.171 -17.121
c<E>r<145>R<ALA> 30.168 15.047 -19.584
c<E>r<146>R<THR> 27.93 12.925 -21.79
c<E>r<147>R<GLY> 27.89 10.547 -24.735
c<E>r<150>R<PRO> 34.993 4.165 -24.019
c<E>r<151>R<ASP> 35.054 5.244 -20.39
c<E>r<152>R<HIS> 38.607 6.606 -20.647
c<E>r<153>R<VAL> 38.261 10.127 -19.209
c<E>r<154>R<GLU> 39.692 12.483 -16.572
c<E>r<155>R<LEU> 37.62 15.415 -15.313
c<E>r<156>R<SER> 39.103 18.41 -13.498
c<E>r<157>R<TRP> 37.972 21.875 -12.344
c<E>r<164>R<VAL> 40.945 22.913 -7.503
c<E>r<165>R<HIS> 40.14 20.037 -5.194
c<E>r<166>R<SER> 38.397 21.894 -2.377
c<E>r<167>R<GLY> 34.615 21.803 -2.657
c<E>r<168>R<VAL> 34.66 19.277 -5.486
c<E>r<169>R<CYS> 33.443 15.77 -6.022
c<E>r<170>R<THR> 33.074 13.688 -9.132
c<E>r<171>R<ASP> 30.972 10.562 -9.574
c<E>r<172>R<PRO> 33.147 7.563 -8.61
c<E>r<173>R<GLN> 31.976 5.817 -11.764
c<E>r<174>R<PRO> 30.293 7.013 -14.974
c<E>r<175>R<LEU> 26.777 5.827 -15.721
c<E>r<176>R<LYS> 25.561 4.067 -18.847
c<E>r<177>R<GLU> 23.197 6.056 -21.038
c<E>r<178>R<GLN> 21.935 2.778 -22.578
c<E>r<179>R<PRO> 22.156 0.279 -19.64
c<E>r<180>R<ALA> 21.584 -2.956 -21.563
c<E>r<181>R<LEU> 24.418 -2.329 -24.057
c<E>r<182>R<ASN> 27.972 -3.576 -23.573
c<E>r<183>R<ASP> 29.24 -0.585 -25.555
c<E>r<184>R<SER> 26.83 1.97 -24.146
c<E>r<185>R<ARG> 27.964 5.568 -24.215
c<E>r<186>R<TYR> 28.624 7.082 -20.785
c<E>r<187>R<ALA> 27.835 10.131 -18.696
c<E>r<188>R<LEU> 29.83 11.556 -15.794
c<E>r<189>R<SER> 28.987 14.46 -13.498
c<E>r<190>R<SER> 30.983 16.578 -11.081
c<E>r<191>R<ARG> 30.157 19.324 -8.603
c<E>r<192>R<LEU> 32.154 22.377 -7.527
c<E>r<193>R<ARG> 30.728 24.268 -4.563
c<E>r<194>R<VAL> 31.886 27.757 -3.61
c<E>r<195>R<SER> 30.551 30.485 -1.363
c<E>r<196>R<ALA> 27.794 32.587 -2.887
c<E>r<197>R<THR> 30.048 35.648 -2.608
c<E>r<198>R<PHE> 32.74 33.964 -4.693
c<E>r<199>R<TRP> 30.228 32.991 -7.385
c<E>r<206>R<PHE> 35.259 28.557 -13.716
c<E>r<207>R<ARG> 36.409 25.847 -16.125
c<E>r<208>R<CYS> 35.511 22.184 -16.26
c<E>r<209>R<GLN> 37.65 20.096 -18.556
c<E>r<212>R<PHE> 39.232 11.874 -23.293
c<E>r<213>R<TYR> 41.583 9.127 -24.452
c<E>r<233>R<VAL> 36.727 19.032 -24.168
c<E>r<234>R<SER> 35.899 21.925 -21.833
c<E>r<235>R<ALA> 33.082 24.211 -20.734
c<E>r<236>R<GLU> 33.227 27.377 -18.663
c<E>r<237>R<ALA> 31.303 29.999 -16.767
c<E>r<238>R<TRP> 31.943 33.34 -15.133
c<E>r<239>R<GLY> 30.552 34.535 -11.847
c<E>r<240>R<ARG> 27.646 36.978 -11.837
c<E>r<242>R<ASP> 22.883 38.257 -9.976
