c<A>r<6>R<ARG> 25.855 -24.502 15.484
c<A>r<7>R<TYR> 25.423 -22.339 18.593
c<A>r<8>R<PHE> 25.699 -18.556 18.673
c<A>r<9>R<PHE> 26.205 -16.588 21.896
c<A>r<10>R<THR> 26.209 -12.852 22.382
c<A>r<11>R<SER> 26.849 -10.992 25.65
c<A>r<12>R<VAL> 26.656 -7.205 25.89
c<A>r<13>R<SER> 27.798 -5.342 28.982
c<A>r<14>R<ARG> 25.636 -2.759 30.616
c<A>r<15>R<PRO> 27.972 -0.287 32.231
c<A>r<20>R<PRO> 25.269 -8.352 30.675
c<A>r<21>R<ARG> 22.43 -9.01 28.241
c<A>r<22>R<PHE> 22.954 -12.588 27.017
c<A>r<23>R<ILE> 21.311 -14.238 24.001
c<A>r<24>R<ALA> 21.995 -17.783 22.845
c<A>r<25>R<VAL> 20.575 -19.414 19.725
c<A>r<26>R<GLY> 21.022 -22.893 18.304
c<A>r<27>R<TYR> 20.725 -23.928 14.666
c<A>r<28>R<VAL> 20.723 -27.029 12.578
c<A>r<29>R<ASP> 21.841 -25.787 9.167
c<A>r<30>R<ASP> 19.734 -22.656 8.522
c<A>r<31>R<THR> 17.001 -23.665 10.98
c<A>r<32>R<GLN> 16.913 -22.081 14.488
c<A>r<33>R<PHE> 15.709 -24.63 17.021
c<A>r<34>R<VAL> 16.376 -23.265 20.501
c<A>r<35>R<ARG> 16.967 -19.954 22.258
c<A>r<36>R<PHE> 17.871 -18.438 25.591
c<A>r<37>R<ASP> 17.427 -14.761 26.341
c<A>r<38>R<SER> 18.486 -13.35 29.745
c<A>r<39>R<ASP> 15.811 -10.674 29.34
c<A>r<40>R<ALA> 12.983 -13.281 29.141
c<A>r<45>R<MET> 16.331 -22.681 27.175
c<A>r<46>R<GLU> 13.221 -22.636 24.984
c<A>r<47>R<PRO> 12.136 -24.514 21.884
c<A>r<48>R<ARG> 11.943 -22.725 18.506
c<A>r<49>R<ALA> 11.239 -25.72 16.186
c<A>r<81>R<LEU> 38.808 -8.188 28.511
c<A>r<82>R<ARG> 38.135 -4.671 29.785
c<A>r<83>R<GLY> 41.346 -5.087 31.799
c<A>r<84>R<TYR> 43.335 -6.661 28.994
c<A>r<85>R<TYR> 42.51 -3.761 26.735
c<A>r<86>R<ASN> 42.851 -1.08 29.452
c<A>r<87>R<GLN> 39.293 0.138 28.807
c<A>r<88>R<SER> 37.047 2.361 30.964
c<A>r<89>R<GLU> 34.114 1.026 32.942
c<A>r<90>R<ALA> 31.897 3.494 31.161
c<A>r<91>R<GLY> 31.424 1.81 27.797
c<A>r<92>R<SER> 29.342 -1.133 26.633
c<A>r<93>R<HIS> 31.301 -3.998 25.078
c<A>r<94>R<THR> 30.387 -7.236 23.339
c<A>r<95>R<VAL> 31.603 -10.808 23.408
c<A>r<96>R<GLN> 30.46 -13.251 20.697
c<A>r<97>R<ARG> 31.115 -16.972 20.509
c<A>r<98>R<MET> 30.138 -19.514 17.843
c<A>r<99>R<TYR> 30.885 -23.217 17.875
c<A>r<100>R<GLY> 29.556 -26.24 16.143
c<A>r<101>R<CYS> 30.075 -29.502 14.351
c<A>r<111>R<ARG> 34.596 -30.951 11.036
c<A>r<112>R<GLY> 34.344 -28.814 14.159
c<A>r<113>R<TYR> 34.905 -25.148 14.935
c<A>r<114>R<HIS> 34.998 -22.655 17.802
c<A>r<115>R<GLN> 35.361 -18.922 17.31
c<A>r<116>R<TYR> 35.397 -16.014 19.791
c<A>r<117>R<ALA> 35.197 -12.22 19.139
c<A>r<118>R<TYR> 35.499 -9.135 21.299
c<A>r<119>R<ASP> 33.873 -5.866 20.091
c<A>r<120>R<GLY> 33.143 -7.466 16.701
c<A>r<121>R<LYS> 36.707 -8.463 15.946
c<A>r<122>R<ASP> 38.41 -11.817 16
c<A>r<123>R<TYR> 39.876 -12.635 19.387
c<A>r<124>R<ILE> 40.699 -16.352 19.574
c<A>r<125>R<ALA> 39.663 -19.456 17.552
c<A>r<126>R<LEU> 40.381 -23.133 17.415
c<A>r<127>R<LYS> 42.448 -24.184 14.41
c<A>r<128>R<GLU> 40.958 -26.673 11.915
c<A>r<129>R<ASP> 42.524 -29.707 13.663
c<A>r<130>R<LEU> 40.878 -28.761 16.958
c<A>r<131>R<ARG> 44.199 -29.074 18.757
c<A>r<132>R<SER> 45.599 -25.521 18.834
c<A>r<133>R<TRP> 44.55 -21.892 18.866
c<A>r<134>R<THR> 44.75 -18.801 16.624
c<A>r<135>R<ALA> 45.139 -15.632 18.732
c<A>r<136>R<ALA> 44.491 -12.411 16.81
c<A>r<137>R<ASP> 46.525 -10.03 19.004
c<A>r<138>R<MET> 48.774 -9.951 22.062
c<A>r<139>R<ALA> 45.85 -9.885 24.507
c<A>r<140>R<ALA> 44.599 -13.14 23.069
c<A>r<141>R<GLN> 48.04 -14.665 23.516
c<A>r<142>R<THR> 47.357 -14.621 27.29
c<A>r<143>R<THR> 44.21 -16.565 26.707
c<A>r<144>R<LYS> 45.936 -18.972 24.336
c<A>r<145>R<HIS> 48.624 -19.775 26.907
c<A>r<185>R<PRO> 13.532 -22.391 -5.388
c<A>r<186>R<LYS> 10.261 -21.553 -7.059
c<A>r<187>R<THR> 11.457 -19.42 -9.922
c<A>r<188>R<HIS> 9.883 -16.947 -12.3
c<A>r<189>R<MET> 10.726 -13.936 -14.367
c<A>r<190>R<THR> 8.987 -10.584 -14.626
c<A>r<191>R<HIS> 9.258 -7.961 -17.33
c<A>r<192>R<HIS> 8.49 -4.291 -17.206
c<A>r<193>R<ALA> 9.293 -1.389 -19.46
c<A>r<194>R<VAL> 11.547 1.366 -18.1
c<A>r<195>R<SER> 11.131 3.415 -21.334
c<A>r<198>R<GLU> 14.375 -0.648 -22.58
c<A>r<199>R<ALA> 12.964 -3.13 -20.176
c<A>r<200>R<THR> 13.929 -4.728 -16.883
c<A>r<201>R<LEU> 13.949 -8.457 -16.502
c<A>r<202>R<ARG> 13.846 -9.678 -12.906
c<A>r<203>R<CYS> 14.556 -13.316 -12.008
c<A>r<204>R<TRP> 12.986 -14.407 -8.708
c<A>r<205>R<ALA> 13.908 -17.338 -6.509
c<A>r<206>R<LEU> 11.403 -17.921 -3.746
c<A>r<207>R<SER> 10.61 -20.296 -0.932
c<A>r<208>R<PHE> 13.952 -22.1 -0.984
c<A>r<211>R<ALA> 19.804 -20.364 2.024
c<A>r<212>R<GLU> 22.854 -20.91 -0.215
c<A>r<213>R<ILE> 21.936 -20.061 -3.806
c<A>r<214>R<THR> 23.465 -18.556 -6.998
c<A>r<215>R<LEU> 21.599 -16.449 -9.524
c<A>r<216>R<THR> 23.517 -15.488 -12.68
c<A>r<217>R<TRP> 22.445 -13.675 -15.839
c<A>r<218>R<GLN> 23.87 -14.579 -19.262
c<A>r<222>R<GLU> 28.154 -15.806 -21.426
c<A>r<223>R<ASP> 27.998 -14.277 -17.912
c<A>r<224>R<GLN> 26.607 -10.737 -17.784
c<A>r<225>R<THR> 27.343 -8.714 -14.664
c<A>r<226>R<GLN> 27.062 -5.23 -16.223
c<A>r<227>R<ASP> 23.666 -3.573 -16.141
c<A>r<228>R<THR> 22.499 -6.028 -13.44
c<A>r<229>R<GLU> 21.143 -5.432 -9.879
c<A>r<230>R<LEU> 20.196 -7.75 -7.05
c<A>r<231>R<VAL> 19.243 -8.14 -3.471
c<A>r<232>R<GLU> 20.944 -10.064 -0.746
c<A>r<233>R<THR> 19.317 -13.364 0.23
c<A>r<234>R<ARG> 16.622 -12.67 2.802
c<A>r<235>R<PRO> 14.361 -14.715 5.049
c<A>r<236>R<ALA> 10.718 -15.123 4.051
c<A>r<237>R<GLY> 9.738 -15.567 7.711
c<A>r<238>R<ASP> 8.406 -19.091 7.327
c<A>r<239>R<GLY> 11.797 -20.734 7.371
c<A>r<240>R<THR> 12.569 -20.331 3.679
c<A>r<241>R<PHE> 14.551 -17.712 1.812
c<A>r<242>R<GLN> 14.161 -15.304 -1.146
c<A>r<243>R<LYS> 16.442 -13.626 -3.693
c<A>r<244>R<TRP> 16.191 -11.831 -7.014
c<A>r<245>R<ALA> 18.547 -10.571 -9.734
c<A>r<246>R<ALA> 17.6 -8.119 -12.509
c<A>r<247>R<VAL> 19.109 -6.831 -15.805
c<A>r<248>R<VAL> 18.133 -3.906 -18.035
c<A>r<249>R<VAL> 17.974 -4.818 -21.719
c<A>r<250>R<PRO> 16.975 -3.291 -25.042
c<B>r<0>R<MET> 35.233 0.186 18.777
c<B>r<1>R<ILE> 34.031 -1.034 15.374
c<B>r<2>R<GLN> 30.634 0.343 14.291
c<B>r<3>R<ARG> 28.76 -0.887 11.247
c<B>r<4>R<THR> 25.575 0.6 9.973
c<B>r<5>R<PRO> 22.559 -1.614 9.273
c<B>r<6>R<LYS> 21.552 -2.768 5.796
c<B>r<7>R<ILE> 17.747 -2.738 5.503
c<B>r<8>R<GLN> 15.286 -4.628 3.292
c<B>r<9>R<VAL> 11.529 -4.136 3.543
c<B>r<10>R<TYR> 9.363 -6.664 1.703
c<B>r<11>R<SER> 6.364 -8.943 1.93
c<B>r<12>R<ARG> 6.51 -12.676 2.387
c<B>r<13>R<HIS> 4.162 -13.242 -0.602
c<B>r<14>R<PRO> 3.103 -11.086 -3.608
c<B>r<15>R<ALA> 0.977 -8.252 -2.551
c<B>r<21>R<ASN> 0.189 -11.341 4.019
c<B>r<22>R<PHE> 3.305 -10.67 6.108
c<B>r<23>R<LEU> 5.467 -7.509 6.134
c<B>r<24>R<ASN> 9.125 -8.023 6.834
c<B>r<25>R<CYS> 11.942 -5.705 7.734
c<B>r<26>R<TYR> 15.321 -7.505 7.569
c<B>r<27>R<VAL> 18.172 -5.614 9.207
c<B>r<28>R<SER> 21.718 -6.961 8.839
c<B>r<29>R<GLY> 25.369 -6.108 8.853
c<B>r<30>R<PHE> 25.267 -3.945 11.93
c<B>r<31>R<HIS> 27.419 -3.663 15.085
c<B>r<32>R<PRO> 26.877 -3.106 17.991
c<B>r<33>R<SER> 23.684 -5.111 18.5
c<B>r<34>R<ASP> 21.423 -2.486 20.085
c<B>r<35>R<ILE> 18.924 -1.365 17.472
c<B>r<36>R<GLU> 15.371 -0.022 17.317
c<B>r<37>R<VAL> 13.047 -1.244 14.586
c<B>r<49>R<VAL> 5.349 -6.63 15.452
c<B>r<50>R<GLU> 7.57 -9.519 16.42
c<B>r<51>R<HIS> 11.219 -10.234 15.852
c<B>r<52>R<SER> 13.709 -13.012 15.553
c<B>r<53>R<ASP> 16.365 -13.904 18.095
c<B>r<54>R<LEU> 19.69 -12.085 17.664
c<B>r<55>R<SER> 22.253 -13.899 15.577
c<B>r<56>R<PHE> 25.351 -13.005 13.592
c<B>r<57>R<SER> 27.312 -13.596 10.438
c<B>r<58>R<LYS> 30.84 -14.589 9.481
c<B>r<59>R<ASP> 32.122 -11.087 9.894
c<B>r<60>R<TRP> 30.526 -10.934 13.368
c<B>r<61>R<SER> 27.853 -8.463 12.255
c<B>r<62>R<PHE> 24.36 -8.945 13.566
c<B>r<63>R<TYR> 21.046 -9.633 11.849
c<B>r<64>R<LEU> 17.378 -9.584 12.824
c<B>r<65>R<LEU> 14.008 -10.044 11.13
c<B>r<66>R<TYR> 11.034 -7.927 12.318
c<B>r<67>R<TYR> 7.597 -8.968 10.976
c<B>r<68>R<THR> 3.88 -8.655 11.227
c<B>r<69>R<GLU> 0.773 -10.002 9.59
c<B>r<70>R<PHE> -0.926 -7.356 7.472
c<B>r<78>R<TYR> 4.101 0.949 4.801
c<B>r<79>R<ALA> 7.654 1.411 5.928
c<B>r<80>R<CYS> 10.325 0.316 8.373
c<B>r<81>R<ARG> 11.901 2.756 10.775
c<B>r<82>R<VAL> 15.375 1.899 12.147
c<B>r<83>R<ASN> 17.551 3.581 14.696
c<B>r<84>R<HIS> 21.118 2.623 15.588
c<B>r<85>R<VAL> 24.106 4.448 17.063
c<B>r<86>R<THR> 25.549 4.81 13.573
c<B>r<87>R<LEU> 22.512 6.94 12.465
c<B>r<88>R<SER> 21.936 10.707 13.156
c<B>r<89>R<GLN> 18.196 10.234 13.128
c<B>r<90>R<PRO> 15.803 7.315 12.483
c<B>r<91>R<LYS> 16.09 5.916 8.963
c<B>r<92>R<ILE> 12.798 5.166 7.241
c<B>r<93>R<VAL> 12.618 2.823 4.286
c<B>r<94>R<LYS> 9.344 2.603 2.316
c<B>r<95>R<TRP> 7.862 -0.713 1.286
c<B>r<96>R<ASP> 7.814 -1.041 -2.555
c<B>r<97>R<ARG> 5.693 -4.029 -3.544
c<B>r<98>R<ASP> 7.805 -4.952 -6.62
c<B>r<99>R<MET> 11.024 -5.777 -4.832
c<D>r<2>R<GLN> 34.536 15.863 -18.809
c<D>r<3>R<GLU> 38.048 16.099 -17.364
c<D>r<4>R<VAL> 39.154 17.59 -14.049
c<D>r<5>R<THR> 42.7 18.868 -13.606
c<D>r<6>R<GLN> 44.217 19.985 -10.311
c<D>r<7>R<ILE> 47.493 21.876 -10.062
c<D>r<8>R<PRO> 49.956 21.914 -8.5
c<D>r<9>R<ALA> 49.885 18.132 -8.065
c<D>r<10>R<ALA> 52.008 18.648 -4.958
c<D>r<29>R<ALA> 27.938 22.473 -17.919
c<D>r<30>R<ILE> 28.154 21.534 -14.234
c<D>r<31>R<TYR> 25.559 21.314 -11.459
c<D>r<32>R<ASN> 28.066 22.131 -8.716
c<D>r<33>R<LEU> 31.672 21.841 -7.535
c<D>r<34>R<GLN> 32.778 20.309 -4.247
c<D>r<35>R<TRP> 36.138 20.407 -2.479
c<D>r<36>R<PHE> 37.24 17.635 -0.119
c<D>r<37>R<ARG> 40.153 16.884 2.175
c<D>r<38>R<GLN> 41.6 13.384 2.571
c<D>r<39>R<ASP> 44.124 12.27 5.193
c<D>r<40>R<PRO> 46.383 9.273 4.419
c<D>r<41>R<GLY> 44.426 6.049 4.846
c<D>r<42>R<LYS> 41.219 7.86 5.792
c<D>r<43>R<GLY> 38.029 9.034 4.092
c<D>r<44>R<LEU> 36.898 12.225 2.361
c<D>r<45>R<THR> 35.829 15.203 4.444
c<D>r<46>R<SER> 33.749 17.801 2.638
c<D>r<47>R<LEU> 35.181 21.309 2.855
c<D>r<48>R<LEU> 33.089 23.501 0.56
c<D>r<49>R<LEU> 30.235 23.138 -1.9
c<D>r<50>R<ILE> 29.671 25.655 -4.689
c<D>r<51>R<GLN> 26.401 25.487 -6.611
c<D>r<52>R<SER> 26.276 26.503 -10.282
c<D>r<53>R<SER> 24.465 29.668 -9.174
c<D>r<54>R<GLN> 27.263 30.675 -6.802
c<D>r<57>R<GLN> 31.942 29.964 -0.705
c<D>r<82>R<PRO> 50.898 22.16 9.536
c<D>r<83>R<GLY> 47.494 20.665 10.295
c<D>r<84>R<ASP> 46.31 21.676 6.83
c<D>r<85>R<SER> 48.607 19.006 5.366
c<D>r<86>R<ALA> 46.484 16.518 3.424
c<D>r<87>R<THR> 45.312 15.786 -0.097
c<D>r<88>R<TYR> 42.706 18.191 -1.491
c<D>r<89>R<LEU> 40.248 16.843 -4.049
c<D>r<90>R<CYS> 37.97 18.703 -6.422
c<D>r<91>R<ALA> 34.852 17.216 -7.999
c<D>r<92>R<VAL> 32.145 18.471 -10.342
c<D>r<93>R<ARG> 28.749 17.005 -11.186
c<D>r<94>R<PRO> 26.904 17.205 -14.543
c<D>r<95>R<THR> 23.749 19.241 -15.102
c<D>r<96>R<SER> 20.7 18.796 -17.331
c<D>r<97>R<GLY> 20.423 15.018 -17.166
c<D>r<98>R<GLY> 24.137 14.32 -17.351
c<D>r<99>R<SER> 24.058 10.879 -15.744
c<D>r<100>R<TYR> 24.546 12.729 -12.443
c<D>r<101>R<ILE> 28.002 11.14 -12.771
c<D>r<102>R<PRO> 30.637 13.21 -10.928
c<D>r<103>R<THR> 34.22 13.614 -12.113
c<D>r<104>R<PHE> 37.079 13.813 -9.603
c<D>r<105>R<GLY> 40.494 15.365 -10.058
c<D>r<106>R<ARG> 43.638 13.495 -8.997
c<D>r<107>R<GLY> 44.076 15.979 -6.163
c<D>r<108>R<THR> 46.769 18.218 -4.712
c<D>r<109>R<SER> 49.019 16.805 -2.002
c<D>r<110>R<LEU> 49.775 19.609 0.437
c<D>r<111>R<ILE> 52.495 19.74 3.063
c<D>r<112>R<VAL> 52.696 22.793 5.316
c<D>r<113>R<HIS> 56.032 22.765 7.18
c<D>r<114>R<PRO> 56.355 23.924 10.796
c<D>r<118>R<ASN> 65.596 27.138 17.303
c<D>r<119>R<PRO> 67 24.385 15.058
c<D>r<120>R<ASP> 69.213 21.953 16.96
c<D>r<121>R<PRO> 69.977 19.191 14.409
c<D>r<122>R<ALA> 71.249 15.972 15.891
c<D>r<123>R<VAL> 71.362 12.245 15.256
c<D>r<124>R<TYR> 70.893 9.956 18.266
c<D>r<125>R<GLN> 71.148 6.189 18.591
c<D>r<126>R<LEU> 68.339 4.536 20.566
c<D>r<127>R<ARG> 69.098 1.195 22.166
c<D>r<128>R<ARG> 67.239 -2.029 22.839
c<D>r<129>R<SER> 63.834 -3.448 22.013
c<D>r<130>R<LYS> 64.685 -5.666 24.968
c<D>r<131>R<SER> 67.996 -6.411 23.247
c<D>r<132>R<SER> 68.74 -8.456 20.125
c<D>r<133>R<ASP> 66.546 -6.797 17.493
c<D>r<134>R<LYS> 67.627 -3.817 15.372
c<D>r<135>R<SER> 69.787 -0.675 15.371
c<D>r<136>R<VAL> 67.666 2.5 15.454
c<D>r<137>R<CYS> 68.724 6.13 14.98
c<D>r<138>R<LEU> 66.797 9.36 15.197
c<D>r<139>R<PHE> 67.622 12.485 13.183
c<D>r<140>R<THR> 65.778 15.255 15
c<D>r<141>R<ASP> 65.299 18.965 15.66
c<D>r<142>R<PHE> 66.356 20.064 12.198
c<D>r<148>R<VAL> 66.017 13.549 4.35
c<D>r<149>R<SER> 67.01 11.337 1.424
c<D>r<150>R<GLN> 67.21 7.556 1.089
c<D>r<151>R<SER> 70.357 5.612 1.956
c<D>r<152>R<LYS> 72.491 3.875 -0.661
c<D>r<153>R<ASP> 72.609 0.723 1.454
c<D>r<154>R<SER> 70.544 -2.435 1.015
c<D>r<155>R<ASP> 69.971 -3.208 4.704
c<D>r<156>R<VAL> 69.239 0.384 5.713
c<D>r<157>R<TYR> 65.899 2.165 5.931
c<D>r<158>R<ILE> 65.103 5.832 6.384
c<D>r<159>R<THR> 61.58 7.056 7.024
c<D>r<160>R<ASP> 59.918 10.226 5.831
c<D>r<161>R<LYS> 59.99 13.112 8.275
c<D>r<162>R<CYS> 57.162 13.997 10.628
c<D>r<163>R<VAL> 56.48 16.818 13.001
c<D>r<164>R<LEU> 55.463 16.266 16.596
c<D>r<165>R<ASP> 54.077 18.896 18.929
c<D>r<166>R<MET> 54.807 18.959 22.631
c<D>r<167>R<ARG> 51.715 20.977 23.517
c<D>r<168>R<SER> 52.52 21.887 27.129
c<D>r<169>R<MET> 55.778 23.497 25.994
c<D>r<170>R<ASP> 54.462 24.966 22.733
c<D>r<171>R<PHE> 57.387 23.142 21.129
c<D>r<172>R<LYS> 57.421 21.47 17.718
c<D>r<173>R<SER> 60.147 19.286 16.245
c<D>r<174>R<ASN> 60.896 17.397 13.046
c<D>r<175>R<SER> 62.393 13.929 12.951
c<D>r<176>R<ALA> 63.194 11.005 10.705
c<D>r<177>R<VAL> 64.085 7.461 11.741
c<D>r<178>R<ALA> 66.77 5.203 10.286
c<D>r<179>R<TRP> 67.616 1.606 11.106
c<D>r<180>R<SER> 69.459 -1.49 9.925
c<D>r<181>R<ASN> 69.961 -5.04 11.184
c<D>r<182>R<LYS> 71.953 -5.323 14.442
c<D>r<187>R<CYS> 72.859 3.715 11.943
c<D>r<188>R<ALA> 74.222 7.243 12.386
c<D>r<200>R<THR> 74.662 18.506 13.15
c<D>r<201>R<PHE> 75.379 16.857 16.506
c<D>r<202>R<PHE> 76.564 13.231 16.214
c<D>r<203>R<PRO> 77.174 11.954 19.781
c<D>r<204>R<SER> 78.593 8.436 20.08
c<E>r<2>R<GLY> 25.812 9.431 7.835
c<E>r<3>R<VAL> 27.29 6.94 5.383
c<E>r<4>R<THR> 28.506 3.639 6.795
c<E>r<5>R<GLN> 30.383 1.047 4.781
c<E>r<6>R<THR> 31.676 -2.327 5.936
c<E>r<7>R<PRO> 34.005 -3.982 6.229
c<E>r<8>R<LYS> 36.658 -1.29 6.703
c<E>r<9>R<PHE> 39.441 -3.762 5.879
c<E>r<10>R<GLN> 39.46 -7.084 4.084
c<E>r<11>R<VAL> 41.851 -9.672 2.703
c<E>r<12>R<LEU> 40.582 -12.121 0.114
c<E>r<16>R<GLN> 36.599 -15.696 -3.158
c<E>r<17>R<SER> 33.313 -13.82 -3.185
c<E>r<18>R<MET> 32.651 -10.731 -1.097
c<E>r<19>R<THR> 30.085 -8 -0.624
c<E>r<20>R<LEU> 31.01 -4.46 0.356
c<E>r<21>R<GLN> 28.111 -2.914 2.242
c<E>r<22>R<CYS> 26.973 0.696 2.179
c<E>r<23>R<ALA> 24.176 2.156 4.279
c<E>r<24>R<GLN> 23.035 5.752 4.751
c<E>r<25>R<ASP> 20.281 7.124 6.996
c<E>r<26>R<MET> 19.739 10.448 5.234
c<E>r<27>R<ASN> 17 9.269 2.87
c<E>r<28>R<HIS> 19.399 10 0.007
c<E>r<29>R<GLU> 18.052 8.774 -3.324
c<E>r<30>R<TYR> 21.433 8.73 -5.077
c<E>r<31>R<MET> 24.187 6.273 -4.161
c<E>r<32>R<SER> 27.47 5.365 -5.823
c<E>r<33>R<TRP> 30.673 3.343 -5.526
c<E>r<34>R<TYR> 34.2 4.457 -6.384
c<E>r<35>R<ARG> 37.593 2.823 -6.296
c<E>r<36>R<GLN> 40.681 4.889 -5.515
c<E>r<37>R<ASP> 44.076 3.753 -6.776
c<E>r<38>R<PRO> 47.522 5.449 -6.565
c<E>r<39>R<GLY> 47.71 8.36 -8.992
c<E>r<40>R<MET> 44.601 6.873 -10.586
c<E>r<41>R<GLY> 42.209 9.167 -8.729
c<E>r<42>R<LEU> 38.608 8.262 -7.864
c<E>r<43>R<ARG> 36.902 6.133 -10.521
c<E>r<44>R<LEU> 33.145 5.528 -10.511
c<E>r<45>R<ILE> 32.264 1.817 -10.611
c<E>r<46>R<HIS> 28.467 1.798 -10.299
c<E>r<47>R<TYR> 25.706 4.197 -9.305
c<E>r<48>R<SER> 22.011 4.176 -8.481
c<E>r<49>R<VAL> 19.789 7.198 -9.096
c<E>r<50>R<GLY> 17.051 5.499 -7.101
c<E>r<51>R<ALA> 15.718 2.361 -5.441
c<E>r<52>R<GLY> 15.156 -0.323 -8.049
c<E>r<53>R<ILE> 17.395 1.492 -10.52
c<E>r<54>R<THR> 21.044 0.68 -11.23
c<E>r<55>R<ASP> 23.628 1.592 -13.871
c<E>r<56>R<GLN> 27.265 0.737 -14.563
c<E>r<57>R<GLY> 30.037 3.308 -14.316
c<E>r<58>R<GLU> 33.556 3.628 -15.703
c<E>r<59>R<VAL> 34.977 0.394 -14.294
c<E>r<60>R<PRO> 31.883 -1.811 -13.731
c<E>r<61>R<ASN> 33.814 -4.834 -14.999
c<E>r<62>R<GLY> 33.929 -7.502 -12.308
c<E>r<63>R<TYR> 31.426 -5.814 -9.989
c<E>r<64>R<ASN> 27.714 -6.314 -9.354
c<E>r<65>R<VAL> 25.353 -3.94 -7.581
c<E>r<66>R<SER> 21.69 -3.929 -6.628
c<E>r<67>R<ARG> 19.354 -1.307 -5.185
c<E>r<68>R<SER> 16.254 -2.999 -3.784
c<E>r<69>R<THR> 16.08 -0.446 -0.969
c<E>r<70>R<THR> 16.865 3.264 -0.591
c<E>r<71>R<GLU> 19.216 2.839 2.375
c<E>r<72>R<ASP> 21.467 0.138 0.882
c<E>r<73>R<PHE> 23.716 -0.168 -2.17
c<E>r<74>R<PRO> 25.75 -3.432 -2.039
c<E>r<75>R<LEU> 28.856 -3.842 -4.197
c<E>r<76>R<ARG> 29.486 -7.515 -4.861
c<E>r<77>R<LEU> 32.628 -9.25 -6.087
c<E>r<78>R<LEU> 31.527 -12.708 -7.24
c<E>r<79>R<SER> 35.094 -13.873 -7.852
c<E>r<80>R<ALA> 37.728 -11.548 -6.378
c<E>r<86>R<SER> 41.945 -1.008 -3.996
c<E>r<87>R<VAL> 40.245 1.404 -1.604
c<E>r<88>R<TYR> 36.484 1.476 -2.158
c<E>r<89>R<PHE> 34.32 4.472 -1.353
c<E>r<90>R<CYS> 30.572 4.772 -1.206
c<E>r<91>R<ALA> 28.991 8.201 -1.604
c<E>r<92>R<SER> 25.408 9.402 -1.529
c<E>r<93>R<SER> 23.368 12.547 -2.053
c<E>r<94>R<TYR> 19.809 13.796 -2.355
c<E>r<95>R<VAL> 18.468 13.486 -5.912
c<E>r<96>R<GLY> 18.582 17.156 -6.895
c<E>r<97>R<ASN> 19.045 19.638 -4.068
c<E>r<98>R<THR> 22.597 21.005 -3.777
c<E>r<99>R<GLY> 24.301 17.962 -5.245
c<E>r<100>R<GLU> 26.411 17.6 -2.104
c<E>r<101>R<LEU> 28.08 14.207 -1.923
c<E>r<102>R<PHE> 28.538 12.377 1.378
c<E>r<103>R<PHE> 31.328 9.8 1.524
c<E>r<104>R<GLY> 31.774 6.693 3.615
c<E>r<105>R<GLU> 35.074 6.052 5.415
c<E>r<106>R<GLY> 36.313 3.626 2.775
c<E>r<107>R<SER> 36.973 -0.097 2.575
c<E>r<108>R<ARG> 40.555 -1.255 2.019
c<E>r<109>R<LEU> 40.601 -4.53 0.102
c<E>r<110>R<THR> 43.612 -6.677 -0.764
c<E>r<118>R<VAL> 50.008 -12.07 4.647
c<E>r<119>R<PHE> 52.199 -11.225 7.666
c<E>r<120>R<PRO> 51.446 -9.51 10.982
c<E>r<121>R<PRO> 53.765 -6.767 12.229
c<E>r<122>R<GLU> 56.614 -7.324 14.65
c<E>r<123>R<VAL> 56.631 -4.371 17.053
c<E>r<124>R<ALA> 59.471 -2.965 19.125
c<E>r<125>R<VAL> 59.983 0.12 21.281
c<E>r<126>R<PHE> 63.383 1.781 21.418
c<E>r<127>R<GLU> 64.222 3.775 24.521
c<E>r<128>R<PRO> 65.459 7.395 24.619
c<E>r<129>R<SER> 69.082 8.224 23.911
c<E>r<130>R<GLU> 71 9.456 26.958
c<E>r<131>R<ALA> 72.712 11.951 24.644
c<E>r<132>R<GLU> 69.346 13.43 23.622
c<E>r<133>R<ILE> 68.374 13.748 27.281
c<E>r<134>R<SER> 71.579 15.546 28.203
c<E>r<135>R<HIS> 71.474 17.809 25.129
c<E>r<136>R<THR> 67.76 18.729 25.075
c<E>r<137>R<GLN> 66.158 17.704 28.384
c<E>r<138>R<LYS> 63.694 15.81 26.179
c<E>r<139>R<ALA> 63.369 12.084 25.539
c<E>r<140>R<THR> 62.109 10.508 22.335
c<E>r<141>R<LEU> 60.852 6.928 22.24
c<E>r<142>R<VAL> 60.538 5.225 18.871
c<E>r<143>R<CYS> 58.087 2.493 17.978
c<E>r<144>R<LEU> 58.924 0.334 14.978
c<E>r<145>R<ALA> 56.414 -1.977 13.289
c<E>r<146>R<THR> 58.014 -4.162 10.636
c<E>r<147>R<GLY> 57.389 -7.007 8.218
c<E>r<148>R<PHE> 53.658 -6.628 7.789
c<E>r<150>R<PRO> 49.043 -5.808 3.68
c<E>r<151>R<ASP> 49.376 -2.225 4.862
c<E>r<152>R<HIS> 46.224 -2.427 7
c<E>r<153>R<VAL> 47.428 -1.146 10.39
c<E>r<154>R<GLU> 46.684 1.435 13.098
c<E>r<155>R<LEU> 49.424 2.506 15.511
c<E>r<156>R<SER> 48.743 4.242 18.826
c<E>r<157>R<TRP> 50.686 5.218 21.972
c<E>r<158>R<TRP> 49.366 4.742 25.493
c<E>r<159>R<VAL> 51.027 6.26 28.552
c<E>r<160>R<ASN> 49.885 4.842 31.896
c<E>r<161>R<GLY> 46.822 3.489 30.109
c<E>r<162>R<LYS> 45.846 6.779 28.467
c<E>r<163>R<GLU> 45.974 7.168 24.683
c<E>r<164>R<VAL> 48.227 10.103 23.827
c<E>r<165>R<HIS> 48.441 12.501 20.92
c<E>r<166>R<SER> 50.675 15.184 22.415
c<E>r<167>R<GLY> 54.32 14.789 21.442
c<E>r<168>R<VAL> 53.583 12.069 18.904
c<E>r<169>R<CYS> 53.938 11.641 15.195
c<E>r<170>R<THR> 53.694 8.609 12.983
c<E>r<171>R<ASP> 55 8.23 9.443
c<E>r<172>R<PRO> 52.234 9.384 7.061
c<E>r<173>R<GLN> 52.845 6.269 4.99
c<E>r<174>R<PRO> 54.629 2.962 5.658
c<E>r<175>R<LEU> 57.745 2.154 3.667
c<E>r<176>R<LYS> 58.397 -0.933 1.572
c<E>r<177>R<GLU> 61.067 -3.277 2.887
c<E>r<178>R<GLN> 61.478 -4.72 -0.643
c<E>r<179>R<PRO> 60.806 -1.676 -2.926
c<E>r<180>R<ALA> 60.541 -3.481 -6.266
c<E>r<185>R<ARG> 56.192 -6.28 3.411
c<E>r<186>R<TYR> 56.036 -2.897 5.149
c<E>r<187>R<ALA> 57.587 -0.961 7.999
c<E>r<188>R<LEU> 56.091 1.941 9.941
c<E>r<189>R<SER> 57.671 4.088 12.645
c<E>r<190>R<SER> 56.314 6.477 15.246
c<E>r<191>R<ARG> 57.847 8.813 17.806
c<E>r<192>R<LEU> 56.651 9.825 21.272
c<E>r<193>R<ARG> 58.59 12.663 22.878
c<E>r<194>R<VAL> 58.306 13.507 26.569
c<E>r<195>R<SER> 60.32 15.597 28.986
c<E>r<196>R<ALA> 63.424 13.903 30.342
c<E>r<197>R<THR> 61.948 14.126 33.849
c<E>r<198>R<PHE> 58.86 12.197 32.766
c<E>r<199>R<TRP> 60.97 9.471 31.151
c<E>r<205>R<HIS> 54.576 2.994 31.568
c<E>r<206>R<PHE> 54.807 3.488 27.796
c<E>r<207>R<ARG> 52.969 1.23 25.348
c<E>r<208>R<CYS> 52.993 1.217 21.575
c<E>r<209>R<GLN> 50.341 -0.923 19.964
c<E>r<210>R<VAL> 49.596 -1.755 16.387
c<E>r<211>R<GLN> 46.274 -3.119 15.272
c<E>r<212>R<PHE> 46.722 -5.266 12.18
c<E>r<213>R<TYR> 43.758 -6.238 10.015
c<E>r<214>R<GLY> 44.355 -9.645 8.493
c<E>r<215>R<LEU> 42.633 -12.958 7.866
c<E>r<216>R<SER> 39.362 -14.136 9.371
c<E>r<217>R<GLU> 39.374 -17.07 11.791
c<E>r<218>R<ASN> 37.726 -19.145 9.065
c<E>r<219>R<ASP> 40.267 -18.892 6.242
c<E>r<220>R<GLU> 42.322 -21.967 5.379
c<E>r<221>R<TRP> 45.841 -21.76 6.8
c<E>r<222>R<THR> 48.385 -24.515 6.175
c<E>r<223>R<GLN> 51.585 -22.778 7.291
c<E>r<224>R<ASP> 53.855 -23.808 10.157
c<E>r<225>R<ARG> 53.201 -20.398 11.715
c<E>r<226>R<ALA> 50.29 -18.736 13.507
c<E>r<227>R<LYS> 47.445 -17.715 11.205
c<E>r<228>R<PRO> 47.857 -13.95 10.56
c<E>r<229>R<VAL> 44.398 -12.978 11.796
c<E>r<230>R<THR> 43.33 -9.491 12.839
c<E>r<231>R<GLN> 45.167 -8.714 16.055
c<E>r<232>R<ILE> 46.995 -6.176 18.173
c<E>r<233>R<VAL> 50.77 -6.513 18.531
c<E>r<234>R<SER> 52.334 -4.326 21.229
c<E>r<235>R<ALA> 55.643 -3.41 22.836
c<E>r<236>R<GLU> 56.313 -1.468 26.016
c<E>r<237>R<ALA> 58.862 0.257 28.182
c<E>r<238>R<TRP> 59.074 1.772 31.633
c<E>r<239>R<GLY> 60.833 4.961 32.58
c<E>r<240>R<ARG> 64.22 4.78 34.284
c<E>r<242>R<ASP> 69.221 6.436 34.486
