c<A>r<6>R<ARG> 25.855 -24.502 15.484
c<A>r<7>R<TYR> 25.423 -22.339 18.593
c<A>r<8>R<PHE> 25.699 -18.556 18.673
c<A>r<9>R<PHE> 26.205 -16.588 21.896
c<A>r<10>R<THR> 26.209 -12.852 22.382
c<A>r<11>R<SER> 26.849 -10.992 25.65
c<A>r<12>R<VAL> 26.656 -7.205 25.89
c<A>r<13>R<SER> 27.798 -5.342 28.982
c<A>r<14>R<ARG> 25.636 -2.759 30.616
c<A>r<15>R<PRO> 27.972 -0.287 32.231
c<A>r<20>R<PRO> 25.269 -8.352 30.675
c<A>r<21>R<ARG> 22.43 -9.01 28.241
c<A>r<22>R<PHE> 22.954 -12.588 27.017
c<A>r<23>R<ILE> 21.311 -14.238 24.001
c<A>r<24>R<ALA> 21.995 -17.783 22.845
c<A>r<25>R<VAL> 20.575 -19.414 19.725
c<A>r<26>R<GLY> 21.022 -22.893 18.304
c<A>r<27>R<TYR> 20.725 -23.928 14.666
c<A>r<28>R<VAL> 20.723 -27.029 12.578
c<A>r<29>R<ASP> 21.841 -25.787 9.167
c<A>r<30>R<ASP> 19.734 -22.656 8.522
c<A>r<31>R<THR> 17.001 -23.665 10.98
c<A>r<32>R<GLN> 16.913 -22.081 14.488
c<A>r<33>R<PHE> 15.709 -24.63 17.021
c<A>r<34>R<VAL> 16.376 -23.265 20.501
c<A>r<35>R<ARG> 16.967 -19.954 22.258
c<A>r<36>R<PHE> 17.871 -18.438 25.591
c<A>r<37>R<ASP> 17.427 -14.761 26.341
c<A>r<38>R<SER> 18.486 -13.35 29.745
c<A>r<39>R<ASP> 15.811 -10.674 29.34
c<A>r<40>R<ALA> 12.983 -13.281 29.141
c<A>r<45>R<MET> 16.331 -22.681 27.175
c<A>r<46>R<GLU> 13.221 -22.636 24.984
c<A>r<47>R<PRO> 12.136 -24.514 21.884
c<A>r<48>R<ARG> 11.943 -22.725 18.506
c<A>r<49>R<ALA> 11.239 -25.72 16.186
c<A>r<81>R<LEU> 38.808 -8.188 28.511
c<A>r<82>R<ARG> 38.135 -4.671 29.785
c<A>r<83>R<GLY> 41.346 -5.087 31.799
c<A>r<84>R<TYR> 43.335 -6.661 28.994
c<A>r<85>R<TYR> 42.51 -3.761 26.735
c<A>r<86>R<ASN> 42.851 -1.08 29.452
c<A>r<87>R<GLN> 39.293 0.138 28.807
c<A>r<88>R<SER> 37.047 2.361 30.964
c<A>r<90>R<ALA> 31.897 3.494 31.161
c<A>r<91>R<GLY> 31.424 1.81 27.797
c<A>r<92>R<SER> 29.342 -1.133 26.633
c<A>r<93>R<HIS> 31.301 -3.998 25.078
c<A>r<94>R<THR> 30.387 -7.236 23.339
c<A>r<95>R<VAL> 31.603 -10.808 23.408
c<A>r<96>R<GLN> 30.46 -13.251 20.697
c<A>r<97>R<ARG> 31.115 -16.972 20.509
c<A>r<98>R<MET> 30.138 -19.514 17.843
c<A>r<99>R<TYR> 30.885 -23.217 17.875
c<A>r<100>R<GLY> 29.556 -26.24 16.143
c<A>r<111>R<ARG> 34.596 -30.951 11.036
c<A>r<112>R<GLY> 34.344 -28.814 14.159
c<A>r<113>R<TYR> 34.905 -25.148 14.935
c<A>r<114>R<HIS> 34.998 -22.655 17.802
c<A>r<115>R<GLN> 35.361 -18.922 17.31
c<A>r<116>R<TYR> 35.397 -16.014 19.791
c<A>r<117>R<ALA> 35.197 -12.22 19.139
c<A>r<118>R<TYR> 35.499 -9.135 21.299
c<A>r<119>R<ASP> 33.873 -5.866 20.091
c<A>r<120>R<GLY> 33.143 -7.466 16.701
c<A>r<121>R<LYS> 36.707 -8.463 15.946
c<A>r<122>R<ASP> 38.41 -11.817 16
c<A>r<123>R<TYR> 39.876 -12.635 19.387
c<A>r<124>R<ILE> 40.699 -16.352 19.574
c<A>r<125>R<ALA> 39.663 -19.456 17.552
c<A>r<126>R<LEU> 40.381 -23.133 17.415
c<A>r<127>R<LYS> 42.448 -24.184 14.41
c<A>r<128>R<GLU> 40.958 -26.673 11.915
c<A>r<129>R<ASP> 42.524 -29.707 13.663
c<A>r<130>R<LEU> 40.878 -28.761 16.958
c<A>r<132>R<SER> 45.599 -25.521 18.834
c<A>r<133>R<TRP> 44.55 -21.892 18.866
c<A>r<134>R<THR> 44.75 -18.801 16.624
c<A>r<135>R<ALA> 45.139 -15.632 18.732
c<A>r<136>R<ALA> 44.491 -12.411 16.81
c<A>r<137>R<ASP> 46.525 -10.03 19.004
c<A>r<138>R<MET> 48.774 -9.951 22.062
c<A>r<139>R<ALA> 45.85 -9.885 24.507
c<A>r<140>R<ALA> 44.599 -13.14 23.069
c<A>r<141>R<GLN> 48.04 -14.665 23.516
c<A>r<142>R<THR> 47.357 -14.621 27.29
c<A>r<143>R<THR> 44.21 -16.565 26.707
c<A>r<144>R<LYS> 45.936 -18.972 24.336
c<A>r<185>R<PRO> 13.532 -22.391 -5.388
c<A>r<186>R<LYS> 10.261 -21.553 -7.059
c<A>r<187>R<THR> 11.457 -19.42 -9.922
c<A>r<188>R<HIS> 9.883 -16.947 -12.3
c<A>r<189>R<MET> 10.726 -13.936 -14.367
c<A>r<190>R<THR> 8.987 -10.584 -14.626
c<A>r<191>R<HIS> 9.258 -7.961 -17.33
c<A>r<192>R<HIS> 8.49 -4.291 -17.206
c<A>r<193>R<ALA> 9.293 -1.389 -19.46
c<A>r<194>R<VAL> 11.547 1.366 -18.1
c<A>r<200>R<THR> 13.929 -4.728 -16.883
c<A>r<201>R<LEU> 13.949 -8.457 -16.502
c<A>r<202>R<ARG> 13.846 -9.678 -12.906
c<A>r<203>R<CYS> 14.556 -13.316 -12.008
c<A>r<204>R<TRP> 12.986 -14.407 -8.708
c<A>r<205>R<ALA> 13.908 -17.338 -6.509
c<A>r<206>R<LEU> 11.403 -17.921 -3.746
c<A>r<207>R<SER> 10.61 -20.296 -0.932
c<A>r<208>R<PHE> 13.952 -22.1 -0.984
c<A>r<210>R<PRO> 18.784 -23.965 2.557
c<A>r<211>R<ALA> 19.804 -20.364 2.024
c<A>r<212>R<GLU> 22.854 -20.91 -0.215
c<A>r<213>R<ILE> 21.936 -20.061 -3.806
c<A>r<214>R<THR> 23.465 -18.556 -6.998
c<A>r<215>R<LEU> 21.599 -16.449 -9.524
c<A>r<216>R<THR> 23.517 -15.488 -12.68
c<A>r<217>R<TRP> 22.445 -13.675 -15.839
c<A>r<218>R<GLN> 23.87 -14.579 -19.262
c<A>r<219>R<ARG> 23.627 -12.873 -22.637
c<A>r<220>R<ASP> 23.958 -15.183 -25.615
c<A>r<221>R<GLY> 25.459 -17.83 -23.324
c<A>r<222>R<GLU> 28.154 -15.806 -21.426
c<A>r<223>R<ASP> 27.998 -14.277 -17.912
c<A>r<224>R<GLN> 26.607 -10.737 -17.784
c<A>r<225>R<THR> 27.343 -8.714 -14.664
c<A>r<226>R<GLN> 27.062 -5.23 -16.223
c<A>r<227>R<ASP> 23.666 -3.573 -16.141
c<A>r<228>R<THR> 22.499 -6.028 -13.44
c<A>r<229>R<GLU> 21.143 -5.432 -9.879
c<A>r<230>R<LEU> 20.196 -7.75 -7.05
c<A>r<231>R<VAL> 19.243 -8.14 -3.471
c<A>r<232>R<GLU> 20.944 -10.064 -0.746
c<A>r<233>R<THR> 19.317 -13.364 0.23
c<A>r<234>R<ARG> 16.622 -12.67 2.802
c<A>r<235>R<PRO> 14.361 -14.715 5.049
c<A>r<236>R<ALA> 10.718 -15.123 4.051
c<A>r<237>R<GLY> 9.738 -15.567 7.711
c<A>r<238>R<ASP> 8.406 -19.091 7.327
c<A>r<239>R<GLY> 11.797 -20.734 7.371
c<A>r<240>R<THR> 12.569 -20.331 3.679
c<A>r<241>R<PHE> 14.551 -17.712 1.812
c<A>r<242>R<GLN> 14.161 -15.304 -1.146
c<A>r<243>R<LYS> 16.442 -13.626 -3.693
c<A>r<244>R<TRP> 16.191 -11.831 -7.014
c<A>r<245>R<ALA> 18.547 -10.571 -9.734
c<A>r<246>R<ALA> 17.6 -8.119 -12.509
c<A>r<247>R<VAL> 19.109 -6.831 -15.805
c<A>r<248>R<VAL> 18.133 -3.906 -18.035
c<A>r<258>R<THR> 18.941 -16.179 -19.52
c<A>r<259>R<CYS> 18.847 -16.425 -15.704
c<A>r<260>R<HIS> 20.681 -19.413 -14.266
c<A>r<261>R<VAL> 19.752 -20.732 -10.826
c<A>r<262>R<GLN> 21.959 -23.114 -8.808
c<A>r<263>R<HIS> 20.673 -24.588 -5.565
c<A>r<264>R<GLU> 21.216 -27.9 -3.764
c<A>r<266>R<LEU> 17.918 -28.706 -7.907
c<A>r<267>R<PRO> 19.287 -31.896 -9.554
c<A>r<268>R<LYS> 20.491 -29.631 -12.346
c<A>r<269>R<PRO> 20.604 -25.817 -12.512
c<A>r<270>R<LEU> 17.632 -24.067 -13.975
c<A>r<271>R<THR> 17.68 -21.742 -16.943
c<B>r<0>R<MET> 35.233 0.186 18.777
c<B>r<1>R<ILE> 34.031 -1.034 15.374
c<B>r<2>R<GLN> 30.634 0.343 14.291
c<B>r<3>R<ARG> 28.76 -0.887 11.247
c<B>r<4>R<THR> 25.575 0.6 9.973
c<B>r<5>R<PRO> 22.559 -1.614 9.273
c<B>r<6>R<LYS> 21.552 -2.768 5.796
c<B>r<7>R<ILE> 17.747 -2.738 5.503
c<B>r<8>R<GLN> 15.286 -4.628 3.292
c<B>r<9>R<VAL> 11.529 -4.136 3.543
c<B>r<10>R<TYR> 9.363 -6.664 1.703
c<B>r<11>R<SER> 6.364 -8.943 1.93
c<B>r<12>R<ARG> 6.51 -12.676 2.387
c<B>r<13>R<HIS> 4.162 -13.242 -0.602
c<B>r<14>R<PRO> 3.103 -11.086 -3.608
c<B>r<15>R<ALA> 0.977 -8.252 -2.551
c<B>r<21>R<ASN> 0.189 -11.341 4.019
c<B>r<22>R<PHE> 3.305 -10.67 6.108
c<B>r<23>R<LEU> 5.467 -7.509 6.134
c<B>r<24>R<ASN> 9.125 -8.023 6.834
c<B>r<25>R<CYS> 11.942 -5.705 7.734
c<B>r<26>R<TYR> 15.321 -7.505 7.569
c<B>r<27>R<VAL> 18.172 -5.614 9.207
c<B>r<28>R<SER> 21.718 -6.961 8.839
c<B>r<29>R<GLY> 25.369 -6.108 8.853
c<B>r<30>R<PHE> 25.267 -3.945 11.93
c<B>r<31>R<HIS> 27.419 -3.663 15.085
c<B>r<32>R<PRO> 26.877 -3.106 17.991
c<B>r<33>R<SER> 23.684 -5.111 18.5
c<B>r<34>R<ASP> 21.423 -2.486 20.085
c<B>r<35>R<ILE> 18.924 -1.365 17.472
c<B>r<49>R<VAL> 5.349 -6.63 15.452
c<B>r<50>R<GLU> 7.57 -9.519 16.42
c<B>r<51>R<HIS> 11.219 -10.234 15.852
c<B>r<52>R<SER> 13.709 -13.012 15.553
c<B>r<53>R<ASP> 16.365 -13.904 18.095
c<B>r<54>R<LEU> 19.69 -12.085 17.664
c<B>r<55>R<SER> 22.253 -13.899 15.577
c<B>r<56>R<PHE> 25.351 -13.005 13.592
c<B>r<57>R<SER> 27.312 -13.596 10.438
c<B>r<58>R<LYS> 30.84 -14.589 9.481
c<B>r<59>R<ASP> 32.122 -11.087 9.894
c<B>r<60>R<TRP> 30.526 -10.934 13.368
c<B>r<61>R<SER> 27.853 -8.463 12.255
c<B>r<62>R<PHE> 24.36 -8.945 13.566
c<B>r<63>R<TYR> 21.046 -9.633 11.849
c<B>r<64>R<LEU> 17.378 -9.584 12.824
c<B>r<65>R<LEU> 14.008 -10.044 11.13
c<B>r<66>R<TYR> 11.034 -7.927 12.318
c<B>r<67>R<TYR> 7.597 -8.968 10.976
c<B>r<68>R<THR> 3.88 -8.655 11.227
c<B>r<69>R<GLU> 0.773 -10.002 9.59
c<B>r<70>R<PHE> -0.926 -7.356 7.472
c<B>r<84>R<HIS> 21.118 2.623 15.588
c<B>r<85>R<VAL> 24.106 4.448 17.063
c<B>r<86>R<THR> 25.549 4.81 13.573
c<B>r<87>R<LEU> 22.512 6.94 12.465
c<B>r<88>R<SER> 21.936 10.707 13.156
c<B>r<91>R<LYS> 16.09 5.916 8.963
c<B>r<93>R<VAL> 12.618 2.823 4.286
c<B>r<96>R<ASP> 7.814 -1.041 -2.555
c<B>r<97>R<ARG> 5.693 -4.029 -3.544
c<B>r<98>R<ASP> 7.805 -4.952 -6.62
c<B>r<99>R<MET> 11.024 -5.777 -4.832
c<D>r<2>R<GLN> 47.499 -25.633 -39.872
c<D>r<3>R<GLU> 45.55 -23.126 -37.774
c<D>r<4>R<VAL> 44.317 -23.478 -34.197
c<D>r<5>R<THR> 41.337 -21.463 -32.988
c<D>r<6>R<GLN> 40.162 -21.263 -29.384
c<D>r<7>R<ILE> 36.814 -19.808 -28.363
c<D>r<8>R<PRO> 35.646 -18.031 -26.366
c<D>r<9>R<ALA> 38.785 -15.877 -26.267
c<D>r<10>R<ALA> 37.708 -14.817 -22.782
c<D>r<11>R<LEU> 35.218 -16.389 -20.4
c<D>r<12>R<SER> 33.78 -15.008 -17.166
c<D>r<13>R<VAL> 31.575 -17.195 -14.976
c<D>r<14>R<PRO> 30.316 -17.494 -11.384
c<D>r<15>R<GLU> 31.969 -20.276 -9.4
c<D>r<16>R<GLY> 30.124 -23.574 -9.317
c<D>r<17>R<GLU> 29.194 -23.547 -12.994
c<D>r<18>R<ASN> 30.44 -26.285 -15.299
c<D>r<19>R<LEU> 32.548 -24.803 -18.115
c<D>r<20>R<VAL> 33.131 -25.541 -21.812
c<D>r<21>R<LEU> 36.269 -24.481 -23.727
c<D>r<29>R<ALA> 46.173 -34.918 -39.702
c<D>r<30>R<ILE> 47.457 -34.568 -36.133
c<D>r<31>R<TYR> 49.622 -36.789 -33.927
c<D>r<32>R<ASN> 48.018 -35.565 -30.701
c<D>r<33>R<LEU> 46.388 -32.643 -28.888
c<D>r<34>R<GLN> 47.563 -31.189 -25.589
c<D>r<35>R<TRP> 45.87 -28.755 -23.214
c<D>r<36>R<PHE> 47.871 -26.47 -20.926
c<D>r<37>R<ARG> 47.207 -23.94 -18.193
c<D>r<38>R<GLN> 49.24 -20.742 -17.822
c<D>r<39>R<ASP> 49.148 -18.341 -14.871
c<D>r<40>R<PRO> 50.104 -14.675 -15.449
c<D>r<41>R<GLY> 53.88 -14.355 -15.668
c<D>r<42>R<LYS> 54.446 -18.086 -15.2
c<D>r<43>R<GLY> 55.039 -21.149 -17.369
c<D>r<44>R<LEU> 52.831 -23.773 -19.013
c<D>r<45>R<THR> 51.441 -26.615 -16.93
c<D>r<46>R<SER> 50.239 -29.633 -18.875
c<D>r<47>R<LEU> 46.653 -30.607 -18.101
c<D>r<48>R<LEU> 45.695 -33.342 -20.561
c<D>r<49>R<LEU> 47.186 -35.143 -23.538
c<D>r<50>R<ILE> 45.002 -36.805 -26.165
c<D>r<51>R<GLN> 46.672 -39.109 -28.679
c<D>r<52>R<SER> 45.277 -39.435 -32.21
c<D>r<53>R<SER> 43.988 -42.878 -31.207
c<D>r<54>R<GLN> 41.999 -41.496 -28.273
c<D>r<57>R<GLN> 40.968 -37.978 -21.481
c<D>r<78>R<ALA> 33.236 -29.314 -13.741
c<D>r<79>R<ALA> 32.013 -27.162 -10.834
c<D>r<80>R<SER> 34.485 -24.39 -11.584
c<D>r<81>R<GLN> 36.386 -22.683 -8.783
c<D>r<82>R<PRO> 38.134 -19.294 -8.52
c<D>r<83>R<GLY> 41.419 -21.191 -8.545
c<D>r<84>R<ASP> 40.674 -22.378 -12.076
c<D>r<85>R<SER> 41.223 -18.805 -13.295
c<D>r<86>R<ALA> 44.083 -18.812 -15.803
c<D>r<87>R<THR> 44.712 -18.943 -19.53
c<D>r<88>R<TYR> 44.041 -22.308 -21.189
c<D>r<89>R<LEU> 46.072 -23.196 -24.268
c<D>r<90>R<CYS> 45.472 -25.874 -26.867
c<D>r<91>R<ALA> 48.17 -27.306 -29.123
c<D>r<92>R<VAL> 48.305 -29.966 -31.824
c<D>r<93>R<ARG> 51.277 -31.709 -33.413
c<D>r<94>R<PRO> 51.577 -32.95 -37.031
c<D>r<95>R<THR> 51.666 -36.617 -38.006
c<D>r<96>R<SER> 53.375 -38.549 -40.801
c<D>r<97>R<GLY> 56.581 -36.533 -41.004
c<D>r<98>R<GLY> 54.97 -33.141 -40.541
c<D>r<99>R<SER> 58.051 -31.319 -39.268
c<D>r<100>R<TYR> 56.883 -32.375 -35.793
c<D>r<101>R<ILE> 56.106 -28.643 -35.592
c<D>r<102>R<PRO> 53.268 -27.97 -33.118
c<D>r<103>R<THR> 50.674 -25.236 -33.566
c<D>r<104>R<PHE> 49.32 -23.338 -30.553
c<D>r<105>R<GLY> 46.036 -21.497 -30.223
c<D>r<106>R<ARG> 45.912 -17.99 -28.746
c<D>r<107>R<GLY> 44.183 -19.415 -25.684
c<D>r<108>R<THR> 41.107 -18.756 -23.568
c<D>r<109>R<SER> 41.426 -16.403 -20.609
c<D>r<110>R<LEU> 39.189 -17.725 -17.847
c<D>r<111>R<ILE> 37.99 -15.91 -14.752
c<D>r<112>R<VAL> 35.84 -17.804 -12.256
c<D>r<113>R<HIS> 34.278 -15.324 -9.804
c<D>r<114>R<PRO> 33.813 -16.132 -6.109
c<D>r<115>R<TYR> 30.335 -16.305 -4.642
c<D>r<116>R<ILE> 30.068 -13.563 -2.044
c<D>r<117>R<GLN> 27.499 -14.71 0.511
c<D>r<118>R<ASN> 27.098 -11.366 2.273
c<D>r<119>R<PRO> 28.087 -8.374 0.114
c<D>r<120>R<ASP> 29.098 -5.359 2.193
c<D>r<121>R<PRO> 30.407 -2.839 -0.388
c<D>r<122>R<ALA> 32.512 -0.061 1.035
c<D>r<123>R<VAL> 35.309 2.317 0.127
c<D>r<124>R<TYR> 37.944 2.997 2.794
c<D>r<125>R<GLN> 40.864 5.413 2.848
c<D>r<126>R<LEU> 44.152 3.958 4.111
c<D>r<127>R<ARG> 46.67 6.389 5.544
c<D>r<128>R<ARG> 50.433 6.762 5.584
c<D>r<129>R<SER> 53.376 4.983 4.013
c<D>r<130>R<LYS> 55.186 6.677 6.882
c<D>r<131>R<SER> 53.57 9.935 5.763
c<D>r<132>R<SER> 54.217 12.07 2.68
c<D>r<133>R<ASP> 53.683 9.606 -0.173
c<D>r<134>R<LYS> 50.302 8.91 -1.798
c<D>r<135>R<SER> 46.552 8.756 -1.129
c<D>r<136>R<VAL> 45.25 5.165 -1.186
c<D>r<137>R<CYS> 41.659 3.892 -1.149
c<D>r<138>R<LEU> 40.227 0.409 -1.033
c<D>r<139>R<PHE> 36.897 -0.588 -2.589
c<D>r<140>R<THR> 36.07 -3.897 -0.931
c<D>r<141>R<ASP> 33.501 -6.558 -0.068
c<D>r<142>R<PHE> 31.397 -6.014 -3.164
c<D>r<143>R<ASP> 29.523 -8.776 -5.014
c<D>r<144>R<SER> 31.317 -10.358 -7.978
c<D>r<145>R<GLN> 28.818 -8.862 -10.429
c<D>r<146>R<THR> 30.186 -5.413 -9.621
c<D>r<147>R<ASN> 32.664 -4.119 -12.173
c<D>r<148>R<VAL> 35.391 -1.587 -11.447
c<D>r<149>R<SER> 36.063 0.825 -14.306
c<D>r<150>R<GLN> 38.907 3.273 -14.908
c<D>r<151>R<SER> 38.805 6.848 -13.626
c<D>r<152>R<LYS> 38.498 9.853 -15.927
c<D>r<153>R<ASP> 41.325 11.608 -14.096
c<D>r<154>R<SER> 44.955 11.893 -15.178
c<D>r<155>R<ASP> 46.561 11.516 -11.741
c<D>r<156>R<VAL> 44.294 8.687 -10.595
c<D>r<157>R<TYR> 44.831 4.944 -10.866
c<D>r<158>R<ILE> 42.441 2.076 -10.27
c<D>r<159>R<THR> 43.604 -1.524 -10.209
c<D>r<160>R<ASP> 41.815 -4.614 -11.428
c<D>r<161>R<LYS> 39.906 -6.531 -8.783
c<D>r<162>R<CYS> 41.246 -9.553 -6.943
c<D>r<163>R<VAL> 39.809 -12.024 -4.517
c<D>r<164>R<LEU> 41.478 -12.876 -1.237
c<D>r<165>R<ASP> 40.592 -15.789 1.001
c<D>r<166>R<MET> 40.784 -15.628 4.767
c<D>r<167>R<ARG> 41.108 -19.384 5.216
c<D>r<168>R<SER> 40.564 -19.66 8.977
c<D>r<169>R<MET> 37.203 -17.909 8.617
c<D>r<170>R<ASP> 36.204 -19.495 5.299
c<D>r<171>R<PHE> 35.692 -15.913 4.132
c<D>r<172>R<LYS> 36.397 -14.537 0.663
c<D>r<173>R<SER> 36.311 -10.912 -0.444
c<D>r<174>R<ASN> 36.817 -8.857 -3.589
c<D>r<175>R<SER> 38.708 -5.589 -3.685
c<D>r<176>R<ALA> 40.181 -2.974 -5.974
c<D>r<177>R<VAL> 42.684 -0.259 -5.085
c<D>r<178>R<ALA> 42.684 3.375 -6.188
c<D>r<179>R<TRP> 45.215 6.108 -5.524
c<D>r<180>R<SER> 46.417 9.544 -6.588
c<D>r<181>R<ASN> 49.188 11.93 -5.554
c<D>r<182>R<LYS> 48.852 13.347 -2.013
c<D>r<187>R<CYS> 40.668 8.938 -3.538
c<D>r<188>R<ALA> 37.146 7.874 -2.554
c<D>r<193>R<ASN> 33.076 6.267 -12.846
c<D>r<194>R<SER> 31.927 2.677 -12.406
c<D>r<195>R<ILE> 28.569 1.148 -11.52
c<D>r<196>R<ILE> 28.469 0.435 -7.788
c<D>r<197>R<PRO> 25.722 -0.338 -5.233
c<D>r<198>R<GLU> 23.791 2.75 -4.151
c<D>r<199>R<ASP> 24.234 1.578 -0.559
c<D>r<200>R<THR> 28.036 1.429 -0.791
c<D>r<201>R<PHE> 29.541 2.635 2.492
c<D>r<202>R<PHE> 31.703 5.771 2.13
c<D>r<203>R<PRO> 33.009 6.649 5.63
c<D>r<204>R<SER> 35.057 9.846 5.899
c<E>r<2>R<GLY> 62.414 -31.498 -15.987
c<E>r<3>R<VAL> 63.114 -28.582 -18.312
c<E>r<4>R<THR> 65.304 -25.792 -16.974
c<E>r<5>R<GLN> 65.934 -22.544 -18.804
c<E>r<6>R<THR> 68.092 -19.623 -17.71
c<E>r<7>R<PRO> 68.127 -16.811 -17.119
c<E>r<8>R<LYS> 64.537 -16.355 -15.93
c<E>r<9>R<PHE> 64.764 -12.579 -16.414
c<E>r<22>R<CYS> 67.71 -24.78 -22.024
c<E>r<28>R<HIS> 64.247 -36.133 -24.812
c<E>r<29>R<GLU> 65.404 -36.13 -28.428
c<E>r<30>R<TYR> 63.183 -33.231 -29.506
c<E>r<31>R<MET> 63.725 -29.668 -28.292
c<E>r<32>R<SER> 62.265 -26.341 -29.373
c<E>r<33>R<TRP> 62.092 -22.616 -28.644
c<E>r<34>R<TYR> 59.021 -20.384 -28.724
c<E>r<35>R<ARG> 58.392 -16.718 -28.13
c<E>r<36>R<GLN> 55.106 -15.572 -26.611
c<E>r<37>R<ASP> 53.836 -12.061 -27.297
c<E>r<38>R<PRO> 50.539 -10.351 -26.298
c<E>r<39>R<GLY> 47.672 -11.686 -28.395
c<E>r<40>R<MET> 50.362 -13.11 -30.667
c<E>r<41>R<GLY> 50.237 -16.574 -29.112
c<E>r<42>R<LEU> 53.185 -18.991 -29.023
c<E>r<43>R<ARG> 55.391 -18.804 -32.121
c<E>r<44>R<LEU> 58.035 -21.435 -32.873
c<E>r<45>R<ILE> 61.486 -19.913 -33.444
c<E>r<46>R<HIS> 63.74 -22.957 -33.859
c<E>r<47>R<TYR> 63.59 -26.688 -33.21
c<E>r<48>R<SER> 65.878 -29.702 -33.105
c<E>r<49>R<VAL> 64.632 -33.21 -33.877
c<E>r<50>R<GLY> 67.92 -34.583 -32.584
c<E>r<53>R<ILE> 70.31 -31.566 -36.196
c<E>r<54>R<THR> 68.733 -28.104 -36.267
c<E>r<55>R<ASP> 66.048 -26.317 -38.287
c<E>r<56>R<GLN> 64.515 -22.84 -38.347
c<E>r<57>R<GLY> 60.914 -22.192 -37.368
c<E>r<58>R<GLU> 58.387 -19.438 -38.032
c<E>r<59>R<VAL> 60.405 -16.524 -36.653
c<E>r<60>R<PRO> 64.044 -17.731 -36.87
c<E>r<86>R<SER> 59.36 -11.207 -25.374
c<E>r<87>R<VAL> 58.839 -14.246 -23.156
c<E>r<88>R<TYR> 60.844 -17.225 -24.404
c<E>r<89>R<PHE> 59.841 -20.818 -23.777
c<E>r<90>R<CYS> 61.782 -23.996 -24.317
c<E>r<91>R<ALA> 59.881 -27.257 -24.722
c<E>r<92>R<SER> 60.995 -30.834 -25.227
c<E>r<93>R<SER> 59.563 -34.279 -25.865
c<E>r<94>R<TYR> 60.558 -37.826 -26.731
c<E>r<95>R<VAL> 60.94 -38.341 -30.491
c<E>r<96>R<GLY> 57.768 -40.337 -31.127
c<E>r<97>R<ASN> 56.026 -41.74 -28.067
c<E>r<98>R<THR> 52.944 -39.758 -26.997
c<E>r<99>R<GLY> 54.132 -36.435 -28.363
c<E>r<100>R<GLU> 53.769 -34.864 -24.921
c<E>r<101>R<LEU> 55.553 -31.531 -24.709
c<E>r<102>R<PHE> 57.34 -30.416 -21.544
c<E>r<103>R<PHE> 57.82 -26.675 -21.087
c<E>r<104>R<GLY> 60.418 -24.683 -19.214
c<E>r<105>R<GLU> 59.355 -21.86 -16.882
c<E>r<106>R<GLY> 60.108 -19.154 -19.431
c<E>r<107>R<SER> 62.665 -16.388 -19.81
c<E>r<108>R<ARG> 61.432 -12.788 -19.772
c<E>r<109>R<LEU> 63.678 -10.601 -21.911
c<E>r<110>R<THR> 63.506 -6.834 -22.366
c<E>r<121>R<PRO> 60.064 -0.042 -7.74
c<E>r<122>R<GLU> 59.305 2.308 -4.878
c<E>r<123>R<VAL> 57.366 0.312 -2.279
c<E>r<124>R<ALA> 54.981 1.52 0.402
c<E>r<125>R<VAL> 52.609 -0.135 2.864
c<E>r<126>R<PHE> 49.353 1.567 3.779
c<E>r<127>R<GLU> 47.833 0.725 7.139
c<E>r<128>R<PRO> 44.25 -0.459 7.769
c<E>r<129>R<SER> 41.378 2.005 7.83
c<E>r<130>R<GLU> 39.837 2.481 11.277
c<E>r<131>R<ALA> 36.447 2.596 9.543
c<E>r<132>R<GLU> 37.018 -0.86 8.029
c<E>r<133>R<ILE> 37.977 -2.202 11.451
c<E>r<134>R<SER> 34.864 -0.818 13.11
c<E>r<135>R<HIS> 32.567 -1.933 10.27
c<E>r<136>R<THR> 33.958 -5.432 9.59
c<E>r<137>R<GLN> 36.29 -6.439 12.439
c<E>r<138>R<LYS> 38.824 -7.043 9.659
c<E>r<139>R<ALA> 41.872 -5.014 8.662
c<E>r<140>R<THR> 43.281 -4.746 5.159
c<E>r<141>R<LEU> 46.845 -3.601 4.531
c<E>r<142>R<VAL> 47.783 -2.488 1.034
c<E>r<143>R<CYS> 51.214 -2.717 -0.53
c<E>r<144>R<LEU> 51.921 -0.453 -3.485
c<E>r<145>R<ALA> 54.906 -0.898 -5.804
c<E>r<146>R<THR> 55.257 1.953 -8.278
c<E>r<147>R<GLY> 57.456 3.401 -10.999
c<E>r<150>R<PRO> 60.484 -3.488 -16.919
c<E>r<151>R<ASP> 57.644 -5.482 -15.402
c<E>r<152>R<HIS> 60 -8.091 -13.924
c<E>r<153>R<VAL> 58.89 -8.247 -10.272
c<E>r<154>R<GLU> 57.742 -10.659 -7.55
c<E>r<155>R<LEU> 55.742 -9.367 -4.581
c<E>r<156>R<SER> 55.34 -11.286 -1.323
c<E>r<157>R<TRP> 54.007 -10.647 2.203
c<E>r<159>R<VAL> 54.155 -11.678 8.792
c<E>r<160>R<ASN> 56.542 -12.087 11.73
c<E>r<164>R<VAL> 51.852 -15.709 3.958
c<E>r<165>R<HIS> 49.294 -16.669 1.353
c<E>r<166>R<SER> 46.135 -16.644 3.461
c<E>r<167>R<GLY> 44.181 -13.406 3.166
c<E>r<168>R<VAL> 46.323 -12.109 0.317
c<E>r<169>R<CYS> 45.797 -11.187 -3.28
c<E>r<170>R<THR> 47.963 -9.345 -5.742
c<E>r<171>R<ASP> 46.881 -7.712 -8.989
c<E>r<172>R<PRO> 47.124 -10.356 -11.747
c<E>r<173>R<GLN> 48.89 -7.798 -13.917
c<E>r<174>R<PRO> 50.625 -4.476 -13.2
c<E>r<175>R<LEU> 49.122 -1.307 -14.625
c<E>r<176>R<LYS> 50.838 1.27 -16.807
c<E>r<177>R<GLU> 51.41 4.656 -15.21
c<E>r<178>R<GLN> 51.694 6.21 -18.705
c<E>r<179>R<PRO> 49.242 4.095 -20.813
c<E>r<180>R<ALA> 50.239 5.307 -24.281
c<E>r<185>R<ARG> 56.704 2.513 -15.868
c<E>r<186>R<TYR> 54.403 0.191 -13.917
c<E>r<187>R<ALA> 52.475 -0.024 -10.675
c<E>r<188>R<LEU> 51.365 -3.146 -8.816
c<E>r<189>R<SER> 49.226 -3.448 -5.695
c<E>r<190>R<SER> 48.563 -6.222 -3.209
c<E>r<191>R<ARG> 46.274 -6.659 -0.22
c<E>r<192>R<LEU> 46.774 -8.574 3.029
c<E>r<193>R<ARG> 43.68 -8.888 5.202
c<E>r<194>R<VAL> 43.83 -10 8.83
c<E>r<195>R<SER> 41.435 -9.892 11.749
c<E>r<196>R<ALA> 41.246 -6.551 13.523
c<E>r<197>R<THR> 42.543 -8.223 16.693
c<E>r<198>R<PHE> 45.665 -9.418 14.89
c<E>r<199>R<TRP> 46.34 -5.946 13.483
c<E>r<200>R<GLN> 45.786 -4.458 16.941
c<E>r<201>R<ASP> 48.643 -6.476 18.474
c<E>r<202>R<PRO> 51.74 -4.191 18.463
c<E>r<203>R<ARG> 53.963 -7.282 18.432
c<E>r<204>R<ASN> 52.868 -8.249 14.922
c<E>r<205>R<HIS> 55.262 -7.217 12.144
c<E>r<206>R<PHE> 54.061 -6.938 8.538
c<E>r<207>R<ARG> 56.483 -6.801 5.608
c<E>r<208>R<CYS> 55.804 -6.383 1.92
c<E>r<209>R<GLN> 58.749 -7.052 -0.336
c<E>r<212>R<PHE> 62.906 -6.538 -8.996
c<E>r<213>R<TYR> 64.998 -8.094 -11.756
c<E>r<233>R<VAL> 62.711 -3.229 -2.119
c<E>r<234>R<SER> 60.548 -3.567 0.998
c<E>r<235>R<ALA> 58.201 -1.646 3.272
c<E>r<236>R<GLU> 56.834 -2.599 6.671
c<E>r<237>R<ALA> 54.378 -1.823 9.416
c<E>r<238>R<TRP> 53.663 -2.914 12.957
c<E>r<239>R<GLY> 50.276 -3.514 14.482
c<E>r<240>R<ARG> 48.778 -0.885 16.774
c<E>r<241>R<ALA> 46.218 -1.004 19.585
c<E>r<242>R<ASP> 44.617 2.087 18.056
