c<A>r<6>R<ARG> 25.855 -24.502 15.484
c<A>r<7>R<TYR> 25.423 -22.339 18.593
c<A>r<8>R<PHE> 25.699 -18.556 18.673
c<A>r<9>R<PHE> 26.205 -16.588 21.896
c<A>r<10>R<THR> 26.209 -12.852 22.382
c<A>r<11>R<SER> 26.849 -10.992 25.65
c<A>r<12>R<VAL> 26.656 -7.205 25.89
c<A>r<13>R<SER> 27.798 -5.342 28.982
c<A>r<14>R<ARG> 25.636 -2.759 30.616
c<A>r<15>R<PRO> 27.972 -0.287 32.231
c<A>r<20>R<PRO> 25.269 -8.352 30.675
c<A>r<21>R<ARG> 22.43 -9.01 28.241
c<A>r<22>R<PHE> 22.954 -12.588 27.017
c<A>r<23>R<ILE> 21.311 -14.238 24.001
c<A>r<24>R<ALA> 21.995 -17.783 22.845
c<A>r<25>R<VAL> 20.575 -19.414 19.725
c<A>r<26>R<GLY> 21.022 -22.893 18.304
c<A>r<27>R<TYR> 20.725 -23.928 14.666
c<A>r<28>R<VAL> 20.723 -27.029 12.578
c<A>r<29>R<ASP> 21.841 -25.787 9.167
c<A>r<30>R<ASP> 19.734 -22.656 8.522
c<A>r<31>R<THR> 17.001 -23.665 10.98
c<A>r<32>R<GLN> 16.913 -22.081 14.488
c<A>r<33>R<PHE> 15.709 -24.63 17.021
c<A>r<34>R<VAL> 16.376 -23.265 20.501
c<A>r<35>R<ARG> 16.967 -19.954 22.258
c<A>r<36>R<PHE> 17.871 -18.438 25.591
c<A>r<37>R<ASP> 17.427 -14.761 26.341
c<A>r<38>R<SER> 18.486 -13.35 29.745
c<A>r<39>R<ASP> 15.811 -10.674 29.34
c<A>r<40>R<ALA> 12.983 -13.281 29.141
c<A>r<45>R<MET> 16.331 -22.681 27.175
c<A>r<46>R<GLU> 13.221 -22.636 24.984
c<A>r<47>R<PRO> 12.136 -24.514 21.884
c<A>r<48>R<ARG> 11.943 -22.725 18.506
c<A>r<49>R<ALA> 11.239 -25.72 16.186
c<A>r<81>R<LEU> 38.808 -8.188 28.511
c<A>r<82>R<ARG> 38.135 -4.671 29.785
c<A>r<85>R<TYR> 42.51 -3.761 26.735
c<A>r<86>R<ASN> 42.851 -1.08 29.452
c<A>r<87>R<GLN> 39.293 0.138 28.807
c<A>r<88>R<SER> 37.047 2.361 30.964
c<A>r<90>R<ALA> 31.897 3.494 31.161
c<A>r<91>R<GLY> 31.424 1.81 27.797
c<A>r<92>R<SER> 29.342 -1.133 26.633
c<A>r<93>R<HIS> 31.301 -3.998 25.078
c<A>r<94>R<THR> 30.387 -7.236 23.339
c<A>r<95>R<VAL> 31.603 -10.808 23.408
c<A>r<96>R<GLN> 30.46 -13.251 20.697
c<A>r<97>R<ARG> 31.115 -16.972 20.509
c<A>r<98>R<MET> 30.138 -19.514 17.843
c<A>r<99>R<TYR> 30.885 -23.217 17.875
c<A>r<100>R<GLY> 29.556 -26.24 16.143
c<A>r<113>R<TYR> 34.905 -25.148 14.935
c<A>r<114>R<HIS> 34.998 -22.655 17.802
c<A>r<115>R<GLN> 35.361 -18.922 17.31
c<A>r<116>R<TYR> 35.397 -16.014 19.791
c<A>r<117>R<ALA> 35.197 -12.22 19.139
c<A>r<118>R<TYR> 35.499 -9.135 21.299
c<A>r<119>R<ASP> 33.873 -5.866 20.091
c<A>r<120>R<GLY> 33.143 -7.466 16.701
c<A>r<121>R<LYS> 36.707 -8.463 15.946
c<A>r<122>R<ASP> 38.41 -11.817 16
c<A>r<123>R<TYR> 39.876 -12.635 19.387
c<A>r<124>R<ILE> 40.699 -16.352 19.574
c<A>r<125>R<ALA> 39.663 -19.456 17.552
c<A>r<177>R<GLU> 10.642 -34.031 7.574
c<A>r<178>R<THR> 12.147 -30.598 7.398
c<A>r<181>R<ARG> 14.246 -31.97 2.998
c<A>r<182>R<THR> 15.541 -29.424 0.485
c<A>r<183>R<ASP> 13.134 -26.864 -0.876
c<A>r<184>R<ALA> 14.139 -26.004 -4.409
c<A>r<185>R<PRO> 13.532 -22.391 -5.388
c<A>r<186>R<LYS> 10.261 -21.553 -7.059
c<A>r<187>R<THR> 11.457 -19.42 -9.922
c<A>r<188>R<HIS> 9.883 -16.947 -12.3
c<A>r<189>R<MET> 10.726 -13.936 -14.367
c<A>r<190>R<THR> 8.987 -10.584 -14.626
c<A>r<191>R<HIS> 9.258 -7.961 -17.33
c<A>r<192>R<HIS> 8.49 -4.291 -17.206
c<A>r<193>R<ALA> 9.293 -1.389 -19.46
c<A>r<194>R<VAL> 11.547 1.366 -18.1
c<A>r<195>R<SER> 11.131 3.415 -21.334
c<A>r<196>R<ASP> 9.839 2.898 -24.802
c<A>r<197>R<HIS> 13.148 1.205 -25.682
c<A>r<198>R<GLU> 14.375 -0.648 -22.58
c<A>r<199>R<ALA> 12.964 -3.13 -20.176
c<A>r<200>R<THR> 13.929 -4.728 -16.883
c<A>r<201>R<LEU> 13.949 -8.457 -16.502
c<A>r<202>R<ARG> 13.846 -9.678 -12.906
c<A>r<203>R<CYS> 14.556 -13.316 -12.008
c<A>r<204>R<TRP> 12.986 -14.407 -8.708
c<A>r<205>R<ALA> 13.908 -17.338 -6.509
c<A>r<206>R<LEU> 11.403 -17.921 -3.746
c<A>r<207>R<SER> 10.61 -20.296 -0.932
c<A>r<208>R<PHE> 13.952 -22.1 -0.984
c<A>r<209>R<TYR> 15.944 -23.923 1.712
c<A>r<211>R<ALA> 19.804 -20.364 2.024
c<A>r<212>R<GLU> 22.854 -20.91 -0.215
c<A>r<220>R<ASP> 23.958 -15.183 -25.615
c<A>r<229>R<GLU> 21.143 -5.432 -9.879
c<A>r<230>R<LEU> 20.196 -7.75 -7.05
c<A>r<231>R<VAL> 19.243 -8.14 -3.471
c<A>r<232>R<GLU> 20.944 -10.064 -0.746
c<A>r<233>R<THR> 19.317 -13.364 0.23
c<A>r<234>R<ARG> 16.622 -12.67 2.802
c<A>r<235>R<PRO> 14.361 -14.715 5.049
c<A>r<236>R<ALA> 10.718 -15.123 4.051
c<A>r<237>R<GLY> 9.738 -15.567 7.711
c<A>r<238>R<ASP> 8.406 -19.091 7.327
c<A>r<239>R<GLY> 11.797 -20.734 7.371
c<A>r<240>R<THR> 12.569 -20.331 3.679
c<A>r<241>R<PHE> 14.551 -17.712 1.812
c<A>r<242>R<GLN> 14.161 -15.304 -1.146
c<A>r<243>R<LYS> 16.442 -13.626 -3.693
c<A>r<244>R<TRP> 16.191 -11.831 -7.014
c<A>r<245>R<ALA> 18.547 -10.571 -9.734
c<A>r<246>R<ALA> 17.6 -8.119 -12.509
c<A>r<247>R<VAL> 19.109 -6.831 -15.805
c<A>r<248>R<VAL> 18.133 -3.906 -18.035
c<A>r<249>R<VAL> 17.974 -4.818 -21.719
c<A>r<250>R<PRO> 16.975 -3.291 -25.042
c<A>r<251>R<SER> 13.284 -3.935 -25.697
c<A>r<252>R<GLY> 12.918 -6.675 -28.252
c<A>r<253>R<GLN> 16.127 -8.395 -27.255
c<A>r<254>R<GLU> 14.85 -10.21 -24.229
c<A>r<255>R<GLN> 15.323 -13.651 -25.712
c<A>r<256>R<ARG> 19.107 -13.243 -25.645
c<A>r<257>R<TYR> 19.117 -13.218 -21.873
c<A>r<265>R<GLY> 17.53 -28.754 -4.137
c<A>r<266>R<LEU> 17.918 -28.706 -7.907
c<A>r<270>R<LEU> 17.632 -24.067 -13.975
c<A>r<272>R<LEU> 14.957 -19.197 -17.324
c<A>r<273>R<ARG> 14.172 -17.061 -20.367
c<A>r<274>R<TRP> 11.514 -14.518 -21.016
c<A>r<275>R<GLU> 8.765 -15.384 -23.562
c<B>r<0>R<MET> 35.233 0.186 18.777
c<B>r<1>R<ILE> 34.031 -1.034 15.374
c<B>r<2>R<GLN> 30.634 0.343 14.291
c<B>r<3>R<ARG> 28.76 -0.887 11.247
c<B>r<4>R<THR> 25.575 0.6 9.973
c<B>r<5>R<PRO> 22.559 -1.614 9.273
c<B>r<6>R<LYS> 21.552 -2.768 5.796
c<B>r<7>R<ILE> 17.747 -2.738 5.503
c<B>r<8>R<GLN> 15.286 -4.628 3.292
c<B>r<9>R<VAL> 11.529 -4.136 3.543
c<B>r<10>R<TYR> 9.363 -6.664 1.703
c<B>r<11>R<SER> 6.364 -8.943 1.93
c<B>r<12>R<ARG> 6.51 -12.676 2.387
c<B>r<13>R<HIS> 4.162 -13.242 -0.602
c<B>r<14>R<PRO> 3.103 -11.086 -3.608
c<B>r<15>R<ALA> 0.977 -8.252 -2.551
c<B>r<16>R<GLU> -2.696 -8.375 -3.287
c<B>r<17>R<ASN> -4.998 -5.707 -1.97
c<B>r<18>R<GLY> -7.392 -6.972 0.59
c<B>r<19>R<LYS> -5.478 -10.298 1.056
c<B>r<20>R<SER> -3.626 -11.222 4.249
c<B>r<21>R<ASN> 0.189 -11.341 4.019
c<B>r<22>R<PHE> 3.305 -10.67 6.108
c<B>r<23>R<LEU> 5.467 -7.509 6.134
c<B>r<24>R<ASN> 9.125 -8.023 6.834
c<B>r<25>R<CYS> 11.942 -5.705 7.734
c<B>r<26>R<TYR> 15.321 -7.505 7.569
c<B>r<27>R<VAL> 18.172 -5.614 9.207
c<B>r<28>R<SER> 21.718 -6.961 8.839
c<B>r<29>R<GLY> 25.369 -6.108 8.853
c<B>r<30>R<PHE> 25.267 -3.945 11.93
c<B>r<31>R<HIS> 27.419 -3.663 15.085
c<B>r<32>R<PRO> 26.877 -3.106 17.991
c<B>r<33>R<SER> 23.684 -5.111 18.5
c<B>r<34>R<ASP> 21.423 -2.486 20.085
c<B>r<35>R<ILE> 18.924 -1.365 17.472
c<B>r<41>R<LYS> 1.404 1.976 8.529
c<B>r<42>R<ASN> 0.708 5.459 7.174
c<B>r<49>R<VAL> 5.349 -6.63 15.452
c<B>r<50>R<GLU> 7.57 -9.519 16.42
c<B>r<51>R<HIS> 11.219 -10.234 15.852
c<B>r<52>R<SER> 13.709 -13.012 15.553
c<B>r<53>R<ASP> 16.365 -13.904 18.095
c<B>r<54>R<LEU> 19.69 -12.085 17.664
c<B>r<55>R<SER> 22.253 -13.899 15.577
c<B>r<56>R<PHE> 25.351 -13.005 13.592
c<B>r<57>R<SER> 27.312 -13.596 10.438
c<B>r<58>R<LYS> 30.84 -14.589 9.481
c<B>r<59>R<ASP> 32.122 -11.087 9.894
c<B>r<60>R<TRP> 30.526 -10.934 13.368
c<B>r<61>R<SER> 27.853 -8.463 12.255
c<B>r<62>R<PHE> 24.36 -8.945 13.566
c<B>r<63>R<TYR> 21.046 -9.633 11.849
c<B>r<64>R<LEU> 17.378 -9.584 12.824
c<B>r<65>R<LEU> 14.008 -10.044 11.13
c<B>r<66>R<TYR> 11.034 -7.927 12.318
c<B>r<67>R<TYR> 7.597 -8.968 10.976
c<B>r<68>R<THR> 3.88 -8.655 11.227
c<B>r<69>R<GLU> 0.773 -10.002 9.59
c<B>r<70>R<PHE> -0.926 -7.356 7.472
c<B>r<71>R<THR> -3.432 -6.799 4.712
c<B>r<72>R<PRO> -2.216 -4.279 2.124
c<B>r<73>R<THR> -4.493 -1.934 0.149
c<B>r<74>R<GLU> -4.209 0.595 -2.501
c<B>r<75>R<LYS> -4.256 3.657 -0.215
c<B>r<76>R<ASP> -2.092 2.4 2.628
c<B>r<77>R<GLU> 1.629 3.001 2.771
c<B>r<78>R<TYR> 4.101 0.949 4.801
c<B>r<79>R<ALA> 7.654 1.411 5.928
c<B>r<85>R<VAL> 24.106 4.448 17.063
c<B>r<94>R<LYS> 9.344 2.603 2.316
c<B>r<95>R<TRP> 7.862 -0.713 1.286
c<B>r<96>R<ASP> 7.814 -1.041 -2.555
c<B>r<97>R<ARG> 5.693 -4.029 -3.544
c<B>r<98>R<ASP> 7.805 -4.952 -6.62
c<B>r<99>R<MET> 11.024 -5.777 -4.832
c<D>r<2>R<GLN> -7.274 -9.042 -53.242
c<D>r<3>R<GLU> -9.742 -10.162 -50.572
c<D>r<4>R<VAL> -9.599 -13.245 -48.354
c<D>r<5>R<THR> -12.782 -14.708 -46.894
c<D>r<6>R<GLN> -12.916 -17.481 -44.306
c<D>r<7>R<ILE> -16.094 -19.346 -43.415
c<D>r<8>R<PRO> -17.555 -20.319 -41.085
c<D>r<9>R<ALA> -16.41 -17.362 -38.977
c<D>r<10>R<ALA> -17.01 -19.553 -35.933
c<D>r<29>R<ALA> -2.721 -14.813 -59.07
c<D>r<30>R<ILE> -1.071 -16.009 -55.852
c<D>r<31>R<TYR> 2.448 -17.203 -55.032
c<D>r<32>R<ASN> 1.284 -19.469 -52.206
c<D>r<33>R<LEU> -1.257 -20.008 -49.425
c<D>r<34>R<GLN> -0.414 -20.528 -45.765
c<D>r<35>R<TRP> -2.576 -21.7 -42.87
c<D>r<36>R<PHE> -1.843 -20.676 -39.281
c<D>r<37>R<ARG> -3.186 -21.396 -35.818
c<D>r<38>R<GLN> -3.441 -18.719 -33.122
c<D>r<39>R<ASP> -4.217 -19.293 -29.441
c<D>r<40>R<PRO> -5.809 -16.447 -27.428
c<D>r<41>R<GLY> -3.163 -13.877 -26.532
c<D>r<42>R<LYS> -0.395 -15.776 -28.318
c<D>r<43>R<GLY> 1.349 -15.719 -31.693
c<D>r<44>R<LEU> 0.818 -17.433 -35.046
c<D>r<45>R<THR> 1.956 -21.015 -35.514
c<D>r<46>R<SER> 2.355 -22.149 -39.105
c<D>r<47>R<LEU> 0.38 -25.282 -39.935
c<D>r<48>R<LEU> 0.671 -25.81 -43.688
c<D>r<49>R<LEU> 2.154 -24.065 -46.702
c<D>r<50>R<ILE> 0.826 -24.666 -50.21
c<D>r<51>R<GLN> 2.859 -23.357 -53.138
c<D>r<52>R<SER> 1.118 -22.238 -56.338
c<D>r<53>R<SER> 2.427 -25.424 -57.969
c<D>r<54>R<GLN> 0.803 -27.663 -55.357
c<D>r<57>R<GLN> -0.414 -30.53 -48.296
c<D>r<82>R<PRO> -10.521 -30.243 -27.732
c<D>r<83>R<GLY> -6.884 -29.248 -28.15
c<D>r<84>R<ASP> -7.615 -28.191 -31.725
c<D>r<85>R<SER> -9.619 -25.251 -30.35
c<D>r<86>R<ALA> -8.042 -22.023 -31.6
c<D>r<87>R<THR> -8.397 -19.468 -34.366
c<D>r<88>R<TYR> -7.315 -20.637 -37.827
c<D>r<89>R<LEU> -5.987 -18.026 -40.239
c<D>r<90>R<CYS> -5.491 -18.225 -43.98
c<D>r<91>R<ALA> -3.127 -15.995 -45.945
c<D>r<92>R<VAL> -2.104 -15.682 -49.585
c<D>r<93>R<ARG> 0.818 -13.852 -51.169
c<D>r<94>R<PRO> 0.899 -12.142 -54.602
c<D>r<95>R<THR> 2.91 -13.425 -57.554
c<D>r<96>R<SER> 4.681 -11.727 -60.459
c<D>r<97>R<GLY> 5.886 -8.619 -58.65
c<D>r<98>R<GLY> 2.749 -8.087 -56.603
c<D>r<99>R<SER> 4.334 -6.046 -53.819
c<D>r<100>R<TYR> 4.921 -9.396 -52.092
c<D>r<101>R<ILE> 2.155 -8.027 -49.846
c<D>r<102>R<PRO> 0.189 -10.871 -48.21
c<D>r<103>R<THR> -3.533 -10.726 -47.482
c<D>r<104>R<PHE> -4.959 -12.36 -44.351
c<D>r<105>R<GLY> -8.487 -13.567 -43.735
c<D>r<106>R<ARG> -10.306 -12.692 -40.506
c<D>r<107>R<GLY> -10.03 -16.324 -39.447
c<D>r<108>R<THR> -12.257 -19.103 -38.147
c<D>r<109>R<SER> -12.688 -19.46 -34.394
c<D>r<110>R<LEU> -12.936 -23.164 -33.616
c<D>r<111>R<ILE> -14.174 -24.797 -30.437
c<D>r<112>R<VAL> -14.08 -28.587 -30.189
c<D>r<113>R<HIS> -16.149 -29.704 -27.176
c<D>r<114>R<PRO> -15.118 -32.634 -24.969
c<D>r<118>R<ASN> -21.037 -39.222 -17.248
c<D>r<119>R<PRO> -22.59 -35.756 -16.838
c<D>r<120>R<ASP> -23.101 -34.82 -13.192
c<D>r<121>R<PRO> -24.231 -31.155 -13.316
c<D>r<122>R<ALA> -23.924 -29.29 -10.061
c<D>r<123>R<VAL> -23.421 -25.813 -8.659
c<D>r<124>R<TYR> -21.155 -25.48 -5.614
c<D>r<125>R<GLN> -20.345 -22.489 -3.431
c<D>r<126>R<LEU> -16.653 -22.038 -2.602
c<D>r<127>R<ARG> -15.821 -20.112 0.545
c<D>r<128>R<ARG> -13.153 -17.678 1.667
c<D>r<129>R<SER> -10.227 -15.896 0.069
c<D>r<130>R<LYS> -9.147 -15.648 3.694
c<D>r<131>R<SER> -12.596 -14.235 4.457
c<D>r<132>R<SER> -14.128 -10.868 3.564
c<D>r<133>R<ASP> -13.771 -10.762 -0.225
c<D>r<134>R<LYS> -16.342 -12.181 -2.66
c<D>r<135>R<SER> -18.956 -14.919 -3.108
c<D>r<136>R<VAL> -17.83 -17.551 -5.636
c<D>r<137>R<CYS> -19.811 -20.4 -7.209
c<D>r<138>R<LEU> -18.807 -23.159 -9.571
c<D>r<139>R<PHE> -21.144 -24.746 -12.125
c<D>r<140>R<THR> -19.401 -27.979 -13.07
c<D>r<141>R<ASP> -19.572 -31.439 -14.626
c<D>r<142>R<PHE> -22.266 -30.552 -17.129
c<D>r<148>R<VAL> -23.875 -20.836 -19.805
c<D>r<149>R<SER> -25.498 -17.443 -20.353
c<D>r<150>R<GLN> -24.925 -14.086 -18.666
c<D>r<151>R<SER> -26.816 -13.045 -15.54
c<D>r<152>R<LYS> -29.404 -10.266 -15.527
c<D>r<153>R<ASP> -27.835 -8.749 -12.42
c<D>r<154>R<SER> -25.492 -5.765 -12.233
c<D>r<155>R<ASP> -23.195 -7.069 -9.483
c<D>r<156>R<VAL> -22.966 -10.607 -10.856
c<D>r<157>R<TYR> -20.394 -12.085 -13.218
c<D>r<158>R<ILE> -20.371 -15.386 -15.06
c<D>r<159>R<THR> -17.323 -16.612 -16.938
c<D>r<160>R<ASP> -17.153 -18.575 -20.156
c<D>r<161>R<LYS> -16.824 -22.322 -19.754
c<D>r<162>R<CYS> -13.549 -24.211 -19.889
c<D>r<163>R<VAL> -12.583 -27.834 -19.881
c<D>r<164>R<LEU> -9.995 -29.255 -17.525
c<D>r<165>R<ASP> -8.39 -32.664 -17.803
c<D>r<166>R<MET> -7.415 -34.735 -14.802
c<D>r<167>R<ARG> -4.821 -36.781 -16.673
c<D>r<168>R<SER> -4.151 -39.52 -14.11
c<D>r<169>R<MET> -7.853 -40.404 -14.091
c<D>r<170>R<ASP> -8.488 -39.838 -17.805
c<D>r<171>R<PHE> -11.298 -37.563 -16.628
c<D>r<172>R<LYS> -12.428 -34.325 -18.262
c<D>r<173>R<SER> -14.923 -31.808 -16.916
c<D>r<174>R<ASN> -16.53 -28.53 -17.937
c<D>r<175>R<SER> -17.051 -25.62 -15.585
c<D>r<176>R<ALA> -18.041 -21.983 -15.393
c<D>r<177>R<VAL> -17.523 -19.59 -12.49
c<D>r<178>R<ALA> -19.956 -17.018 -11.115
c<D>r<179>R<TRP> -19.482 -14.462 -8.364
c<D>r<180>R<SER> -20.867 -11.296 -6.804
c<D>r<181>R<ASN> -19.913 -9.002 -3.93
c<D>r<182>R<LYS> -20.145 -10.594 -0.455
c<D>r<187>R<CYS> -24.159 -16.909 -6.18
c<D>r<188>R<ALA> -25.98 -20.177 -6.89
c<D>r<200>R<THR> -28.684 -30.099 -11.569
c<D>r<201>R<PHE> -27.445 -30.539 -7.996
c<D>r<202>R<PHE> -27.745 -27.376 -5.864
c<D>r<203>R<PRO> -26.41 -28.239 -2.372
c<D>r<204>R<SER> -26.678 -25.494 0.249
c<E>r<2>R<GLY> 13.492 -17.549 -35.248
c<E>r<3>R<VAL> 11.722 -14.197 -35.077
c<E>r<4>R<THR> 12.066 -12.223 -31.859
c<E>r<5>R<GLN> 10.166 -9.037 -31.126
c<E>r<6>R<THR> 10.348 -6.866 -28.021
c<E>r<7>R<PRO> 8.846 -5.726 -25.853
c<E>r<8>R<LYS> 6.119 -8.362 -25.497
c<E>r<9>R<PHE> 3.927 -5.952 -23.515
c<E>r<10>R<GLN> 3.907 -2.19 -23.193
c<E>r<11>R<VAL> 1.839 0.632 -21.751
c<E>r<12>R<LEU> 2.383 4.138 -23.063
c<E>r<13>R<LYS> 0.896 7.493 -22.176
c<E>r<14>R<THR> -0.38 9.448 -25.181
c<E>r<15>R<GLY> 2.444 11.344 -26.856
c<E>r<16>R<GLN> 5.246 9.074 -25.669
c<E>r<17>R<SER> 7.641 7.646 -28.226
c<E>r<18>R<MET> 8.402 3.95 -28.543
c<E>r<19>R<THR> 10.19 1.501 -30.796
c<E>r<20>R<LEU> 8.982 -2.047 -31.342
c<E>r<21>R<GLN> 11.958 -4.24 -32.168
c<E>r<22>R<CYS> 12.066 -7.201 -34.524
c<E>r<23>R<ALA> 15.068 -9.442 -35.105
c<E>r<24>R<GLN> 15.416 -12.677 -37.069
c<E>r<25>R<ASP> 18.465 -14.924 -37.481
c<E>r<28>R<HIS> 15.487 -13.56 -44.348
c<E>r<29>R<GLU> 15.484 -10.683 -46.826
c<E>r<30>R<TYR> 11.794 -9.848 -46.391
c<E>r<31>R<MET> 10.386 -8.384 -43.176
c<E>r<32>R<SER> 7.025 -6.864 -42.307
c<E>r<33>R<TRP> 4.855 -5.454 -39.525
c<E>r<34>R<TYR> 1.156 -6.08 -38.933
c<E>r<35>R<ARG> -1.361 -4.893 -36.395
c<E>r<36>R<GLN> -4.185 -7.182 -35.3
c<E>r<37>R<ASP> -7.414 -5.691 -33.975
c<E>r<38>R<PRO> -10.71 -7.378 -32.934
c<E>r<39>R<GLY> -12.625 -8.537 -35.999
c<E>r<40>R<MET> -10.276 -6.298 -37.971
c<E>r<41>R<GLY> -7.929 -9.128 -38.929
c<E>r<42>R<LEU> -4.213 -8.678 -39.654
c<E>r<43>R<ARG> -3.395 -5.387 -41.385
c<E>r<44>R<LEU> 0.009 -4.724 -42.95
c<E>r<45>R<ILE> 1.605 -1.506 -41.664
c<E>r<46>R<HIS> 5.039 -1.499 -43.314
c<E>r<47>R<TYR> 7.304 -3.938 -45.127
c<E>r<48>R<SER> 10.874 -4.207 -46.356
c<E>r<49>R<VAL> 11.819 -6.331 -49.364
c<E>r<50>R<GLY> 15.469 -5.855 -48.462
c<E>r<53>R<ILE> 14.616 -0.657 -48.818
c<E>r<54>R<THR> 11.332 0.254 -47.127
c<E>r<55>R<ASP> 7.719 0.795 -48.19
c<E>r<56>R<GLN> 4.462 1.734 -46.472
c<E>r<57>R<GLY> 1.56 -0.681 -46.162
c<E>r<58>R<GLU> -2.175 -0.355 -45.571
c<E>r<59>R<VAL> -2.027 1.556 -42.285
c<E>r<60>R<PRO> 1.424 3.241 -42.348
c<E>r<71>R<GLU> 18.373 -8.787 -39.268
c<E>r<72>R<ASP> 16.404 -5.805 -37.922
c<E>r<73>R<PHE> 13.188 -4.004 -38.858
c<E>r<74>R<PRO> 12.252 -1.408 -36.176
c<E>r<75>R<LEU> 8.708 -0.035 -35.993
c<E>r<76>R<ARG> 8.738 3.39 -34.383
c<E>r<77>R<LEU> 5.885 5.379 -32.868
c<E>r<78>R<LEU> 7.15 8.958 -32.573
c<E>r<79>R<SER> 4.062 10.12 -30.682
c<E>r<80>R<ALA> 1.876 7.258 -29.437
c<E>r<81>R<ALA> -1.866 7.733 -29.896
c<E>r<86>R<SER> -3.224 -3.08 -30.725
c<E>r<87>R<VAL> -1.269 -6.325 -31.01
c<E>r<88>R<TYR> 1.732 -5.931 -33.311
c<E>r<89>R<PHE> 3.255 -8.797 -35.253
c<E>r<90>R<CYS> 6.499 -8.972 -37.151
c<E>r<91>R<ALA> 6.886 -11.582 -39.881
c<E>r<92>R<SER> 9.743 -12.484 -42.186
c<E>r<93>R<SER> 10.541 -14.768 -45.097
c<E>r<94>R<TYR> 13.2 -15.509 -47.685
c<E>r<95>R<VAL> 12.877 -13.284 -50.765
c<E>r<96>R<GLY> 11.481 -15.854 -53.192
c<E>r<97>R<ASN> 11.733 -19.482 -52.124
c<E>r<98>R<THR> 8.458 -20.94 -50.813
c<E>r<99>R<GLY> 7.054 -17.659 -49.555
c<E>r<100>R<GLU> 6.687 -19.128 -46.068
c<E>r<101>R<LEU> 6.12 -16.435 -43.468
c<E>r<102>R<PHE> 7.601 -16.682 -39.976
c<E>r<103>R<PHE> 5.854 -14.706 -37.24
c<E>r<104>R<GLY> 7.117 -13.228 -34.008
c<E>r<105>R<GLU> 5.195 -13.792 -30.763
c<E>r<106>R<GLY> 3.536 -10.383 -30.878
c<E>r<107>R<SER> 3.754 -7.165 -28.895
c<E>r<108>R<ARG> 0.678 -6.041 -26.958
c<E>r<109>R<LEU> 0.57 -2.254 -26.734
c<E>r<110>R<THR> -1.915 -0.106 -24.826
c<E>r<111>R<VAL> -1.777 3.669 -25.259
c<E>r<115>R<LEU> -2.051 6.252 -16.748
c<E>r<116>R<LYS> -4.325 6.445 -13.72
c<E>r<117>R<ASN> -6.491 3.943 -15.589
c<E>r<118>R<VAL> -3.817 1.268 -15.142
c<E>r<119>R<PHE> -4.593 -1.156 -12.286
c<E>r<120>R<PRO> -2.891 -4.349 -11.099
c<E>r<121>R<PRO> -5.002 -7.427 -10.377
c<E>r<122>R<GLU> -6.279 -8.376 -6.948
c<E>r<123>R<VAL> -5.938 -12.155 -6.635
c<E>r<124>R<ALA> -7.824 -14.571 -4.412
c<E>r<125>R<VAL> -8.051 -18.349 -4.096
c<E>r<126>R<PHE> -11.331 -19.965 -3.114
c<E>r<127>R<GLU> -11.169 -23.346 -1.424
c<E>r<128>R<PRO> -13.052 -26.501 -2.491
c<E>r<129>R<SER> -16.701 -26.971 -1.605
c<E>r<130>R<GLU> -17.318 -29.726 0.948
c<E>r<131>R<ALA> -20.407 -30.659 -1.078
c<E>r<132>R<GLU> -18.284 -31.216 -4.2
c<E>r<133>R<ILE> -15.912 -33.406 -2.198
c<E>r<134>R<SER> -18.712 -35.551 -0.812
c<E>r<135>R<HIS> -20.503 -35.805 -4.175
c<E>r<136>R<THR> -17.522 -36.395 -6.502
c<E>r<137>R<GLN> -14.44 -37.239 -4.415
c<E>r<138>R<LYS> -12.823 -34.357 -6.312
c<E>r<139>R<ALA> -11.943 -30.859 -5.132
c<E>r<140>R<THR> -11.883 -27.759 -7.306
c<E>r<141>R<LEU> -9.99 -24.638 -6.266
c<E>r<142>R<VAL> -10.793 -21.382 -8.027
c<E>r<143>R<CYS> -8.415 -18.497 -8.565
c<E>r<144>R<LEU> -9.946 -15.103 -9.269
c<E>r<145>R<ALA> -7.965 -12.144 -10.614
c<E>r<146>R<THR> -10 -8.946 -10.676
c<E>r<147>R<GLY> -9.846 -5.224 -11.354
c<E>r<148>R<PHE> -6.889 -5.157 -13.698
c<E>r<150>R<PRO> -4.881 -3.451 -19.348
c<E>r<151>R<ASP> -5.497 -7.118 -20.063
c<E>r<152>R<HIS> -1.779 -7.963 -19.987
c<E>r<153>R<VAL> -1.639 -10.912 -17.564
c<E>r<154>R<GLU> -0.415 -14.509 -17.229
c<E>r<155>R<LEU> -1.986 -16.822 -14.649
c<E>r<156>R<SER> -0.352 -20.035 -13.435
c<E>r<157>R<TRP> -0.888 -22.626 -10.676
c<E>r<158>R<TRP> 1.913 -24.059 -8.562
c<E>r<159>R<VAL> 1.456 -27.05 -6.266
c<E>r<160>R<ASN> 4.247 -27.6 -3.735
c<E>r<161>R<GLY> 6.438 -25.373 -5.889
c<E>r<162>R<LYS> 5.789 -27.224 -9.149
c<E>r<163>R<GLU> 3.927 -25.528 -12.002
c<E>r<164>R<VAL> 0.906 -27.636 -12.92
c<E>r<165>R<HIS> -1.12 -28.107 -16.07
c<E>r<166>R<SER> -3.035 -31.263 -15.182
c<E>r<167>R<GLY> -6.53 -30.562 -13.884
c<E>r<168>R<VAL> -6.362 -26.876 -14.764
c<E>r<169>R<CYS> -8.195 -24.54 -17.055
c<E>r<170>R<THR> -8.237 -20.788 -17.305
c<E>r<171>R<ASP> -10.833 -18.624 -19.026
c<E>r<172>R<PRO> -9.751 -18.203 -22.674
c<E>r<173>R<GLN> -10.454 -14.491 -22.357
c<E>r<174>R<PRO> -10.927 -12.138 -19.392
c<E>r<175>R<LEU> -14.312 -10.52 -18.89
c<E>r<176>R<LYS> -15.068 -6.821 -18.584
c<E>r<177>R<GLU> -16.254 -5.663 -15.178
c<E>r<178>R<GLN> -17.818 -2.57 -16.821
c<E>r<179>R<PRO> -18.953 -3.883 -20.273
c<E>r<180>R<ALA> -19.762 -0.558 -21.939
c<E>r<185>R<ARG> -11.088 -3.208 -15.766
c<E>r<186>R<TYR> -10.989 -6.985 -16.227
c<E>r<187>R<ALA> -11.541 -10.211 -14.339
c<E>r<188>R<LEU> -10.077 -13.637 -15.084
c<E>r<189>R<SER> -10.768 -16.963 -13.389
c<E>r<190>R<SER> -9.015 -20.315 -13.343
c<E>r<191>R<ARG> -9.773 -23.722 -11.866
c<E>r<192>R<LEU> -7.455 -26.384 -10.45
c<E>r<193>R<ARG> -9.103 -29.719 -9.702
c<E>r<194>R<VAL> -7.436 -32.399 -7.59
c<E>r<195>R<SER> -8.617 -35.542 -5.858
c<E>r<196>R<ALA> -10.314 -34.972 -2.521
c<E>r<197>R<THR> -7.549 -36.979 -0.833
c<E>r<198>R<PHE> -4.891 -34.643 -2.213
c<E>r<199>R<TRP> -6.786 -31.567 -1.012
c<E>r<202>R<PRO> -2.475 -30.401 5.079
c<E>r<203>R<ARG> 1.058 -30.668 3.685
c<E>r<204>R<ASN> -0.067 -29.719 0.179
c<E>r<205>R<HIS> 0.47 -26.064 -0.751
c<E>r<206>R<PHE> -1.5 -24.466 -3.595
c<E>r<207>R<ARG> -0.446 -21.172 -5.18
c<E>r<208>R<CYS> -2.119 -19.138 -7.882
c<E>r<209>R<GLN> -0.02 -16.359 -9.324
c<E>r<210>R<VAL> -0.746 -13.707 -11.87
c<E>r<211>R<GLN> 1.968 -11.821 -13.663
c<E>r<212>R<PHE> 0.73 -8.37 -14.632
c<E>r<213>R<TYR> 2.581 -6.265 -17.193
c<E>r<214>R<GLY> 2.199 -2.602 -16.347
c<E>r<215>R<LEU> 4.2 0.599 -16.05
c<E>r<216>R<SER> 7.975 0.921 -16.018
c<E>r<217>R<GLU> 9.718 2.095 -12.849
c<E>r<218>R<ASN> 10.441 5.376 -14.629
c<E>r<219>R<ASP> 6.94 6.571 -15.526
c<E>r<220>R<GLU> 5.505 9.539 -13.64
c<E>r<221>R<TRP> 3.028 8.455 -10.97
c<E>r<222>R<THR> 1.197 11.006 -8.827
c<E>r<223>R<GLN> -1.498 8.809 -7.274
c<E>r<224>R<ASP> -1.968 8.044 -3.583
c<E>r<225>R<ARG> -1.522 4.362 -4.433
c<E>r<226>R<ALA> 1.396 2.121 -5.39
c<E>r<227>R<LYS> 2.613 2.615 -8.955
c<E>r<228>R<PRO> 1.085 -0.23 -11.036
c<E>r<229>R<VAL> 4.397 -1.566 -12.332
c<E>r<230>R<THR> 4.958 -5.021 -13.796
c<E>r<231>R<GLN> 4.591 -7.479 -10.941
c<E>r<232>R<ILE> 3.336 -10.83 -9.734
c<E>r<233>R<VAL> 0.299 -10.897 -7.441
c<E>r<234>R<SER> -0.391 -14.253 -5.777
c<E>r<235>R<ALA> -2.772 -16.026 -3.42
c<E>r<236>R<GLU> -2.417 -19.397 -1.734
c<E>r<237>R<ALA> -4.085 -22.121 0.258
c<E>r<238>R<TRP> -3.114 -25.257 2.118
c<E>r<239>R<GLY> -4.976 -28.527 2.132
c<E>r<240>R<ARG> -7.124 -29.431 5.129
c<E>r<242>R<ASP> -11.762 -31.145 6.954
