c<A>r<2>R<SER> 26.29 -32.781 5.061
c<A>r<4>R<SER> 25.745 -28.77 10.809
c<A>r<6>R<ARG> 25.855 -24.502 15.484
c<A>r<7>R<TYR> 25.423 -22.339 18.593
c<A>r<8>R<PHE> 25.699 -18.556 18.673
c<A>r<9>R<PHE> 26.205 -16.588 21.896
c<A>r<10>R<THR> 26.209 -12.852 22.382
c<A>r<11>R<SER> 26.849 -10.992 25.65
c<A>r<12>R<VAL> 26.656 -7.205 25.89
c<A>r<13>R<SER> 27.798 -5.342 28.982
c<A>r<14>R<ARG> 25.636 -2.759 30.616
c<A>r<15>R<PRO> 27.972 -0.287 32.231
c<A>r<20>R<PRO> 25.269 -8.352 30.675
c<A>r<21>R<ARG> 22.43 -9.01 28.241
c<A>r<22>R<PHE> 22.954 -12.588 27.017
c<A>r<23>R<ILE> 21.311 -14.238 24.001
c<A>r<24>R<ALA> 21.995 -17.783 22.845
c<A>r<25>R<VAL> 20.575 -19.414 19.725
c<A>r<26>R<GLY> 21.022 -22.893 18.304
c<A>r<27>R<TYR> 20.725 -23.928 14.666
c<A>r<28>R<VAL> 20.723 -27.029 12.578
c<A>r<29>R<ASP> 21.841 -25.787 9.167
c<A>r<30>R<ASP> 19.734 -22.656 8.522
c<A>r<31>R<THR> 17.001 -23.665 10.98
c<A>r<32>R<GLN> 16.913 -22.081 14.488
c<A>r<33>R<PHE> 15.709 -24.63 17.021
c<A>r<34>R<VAL> 16.376 -23.265 20.501
c<A>r<35>R<ARG> 16.967 -19.954 22.258
c<A>r<36>R<PHE> 17.871 -18.438 25.591
c<A>r<37>R<ASP> 17.427 -14.761 26.341
c<A>r<38>R<SER> 18.486 -13.35 29.745
c<A>r<39>R<ASP> 15.811 -10.674 29.34
c<A>r<40>R<ALA> 12.983 -13.281 29.141
c<A>r<45>R<MET> 16.331 -22.681 27.175
c<A>r<46>R<GLU> 13.221 -22.636 24.984
c<A>r<47>R<PRO> 12.136 -24.514 21.884
c<A>r<48>R<ARG> 11.943 -22.725 18.506
c<A>r<49>R<ALA> 11.239 -25.72 16.186
c<A>r<81>R<LEU> 38.808 -8.188 28.511
c<A>r<82>R<ARG> 38.135 -4.671 29.785
c<A>r<84>R<TYR> 43.335 -6.661 28.994
c<A>r<85>R<TYR> 42.51 -3.761 26.735
c<A>r<86>R<ASN> 42.851 -1.08 29.452
c<A>r<87>R<GLN> 39.293 0.138 28.807
c<A>r<88>R<SER> 37.047 2.361 30.964
c<A>r<90>R<ALA> 31.897 3.494 31.161
c<A>r<91>R<GLY> 31.424 1.81 27.797
c<A>r<92>R<SER> 29.342 -1.133 26.633
c<A>r<93>R<HIS> 31.301 -3.998 25.078
c<A>r<94>R<THR> 30.387 -7.236 23.339
c<A>r<95>R<VAL> 31.603 -10.808 23.408
c<A>r<96>R<GLN> 30.46 -13.251 20.697
c<A>r<97>R<ARG> 31.115 -16.972 20.509
c<A>r<98>R<MET> 30.138 -19.514 17.843
c<A>r<99>R<TYR> 30.885 -23.217 17.875
c<A>r<100>R<GLY> 29.556 -26.24 16.143
c<A>r<101>R<CYS> 30.075 -29.502 14.351
c<A>r<102>R<ASP> 29.347 -30.899 10.911
c<A>r<110>R<LEU> 33.323 -34.098 9.362
c<A>r<111>R<ARG> 34.596 -30.951 11.036
c<A>r<112>R<GLY> 34.344 -28.814 14.159
c<A>r<113>R<TYR> 34.905 -25.148 14.935
c<A>r<114>R<HIS> 34.998 -22.655 17.802
c<A>r<115>R<GLN> 35.361 -18.922 17.31
c<A>r<116>R<TYR> 35.397 -16.014 19.791
c<A>r<117>R<ALA> 35.197 -12.22 19.139
c<A>r<118>R<TYR> 35.499 -9.135 21.299
c<A>r<119>R<ASP> 33.873 -5.866 20.091
c<A>r<120>R<GLY> 33.143 -7.466 16.701
c<A>r<121>R<LYS> 36.707 -8.463 15.946
c<A>r<122>R<ASP> 38.41 -11.817 16
c<A>r<123>R<TYR> 39.876 -12.635 19.387
c<A>r<124>R<ILE> 40.699 -16.352 19.574
c<A>r<125>R<ALA> 39.663 -19.456 17.552
c<A>r<126>R<LEU> 40.381 -23.133 17.415
c<A>r<127>R<LYS> 42.448 -24.184 14.41
c<A>r<128>R<GLU> 40.958 -26.673 11.915
c<A>r<129>R<ASP> 42.524 -29.707 13.663
c<A>r<130>R<LEU> 40.878 -28.761 16.958
c<A>r<131>R<ARG> 44.199 -29.074 18.757
c<A>r<132>R<SER> 45.599 -25.521 18.834
c<A>r<133>R<TRP> 44.55 -21.892 18.866
c<A>r<134>R<THR> 44.75 -18.801 16.624
c<A>r<135>R<ALA> 45.139 -15.632 18.732
c<A>r<136>R<ALA> 44.491 -12.411 16.81
c<A>r<137>R<ASP> 46.525 -10.03 19.004
c<A>r<138>R<MET> 48.774 -9.951 22.062
c<A>r<139>R<ALA> 45.85 -9.885 24.507
c<A>r<140>R<ALA> 44.599 -13.14 23.069
c<A>r<141>R<GLN> 48.04 -14.665 23.516
c<A>r<144>R<LYS> 45.936 -18.972 24.336
c<A>r<153>R<ALA> 41.241 -27.648 23.207
c<A>r<185>R<PRO> 13.532 -22.391 -5.388
c<A>r<186>R<LYS> 10.261 -21.553 -7.059
c<A>r<187>R<THR> 11.457 -19.42 -9.922
c<A>r<188>R<HIS> 9.883 -16.947 -12.3
c<A>r<189>R<MET> 10.726 -13.936 -14.367
c<A>r<190>R<THR> 8.987 -10.584 -14.626
c<A>r<191>R<HIS> 9.258 -7.961 -17.33
c<A>r<192>R<HIS> 8.49 -4.291 -17.206
c<A>r<193>R<ALA> 9.293 -1.389 -19.46
c<A>r<194>R<VAL> 11.547 1.366 -18.1
c<A>r<195>R<SER> 11.131 3.415 -21.334
c<A>r<196>R<ASP> 9.839 2.898 -24.802
c<A>r<197>R<HIS> 13.148 1.205 -25.682
c<A>r<198>R<GLU> 14.375 -0.648 -22.58
c<A>r<199>R<ALA> 12.964 -3.13 -20.176
c<A>r<200>R<THR> 13.929 -4.728 -16.883
c<A>r<201>R<LEU> 13.949 -8.457 -16.502
c<A>r<202>R<ARG> 13.846 -9.678 -12.906
c<A>r<203>R<CYS> 14.556 -13.316 -12.008
c<A>r<204>R<TRP> 12.986 -14.407 -8.708
c<A>r<205>R<ALA> 13.908 -17.338 -6.509
c<A>r<206>R<LEU> 11.403 -17.921 -3.746
c<A>r<207>R<SER> 10.61 -20.296 -0.932
c<A>r<208>R<PHE> 13.952 -22.1 -0.984
c<A>r<210>R<PRO> 18.784 -23.965 2.557
c<A>r<211>R<ALA> 19.804 -20.364 2.024
c<A>r<212>R<GLU> 22.854 -20.91 -0.215
c<A>r<213>R<ILE> 21.936 -20.061 -3.806
c<A>r<214>R<THR> 23.465 -18.556 -6.998
c<A>r<215>R<LEU> 21.599 -16.449 -9.524
c<A>r<216>R<THR> 23.517 -15.488 -12.68
c<A>r<217>R<TRP> 22.445 -13.675 -15.839
c<A>r<218>R<GLN> 23.87 -14.579 -19.262
c<A>r<219>R<ARG> 23.627 -12.873 -22.637
c<A>r<220>R<ASP> 23.958 -15.183 -25.615
c<A>r<221>R<GLY> 25.459 -17.83 -23.324
c<A>r<222>R<GLU> 28.154 -15.806 -21.426
c<A>r<223>R<ASP> 27.998 -14.277 -17.912
c<A>r<224>R<GLN> 26.607 -10.737 -17.784
c<A>r<225>R<THR> 27.343 -8.714 -14.664
c<A>r<226>R<GLN> 27.062 -5.23 -16.223
c<A>r<227>R<ASP> 23.666 -3.573 -16.141
c<A>r<228>R<THR> 22.499 -6.028 -13.44
c<A>r<229>R<GLU> 21.143 -5.432 -9.879
c<A>r<230>R<LEU> 20.196 -7.75 -7.05
c<A>r<231>R<VAL> 19.243 -8.14 -3.471
c<A>r<232>R<GLU> 20.944 -10.064 -0.746
c<A>r<233>R<THR> 19.317 -13.364 0.23
c<A>r<234>R<ARG> 16.622 -12.67 2.802
c<A>r<235>R<PRO> 14.361 -14.715 5.049
c<A>r<236>R<ALA> 10.718 -15.123 4.051
c<A>r<237>R<GLY> 9.738 -15.567 7.711
c<A>r<238>R<ASP> 8.406 -19.091 7.327
c<A>r<239>R<GLY> 11.797 -20.734 7.371
c<A>r<240>R<THR> 12.569 -20.331 3.679
c<A>r<241>R<PHE> 14.551 -17.712 1.812
c<A>r<242>R<GLN> 14.161 -15.304 -1.146
c<A>r<243>R<LYS> 16.442 -13.626 -3.693
c<A>r<244>R<TRP> 16.191 -11.831 -7.014
c<A>r<245>R<ALA> 18.547 -10.571 -9.734
c<A>r<246>R<ALA> 17.6 -8.119 -12.509
c<A>r<247>R<VAL> 19.109 -6.831 -15.805
c<A>r<248>R<VAL> 18.133 -3.906 -18.035
c<A>r<249>R<VAL> 17.974 -4.818 -21.719
c<A>r<250>R<PRO> 16.975 -3.291 -25.042
c<A>r<251>R<SER> 13.284 -3.935 -25.697
c<A>r<256>R<ARG> 19.107 -13.243 -25.645
c<A>r<257>R<TYR> 19.117 -13.218 -21.873
c<A>r<258>R<THR> 18.941 -16.179 -19.52
c<A>r<262>R<GLN> 21.959 -23.114 -8.808
c<A>r<263>R<HIS> 20.673 -24.588 -5.565
c<A>r<264>R<GLU> 21.216 -27.9 -3.764
c<B>r<0>R<MET> 35.233 0.186 18.777
c<B>r<1>R<ILE> 34.031 -1.034 15.374
c<B>r<2>R<GLN> 30.634 0.343 14.291
c<B>r<3>R<ARG> 28.76 -0.887 11.247
c<B>r<4>R<THR> 25.575 0.6 9.973
c<B>r<5>R<PRO> 22.559 -1.614 9.273
c<B>r<6>R<LYS> 21.552 -2.768 5.796
c<B>r<7>R<ILE> 17.747 -2.738 5.503
c<B>r<8>R<GLN> 15.286 -4.628 3.292
c<B>r<9>R<VAL> 11.529 -4.136 3.543
c<B>r<10>R<TYR> 9.363 -6.664 1.703
c<B>r<11>R<SER> 6.364 -8.943 1.93
c<B>r<12>R<ARG> 6.51 -12.676 2.387
c<B>r<13>R<HIS> 4.162 -13.242 -0.602
c<B>r<14>R<PRO> 3.103 -11.086 -3.608
c<B>r<15>R<ALA> 0.977 -8.252 -2.551
c<B>r<21>R<ASN> 0.189 -11.341 4.019
c<B>r<22>R<PHE> 3.305 -10.67 6.108
c<B>r<23>R<LEU> 5.467 -7.509 6.134
c<B>r<24>R<ASN> 9.125 -8.023 6.834
c<B>r<25>R<CYS> 11.942 -5.705 7.734
c<B>r<26>R<TYR> 15.321 -7.505 7.569
c<B>r<27>R<VAL> 18.172 -5.614 9.207
c<B>r<28>R<SER> 21.718 -6.961 8.839
c<B>r<29>R<GLY> 25.369 -6.108 8.853
c<B>r<30>R<PHE> 25.267 -3.945 11.93
c<B>r<31>R<HIS> 27.419 -3.663 15.085
c<B>r<32>R<PRO> 26.877 -3.106 17.991
c<B>r<33>R<SER> 23.684 -5.111 18.5
c<B>r<34>R<ASP> 21.423 -2.486 20.085
c<B>r<35>R<ILE> 18.924 -1.365 17.472
c<B>r<49>R<VAL> 5.349 -6.63 15.452
c<B>r<50>R<GLU> 7.57 -9.519 16.42
c<B>r<51>R<HIS> 11.219 -10.234 15.852
c<B>r<52>R<SER> 13.709 -13.012 15.553
c<B>r<53>R<ASP> 16.365 -13.904 18.095
c<B>r<54>R<LEU> 19.69 -12.085 17.664
c<B>r<55>R<SER> 22.253 -13.899 15.577
c<B>r<56>R<PHE> 25.351 -13.005 13.592
c<B>r<57>R<SER> 27.312 -13.596 10.438
c<B>r<58>R<LYS> 30.84 -14.589 9.481
c<B>r<59>R<ASP> 32.122 -11.087 9.894
c<B>r<60>R<TRP> 30.526 -10.934 13.368
c<B>r<61>R<SER> 27.853 -8.463 12.255
c<B>r<62>R<PHE> 24.36 -8.945 13.566
c<B>r<63>R<TYR> 21.046 -9.633 11.849
c<B>r<64>R<LEU> 17.378 -9.584 12.824
c<B>r<65>R<LEU> 14.008 -10.044 11.13
c<B>r<66>R<TYR> 11.034 -7.927 12.318
c<B>r<67>R<TYR> 7.597 -8.968 10.976
c<B>r<68>R<THR> 3.88 -8.655 11.227
c<B>r<69>R<GLU> 0.773 -10.002 9.59
c<B>r<70>R<PHE> -0.926 -7.356 7.472
c<B>r<77>R<GLU> 1.629 3.001 2.771
c<B>r<78>R<TYR> 4.101 0.949 4.801
c<B>r<79>R<ALA> 7.654 1.411 5.928
c<B>r<82>R<VAL> 15.375 1.899 12.147
c<B>r<83>R<ASN> 17.551 3.581 14.696
c<B>r<84>R<HIS> 21.118 2.623 15.588
c<B>r<85>R<VAL> 24.106 4.448 17.063
c<B>r<86>R<THR> 25.549 4.81 13.573
c<B>r<87>R<LEU> 22.512 6.94 12.465
c<B>r<88>R<SER> 21.936 10.707 13.156
c<B>r<89>R<GLN> 18.196 10.234 13.128
c<B>r<90>R<PRO> 15.803 7.315 12.483
c<B>r<91>R<LYS> 16.09 5.916 8.963
c<B>r<92>R<ILE> 12.798 5.166 7.241
c<B>r<93>R<VAL> 12.618 2.823 4.286
c<B>r<94>R<LYS> 9.344 2.603 2.316
c<B>r<95>R<TRP> 7.862 -0.713 1.286
c<B>r<96>R<ASP> 7.814 -1.041 -2.555
c<B>r<97>R<ARG> 5.693 -4.029 -3.544
c<B>r<98>R<ASP> 7.805 -4.952 -6.62
c<B>r<99>R<MET> 11.024 -5.777 -4.832
c<D>r<2>R<GLN> 56.839 -11.086 -11.462
c<D>r<3>R<GLU> 55.628 -7.81 -12.973
c<D>r<4>R<VAL> 52.345 -7.086 -14.745
c<D>r<5>R<THR> 52.1 -4.24 -17.243
c<D>r<6>R<GLN> 48.879 -2.999 -18.82
c<D>r<7>R<ILE> 48.786 -0.644 -21.789
c<D>r<8>R<PRO> 47.394 1.742 -22.727
c<D>r<9>R<ALA> 47.087 3.106 -19.186
c<D>r<10>R<ALA> 44.114 5.117 -20.43
c<D>r<29>R<ALA> 55.276 -19.571 -15.146
c<D>r<30>R<ILE> 51.648 -18.745 -14.328
c<D>r<31>R<TYR> 48.713 -20.857 -13.141
c<D>r<32>R<ASN> 46.119 -18.629 -14.811
c<D>r<33>R<LEU> 45.197 -15.093 -15.87
c<D>r<34>R<GLN> 42.046 -13.253 -14.834
c<D>r<35>R<TRP> 40.507 -10.043 -16.159
c<D>r<36>R<PHE> 38.325 -7.82 -13.977
c<D>r<37>R<ARG> 36.261 -4.671 -14.344
c<D>r<38>R<GLN> 36.086 -2.008 -11.628
c<D>r<39>R<ASP> 33.68 0.939 -11.511
c<D>r<40>R<PRO> 34.709 4.081 -9.571
c<D>r<41>R<GLY> 34.263 3.491 -5.848
c<D>r<42>R<LYS> 33.04 -0.077 -6.333
c<D>r<43>R<GLY> 34.478 -3.594 -6.252
c<D>r<44>R<LEU> 36.017 -5.951 -8.809
c<D>r<45>R<THR> 33.764 -7.882 -11.162
c<D>r<46>R<SER> 35.333 -10.906 -12.816
c<D>r<47>R<LEU> 35.092 -10.859 -16.604
c<D>r<48>R<LEU> 37.163 -13.78 -17.879
c<D>r<49>R<LEU> 39.435 -16.476 -16.501
c<D>r<50>R<ILE> 42.09 -18.139 -18.649
c<D>r<51>R<GLN> 43.791 -21.252 -17.294
c<D>r<52>R<SER> 47.408 -22.021 -18.217
c<D>r<53>R<SER> 46.071 -24.783 -20.477
c<D>r<54>R<GLN> 43.861 -22.384 -22.433
c<D>r<56>R<GLU> 41.173 -18.192 -25.56
c<D>r<57>R<GLN> 38.123 -17.326 -23.465
c<D>r<58>R<THR> 34.938 -15.523 -24.493
c<D>r<59>R<SER> 31.863 -13.9 -22.956
c<D>r<60>R<GLY> 29.539 -11.776 -25.062
c<D>r<61>R<ARG> 31.385 -8.912 -26.744
c<D>r<62>R<LEU> 34.387 -9.802 -24.579
c<D>r<63>R<ASN> 37.105 -12.228 -25.62
c<D>r<64>R<ALA> 40.626 -12.632 -24.276
c<D>r<77>R<ILE> 35.901 -5.644 -26.637
c<D>r<80>R<SER> 32.21 -0.803 -27.548
c<D>r<81>R<GLN> 29.448 1.005 -25.683
c<D>r<82>R<PRO> 29.466 3.89 -23.176
c<D>r<83>R<GLY> 28.53 1.347 -20.52
c<D>r<84>R<ASP> 31.87 -0.386 -21.044
c<D>r<85>R<SER> 33.578 2.617 -19.427
c<D>r<86>R<ALA> 35.456 1.422 -16.343
c<D>r<87>R<THR> 38.913 0.341 -15.254
c<D>r<88>R<TYR> 40.044 -3.067 -16.53
c<D>r<89>R<LEU> 42.474 -5.039 -14.385
c<D>r<90>R<CYS> 44.622 -8.016 -15.284
c<D>r<91>R<ALA> 46.034 -10.474 -12.758
c<D>r<92>R<VAL> 48.144 -13.622 -12.936
c<D>r<93>R<ARG> 48.806 -16.291 -10.321
c<D>r<94>R<PRO> 52.022 -18.328 -9.847
c<D>r<95>R<THR> 52.295 -22.043 -10.57
c<D>r<96>R<SER> 54.327 -24.872 -9.043
c<D>r<97>R<GLY> 54.274 -23.72 -5.43
c<D>r<98>R<GLY> 54.735 -20.037 -6.161
c<D>r<99>R<SER> 53.246 -18.718 -2.924
c<D>r<100>R<TYR> 49.924 -18.699 -4.8
c<D>r<101>R<ILE> 50.54 -14.936 -4.609
c<D>r<102>R<PRO> 48.809 -13.12 -7.496
c<D>r<103>R<THR> 50.219 -10.04 -9.208
c<D>r<104>R<PHE> 47.903 -7.277 -10.436
c<D>r<105>R<GLY> 48.534 -4.721 -13.147
c<D>r<106>R<ARG> 47.754 -1.038 -12.569
c<D>r<107>R<GLY> 44.872 -1.335 -15.018
c<D>r<108>R<THR> 43.529 0.443 -18.086
c<D>r<109>R<SER> 41.029 3.253 -17.589
c<D>r<110>R<LEU> 38.551 3.103 -20.456
c<D>r<111>R<ILE> 36.112 5.772 -21.568
c<D>r<112>R<VAL> 33.773 5.001 -24.461
c<D>r<113>R<HIS> 32.141 8.242 -25.659
c<D>r<114>R<PRO> 28.518 8.388 -26.829
c<D>r<118>R<ASN> 22.544 16.252 -33.196
c<D>r<119>R<PRO> 24.973 18.399 -31.176
c<D>r<120>R<ASP> 23.31 21.492 -29.725
c<D>r<121>R<PRO> 26.002 23.026 -27.462
c<D>r<122>R<ALA> 24.722 25.505 -24.934
c<D>r<123>R<VAL> 25.492 26.939 -21.519
c<D>r<124>R<TYR> 22.538 27.578 -19.198
c<D>r<125>R<GLN> 22.363 29.23 -15.792
c<D>r<126>R<LEU> 20.261 27.389 -13.201
c<D>r<127>R<ARG> 18.833 29.447 -10.368
c<D>r<128>R<ARG> 18.147 28.967 -6.68
c<D>r<129>R<SER> 18.79 26.275 -4.105
c<D>r<130>R<LYS> 15.978 28.106 -2.34
c<D>r<131>R<SER> 17.944 31.318 -2.888
c<D>r<132>R<SER> 21.178 32.526 -1.288
c<D>r<133>R<ASP> 23.596 29.682 -2.033
c<D>r<134>R<LYS> 25.682 29.421 -5.217
c<D>r<135>R<SER> 25.72 30.261 -8.936
c<D>r<136>R<VAL> 25.383 27.13 -11.097
c<D>r<137>R<CYS> 25.801 26.733 -14.864
c<D>r<138>R<LEU> 25.342 23.772 -17.147
c<D>r<139>R<PHE> 27.298 23.23 -20.369
c<D>r<140>R<THR> 25.265 20.636 -22.245
c<D>r<141>R<ASP> 24.446 18.872 -25.508
c<D>r<142>R<PHE> 27.931 19.183 -26.945
c<D>r<148>R<VAL> 35.96 20.68 -20.825
c<D>r<149>R<SER> 39.021 22.196 -19.16
c<D>r<150>R<GLN> 39.499 23.752 -15.726
c<D>r<151>R<SER> 38.916 27.45 -15.082
c<D>r<152>R<LYS> 41.73 29.87 -14.279
c<D>r<153>R<ASP> 39.739 31.304 -11.381
c<D>r<154>R<SER> 40.146 30.525 -7.685
c<D>r<155>R<ASP> 36.456 30.56 -6.728
c<D>r<156>R<VAL> 35.276 28.631 -9.785
c<D>r<157>R<TYR> 34.771 24.896 -10.199
c<D>r<158>R<ILE> 34.138 22.839 -13.306
c<D>r<159>R<THR> 33.218 19.172 -13.13
c<D>r<160>R<ASP> 34.185 16.371 -15.467
c<D>r<161>R<LYS> 31.653 15.557 -18.156
c<D>r<162>R<CYS> 29.085 12.789 -17.911
c<D>r<163>R<VAL> 26.574 11.295 -20.262
c<D>r<164>R<LEU> 22.94 10.83 -19.346
c<D>r<165>R<ASP> 20.429 8.751 -21.257
c<D>r<166>R<MET> 16.784 9.685 -21.56
c<D>r<167>R<ARG> 15.622 6.143 -22.281
c<D>r<168>R<SER> 12.043 6.826 -23.399
c<D>r<169>R<MET> 13.34 9.162 -26.11
c<D>r<170>R<ASP> 16.45 7.154 -27.01
c<D>r<171>R<PHE> 18.311 10.415 -26.413
c<D>r<172>R<LYS> 21.773 10.806 -24.897
c<D>r<173>R<SER> 23.502 14.026 -23.891
c<D>r<174>R<ASN> 26.808 15.175 -22.437
c<D>r<175>R<SER> 27.124 17.835 -19.773
c<D>r<176>R<ALA> 29.52 19.488 -17.37
c<D>r<177>R<VAL> 28.67 21.7 -14.402
c<D>r<178>R<ALA> 30.381 24.91 -13.311
c<D>r<179>R<TRP> 29.746 27.085 -10.28
c<D>r<180>R<SER> 31.156 29.846 -8.096
c<D>r<181>R<ASN> 30.057 31.718 -4.978
c<D>r<182>R<LYS> 26.954 33.914 -5.43
c<D>r<187>R<CYS> 29.193 31.225 -14.177
c<D>r<188>R<ALA> 28.721 31.218 -17.956
c<D>r<200>R<THR> 27.598 27.523 -28.573
c<D>r<201>R<PHE> 24.358 29.05 -27.283
c<D>r<202>R<PHE> 24.855 31.465 -24.358
c<D>r<203>R<PRO> 21.384 32.772 -23.373
c<D>r<204>R<SER> 21.304 35.408 -20.629
c<E>r<2>R<GLY> 29.905 -14.772 -2.062
c<E>r<3>R<VAL> 32.537 -12.668 -0.315
c<E>r<4>R<THR> 31.325 -10.216 2.31
c<E>r<5>R<GLN> 33.551 -7.672 4.006
c<E>r<6>R<THR> 32.604 -5.141 6.668
c<E>r<7>R<PRO> 32.527 -2.35 7.343
c<E>r<8>R<LYS> 32.14 -0.852 3.862
c<E>r<9>R<PHE> 33.236 2.577 5.119
c<E>r<10>R<GLN> 35.143 3.685 8.184
c<E>r<11>R<VAL> 36.771 6.751 9.691
c<E>r<12>R<LEU> 39.352 6.284 12.417
c<E>r<13>R<LYS> 41.367 8.692 14.513
c<E>r<14>R<THR> 45.096 7.934 14.56
c<E>r<15>R<GLY> 45.903 5.285 17.149
c<E>r<16>R<GLN> 42.469 3.668 17.192
c<E>r<17>R<SER> 42.209 -0.071 16.668
c<E>r<18>R<MET> 39.974 -1.666 14.06
c<E>r<19>R<THR> 39.234 -5.016 12.479
c<E>r<20>R<LEU> 38.196 -5.393 8.855
c<E>r<21>R<GLN> 36.066 -8.506 8.509
c<E>r<22>R<CYS> 35.926 -10.898 5.578
c<E>r<23>R<ALA> 33.592 -13.869 5.275
c<E>r<24>R<GLN> 32.92 -16.218 2.362
c<E>r<25>R<ASP> 30.447 -19.106 2.125
c<E>r<26>R<MET> 32.052 -20.969 -0.772
c<E>r<27>R<ASN> 34.265 -23.249 1.321
c<E>r<28>R<HIS> 37.256 -21.514 -0.268
c<E>r<29>R<GLU> 40.529 -22.562 1.346
c<E>r<30>R<TYR> 42.507 -19.547 0.121
c<E>r<31>R<MET> 41.866 -16.019 1.387
c<E>r<32>R<SER> 43.777 -12.769 1.001
c<E>r<33>R<TRP> 43.767 -9.033 1.692
c<E>r<34>R<TYR> 44.824 -6.243 -0.656
c<E>r<35>R<ARG> 45.022 -2.49 -0.397
c<E>r<36>R<GLN> 44.381 -0.334 -3.456
c<E>r<37>R<ASP> 45.908 3.135 -3.669
c<E>r<38>R<PRO> 45.872 5.716 -6.521
c<E>r<39>R<GLY> 48.203 4.631 -9.312
c<E>r<40>R<MET> 49.634 2.18 -6.788
c<E>r<41>R<GLY> 47.541 -0.743 -8.018
c<E>r<42>R<LEU> 46.466 -3.678 -5.836
c<E>r<43>R<ARG> 49.073 -4.673 -3.244
c<E>r<44>R<LEU> 48.83 -7.928 -1.289
c<E>r<45>R<ILE> 48.998 -7.381 2.483
c<E>r<46>R<HIS> 48.431 -10.867 3.911
c<E>r<47>R<TYR> 47.17 -14.235 2.715
c<E>r<48>R<SER> 46.098 -17.587 4.111
c<E>r<49>R<VAL> 46.456 -20.808 2.124
c<E>r<50>R<GLY> 44.341 -22.565 4.732
c<E>r<51>R<ALA> 42.704 -22.515 8.153
c<E>r<52>R<GLY> 45.36 -22.241 10.835
c<E>r<53>R<ILE> 47.913 -21.025 8.301
c<E>r<54>R<THR> 48.895 -17.4 7.696
c<E>r<55>R<ASP> 51.672 -15.543 5.872
c<E>r<56>R<GLN> 52.639 -11.911 5.311
c<E>r<57>R<GLY> 52.491 -10.275 1.898
c<E>r<58>R<GLU> 54.101 -7.239 0.286
c<E>r<59>R<VAL> 52.904 -4.621 2.772
c<E>r<60>R<PRO> 52.209 -6.63 5.971
c<E>r<62>R<GLY> 51.127 -2.525 10.508
c<E>r<63>R<TYR> 48.586 -5.291 9.885
c<E>r<64>R<ASN> 47.719 -8.496 11.73
c<E>r<65>R<VAL> 45.709 -11.425 10.415
c<E>r<66>R<SER> 44.51 -14.75 11.77
c<E>r<67>R<ARG> 42.823 -17.773 10.211
c<E>r<68>R<SER> 41.275 -19.912 12.943
c<E>r<69>R<THR> 38.368 -20.803 10.657
c<E>r<70>R<THR> 37.914 -21.419 6.923
c<E>r<71>R<GLU> 35.131 -18.859 6.467
c<E>r<72>R<ASP> 36.866 -15.89 8.129
c<E>r<73>R<PHE> 40.072 -13.925 7.557
c<E>r<74>R<PRO> 40.192 -10.826 9.835
c<E>r<75>R<LEU> 42.569 -7.961 9.048
c<E>r<76>R<ARG> 43.401 -6.071 12.22
c<E>r<77>R<LEU> 44.896 -2.613 12.658
c<E>r<78>R<LEU> 46.091 -2.442 16.269
c<E>r<79>R<SER> 46.984 1.245 16.023
c<E>r<80>R<ALA> 45.612 2.937 12.897
c<E>r<86>R<SER> 43.156 3.13 1.563
c<E>r<87>R<VAL> 40.572 0.846 -0.029
c<E>r<88>R<TYR> 40.868 -2.706 1.294
c<E>r<89>R<PHE> 39.814 -5.756 -0.678
c<E>r<90>R<CYS> 39.403 -9.327 0.434
c<E>r<91>R<ALA> 39.574 -12.088 -2.167
c<E>r<92>R<SER> 39.216 -15.844 -1.953
c<E>r<93>R<SER> 39.49 -18.936 -4.12
c<E>r<94>R<TYR> 39.507 -22.716 -3.961
c<E>r<95>R<VAL> 42.974 -24.113 -3.202
c<E>r<96>R<GLY> 43.835 -25.438 -6.659
c<E>r<97>R<ASN> 40.961 -25.711 -9.116
c<E>r<98>R<THR> 40.864 -22.904 -11.701
c<E>r<99>R<GLY> 42.548 -20.313 -9.518
c<E>r<100>R<GLU> 39.572 -17.987 -9.942
c<E>r<101>R<LEU> 39.622 -15.175 -7.408
c<E>r<102>R<PHE> 36.426 -13.824 -5.856
c<E>r<103>R<PHE> 36.558 -10.277 -4.497
c<E>r<104>R<GLY> 34.611 -8.558 -1.762
c<E>r<105>R<GLU> 33.063 -5.128 -2.378
c<E>r<106>R<GLY> 35.862 -3.285 -0.603
c<E>r<107>R<SER> 36.236 -1.314 2.608
c<E>r<108>R<ARG> 37.073 2.39 2.351
c<E>r<109>R<LEU> 39.102 3.497 5.361
c<E>r<110>R<THR> 40.243 7.013 6.231
c<E>r<111>R<VAL> 42.585 7.494 9.188
c<E>r<119>R<PHE> 32.577 17.285 7.33
c<E>r<120>R<PRO> 29.16 16.205 6.04
c<E>r<121>R<PRO> 27.979 17.434 2.641
c<E>r<122>R<GLU> 25.777 20.462 2.12
c<E>r<123>R<VAL> 23.279 19.569 -0.612
c<E>r<124>R<ALA> 21.357 21.837 -2.957
c<E>r<125>R<VAL> 19.135 21.335 -5.996
c<E>r<126>R<PHE> 19.171 23.88 -8.798
c<E>r<127>R<GLU> 16.064 24.156 -10.939
c<E>r<128>R<PRO> 15.925 23.972 -14.758
c<E>r<129>R<SER> 16.848 26.968 -16.877
c<E>r<130>R<GLU> 13.896 28.52 -18.711
c<E>r<131>R<ALA> 16.233 29.009 -21.68
c<E>r<132>R<GLU> 16.973 25.267 -21.812
c<E>r<133>R<ILE> 13.248 24.527 -21.72
c<E>r<134>R<SER> 12.482 26.902 -24.572
c<E>r<135>R<HIS> 15.462 25.736 -26.658
c<E>r<136>R<THR> 15.233 21.952 -26.134
c<E>r<137>R<GLN> 11.86 21.097 -24.564
c<E>r<138>R<LYS> 13.958 19.347 -21.907
c<E>r<139>R<ALA> 14.704 20.374 -18.331
c<E>r<140>R<THR> 17.867 19.546 -16.423
c<E>r<141>R<LEU> 18.001 19.698 -12.633
c<E>r<142>R<VAL> 21.398 19.781 -10.959
c<E>r<143>R<CYS> 22.218 18.453 -7.519
c<E>r<144>R<LEU> 25.34 19.798 -5.846
c<E>r<145>R<ALA> 26.935 18.199 -2.782
c<E>r<146>R<THR> 29.764 20.287 -1.364
c<E>r<147>R<GLY> 32.232 20.575 1.492
c<E>r<150>R<PRO> 36.15 12.058 3.442
c<E>r<151>R<ASP> 34.87 11.133 -0
c<E>r<152>R<HIS> 32.532 8.451 1.372
c<E>r<153>R<VAL> 29.188 9.35 -0.24
c<E>r<154>R<GLU> 26.348 7.912 -2.342
c<E>r<155>R<LEU> 24.09 10.237 -4.336
c<E>r<156>R<SER> 20.678 9.216 -5.672
c<E>r<157>R<TRP> 17.64 10.894 -7.276
c<E>r<158>R<TRP> 14.056 10.114 -6.319
c<E>r<159>R<VAL> 11.065 11.323 -8.323
c<E>r<160>R<ASN> 7.703 11.043 -6.558
c<E>r<161>R<GLY> 9.325 8.57 -4.179
c<E>r<162>R<LYS> 10.782 6.326 -6.884
c<E>r<163>R<GLU> 14.549 6.014 -7.32
c<E>r<164>R<VAL> 15.454 6.952 -10.887
c<E>r<165>R<HIS> 18.283 6.044 -13.214
c<E>r<166>R<SER> 16.851 7.236 -16.523
c<E>r<167>R<GLY> 18.082 10.684 -17.516
c<E>r<168>R<VAL> 20.657 10.813 -14.734
c<E>r<169>R<CYS> 24.394 11.02 -14.495
c<E>r<170>R<THR> 26.689 11.746 -11.605
c<E>r<171>R<ASP> 30.32 12.828 -11.763
c<E>r<172>R<PRO> 32.467 9.659 -11.825
c<E>r<173>R<GLN> 34.682 11.219 -9.174
c<E>r<174>R<PRO> 34.252 14.143 -6.76
c<E>r<175>R<LEU> 36.476 17.176 -7.18
c<E>r<176>R<LYS> 38.716 18.762 -4.57
c<E>r<177>R<GLU> 37.667 22.2 -3.375
c<E>r<178>R<GLN> 41.264 22.847 -2.212
c<E>r<179>R<PRO> 43.389 20.926 -4.806
c<E>r<180>R<ALA> 46.765 21.095 -3.055
c<E>r<185>R<ARG> 36.919 18.834 1.227
c<E>r<186>R<TYR> 35.058 17.572 -1.845
c<E>r<187>R<ALA> 32.254 18.509 -4.198
c<E>r<188>R<LEU> 30.115 16.199 -6.324
c<E>r<189>R<SER> 27.452 17.073 -8.885
c<E>r<190>R<SER> 24.684 15.131 -10.581
c<E>r<191>R<ARG> 22.154 15.883 -13.301
c<E>r<192>R<LEU> 18.582 14.663 -13.772
c<E>r<193>R<ARG> 17.013 15.533 -17.116
c<E>r<194>R<VAL> 13.284 15.237 -17.767
c<E>r<195>R<SER> 10.938 16.514 -20.438
c<E>r<196>R<ALA> 9.854 20.117 -20.007
c<E>r<197>R<THR> 6.25 18.933 -19.641
c<E>r<198>R<PHE> 7.188 16.704 -16.712
c<E>r<199>R<TRP> 9.036 19.543 -14.975
c<E>r<206>R<PHE> 12.172 15.79 -7.156
c<E>r<207>R<ARG> 14.566 14.737 -4.395
c<E>r<208>R<CYS> 18.331 14.479 -4.419
c<E>r<209>R<GLN> 19.832 12.691 -1.46
c<E>r<210>R<VAL> 23.376 12.037 -0.436
c<E>r<211>R<GLN> 24.311 9.379 2.054
c<E>r<212>R<PHE> 27.499 10.353 3.86
c<E>r<213>R<TYR> 29.491 7.803 5.847
c<E>r<214>R<GLY> 31.167 9.499 8.778
c<E>r<215>R<LEU> 31.79 9.08 12.49
c<E>r<216>R<SER> 30.109 6.6 14.807
c<E>r<217>R<GLU> 27.799 7.878 17.545
c<E>r<218>R<ASN> 30.478 6.911 20.063
c<E>r<219>R<ASP> 33.456 8.957 18.866
c<E>r<220>R<GLU> 34.562 11.932 20.953
c<E>r<221>R<TRP> 33.376 15.222 19.465
c<E>r<225>R<ARG> 28.927 21.908 15.506
c<E>r<226>R<ALA> 26.885 18.734 15.054
c<E>r<227>R<LYS> 28.952 15.547 15.145
c<E>r<228>R<PRO> 29.492 14.489 11.492
c<E>r<229>R<VAL> 27.992 11.02 11.882
c<E>r<230>R<THR> 26.758 8.822 9.047
c<E>r<231>R<GLN> 23.649 10.48 7.666
c<E>r<232>R<ILE> 21.573 11.397 4.647
c<E>r<233>R<VAL> 21.483 15.044 3.562
c<E>r<234>R<SER> 18.823 15.889 0.971
c<E>r<235>R<ALA> 17.413 18.737 -1.096
c<E>r<236>R<GLU> 14.221 18.881 -3.125
c<E>r<237>R<ALA> 12.173 20.769 -5.658
c<E>r<238>R<TRP> 8.695 20.667 -7.119
c<E>r<239>R<GLY> 7.758 21.19 -10.726
c<E>r<240>R<ARG> 6.295 24.523 -11.802
c<E>r<242>R<ASP> 6.374 28.558 -15.193
