c<A>r<1>R<GLY> 24.291 -34.509 2.251
c<A>r<2>R<SER> 26.29 -32.781 5.061
c<A>r<3>R<HIS> 24.697 -31.06 7.983
c<A>r<4>R<SER> 25.745 -28.77 10.809
c<A>r<6>R<ARG> 25.855 -24.502 15.484
c<A>r<7>R<TYR> 25.423 -22.339 18.593
c<A>r<8>R<PHE> 25.699 -18.556 18.673
c<A>r<9>R<PHE> 26.205 -16.588 21.896
c<A>r<10>R<THR> 26.209 -12.852 22.382
c<A>r<11>R<SER> 26.849 -10.992 25.65
c<A>r<12>R<VAL> 26.656 -7.205 25.89
c<A>r<13>R<SER> 27.798 -5.342 28.982
c<A>r<14>R<ARG> 25.636 -2.759 30.616
c<A>r<15>R<PRO> 27.972 -0.287 32.231
c<A>r<20>R<PRO> 25.269 -8.352 30.675
c<A>r<21>R<ARG> 22.43 -9.01 28.241
c<A>r<22>R<PHE> 22.954 -12.588 27.017
c<A>r<23>R<ILE> 21.311 -14.238 24.001
c<A>r<24>R<ALA> 21.995 -17.783 22.845
c<A>r<25>R<VAL> 20.575 -19.414 19.725
c<A>r<26>R<GLY> 21.022 -22.893 18.304
c<A>r<27>R<TYR> 20.725 -23.928 14.666
c<A>r<28>R<VAL> 20.723 -27.029 12.578
c<A>r<29>R<ASP> 21.841 -25.787 9.167
c<A>r<30>R<ASP> 19.734 -22.656 8.522
c<A>r<31>R<THR> 17.001 -23.665 10.98
c<A>r<32>R<GLN> 16.913 -22.081 14.488
c<A>r<33>R<PHE> 15.709 -24.63 17.021
c<A>r<34>R<VAL> 16.376 -23.265 20.501
c<A>r<35>R<ARG> 16.967 -19.954 22.258
c<A>r<36>R<PHE> 17.871 -18.438 25.591
c<A>r<37>R<ASP> 17.427 -14.761 26.341
c<A>r<38>R<SER> 18.486 -13.35 29.745
c<A>r<39>R<ASP> 15.811 -10.674 29.34
c<A>r<40>R<ALA> 12.983 -13.281 29.141
c<A>r<45>R<MET> 16.331 -22.681 27.175
c<A>r<46>R<GLU> 13.221 -22.636 24.984
c<A>r<47>R<PRO> 12.136 -24.514 21.884
c<A>r<48>R<ARG> 11.943 -22.725 18.506
c<A>r<49>R<ALA> 11.239 -25.72 16.186
c<A>r<81>R<LEU> 38.808 -8.188 28.511
c<A>r<82>R<ARG> 38.135 -4.671 29.785
c<A>r<85>R<TYR> 42.51 -3.761 26.735
c<A>r<86>R<ASN> 42.851 -1.08 29.452
c<A>r<87>R<GLN> 39.293 0.138 28.807
c<A>r<88>R<SER> 37.047 2.361 30.964
c<A>r<90>R<ALA> 31.897 3.494 31.161
c<A>r<91>R<GLY> 31.424 1.81 27.797
c<A>r<92>R<SER> 29.342 -1.133 26.633
c<A>r<93>R<HIS> 31.301 -3.998 25.078
c<A>r<94>R<THR> 30.387 -7.236 23.339
c<A>r<95>R<VAL> 31.603 -10.808 23.408
c<A>r<96>R<GLN> 30.46 -13.251 20.697
c<A>r<97>R<ARG> 31.115 -16.972 20.509
c<A>r<98>R<MET> 30.138 -19.514 17.843
c<A>r<99>R<TYR> 30.885 -23.217 17.875
c<A>r<100>R<GLY> 29.556 -26.24 16.143
c<A>r<102>R<ASP> 29.347 -30.899 10.911
c<A>r<103>R<VAL> 28.552 -34.432 9.836
c<A>r<104>R<GLY> 28.986 -35.684 6.331
c<A>r<105>R<SER> 26.753 -37.781 4.202
c<A>r<110>R<LEU> 33.323 -34.098 9.362
c<A>r<111>R<ARG> 34.596 -30.951 11.036
c<A>r<112>R<GLY> 34.344 -28.814 14.159
c<A>r<113>R<TYR> 34.905 -25.148 14.935
c<A>r<114>R<HIS> 34.998 -22.655 17.802
c<A>r<115>R<GLN> 35.361 -18.922 17.31
c<A>r<116>R<TYR> 35.397 -16.014 19.791
c<A>r<117>R<ALA> 35.197 -12.22 19.139
c<A>r<118>R<TYR> 35.499 -9.135 21.299
c<A>r<119>R<ASP> 33.873 -5.866 20.091
c<A>r<120>R<GLY> 33.143 -7.466 16.701
c<A>r<121>R<LYS> 36.707 -8.463 15.946
c<A>r<122>R<ASP> 38.41 -11.817 16
c<A>r<123>R<TYR> 39.876 -12.635 19.387
c<A>r<124>R<ILE> 40.699 -16.352 19.574
c<A>r<125>R<ALA> 39.663 -19.456 17.552
c<A>r<126>R<LEU> 40.381 -23.133 17.415
c<A>r<127>R<LYS> 42.448 -24.184 14.41
c<A>r<128>R<GLU> 40.958 -26.673 11.915
c<A>r<129>R<ASP> 42.524 -29.707 13.663
c<A>r<130>R<LEU> 40.878 -28.761 16.958
c<A>r<131>R<ARG> 44.199 -29.074 18.757
c<A>r<132>R<SER> 45.599 -25.521 18.834
c<A>r<133>R<TRP> 44.55 -21.892 18.866
c<A>r<134>R<THR> 44.75 -18.801 16.624
c<A>r<135>R<ALA> 45.139 -15.632 18.732
c<A>r<136>R<ALA> 44.491 -12.411 16.81
c<A>r<137>R<ASP> 46.525 -10.03 19.004
c<A>r<138>R<MET> 48.774 -9.951 22.062
c<A>r<139>R<ALA> 45.85 -9.885 24.507
c<A>r<140>R<ALA> 44.599 -13.14 23.069
c<A>r<141>R<GLN> 48.04 -14.665 23.516
c<A>r<144>R<LYS> 45.936 -18.972 24.336
c<A>r<185>R<PRO> 13.532 -22.391 -5.388
c<A>r<186>R<LYS> 10.261 -21.553 -7.059
c<A>r<187>R<THR> 11.457 -19.42 -9.922
c<A>r<188>R<HIS> 9.883 -16.947 -12.3
c<A>r<189>R<MET> 10.726 -13.936 -14.367
c<A>r<190>R<THR> 8.987 -10.584 -14.626
c<A>r<191>R<HIS> 9.258 -7.961 -17.33
c<A>r<192>R<HIS> 8.49 -4.291 -17.206
c<A>r<193>R<ALA> 9.293 -1.389 -19.46
c<A>r<194>R<VAL> 11.547 1.366 -18.1
c<A>r<195>R<SER> 11.131 3.415 -21.334
c<A>r<196>R<ASP> 9.839 2.898 -24.802
c<A>r<197>R<HIS> 13.148 1.205 -25.682
c<A>r<198>R<GLU> 14.375 -0.648 -22.58
c<A>r<199>R<ALA> 12.964 -3.13 -20.176
c<A>r<200>R<THR> 13.929 -4.728 -16.883
c<A>r<201>R<LEU> 13.949 -8.457 -16.502
c<A>r<202>R<ARG> 13.846 -9.678 -12.906
c<A>r<203>R<CYS> 14.556 -13.316 -12.008
c<A>r<204>R<TRP> 12.986 -14.407 -8.708
c<A>r<205>R<ALA> 13.908 -17.338 -6.509
c<A>r<206>R<LEU> 11.403 -17.921 -3.746
c<A>r<207>R<SER> 10.61 -20.296 -0.932
c<A>r<208>R<PHE> 13.952 -22.1 -0.984
c<A>r<209>R<TYR> 15.944 -23.923 1.712
c<A>r<210>R<PRO> 18.784 -23.965 2.557
c<A>r<211>R<ALA> 19.804 -20.364 2.024
c<A>r<212>R<GLU> 22.854 -20.91 -0.215
c<A>r<213>R<ILE> 21.936 -20.061 -3.806
c<A>r<214>R<THR> 23.465 -18.556 -6.998
c<A>r<215>R<LEU> 21.599 -16.449 -9.524
c<A>r<216>R<THR> 23.517 -15.488 -12.68
c<A>r<217>R<TRP> 22.445 -13.675 -15.839
c<A>r<218>R<GLN> 23.87 -14.579 -19.262
c<A>r<219>R<ARG> 23.627 -12.873 -22.637
c<A>r<220>R<ASP> 23.958 -15.183 -25.615
c<A>r<221>R<GLY> 25.459 -17.83 -23.324
c<A>r<222>R<GLU> 28.154 -15.806 -21.426
c<A>r<223>R<ASP> 27.998 -14.277 -17.912
c<A>r<224>R<GLN> 26.607 -10.737 -17.784
c<A>r<225>R<THR> 27.343 -8.714 -14.664
c<A>r<226>R<GLN> 27.062 -5.23 -16.223
c<A>r<227>R<ASP> 23.666 -3.573 -16.141
c<A>r<228>R<THR> 22.499 -6.028 -13.44
c<A>r<229>R<GLU> 21.143 -5.432 -9.879
c<A>r<230>R<LEU> 20.196 -7.75 -7.05
c<A>r<231>R<VAL> 19.243 -8.14 -3.471
c<A>r<232>R<GLU> 20.944 -10.064 -0.746
c<A>r<233>R<THR> 19.317 -13.364 0.23
c<A>r<234>R<ARG> 16.622 -12.67 2.802
c<A>r<235>R<PRO> 14.361 -14.715 5.049
c<A>r<236>R<ALA> 10.718 -15.123 4.051
c<A>r<237>R<GLY> 9.738 -15.567 7.711
c<A>r<238>R<ASP> 8.406 -19.091 7.327
c<A>r<239>R<GLY> 11.797 -20.734 7.371
c<A>r<240>R<THR> 12.569 -20.331 3.679
c<A>r<241>R<PHE> 14.551 -17.712 1.812
c<A>r<242>R<GLN> 14.161 -15.304 -1.146
c<A>r<243>R<LYS> 16.442 -13.626 -3.693
c<A>r<244>R<TRP> 16.191 -11.831 -7.014
c<A>r<245>R<ALA> 18.547 -10.571 -9.734
c<A>r<246>R<ALA> 17.6 -8.119 -12.509
c<A>r<247>R<VAL> 19.109 -6.831 -15.805
c<A>r<248>R<VAL> 18.133 -3.906 -18.035
c<A>r<249>R<VAL> 17.974 -4.818 -21.719
c<A>r<250>R<PRO> 16.975 -3.291 -25.042
c<A>r<251>R<SER> 13.284 -3.935 -25.697
c<A>r<252>R<GLY> 12.918 -6.675 -28.252
c<A>r<253>R<GLN> 16.127 -8.395 -27.255
c<A>r<254>R<GLU> 14.85 -10.21 -24.229
c<A>r<256>R<ARG> 19.107 -13.243 -25.645
c<A>r<257>R<TYR> 19.117 -13.218 -21.873
c<A>r<259>R<CYS> 18.847 -16.425 -15.704
c<A>r<260>R<HIS> 20.681 -19.413 -14.266
c<A>r<261>R<VAL> 19.752 -20.732 -10.826
c<A>r<262>R<GLN> 21.959 -23.114 -8.808
c<A>r<263>R<HIS> 20.673 -24.588 -5.565
c<A>r<264>R<GLU> 21.216 -27.9 -3.764
c<A>r<265>R<GLY> 17.53 -28.754 -4.137
c<A>r<266>R<LEU> 17.918 -28.706 -7.907
c<A>r<269>R<PRO> 20.604 -25.817 -12.512
c<B>r<0>R<MET> 35.233 0.186 18.777
c<B>r<1>R<ILE> 34.031 -1.034 15.374
c<B>r<2>R<GLN> 30.634 0.343 14.291
c<B>r<3>R<ARG> 28.76 -0.887 11.247
c<B>r<4>R<THR> 25.575 0.6 9.973
c<B>r<5>R<PRO> 22.559 -1.614 9.273
c<B>r<6>R<LYS> 21.552 -2.768 5.796
c<B>r<7>R<ILE> 17.747 -2.738 5.503
c<B>r<8>R<GLN> 15.286 -4.628 3.292
c<B>r<9>R<VAL> 11.529 -4.136 3.543
c<B>r<10>R<TYR> 9.363 -6.664 1.703
c<B>r<11>R<SER> 6.364 -8.943 1.93
c<B>r<12>R<ARG> 6.51 -12.676 2.387
c<B>r<13>R<HIS> 4.162 -13.242 -0.602
c<B>r<14>R<PRO> 3.103 -11.086 -3.608
c<B>r<15>R<ALA> 0.977 -8.252 -2.551
c<B>r<21>R<ASN> 0.189 -11.341 4.019
c<B>r<22>R<PHE> 3.305 -10.67 6.108
c<B>r<23>R<LEU> 5.467 -7.509 6.134
c<B>r<24>R<ASN> 9.125 -8.023 6.834
c<B>r<25>R<CYS> 11.942 -5.705 7.734
c<B>r<26>R<TYR> 15.321 -7.505 7.569
c<B>r<27>R<VAL> 18.172 -5.614 9.207
c<B>r<28>R<SER> 21.718 -6.961 8.839
c<B>r<29>R<GLY> 25.369 -6.108 8.853
c<B>r<30>R<PHE> 25.267 -3.945 11.93
c<B>r<31>R<HIS> 27.419 -3.663 15.085
c<B>r<32>R<PRO> 26.877 -3.106 17.991
c<B>r<33>R<SER> 23.684 -5.111 18.5
c<B>r<34>R<ASP> 21.423 -2.486 20.085
c<B>r<35>R<ILE> 18.924 -1.365 17.472
c<B>r<49>R<VAL> 5.349 -6.63 15.452
c<B>r<50>R<GLU> 7.57 -9.519 16.42
c<B>r<51>R<HIS> 11.219 -10.234 15.852
c<B>r<52>R<SER> 13.709 -13.012 15.553
c<B>r<53>R<ASP> 16.365 -13.904 18.095
c<B>r<54>R<LEU> 19.69 -12.085 17.664
c<B>r<55>R<SER> 22.253 -13.899 15.577
c<B>r<56>R<PHE> 25.351 -13.005 13.592
c<B>r<57>R<SER> 27.312 -13.596 10.438
c<B>r<58>R<LYS> 30.84 -14.589 9.481
c<B>r<59>R<ASP> 32.122 -11.087 9.894
c<B>r<60>R<TRP> 30.526 -10.934 13.368
c<B>r<61>R<SER> 27.853 -8.463 12.255
c<B>r<62>R<PHE> 24.36 -8.945 13.566
c<B>r<63>R<TYR> 21.046 -9.633 11.849
c<B>r<64>R<LEU> 17.378 -9.584 12.824
c<B>r<65>R<LEU> 14.008 -10.044 11.13
c<B>r<66>R<TYR> 11.034 -7.927 12.318
c<B>r<67>R<TYR> 7.597 -8.968 10.976
c<B>r<68>R<THR> 3.88 -8.655 11.227
c<B>r<69>R<GLU> 0.773 -10.002 9.59
c<B>r<70>R<PHE> -0.926 -7.356 7.472
c<B>r<83>R<ASN> 17.551 3.581 14.696
c<B>r<84>R<HIS> 21.118 2.623 15.588
c<B>r<85>R<VAL> 24.106 4.448 17.063
c<B>r<86>R<THR> 25.549 4.81 13.573
c<B>r<87>R<LEU> 22.512 6.94 12.465
c<B>r<88>R<SER> 21.936 10.707 13.156
c<B>r<89>R<GLN> 18.196 10.234 13.128
c<B>r<90>R<PRO> 15.803 7.315 12.483
c<B>r<91>R<LYS> 16.09 5.916 8.963
c<B>r<92>R<ILE> 12.798 5.166 7.241
c<B>r<96>R<ASP> 7.814 -1.041 -2.555
c<B>r<97>R<ARG> 5.693 -4.029 -3.544
c<B>r<98>R<ASP> 7.805 -4.952 -6.62
c<B>r<99>R<MET> 11.024 -5.777 -4.832
c<D>r<2>R<GLN> 46.478 31.789 5.654
c<D>r<3>R<GLU> 48.264 28.808 4.105
c<D>r<4>R<VAL> 48.582 25.269 5.454
c<D>r<5>R<THR> 51.485 23.066 4.396
c<D>r<6>R<GLN> 51.826 19.374 5.211
c<D>r<7>R<ILE> 55.039 17.423 4.725
c<D>r<8>R<PRO> 55.984 14.864 3.691
c<D>r<9>R<ALA> 53.28 14.808 1.01
c<D>r<10>R<ALA> 53.688 11.032 0.958
c<D>r<29>R<ALA> 46.266 33.711 14.834
c<D>r<30>R<ILE> 44.274 30.468 14.994
c<D>r<31>R<TYR> 41.346 29.327 17.14
c<D>r<32>R<ASN> 42.344 25.659 16.984
c<D>r<33>R<LEU> 43.954 22.903 14.912
c<D>r<34>R<GLN> 42.3 19.619 13.982
c<D>r<35>R<TRP> 43.768 16.44 12.508
c<D>r<36>R<PHE> 41.68 14.062 10.4
c<D>r<37>R<ARG> 42.091 10.708 8.699
c<D>r<38>R<GLN> 40.551 9.928 5.306
c<D>r<39>R<ASP> 40.343 6.504 3.656
c<D>r<40>R<PRO> 40.127 6.31 -0.165
c<D>r<41>R<GLY> 36.597 7.135 -1.292
c<D>r<42>R<LYS> 35.365 7.729 2.256
c<D>r<43>R<GLY> 34.811 10.668 4.6
c<D>r<44>R<LEU> 36.897 12.481 7.211
c<D>r<45>R<THR> 37.318 10.958 10.654
c<D>r<46>R<SER> 38.444 13.342 13.371
c<D>r<47>R<LEU> 41.563 12.19 15.202
c<D>r<48>R<LEU> 42.617 15.037 17.49
c<D>r<49>R<LEU> 41.58 18.593 18.273
c<D>r<50>R<ILE> 44.018 21.104 19.75
c<D>r<51>R<GLN> 42.626 24.377 21.076
c<D>r<52>R<SER> 44.719 27.558 20.924
c<D>r<53>R<SER> 45.193 27.23 24.691
c<D>r<54>R<GLN> 46.653 23.73 24.402
c<D>r<57>R<GLN> 46.648 16.203 22.694
c<D>r<59>R<SER> 44.602 9.411 21.765
c<D>r<60>R<GLY> 46.054 5.913 21.809
c<D>r<61>R<ARG> 49.169 5.652 19.649
c<D>r<81>R<GLN> 50.548 -0.544 11.716
c<D>r<82>R<PRO> 49.337 -1.321 8.175
c<D>r<83>R<GLY> 45.889 -0.217 9.308
c<D>r<84>R<ASP> 47.223 3.299 9.846
c<D>r<85>R<SER> 47.53 3.663 6.061
c<D>r<86>R<ALA> 45.35 6.575 4.948
c<D>r<87>R<THR> 45.573 10.266 4.153
c<D>r<88>R<TYR> 46.071 12.562 7.153
c<D>r<89>R<LEU> 44.679 16.085 6.932
c<D>r<90>R<CYS> 45.43 19.116 9.061
c<D>r<91>R<ALA> 43.126 22.116 9.397
c<D>r<92>R<VAL> 43.197 25.375 11.338
c<D>r<93>R<ARG> 40.43 27.87 12.056
c<D>r<94>R<PRO> 40.77 31.675 12.412
c<D>r<95>R<THR> 40.335 33.537 15.69
c<D>r<96>R<SER> 39.027 36.992 16.592
c<D>r<97>R<GLY> 36.306 37.271 13.965
c<D>r<98>R<GLY> 38.277 35.683 11.153
c<D>r<99>R<SER> 35.311 34.585 9.05
c<D>r<100>R<TYR> 35.479 31.332 11.037
c<D>r<101>R<ILE> 36.762 30.062 7.673
c<D>r<102>R<PRO> 39.032 27.019 8.137
c<D>r<103>R<THR> 42.053 26.281 5.962
c<D>r<104>R<PHE> 42.965 22.693 5.067
c<D>r<105>R<GLY> 46.334 21.313 4.052
c<D>r<106>R<ARG> 46.664 19.006 1.04
c<D>r<107>R<GLY> 47.407 16.135 3.406
c<D>r<108>R<THR> 49.985 13.393 3.857
c<D>r<109>R<SER> 49.373 10.049 2.171
c<D>r<110>R<LEU> 50.689 7.344 4.48
c<D>r<111>R<ILE> 51.42 3.726 3.649
c<D>r<112>R<VAL> 52.623 1.433 6.429
c<D>r<113>R<HIS> 53.953 -1.807 4.901
c<D>r<114>R<PRO> 53.434 -5.202 6.552
c<D>r<118>R<ASN> 58.726 -15.599 5.156
c<D>r<119>R<PRO> 58.732 -14.116 1.636
c<D>r<120>R<ASP> 57.759 -16.661 -1.011
c<D>r<121>R<PRO> 57.479 -14.599 -4.234
c<D>r<122>R<ALA> 55.566 -16.26 -7.018
c<D>r<123>R<VAL> 53.454 -15.478 -10.057
c<D>r<124>R<TYR> 50.42 -17.698 -10.682
c<D>r<125>R<GLN> 47.978 -17.817 -13.578
c<D>r<126>R<LEU> 44.304 -18.047 -12.594
c<D>r<127>R<ARG> 41.937 -19.554 -15.129
c<D>r<128>R<ARG> 38.369 -18.992 -16.249
c<D>r<129>R<SER> 35.62 -16.512 -15.486
c<D>r<130>R<LYS> 33.492 -19.329 -16.868
c<D>r<131>R<SER> 35.807 -19.38 -19.886
c<D>r<132>R<SER> 36.22 -16.866 -22.714
c<D>r<133>R<ASP> 36.998 -13.636 -20.855
c<D>r<134>R<LYS> 40.508 -12.54 -19.841
c<D>r<135>R<SER> 43.937 -13.827 -18.783
c<D>r<136>R<VAL> 44.641 -13.113 -15.097
c<D>r<137>R<CYS> 47.886 -13.491 -13.136
c<D>r<138>R<LEU> 48.694 -12.991 -9.49
c<D>r<139>R<PHE> 52.093 -11.876 -8.184
c<D>r<140>R<THR> 51.995 -12.775 -4.501
c<D>r<141>R<ASP> 53.853 -13.4 -1.248
c<D>r<142>R<PHE> 56.665 -10.982 -1.994
c<D>r<148>R<VAL> 55.399 -3.484 -8.801
c<D>r<149>R<SER> 55.78 -1.249 -11.851
c<D>r<150>R<GLN> 53.564 -0.766 -14.901
c<D>r<151>R<SER> 53.928 -2.9 -18.023
c<D>r<152>R<LYS> 55.216 -1.523 -21.32
c<D>r<153>R<ASP> 52.355 -3.182 -23.187
c<D>r<154>R<SER> 49.157 -1.557 -24.435
c<D>r<155>R<ASP> 46.772 -4.433 -23.675
c<D>r<156>R<VAL> 48.249 -5.23 -20.263
c<D>r<157>R<TYR> 47.212 -3.935 -16.854
c<D>r<158>R<ILE> 48.926 -4.223 -13.498
c<D>r<159>R<THR> 47.233 -3.164 -10.283
c<D>r<160>R<ASP> 48.749 -1.561 -7.223
c<D>r<161>R<LYS> 49.683 -3.945 -4.439
c<D>r<162>R<CYS> 47.505 -4.689 -1.435
c<D>r<163>R<VAL> 47.949 -6.64 1.735
c<D>r<164>R<LEU> 45.466 -9.236 2.903
c<D>r<165>R<ASP> 45.355 -10.796 6.343
c<D>r<166>R<MET> 44.339 -14.38 6.95
c<D>r<167>R<ARG> 43.339 -13.805 10.567
c<D>r<168>R<SER> 42.963 -17.411 11.741
c<D>r<169>R<MET> 46.549 -18.126 10.681
c<D>r<170>R<ASP> 48.017 -14.76 11.697
c<D>r<171>R<PHE> 49.333 -14.643 8.132
c<D>r<172>R<LYS> 49.659 -11.561 5.935
c<D>r<173>R<SER> 50.559 -11.434 2.255
c<D>r<174>R<ASN> 51.108 -8.867 -0.479
c<D>r<175>R<SER> 49.821 -9.246 -4.01
c<D>r<176>R<ALA> 49.334 -7.455 -7.297
c<D>r<177>R<VAL> 47.149 -8.52 -10.215
c<D>r<178>R<ALA> 47.967 -8.383 -13.922
c<D>r<179>R<TRP> 45.808 -9.233 -16.912
c<D>r<180>R<SER> 45.43 -8.862 -20.666
c<D>r<181>R<ASN> 42.904 -9.932 -23.295
c<D>r<182>R<LYS> 42.643 -13.715 -23.829
c<D>r<187>R<CYS> 50.169 -12.667 -18.26
c<D>r<188>R<ALA> 53.165 -13.984 -16.313
c<D>r<200>R<THR> 60.515 -15.723 -7.911
c<D>r<201>R<PHE> 58.51 -18.868 -8.676
c<D>r<202>R<PHE> 57.003 -18.912 -12.192
c<D>r<203>R<PRO> 55.089 -22.218 -12.557
c<D>r<204>R<SER> 53.557 -22.898 -15.973
c<E>r<2>R<GLY> 25.793 13.307 13.269
c<E>r<3>R<VAL> 26.104 14.915 9.845
c<E>r<4>R<THR> 24.129 13.347 7.014
c<E>r<5>R<GLN> 24.446 14.388 3.393
c<E>r<6>R<THR> 22.579 13.013 0.392
c<E>r<7>R<PRO> 22.849 11.754 -2.176
c<E>r<8>R<LYS> 26.101 9.847 -1.624
c<E>r<9>R<PHE> 26.582 9.403 -5.38
c<E>r<22>R<CYS> 23.123 18.337 4.481
c<E>r<23>R<ALA> 21.446 17.754 7.831
c<E>r<24>R<GLN> 22.888 17.622 11.346
c<E>r<25>R<ASP> 21.121 16.898 14.642
c<E>r<26>R<MET> 23.68 18.442 16.989
c<E>r<27>R<ASN> 22.143 21.92 17.116
c<E>r<28>R<HIS> 25.317 23.194 15.447
c<E>r<29>R<GLU> 25.027 26.843 14.439
c<E>r<30>R<TYR> 27.86 26.732 11.897
c<E>r<31>R<MET> 27.618 24.785 8.638
c<E>r<32>R<SER> 29.785 24.709 5.53
c<E>r<33>R<TRP> 30.367 23.05 2.162
c<E>r<34>R<TYR> 33.684 22.001 0.642
c<E>r<35>R<ARG> 34.726 20.402 -2.605
c<E>r<36>R<GLN> 37.718 18.065 -2.704
c<E>r<37>R<ASP> 39.642 17.603 -5.943
c<E>r<38>R<PRO> 42.851 15.617 -6.688
c<E>r<39>R<GLY> 45.875 17.417 -5.269
c<E>r<40>R<MET> 43.584 20.428 -4.944
c<E>r<41>R<GLY> 42.811 19.797 -1.278
c<E>r<42>R<LEU> 39.58 20.86 0.445
c<E>r<43>R<ARG> 38.193 24.164 -0.843
c<E>r<44>R<LEU> 35.413 26.025 0.968
c<E>r<45>R<ILE> 32.462 26.823 -1.315
c<E>r<46>R<HIS> 29.916 28.396 1.042
c<E>r<47>R<TYR> 29.331 28.687 4.775
c<E>r<48>R<SER> 26.637 29.764 7.208
c<E>r<49>R<VAL> 27.464 31.147 10.651
c<E>r<50>R<GLY> 23.795 30.868 11.563
c<E>r<53>R<ILE> 22.79 33.985 7.423
c<E>r<54>R<THR> 24.861 32.894 4.424
c<E>r<55>R<ASP> 28.18 33.871 2.839
c<E>r<56>R<GLN> 30.209 32.774 -0.181
c<E>r<57>R<GLY> 33.55 31.017 0.146
c<E>r<58>R<GLU> 36.559 30.493 -2.108
c<E>r<59>R<VAL> 34.76 28.823 -5.013
c<E>r<60>R<PRO> 31.122 30.003 -4.652
c<E>r<71>R<GLU> 19.533 21.767 10.817
c<E>r<72>R<ASP> 19.801 22.181 7.03
c<E>r<86>R<SER> 34.028 16.579 -7.485
c<E>r<87>R<VAL> 33.55 15.136 -4.003
c<E>r<88>R<TYR> 31.442 17.439 -1.833
c<E>r<89>R<PHE> 31.704 17.559 1.939
c<E>r<90>R<CYS> 29.466 19.227 4.462
c<E>r<91>R<ALA> 30.876 20.079 7.882
c<E>r<92>R<SER> 29.363 21.661 10.963
c<E>r<93>R<SER> 30.347 22.868 14.414
c<E>r<94>R<TYR> 29.035 24.763 17.414
c<E>r<95>R<VAL> 29.443 28.535 17.03
c<E>r<96>R<GLY> 32.325 29.056 19.452
c<E>r<97>R<ASN> 33.085 26.179 21.8
c<E>r<98>R<THR> 36.113 24.098 20.766
c<E>r<99>R<GLY> 35.8 24.781 17.057
c<E>r<100>R<GLU> 35.61 21.049 16.362
c<E>r<101>R<LEU> 34.368 20.341 12.857
c<E>r<102>R<PHE> 32.104 17.383 12.096
c<E>r<103>R<PHE> 32.122 16.099 8.52
c<E>r<104>R<GLY> 29.508 14.298 6.481
c<E>r<105>R<GLU> 30.44 11.178 4.497
c<E>r<106>R<GLY> 30.718 13.061 1.217
c<E>r<107>R<SER> 28.777 13.199 -2.031
c<E>r<108>R<ARG> 30.516 12.033 -5.21
c<E>r<109>R<LEU> 29.184 13.931 -8.215
c<E>r<110>R<THR> 30.04 13.388 -11.875
c<E>r<116>R<LYS> 26.501 7.628 -23.116
c<E>r<117>R<ASN> 29.873 7.678 -21.364
c<E>r<118>R<VAL> 28.335 5.982 -18.319
c<E>r<119>R<PHE> 29.038 2.224 -18.19
c<E>r<120>R<PRO> 28.324 -0.429 -15.553
c<E>r<121>R<PRO> 31.081 -2.85 -14.553
c<E>r<122>R<GLU> 31.526 -6.298 -16.035
c<E>r<123>R<VAL> 32.487 -8.626 -13.178
c<E>r<124>R<ALA> 34.358 -11.916 -13.274
c<E>r<125>R<VAL> 35.82 -14.278 -10.684
c<E>r<126>R<PHE> 39.007 -16.173 -11.447
c<E>r<127>R<GLU> 39.572 -19.436 -9.617
c<E>r<128>R<PRO> 42.689 -20.398 -7.617
c<E>r<129>R<SER> 45.819 -21.603 -9.369
c<E>r<130>R<GLU> 46.591 -25.282 -8.776
c<E>r<131>R<ALA> 50.262 -24.287 -8.558
c<E>r<132>R<GLU> 49.519 -21.877 -5.695
c<E>r<133>R<ILE> 47.609 -24.616 -3.884
c<E>r<134>R<SER> 50.44 -27.113 -4.215
c<E>r<135>R<HIS> 53.121 -24.557 -3.281
c<E>r<136>R<THR> 51.392 -22.777 -0.367
c<E>r<137>R<GLN> 48.346 -24.803 0.721
c<E>r<138>R<LYS> 46.448 -21.543 0.188
c<E>r<139>R<ALA> 44.062 -20.543 -2.588
c<E>r<140>R<THR> 43.546 -17.02 -3.877
c<E>r<141>R<LEU> 40.441 -16.055 -5.835
c<E>r<142>R<VAL> 40.508 -12.838 -7.834
c<E>r<143>R<CYS> 37.531 -10.662 -8.651
c<E>r<144>R<LEU> 37.876 -8.29 -11.586
c<E>r<145>R<ALA> 35.465 -5.425 -12.265
c<E>r<146>R<THR> 36.134 -3.724 -15.587
c<E>r<147>R<GLY> 34.866 -1.096 -17.999
c<E>r<148>R<PHE> 32.927 1.059 -15.583
c<E>r<149>R<TYR> 32.448 4.815 -15.467
c<E>r<150>R<PRO> 32.227 6.815 -13.295
c<E>r<151>R<ASP> 34.302 5.35 -10.485
c<E>r<152>R<HIS> 31.294 5.033 -8.162
c<E>r<153>R<VAL> 31.506 1.398 -7.01
c<E>r<154>R<GLU> 31.615 -0.797 -3.892
c<E>r<155>R<LEU> 33.063 -4.31 -4.087
c<E>r<156>R<SER> 32.409 -7 -1.478
c<E>r<157>R<TRP> 32.988 -10.756 -1.067
c<E>r<158>R<TRP> 30.394 -13.146 0.321
c<E>r<159>R<VAL> 31.186 -16.733 1.286
c<E>r<160>R<ASN> 28.16 -18.983 1.811
c<E>r<161>R<GLY> 26.066 -15.837 2.158
c<E>r<162>R<LYS> 28.278 -14.184 4.775
c<E>r<163>R<GLU> 30.168 -10.98 3.969
c<E>r<164>R<VAL> 33.871 -11.552 4.584
c<E>r<165>R<HIS> 36.772 -9.307 5.473
c<E>r<166>R<SER> 39.334 -11.898 6.545
c<E>r<167>R<GLY> 41.784 -12.79 3.79
c<E>r<168>R<VAL> 40.575 -10.013 1.506
c<E>r<169>R<CYS> 42.042 -6.922 -0.031
c<E>r<170>R<THR> 40.808 -4.646 -2.758
c<E>r<171>R<ASP> 42.841 -2.168 -4.785
c<E>r<172>R<PRO> 42.822 1.161 -2.894
c<E>r<173>R<GLN> 42.017 2.906 -6.161
c<E>r<174>R<PRO> 40.705 1.712 -9.539
c<E>r<175>R<LEU> 42.967 1.995 -12.56
c<E>r<176>R<LYS> 42.216 3.739 -15.838
c<E>r<177>R<GLU> 41.831 1.477 -18.852
c<E>r<178>R<GLN> 42.594 4.462 -21.136
c<E>r<179>R<PRO> 45.101 6.544 -19.06
c<E>r<180>R<ALA> 45.121 9.72 -21.158
c<E>r<185>R<ARG> 36.557 3.616 -18.03
c<E>r<186>R<TYR> 37.963 1.919 -14.925
c<E>r<187>R<ALA> 39.046 -1.463 -13.636
c<E>r<188>R<LEU> 39.203 -2.651 -10.031
c<E>r<189>R<SER> 40.503 -5.936 -8.64
c<E>r<190>R<SER> 40.141 -7.726 -5.327
c<E>r<191>R<ARG> 41.594 -10.878 -3.805
c<E>r<192>R<LEU> 40.076 -13.393 -1.389
c<E>r<193>R<ARG> 42.507 -15.95 0.008
c<E>r<194>R<VAL> 41.364 -19.091 1.809
c<E>r<195>R<SER> 43.019 -22.334 2.818
c<E>r<196>R<ALA> 43.318 -24.892 0.041
c<E>r<197>R<THR> 41.089 -27.247 2.045
c<E>r<198>R<PHE> 38.312 -24.658 2.164
c<E>r<199>R<TRP> 38.525 -24.068 -1.591
c<E>r<201>R<ASP> 35.093 -28.254 -0.497
c<E>r<202>R<PRO> 32.475 -28.245 -3.319
c<E>r<203>R<ARG> 29.863 -27.031 -0.828
c<E>r<204>R<ASN> 31.564 -23.655 -0.425
c<E>r<205>R<HIS> 30.055 -20.833 -2.492
c<E>r<206>R<PHE> 32.074 -17.697 -3.277
c<E>r<207>R<ARG> 30.433 -14.501 -4.527
c<E>r<208>R<CYS> 31.99 -11.225 -5.569
c<E>r<209>R<GLN> 29.567 -8.371 -6.014
c<E>r<210>R<VAL> 30.018 -4.831 -7.155
c<E>r<211>R<GLN> 27.477 -2.143 -6.479
c<E>r<212>R<PHE> 27.622 0.497 -9.196
c<E>r<213>R<TYR> 25.996 3.895 -8.725
c<E>r<214>R<GLY> 24.765 5.191 -12.054
c<E>r<215>R<LEU> 21.758 6.826 -13.674
c<E>r<216>R<SER> 18.295 7.192 -12.182
c<E>r<217>R<GLU> 15.386 5.303 -13.74
c<E>r<218>R<ASN> 14.1 8.636 -15.042
c<E>r<219>R<ASP> 17.035 9.842 -17.144
c<E>r<220>R<GLU> 16.675 9.83 -20.925
c<E>r<221>R<TRP> 18.457 6.869 -22.506
c<E>r<222>R<THR> 18.519 6.39 -26.277
c<E>r<223>R<GLN> 21.227 3.731 -26.599
c<E>r<224>R<ASP> 20.814 0.213 -27.967
c<E>r<225>R<ARG> 21.996 -1.088 -24.592
c<E>r<226>R<ALA> 20.506 -1.363 -21.105
c<E>r<227>R<LYS> 20.317 1.945 -19.245
c<E>r<228>R<PRO> 23.312 2.019 -16.84
c<E>r<229>R<VAL> 21.25 2.548 -13.693
c<E>r<230>R<THR> 22.431 1.891 -10.148
c<E>r<231>R<GLN> 22.785 -1.861 -9.803
c<E>r<232>R<ILE> 24.738 -4.787 -8.427
c<E>r<233>R<VAL> 26.761 -6.905 -10.858
c<E>r<234>R<SER> 28.079 -10.181 -9.429
c<E>r<235>R<ALA> 30.116 -13.256 -10.301
c<E>r<236>R<GLU> 30.509 -16.499 -8.388
c<E>r<237>R<ALA> 32.367 -19.755 -8.043
c<E>r<238>R<TRP> 32.078 -22.979 -6.102
c<E>r<239>R<GLY> 34.894 -24.902 -4.51
c<E>r<240>R<ARG> 36.222 -28.015 -6.228
c<E>r<242>R<ASP> 40.393 -30.745 -7.941
