c<A>r<78>R<ASN> -12.833000 -11.302000 -17.712000
c<A>r<79>R<MET> -10.702000 -9.890000 -14.838000
c<A>r<80>R<GLU> -8.428000 -8.028000 -17.318001
c<A>r<81>R<LYS> -11.351000 -5.479000 -17.253000
c<A>r<82>R<GLY> -13.309000 -6.677000 -14.194000
c<A>r<83>R<PHE> -10.564000 -6.000000 -11.608000
c<A>r<84>R<TRP> -10.367000 -2.300000 -12.578000
c<A>r<85>R<GLU> -14.171000 -1.848000 -12.918000
c<A>r<87>R<GLN> -11.789000 -1.112000 -8.020000
c<A>r<88>R<ARG> -13.243000 2.034000 -9.740000
c<A>r<91>R<ARG> -13.092000 3.848000 -5.094000
c<A>r<92>R<ARG> -16.114000 6.057000 -5.994000
c<A>r<95>R<ASN> -14.584000 8.866000 -1.964000
c<A>r<98>R<ILE> -14.498000 10.065000 3.097000
c<A>r<99>R<ASP> -15.565000 13.441000 1.574000
c<A>r<102>R<GLN> -14.055000 15.249000 6.080000
c<A>r<103>R<SER> -16.916000 17.829000 5.777000
c<A>r<105>R<ASP> -13.708000 17.559000 10.281000
c<A>r<106>R<ILE> -13.196000 13.780000 10.747000
c<A>r<107>R<PRO> -9.530000 13.115000 9.655000
c<A>r<108>R<ALA> -10.658000 10.237000 7.401000
c<A>r<109>R<VAL> -8.086000 8.664000 4.994000
c<A>r<110>R<SER> -8.406000 5.985000 2.281000
c<A>r<111>R<ILE> -7.155000 2.393000 2.618000
c<A>r<112>R<GLN> -7.683000 0.436000 -0.639000
c<A>r<113>R<PRO> -7.209000 -3.366000 -0.043000
c<A>r<114>R<SER> -7.028000 -4.169000 -3.815000
c<A>r<115>R<SER> -3.594000 -2.410000 -3.948000
c<A>r<116>R<PHE> -1.733000 -4.685000 -1.455000
c<A>r<117>R<VAL> -3.966000 -7.395000 0.122000
c<A>r<118>R<VAL> -3.622000 -11.040000 -1.028000
c<A>r<119>R<PHE> -6.333000 -13.535000 -0.060000
c<A>r<124>R<ILE> -1.393000 -11.019000 3.449000
c<A>r<125>R<PHE> -2.427000 -7.578000 4.743000
c<A>r<126>R<ASP> 0.383000 -5.254000 5.908000
c<A>r<127>R<THR> -0.969000 -2.967000 8.695000
c<A>r<128>R<SER> 2.216000 -0.809000 9.082000
c<A>r<129>R<ALA> 0.720000 2.303000 7.396000
c<A>r<130>R<ILE> -2.542000 1.878000 9.425000
c<A>r<131>R<LYS> -0.477000 1.689000 12.696000
c<A>r<132>R<GLU> 1.382000 4.920000 11.756000
c<A>r<133>R<MET> -1.863000 6.726000 10.686000
c<A>r<135>R<LYS> -0.384000 7.279000 15.912000
c<A>r<136>R<ARG> -1.176000 10.614000 14.109000
c<A>r<137>R<ASN> -4.938000 10.539000 15.019000
c<A>r<138>R<LEU> -5.951000 9.894000 11.379000
c<A>r<139>R<VAL> -9.092000 7.726000 10.854000
c<A>r<140>R<PRO> -8.307000 4.894000 8.355000
c<A>r<141>R<VAL> -11.374000 4.118000 6.185000
c<A>r<142>R<ILE> -11.041000 0.566000 4.804000
c<A>r<147>R<VAL> -8.301000 -8.690000 -4.157000
c<A>r<148>R<ILE> -6.029000 -11.321000 -5.682000
c<A>r<149>R<ASP> -6.545000 -14.836000 -4.225000
c<A>r<150>R<ASP> -3.261000 -16.847000 -4.322000
c<A>r<153>R<GLY> -7.440000 -16.270000 -8.752000
c<A>r<154>R<TYR> -9.618000 -13.504000 -7.193000
c<B>r<78>R<ASN> -2.877000 20.430000 8.505000
c<B>r<79>R<MET> -2.586000 16.742001 7.459000
c<B>r<80>R<GLU> -5.937000 15.901000 9.131000
c<B>r<81>R<LYS> -7.322000 17.379000 5.826000
c<B>r<82>R<GLY> -4.181000 17.451000 3.646000
c<B>r<83>R<PHE> -3.607000 13.665000 3.580000
c<B>r<84>R<TRP> -7.072000 13.026000 2.078000
c<B>r<85>R<GLU> -6.960000 16.013000 -0.337000
c<B>r<87>R<GLN> -4.928000 11.157000 -1.932000
c<B>r<88>R<ARG> -8.154000 12.354000 -3.702000
c<B>r<91>R<ARG> -6.709000 9.047000 -7.146000
c<B>r<92>R<ARG> -8.437000 11.239000 -9.792000
c<B>r<95>R<ASN> -8.304000 6.948000 -12.668000
c<B>r<98>R<ILE> -6.170000 3.648000 -16.002001
c<B>r<99>R<ASP> -9.532000 4.355000 -17.753000
c<B>r<102>R<GLN> -8.404000 0.123000 -20.313000
c<B>r<103>R<SER> -10.101000 1.740000 -23.385000
c<B>r<105>R<ASP> -7.653000 -3.200000 -23.722000
c<B>r<106>R<ILE> -4.567000 -2.803000 -21.471001
c<B>r<107>R<PRO> -5.376000 -4.795000 -18.235001
c<B>r<108>R<ALA> -4.319000 -1.811000 -16.079000
c<B>r<109>R<VAL> -5.051000 -1.947000 -12.294000
c<B>r<110>R<SER> -4.625000 0.642000 -9.508000
c<B>r<111>R<ILE> -1.895000 0.493000 -6.840000
c<B>r<112>R<GLN> -2.283000 3.312000 -4.262000
c<B>r<113>R<PRO> 0.931000 3.718000 -2.133000
c<B>r<114>R<SER> -0.796000 5.979000 0.476000
c<B>r<115>R<SER> -2.834000 2.936000 1.693000
c<B>r<116>R<PHE> 0.127000 0.710000 2.768000
c<B>r<117>R<VAL> 3.559000 2.326000 2.108000
c<B>r<118>R<VAL> 5.620000 3.719000 5.012000
c<B>r<119>R<PHE> 8.596000 5.959000 4.217000
c<B>r<124>R<ILE> 7.966000 -0.607000 3.926000
c<B>r<125>R<PHE> 6.254000 -1.483000 0.621000
c<B>r<126>R<ASP> 4.681000 -4.976000 0.395000
c<B>r<127>R<THR> 4.916000 -6.199000 -3.250000
c<B>r<128>R<SER> 2.969000 -9.502000 -2.732000
c<B>r<129>R<ALA> -0.201000 -8.258000 -4.506000
c<B>r<130>R<ILE> 1.928000 -6.796000 -7.379000
c<B>r<132>R<GLU> 0.338000 -12.030000 -7.951000
c<B>r<133>R<MET> -1.134000 -9.432000 -10.404000
c<B>r<135>R<LYS> 1.407000 -13.723000 -12.636000
c<B>r<136>R<ARG> -2.149000 -13.045000 -14.028000
c<B>r<137>R<ASN> -0.897000 -10.654000 -16.815001
c<B>r<138>R<LEU> -2.441000 -7.592000 -15.112000
c<B>r<139>R<VAL> -0.547000 -4.268000 -15.541000
c<B>r<140>R<PRO> -0.048000 -2.634000 -12.082000
c<B>r<141>R<VAL> -0.258000 1.191000 -12.332000
c<B>r<142>R<ILE> 1.569000 2.740000 -9.344000
c<B>r<147>R<VAL> 2.695000 8.428000 2.461000
c<B>r<148>R<ILE> 3.365000 8.301000 6.194000
c<B>r<149>R<ASP> 7.058000 8.875000 7.099000
c<B>r<150>R<ASP> 8.034000 6.994000 10.318000
c<B>r<153>R<GLY> 5.527000 12.551000 9.817000
c<B>r<154>R<TYR> 4.733000 12.558000 6.050000
