c<A>r<10>R<GLY> -3.542000 -3.786000 -11.959000
c<A>r<11>R<LYS> -2.068000 -0.705000 -10.192000
c<A>r<12>R<THR> 1.189000 -2.512000 -9.345000
c<A>r<47>R<GLY> -12.530000 11.190000 -11.763000
c<A>r<165>R<ILE> 18.718000 -10.101000 -1.904000
c<A>r<167>R<GLU> 20.403000 -15.240000 -1.239000
c<A>r<168>R<LYS> 20.938999 -12.867000 1.666000
c<A>r<169>R<TYR> 17.448999 -13.518000 3.040000
c<A>r<170>R<ARG> 17.413000 -17.285999 2.321000
c<A>r<171>R<GLY> 17.132000 -18.000000 6.087000
c<A>r<172>R<SER> 14.123000 -15.705000 6.311000
c<A>r<173>R<MET> 12.370000 -17.378000 3.343000
c<A>r<174>R<ARG> 12.952000 -20.812000 4.836000
c<A>r<175>R<ALA> 11.650000 -19.728001 8.266000
c<A>r<176>R<LEU> 8.574000 -17.936001 6.821000
c<A>r<177>R<SER> 7.686000 -20.871000 4.596000
c<A>r<178>R<GLN> 7.953000 -23.215000 7.608000
c<A>r<179>R<ASP> 5.873000 -20.968000 9.892000
c<A>r<180>R<LYS> 3.243000 -20.364000 7.161000
c<A>r<181>R<GLY> 3.019000 -24.089001 6.561000
c<A>r<184>R<LEU> 5.771000 -18.333000 -0.108000
c<A>r<185>R<THR> 4.054000 -16.596001 -3.028000
c<A>r<187>R<LYS> 3.904000 -11.392000 -3.536000
c<A>r<188>R<ASP> 5.176000 -12.713000 -0.149000
c<A>r<189>R<VAL> 8.750000 -12.262000 -1.430000
c<A>r<190>R<MET> 7.837000 -8.524000 -1.995000
c<A>r<191>R<HIS> 7.276000 -8.284000 1.726000
c<A>r<192>R<ILE> 10.812000 -9.560000 2.296000
c<A>r<193>R<LEU> 12.006000 -7.076000 -0.324000
c<A>r<194>R<SER> 10.250000 -4.297000 1.595000
c<A>r<195>R<ILE> 12.132000 -5.309000 4.747000
c<A>r<196>R<ALA> 15.439000 -5.622000 2.919000
c<A>r<197>R<ASN> 15.090000 -2.114000 1.507000
c<A>r<198>R<ASP> 13.744000 -0.489000 4.695000
c<A>r<199>R<TYR> 10.685000 0.512000 2.681000
c<A>r<200>R<THR> 8.331000 2.500000 4.872000
c<A>r<201>R<GLY> 5.575000 3.241000 2.315000
c<A>r<202>R<ASP> 1.982000 2.067000 2.429000
c<A>r<203>R<CYS> 1.738000 0.289000 -0.924000
c<A>r<204>R<LEU> 3.701000 -2.339000 -2.834000
c<A>r<205>R<SER> 3.293000 -0.228000 -5.913000
c<A>r<206>R<GLY> 5.442000 2.351000 -4.146000
c<A>r<207>R<LEU> 7.942000 -0.290000 -3.312000
c<B>r<10>R<GLY> -1.491000 9.262000 7.555000
c<B>r<11>R<LYS> -3.662000 7.071000 5.278000
c<B>r<12>R<THR> -2.953000 3.919000 7.319000
c<B>r<47>R<GLY> -10.372000 16.540001 -5.666000
c<B>r<165>R<ILE> 0.436000 -14.730000 15.179000
c<B>r<167>R<GLU> 4.289000 -16.528999 18.570999
c<B>r<168>R<LYS> 3.565000 -18.650999 15.517000
c<B>r<169>R<TYR> 5.983000 -16.648001 13.363000
c<B>r<170>R<ARG> 8.696000 -16.235001 16.041000
c<B>r<171>R<GLY> 11.139000 -18.239000 13.867000
c<B>r<172>R<SER> 10.467000 -15.919000 10.946000
c<B>r<173>R<MET> 11.035000 -12.764000 13.055000
c<B>r<174>R<ARG> 14.304000 -14.156000 14.373000
c<B>r<175>R<ALA> 15.511000 -15.111000 10.871000
c<B>r<176>R<LEU> 14.478000 -11.756000 9.310000
c<B>r<177>R<SER> 16.113001 -9.756000 12.083000
c<B>r<178>R<GLN> 19.330000 -11.771000 11.618000
c<B>r<179>R<ASP> 19.327999 -11.416000 7.814000
c<B>r<180>R<LYS> 18.500999 -7.664000 8.014000
c<B>r<181>R<GLY> 21.292000 -7.173000 10.504000
c<B>r<184>R<LEU> 12.534000 -5.401000 12.768000
c<B>r<185>R<THR> 10.364000 -2.274000 12.841000
c<B>r<187>R<LYS> 5.994000 -1.804000 10.018000
c<B>r<188>R<ASP> 8.198000 -4.851000 9.185000
c<B>r<189>R<VAL> 5.950000 -6.974000 11.449000
c<B>r<190>R<MET> 3.005000 -5.859000 9.187000
c<B>r<191>R<HIS> 4.770000 -7.605000 6.340000
c<B>r<192>R<ILE> 4.797000 -10.811000 8.387000
c<B>r<193>R<LEU> 1.134000 -10.194000 9.196000
c<B>r<194>R<SER> 0.437000 -9.876000 5.468000
c<B>r<195>R<ILE> 2.072000 -13.263000 4.875000
c<B>r<196>R<ALA> 0.282000 -14.866000 7.809000
c<B>r<197>R<ASN> -3.087000 -13.706000 6.499000
c<B>r<198>R<ASP> -2.410000 -14.469000 2.812000
c<B>r<199>R<TYR> -3.072000 -10.802000 2.108000
c<B>r<200>R<THR> -2.831000 -10.178000 -1.609000
c<B>r<201>R<GLY> -3.634000 -6.434000 -1.673000
c<B>r<202>R<ASP> -1.374000 -3.592000 -2.738000
c<B>r<203>R<CYS> -1.431000 -1.448000 0.396000
c<B>r<204>R<LEU> -0.908000 -1.949000 4.123000
c<B>r<205>R<SER> -3.921000 0.216000 4.707000
c<B>r<206>R<GLY> -5.929000 -2.533000 3.039000
c<B>r<207>R<LEU> -4.295000 -5.074000 5.220000
