c<F>r<1>R<ILE> -5.106000 6.063000 6.988000
c<F>r<2>R<VAL> -6.980000 9.309000 7.262000
c<F>r<3>R<GLU> -5.888000 11.886000 9.864000
c<F>r<4>R<GLY> -3.005000 9.663000 10.978000
c<F>r<5>R<SER> 0.768000 10.285000 11.434000
c<F>r<6>R<ASP> 3.889000 8.784000 10.143000
c<F>r<7>R<ALA> 4.716000 5.528000 11.916000
c<F>r<19>R<PHE> 1.799000 -6.675000 -3.426000
c<F>r<20>R<ARG> 0.753000 -7.574000 -7.092000
c<F>r<21>R<LYS> 3.587000 -8.974000 -9.271000
c<F>r<22>R<SER> 2.404000 -7.424000 -12.573000
c<F>r<23>R<PRO> 1.558000 -4.635000 -12.762000
c<F>r<24>R<GLN> 3.479000 -3.835000 -9.652000
c<F>r<25>R<GLU> 1.166000 -2.224000 -7.133000
c<F>r<60>R<LEU> 4.025000 -11.216000 -3.175000
c<F>r<67>R<SER> 8.492000 3.221000 2.959000
c<F>r<68>R<ARG> 5.520000 2.614000 0.686000
c<F>r<69>R<THR> 7.325000 2.714000 -2.684000
c<F>r<70>R<ARG> 11.039000 2.024000 -1.908000
c<F>r<71>R<TYR> 12.785000 -1.267000 -1.949000
c<F>r<72>R<GLU> 14.249000 -1.397000 1.529000
c<F>r<73>R<ARG> 17.558001 -3.240000 1.246000
c<F>r<74>R<ASN> 18.674999 -5.150000 4.503000
c<F>r<77>R<LYS> 11.810000 -9.409000 3.267000
c<F>r<78>R<ILE> 9.922000 -10.444000 0.159000
c<F>r<79>R<SER> 8.194000 -13.791000 0.335000
c<F>r<80>R<MET> 6.178000 -15.938000 -2.103000
c<F>r<106>R<LYS> 6.583000 -20.761000 0.777000
c<F>r<107>R<LYS> 9.438000 -20.370001 3.317000
c<F>r<144>R<LEU> -4.769000 9.854000 3.163000
c<F>r<145>R<LYS> -8.117000 11.141000 2.231000
c<F>r<146>R<GLU> -11.353000 10.318000 0.398000
c<F>r<147>R<THR> -11.412000 11.979000 -3.096000
c<F>r<148>R<TRP> -14.368000 13.839000 -4.737000
c<F>r<149>R<THR> -14.245000 11.205000 -7.557000
c<F>r<150>R<ALA> -12.896000 7.597000 -7.798000
c<F>r<151>R<ASN> -10.951000 8.502000 -10.907000
c<F>r<152>R<VAL> -8.503000 11.186000 -9.405000
c<F>r<153>R<GLY> -5.816000 8.641000 -8.365000
c<F>r<154>R<LYS> -4.524000 7.585000 -4.922000
c<F>r<155>R<GLY> -3.291000 10.256000 -2.461000
c<F>r<156>R<GLN> -1.114000 7.734000 -0.692000
c<F>r<157>R<PRO> 1.584000 8.369000 1.967000
c<F>r<158>R<SER> 5.329000 8.064000 1.512000
c<F>r<159>R<VAL> 5.734000 5.981000 4.679000
c<F>r<162>R<VAL> -0.633000 5.154000 12.147000
c<F>r<163>R<VAL> -3.965000 6.210000 13.779000
c<F>r<196>R<LYS> -11.010000 14.178000 16.896000
c<F>r<197>R<ARG> -11.025000 12.403000 13.536000
c<F>r<198>R<GLY> -9.369000 9.366000 11.909000
c<F>r<229>R<GLU> -18.722000 4.098000 3.954000
c<F>r<230>R<GLY> -16.235001 6.626000 2.612000
c<H>r<1>R<MET> 0.605000 14.502000 18.357000
c<H>r<2>R<ILE> -0.025000 13.780000 14.603000
c<H>r<3>R<VAL> -2.302000 16.642000 14.047000
c<H>r<4>R<THR> -4.419000 14.834000 11.442000
c<H>r<5>R<LYS> -4.172000 17.695000 8.833000
c<H>r<6>R<ASP> -7.688000 18.990000 8.506000
c<H>r<7>R<TYR> -7.607000 19.729000 4.822000
c<H>r<32>R<LEU> -15.371000 18.403000 -14.388000
c<H>r<33>R<THR> -13.380000 16.176001 -16.684999
c<H>r<35>R<LEU> -10.527000 19.211000 -13.116000
c<H>r<36>R<GLU> -10.256000 15.479000 -12.822000
c<H>r<37>R<SER> -7.355000 15.437000 -15.284000
c<H>r<38>R<GLN> -5.494000 18.158001 -13.347000
c<H>r<39>R<PHE> -5.774000 16.209999 -10.093000
c<H>r<40>R<ILE> -4.633000 13.028000 -11.877000
c<H>r<41>R<ASN> -1.612000 14.806000 -13.243000
c<H>r<42>R<ALA> -0.721000 16.434999 -9.937000
c<H>r<43>R<LEU> -1.039000 13.184000 -7.975000
c<H>r<44>R<GLY> 0.884000 11.403000 -10.753000
c<H>r<46>R<LEU> 4.055000 12.395000 -6.509000
c<H>r<47>R<GLU> 4.248000 8.829000 -7.834000
c<H>r<48>R<THR> 7.224000 9.497000 -10.001000
c<H>r<49>R<TYR> 10.108000 7.075000 -9.050000
c<H>r<52>R<GLY> 11.225000 8.539000 -4.016000
c<H>r<53>R<GLU> 14.268000 9.734000 -1.930000
c<H>r<54>R<LYS> 13.946000 10.889000 1.656000
c<H>r<56>R<TYR> 11.952000 14.877000 -1.340000
c<H>r<57>R<LYS> 9.592000 13.798000 1.442000
c<H>r<58>R<ASP> 8.773000 17.313000 2.791000
c<H>r<60>R<LYS> 6.057000 15.890000 -1.666000
c<H>r<61>R<ASP> 4.080000 16.302999 1.526000
c<H>r<64>R<MET> 0.102000 16.493999 -1.359000
c<H>r<65>R<THR> -1.445000 18.872000 1.159000
c<H>r<67>R<ILE> -3.785000 18.881001 -3.807000
c<H>r<68>R<LEU> -5.856000 17.224001 -1.151000
c<H>r<69>R<GLY> -7.006000 20.556000 0.128000
c<H>r<70>R<GLU> -8.494000 21.408001 -3.195000
c<H>r<71>R<ASP> -9.970000 17.966000 -3.471000
c<H>r<72>R<GLN> -11.612000 18.478001 -0.126000
c<H>r<73>R<TYR> -13.369000 21.573000 -1.385000
c<H>r<74>R<LEU> -14.932000 19.613001 -4.226000
c<H>r<75>R<LEU> -15.795000 16.754999 -1.925000
c<H>r<76>R<GLU> -17.613001 19.086000 0.390000
c<H>r<77>R<ARG> -19.465000 20.608000 -2.587000
c<H>r<78>R<LYS> -20.514000 17.118000 -3.701000
c<H>r<79>R<LYS> -21.671000 16.159000 -0.216000
c<H>r<106>R<PHE> -23.090000 9.013000 -3.523000
c<H>r<107>R<ASP> -20.448000 7.260000 -5.712000
c<H>r<108>R<GLN> -22.735001 7.481000 -8.697000
c<H>r<109>R<TYR> -23.754000 11.036000 -8.079000
c<H>r<110>R<THR> -21.665001 13.841000 -9.847000
c<H>r<111>R<ILE> -21.372999 17.562000 -8.952000
c<H>r<184>R<THR> 12.046000 -21.395000 -4.668000
c<H>r<185>R<GLU> 15.184000 -19.339001 -4.122000
c<H>r<187>R<LEU> 11.875000 -17.740000 -8.169000
c<H>r<188>R<GLU> 12.429000 -15.296000 -5.284000
c<H>r<189>R<LEU> 15.544000 -13.979000 -7.050000
c<H>r<191>R<ALA> 10.715000 -11.686000 -8.265000
c<H>r<192>R<LYS> 13.014000 -9.358000 -6.352000
c<H>r<194>R<ASP> 11.594000 -7.627000 -11.266000
c<H>r<195>R<LEU> 10.457000 -5.653000 -8.239000
c<H>r<196>R<VAL> 13.560000 -3.408000 -8.212000
c<H>r<198>R<GLY> 9.758000 -1.966000 -12.077000
c<H>r<199>R<ASP> 7.118000 -2.997000 -14.594000
c<H>r<200>R<GLU> 8.503000 -4.559000 -17.731001
c<H>r<201>R<ASP> 6.518000 -2.187000 -19.938999
c<H>r<202>R<LYS> 7.466000 0.834000 -17.809999
c<H>r<214>R<GLU> 21.232000 2.208000 -5.318000
c<H>r<215>R<MET> 19.730000 0.070000 -8.071000
c<H>r<217>R<LYS> 23.535999 -2.255000 -4.965000
c<H>r<218>R<ASP> 20.056999 -3.584000 -4.761000
c<H>r<219>R<LEU> 20.556000 -5.955000 -7.694000
c<H>r<221>R<SER> 22.549000 -7.744000 -2.993000
c<H>r<222>R<ILE> 19.664000 -9.724000 -4.483000
c<H>r<278>R<VAL> 26.862000 -5.635000 -0.198000
c<H>r<279>R<LYS> 24.966999 -6.788000 2.894000
c<H>r<280>R<LYS> 26.444000 -8.013000 6.149000
c<H>r<281>R<TYR> 25.322001 -11.524000 6.415000
