c<A>r<7>R<TYR> 29.337999 35.550999 33.500999
c<A>r<8>R<PHE> 27.427000 38.794998 33.034000
c<A>r<9>R<PHE> 28.091999 41.188999 30.143999
c<A>r<10>R<THR> 26.622000 44.605999 29.549000
c<A>r<11>R<SER> 27.277000 46.862999 26.544001
c<A>r<12>R<VAL> 25.764999 50.337002 26.260000
c<A>r<22>R<PHE> 31.379000 47.348999 28.135000
c<A>r<23>R<ILE> 31.427999 45.737000 31.587000
c<A>r<24>R<ALA> 31.959999 42.040001 32.231998
c<A>r<25>R<VAL> 31.794001 40.330002 35.617001
c<A>r<26>R<GLY> 32.292000 36.712002 36.612999
c<A>r<32>R<GLN> 32.313000 38.022999 42.125999
c<A>r<34>R<VAL> 36.800999 38.792000 37.988998
c<A>r<35>R<ARG> 35.907001 41.944000 36.075001
c<A>r<36>R<PHE> 36.590000 43.811001 32.870998
c<A>r<37>R<ASP> 35.597000 47.423000 32.369999
c<A>r<48>R<ARG> 38.245998 40.474998 42.348999
c<A>r<91>R<GLY> 19.556999 56.912998 21.174999
c<A>r<92>R<SER> 21.603001 54.827999 23.586000
c<A>r<93>R<HIS> 20.749001 51.122002 23.665001
c<A>r<94>R<THR> 21.830999 48.167000 25.771000
c<A>r<96>R<GLN> 23.038000 42.138000 28.087999
c<A>r<97>R<ARG> 24.247999 38.555000 28.028000
c<A>r<98>R<MET> 24.492001 35.990002 30.836000
c<A>r<116>R<TYR> 20.582001 37.528000 25.733000
c<A>r<117>R<ALA> 18.540001 40.773998 26.129000
c<A>r<118>R<TYR> 18.180000 43.946999 24.110001
c<A>r<119>R<ASP> 16.982000 47.141998 25.885000
c<A>r<120>R<GLY> 16.190001 45.116001 29.025000
c<A>r<121>R<LYS> 13.888000 42.639000 27.341000
c<A>r<122>R<ASP> 14.388000 39.033001 26.395000
c<A>r<190>R<THR> 14.726000 43.500999 68.646004
c<A>r<194>R<VAL> 5.372000 52.094002 68.896004
c<A>r<195>R<SER> 2.752000 53.200001 71.494003
c<A>r<196>R<ASP> 1.771000 52.327999 74.992996
c<A>r<197>R<HIS> -0.112000 49.306000 73.612000
c<A>r<198>R<GLU> 1.808000 48.018002 70.574997
c<A>r<199>R<ALA> 5.326000 47.027000 69.820000
c<A>r<200>R<THR> 7.411000 46.118999 66.792999
c<A>r<202>R<ARG> 12.161000 42.851002 64.130997
c<A>r<204>R<TRP> 17.445000 40.141998 61.792999
c<A>r<206>R<LEU> 23.084000 38.990002 59.272999
c<A>r<207>R<SER> 26.393000 37.959999 57.799000
c<A>r<215>R<LEU> 12.310000 34.750000 56.938999
c<A>r<216>R<THR> 8.729000 34.004002 58.026001
c<A>r<217>R<TRP> 6.694000 35.178001 61.007999
c<A>r<218>R<GLN> 4.152000 32.912998 62.730000
c<A>r<219>R<ARG> 1.497000 33.611000 65.343002
c<A>r<220>R<ASP> 0.593000 30.653999 67.524002
c<A>r<221>R<GLY> 2.226000 28.344000 64.971001
c<A>r<222>R<GLU> 0.649000 29.575001 61.660000
c<A>r<223>R<ASP> 2.125000 31.919001 59.007000
c<A>r<224>R<GLN> 1.443000 35.615002 59.601002
c<A>r<225>R<THR> 1.871000 37.938999 56.636002
c<A>r<226>R<GLN> -0.513000 40.702000 57.791000
c<A>r<227>R<ASP> 0.968000 43.514000 59.835999
c<A>r<228>R<THR> 4.492000 42.528999 58.695000
c<A>r<229>R<GLU> 7.215000 44.534000 56.841000
c<A>r<230>R<LEU> 10.607000 43.618000 55.452000
c<A>r<231>R<VAL> 13.543000 44.602001 53.382000
c<A>r<232>R<GLU> 14.963000 42.966000 50.327999
c<A>r<234>R<ARG> 21.117001 43.311001 50.604000
c<A>r<235>R<PRO> 24.889000 42.994999 50.493999
c<A>r<236>R<ALA> 26.858999 43.799000 53.640999
c<A>r<237>R<GLY> 29.886000 44.768002 51.530998
c<A>r<238>R<ASP> 32.181999 42.084000 52.898998
c<A>r<240>R<THR> 27.881001 38.389000 53.034000
c<A>r<241>R<PHE> 24.246000 39.419998 53.004002
c<A>r<242>R<GLN> 21.606001 40.904999 55.354000
c<A>r<243>R<LYS> 17.815001 40.811001 55.701000
c<A>r<244>R<TRP> 15.155000 41.605000 58.272999
c<A>r<245>R<ALA> 11.409000 41.066002 58.727001
c<A>r<246>R<ALA> 9.219000 42.856998 61.298000
c<A>r<247>R<VAL> 5.668000 42.521999 62.737000
c<A>r<248>R<VAL> 3.600000 44.887001 64.885002
c<A>r<249>R<VAL> 1.937000 43.165001 67.835999
c<A>r<250>R<PRO> -0.109000 44.015999 70.910004
c<A>r<251>R<SER> 2.207000 44.722000 73.843002
c<A>r<252>R<GLY> 2.212000 41.771999 76.182999
c<A>r<253>R<GLN> 1.525000 39.265999 73.445999
c<A>r<254>R<GLU> 5.013000 38.973000 72.092003
c<A>r<256>R<ARG> 2.823000 34.257000 70.582001
c<B>r<0>R<MET> 12.467000 51.587002 25.632999
c<B>r<1>R<ILE> 11.798000 50.077999 29.066000
c<B>r<2>R<GLN> 12.717000 52.334000 32.011002
c<B>r<3>R<ARG> 12.702000 51.175999 35.609001
c<B>r<4>R<THR> 13.318000 53.394001 38.555000
c<B>r<5>R<PRO> 15.907000 52.442001 41.178001
c<B>r<6>R<LYS> 15.034000 50.894001 44.536999
c<B>r<7>R<ILE> 17.323999 52.334999 47.229000
c<B>r<8>R<GLN> 18.497000 51.047001 50.617001
c<B>r<9>R<VAL> 20.862000 53.020000 52.838001
c<B>r<10>R<TYR> 22.365999 51.153000 55.792000
c<B>r<11>R<SER> 25.525999 50.382999 57.706001
c<B>r<12>R<ARG> 27.457001 47.160999 57.488998
c<B>r<13>R<HIS> 27.472000 46.786999 61.313000
c<B>r<22>R<PHE> 30.818001 51.174999 56.630001
c<B>r<23>R<LEU> 27.938999 53.118000 55.015999
c<B>r<24>R<ASN> 26.216000 51.417000 52.139999
c<B>r<25>R<CYS> 23.827999 52.591999 49.487999
c<B>r<26>R<TYR> 22.375000 49.638000 47.526001
c<B>r<27>R<VAL> 20.605000 50.622002 44.319000
c<B>r<28>R<SER> 18.709999 47.946999 42.375000
c<B>r<29>R<GLY> 15.939000 47.270000 39.941002
c<B>r<30>R<PHE> 16.822001 50.034000 37.544998
c<B>r<31>R<HIS> 17.167000 50.278999 33.740002
c<B>r<32>R<PRO> 18.989000 51.755001 31.856001
c<B>r<33>R<SER> 22.313999 51.377998 33.665001
c<B>r<34>R<ASP> 23.497000 54.999001 33.775002
c<B>r<51>R<HIS> 31.264000 51.049999 44.078999
c<B>r<52>R<SER> 30.770000 47.548000 42.854000
c<B>r<53>R<ASP> 30.973000 46.397999 39.256001
c<B>r<54>R<LEU> 27.695999 46.581001 37.313999
c<B>r<55>R<SER> 25.636999 43.423000 37.339001
c<B>r<56>R<PHE> 22.017000 42.466000 36.776001
c<B>r<57>R<SER> 19.139000 40.338001 37.926998
c<B>r<58>R<LYS> 16.738001 37.825001 36.421001
c<B>r<59>R<ASP> 14.503000 40.515999 35.063999
c<B>r<60>R<TRP> 17.539000 42.201000 33.459000
c<B>r<61>R<SER> 17.455000 45.129002 35.889999
c<B>r<62>R<PHE> 20.738001 46.423000 37.195999
c<B>r<64>R<LEU> 25.143000 48.401001 42.333000
c<B>r<65>R<LEU> 26.545000 48.867001 45.833000
c<B>r<66>R<TYR> 28.194000 52.213001 46.737999
c<B>r<67>R<TYR> 30.122999 52.285999 50.050999
c<B>r<68>R<THR> 32.546001 54.087002 52.256001
c<B>r<80>R<CYS> 22.430000 58.698002 49.692001
c<B>r<86>R<THR> 13.500000 58.070000 35.590000
c<B>r<87>R<LEU> 13.816000 60.841999 38.275002
c<B>r<88>R<SER> 12.832000 64.568001 37.898998
c<B>r<89>R<GLN> 15.473000 65.611000 40.379002
c<B>r<90>R<PRO> 18.020000 63.807999 42.597000
c<B>r<91>R<LYS> 16.393999 61.525002 45.162998
c<B>r<92>R<ILE> 17.864000 61.698002 48.651001
c<B>r<93>R<VAL> 17.323999 58.918999 51.148998
c<B>r<94>R<LYS> 18.385000 59.483002 54.782001
c<B>r<95>R<TRP> 20.296000 56.870998 56.724998
c<B>r<96>R<ASP> 18.194000 55.577999 59.687000
c<B>r<98>R<ASP> 17.617001 51.055000 63.007999
c<B>r<99>R<MET> 16.974001 49.542999 59.612000
c<D>r<1>R<SER> 3.821000 36.796001 52.539001
c<D>r<2>R<GLN> 2.841000 35.026001 49.327999
c<D>r<3>R<PHE> 4.178000 38.279999 47.879002
c<D>r<4>R<ARG> 7.471000 40.049999 47.507000
c<D>r<5>R<VAL> 7.343000 43.889999 47.146999
c<D>r<6>R<SER> 9.804000 46.379002 45.751999
c<D>r<7>R<PRO> 11.332000 48.977001 45.799000
c<D>r<8>R<LEU> 12.197000 49.205002 49.452000
c<D>r<9>R<ASP> 14.485000 51.362999 51.550999
c<D>r<10>R<ARG> 14.113000 54.484001 49.464001
c<D>r<11>R<THR> 12.014000 57.632000 49.183998
c<D>r<12>R<TRP> 10.602000 59.589001 46.221001
c<D>r<13>R<ASN> 10.725000 63.292000 45.367001
c<D>r<14>R<LEU> 7.646000 65.287003 44.285999
c<D>r<15>R<GLY> 7.110000 64.851997 40.580002
c<D>r<16>R<GLU> 8.932000 61.445999 40.584000
c<D>r<17>R<THR> 7.390000 58.529999 38.813000
c<D>r<18>R<VAL> 6.677000 55.945000 41.514999
c<D>r<19>R<GLU> 6.792000 52.375000 40.013000
c<D>r<20>R<LEU> 6.066000 49.626999 42.519001
c<D>r<31>R<SER> -8.086000 36.743000 41.437000
c<D>r<32>R<GLY> -5.278000 38.848000 39.912998
c<D>r<34>R<SER> -5.318000 44.625000 43.514000
c<D>r<36>R<LEU> -4.351000 49.283001 47.658001
c<D>r<38>R<GLN> -3.401000 53.382000 53.070999
c<D>r<39>R<PRO> -2.273000 56.873001 54.306000
c<D>r<40>R<ARG> -1.034000 55.597000 57.726002
c<D>r<41>R<GLY> -3.637000 52.987999 58.691002
c<D>r<42>R<ALA> -4.252000 54.535000 62.092999
c<D>r<43>R<ALA> -7.358000 56.432999 60.907001
c<D>r<44>R<ALA> -8.265000 55.443001 57.410000
c<D>r<45>R<SER> -9.050000 52.049999 56.066002
c<D>r<46>R<PRO> -7.505000 50.841000 52.741001
c<D>r<47>R<THR> -8.360000 52.539001 49.495998
c<D>r<48>R<PHE> -8.687000 50.375000 46.360001
c<D>r<49>R<LEU> -6.656000 51.696999 43.469002
c<D>r<50>R<LEU> -6.487000 49.015999 40.691002
c<D>r<51>R<TYR> -7.477000 45.488998 39.896000
c<D>r<52>R<LEU> -5.173000 43.780998 37.365002
c<D>r<53>R<SER> -5.808000 40.403999 35.745998
c<D>r<57>R<PRO> -7.293000 47.112999 34.500999
c<D>r<58>R<LYS> -10.279000 47.972000 36.637001
c<D>r<59>R<ALA> -9.612000 51.286999 38.372002
c<D>r<60>R<ALA> -11.542000 52.459999 41.391998
c<D>r<61>R<GLU> -14.366000 54.682999 40.209999
c<D>r<73>R<LEU> 4.780000 40.865002 33.778000
c<D>r<83>R<ASP> 3.423000 62.669998 39.254002
c<D>r<90>R<GLY> 1.442000 56.409000 52.299999
c<D>r<91>R<TYR> 1.626000 52.695000 52.235001
c<D>r<92>R<TYR> 0.940000 50.803001 49.041000
c<D>r<93>R<PHE> 0.356000 47.061001 49.148998
c<D>r<94>R<CYS> -1.137000 44.241001 47.102001
c<D>r<95>R<SER> -3.982000 41.862000 47.595001
c<D>r<99>R<ASN> -10.249000 30.169001 47.485001
c<D>r<100>R<SER> -12.004000 32.859001 49.474998
c<D>r<101>R<ILE> -8.957000 33.928001 51.534000
c<D>r<102>R<MET> -7.568000 37.458000 50.937000
c<D>r<103>R<TYR> -3.823000 37.541000 51.214001
c<D>r<104>R<PHE> -1.967000 40.830002 51.577999
c<D>r<105>R<SER> 1.608000 41.771000 50.842999
c<D>r<106>R<HIS> 3.843000 43.757999 53.069000
c<D>r<107>R<PHE> 3.690000 47.547001 52.805000
c<D>r<108>R<VAL> 5.784000 49.618000 50.479000
c<D>r<109>R<PRO> 6.203000 52.962002 52.308998
c<D>r<112>R<LEU> 8.862000 61.950001 50.585999
c<D>r<113>R<PRO> 12.436000 62.296001 52.061001
c<D>r<114>R<ALA> 12.729000 64.311996 55.236000
c<E>r<31>R<SER> -18.576000 38.317001 47.362999
c<E>r<32>R<GLY> -19.943001 38.123001 50.930000
c<E>r<34>R<SER> -14.566000 39.422001 54.900002
c<E>r<36>R<LEU> -10.073000 42.002998 58.498001
c<E>r<37>R<PHE> -7.902000 43.130001 61.419998
c<E>r<38>R<GLN> -5.125000 45.722000 61.449001
c<E>r<39>R<PRO> -3.105000 46.404999 64.679001
c<E>r<40>R<ARG> -2.500000 50.125999 63.874001
c<E>r<41>R<GLY> -1.865000 50.125999 60.118999
c<E>r<42>R<ALA> 1.376000 52.058998 60.439999
c<E>r<43>R<ALA> 3.529000 48.896999 60.273998
c<E>r<44>R<ALA> 1.424000 45.896000 59.500999
c<E>r<45>R<SER> -0.805000 45.292000 56.569000
c<E>r<46>R<PRO> -4.351000 43.847000 57.056999
c<E>r<47>R<THR> -4.841000 40.367001 58.394001
c<E>r<48>R<PHE> -7.719000 38.282001 56.984001
c<E>r<49>R<LEU> -9.884000 36.784000 59.686001
c<E>r<50>R<LEU> -13.125000 35.391998 58.106998
c<E>r<51>R<TYR> -14.983000 35.141998 54.862000
c<E>r<52>R<LEU> -18.775999 34.875999 55.282001
c<E>r<53>R<SER> -21.249001 34.133999 52.494999
c<E>r<57>R<PRO> -17.396000 30.563000 57.098000
c<E>r<58>R<LYS> -13.915000 30.361000 55.662998
c<E>r<59>R<ALA> -11.427000 31.229000 58.403000
c<E>r<60>R<ALA> -7.858000 32.229000 57.707001
c<E>r<61>R<GLU> -5.685000 29.142000 57.965000
c<E>r<62>R<GLY> -4.696000 29.223000 61.630001
c<E>r<63>R<LEU> -7.502000 31.337000 63.167000
c<E>r<64>R<ASP> -8.607000 30.337000 66.658997
c<E>r<85>R<ARG> -7.061000 39.354000 75.008003
c<E>r<86>R<ARG> -4.714000 42.263000 74.584999
c<E>r<87>R<GLU> -3.275000 40.813999 71.292000
c<E>r<88>R<ASN> -6.682000 41.508999 69.768997
c<E>r<89>R<GLU> -6.612000 45.341000 70.198997
c<E>r<90>R<GLY> -6.714000 47.011002 66.836998
c<E>r<91>R<TYR> -8.923000 48.036999 64.028000
c<E>r<92>R<TYR> -11.476000 45.634998 62.627998
c<E>r<93>R<PHE> -13.155000 46.379002 59.313000
c<E>r<94>R<CYS> -15.074000 44.676998 56.521000
c<E>r<95>R<SER> -14.451000 44.109001 52.875999
c<E>r<99>R<ASN> -17.378000 43.612000 39.945000
c<E>r<100>R<SER> -13.681000 43.497002 40.712002
c<E>r<101>R<ILE> -13.631000 46.533001 43.044998
c<E>r<102>R<MET> -12.829000 45.908001 46.748001
c<E>r<103>R<TYR> -14.794000 48.186001 48.997002
c<E>r<104>R<PHE> -13.825000 48.640999 52.637001
c<E>r<105>R<SER> -15.815000 49.800999 55.620998
c<E>r<106>R<HIS> -14.684000 52.278000 58.168999
c<E>r<107>R<PHE> -12.646000 50.987999 61.108002
c<E>r<108>R<VAL> -14.093000 49.773998 64.348000
c<E>r<109>R<PRO> -11.389000 50.571999 66.948997
c<E>r<111>R<PHE> -9.356000 48.931999 72.260002
c<E>r<112>R<LEU> -8.960000 48.327999 75.887001
c<E>r<114>R<ALA> -7.127000 53.523998 79.322998
