c<A>r<7>R<TYR> 29.337999 35.550999 33.500999
c<A>r<8>R<PHE> 27.427000 38.794998 33.034000
c<A>r<9>R<PHE> 28.091999 41.188999 30.143999
c<A>r<10>R<THR> 26.622000 44.605999 29.549000
c<A>r<11>R<SER> 27.277000 46.862999 26.544001
c<A>r<12>R<VAL> 25.764999 50.337002 26.260000
c<A>r<22>R<PHE> 31.379000 47.348999 28.135000
c<A>r<23>R<ILE> 31.427999 45.737000 31.587000
c<A>r<24>R<ALA> 31.959999 42.040001 32.231998
c<A>r<25>R<VAL> 31.794001 40.330002 35.617001
c<A>r<26>R<GLY> 32.292000 36.712002 36.612999
c<A>r<32>R<GLN> 32.313000 38.022999 42.125999
c<A>r<34>R<VAL> 36.800999 38.792000 37.988998
c<A>r<35>R<ARG> 35.907001 41.944000 36.075001
c<A>r<36>R<PHE> 36.590000 43.811001 32.870998
c<A>r<37>R<ASP> 35.597000 47.423000 32.369999
c<A>r<48>R<ARG> 38.245998 40.474998 42.348999
c<A>r<91>R<GLY> 19.556999 56.912998 21.174999
c<A>r<92>R<SER> 21.603001 54.827999 23.586000
c<A>r<93>R<HIS> 20.749001 51.122002 23.665001
c<A>r<94>R<THR> 21.830999 48.167000 25.771000
c<A>r<96>R<GLN> 23.038000 42.138000 28.087999
c<A>r<97>R<ARG> 24.247999 38.555000 28.028000
c<A>r<98>R<MET> 24.492001 35.990002 30.836000
c<A>r<104>R<GLY> 25.988001 19.138000 41.282001
c<A>r<106>R<ASP> 28.841999 14.934000 42.473000
c<A>r<108>R<ARG> 29.632000 16.770000 37.451000
c<A>r<109>R<PHE> 27.775999 18.924999 34.944000
c<A>r<110>R<LEU> 24.223000 19.641001 36.071999
c<A>r<111>R<ARG> 22.912001 22.358999 33.786999
c<A>r<112>R<GLY> 23.931999 25.172001 31.455000
c<A>r<113>R<TYR> 22.305000 28.386000 30.282000
c<A>r<115>R<GLN> 20.495001 34.320999 27.812000
c<A>r<116>R<TYR> 20.582001 37.528000 25.733000
c<A>r<117>R<ALA> 18.540001 40.773998 26.129000
c<A>r<118>R<TYR> 18.180000 43.946999 24.110001
c<A>r<119>R<ASP> 16.982000 47.141998 25.885000
c<A>r<120>R<GLY> 16.190001 45.116001 29.025000
c<A>r<121>R<LYS> 13.888000 42.639000 27.341000
c<A>r<122>R<ASP> 14.388000 39.033001 26.395000
c<A>r<123>R<TYR> 15.836000 38.639999 22.926001
c<A>r<124>R<ILE> 17.159000 35.094002 22.473000
c<A>r<125>R<ALA> 18.089001 32.229000 24.865000
c<A>r<126>R<LEU> 19.268000 28.673000 24.723000
c<A>r<127>R<LYS> 16.625999 26.136999 25.722000
c<A>r<128>R<GLU> 17.281000 23.865000 28.730000
c<A>r<129>R<ASP> 18.729000 21.045000 26.570000
c<A>r<130>R<LEU> 21.318001 23.400999 25.086000
c<A>r<131>R<ARG> 20.374001 22.302000 21.584000
c<A>r<132>R<SER> 17.837999 24.900999 20.402000
c<A>r<133>R<TRP> 16.834000 28.517000 20.841000
c<A>r<134>R<THR> 13.915000 30.563999 22.224001
c<A>r<135>R<ALA> 13.428000 33.762001 20.183001
c<A>r<136>R<ALA> 11.190000 36.341000 21.865999
c<A>r<137>R<ASP> 10.053000 38.223999 18.739000
c<A>r<138>R<MET> 10.372000 38.226002 14.956000
c<A>r<148>R<GLU> 21.028000 27.285000 13.687000
c<A>r<153>R<ALA> 24.281000 25.903000 20.047001
c<A>r<157>R<ARG> 27.176001 23.382000 24.613001
c<A>r<161>R<GLU> 29.379999 20.926001 29.398001
c<A>r<185>R<PRO> 22.820999 33.783001 59.403000
c<A>r<190>R<THR> 14.726000 43.500999 68.646004
c<A>r<202>R<ARG> 12.161000 42.851002 64.130997
c<A>r<203>R<CYS> 13.944000 39.609001 63.209000
c<A>r<204>R<TRP> 17.445000 40.141998 61.792999
c<A>r<205>R<ALA> 19.533001 37.785000 59.703999
c<A>r<206>R<LEU> 23.084000 38.990002 59.272999
c<A>r<207>R<SER> 26.393000 37.959999 57.799000
c<A>r<208>R<PHE> 25.034000 35.047001 55.775002
c<A>r<211>R<ALA> 22.198999 35.082001 49.589001
c<A>r<212>R<GLU> 19.135000 32.808998 49.337002
c<A>r<213>R<ILE> 17.195000 32.959000 52.604000
c<A>r<214>R<THR> 13.590000 32.835999 53.938999
c<A>r<215>R<LEU> 12.310000 34.750000 56.938999
c<A>r<216>R<THR> 8.729000 34.004002 58.026001
c<A>r<217>R<TRP> 6.694000 35.178001 61.007999
c<A>r<218>R<GLN> 4.152000 32.912998 62.730000
c<A>r<222>R<GLU> 0.649000 29.575001 61.660000
c<A>r<223>R<ASP> 2.125000 31.919001 59.007000
c<A>r<224>R<GLN> 1.443000 35.615002 59.601002
c<A>r<225>R<THR> 1.871000 37.938999 56.636002
c<A>r<226>R<GLN> -0.513000 40.702000 57.791000
c<A>r<227>R<ASP> 0.968000 43.514000 59.835999
c<A>r<228>R<THR> 4.492000 42.528999 58.695000
c<A>r<229>R<GLU> 7.215000 44.534000 56.841000
c<A>r<230>R<LEU> 10.607000 43.618000 55.452000
c<A>r<231>R<VAL> 13.543000 44.602001 53.382000
c<A>r<232>R<GLU> 14.963000 42.966000 50.327999
c<A>r<233>R<THR> 18.156000 40.958000 50.844002
c<A>r<234>R<ARG> 21.117001 43.311001 50.604000
c<A>r<235>R<PRO> 24.889000 42.994999 50.493999
c<A>r<236>R<ALA> 26.858999 43.799000 53.640999
c<A>r<237>R<GLY> 29.886000 44.768002 51.530998
c<A>r<238>R<ASP> 32.181999 42.084000 52.898998
c<A>r<240>R<THR> 27.881001 38.389000 53.034000
c<A>r<241>R<PHE> 24.246000 39.419998 53.004002
c<A>r<242>R<GLN> 21.606001 40.904999 55.354000
c<A>r<243>R<LYS> 17.815001 40.811001 55.701000
c<A>r<244>R<TRP> 15.155000 41.605000 58.272999
c<A>r<245>R<ALA> 11.409000 41.066002 58.727001
c<A>r<246>R<ALA> 9.219000 42.856998 61.298000
c<A>r<247>R<VAL> 5.668000 42.521999 62.737000
c<A>r<259>R<CYS> 10.410000 34.203999 63.409000
c<A>r<260>R<HIS> 11.477000 31.237000 61.306999
c<A>r<261>R<VAL> 14.751000 31.356001 59.382999
c<A>r<262>R<GLN> 15.636000 28.930000 56.563000
c<A>r<263>R<HIS> 19.098000 29.000999 55.029999
c<B>r<0>R<MET> 12.467000 51.587002 25.632999
c<B>r<1>R<ILE> 11.798000 50.077999 29.066000
c<B>r<2>R<GLN> 12.717000 52.334000 32.011002
c<B>r<3>R<ARG> 12.702000 51.175999 35.609001
c<B>r<6>R<LYS> 15.034000 50.894001 44.536999
c<B>r<8>R<GLN> 18.497000 51.047001 50.617001
c<B>r<9>R<VAL> 20.862000 53.020000 52.838001
c<B>r<10>R<TYR> 22.365999 51.153000 55.792000
c<B>r<11>R<SER> 25.525999 50.382999 57.706001
c<B>r<12>R<ARG> 27.457001 47.160999 57.488998
c<B>r<13>R<HIS> 27.472000 46.786999 61.313000
c<B>r<22>R<PHE> 30.818001 51.174999 56.630001
c<B>r<23>R<LEU> 27.938999 53.118000 55.015999
c<B>r<24>R<ASN> 26.216000 51.417000 52.139999
c<B>r<25>R<CYS> 23.827999 52.591999 49.487999
c<B>r<26>R<TYR> 22.375000 49.638000 47.526001
c<B>r<27>R<VAL> 20.605000 50.622002 44.319000
c<B>r<28>R<SER> 18.709999 47.946999 42.375000
c<B>r<29>R<GLY> 15.939000 47.270000 39.941002
c<B>r<30>R<PHE> 16.822001 50.034000 37.544998
c<B>r<31>R<HIS> 17.167000 50.278999 33.740002
c<B>r<32>R<PRO> 18.989000 51.755001 31.856001
c<B>r<33>R<SER> 22.313999 51.377998 33.665001
c<B>r<34>R<ASP> 23.497000 54.999001 33.775002
c<B>r<51>R<HIS> 31.264000 51.049999 44.078999
c<B>r<52>R<SER> 30.770000 47.548000 42.854000
c<B>r<53>R<ASP> 30.973000 46.397999 39.256001
c<B>r<54>R<LEU> 27.695999 46.581001 37.313999
c<B>r<55>R<SER> 25.636999 43.423000 37.339001
c<B>r<56>R<PHE> 22.017000 42.466000 36.776001
c<B>r<57>R<SER> 19.139000 40.338001 37.926998
c<B>r<58>R<LYS> 16.738001 37.825001 36.421001
c<B>r<59>R<ASP> 14.503000 40.515999 35.063999
c<B>r<60>R<TRP> 17.539000 42.201000 33.459000
c<B>r<61>R<SER> 17.455000 45.129002 35.889999
c<B>r<62>R<PHE> 20.738001 46.423000 37.195999
c<B>r<63>R<TYR> 22.197001 46.660000 40.691002
c<B>r<64>R<LEU> 25.143000 48.401001 42.333000
c<B>r<65>R<LEU> 26.545000 48.867001 45.833000
c<B>r<66>R<TYR> 28.194000 52.213001 46.737999
c<B>r<67>R<TYR> 30.122999 52.285999 50.050999
c<B>r<68>R<THR> 32.546001 54.087002 52.256001
c<B>r<98>R<ASP> 17.617001 51.055000 63.007999
c<B>r<99>R<MET> 16.974001 49.542999 59.612000
c<D>r<31>R<SER> -4.695000 16.382000 24.527000
c<D>r<32>R<GLY> -2.359000 13.363000 24.278999
c<D>r<34>R<SER> 3.657000 15.665000 26.483000
c<D>r<36>R<LEU> 8.763000 17.289000 29.815001
c<D>r<37>R<PHE> 12.245000 17.459999 31.351999
c<D>r<38>R<GLN> 13.431000 19.524000 34.311001
c<D>r<39>R<PRO> 17.143999 19.450001 35.400002
c<D>r<40>R<ARG> 16.375000 20.011999 39.134998
c<D>r<41>R<GLY> 13.520000 22.533001 39.080002
c<D>r<42>R<ALA> 15.266000 24.900000 41.465000
c<D>r<43>R<ALA> 16.586000 27.120001 38.639000
c<D>r<44>R<ALA> 15.162000 26.056000 35.340000
c<D>r<45>R<SER> 11.584000 25.789000 34.312000
c<D>r<46>R<PRO> 10.311000 22.687000 32.396999
c<D>r<47>R<THR> 11.567000 21.917000 28.937000
c<D>r<48>R<PHE> 9.102000 20.447001 26.409000
c<D>r<49>R<LEU> 10.432000 17.344000 24.726000
c<D>r<50>R<LEU> 7.561000 15.588000 22.826000
c<D>r<51>R<TYR> 3.871000 15.763000 22.188000
c<D>r<52>R<LEU> 2.287000 12.371000 21.403000
c<D>r<53>R<SER> -1.279000 11.836000 20.208000
c<D>r<57>R<PRO> 5.007000 13.007000 17.403000
c<D>r<58>R<LYS> 5.622000 16.719000 17.643000
c<D>r<59>R<ALA> 9.142000 17.280001 18.962000
c<D>r<60>R<ALA> 10.298000 20.556000 20.431999
c<D>r<61>R<GLU> 11.978000 22.559999 17.698000
c<D>r<62>R<GLY> 15.589000 21.447001 18.061001
c<D>r<63>R<LEU> 15.208000 18.058001 19.813000
c<D>r<64>R<ASP> 17.702999 15.379000 18.802000
c<D>r<86>R<ARG> 25.155001 13.271000 31.459999
c<D>r<87>R<GLU> 23.266001 16.371000 30.104000
c<D>r<88>R<ASN> 20.132000 14.234000 30.247000
c<D>r<89>R<GLU> 20.120001 13.681000 34.063000
c<D>r<90>R<GLY> 17.035000 15.207000 35.570000
c<D>r<91>R<TYR> 13.395000 14.727000 36.161999
c<D>r<92>R<TYR> 11.142000 13.557000 33.368000
c<D>r<93>R<PHE> 7.380000 13.822000 33.737000
c<D>r<94>R<CYS> 4.202000 13.852000 31.671000
c<D>r<95>R<SER> 1.496000 16.361000 31.056000
c<D>r<99>R<ASN> -10.933000 20.783001 29.645000
c<D>r<100>R<SER> -8.351000 23.506001 30.087999
c<D>r<101>R<ILE> -6.676000 22.009001 33.188999
c<D>r<102>R<MET> -3.052000 20.788000 32.827999
c<D>r<103>R<TYR> -2.411000 17.715000 34.889999
c<D>r<104>R<PHE> 1.128000 16.559999 35.618999
c<D>r<105>R<SER> 2.500000 13.189000 36.598999
c<D>r<106>R<HIS> 4.979000 12.545000 39.307999
c<D>r<107>R<PHE> 8.668000 12.839000 38.437000
c<D>r<108>R<VAL> 10.796000 10.026000 37.155998
c<D>r<109>R<PRO> 14.318000 10.850000 38.430000
c<D>r<114>R<ALA> 26.702000 7.601000 42.438000
c<E>r<1>R<SER> 11.487000 32.672001 26.410000
c<E>r<2>R<GLN> 8.445000 33.722000 24.395000
c<E>r<3>R<PHE> 7.561000 35.287998 27.747000
c<E>r<4>R<ARG> 8.764000 38.083000 29.952000
c<E>r<5>R<VAL> 7.978000 37.778999 33.717999
c<E>r<6>R<SER> 7.804000 40.341999 36.474998
c<E>r<7>R<PRO> 8.356000 41.342999 39.264000
c<E>r<8>R<LEU> 11.877000 40.117001 39.755001
c<E>r<9>R<ASP> 14.613000 40.719002 42.296001
c<E>r<10>R<ARG> 12.313000 41.195000 45.249001
c<E>r<11>R<THR> 10.646000 39.258999 48.053001
c<E>r<12>R<TRP> 7.189000 39.438999 49.673000
c<E>r<13>R<ASN> 6.129000 39.622002 53.319000
c<E>r<14>R<LEU> 3.397000 37.400002 54.813000
c<E>r<15>R<GLY> 0.025000 38.950001 54.161999
c<E>r<16>R<GLU> 1.342000 40.827999 51.051998
c<E>r<17>R<THR> -0.644000 40.756001 47.880001
c<E>r<24>R<VAL> 3.479000 36.539001 26.032000
c<E>r<25>R<LEU> 5.825000 37.335999 23.194000
c<E>r<26>R<LEU> 4.815000 34.123001 21.396999
c<E>r<27>R<SER> 4.408000 34.727001 17.677000
c<E>r<31>R<SER> -4.102000 28.514999 24.232000
c<E>r<32>R<GLY> -4.164000 31.476000 26.653000
c<E>r<34>R<SER> -1.756000 28.958000 32.502998
c<E>r<36>R<LEU> 1.757000 27.113001 37.407001
c<E>r<38>R<GLN> 6.397000 24.639000 41.808998
c<E>r<39>R<PRO> 7.652000 24.586000 45.469002
c<E>r<40>R<ARG> 11.333000 23.948999 44.515999
c<E>r<41>R<GLY> 11.082000 21.507999 41.604000
c<E>r<42>R<ALA> 13.478000 19.034000 43.179001
c<E>r<43>R<ALA> 10.654000 16.853001 44.567001
c<E>r<44>R<ALA> 7.326000 18.039000 43.321999
c<E>r<45>R<SER> 6.146000 18.427000 39.803001
c<E>r<46>R<PRO> 4.260000 21.610001 38.699001
c<E>r<47>R<THR> 0.882000 22.434999 40.130001
c<E>r<48>R<PHE> -1.712000 24.035000 37.820999
c<E>r<49>R<LEU> -3.252000 27.143999 39.304001
c<E>r<50>R<LEU> -5.230000 29.024000 36.568001
c<E>r<51>R<TYR> -6.037000 28.964001 32.908001
c<E>r<52>R<LEU> -6.802000 32.417000 31.448999
c<E>r<53>R<SER> -8.139000 33.077999 27.955000
c<E>r<57>R<PRO> -10.691000 31.809999 34.332001
c<E>r<58>R<LYS> -10.523000 28.077000 34.839001
c<E>r<59>R<ALA> -9.063000 27.389999 38.280998
c<E>r<60>R<ALA> -7.632000 24.048000 39.283001
c<E>r<61>R<GLU> -10.341000 22.070000 41.034000
c<E>r<83>R<ASP> -2.778000 36.764999 51.428001
c<E>r<84>R<PHE> 0.788000 35.547001 51.071999
c<E>r<85>R<ARG> 1.077000 32.651001 53.455002
c<E>r<86>R<ARG> 4.241000 30.646999 53.806000
c<E>r<87>R<GLU> 2.719000 27.635000 51.903000
c<E>r<89>R<GLU> 6.605000 30.304001 48.647999
c<E>r<90>R<GLY> 7.931000 28.825001 45.460999
c<E>r<91>R<TYR> 8.371000 29.386000 41.811001
c<E>r<92>R<TYR> 5.512000 30.687000 39.717999
c<E>r<93>R<PHE> 5.704000 30.514999 35.938000
c<E>r<94>R<CYS> 3.499000 30.622999 32.855999
c<E>r<95>R<SER> 2.696000 28.202999 30.118000
c<E>r<99>R<ASN> 0.613000 24.153000 17.657000
c<E>r<100>R<SER> 1.097000 21.351999 20.146000
c<E>r<101>R<ILE> 4.308000 22.723000 21.716000
c<E>r<102>R<MET> 4.144000 23.855000 25.382000
c<E>r<103>R<TYR> 6.313000 26.857000 26.007000
c<E>r<104>R<PHE> 7.230000 27.896999 29.538000
c<E>r<105>R<SER> 8.361000 31.205000 30.950001
c<E>r<106>R<HIS> 11.196000 31.711000 33.320000
c<E>r<107>R<PHE> 10.483000 31.343000 37.035999
c<E>r<108>R<VAL> 9.375000 34.127998 39.290001
c<E>r<109>R<PRO> 10.783000 33.178001 42.729000
c<E>r<111>R<PHE> 9.940000 33.984001 48.530998
c<E>r<112>R<LEU> 9.731000 35.428001 51.930000
c<E>r<113>R<PRO> 12.799000 37.625000 52.838001
c<E>r<114>R<ALA> 15.426000 35.990002 54.998001
