c<A>r<2>R<SER> 25.622999 22.414000 43.820999
c<A>r<7>R<TYR> 29.337999 35.550999 33.500999
c<A>r<8>R<PHE> 27.427000 38.794998 33.034000
c<A>r<9>R<PHE> 28.091999 41.188999 30.143999
c<A>r<10>R<THR> 26.622000 44.605999 29.549000
c<A>r<11>R<SER> 27.277000 46.862999 26.544001
c<A>r<12>R<VAL> 25.764999 50.337002 26.260000
c<A>r<22>R<PHE> 31.379000 47.348999 28.135000
c<A>r<23>R<ILE> 31.427999 45.737000 31.587000
c<A>r<24>R<ALA> 31.959999 42.040001 32.231998
c<A>r<25>R<VAL> 31.794001 40.330002 35.617001
c<A>r<26>R<GLY> 32.292000 36.712002 36.612999
c<A>r<30>R<ASP> 27.193001 34.820999 44.848000
c<A>r<32>R<GLN> 32.313000 38.022999 42.125999
c<A>r<34>R<VAL> 36.800999 38.792000 37.988998
c<A>r<35>R<ARG> 35.907001 41.944000 36.075001
c<A>r<36>R<PHE> 36.590000 43.811001 32.870998
c<A>r<37>R<ASP> 35.597000 47.423000 32.369999
c<A>r<48>R<ARG> 38.245998 40.474998 42.348999
c<A>r<91>R<GLY> 19.556999 56.912998 21.174999
c<A>r<92>R<SER> 21.603001 54.827999 23.586000
c<A>r<93>R<HIS> 20.749001 51.122002 23.665001
c<A>r<94>R<THR> 21.830999 48.167000 25.771000
c<A>r<96>R<GLN> 23.038000 42.138000 28.087999
c<A>r<97>R<ARG> 24.247999 38.555000 28.028000
c<A>r<98>R<MET> 24.492001 35.990002 30.836000
c<A>r<104>R<GLY> 25.988001 19.138000 41.282001
c<A>r<110>R<LEU> 24.223000 19.641001 36.071999
c<A>r<111>R<ARG> 22.912001 22.358999 33.786999
c<A>r<115>R<GLN> 20.495001 34.320999 27.812000
c<A>r<116>R<TYR> 20.582001 37.528000 25.733000
c<A>r<117>R<ALA> 18.540001 40.773998 26.129000
c<A>r<118>R<TYR> 18.180000 43.946999 24.110001
c<A>r<119>R<ASP> 16.982000 47.141998 25.885000
c<A>r<120>R<GLY> 16.190001 45.116001 29.025000
c<A>r<121>R<LYS> 13.888000 42.639000 27.341000
c<A>r<122>R<ASP> 14.388000 39.033001 26.395000
c<A>r<125>R<ALA> 18.089001 32.229000 24.865000
c<A>r<127>R<LYS> 16.625999 26.136999 25.722000
c<A>r<128>R<GLU> 17.281000 23.865000 28.730000
c<A>r<129>R<ASP> 18.729000 21.045000 26.570000
c<A>r<133>R<TRP> 16.834000 28.517000 20.841000
c<A>r<134>R<THR> 13.915000 30.563999 22.224001
c<A>r<135>R<ALA> 13.428000 33.762001 20.183001
c<A>r<136>R<ALA> 11.190000 36.341000 21.865999
c<A>r<190>R<THR> 14.726000 43.500999 68.646004
c<A>r<202>R<ARG> 12.161000 42.851002 64.130997
c<A>r<204>R<TRP> 17.445000 40.141998 61.792999
c<A>r<206>R<LEU> 23.084000 38.990002 59.272999
c<A>r<207>R<SER> 26.393000 37.959999 57.799000
c<A>r<210>R<PRO> 24.874001 32.452000 50.063999
c<A>r<211>R<ALA> 22.198999 35.082001 49.589001
c<A>r<212>R<GLU> 19.135000 32.808998 49.337002
c<A>r<213>R<ILE> 17.195000 32.959000 52.604000
c<A>r<214>R<THR> 13.590000 32.835999 53.938999
c<A>r<215>R<LEU> 12.310000 34.750000 56.938999
c<A>r<216>R<THR> 8.729000 34.004002 58.026001
c<A>r<222>R<GLU> 0.649000 29.575001 61.660000
c<A>r<223>R<ASP> 2.125000 31.919001 59.007000
c<A>r<224>R<GLN> 1.443000 35.615002 59.601002
c<A>r<225>R<THR> 1.871000 37.938999 56.636002
c<A>r<226>R<GLN> -0.513000 40.702000 57.791000
c<A>r<227>R<ASP> 0.968000 43.514000 59.835999
c<A>r<228>R<THR> 4.492000 42.528999 58.695000
c<A>r<229>R<GLU> 7.215000 44.534000 56.841000
c<A>r<230>R<LEU> 10.607000 43.618000 55.452000
c<A>r<231>R<VAL> 13.543000 44.602001 53.382000
c<A>r<232>R<GLU> 14.963000 42.966000 50.327999
c<A>r<233>R<THR> 18.156000 40.958000 50.844002
c<A>r<234>R<ARG> 21.117001 43.311001 50.604000
c<A>r<235>R<PRO> 24.889000 42.994999 50.493999
c<A>r<236>R<ALA> 26.858999 43.799000 53.640999
c<A>r<237>R<GLY> 29.886000 44.768002 51.530998
c<A>r<238>R<ASP> 32.181999 42.084000 52.898998
c<A>r<240>R<THR> 27.881001 38.389000 53.034000
c<A>r<241>R<PHE> 24.246000 39.419998 53.004002
c<A>r<242>R<GLN> 21.606001 40.904999 55.354000
c<A>r<243>R<LYS> 17.815001 40.811001 55.701000
c<A>r<244>R<TRP> 15.155000 41.605000 58.272999
c<A>r<245>R<ALA> 11.409000 41.066002 58.727001
c<A>r<247>R<VAL> 5.668000 42.521999 62.737000
c<A>r<248>R<VAL> 3.600000 44.887001 64.885002
c<A>r<249>R<VAL> 1.937000 43.165001 67.835999
c<A>r<262>R<GLN> 15.636000 28.930000 56.563000
c<B>r<0>R<MET> 12.467000 51.587002 25.632999
c<B>r<1>R<ILE> 11.798000 50.077999 29.066000
c<B>r<2>R<GLN> 12.717000 52.334000 32.011002
c<B>r<3>R<ARG> 12.702000 51.175999 35.609001
c<B>r<4>R<THR> 13.318000 53.394001 38.555000
c<B>r<5>R<PRO> 15.907000 52.442001 41.178001
c<B>r<6>R<LYS> 15.034000 50.894001 44.536999
c<B>r<8>R<GLN> 18.497000 51.047001 50.617001
c<B>r<9>R<VAL> 20.862000 53.020000 52.838001
c<B>r<10>R<TYR> 22.365999 51.153000 55.792000
c<B>r<11>R<SER> 25.525999 50.382999 57.706001
c<B>r<12>R<ARG> 27.457001 47.160999 57.488998
c<B>r<13>R<HIS> 27.472000 46.786999 61.313000
c<B>r<22>R<PHE> 30.818001 51.174999 56.630001
c<B>r<23>R<LEU> 27.938999 53.118000 55.015999
c<B>r<24>R<ASN> 26.216000 51.417000 52.139999
c<B>r<25>R<CYS> 23.827999 52.591999 49.487999
c<B>r<26>R<TYR> 22.375000 49.638000 47.526001
c<B>r<27>R<VAL> 20.605000 50.622002 44.319000
c<B>r<28>R<SER> 18.709999 47.946999 42.375000
c<B>r<29>R<GLY> 15.939000 47.270000 39.941002
c<B>r<30>R<PHE> 16.822001 50.034000 37.544998
c<B>r<31>R<HIS> 17.167000 50.278999 33.740002
c<B>r<32>R<PRO> 18.989000 51.755001 31.856001
c<B>r<33>R<SER> 22.313999 51.377998 33.665001
c<B>r<34>R<ASP> 23.497000 54.999001 33.775002
c<B>r<51>R<HIS> 31.264000 51.049999 44.078999
c<B>r<52>R<SER> 30.770000 47.548000 42.854000
c<B>r<53>R<ASP> 30.973000 46.397999 39.256001
c<B>r<54>R<LEU> 27.695999 46.581001 37.313999
c<B>r<55>R<SER> 25.636999 43.423000 37.339001
c<B>r<56>R<PHE> 22.017000 42.466000 36.776001
c<B>r<57>R<SER> 19.139000 40.338001 37.926998
c<B>r<58>R<LYS> 16.738001 37.825001 36.421001
c<B>r<59>R<ASP> 14.503000 40.515999 35.063999
c<B>r<60>R<TRP> 17.539000 42.201000 33.459000
c<B>r<61>R<SER> 17.455000 45.129002 35.889999
c<B>r<62>R<PHE> 20.738001 46.423000 37.195999
c<B>r<64>R<LEU> 25.143000 48.401001 42.333000
c<B>r<65>R<LEU> 26.545000 48.867001 45.833000
c<B>r<66>R<TYR> 28.194000 52.213001 46.737999
c<B>r<67>R<TYR> 30.122999 52.285999 50.050999
c<B>r<68>R<THR> 32.546001 54.087002 52.256001
c<B>r<98>R<ASP> 17.617001 51.055000 63.007999
c<B>r<99>R<MET> 16.974001 49.542999 59.612000
c<D>r<1>R<SER> 11.086000 37.610001 34.191002
c<D>r<2>R<GLN> 12.871000 35.993999 37.125999
c<D>r<3>R<PHE> 11.851000 32.873001 35.202999
c<D>r<4>R<ARG> 12.707000 31.153000 31.974001
c<D>r<5>R<VAL> 10.004000 28.847000 30.469000
c<D>r<6>R<SER> 10.195000 26.011999 27.993999
c<D>r<7>R<PRO> 9.244000 24.462000 25.591000
c<D>r<8>R<LEU> 8.341000 27.277000 23.266001
c<D>r<9>R<ASP> 7.456000 27.569000 19.601000
c<D>r<21>R<LYS> 9.651000 23.628000 32.634998
c<D>r<22>R<CYS> 10.092000 26.992001 34.314999
c<D>r<23>R<GLN> 13.450000 27.809000 35.803001
c<D>r<24>R<VAL> 13.495000 30.281000 38.630001
c<D>r<25>R<LEU> 16.142000 32.942001 38.289001
c<D>r<26>R<LEU> 14.725000 34.801998 41.305000
c<D>r<27>R<SER> 17.511000 36.104000 43.521000
c<D>r<28>R<ASN> 16.136999 34.654999 46.799999
c<D>r<29>R<PRO> 12.579000 33.209000 46.930000
c<D>r<30>R<THR> 10.053000 32.719002 49.738998
c<D>r<31>R<SER> 7.747000 30.059000 48.222000
c<D>r<32>R<GLY> 8.468000 27.268000 45.707001
c<D>r<34>R<SER> 3.060000 27.247999 41.570999
c<D>r<36>R<LEU> -1.123000 28.125999 36.931999
c<D>r<38>R<GLN> -5.356000 30.364000 32.023998
c<D>r<39>R<PRO> -7.600000 29.396999 29.021999
c<D>r<40>R<ARG> -7.117000 32.755001 27.191000
c<D>r<41>R<GLY> -7.160000 35.313000 30.011999
c<D>r<42>R<ALA> -9.817000 37.437000 28.348000
c<D>r<43>R<ALA> -12.649000 35.893002 30.410000
c<D>r<44>R<ALA> -11.280000 33.616001 33.050999
c<D>r<45>R<SER> -8.861000 34.391998 35.785999
c<D>r<46>R<PRO> -5.908000 32.019001 36.535999
c<D>r<47>R<THR> -6.521000 28.530001 37.799999
c<D>r<48>R<PHE> -4.085000 27.090000 40.372002
c<D>r<49>R<LEU> -2.801000 23.679001 39.401001
c<D>r<50>R<LEU> 0.183000 22.740000 41.669998
c<D>r<51>R<TYR> 2.384000 24.075001 44.395000
c<D>r<52>R<LEU> 5.879000 22.521000 44.444000
c<D>r<53>R<SER> 8.473000 23.034000 47.171001
c<D>r<57>R<PRO> 3.198000 18.673000 45.787998
c<D>r<58>R<LYS> 0.035000 20.441000 46.827999
c<D>r<59>R<ALA> -2.536000 20.052000 44.055000
c<D>r<60>R<ALA> -5.591000 22.243999 43.750999
c<D>r<61>R<GLU> -8.486000 20.490999 45.443001
c<D>r<73>R<LEU> 15.240000 19.612000 39.509998
c<D>r<74>R<GLY> 17.299999 22.219999 41.266998
c<D>r<76>R<THR> 13.550000 24.247999 37.575001
c<D>r<90>R<GLY> -4.322000 27.424000 27.176001
c<D>r<91>R<TYR> -1.528000 29.298000 28.760000
c<D>r<92>R<TYR> 0.516000 27.719000 31.511999
c<D>r<93>R<PHE> 2.806000 29.865000 33.637001
c<D>r<94>R<CYS> 4.629000 29.850000 36.959999
c<D>r<95>R<SER> 4.438000 31.927999 40.066002
c<D>r<98>R<SER> 9.863000 36.737000 47.314999
c<D>r<99>R<ASN> 9.054000 38.901001 50.366001
c<D>r<100>R<SER> 5.375000 39.404999 49.666000
c<D>r<101>R<ILE> 5.745000 40.125999 45.924000
c<D>r<102>R<MET> 4.264000 37.564999 43.473000
c<D>r<103>R<TYR> 6.379000 37.212002 40.389000
c<D>r<104>R<PHE> 5.021000 35.516998 37.278999
c<D>r<105>R<SER> 6.768000 33.888000 34.362000
c<D>r<106>R<HIS> 5.929000 34.383999 30.764000
c<D>r<107>R<PHE> 3.214000 32.188999 29.260000
c<D>r<108>R<VAL> 3.804000 28.847000 27.659000
c<D>r<109>R<PRO> 1.029000 28.558001 25.027000
c<E>r<29>R<PRO> -6.488000 32.507999 54.806000
c<E>r<30>R<THR> -2.687000 32.467999 55.040001
c<E>r<31>R<SER> -1.787000 35.710999 53.202000
c<E>r<32>R<GLY> -3.710000 38.999001 52.852001
c<E>r<33>R<CYS> -4.779000 40.172001 49.382000
c<E>r<34>R<SER> -2.754000 40.862999 46.373001
c<E>r<36>R<LEU> -3.124000 41.868000 40.157001
c<E>r<38>R<GLN> -3.810000 41.666000 33.337002
c<E>r<39>R<PRO> -4.192000 43.720001 30.077999
c<E>r<40>R<ARG> -6.213000 40.998001 28.243000
c<E>r<41>R<GLY> -4.530000 37.761002 29.334000
c<E>r<42>R<ALA> -4.061000 36.542999 25.778000
c<E>r<43>R<ALA> -0.433000 37.757999 25.611000
c<E>r<44>R<ALA> 0.708000 38.995998 28.957001
c<E>r<45>R<SER> 0.804000 37.180000 32.216999
c<E>r<46>R<PRO> -0.480000 38.862000 35.445999
c<E>r<47>R<THR> 1.254000 41.886002 36.856998
c<E>r<48>R<PHE> 1.491000 42.219002 40.659000
c<E>r<49>R<LEU> 0.318000 45.584999 41.895000
c<E>r<50>R<LEU> -0.103000 45.464001 45.734001
c<E>r<51>R<TYR> 0.072000 43.146000 48.674999
c<E>r<52>R<LEU> -2.182000 44.186001 51.584999
c<E>r<53>R<SER> -2.185000 42.599998 55.036999
c<E>r<54>R<GLN> -3.505000 44.206001 58.280998
c<E>r<55>R<ASN> -0.357000 46.276001 58.661999
c<E>r<56>R<LYS> 1.261000 48.046001 55.568001
c<E>r<57>R<PRO> 1.117000 47.778999 51.712002
c<E>r<58>R<LYS> 3.867000 46.180000 49.688000
c<E>r<59>R<ALA> 3.806000 47.659000 46.186001
c<E>r<60>R<ALA> 5.493000 46.033001 43.231998
c<E>r<61>R<GLU> 8.932000 47.561001 42.835999
c<E>r<62>R<GLY> 8.206000 50.445000 40.476002
c<E>r<63>R<LEU> 4.460000 51.025002 41.053001
c<E>r<90>R<GLY> -7.559000 45.730000 31.711000
c<E>r<91>R<TYR> -8.662000 43.155998 34.158001
c<E>r<92>R<TYR> -8.005000 43.617001 37.846001
c<E>r<93>R<PHE> -8.409000 40.691002 40.219002
c<E>r<94>R<CYS> -7.387000 39.527000 43.680000
c<E>r<95>R<SER> -5.342000 36.682999 44.993999
c<E>r<99>R<ASN> -2.289000 26.535999 52.977001
c<E>r<100>R<SER> -0.231000 26.704000 49.813000
c<E>r<101>R<ILE> -3.182000 27.052000 47.398998
c<E>r<102>R<MET> -3.529000 30.367001 45.493000
c<E>r<103>R<TYR> -7.130000 31.334999 45.035000
c<E>r<104>R<PHE> -8.126000 34.004002 42.530998
c<E>r<105>R<SER> -11.195000 36.181999 42.294998
c<E>r<106>R<HIS> -13.165000 36.847000 39.199001
c<E>r<107>R<PHE> -12.023000 39.694000 36.952999
c<E>r<108>R<VAL> -13.150000 43.257000 37.270000
c<E>r<109>R<PRO> -12.982000 44.624001 33.691002
