c<A>r<7>R<TYR> 29.337999 35.550999 33.500999
c<A>r<8>R<PHE> 27.427000 38.794998 33.034000
c<A>r<9>R<PHE> 28.091999 41.188999 30.143999
c<A>r<10>R<THR> 26.622000 44.605999 29.549000
c<A>r<11>R<SER> 27.277000 46.862999 26.544001
c<A>r<12>R<VAL> 25.764999 50.337002 26.260000
c<A>r<22>R<PHE> 31.379000 47.348999 28.135000
c<A>r<23>R<ILE> 31.427999 45.737000 31.587000
c<A>r<24>R<ALA> 31.959999 42.040001 32.231998
c<A>r<25>R<VAL> 31.794001 40.330002 35.617001
c<A>r<26>R<GLY> 32.292000 36.712002 36.612999
c<A>r<32>R<GLN> 32.313000 38.022999 42.125999
c<A>r<34>R<VAL> 36.800999 38.792000 37.988998
c<A>r<35>R<ARG> 35.907001 41.944000 36.075001
c<A>r<36>R<PHE> 36.590000 43.811001 32.870998
c<A>r<37>R<ASP> 35.597000 47.423000 32.369999
c<A>r<48>R<ARG> 38.245998 40.474998 42.348999
c<A>r<91>R<GLY> 19.556999 56.912998 21.174999
c<A>r<92>R<SER> 21.603001 54.827999 23.586000
c<A>r<93>R<HIS> 20.749001 51.122002 23.665001
c<A>r<94>R<THR> 21.830999 48.167000 25.771000
c<A>r<96>R<GLN> 23.038000 42.138000 28.087999
c<A>r<97>R<ARG> 24.247999 38.555000 28.028000
c<A>r<98>R<MET> 24.492001 35.990002 30.836000
c<A>r<99>R<TYR> 25.766001 32.445999 30.549999
c<A>r<113>R<TYR> 22.305000 28.386000 30.282000
c<A>r<114>R<HIS> 22.780001 31.308001 27.899000
c<A>r<115>R<GLN> 20.495001 34.320999 27.812000
c<A>r<116>R<TYR> 20.582001 37.528000 25.733000
c<A>r<117>R<ALA> 18.540001 40.773998 26.129000
c<A>r<118>R<TYR> 18.180000 43.946999 24.110001
c<A>r<119>R<ASP> 16.982000 47.141998 25.885000
c<A>r<120>R<GLY> 16.190001 45.116001 29.025000
c<A>r<121>R<LYS> 13.888000 42.639000 27.341000
c<A>r<122>R<ASP> 14.388000 39.033001 26.395000
c<A>r<124>R<ILE> 17.159000 35.094002 22.473000
c<A>r<125>R<ALA> 18.089001 32.229000 24.865000
c<A>r<126>R<LEU> 19.268000 28.673000 24.723000
c<A>r<127>R<LYS> 16.625999 26.136999 25.722000
c<A>r<128>R<GLU> 17.281000 23.865000 28.730000
c<A>r<134>R<THR> 13.915000 30.563999 22.224001
c<A>r<135>R<ALA> 13.428000 33.762001 20.183001
c<A>r<136>R<ALA> 11.190000 36.341000 21.865999
c<A>r<190>R<THR> 14.726000 43.500999 68.646004
c<A>r<194>R<VAL> 5.372000 52.094002 68.896004
c<A>r<195>R<SER> 2.752000 53.200001 71.494003
c<A>r<196>R<ASP> 1.771000 52.327999 74.992996
c<A>r<197>R<HIS> -0.112000 49.306000 73.612000
c<A>r<198>R<GLU> 1.808000 48.018002 70.574997
c<A>r<199>R<ALA> 5.326000 47.027000 69.820000
c<A>r<200>R<THR> 7.411000 46.118999 66.792999
c<A>r<202>R<ARG> 12.161000 42.851002 64.130997
c<A>r<204>R<TRP> 17.445000 40.141998 61.792999
c<A>r<206>R<LEU> 23.084000 38.990002 59.272999
c<A>r<207>R<SER> 26.393000 37.959999 57.799000
c<A>r<212>R<GLU> 19.135000 32.808998 49.337002
c<A>r<216>R<THR> 8.729000 34.004002 58.026001
c<A>r<217>R<TRP> 6.694000 35.178001 61.007999
c<A>r<218>R<GLN> 4.152000 32.912998 62.730000
c<A>r<219>R<ARG> 1.497000 33.611000 65.343002
c<A>r<221>R<GLY> 2.226000 28.344000 64.971001
c<A>r<222>R<GLU> 0.649000 29.575001 61.660000
c<A>r<223>R<ASP> 2.125000 31.919001 59.007000
c<A>r<224>R<GLN> 1.443000 35.615002 59.601002
c<A>r<225>R<THR> 1.871000 37.938999 56.636002
c<A>r<226>R<GLN> -0.513000 40.702000 57.791000
c<A>r<227>R<ASP> 0.968000 43.514000 59.835999
c<A>r<228>R<THR> 4.492000 42.528999 58.695000
c<A>r<229>R<GLU> 7.215000 44.534000 56.841000
c<A>r<230>R<LEU> 10.607000 43.618000 55.452000
c<A>r<231>R<VAL> 13.543000 44.602001 53.382000
c<A>r<232>R<GLU> 14.963000 42.966000 50.327999
c<A>r<233>R<THR> 18.156000 40.958000 50.844002
c<A>r<234>R<ARG> 21.117001 43.311001 50.604000
c<A>r<235>R<PRO> 24.889000 42.994999 50.493999
c<A>r<236>R<ALA> 26.858999 43.799000 53.640999
c<A>r<237>R<GLY> 29.886000 44.768002 51.530998
c<A>r<238>R<ASP> 32.181999 42.084000 52.898998
c<A>r<240>R<THR> 27.881001 38.389000 53.034000
c<A>r<241>R<PHE> 24.246000 39.419998 53.004002
c<A>r<242>R<GLN> 21.606001 40.904999 55.354000
c<A>r<243>R<LYS> 17.815001 40.811001 55.701000
c<A>r<244>R<TRP> 15.155000 41.605000 58.272999
c<A>r<245>R<ALA> 11.409000 41.066002 58.727001
c<A>r<247>R<VAL> 5.668000 42.521999 62.737000
c<A>r<248>R<VAL> 3.600000 44.887001 64.885002
c<A>r<249>R<VAL> 1.937000 43.165001 67.835999
c<A>r<250>R<PRO> -0.109000 44.015999 70.910004
c<A>r<251>R<SER> 2.207000 44.722000 73.843002
c<A>r<253>R<GLN> 1.525000 39.265999 73.445999
c<B>r<0>R<MET> 12.467000 51.587002 25.632999
c<B>r<1>R<ILE> 11.798000 50.077999 29.066000
c<B>r<2>R<GLN> 12.717000 52.334000 32.011002
c<B>r<3>R<ARG> 12.702000 51.175999 35.609001
c<B>r<4>R<THR> 13.318000 53.394001 38.555000
c<B>r<5>R<PRO> 15.907000 52.442001 41.178001
c<B>r<6>R<LYS> 15.034000 50.894001 44.536999
c<B>r<7>R<ILE> 17.323999 52.334999 47.229000
c<B>r<8>R<GLN> 18.497000 51.047001 50.617001
c<B>r<9>R<VAL> 20.862000 53.020000 52.838001
c<B>r<10>R<TYR> 22.365999 51.153000 55.792000
c<B>r<11>R<SER> 25.525999 50.382999 57.706001
c<B>r<12>R<ARG> 27.457001 47.160999 57.488998
c<B>r<13>R<HIS> 27.472000 46.786999 61.313000
c<B>r<22>R<PHE> 30.818001 51.174999 56.630001
c<B>r<23>R<LEU> 27.938999 53.118000 55.015999
c<B>r<24>R<ASN> 26.216000 51.417000 52.139999
c<B>r<25>R<CYS> 23.827999 52.591999 49.487999
c<B>r<26>R<TYR> 22.375000 49.638000 47.526001
c<B>r<27>R<VAL> 20.605000 50.622002 44.319000
c<B>r<28>R<SER> 18.709999 47.946999 42.375000
c<B>r<29>R<GLY> 15.939000 47.270000 39.941002
c<B>r<30>R<PHE> 16.822001 50.034000 37.544998
c<B>r<31>R<HIS> 17.167000 50.278999 33.740002
c<B>r<32>R<PRO> 18.989000 51.755001 31.856001
c<B>r<33>R<SER> 22.313999 51.377998 33.665001
c<B>r<34>R<ASP> 23.497000 54.999001 33.775002
c<B>r<51>R<HIS> 31.264000 51.049999 44.078999
c<B>r<52>R<SER> 30.770000 47.548000 42.854000
c<B>r<53>R<ASP> 30.973000 46.397999 39.256001
c<B>r<54>R<LEU> 27.695999 46.581001 37.313999
c<B>r<55>R<SER> 25.636999 43.423000 37.339001
c<B>r<56>R<PHE> 22.017000 42.466000 36.776001
c<B>r<57>R<SER> 19.139000 40.338001 37.926998
c<B>r<58>R<LYS> 16.738001 37.825001 36.421001
c<B>r<59>R<ASP> 14.503000 40.515999 35.063999
c<B>r<60>R<TRP> 17.539000 42.201000 33.459000
c<B>r<61>R<SER> 17.455000 45.129002 35.889999
c<B>r<62>R<PHE> 20.738001 46.423000 37.195999
c<B>r<64>R<LEU> 25.143000 48.401001 42.333000
c<B>r<65>R<LEU> 26.545000 48.867001 45.833000
c<B>r<66>R<TYR> 28.194000 52.213001 46.737999
c<B>r<67>R<TYR> 30.122999 52.285999 50.050999
c<B>r<68>R<THR> 32.546001 54.087002 52.256001
c<B>r<79>R<ALA> 22.198000 60.058998 53.215000
c<B>r<81>R<ARG> 21.688000 60.868999 46.701000
c<B>r<89>R<GLN> 15.473000 65.611000 40.379002
c<B>r<90>R<PRO> 18.020000 63.807999 42.597000
c<B>r<91>R<LYS> 16.393999 61.525002 45.162998
c<B>r<92>R<ILE> 17.864000 61.698002 48.651001
c<B>r<93>R<VAL> 17.323999 58.918999 51.148998
c<B>r<94>R<LYS> 18.385000 59.483002 54.782001
c<B>r<96>R<ASP> 18.194000 55.577999 59.687000
c<B>r<98>R<ASP> 17.617001 51.055000 63.007999
c<B>r<99>R<MET> 16.974001 49.542999 59.612000
c<D>r<31>R<SER> -17.361000 45.171001 50.789001
c<D>r<32>R<GLY> -16.414000 48.619999 52.146000
c<D>r<34>R<SER> -9.655000 48.359001 52.924999
c<D>r<36>R<LEU> -3.386000 48.681000 52.297001
c<D>r<37>R<PHE> 0.283000 49.676998 52.537998
c<D>r<38>R<GLN> 3.206000 48.491001 50.422001
c<D>r<39>R<PRO> 6.802000 49.709999 51.173000
c<D>r<40>R<ARG> 7.945000 49.562000 47.493999
c<D>r<41>R<GLY> 6.274000 46.402000 46.176998
c<D>r<42>R<ALA> 9.514000 44.984001 44.821999
c<D>r<43>R<ALA> 10.083000 42.772999 47.895000
c<D>r<44>R<ALA> 7.118000 42.890999 50.182999
c<D>r<45>R<SER> 3.559000 42.042000 49.448002
c<D>r<46>R<PRO> 0.699000 44.356998 50.618000
c<D>r<47>R<THR> 0.024000 44.875999 54.280998
c<D>r<48>R<PHE> -3.612000 45.228001 55.412998
c<D>r<49>R<LEU> -4.167000 48.265999 57.578999
c<D>r<50>R<LEU> -7.961000 48.882999 57.972000
c<D>r<51>R<TYR> -11.311000 47.645000 56.830002
c<D>r<52>R<LEU> -14.032000 50.333000 56.861000
c<D>r<53>R<SER> -17.735001 49.716000 56.284000
c<D>r<57>R<PRO> -13.270000 49.812000 61.651001
c<D>r<58>R<LYS> -11.509000 46.479000 61.651001
c<D>r<59>R<ALA> -7.783000 47.078999 62.096001
c<D>r<60>R<ALA> -5.163000 44.497002 61.264000
c<D>r<61>R<GLU> -4.314000 42.598999 64.425003
c<D>r<62>R<GLY> -1.438000 44.666000 65.792000
c<D>r<63>R<LEU> -2.037000 48.068001 64.127998
c<D>r<64>R<ASP> -1.182000 51.113998 66.227997
c<D>r<65>R<THR> -4.773000 52.293999 66.620003
c<D>r<66>R<GLN> -3.548000 55.423000 68.330002
c<D>r<67>R<ARG> -1.935000 56.438000 65.042000
c<D>r<86>R<ARG> 9.985000 57.077000 58.485001
c<D>r<87>R<GLU> 8.744000 53.415001 58.756001
c<D>r<90>R<GLY> 5.484000 53.745998 51.053001
c<D>r<91>R<TYR> 2.512000 53.339001 48.856998
c<D>r<92>R<TYR> -0.969000 53.419998 50.316002
c<D>r<93>R<PHE> -3.915000 52.236000 48.247002
c<D>r<94>R<CYS> -7.495000 51.046001 48.611000
c<D>r<95>R<SER> -9.287000 47.848999 47.858002
c<D>r<99>R<ASN> -19.075001 40.148998 43.285000
c<D>r<100>R<SER> -15.862000 38.306000 44.030998
c<D>r<101>R<ILE> -13.554000 40.660000 42.084000
c<D>r<102>R<MET> -11.014000 42.717999 44.101002
c<D>r<103>R<TYR> -10.516000 46.137001 42.627998
c<D>r<104>R<PHE> -7.555000 48.282001 43.638000
c<D>r<105>R<SER> -6.999000 52.007000 43.466999
c<D>r<106>R<HIS> -3.918000 53.698002 42.223000
c<D>r<107>R<PHE> -1.082000 54.251999 44.693001
c<D>r<108>R<VAL> -0.697000 57.286999 46.866001
c<D>r<109>R<PRO> 3.093000 57.630001 47.347000
c<D>r<112>R<LEU> 9.371000 62.113998 52.939999
c<D>r<113>R<PRO> 10.790000 65.031998 50.808998
c<D>r<114>R<ALA> 14.330000 64.611000 49.574001
c<E>r<1>R<SER> 2.150000 34.219002 56.277000
c<E>r<2>R<GLN> -0.980000 32.102001 56.639000
c<E>r<3>R<PHE> 0.206000 30.907000 53.229000
c<E>r<4>R<ARG> 3.038000 28.912001 51.775002
c<E>r<9>R<ASP> 14.163000 29.886999 43.479000
c<E>r<10>R<ARG> 13.643000 29.294001 39.789001
c<E>r<11>R<THR> 12.857000 31.141001 36.570000
c<E>r<13>R<ASN> 11.430000 30.437000 29.806999
c<E>r<14>R<LEU> 9.085000 32.069000 27.264000
c<E>r<15>R<GLY> 6.420000 29.604000 26.253000
c<E>r<24>R<VAL> -3.614000 28.372999 52.840000
c<E>r<25>R<LEU> -2.616000 27.784000 56.424999
c<E>r<26>R<LEU> -5.235000 30.292000 57.613998
c<E>r<27>R<SER> -7.011000 29.025000 60.713001
c<E>r<31>R<SER> -13.274000 33.731998 51.090000
c<E>r<32>R<GLY> -11.368000 31.278999 48.856998
c<E>r<34>R<SER> -7.557000 35.231998 44.831001
c<E>r<36>R<LEU> -3.016000 38.685001 42.139000
c<E>r<38>R<GLN> 2.070000 42.953999 40.426998
c<E>r<39>R<PRO> 4.708000 43.911999 37.761002
c<E>r<40>R<ARG> 7.216000 45.335999 40.319000
c<E>r<41>R<GLY> 4.992000 47.133999 42.832001
c<E>r<42>R<ALA> 6.949000 50.368000 42.590000
c<E>r<43>R<ALA> 4.492000 51.919998 40.097000
c<E>r<44>R<ALA> 1.495000 49.720001 39.640999
c<E>r<45>R<SER> -0.915000 48.484001 42.209000
c<E>r<46>R<PRO> -2.018000 44.785000 42.256001
c<E>r<47>R<THR> -4.005000 43.337002 39.410999
c<E>r<48>R<PHE> -6.716000 40.766998 40.230000
c<E>r<49>R<LEU> -6.425000 37.638000 38.144001
c<E>r<50>R<LEU> -8.713000 34.896000 39.619999
c<E>r<51>R<TYR> -11.005000 34.164001 42.493999
c<E>r<52>R<LEU> -11.231000 30.445999 43.368999
c<E>r<53>R<SER> -13.680000 28.915001 45.835999
c<E>r<57>R<PRO> -13.458000 30.455000 39.027000
c<E>r<58>R<LYS> -14.239000 34.132000 38.728001
c<E>r<59>R<ALA> -11.717000 35.713001 36.362999
c<E>r<60>R<ALA> -11.092000 39.429001 36.199001
c<E>r<61>R<GLU> -13.231000 40.875000 33.432999
c<E>r<85>R<ARG> 5.076000 35.764999 27.488001
c<E>r<86>R<ARG> 7.295000 38.560001 28.676001
c<E>r<89>R<GLU> 6.952000 38.695000 34.348000
c<E>r<90>R<GLY> 6.237000 39.949001 37.816002
c<E>r<91>R<TYR> 5.197000 38.956001 41.243999
c<E>r<92>R<TYR> 2.264000 36.634998 41.755001
c<E>r<93>R<PHE> 0.731000 36.254002 45.200001
c<E>r<94>R<CYS> -2.443000 35.084999 46.911999
c<E>r<95>R<SER> -5.053000 36.744999 49.015999
c<E>r<99>R<ASN> -13.471000 38.088001 59.181999
c<E>r<100>R<SER> -12.837000 41.272999 57.252998
c<E>r<101>R<ILE> -9.015000 41.060001 57.317001
c<E>r<102>R<MET> -7.215000 40.518002 53.967999
c<E>r<103>R<TYR> -4.187000 38.330002 54.356998
c<E>r<104>R<PHE> -1.558000 38.138000 51.630001
c<E>r<105>R<SER> 1.026000 35.508999 50.835999
c<E>r<106>R<HIS> 4.611000 36.146999 50.034000
c<E>r<107>R<PHE> 5.509000 36.896000 46.417000
c<E>r<108>R<VAL> 6.403000 34.308998 43.852001
c<E>r<109>R<PRO> 8.799000 36.125000 41.471001
c<E>r<110>R<VAL> 8.014000 34.737999 38.013000
c<E>r<111>R<PHE> 10.852000 36.050999 35.921001
c<E>r<112>R<LEU> 12.594000 35.158001 32.783001
c<E>r<113>R<PRO> 16.260000 34.016998 33.352001
c<E>r<114>R<ALA> 18.923000 36.604000 32.681999
