c<A>r<1>R<GLY> 26.062000 20.927000 47.353001
c<A>r<2>R<SER> 25.622999 22.414000 43.820999
c<A>r<3>R<HIS> 27.591000 25.330999 42.537998
c<A>r<4>R<SER> 27.514999 27.690001 39.577000
c<A>r<7>R<TYR> 29.337999 35.550999 33.500999
c<A>r<8>R<PHE> 27.427000 38.794998 33.034000
c<A>r<9>R<PHE> 28.091999 41.188999 30.143999
c<A>r<10>R<THR> 26.622000 44.605999 29.549000
c<A>r<11>R<SER> 27.277000 46.862999 26.544001
c<A>r<12>R<VAL> 25.764999 50.337002 26.260000
c<A>r<22>R<PHE> 31.379000 47.348999 28.135000
c<A>r<23>R<ILE> 31.427999 45.737000 31.587000
c<A>r<24>R<ALA> 31.959999 42.040001 32.231998
c<A>r<25>R<VAL> 31.794001 40.330002 35.617001
c<A>r<26>R<GLY> 32.292000 36.712002 36.612999
c<A>r<32>R<GLN> 32.313000 38.022999 42.125999
c<A>r<34>R<VAL> 36.800999 38.792000 37.988998
c<A>r<35>R<ARG> 35.907001 41.944000 36.075001
c<A>r<36>R<PHE> 36.590000 43.811001 32.870998
c<A>r<37>R<ASP> 35.597000 47.423000 32.369999
c<A>r<48>R<ARG> 38.245998 40.474998 42.348999
c<A>r<91>R<GLY> 19.556999 56.912998 21.174999
c<A>r<92>R<SER> 21.603001 54.827999 23.586000
c<A>r<93>R<HIS> 20.749001 51.122002 23.665001
c<A>r<94>R<THR> 21.830999 48.167000 25.771000
c<A>r<96>R<GLN> 23.038000 42.138000 28.087999
c<A>r<97>R<ARG> 24.247999 38.555000 28.028000
c<A>r<98>R<MET> 24.492001 35.990002 30.836000
c<A>r<102>R<ASP> 26.231001 24.430000 37.289001
c<A>r<103>R<VAL> 27.768999 21.344000 38.832001
c<A>r<104>R<GLY> 25.988001 19.138000 41.282001
c<A>r<105>R<SER> 27.160000 17.601000 44.471001
c<A>r<106>R<ASP> 28.841999 14.934000 42.473000
c<A>r<107>R<TRP> 30.997000 17.702000 40.893002
c<A>r<108>R<ARG> 29.632000 16.770000 37.451000
c<A>r<109>R<PHE> 27.775999 18.924999 34.944000
c<A>r<110>R<LEU> 24.223000 19.641001 36.071999
c<A>r<111>R<ARG> 22.912001 22.358999 33.786999
c<A>r<112>R<GLY> 23.931999 25.172001 31.455000
c<A>r<116>R<TYR> 20.582001 37.528000 25.733000
c<A>r<117>R<ALA> 18.540001 40.773998 26.129000
c<A>r<118>R<TYR> 18.180000 43.946999 24.110001
c<A>r<119>R<ASP> 16.982000 47.141998 25.885000
c<A>r<120>R<GLY> 16.190001 45.116001 29.025000
c<A>r<121>R<LYS> 13.888000 42.639000 27.341000
c<A>r<122>R<ASP> 14.388000 39.033001 26.395000
c<A>r<127>R<LYS> 16.625999 26.136999 25.722000
c<A>r<128>R<GLU> 17.281000 23.865000 28.730000
c<A>r<129>R<ASP> 18.729000 21.045000 26.570000
c<A>r<130>R<LEU> 21.318001 23.400999 25.086000
c<A>r<131>R<ARG> 20.374001 22.302000 21.584000
c<A>r<154>R<GLU> 26.665001 22.927000 19.664000
c<A>r<157>R<ARG> 27.176001 23.382000 24.613001
c<A>r<158>R<ALA> 30.729000 22.136999 24.132000
c<A>r<161>R<GLU> 29.379999 20.926001 29.398001
c<A>r<180>R<GLN> 32.567001 25.885000 49.702000
c<A>r<182>R<THR> 28.318001 28.365999 54.070000
c<A>r<190>R<THR> 14.726000 43.500999 68.646004
c<A>r<202>R<ARG> 12.161000 42.851002 64.130997
c<A>r<204>R<TRP> 17.445000 40.141998 61.792999
c<A>r<206>R<LEU> 23.084000 38.990002 59.272999
c<A>r<207>R<SER> 26.393000 37.959999 57.799000
c<A>r<212>R<GLU> 19.135000 32.808998 49.337002
c<A>r<213>R<ILE> 17.195000 32.959000 52.604000
c<A>r<214>R<THR> 13.590000 32.835999 53.938999
c<A>r<215>R<LEU> 12.310000 34.750000 56.938999
c<A>r<216>R<THR> 8.729000 34.004002 58.026001
c<A>r<230>R<LEU> 10.607000 43.618000 55.452000
c<A>r<231>R<VAL> 13.543000 44.602001 53.382000
c<A>r<232>R<GLU> 14.963000 42.966000 50.327999
c<A>r<234>R<ARG> 21.117001 43.311001 50.604000
c<A>r<235>R<PRO> 24.889000 42.994999 50.493999
c<A>r<236>R<ALA> 26.858999 43.799000 53.640999
c<A>r<237>R<GLY> 29.886000 44.768002 51.530998
c<A>r<238>R<ASP> 32.181999 42.084000 52.898998
c<A>r<240>R<THR> 27.881001 38.389000 53.034000
c<A>r<241>R<PHE> 24.246000 39.419998 53.004002
c<A>r<242>R<GLN> 21.606001 40.904999 55.354000
c<A>r<243>R<LYS> 17.815001 40.811001 55.701000
c<A>r<244>R<TRP> 15.155000 41.605000 58.272999
c<A>r<261>R<VAL> 14.751000 31.356001 59.382999
c<A>r<262>R<GLN> 15.636000 28.930000 56.563000
c<A>r<263>R<HIS> 19.098000 29.000999 55.029999
c<A>r<264>R<GLU> 21.375000 26.351000 53.511002
c<A>r<265>R<GLY> 23.954000 26.945000 56.241001
c<A>r<266>R<LEU> 21.433001 25.830999 58.841999
c<A>r<267>R<PRO> 21.061001 22.047001 59.393002
c<A>r<268>R<LYS> 17.549000 22.826000 60.590000
c<A>r<269>R<PRO> 15.583000 26.094999 60.412998
c<B>r<0>R<MET> 12.467000 51.587002 25.632999
c<B>r<1>R<ILE> 11.798000 50.077999 29.066000
c<B>r<2>R<GLN> 12.717000 52.334000 32.011002
c<B>r<3>R<ARG> 12.702000 51.175999 35.609001
c<B>r<6>R<LYS> 15.034000 50.894001 44.536999
c<B>r<8>R<GLN> 18.497000 51.047001 50.617001
c<B>r<9>R<VAL> 20.862000 53.020000 52.838001
c<B>r<10>R<TYR> 22.365999 51.153000 55.792000
c<B>r<11>R<SER> 25.525999 50.382999 57.706001
c<B>r<12>R<ARG> 27.457001 47.160999 57.488998
c<B>r<13>R<HIS> 27.472000 46.786999 61.313000
c<B>r<22>R<PHE> 30.818001 51.174999 56.630001
c<B>r<23>R<LEU> 27.938999 53.118000 55.015999
c<B>r<24>R<ASN> 26.216000 51.417000 52.139999
c<B>r<25>R<CYS> 23.827999 52.591999 49.487999
c<B>r<26>R<TYR> 22.375000 49.638000 47.526001
c<B>r<27>R<VAL> 20.605000 50.622002 44.319000
c<B>r<28>R<SER> 18.709999 47.946999 42.375000
c<B>r<30>R<PHE> 16.822001 50.034000 37.544998
c<B>r<31>R<HIS> 17.167000 50.278999 33.740002
c<B>r<32>R<PRO> 18.989000 51.755001 31.856001
c<B>r<33>R<SER> 22.313999 51.377998 33.665001
c<B>r<34>R<ASP> 23.497000 54.999001 33.775002
c<B>r<51>R<HIS> 31.264000 51.049999 44.078999
c<B>r<52>R<SER> 30.770000 47.548000 42.854000
c<B>r<53>R<ASP> 30.973000 46.397999 39.256001
c<B>r<54>R<LEU> 27.695999 46.581001 37.313999
c<B>r<55>R<SER> 25.636999 43.423000 37.339001
c<B>r<56>R<PHE> 22.017000 42.466000 36.776001
c<B>r<57>R<SER> 19.139000 40.338001 37.926998
c<B>r<58>R<LYS> 16.738001 37.825001 36.421001
c<B>r<59>R<ASP> 14.503000 40.515999 35.063999
c<B>r<60>R<TRP> 17.539000 42.201000 33.459000
c<B>r<61>R<SER> 17.455000 45.129002 35.889999
c<B>r<62>R<PHE> 20.738001 46.423000 37.195999
c<B>r<64>R<LEU> 25.143000 48.401001 42.333000
c<B>r<65>R<LEU> 26.545000 48.867001 45.833000
c<B>r<66>R<TYR> 28.194000 52.213001 46.737999
c<B>r<67>R<TYR> 30.122999 52.285999 50.050999
c<B>r<68>R<THR> 32.546001 54.087002 52.256001
c<B>r<98>R<ASP> 17.617001 51.055000 63.007999
c<B>r<99>R<MET> 16.974001 49.542999 59.612000
c<D>r<14>R<LEU> 10.582000 29.242001 46.624001
c<D>r<15>R<GLY> 11.313000 28.580000 50.262001
c<D>r<16>R<GLU> 8.772000 25.671000 50.377998
c<D>r<17>R<THR> 9.755000 22.429001 51.969002
c<D>r<31>R<SER> 19.617001 -2.182000 47.716000
c<D>r<32>R<GLY> 17.496000 0.449000 49.507999
c<D>r<34>R<SER> 18.542999 6.182000 45.988998
c<D>r<36>R<LEU> 18.315001 11.069000 42.005001
c<D>r<37>R<PHE> 17.829000 14.502000 40.426998
c<D>r<38>R<GLN> 17.871000 15.448000 36.749001
c<D>r<39>R<PRO> 17.465000 19.141001 35.661999
c<D>r<40>R<ARG> 15.688000 18.285999 32.349998
c<D>r<41>R<GLY> 17.541000 15.192000 31.125999
c<D>r<42>R<ALA> 18.205999 16.669001 27.702000
c<D>r<43>R<ALA> 21.749001 17.782000 28.632000
c<D>r<44>R<ALA> 22.695999 16.500999 32.022999
c<D>r<45>R<SER> 22.801001 12.977000 33.249001
c<D>r<46>R<PRO> 21.305000 12.041000 36.682999
c<D>r<47>R<THR> 22.790001 13.398000 39.860001
c<D>r<48>R<PHE> 22.879000 11.116000 42.928001
c<D>r<49>R<LEU> 21.448000 12.767000 46.002998
c<D>r<50>R<LEU> 20.909000 10.105000 48.751999
c<D>r<51>R<TYR> 21.136000 6.422000 49.412998
c<D>r<52>R<LEU> 18.724001 5.195000 52.116001
c<D>r<53>R<SER> 18.709999 1.712000 53.631001
c<D>r<57>R<PRO> 21.775000 7.872000 54.823002
c<D>r<58>R<LYS> 24.688999 8.106000 52.442001
c<D>r<59>R<ALA> 24.649000 11.540000 50.813999
c<D>r<60>R<ALA> 26.535999 12.346000 47.648998
c<D>r<61>R<GLU> 29.879000 13.838000 48.604000
c<D>r<62>R<GLY> 29.046000 17.540001 48.714001
c<D>r<63>R<LEU> 25.253000 17.489000 49.272999
c<D>r<64>R<ASP> 23.864000 20.250000 51.479000
c<D>r<65>R<THR> 22.863001 17.952999 54.335999
c<D>r<66>R<GLN> 21.218000 20.861000 56.084000
c<D>r<67>R<ARG> 18.698999 20.983999 53.242001
c<D>r<68>R<PHE> 18.528000 17.464001 51.870998
c<D>r<69>R<SER> 17.372000 14.840000 54.358002
c<D>r<82>R<SER> 13.783000 22.250000 52.980999
c<D>r<83>R<ASP> 14.507000 25.583000 51.230000
c<D>r<84>R<PHE> 13.311000 25.277000 47.651001
c<D>r<85>R<ARG> 15.641000 27.447001 45.648998
c<D>r<86>R<ARG> 15.371000 27.768000 41.910999
c<D>r<87>R<GLU> 18.524000 25.587999 41.347000
c<D>r<88>R<ASN> 16.468000 22.684000 42.671001
c<D>r<90>R<GLY> 13.921000 19.459000 37.983002
c<D>r<91>R<TYR> 12.907000 15.882000 38.018002
c<D>r<92>R<TYR> 13.410000 13.783000 41.115002
c<D>r<93>R<PHE> 13.119000 10.010000 40.910000
c<D>r<94>R<CYS> 14.100000 6.863000 42.782001
c<D>r<95>R<SER> 16.280001 3.922000 42.008999
c<D>r<99>R<ASN> 19.721001 -8.877000 41.418999
c<D>r<100>R<SER> 21.868000 -6.588000 39.314999
c<D>r<101>R<ILE> 18.982000 -4.797000 37.548000
c<D>r<102>R<MET> 18.483000 -1.065000 38.308998
c<D>r<103>R<TYR> 14.845000 -0.134000 38.365002
c<D>r<104>R<PHE> 13.759000 3.497000 38.207001
c<D>r<105>R<SER> 10.565000 5.194000 39.268002
c<D>r<106>R<HIS> 8.660000 7.702000 37.272999
c<D>r<107>R<PHE> 9.689000 11.350000 37.569000
c<D>r<108>R<VAL> 8.321000 13.762000 40.097000
c<D>r<109>R<PRO> 8.520000 17.173000 38.353001
c<E>r<1>R<SER> 32.963001 12.253000 35.705002
c<E>r<2>R<GLN> 34.750000 9.138000 36.938000
c<E>r<9>R<ASP> 30.482000 14.413000 17.927000
c<E>r<31>R<SER> 29.659000 -2.817000 40.904999
c<E>r<32>R<GLY> 30.643999 -3.199000 37.228001
c<E>r<34>R<SER> 25.389000 -0.598000 33.765999
c<E>r<36>R<LEU> 21.313999 3.040000 30.613001
c<E>r<38>R<GLN> 17.108999 7.869000 28.157000
c<E>r<39>R<PRO> 15.034000 9.092000 25.127001
c<E>r<40>R<ARG> 15.358000 12.826000 26.028999
c<E>r<41>R<GLY> 15.055000 12.848000 29.825001
c<E>r<42>R<ALA> 12.321000 15.469000 29.816000
c<E>r<43>R<ALA> 9.529000 12.868000 30.132999
c<E>r<44>R<ALA> 10.956000 9.448000 30.679001
c<E>r<45>R<SER> 13.226000 8.264000 33.395000
c<E>r<46>R<PRO> 16.299999 6.076000 32.577000
c<E>r<47>R<THR> 15.875000 2.620000 31.159000
c<E>r<48>R<PHE> 18.313000 -0.103000 32.282001
c<E>r<49>R<LEU> 19.848000 -1.962000 29.381001
c<E>r<50>R<LEU> 22.809000 -4.096000 30.650000
c<E>r<51>R<TYR> 24.827000 -4.861000 33.715000
c<E>r<52>R<LEU> 28.413000 -5.959000 32.957001
c<E>r<53>R<SER> 30.875999 -7.326000 35.505001
c<E>r<57>R<PRO> 25.945000 -9.791000 31.216999
c<E>r<58>R<LYS> 22.639999 -9.252000 32.952000
c<E>r<59>R<ALA> 20.194000 -7.759000 30.452999
c<E>r<60>R<ALA> 17.014999 -6.006000 31.475000
c<E>r<61>R<GLU> 14.186000 -8.516000 31.372000
c<E>r<90>R<GLY> 18.493999 8.940000 22.666000
c<E>r<91>R<TYR> 21.104000 9.353000 25.281000
c<E>r<92>R<TYR> 23.153999 6.395000 26.420000
c<E>r<93>R<PHE> 25.228001 6.636000 29.582001
c<E>r<94>R<CYS> 26.937000 4.458000 32.172001
c<E>r<95>R<SER> 26.509001 3.928000 35.849998
c<E>r<99>R<ASN> 30.315001 2.371000 48.464001
c<E>r<100>R<SER> 26.636999 3.115000 48.026001
c<E>r<101>R<ILE> 27.082001 6.158000 45.744999
c<E>r<102>R<MET> 25.854000 5.848000 42.119999
c<E>r<103>R<TYR> 28.089001 7.697000 39.734001
c<E>r<104>R<PHE> 26.948000 8.474000 36.201000
c<E>r<105>R<SER> 28.893000 9.252000 33.066002
c<E>r<106>R<HIS> 28.143999 12.001000 30.660000
c<E>r<107>R<PHE> 25.629000 11.297000 27.896999
c<E>r<108>R<VAL> 26.488001 9.894000 24.525999
c<E>r<109>R<PRO> 23.827999 11.361000 22.184999
