c<A>r<1>R<GLY> 26.062000 20.927000 47.353001
c<A>r<2>R<SER> 25.622999 22.414000 43.820999
c<A>r<7>R<TYR> 29.337999 35.550999 33.500999
c<A>r<8>R<PHE> 27.427000 38.794998 33.034000
c<A>r<9>R<PHE> 28.091999 41.188999 30.143999
c<A>r<10>R<THR> 26.622000 44.605999 29.549000
c<A>r<11>R<SER> 27.277000 46.862999 26.544001
c<A>r<12>R<VAL> 25.764999 50.337002 26.260000
c<A>r<22>R<PHE> 31.379000 47.348999 28.135000
c<A>r<23>R<ILE> 31.427999 45.737000 31.587000
c<A>r<24>R<ALA> 31.959999 42.040001 32.231998
c<A>r<25>R<VAL> 31.794001 40.330002 35.617001
c<A>r<26>R<GLY> 32.292000 36.712002 36.612999
c<A>r<32>R<GLN> 32.313000 38.022999 42.125999
c<A>r<34>R<VAL> 36.800999 38.792000 37.988998
c<A>r<35>R<ARG> 35.907001 41.944000 36.075001
c<A>r<36>R<PHE> 36.590000 43.811001 32.870998
c<A>r<37>R<ASP> 35.597000 47.423000 32.369999
c<A>r<48>R<ARG> 38.245998 40.474998 42.348999
c<A>r<91>R<GLY> 19.556999 56.912998 21.174999
c<A>r<92>R<SER> 21.603001 54.827999 23.586000
c<A>r<93>R<HIS> 20.749001 51.122002 23.665001
c<A>r<94>R<THR> 21.830999 48.167000 25.771000
c<A>r<96>R<GLN> 23.038000 42.138000 28.087999
c<A>r<97>R<ARG> 24.247999 38.555000 28.028000
c<A>r<98>R<MET> 24.492001 35.990002 30.836000
c<A>r<116>R<TYR> 20.582001 37.528000 25.733000
c<A>r<117>R<ALA> 18.540001 40.773998 26.129000
c<A>r<118>R<TYR> 18.180000 43.946999 24.110001
c<A>r<119>R<ASP> 16.982000 47.141998 25.885000
c<A>r<120>R<GLY> 16.190001 45.116001 29.025000
c<A>r<121>R<LYS> 13.888000 42.639000 27.341000
c<A>r<122>R<ASP> 14.388000 39.033001 26.395000
c<A>r<127>R<LYS> 16.625999 26.136999 25.722000
c<A>r<128>R<GLU> 17.281000 23.865000 28.730000
c<A>r<129>R<ASP> 18.729000 21.045000 26.570000
c<A>r<132>R<SER> 17.837999 24.900999 20.402000
c<A>r<133>R<TRP> 16.834000 28.517000 20.841000
c<A>r<134>R<THR> 13.915000 30.563999 22.224001
c<A>r<135>R<ALA> 13.428000 33.762001 20.183001
c<A>r<190>R<THR> 14.726000 43.500999 68.646004
c<A>r<202>R<ARG> 12.161000 42.851002 64.130997
c<A>r<204>R<TRP> 17.445000 40.141998 61.792999
c<A>r<206>R<LEU> 23.084000 38.990002 59.272999
c<A>r<207>R<SER> 26.393000 37.959999 57.799000
c<A>r<211>R<ALA> 22.198999 35.082001 49.589001
c<A>r<212>R<GLU> 19.135000 32.808998 49.337002
c<A>r<213>R<ILE> 17.195000 32.959000 52.604000
c<A>r<214>R<THR> 13.590000 32.835999 53.938999
c<A>r<215>R<LEU> 12.310000 34.750000 56.938999
c<A>r<216>R<THR> 8.729000 34.004002 58.026001
c<A>r<217>R<TRP> 6.694000 35.178001 61.007999
c<A>r<218>R<GLN> 4.152000 32.912998 62.730000
c<A>r<222>R<GLU> 0.649000 29.575001 61.660000
c<A>r<223>R<ASP> 2.125000 31.919001 59.007000
c<A>r<224>R<GLN> 1.443000 35.615002 59.601002
c<A>r<225>R<THR> 1.871000 37.938999 56.636002
c<A>r<226>R<GLN> -0.513000 40.702000 57.791000
c<A>r<227>R<ASP> 0.968000 43.514000 59.835999
c<A>r<228>R<THR> 4.492000 42.528999 58.695000
c<A>r<229>R<GLU> 7.215000 44.534000 56.841000
c<A>r<230>R<LEU> 10.607000 43.618000 55.452000
c<A>r<231>R<VAL> 13.543000 44.602001 53.382000
c<A>r<232>R<GLU> 14.963000 42.966000 50.327999
c<A>r<233>R<THR> 18.156000 40.958000 50.844002
c<A>r<234>R<ARG> 21.117001 43.311001 50.604000
c<A>r<235>R<PRO> 24.889000 42.994999 50.493999
c<A>r<236>R<ALA> 26.858999 43.799000 53.640999
c<A>r<237>R<GLY> 29.886000 44.768002 51.530998
c<A>r<238>R<ASP> 32.181999 42.084000 52.898998
c<A>r<240>R<THR> 27.881001 38.389000 53.034000
c<A>r<241>R<PHE> 24.246000 39.419998 53.004002
c<A>r<242>R<GLN> 21.606001 40.904999 55.354000
c<A>r<243>R<LYS> 17.815001 40.811001 55.701000
c<A>r<244>R<TRP> 15.155000 41.605000 58.272999
c<A>r<245>R<ALA> 11.409000 41.066002 58.727001
c<A>r<246>R<ALA> 9.219000 42.856998 61.298000
c<A>r<247>R<VAL> 5.668000 42.521999 62.737000
c<A>r<248>R<VAL> 3.600000 44.887001 64.885002
c<A>r<261>R<VAL> 14.751000 31.356001 59.382999
c<A>r<262>R<GLN> 15.636000 28.930000 56.563000
c<A>r<263>R<HIS> 19.098000 29.000999 55.029999
c<B>r<0>R<MET> 12.467000 51.587002 25.632999
c<B>r<1>R<ILE> 11.798000 50.077999 29.066000
c<B>r<2>R<GLN> 12.717000 52.334000 32.011002
c<B>r<3>R<ARG> 12.702000 51.175999 35.609001
c<B>r<4>R<THR> 13.318000 53.394001 38.555000
c<B>r<5>R<PRO> 15.907000 52.442001 41.178001
c<B>r<6>R<LYS> 15.034000 50.894001 44.536999
c<B>r<8>R<GLN> 18.497000 51.047001 50.617001
c<B>r<9>R<VAL> 20.862000 53.020000 52.838001
c<B>r<10>R<TYR> 22.365999 51.153000 55.792000
c<B>r<11>R<SER> 25.525999 50.382999 57.706001
c<B>r<12>R<ARG> 27.457001 47.160999 57.488998
c<B>r<13>R<HIS> 27.472000 46.786999 61.313000
c<B>r<22>R<PHE> 30.818001 51.174999 56.630001
c<B>r<23>R<LEU> 27.938999 53.118000 55.015999
c<B>r<24>R<ASN> 26.216000 51.417000 52.139999
c<B>r<25>R<CYS> 23.827999 52.591999 49.487999
c<B>r<26>R<TYR> 22.375000 49.638000 47.526001
c<B>r<27>R<VAL> 20.605000 50.622002 44.319000
c<B>r<28>R<SER> 18.709999 47.946999 42.375000
c<B>r<29>R<GLY> 15.939000 47.270000 39.941002
c<B>r<30>R<PHE> 16.822001 50.034000 37.544998
c<B>r<31>R<HIS> 17.167000 50.278999 33.740002
c<B>r<32>R<PRO> 18.989000 51.755001 31.856001
c<B>r<33>R<SER> 22.313999 51.377998 33.665001
c<B>r<34>R<ASP> 23.497000 54.999001 33.775002
c<B>r<51>R<HIS> 31.264000 51.049999 44.078999
c<B>r<52>R<SER> 30.770000 47.548000 42.854000
c<B>r<53>R<ASP> 30.973000 46.397999 39.256001
c<B>r<54>R<LEU> 27.695999 46.581001 37.313999
c<B>r<55>R<SER> 25.636999 43.423000 37.339001
c<B>r<56>R<PHE> 22.017000 42.466000 36.776001
c<B>r<57>R<SER> 19.139000 40.338001 37.926998
c<B>r<58>R<LYS> 16.738001 37.825001 36.421001
c<B>r<59>R<ASP> 14.503000 40.515999 35.063999
c<B>r<60>R<TRP> 17.539000 42.201000 33.459000
c<B>r<61>R<SER> 17.455000 45.129002 35.889999
c<B>r<62>R<PHE> 20.738001 46.423000 37.195999
c<B>r<64>R<LEU> 25.143000 48.401001 42.333000
c<B>r<65>R<LEU> 26.545000 48.867001 45.833000
c<B>r<66>R<TYR> 28.194000 52.213001 46.737999
c<B>r<67>R<TYR> 30.122999 52.285999 50.050999
c<B>r<68>R<THR> 32.546001 54.087002 52.256001
c<B>r<98>R<ASP> 17.617001 51.055000 63.007999
c<B>r<99>R<MET> 16.974001 49.542999 59.612000
c<D>r<1>R<SER> 10.866000 37.389000 35.939999
c<D>r<2>R<GLN> 12.565000 36.102001 39.080002
c<D>r<3>R<PHE> 11.711000 32.790001 37.414001
c<D>r<4>R<ARG> 12.749000 30.809000 34.395000
c<D>r<5>R<VAL> 10.174000 28.296000 33.001999
c<D>r<6>R<SER> 10.545000 25.254000 30.809000
c<D>r<7>R<PRO> 9.738000 23.462999 28.523001
c<D>r<8>R<LEU> 8.863000 26.025999 25.913000
c<D>r<9>R<ASP> 8.128000 25.955999 22.205000
c<D>r<24>R<VAL> 13.274000 30.570999 41.130001
c<D>r<25>R<LEU> 15.862000 33.268002 40.651001
c<D>r<26>R<LEU> 14.269000 35.352001 43.424000
c<D>r<27>R<SER> 16.923000 36.932999 45.619999
c<D>r<28>R<ASN> 15.448000 35.749001 48.959999
c<D>r<29>R<PRO> 11.927000 34.215000 49.081001
c<D>r<30>R<THR> 9.297000 33.908001 51.819000
c<D>r<31>R<SER> 7.128000 31.052000 50.462002
c<D>r<32>R<GLY> 8.029000 28.066999 48.247002
c<D>r<34>R<SER> 2.805000 27.507000 43.916000
c<D>r<36>R<LEU> -1.197000 27.833000 39.050999
c<D>r<38>R<GLN> -5.273000 29.486000 33.791000
c<D>r<39>R<PRO> -7.360000 28.183001 30.804001
c<D>r<40>R<ARG> -6.887000 31.372999 28.691000
c<D>r<41>R<GLY> -7.117000 34.175999 31.260000
c<D>r<42>R<ALA> -9.756000 36.057999 29.301001
c<D>r<43>R<ALA> -12.632000 34.625000 31.381001
c<D>r<44>R<ALA> -11.318000 32.639999 34.275002
c<D>r<45>R<SER> -9.040000 33.734001 37.021000
c<D>r<46>R<PRO> -6.061000 31.528999 38.105000
c<D>r<47>R<THR> -6.635000 28.153000 39.660000
c<D>r<48>R<PHE> -4.275000 27.027000 42.450001
c<D>r<49>R<LEU> -2.862000 23.582001 41.849998
c<D>r<50>R<LEU> 0.045000 22.943001 44.314999
c<D>r<51>R<TYR> 2.092000 24.586000 46.991001
c<D>r<52>R<LEU> 5.622000 23.148001 47.324001
c<D>r<53>R<SER> 8.082000 23.986000 50.094002
c<D>r<54>R<GLN> 11.104000 21.856001 51.178001
c<D>r<57>R<PRO> 2.987000 19.360001 48.909000
c<D>r<58>R<LYS> -0.263000 21.121000 49.652000
c<D>r<59>R<ALA> -2.702000 20.403999 46.826000
c<D>r<60>R<ALA> -5.797000 22.466000 46.199001
c<D>r<61>R<GLU> -8.715000 20.788000 47.926998
c<D>r<74>R<GLY> 17.171000 22.902000 44.651001
c<D>r<75>R<ASP> 15.391000 26.118000 43.520000
c<D>r<90>R<GLY> -3.956000 26.149000 29.281000
c<D>r<91>R<TYR> -1.282000 28.243000 30.796000
c<D>r<92>R<TYR> 0.683000 26.983000 33.762001
c<D>r<93>R<PHE> 2.823000 29.381001 35.770000
c<D>r<94>R<CYS> 4.501000 29.725000 39.151001
c<D>r<95>R<SER> 4.124000 32.070000 42.042000
c<D>r<97>R<LEU> 6.355000 35.452999 47.674999
c<D>r<98>R<SER> 9.105000 37.680000 49.028000
c<D>r<99>R<ASN> 8.111000 40.088001 51.832001
c<D>r<100>R<SER> 4.453000 40.415001 50.941002
c<D>r<101>R<ILE> 4.963000 40.803001 47.166000
c<D>r<102>R<MET> 3.657000 37.987000 44.903999
c<D>r<103>R<TYR> 5.910000 37.417999 41.953999
c<D>r<104>R<PHE> 4.732000 35.405998 38.960999
c<D>r<105>R<SER> 6.643000 33.570999 36.279999
c<D>r<106>R<HIS> 5.947000 33.710999 32.619999
c<D>r<107>R<PHE> 3.357000 31.308001 31.218000
c<D>r<108>R<VAL> 4.102000 27.853001 29.955999
c<D>r<109>R<PRO> 1.451000 27.243000 27.253000
c<E>r<29>R<PRO> -7.435000 33.662998 56.214001
c<E>r<30>R<THR> -3.648000 33.758999 56.603001
c<E>r<31>R<SER> -2.755000 36.846001 54.511002
c<E>r<32>R<GLY> -4.747000 40.029999 53.782001
c<E>r<33>R<CYS> -5.696000 40.848000 50.179001
c<E>r<34>R<SER> -3.563000 41.323002 47.202999
c<E>r<36>R<LEU> -3.693000 41.744999 40.910000
c<E>r<38>R<GLN> -4.080000 40.903000 34.116001
c<E>r<39>R<PRO> -4.376000 42.638000 30.669001
c<E>r<40>R<ARG> -6.245000 39.701000 29.013000
c<E>r<41>R<GLY> -4.526000 36.629002 30.465000
c<E>r<42>R<ALA> -3.873000 35.106998 27.058001
c<E>r<43>R<ALA> -0.275000 36.410000 26.926001
c<E>r<44>R<ALA> 0.689000 37.980999 30.187000
c<E>r<45>R<SER> 0.693000 36.473000 33.602001
c<E>r<46>R<PRO> -0.772000 38.403000 36.608002
c<E>r<47>R<THR> 0.821000 41.594002 37.801998
c<E>r<48>R<PHE> 0.886000 42.279999 41.563000
c<E>r<49>R<LEU> -0.427000 45.707001 42.435001
c<E>r<50>R<LEU> -1.008000 45.924000 46.249001
c<E>r<51>R<TYR> -0.899000 43.889000 49.395000
c<E>r<52>R<LEU> -3.302000 45.123001 52.105000
c<E>r<53>R<SER> -3.411000 43.858002 55.685001
c<E>r<54>R<GLN> -4.911000 45.713001 58.710999
c<E>r<55>R<ASN> -1.837000 47.902000 59.026001
c<E>r<56>R<LYS> -0.135000 49.431000 55.848999
c<E>r<57>R<PRO> -0.107000 48.810001 52.032001
c<E>r<58>R<LYS> 2.769000 47.116001 50.276001
c<E>r<59>R<ALA> 2.818000 48.266998 46.653999
c<E>r<60>R<ALA> 4.673000 46.430000 43.931999
c<E>r<61>R<GLU> 8.085000 48.018002 43.535000
c<E>r<62>R<GLY> 7.385000 50.652000 40.891998
c<E>r<90>R<GLY> -7.862000 44.687000 31.973000
c<E>r<91>R<TYR> -9.001000 42.314999 34.599998
c<E>r<92>R<TYR> -8.514000 43.130001 38.252998
c<E>r<93>R<PHE> -8.943000 40.422001 40.868999
c<E>r<94>R<CYS> -8.040000 39.609001 44.459999
c<E>r<95>R<SER> -5.980000 36.959000 46.112000
c<E>r<97>R<LEU> -4.167000 32.842999 51.396999
c<E>r<98>R<SER> -5.476000 30.354000 53.936001
c<E>r<99>R<ASN> -3.007000 27.677000 55.113998
c<E>r<100>R<SER> -0.820000 27.618000 52.034000
c<E>r<101>R<ILE> -3.673000 27.656000 49.480999
c<E>r<102>R<MET> -4.025000 30.771999 47.264000
c<E>r<103>R<TYR> -7.627000 31.586000 46.575001
c<E>r<104>R<PHE> -8.585000 33.985001 43.797001
c<E>r<105>R<SER> -11.697000 36.039001 43.237999
c<E>r<106>R<HIS> -13.549000 36.360001 40.016998
c<E>r<107>R<PHE> -12.386000 39.022999 37.566002
c<E>r<108>R<VAL> -13.619000 42.564999 37.507000
c<E>r<109>R<PRO> -13.334000 43.605000 33.826000
