c<A>r<7>R<TYR> 29.337999 35.550999 33.500999
c<A>r<8>R<PHE> 27.427000 38.794998 33.034000
c<A>r<9>R<PHE> 28.091999 41.188999 30.143999
c<A>r<10>R<THR> 26.622000 44.605999 29.549000
c<A>r<11>R<SER> 27.277000 46.862999 26.544001
c<A>r<12>R<VAL> 25.764999 50.337002 26.260000
c<A>r<22>R<PHE> 31.379000 47.348999 28.135000
c<A>r<23>R<ILE> 31.427999 45.737000 31.587000
c<A>r<24>R<ALA> 31.959999 42.040001 32.231998
c<A>r<25>R<VAL> 31.794001 40.330002 35.617001
c<A>r<26>R<GLY> 32.292000 36.712002 36.612999
c<A>r<32>R<GLN> 32.313000 38.022999 42.125999
c<A>r<34>R<VAL> 36.800999 38.792000 37.988998
c<A>r<35>R<ARG> 35.907001 41.944000 36.075001
c<A>r<36>R<PHE> 36.590000 43.811001 32.870998
c<A>r<37>R<ASP> 35.597000 47.423000 32.369999
c<A>r<48>R<ARG> 38.245998 40.474998 42.348999
c<A>r<91>R<GLY> 19.556999 56.912998 21.174999
c<A>r<92>R<SER> 21.603001 54.827999 23.586000
c<A>r<93>R<HIS> 20.749001 51.122002 23.665001
c<A>r<94>R<THR> 21.830999 48.167000 25.771000
c<A>r<96>R<GLN> 23.038000 42.138000 28.087999
c<A>r<97>R<ARG> 24.247999 38.555000 28.028000
c<A>r<98>R<MET> 24.492001 35.990002 30.836000
c<A>r<116>R<TYR> 20.582001 37.528000 25.733000
c<A>r<117>R<ALA> 18.540001 40.773998 26.129000
c<A>r<118>R<TYR> 18.180000 43.946999 24.110001
c<A>r<119>R<ASP> 16.982000 47.141998 25.885000
c<A>r<120>R<GLY> 16.190001 45.116001 29.025000
c<A>r<121>R<LYS> 13.888000 42.639000 27.341000
c<A>r<122>R<ASP> 14.388000 39.033001 26.395000
c<A>r<184>R<ALA> 24.708000 30.624001 58.484001
c<A>r<185>R<PRO> 22.820999 33.783001 59.403000
c<A>r<186>R<LYS> 23.562000 35.358002 62.743999
c<A>r<187>R<THR> 20.075001 36.005001 64.008003
c<A>r<188>R<HIS> 18.521000 38.166000 66.683998
c<A>r<189>R<MET> 15.324000 39.936001 67.522003
c<A>r<190>R<THR> 14.726000 43.500999 68.646004
c<A>r<191>R<HIS> 11.706000 44.984001 70.361000
c<A>r<192>R<HIS> 10.554000 48.549999 70.545998
c<A>r<193>R<ALA> 7.324000 50.189999 71.556999
c<A>r<199>R<ALA> 5.326000 47.027000 69.820000
c<A>r<202>R<ARG> 12.161000 42.851002 64.130997
c<A>r<203>R<CYS> 13.944000 39.609001 63.209000
c<A>r<204>R<TRP> 17.445000 40.141998 61.792999
c<A>r<205>R<ALA> 19.533001 37.785000 59.703999
c<A>r<206>R<LEU> 23.084000 38.990002 59.272999
c<A>r<207>R<SER> 26.393000 37.959999 57.799000
c<A>r<230>R<LEU> 10.607000 43.618000 55.452000
c<A>r<231>R<VAL> 13.543000 44.602001 53.382000
c<A>r<232>R<GLU> 14.963000 42.966000 50.327999
c<A>r<234>R<ARG> 21.117001 43.311001 50.604000
c<A>r<235>R<PRO> 24.889000 42.994999 50.493999
c<A>r<236>R<ALA> 26.858999 43.799000 53.640999
c<A>r<237>R<GLY> 29.886000 44.768002 51.530998
c<A>r<238>R<ASP> 32.181999 42.084000 52.898998
c<A>r<240>R<THR> 27.881001 38.389000 53.034000
c<A>r<241>R<PHE> 24.246000 39.419998 53.004002
c<A>r<242>R<GLN> 21.606001 40.904999 55.354000
c<A>r<243>R<LYS> 17.815001 40.811001 55.701000
c<A>r<244>R<TRP> 15.155000 41.605000 58.272999
c<A>r<251>R<SER> 2.207000 44.722000 73.843002
c<A>r<252>R<GLY> 2.212000 41.771999 76.182999
c<A>r<253>R<GLN> 1.525000 39.265999 73.445999
c<A>r<254>R<GLU> 5.013000 38.973000 72.092003
c<A>r<255>R<GLN> 5.439000 35.362999 73.113998
c<A>r<256>R<ARG> 2.823000 34.257000 70.582001
c<A>r<258>R<THR> 7.960000 33.368000 66.223999
c<A>r<259>R<CYS> 10.410000 34.203999 63.409000
c<A>r<261>R<VAL> 14.751000 31.356001 59.382999
c<A>r<266>R<LEU> 21.433001 25.830999 58.841999
c<A>r<270>R<LEU> 15.825000 28.412001 63.347000
c<A>r<271>R<THR> 12.932000 29.650000 65.426003
c<A>r<272>R<LEU> 13.282000 32.856998 67.330002
c<A>r<273>R<ARG> 10.976000 34.235001 70.016998
c<A>r<274>R<TRP> 11.124000 37.344002 72.083000
c<A>r<275>R<GLU> 11.805000 36.981998 75.850998
c<B>r<0>R<MET> 12.467000 51.587002 25.632999
c<B>r<1>R<ILE> 11.798000 50.077999 29.066000
c<B>r<2>R<GLN> 12.717000 52.334000 32.011002
c<B>r<3>R<ARG> 12.702000 51.175999 35.609001
c<B>r<6>R<LYS> 15.034000 50.894001 44.536999
c<B>r<8>R<GLN> 18.497000 51.047001 50.617001
c<B>r<9>R<VAL> 20.862000 53.020000 52.838001
c<B>r<10>R<TYR> 22.365999 51.153000 55.792000
c<B>r<11>R<SER> 25.525999 50.382999 57.706001
c<B>r<12>R<ARG> 27.457001 47.160999 57.488998
c<B>r<13>R<HIS> 27.472000 46.786999 61.313000
c<B>r<14>R<PRO> 25.357000 48.300999 64.150002
c<B>r<15>R<ALA> 26.039000 51.910999 64.559998
c<B>r<16>R<GLU> 28.049999 53.047001 67.511002
c<B>r<17>R<ASN> 29.080000 56.650002 67.848999
c<B>r<19>R<LYS> 33.353001 53.602001 66.142998
c<B>r<20>R<SER> 34.484001 52.910999 62.576000
c<B>r<21>R<ASN> 31.917999 51.250000 60.278999
c<B>r<22>R<PHE> 30.818001 51.174999 56.630001
c<B>r<23>R<LEU> 27.938999 53.118000 55.015999
c<B>r<24>R<ASN> 26.216000 51.417000 52.139999
c<B>r<25>R<CYS> 23.827999 52.591999 49.487999
c<B>r<26>R<TYR> 22.375000 49.638000 47.526001
c<B>r<27>R<VAL> 20.605000 50.622002 44.319000
c<B>r<28>R<SER> 18.709999 47.946999 42.375000
c<B>r<30>R<PHE> 16.822001 50.034000 37.544998
c<B>r<31>R<HIS> 17.167000 50.278999 33.740002
c<B>r<32>R<PRO> 18.989000 51.755001 31.856001
c<B>r<33>R<SER> 22.313999 51.377998 33.665001
c<B>r<34>R<ASP> 23.497000 54.999001 33.775002
c<B>r<51>R<HIS> 31.264000 51.049999 44.078999
c<B>r<52>R<SER> 30.770000 47.548000 42.854000
c<B>r<53>R<ASP> 30.973000 46.397999 39.256001
c<B>r<54>R<LEU> 27.695999 46.581001 37.313999
c<B>r<55>R<SER> 25.636999 43.423000 37.339001
c<B>r<56>R<PHE> 22.017000 42.466000 36.776001
c<B>r<57>R<SER> 19.139000 40.338001 37.926998
c<B>r<58>R<LYS> 16.738001 37.825001 36.421001
c<B>r<59>R<ASP> 14.503000 40.515999 35.063999
c<B>r<60>R<TRP> 17.539000 42.201000 33.459000
c<B>r<61>R<SER> 17.455000 45.129002 35.889999
c<B>r<62>R<PHE> 20.738001 46.423000 37.195999
c<B>r<64>R<LEU> 25.143000 48.401001 42.333000
c<B>r<65>R<LEU> 26.545000 48.867001 45.833000
c<B>r<66>R<TYR> 28.194000 52.213001 46.737999
c<B>r<67>R<TYR> 30.122999 52.285999 50.050999
c<B>r<68>R<THR> 32.546001 54.087002 52.256001
c<B>r<97>R<ARG> 20.391001 53.514999 61.993999
c<B>r<98>R<ASP> 17.617001 51.055000 63.007999
c<B>r<99>R<MET> 16.974001 49.542999 59.612000
c<D>r<28>R<ASN> 1.402000 41.845001 82.745003
c<D>r<29>R<PRO> 4.219000 39.453999 81.689003
c<D>r<30>R<THR> 5.782000 38.571999 78.329002
c<D>r<31>R<SER> 7.433000 35.205002 79.127998
c<D>r<32>R<GLY> 6.465000 32.480000 81.630997
c<D>r<34>R<SER> 12.379000 30.431000 84.308998
c<D>r<36>R<LEU> 17.549000 29.535000 87.810997
c<D>r<38>R<GLN> 23.243000 29.886999 91.613998
c<D>r<39>R<PRO> 25.688000 27.982000 93.932999
c<D>r<40>R<ARG> 26.681000 31.108000 95.958000
c<D>r<41>R<GLY> 26.882999 33.844002 93.315002
c<D>r<42>R<ALA> 30.365000 34.907001 94.359001
c<D>r<43>R<ALA> 32.051998 32.849998 91.606003
c<D>r<44>R<ALA> 29.497000 31.378000 89.293999
c<D>r<45>R<SER> 26.892000 33.122002 87.268997
c<D>r<46>R<PRO> 23.263000 31.806000 87.172997
c<D>r<47>R<THR> 22.475000 28.452999 85.662003
c<D>r<48>R<PHE> 19.207001 28.077999 83.710999
c<D>r<49>R<LEU> 17.184000 25.099001 84.833000
c<D>r<50>R<LEU> 13.631000 25.323000 83.330002
c<D>r<51>R<TYR> 11.401000 27.535000 81.283997
c<D>r<52>R<LEU> 7.678000 27.075001 82.032997
c<D>r<53>R<SER> 4.831000 28.620001 80.047997
c<D>r<57>R<PRO> 8.675000 22.792000 79.920998
c<D>r<58>R<LYS> 11.916000 23.673000 78.208000
c<D>r<59>R<ALA> 14.789000 22.249001 80.247002
c<D>r<60>R<ALA> 18.358000 23.413000 79.877998
c<D>r<61>R<GLU> 20.121000 21.098000 77.459999
c<D>r<90>R<GLY> 22.457001 26.849001 96.447998
c<D>r<91>R<TYR> 20.098000 29.617001 95.672997
c<D>r<92>R<TYR> 17.110001 29.014999 93.446999
c<D>r<93>R<PHE> 15.181000 31.955999 92.036003
c<D>r<94>R<CYS> 12.753000 32.842999 89.263000
c<D>r<95>R<SER> 12.879000 35.111000 86.290001
c<D>r<96>R<ALA> 10.113000 36.397999 84.003998
c<D>r<97>R<LEU> 10.082000 39.153000 81.391998
c<D>r<98>R<SER> 7.734000 42.063999 80.789001
c<D>r<99>R<ASN> 8.471000 44.229000 77.720001
c<D>r<100>R<SER> 12.185000 43.563999 77.514999
c<D>r<101>R<ILE> 12.896000 43.937000 81.259003
c<D>r<102>R<MET> 14.021000 40.799999 83.168999
c<D>r<103>R<TYR> 12.640000 40.731998 86.661003
c<D>r<104>R<PHE> 14.064000 38.379002 89.274002
c<D>r<105>R<SER> 12.594000 37.009998 92.462997
c<D>r<106>R<HIS> 14.320000 36.834999 95.763000
c<D>r<107>R<PHE> 16.490000 33.793999 96.466003
c<D>r<108>R<VAL> 15.270000 30.608000 98.030998
c<D>r<109>R<PRO> 18.333000 29.235001 99.888000
c<E>r<25>R<LEU> 29.169001 33.532001 70.393997
c<E>r<26>R<LEU> 25.643999 32.075001 70.553001
c<E>r<27>R<SER> 24.839001 30.139999 67.394997
c<E>r<28>R<ASN> 21.490000 31.882999 66.692001
c<E>r<29>R<PRO> 19.896000 34.147999 69.353996
c<E>r<30>R<THR> 16.316000 35.237999 70.058998
c<E>r<31>R<SER> 16.889999 38.375000 72.186996
c<E>r<32>R<GLY> 19.759001 40.904999 72.183998
c<E>r<33>R<CYS> 21.879000 41.320999 75.329002
c<E>r<34>R<SER> 20.886000 42.228001 78.766998
c<E>r<36>R<LEU> 22.917000 42.379002 84.737999
c<E>r<38>R<GLN> 25.002001 41.224998 91.167000
c<E>r<39>R<PRO> 26.711000 42.702000 94.309998
c<E>r<40>R<ARG> 28.150000 39.324001 95.486000
c<E>r<41>R<GLY> 25.354000 36.855999 94.714996
c<E>r<42>R<ALA> 25.334000 35.436001 98.225998
c<E>r<43>R<ALA> 22.389000 37.623001 99.324997
c<E>r<44>R<ALA> 20.972000 39.504002 96.413002
c<E>r<45>R<SER> 19.601000 38.171001 93.207001
c<E>r<46>R<PRO> 20.590000 39.759998 89.831001
c<E>r<47>R<THR> 19.604000 43.294998 89.009003
c<E>r<48>R<PHE> 18.643999 44.105999 85.398003
c<E>r<49>R<LEU> 20.492001 47.104000 84.044998
c<E>r<50>R<LEU> 19.992001 47.297001 80.218002
c<E>r<51>R<TYR> 18.464001 45.473000 77.320999
c<E>r<52>R<LEU> 20.223000 46.134998 73.989998
c<E>r<53>R<SER> 18.972000 45.013000 70.583000
c<E>r<54>R<GLN> 19.969000 46.521000 67.180000
c<E>r<55>R<ASN> 17.608999 49.443001 67.665001
c<E>r<56>R<LYS> 17.343000 51.248001 71.128998
c<E>r<57>R<PRO> 18.250000 50.520000 74.818001
c<E>r<58>R<LYS> 15.662000 49.570000 77.390999
c<E>r<59>R<ALA> 16.952000 50.566002 80.824997
c<E>r<60>R<ALA> 15.545000 49.178001 84.038002
c<E>r<61>R<GLU> 12.922000 51.582001 85.324997
c<E>r<70>R<GLY> 24.955000 50.785000 76.193001
c<E>r<71>R<LYS> 25.969999 50.153999 72.553001
c<E>r<72>R<ARG> 26.464001 47.090000 70.234001
c<E>r<73>R<LEU> 29.238001 46.685001 67.754997
c<E>r<74>R<GLY> 28.344000 43.658001 65.711998
c<E>r<75>R<ASP> 27.816000 40.823002 68.255997
c<E>r<76>R<THR> 29.612000 42.592999 71.102997
c<E>r<78>R<VAL> 29.181000 47.324001 75.473999
c<E>r<90>R<GLY> 30.083000 43.820000 91.981003
c<E>r<91>R<TYR> 29.768000 41.327999 89.239998
c<E>r<92>R<TYR> 28.483999 42.369999 85.847000
c<E>r<93>R<PHE> 27.430000 39.737999 83.334000
c<E>r<94>R<CYS> 25.358000 39.313999 80.186996
c<E>r<95>R<SER> 22.299000 37.349998 79.304001
c<E>r<96>R<ALA> 20.756001 36.507000 75.919998
c<E>r<97>R<LEU> 18.049000 34.034000 74.932999
c<E>r<98>R<SER> 17.885000 31.382000 72.232002
c<E>r<99>R<ASN> 14.578000 29.482000 71.920998
c<E>r<100>R<SER> 13.428000 29.884001 75.497002
c<E>r<101>R<ILE> 16.801001 29.089001 77.125000
c<E>r<102>R<MET> 18.566000 31.927000 79.016998
c<E>r<103>R<TYR> 22.297001 31.754000 78.614998
c<E>r<104>R<PHE> 24.597000 33.722000 80.900002
c<E>r<105>R<SER> 28.159000 34.875999 80.461998
c<E>r<106>R<HIS> 30.872999 34.591999 83.002998
c<E>r<107>R<PHE> 31.191000 37.376999 85.570999
c<E>r<108>R<VAL> 33.261002 40.473000 85.127998
c<E>r<109>R<PRO> 34.320999 41.421001 88.690002
