c<A>r<1>R<TYR> -16.205999 -9.441000 9.169000
c<A>r<2>R<ASP> -13.609000 -11.271000 7.331000
c<A>r<3>R<ASP> -12.554000 -12.817000 3.938000
c<A>r<4>R<ASN> -9.714000 -12.781000 1.281000
c<A>r<5>R<GLU> -9.248000 -11.782000 -2.393000
c<A>r<6>R<GLU> -6.273000 -13.381000 -4.235000
c<A>r<7>R<SER> -5.505000 -10.212000 -6.170000
c<A>r<8>R<GLN> -3.498000 -9.408000 -9.324000
c<A>r<9>R<VAL> -1.191000 -6.520000 -8.224000
c<A>r<10>R<GLN> 0.975000 -4.641000 -10.720000
c<A>r<11>R<PHE> 4.352000 -3.041000 -9.814000
c<A>r<12>R<VAL> 4.500000 -0.672000 -12.825000
c<A>r<13>R<GLY> 7.900000 1.076000 -12.499000
c<A>r<14>R<PHE> 6.976000 4.450000 -14.135000
c<A>r<15>R<SER> 9.892000 6.863000 -13.285000
c<A>r<18>R<ASP> 6.182000 1.697000 -8.214000
c<A>r<19>R<LEU> 2.744000 0.094000 -7.523000
c<A>r<20>R<LEU> -0.821000 -0.105000 -8.918000
c<A>r<21>R<VAL> -3.075000 -2.343000 -6.714000
c<A>r<22>R<HIS> -6.227000 -3.741000 -8.414000
c<A>r<23>R<THR> -9.275000 -5.421000 -6.723000
c<A>r<25>R<ARG> -14.561000 -5.335000 -4.454000
c<A>r<26>R<HIS> -13.630000 -1.605000 -4.738000
c<A>r<37>R<ASN> 5.415000 7.818000 0.031000
c<A>r<39>R<PHE> -0.591000 7.311000 -2.427000
c<A>r<40>R<GLY> -4.022000 7.778000 -4.140000
c<A>r<41>R<ILE> -7.234000 6.168000 -5.544000
c<B>r<1>R<TYR> 8.922000 -2.518000 -15.356000
c<B>r<2>R<ASP> 5.594000 -4.497000 -15.507000
c<B>r<3>R<ASP> 6.237000 -6.718000 -12.476000
c<B>r<4>R<ASN> 3.126000 -8.717000 -11.441000
c<B>r<5>R<GLU> 2.773000 -10.132000 -7.862000
c<B>r<6>R<GLU> -0.225000 -12.327000 -6.874000
c<B>r<7>R<SER> -1.071000 -10.680000 -3.531000
c<B>r<8>R<GLN> -3.150000 -11.662000 -0.469000
c<B>r<9>R<VAL> -5.742000 -8.892000 0.044000
c<B>r<10>R<GLN> -7.651000 -9.288000 3.333000
c<B>r<11>R<PHE> -11.147000 -7.749000 3.747000
c<B>r<12>R<VAL> -11.172000 -7.370000 7.580000
c<B>r<13>R<GLY> -14.488000 -5.494000 8.017000
c<B>r<14>R<PHE> -14.016000 -3.671000 11.396000
c<B>r<15>R<SER> -16.487000 -0.809000 12.308000
c<B>r<18>R<ASP> -12.690000 -2.569000 4.966000
c<B>r<19>R<LEU> -9.240000 -3.565000 3.589000
c<B>r<20>R<LEU> -5.708000 -4.752000 4.530000
c<B>r<21>R<VAL> -3.351000 -5.370000 1.508000
c<B>r<23>R<THR> 2.763000 -7.733000 -0.336000
c<B>r<25>R<ARG> 7.613000 -5.822000 -2.378000
c<B>r<26>R<HIS> 6.904000 -3.346000 0.494000
c<B>r<37>R<ASN> -11.625000 7.103000 1.842000
c<B>r<38>R<LYS> -8.735000 7.400000 4.356000
c<B>r<39>R<PHE> -5.750000 5.051000 4.204000
c<B>r<40>R<GLY> -2.769000 4.100000 6.455000
c<B>r<41>R<ILE> 0.589000 2.225000 6.154000
