c<A>r<30>R<SER> -1.598000 16.740000 -14.630000
c<A>r<35>R<GLU> 1.019000 24.656000 -12.936000
c<A>r<36>R<ILE> 1.299000 21.695999 -15.328000
c<A>r<37>R<SER> 3.089000 19.094999 -13.153000
c<A>r<38>R<MET> 3.320000 16.233999 -15.728000
c<A>r<39>R<ALA> 2.723000 15.236000 -19.341000
c<A>r<40>R<SER> 3.307000 11.546000 -20.256001
c<A>r<41>R<THR> 2.681000 8.866000 -22.900999
c<A>r<42>R<ARG> 2.825000 5.230000 -21.736000
c<A>r<59>R<LEU> -0.893000 -18.784000 -14.019000
c<A>r<60>R<ALA> 1.877000 -16.648001 -15.549000
c<A>r<61>R<ILE> 2.083000 -12.965000 -16.577999
c<A>r<62>R<VAL> 4.573000 -11.441000 -19.031000
c<A>r<63>R<ASP> 4.957000 -7.736000 -19.983999
c<A>r<80>R<MET> 2.882000 -23.405001 -11.278000
c<A>r<83>R<LEU> 2.707000 -26.857000 -7.356000
c<A>r<84>R<ASN> -0.992000 -25.930000 -6.869000
c<A>r<85>R<SER> -3.602000 -28.337000 -5.409000
c<A>r<329>R<ARG> -1.672000 -7.597000 -11.563000
c<A>r<330>R<SER> -2.531000 -11.178000 -10.468000
c<A>r<331>R<GLY> -4.126000 -12.390000 -13.763000
c<A>r<332>R<GLY> -7.000000 -13.738000 -11.594000
c<A>r<366>R<GLN> -14.659000 10.437000 2.946000
c<A>r<367>R<GLY> -14.074000 6.963000 4.501000
c<A>r<368>R<ALA> -16.437000 5.084000 2.084000
c<A>r<369>R<HIS> -13.749000 2.347000 1.533000
c<A>r<370>R<SER> -13.969000 1.332000 5.260000
c<A>r<380>R<VAL> -18.552000 8.322000 6.320000
c<A>r<381>R<THR> -17.747000 12.043000 6.534000
c<B>r<30>R<SER> 0.710000 -13.871000 -1.946000
c<B>r<35>R<GLU> -4.047000 -20.917000 -1.285000
c<B>r<36>R<ILE> -1.042000 -19.318001 -3.018000
c<B>r<37>R<SER> -2.719000 -16.677000 -5.230000
c<B>r<38>R<MET> 0.455000 -15.206000 -6.831000
c<B>r<39>R<ALA> 4.203000 -15.650000 -7.311000
c<B>r<40>R<SER> 5.998000 -12.946000 -9.372000
c<B>r<41>R<THR> 9.377000 -11.403000 -10.239000
c<B>r<42>R<ARG> 9.312000 -7.798000 -11.492000
c<B>r<57>R<LEU> 11.579000 23.628000 -14.049000
c<B>r<58>R<GLY> 11.628000 20.898001 -16.712999
c<B>r<59>R<LEU> 10.632000 17.389000 -15.567000
c<B>r<60>R<ALA> 10.636000 14.193000 -17.643000
c<B>r<61>R<ILE> 10.377000 10.504000 -16.694000
c<B>r<62>R<VAL> 11.278000 7.442000 -18.791000
c<B>r<63>R<ASP> 10.835000 3.721000 -17.879000
c<B>r<76>R<GLN> 11.366000 16.530001 -23.360001
c<B>r<77>R<ALA> 12.272000 18.106001 -19.969999
c<B>r<80>R<MET> 8.598000 21.462000 -20.391001
c<B>r<83>R<LEU> 6.238000 26.061001 -20.891001
c<B>r<84>R<ASN> 6.578000 26.457001 -17.080000
c<B>r<85>R<SER> 6.735000 29.797001 -15.198000
c<B>r<329>R<ARG> 5.166000 9.007000 -10.468000
c<B>r<330>R<SER> 5.628000 12.807000 -10.779000
c<B>r<331>R<GLY> 9.464000 13.067000 -10.543000
c<B>r<332>R<GLY> 8.835000 15.710000 -7.806000
c<B>r<366>R<GLN> -9.287000 2.298000 10.924000
c<B>r<367>R<GLY> -9.762000 5.830000 9.461000
c<B>r<368>R<ALA> -6.289000 7.220000 10.479000
c<B>r<369>R<HIS> -5.780000 8.521000 6.864000
c<B>r<370>R<SER> -8.709000 10.982000 7.504000
