c<E>r<33>R<LEU> 3.824000 66.600998 11.843000
c<E>r<34>R<ASN> 3.020000 68.227997 8.521000
c<E>r<37>R<SER> 1.711000 71.725998 7.747000
c<E>r<38>R<GLY> 2.408000 71.587997 4.050000
c<E>r<39>R<TYR> 5.873000 70.264999 4.876000
c<E>r<40>R<HIS> 7.426000 68.212997 7.658000
c<E>r<41>R<PHE> 8.204000 70.459000 10.605000
c<E>r<42>R<CYS> 8.433000 68.315002 13.774000
c<E>r<55>R<ALA> 6.992000 69.411003 21.993999
c<E>r<56>R<ALA> 5.008000 72.545998 22.834000
c<E>r<57>R<HIS> 7.479000 74.559998 20.785999
c<E>r<58>R<CYS> 6.139000 72.606003 17.773001
c<E>r<59>R<TYR> 2.651000 74.057999 18.235001
c<E>r<60>R<LYS> 0.884000 75.539001 15.245000
c<E>r<61>R<SER> -2.562000 75.396004 13.760000
c<E>r<62>R<GLY> -3.363000 73.183998 10.802000
c<E>r<94>R<TYR> 4.936000 75.809998 29.049000
c<E>r<95>R<ASN> 7.395000 78.684998 28.940001
c<E>r<96>R<SER> 8.676000 79.299004 25.427000
c<E>r<97>R<ASN> 11.551000 81.445000 26.724001
c<E>r<98>R<THR> 13.096000 78.773003 28.952000
c<E>r<99>R<LEU> 11.510000 75.746002 27.264000
c<E>r<141>R<TRP> 13.761000 63.508999 9.978000
c<E>r<142>R<GLY> 15.828000 66.526001 11.078000
c<E>r<143>R<ASN> 19.111000 67.911003 9.816000
c<E>r<151>R<TYR> 17.587999 66.894997 5.343000
c<E>r<175>R<GLN> 19.098000 76.635002 32.247002
c<E>r<191>R<CYS> 18.972000 68.564003 15.357000
c<E>r<192>R<GLN> 16.558001 71.011002 13.764000
c<E>r<193>R<GLY> 13.506000 69.158997 12.494000
c<E>r<194>R<ASP> 13.801000 66.365997 15.073000
c<E>r<195>R<SER> 11.964000 68.524002 17.632000
c<E>r<196>R<GLY> 8.993000 66.905998 19.247999
c<E>r<213>R<VAL> 13.423000 66.328003 21.493000
c<E>r<214>R<SER> 13.407000 69.871002 22.959000
c<E>r<215>R<TRP> 16.504000 72.098000 22.638000
c<E>r<216>R<GLY> 20.257999 72.505997 22.780001
c<E>r<217>R<SER> 22.921000 74.837997 21.403999
c<E>r<219>R<GLY> 23.302000 73.853996 17.822001
c<E>r<220>R<CYS> 23.650000 70.128998 17.017000
c<I>r<1>R<ARG> 5.708000 78.603996 11.196000
c<I>r<2>R<PRO> 3.665000 78.365997 14.646000
c<I>r<3>R<ASP> 1.666000 81.430000 15.179000
c<I>r<4>R<PHE> 3.745000 82.422997 18.184999
c<I>r<5>R<CYS> 6.893000 82.633003 15.908000
c<I>r<20>R<ARG> 17.670000 86.101997 24.215000
c<I>r<21>R<TYR> 16.900000 84.995003 20.653999
c<I>r<22>R<PHE> 13.586000 85.602997 18.900999
c<I>r<35>R<TYR> 14.386000 90.268997 27.830999
c<I>r<38>R<CYS> 9.828000 88.167000 33.875999
c<I>r<39>R<ARG> 6.645000 87.189003 32.060001
c<I>r<40>R<ALA> 8.354000 85.741997 29.034000
c<I>r<41>R<LYS> 6.332000 84.918999 25.917000
c<I>r<42>R<ARG> 6.935000 81.877998 23.709000
c<I>r<43>R<ASN> 9.127000 83.690002 20.957001
c<I>r<44>R<ASN> 12.003000 83.820999 23.455999
c<I>r<45>R<PHE> 14.905000 81.314003 23.159000
c<I>r<46>R<LYS> 18.103001 80.805000 25.091000
c<I>r<47>R<SER> 19.934000 79.644997 21.927999
c<I>r<48>R<ALA> 19.868000 80.151001 18.139999
c<I>r<49>R<GLU> 19.427000 76.375999 17.742001
c<I>r<50>R<ASP> 16.364000 76.337997 19.976000
c<I>r<51>R<CYS> 14.920000 79.228996 17.952000
c<I>r<52>R<MET> 15.650000 77.601997 14.602000
c<I>r<53>R<ARG> 14.199000 74.250999 15.587000
c<I>r<54>R<THR> 10.953000 75.780998 16.802999
c<I>r<55>R<CYS> 10.519000 78.657997 14.325000
c<I>r<56>R<GLY> 12.693000 78.181999 11.278000
c<I>r<57>R<GLY> 10.252000 75.903000 9.344000
c<I>r<58>R<ALA> 10.549000 72.542000 7.496000
