c<E>r<16>R<ILE> 19.802999 63.455002 13.588000
c<E>r<55>R<ALA> 6.992000 69.411003 21.993999
c<E>r<57>R<HIS> 7.479000 74.559998 20.785999
c<E>r<58>R<CYS> 6.139000 72.606003 17.773001
c<E>r<96>R<SER> 8.676000 79.299004 25.427000
c<E>r<97>R<ASN> 11.551000 81.445000 26.724001
c<E>r<98>R<THR> 13.096000 78.773003 28.952000
c<E>r<99>R<LEU> 11.510000 75.746002 27.264000
c<E>r<142>R<GLY> 15.828000 66.526001 11.078000
c<E>r<143>R<ASN> 19.111000 67.911003 9.816000
c<E>r<145>R<LYS> 24.802999 68.021004 9.632000
c<E>r<146>R<SER> 26.441000 69.713997 12.643000
c<E>r<147>R<SER> 27.724001 72.417999 10.278000
c<E>r<148>R<GLY> 25.396000 73.296997 7.487000
c<E>r<149>R<THR> 22.222000 71.709000 6.342000
c<E>r<170>R<SER> 27.500000 72.128998 33.793999
c<E>r<171>R<ALA> 26.882000 72.111000 30.034000
c<E>r<172>R<TYR> 23.982000 74.595001 30.330000
c<E>r<173>R<PRO> 24.486000 76.653000 33.492001
c<E>r<174>R<GLY> 21.395000 78.301003 34.847000
c<E>r<175>R<GLN> 19.098000 76.635002 32.247002
c<E>r<189>R<ASP> 22.871000 64.503998 18.454000
c<E>r<190>R<SER> 19.347000 65.459999 17.500000
c<E>r<191>R<CYS> 18.972000 68.564003 15.357000
c<E>r<192>R<GLN> 16.558001 71.011002 13.764000
c<E>r<193>R<GLY> 13.506000 69.158997 12.494000
c<E>r<194>R<ASP> 13.801000 66.365997 15.073000
c<E>r<195>R<SER> 11.964000 68.524002 17.632000
c<E>r<196>R<GLY> 8.993000 66.905998 19.247999
c<E>r<213>R<VAL> 13.423000 66.328003 21.493000
c<E>r<214>R<SER> 13.407000 69.871002 22.959000
c<E>r<215>R<TRP> 16.504000 72.098000 22.638000
c<E>r<216>R<GLY> 20.257999 72.505997 22.780001
c<E>r<217>R<SER> 22.921000 74.837997 21.403999
c<E>r<219>R<GLY> 23.302000 73.853996 17.822001
c<E>r<220>R<CYS> 23.650000 70.128998 17.017000
c<E>r<221>R<GLN> 28.709999 70.504997 19.247000
c<E>r<221>i<A>R<ALA> 26.478001 67.761002 17.931000
c<E>r<222>R<LYS> 31.284000 69.700996 21.891001
c<E>r<223>R<ASN> 30.038000 70.102997 25.430000
c<E>r<224>R<LYS> 26.483999 70.924004 24.253000
c<E>r<225>R<PRO> 24.419001 67.706001 24.337000
c<E>r<226>R<GLY> 20.782000 67.598000 23.483000
c<E>r<227>R<VAL> 18.211000 68.637001 26.084999
c<I>r<1>R<ARG> 22.089001 79.694000 9.447000
c<I>r<2>R<PRO> 25.922001 80.848999 9.766000
c<I>r<3>R<ASP> 28.013000 78.060997 11.001000
c<I>r<4>R<PHE> 28.733999 79.866997 14.252000
c<I>r<5>R<CYS> 24.933001 79.845001 15.079000
c<I>r<6>R<LEU> 25.246000 76.059998 15.349000
c<I>r<7>R<GLU> 28.124001 76.211998 17.905001
c<I>r<8>R<PRO> 27.347000 75.671997 21.573000
c<I>r<9>R<PRO> 27.274000 78.632004 23.841000
c<I>r<10>R<TYR> 30.570000 79.307999 25.541000
c<I>r<11>R<THR> 30.702000 80.363998 29.153000
c<I>r<17>R<ARG> 27.632999 85.499001 35.610001
c<I>r<19>R<ILE> 23.232000 86.553001 31.181000
c<I>r<22>R<PHE> 22.565001 82.209000 22.247000
c<I>r<23>R<TYR> 20.841000 80.546997 19.289000
c<I>r<24>R<ASN> 19.820999 77.032997 20.271000
c<I>r<25>R<ALA> 19.757999 75.485001 16.782000
c<I>r<26>R<LYS> 18.108000 72.205002 18.051001
c<I>r<27>R<ALA> 15.142000 74.288002 19.410999
c<I>r<28>R<GLY> 15.193000 76.882004 16.653000
c<I>r<29>R<LEU> 15.047000 79.624001 19.422001
c<I>r<30>R<CYS> 17.348000 82.178001 21.056999
c<I>r<31>R<GLN> 17.680000 81.336998 24.723000
c<I>r<32>R<THR> 19.652000 82.533997 27.759001
c<I>r<33>R<PHE> 22.979000 81.200996 28.972000
c<I>r<34>R<VAL> 25.541000 82.346001 31.499001
c<I>r<35>R<TYR> 28.688999 84.013000 30.083000
c<I>r<43>R<ASN> 26.976000 82.776001 19.419001
