c<E>r<25>R<ASN> 8.724000 51.174999 10.107000
c<E>r<26>R<THR> 11.126000 49.948002 12.797000
c<E>r<27>R<VAL> 10.067000 52.937000 14.952000
c<E>r<28>R<PRO> 6.307000 52.493000 14.481000
c<E>r<29>R<TYR> 5.322000 55.105999 17.087999
c<E>r<47>R<ILE> 0.762000 57.046001 22.617001
c<E>r<48>R<ASN> -2.620000 55.457001 21.697001
c<E>r<114>R<LEU> -2.891000 50.138000 14.739000
c<E>r<115>R<ASN> -0.810000 47.505001 12.899000
c<E>r<116>R<SER> 2.768000 46.339001 12.693000
c<E>r<117>R<ARG> 3.830000 49.638000 11.111000
c<E>r<118>R<VAL> 1.698000 51.998001 13.227000
c<E>r<119>R<ALA> 1.917000 51.296001 16.938000
c<E>r<120>R<SER> 1.752000 53.161999 20.183001
c<E>r<121>R<ILE> 4.637000 53.626999 22.655001
c<E>r<122>R<SER> 4.055000 53.181000 26.382000
c<E>r<123>R<LEU> 4.325000 56.011002 28.851999
c<E>r<124>R<PRO> 6.827000 55.505001 31.653000
c<E>r<125>R<THR> 6.085000 54.234001 35.126999
c<E>r<127>R<SER> 9.408000 55.458000 36.500000
c<E>r<128>R<CYS> 11.902000 57.987999 35.324001
c<E>r<129>R<ALA> 14.851000 56.622002 33.417999
c<E>r<130>R<SER> 18.344999 56.285000 34.841999
c<E>r<132>R<ALA> 21.562000 58.138000 34.049000
c<E>r<133>R<GLY> 23.677000 56.021000 31.738001
c<E>r<134>R<THR> 20.739000 54.252998 30.068001
c<E>r<135>R<GLN> 21.051001 54.030998 26.280001
c<E>r<136>R<CYS> 17.990999 55.435001 24.555000
c<E>r<137>R<LEU> 16.737000 55.571999 20.962999
c<E>r<159>R<LYS> 21.483000 55.528000 20.295000
c<E>r<160>R<ALA> 22.496000 57.942001 23.034000
c<E>r<161>R<PRO> 22.915001 57.672001 26.829000
c<E>r<162>R<ILE> 21.250000 59.789001 29.410000
c<E>r<200>R<VAL> 12.692000 55.855999 24.065001
c<E>r<201>R<CYS> 14.527000 54.060001 26.870001
c<E>r<202>R<SER> 13.736000 50.481998 27.889999
c<E>r<203>R<GLY> 10.657000 50.549000 25.629000
c<E>r<204>R<LYS> 9.086000 53.638000 27.231001
c<E>r<209>R<LEU> 8.737000 57.224998 26.047001
c<I>r<1>R<ARG> 2.843000 42.707001 17.103001
c<I>r<2>R<PRO> 5.609000 45.520000 16.350000
c<I>r<3>R<ASP> 8.766000 43.959999 15.222000
c<I>r<4>R<PHE> 10.593000 45.091000 18.341000
c<I>r<5>R<CYS> 8.149000 42.979000 20.510000
c<I>r<9>R<PRO> 15.251000 41.150002 25.983000
c<I>r<10>R<TYR> 18.528000 42.980999 26.323000
c<I>r<12>R<GLY> 23.115000 45.174999 28.084999
c<I>r<14>R<CYS> 26.000000 47.576000 32.569000
c<I>r<20>R<ARG> 11.865000 44.979000 33.903999
c<I>r<21>R<TYR> 9.132000 43.382999 31.785000
c<I>r<22>R<PHE> 9.641000 42.138000 28.233000
c<I>r<35>R<TYR> 18.195000 44.935001 32.833000
c<I>r<36>R<GLY> 21.764999 46.040001 33.419998
c<I>r<37>R<GLY> 20.910999 49.773998 33.620998
c<I>r<38>R<CYS> 22.246000 51.178001 30.313999
c<I>r<39>R<ARG> 21.584999 50.995998 26.584000
c<I>r<40>R<ALA> 18.058001 49.713001 26.878000
c<I>r<41>R<LYS> 16.257000 48.376999 23.802999
c<I>r<42>R<ARG> 12.561000 48.926998 23.073999
c<I>r<43>R<ASN> 11.258000 45.465000 24.479000
c<I>r<44>R<ASN> 11.886000 46.757999 28.010000
c<I>r<45>R<PHE> 8.931000 47.976002 30.149000
c<I>r<46>R<LYS> 8.645000 49.290001 33.673000
c<I>r<47>R<SER> 5.182000 47.693001 34.082001
c<I>r<49>R<GLU> 0.483000 47.165001 31.614000
c<I>r<50>R<ASP> 2.985000 49.117001 29.539000
c<I>r<51>R<CYS> 4.202000 45.837002 28.023001
c<I>r<52>R<MET> 0.703000 44.574001 27.270000
c<I>r<53>R<ARG> -0.434000 47.811001 25.677999
c<I>r<54>R<THR> 2.561000 47.965000 23.363001
c<I>r<55>R<CYS> 3.114000 44.257000 22.622000
c<I>r<57>R<GLY> -1.826000 42.783001 20.195000
c<I>r<58>R<ALA> -5.401000 43.847000 19.250000
