c<E>r<33>R<LEU> 3.824000 66.600998 11.843000
c<E>r<34>R<ASN> 3.020000 68.227997 8.521000
c<E>r<37>R<SER> 1.711000 71.725998 7.747000
c<E>r<40>R<HIS> 7.426000 68.212997 7.658000
c<E>r<41>R<PHE> 8.204000 70.459000 10.605000
c<E>r<42>R<CYS> 8.433000 68.315002 13.774000
c<E>r<43>R<GLY> 8.250000 64.796997 15.088000
c<E>r<55>R<ALA> 6.992000 69.411003 21.993999
c<E>r<56>R<ALA> 5.008000 72.545998 22.834000
c<E>r<57>R<HIS> 7.479000 74.559998 20.785999
c<E>r<58>R<CYS> 6.139000 72.606003 17.773001
c<E>r<59>R<TYR> 2.651000 74.057999 18.235001
c<E>r<60>R<LYS> 0.884000 75.539001 15.245000
c<E>r<61>R<SER> -2.562000 75.396004 13.760000
c<E>r<63>R<ILE> -1.412000 70.070000 11.747000
c<E>r<95>R<ASN> 7.395000 78.684998 28.940001
c<E>r<96>R<SER> 8.676000 79.299004 25.427000
c<E>r<97>R<ASN> 11.551000 81.445000 26.724001
c<E>r<98>R<THR> 13.096000 78.773003 28.952000
c<E>r<99>R<LEU> 11.510000 75.746002 27.264000
c<E>r<100>R<ASN> 10.365000 74.546997 30.679001
c<E>r<142>R<GLY> 15.828000 66.526001 11.078000
c<E>r<143>R<ASN> 19.111000 67.911003 9.816000
c<E>r<144>R<THR> 21.948999 65.433998 9.538000
c<E>r<145>R<LYS> 24.802999 68.021004 9.632000
c<E>r<146>R<SER> 26.441000 69.713997 12.643000
c<E>r<147>R<SER> 27.724001 72.417999 10.278000
c<E>r<148>R<GLY> 25.396000 73.296997 7.487000
c<E>r<149>R<THR> 22.222000 71.709000 6.342000
c<E>r<150>R<SER> 21.003000 68.454002 4.795000
c<E>r<151>R<TYR> 17.587999 66.894997 5.343000
c<E>r<172>R<TYR> 23.982000 74.595001 30.330000
c<E>r<174>R<GLY> 21.395000 78.301003 34.847000
c<E>r<175>R<GLN> 19.098000 76.635002 32.247002
c<E>r<176>R<ILE> 18.319000 73.024002 33.199001
c<E>r<177>R<THR> 15.141000 72.499001 35.181000
c<E>r<191>R<CYS> 18.972000 68.564003 15.357000
c<E>r<192>R<GLN> 16.558001 71.011002 13.764000
c<E>r<193>R<GLY> 13.506000 69.158997 12.494000
c<E>r<194>R<ASP> 13.801000 66.365997 15.073000
c<E>r<195>R<SER> 11.964000 68.524002 17.632000
c<E>r<196>R<GLY> 8.993000 66.905998 19.247999
c<E>r<214>R<SER> 13.407000 69.871002 22.959000
c<E>r<215>R<TRP> 16.504000 72.098000 22.638000
c<E>r<216>R<GLY> 20.257999 72.505997 22.780001
c<E>r<217>R<SER> 22.921000 74.837997 21.403999
c<E>r<219>R<GLY> 23.302000 73.853996 17.822001
c<E>r<220>R<CYS> 23.650000 70.128998 17.017000
c<E>r<221>R<GLN> 28.709999 70.504997 19.247000
c<E>r<221>i<A>R<ALA> 26.478001 67.761002 17.931000
c<E>r<224>R<LYS> 26.483999 70.924004 24.253000
c<E>r<227>R<VAL> 18.211000 68.637001 26.084999
c<I>r<1>R<ARG> 12.459000 83.735001 21.847000
c<I>r<2>R<PRO> 14.121000 87.138000 20.511000
c<I>r<19>R<ILE> 21.164000 77.254997 1.773000
c<I>r<20>R<ARG> 20.809000 78.655998 5.316000
c<I>r<21>R<TYR> 18.868999 77.772003 8.471000
c<I>r<22>R<PHE> 16.052999 79.879997 9.905000
c<I>r<23>R<TYR> 13.946000 79.352997 13.030000
c<I>r<24>R<ASN> 10.422000 78.419998 11.999000
c<I>r<25>R<ALA> 8.599000 79.616997 15.132000
c<I>r<26>R<LYS> 5.248000 77.975998 14.049000
c<I>r<27>R<ALA> 7.036000 74.543999 13.917000
c<I>r<28>R<GLY> 9.380000 75.216003 16.813000
c<I>r<29>R<LEU> 12.298000 73.934998 14.566000
c<I>r<30>R<CYS> 15.252000 75.338997 12.619000
c<I>r<31>R<GLN> 14.763000 74.570999 8.955000
c<I>r<32>R<THR> 16.450001 75.351997 5.625000
c<I>r<33>R<PHE> 15.660000 78.235001 3.305000
c<I>r<45>R<PHE> 22.143000 80.889999 10.307000
c<I>r<46>R<LYS> 24.969000 78.960999 8.722000
c<I>r<47>R<SER> 24.318001 75.953003 11.011000
c<I>r<48>R<ALA> 21.455999 74.252998 12.889000
c<I>r<49>R<GLU> 23.458000 74.668999 16.115999
c<I>r<50>R<ASP> 23.798000 78.411003 15.612000
c<I>r<51>R<CYS> 20.042000 78.610001 14.983000
c<I>r<52>R<MET> 19.148001 76.519997 18.021000
c<I>r<53>R<ARG> 21.410000 78.441002 20.367001
c<I>r<54>R<THR> 19.993000 81.794998 19.318001
c<I>r<55>R<CYS> 16.330000 80.890999 18.705999
c<I>r<56>R<GLY> 15.446000 77.594002 20.315001
c<I>r<57>R<GLY> 14.704000 79.001999 23.830999
c<I>r<58>R<ALA> 15.760000 78.077003 27.413000
