c<E>r<34>R<ASN> 3.020000 68.227997 8.521000
c<E>r<37>R<SER> 1.711000 71.725998 7.747000
c<E>r<38>R<GLY> 2.408000 71.587997 4.050000
c<E>r<39>R<TYR> 5.873000 70.264999 4.876000
c<E>r<40>R<HIS> 7.426000 68.212997 7.658000
c<E>r<41>R<PHE> 8.204000 70.459000 10.605000
c<E>r<42>R<CYS> 8.433000 68.315002 13.774000
c<E>r<72>R<ASN> 10.472000 58.209999 3.286000
c<E>r<73>R<ILE> 8.495000 61.407001 4.067000
c<E>r<74>R<ASN> 8.680000 62.536999 0.403000
c<E>r<75>R<VAL> 7.274000 59.391998 -1.228000
c<E>r<76>R<VAL> 4.006000 57.591999 -0.604000
c<E>r<141>R<TRP> 13.761000 63.508999 9.978000
c<E>r<142>R<GLY> 15.828000 66.526001 11.078000
c<E>r<143>R<ASN> 19.111000 67.911003 9.816000
c<E>r<148>R<GLY> 25.396000 73.296997 7.487000
c<E>r<149>R<THR> 22.222000 71.709000 6.342000
c<E>r<150>R<SER> 21.003000 68.454002 4.795000
c<E>r<151>R<TYR> 17.587999 66.894997 5.343000
c<E>r<152>R<PRO> 17.044001 63.167999 4.962000
c<E>r<153>R<ASP> 14.129000 61.542000 3.381000
c<E>r<154>R<VAL> 14.077000 58.347000 5.450000
c<E>r<191>R<CYS> 18.972000 68.564003 15.357000
c<E>r<192>R<GLN> 16.558001 71.011002 13.764000
c<E>r<193>R<GLY> 13.506000 69.158997 12.494000
c<E>r<194>R<ASP> 13.801000 66.365997 15.073000
c<I>r<1>R<ARG> 10.090000 66.021004 -4.949000
c<I>r<2>R<PRO> 6.263000 66.180000 -3.739000
c<I>r<3>R<ASP> 4.185000 67.925003 -6.249000
c<I>r<4>R<PHE> 3.514000 70.806999 -3.885000
c<I>r<5>R<CYS> 7.326000 71.572998 -3.775000
c<I>r<40>R<ALA> -0.963000 79.660004 3.294000
c<I>r<41>R<LYS> -0.190000 76.900002 0.790000
c<I>r<42>R<ARG> 2.041000 73.903000 1.521000
c<I>r<43>R<ASN> 5.350000 75.341003 -0.101000
c<I>r<44>R<ASN> 5.679000 77.707001 2.871000
c<I>r<45>R<PHE> 8.193000 76.914001 5.671000
c<I>r<46>R<LYS> 9.202000 78.699997 8.836000
c<I>r<47>R<SER> 12.804000 77.425003 8.513000
c<I>r<48>R<ALA> 15.325000 76.385002 5.835000
c<I>r<49>R<GLU> 15.622000 72.995003 7.573000
c<I>r<50>R<ASP> 11.884000 72.389000 7.380000
c<I>r<51>R<CYS> 11.985000 73.293999 3.678000
c<I>r<52>R<MET> 14.968000 71.067001 2.937000
c<I>r<53>R<ARG> 13.547000 68.069000 4.756000
c<I>r<54>R<THR> 10.240000 68.262001 2.917000
c<I>r<55>R<CYS> 11.380000 69.450996 -0.531000
c<I>r<56>R<GLY> 15.087000 68.928001 -1.004000
c<I>r<57>R<GLY> 14.873000 65.246002 -2.140000
c<I>r<58>R<ALA> 16.664000 61.986000 -1.158000
