c<E>r<90>R<VAL> 0.044000 72.811996 25.084000
c<E>r<91>R<HIS> 1.129000 72.154999 28.669001
c<E>r<92>R<PRO> -0.418000 74.773003 30.979000
c<E>r<93>R<SER> 2.974000 75.782997 32.328999
c<E>r<94>R<TYR> 4.936000 75.809998 29.049000
c<E>r<95>R<ASN> 7.395000 78.684998 28.940001
c<E>r<100>R<ASN> 10.365000 74.546997 30.679001
c<E>r<101>R<ASN> 7.464000 72.081001 30.264999
c<E>r<127>R<SER> 9.408000 55.458000 36.500000
c<E>r<128>R<CYS> 11.902000 57.987999 35.324001
c<E>r<129>R<ALA> 14.851000 56.622002 33.417999
c<E>r<130>R<SER> 18.344999 56.285000 34.841999
c<E>r<132>R<ALA> 21.562000 58.138000 34.049000
c<E>r<164>R<SER> 24.051001 62.882000 34.752998
c<E>r<165>R<ASP> 22.094000 65.921997 35.912998
c<E>r<166>R<SER> 25.384001 67.492996 37.132000
c<E>r<176>R<ILE> 18.319000 73.024002 33.199001
c<E>r<177>R<THR> 15.141000 72.499001 35.181000
c<E>r<178>R<SER> 13.842000 69.348999 36.873001
c<E>r<179>R<ASN> 11.698000 68.871002 33.759998
c<E>r<180>R<MET> 14.703000 68.389000 31.459000
c<E>r<181>R<PHE> 17.478001 65.899002 30.983999
c<E>r<230>R<LYS> 11.409000 64.685997 30.983999
c<E>r<231>R<VAL> 8.211000 62.807999 30.107000
c<E>r<232>R<CYS> 7.975000 60.901001 33.388000
c<E>r<233>R<ASN> 7.039000 64.188004 35.125000
c<E>r<234>R<TYR> 3.987000 64.579002 32.862999
c<E>r<235>R<VAL> 2.236000 61.189999 33.007000
c<E>r<236>R<SER> -0.493000 62.444000 35.374001
c<E>r<237>R<TRP> -1.202000 65.476997 33.194000
c<E>r<240>R<GLN> -6.000000 63.373001 33.019001
c<E>r<241>R<THR> -6.030000 65.336998 29.770000
c<I>r<6>R<LEU> 9.548000 60.681999 44.356998
c<I>r<7>R<GLU> 6.407000 61.838001 42.451000
c<I>r<8>R<PRO> 6.827000 63.980999 39.355000
c<I>r<9>R<PRO> 6.104000 67.632004 39.596001
c<I>r<10>R<TYR> 2.562000 68.529999 38.666000
c<I>r<11>R<THR> 1.818000 71.612000 36.636002
c<I>r<12>R<GLY> -1.891000 70.852997 36.737000
c<I>r<13>R<PRO> -4.730000 72.099998 34.521999
c<I>r<14>R<CYS> -4.589000 75.831001 35.275002
c<I>r<15>R<LYS> -2.702000 78.223999 32.997002
c<I>r<16>R<ALA> -0.644000 80.416000 35.449001
c<I>r<17>R<ARG> 3.138000 80.202003 35.237999
c<I>r<18>R<ILE> 4.178000 80.123001 38.852001
c<I>r<19>R<ILE> 7.774000 79.040001 39.390999
c<I>r<21>R<TYR> 10.648000 73.989998 43.470001
c<I>r<22>R<PHE> 10.256000 70.217003 43.280998
c<I>r<23>R<TYR> 12.587000 67.450996 44.466000
c<I>r<24>R<ASN> 14.092000 65.730003 41.445000
c<I>r<25>R<ALA> 14.842000 62.351002 43.056999
c<I>r<26>R<LYS> 16.886999 61.119999 39.992001
c<I>r<27>R<ALA> 19.253000 64.153999 40.422001
c<I>r<28>R<GLY> 19.068001 64.258003 44.202999
c<I>r<29>R<LEU> 18.393999 68.087997 43.924000
c<I>r<30>R<CYS> 15.499000 70.528999 44.306000
c<I>r<31>R<GLN> 14.890000 72.214996 40.983002
c<I>r<32>R<THR> 12.391000 74.639999 39.426998
c<I>r<33>R<PHE> 9.235000 73.744003 37.542999
c<I>r<34>R<VAL> 6.230000 75.676003 36.320000
c<I>r<35>R<TYR> 3.025000 75.313004 38.391998
c<I>r<36>R<GLY> -0.242000 76.172997 36.691002
c<I>r<37>R<GLY> -1.831000 77.719002 39.820999
