c<A>r<124>R<MET> -0.423000 6.454000 -19.639000
c<A>r<127>R<ARG> 2.833000 9.246000 -17.062000
c<A>r<128>R<LEU> 5.112000 8.815000 -19.971001
c<A>r<129>R<ALA> 5.432000 12.574000 -20.410999
c<A>r<130>R<GLY> 6.653000 13.027000 -16.770000
c<A>r<132>R<LEU> 3.517000 12.932000 -12.207000
c<A>r<133>R<GLN> 6.723000 14.665000 -11.260000
c<A>r<134>R<LYS> 5.538000 18.062000 -12.606000
c<A>r<161>R<ASN> -0.842000 1.918000 -10.450000
c<A>r<162>R<GLN> 2.136000 0.938000 -8.277000
c<A>r<163>R<GLU> 4.694000 2.668000 -10.509000
c<A>r<164>R<SER> 2.909000 5.928000 -10.266000
c<A>r<166>R<LEU> 6.517000 5.025000 -6.324000
c<A>r<167>R<ILE> 7.092000 8.026000 -8.637000
c<A>r<168>R<ILE> 5.031000 10.204000 -6.409000
c<A>r<170>R<ALA> 10.328000 9.663000 -5.083000
c<A>r<171>R<SER> 9.088000 13.183000 -5.953000
c<A>r<203>R<CYS> 1.572000 1.057000 -0.745000
c<A>r<204>R<SER> 4.206000 -0.605000 1.618000
c<A>r<205>R<SER> 6.790000 2.000000 0.498000
c<A>r<206>R<ASN> 4.530000 5.022000 0.721000
c<B>r<148>R<GLN> 4.794000 -9.985000 1.855000
c<B>r<151>R<GLU> 7.949000 -6.601000 -0.106000
c<B>r<152>R<GLY> 10.997000 -5.836000 1.715000
c<B>r<154>R<GLN> 11.184000 -4.738000 -3.558000
c<B>r<155>R<GLU> 11.328000 -1.676000 -1.370000
c<B>r<156>R<GLN> 15.054000 -1.859000 -0.939000
c<B>r<158>R<ASN> 13.406000 0.629000 -5.384000
c<B>r<159>R<ALA> 15.283000 2.798000 -2.943000
c<B>r<162>R<LEU> 16.399000 5.779000 -6.935000
c<B>r<163>R<ASP> 19.580999 6.605000 -5.120000
c<B>r<173>R<THR> 15.817000 14.152000 -13.307000
c<B>r<174>R<GLU> 13.043000 11.829000 -14.478000
c<B>r<175>R<LYS> 15.259000 8.902000 -15.227000
c<B>r<176>R<PHE> 14.010000 6.848000 -12.260000
c<B>r<177>R<GLY> 10.389000 7.366000 -13.229000
c<B>r<178>R<GLN> 11.088000 6.705000 -16.868000
c<B>r<179>R<LEU> 12.689000 3.440000 -15.914000
c<B>r<180>R<LEU> 9.785000 2.279000 -13.749000
c<B>r<181>R<LEU> 7.381000 3.111000 -16.548000
c<B>r<182>R<ARG> 9.143000 0.537000 -18.764000
c<B>r<183>R<LEU> 7.988000 -2.241000 -16.528000
c<B>r<184>R<PRO> 4.398000 -2.223000 -17.763000
