c<A>r<6>R<ILE> -4.824000 4.172000 2.063000
c<A>r<7>R<LEU> -6.484000 0.765000 2.047000
c<A>r<8>R<MET> -4.353000 -2.194000 0.912000
c<A>r<9>R<PHE> -6.140000 -5.488000 0.498000
c<A>r<10>R<ASP> -4.954000 -8.782000 -0.843000
c<A>r<11>R<MET> -7.869000 -11.143000 -1.183000
c<A>r<37>R<HIS> -4.971000 3.715000 -7.154000
c<A>r<38>R<GLN> -4.052000 0.216000 -8.136000
c<A>r<39>R<PHE> -5.838000 -3.238000 -8.294000
c<A>r<40>R<SER> -6.067000 -3.584000 -4.605000
c<A>r<41>R<ILE> -5.017000 -0.247000 -3.372000
c<A>r<56>R<ILE> -12.503000 2.883000 10.418000
c<A>r<59>R<LEU> -14.769000 -0.620000 7.489000
c<A>r<60>R<ARG> -14.791000 -2.964000 10.515000
c<A>r<61>R<GLU> -18.482000 -3.461000 10.113000
c<A>r<62>R<HIS> -18.103001 -4.370000 6.470000
c<A>r<63>R<ASN> -15.006000 -6.458000 6.822000
c<A>r<64>R<PRO> -15.139000 -9.306000 4.268000
c<A>r<65>R<ASN> -13.109000 -11.536000 6.753000
c<A>r<66>R<LYS> -10.981000 -12.755000 3.935000
c<A>r<67>R<GLY> -7.356000 -12.225000 2.988000
c<A>r<68>R<ASN> -5.318000 -9.393000 4.314000
c<A>r<69>R<ILE> -6.637000 -5.911000 4.635000
c<A>r<70>R<THR> -4.516000 -3.111000 5.995000
c<A>r<71>R<LEU> -5.148000 0.639000 6.579000
c<A>r<72>R<LEU> -2.578000 3.292000 6.526000
c<A>r<73>R<THR> -3.439000 6.921000 7.326000
c<A>r<74>R<VAL> -1.004000 9.622000 6.121000
c<A>r<75>R<THR> -1.104000 13.410000 5.719000
c<A>r<78>R<GLN> 2.869000 12.815000 2.362000
c<A>r<79>R<PHE> 0.380000 11.277000 -0.060000
c<A>r<80>R<ALA> 1.090000 13.993000 -2.649000
c<A>r<81>R<ARG> 4.831000 13.064000 -2.501000
c<A>r<82>R<MET> 4.199000 9.548000 -3.544000
c<A>r<83>R<ILE> 6.570000 8.346000 -6.262000
c<A>r<84>R<TYR> 5.238000 6.465000 -9.182000
c<A>r<85>R<LEU> 8.019000 4.261000 -10.389000
c<A>r<86>R<HIS> 6.061000 2.892000 -13.246000
c<A>r<87>R<GLY> 2.684000 3.477000 -14.235000
c<A>r<88>R<GLU> 0.932000 5.019000 -16.976999
c<B>r<5>R<ILE> 6.208000 1.178000 1.465000
c<B>r<6>R<LEU> 6.302000 -0.262000 -2.047000
c<B>r<7>R<MET> 2.972000 -1.139000 -3.671000
c<B>r<8>R<PHE> 3.112000 -2.918000 -7.005000
c<B>r<9>R<ASP> 0.433000 -4.468000 -9.098000
c<B>r<10>R<MET> 1.828000 -6.498000 -11.965000
c<B>r<11>R<PRO> -0.086000 -8.800000 -14.137000
c<B>r<36>R<HIS> 3.631000 -7.249000 4.287000
c<B>r<37>R<GLN> 1.146000 -8.551000 1.831000
c<B>r<38>R<PHE> 1.080000 -9.822000 -1.727000
c<B>r<39>R<SER> 2.622000 -7.000000 -3.564000
c<B>r<40>R<ILE> 3.139000 -4.798000 -0.640000
c<B>r<55>R<ILE> 14.725000 5.344000 -4.920000
c<B>r<58>R<LEU> 14.500000 1.050000 -7.648000
c<B>r<59>R<ARG> 14.428000 3.212000 -10.803000
c<B>r<60>R<GLU> 17.348000 1.301000 -12.175000
c<B>r<61>R<HIS> 15.637000 -2.002000 -11.595000
c<B>r<62>R<ASN> 12.184000 -0.969000 -12.656000
c<B>r<63>R<PRO> 10.460000 -3.939000 -14.352000
c<B>r<64>R<ASN> 8.546000 -1.442000 -16.631001
c<B>r<65>R<LYS> 5.423000 -3.413000 -16.112000
c<B>r<66>R<GLY> 2.241000 -2.737000 -14.184000
c<B>r<67>R<ASN> 1.932000 -0.114000 -11.570000
c<B>r<68>R<ILE> 4.523000 0.483000 -8.933000
c<B>r<69>R<THR> 4.123000 3.152000 -6.295000
c<B>r<70>R<LEU> 6.332000 4.274000 -3.352000
c<B>r<71>R<LEU> 5.136000 5.818000 -0.221000
c<B>r<72>R<THR> 7.525000 7.026000 2.501000
c<B>r<73>R<VAL> 6.101000 7.449000 6.020000
c<B>r<74>R<THR> 7.486000 7.915000 9.526000
c<B>r<77>R<GLN> 2.821000 6.299000 11.226000
c<B>r<78>R<PHE> 3.761000 2.834000 10.011000
c<B>r<79>R<ALA> 3.432000 1.413000 13.537000
c<B>r<80>R<ARG> -0.160000 2.793000 13.716000
c<B>r<81>R<MET> -1.291000 0.829000 10.774000
c<B>r<82>R<ILE> -4.607000 -0.906000 11.305000
c<B>r<83>R<TYR> -5.042000 -4.470000 10.285000
c<B>r<84>R<LEU> -8.656000 -4.900000 9.478000
c<B>r<85>R<HIS> -8.278000 -8.575000 8.667000
c<B>r<86>R<GLY> -5.373000 -10.792000 8.605000
c<B>r<87>R<GLU> -3.177000 -12.277000 11.111000
