c<A>r<1>R<ILE> 10.700000 16.274000 11.097000
c<A>r<2>R<GLU> 9.157000 19.153999 9.802000
c<A>r<3>R<THR> 6.543000 19.856001 11.897000
c<A>r<4>R<ILE> 3.325000 20.441999 10.281000
c<A>r<6>R<GLN> -2.013000 22.030001 13.595000
c<A>r<9>R<GLU> -2.907000 19.240999 9.521000
c<A>r<10>R<THR> -6.511000 20.176001 9.860000
c<A>r<12>R<ILE> -4.940000 18.344999 5.003000
c<A>r<13>R<LEU> -7.397000 16.055000 6.868000
c<A>r<14>R<GLU> -10.409000 18.059999 5.696000
c<A>r<16>R<PHE> -8.441000 14.294000 2.411000
c<A>r<17>R<LEU> -11.930000 13.510000 3.752000
c<A>r<20>R<VAL> -12.570000 10.162000 0.081000
c<A>r<21>R<LYS> -16.207001 11.230000 -0.204000
c<A>r<37>R<LEU> -0.036000 18.764000 1.093000
c<A>r<38>R<ASN> 2.742000 20.277000 -1.029000
c<A>r<130>R<ALA> 2.427000 3.531000 -6.238000
c<A>r<133>R<THR> 5.274000 7.561000 -5.298000
c<A>r<134>R<ALA> 8.515000 5.839000 -6.132000
c<A>r<137>R<ILE> 9.670000 11.397000 -3.618000
c<A>r<138>R<PRO> 9.380000 13.778000 -1.662000
c<A>r<139>R<ASP> 6.001000 14.583000 -3.414000
c<A>r<140>R<ARG> 3.408000 13.906000 -0.697000
c<A>r<141>R<LEU> 0.328000 13.680000 -2.956000
c<A>r<142>R<PHE> 0.555000 10.198000 -4.221000
c<A>r<143>R<LEU> 0.951000 8.766000 -0.654000
c<A>r<144>R<ALA> -2.228000 10.521000 0.306000
c<A>r<145>R<LEU> -3.944000 9.158000 -2.825000
c<A>r<146>R<LEU> -2.818000 5.647000 -1.844000
c<A>r<147>R<ALA> -4.263000 6.261000 1.610000
c<A>r<148>R<LYS> -7.508000 7.331000 0.118000
c<A>r<149>R<ASN> -7.725000 4.285000 -2.123000
c<A>r<150>R<LEU> -7.023000 1.922000 0.809000
c<A>r<151>R<LEU> -9.640000 3.610000 2.976000
c<A>r<152>R<LYS> -12.184000 3.306000 0.176000
c<A>r<153>R<THR> -11.263000 -0.316000 -0.333000
c<A>r<154>R<ALA> -12.119000 -0.932000 3.300000
c<A>r<155>R<TYR> -15.745000 -0.339000 2.132000
c<A>r<156>R<GLU> -15.283000 -2.393000 -0.841000
c<A>r<157>R<VAL> -13.363000 -5.211000 0.643000
c<A>r<158>R<GLU> -13.934000 -7.510000 -2.319000
c<A>r<159>R<LEU> -11.298000 -5.393000 -4.176000
c<A>r<160>R<CYS> -8.799000 -5.724000 -1.449000
c<A>r<161>R<GLU> -6.575000 -8.336000 -3.053000
c<A>r<164>R<LEU> -2.996000 -4.386000 -2.702000
c<A>r<165>R<ASP> -1.547000 -6.403000 -5.558000
c<A>r<167>R<LEU> 0.015000 -1.168000 -4.991000
c<A>r<168>R<THR> 2.793000 -3.649000 -4.281000
c<A>r<169>R<GLN> 3.487000 -4.299000 -7.989000
c<A>r<170>R<GLY> 3.654000 -0.534000 -8.687000
c<A>r<171>R<TRP> 6.127000 0.038000 -5.782000
c<A>r<172>R<GLY> 9.382000 -0.478000 -7.479000
c<A>r<173>R<LYS> 12.572000 1.442000 -7.643000
c<B>r<1>R<ILE> -22.653999 1.408000 3.303000
c<B>r<6>R<GLU> -19.702999 6.291000 6.203000
c<B>r<7>R<THR> -19.709999 9.397000 8.266000
c<B>r<9>R<ILE> -16.174000 5.547000 9.714000
c<B>r<10>R<LEU> -14.575000 8.795000 8.420000
c<B>r<11>R<GLU> -14.884000 10.505000 11.801000
c<B>r<13>R<PHE> -10.633000 7.335000 10.975000
c<B>r<14>R<LEU> -9.785000 11.035000 11.382000
c<B>r<17>R<VAL> -4.997000 9.775000 12.311000
c<B>r<18>R<LYS> -4.854000 12.571000 14.880000
c<B>r<34>R<LEU> -15.816000 -0.766000 10.174000
c<B>r<35>R<ASN> -16.684000 -4.362000 11.112000
c<B>r<39>R<THR> -18.849001 -8.315000 8.386000
c<B>r<133>R<ALA> -0.131000 -5.744000 5.638000
c<B>r<136>R<THR> -4.675000 -7.863000 5.843000
c<B>r<137>R<ALA> -3.615000 -10.908000 3.887000
c<B>r<140>R<ILE> -9.757000 -10.898000 4.575000
c<B>r<141>R<PRO> -12.607000 -9.731000 4.682000
c<B>r<142>R<ASP> -11.619000 -7.923000 7.970000
c<B>r<143>R<ARG> -11.762000 -4.209000 7.076000
c<B>r<144>R<LEU> -9.713000 -2.849000 10.003000
c<B>r<145>R<PHE> -6.234000 -3.502000 8.842000
c<B>r<146>R<LEU> -6.924000 -1.777000 5.446000
c<B>r<147>R<ALA> -8.001000 1.294000 7.327000
c<B>r<148>R<LEU> -4.891000 1.076000 9.530000
c<B>r<149>R<LEU> -2.744000 0.894000 6.380000
c<B>r<150>R<ALA> -4.582000 3.963000 5.090000
c<B>r<151>R<LYS> -3.883000 5.790000 8.249000
c<B>r<152>R<ASN> -0.196000 4.917000 8.212000
c<B>r<153>R<LEU> 0.177000 6.050000 4.580000
c<B>r<154>R<LEU> -1.611000 9.330000 5.303000
c<B>r<155>R<LYS> 0.669000 9.969000 8.279000
c<B>r<156>R<THR> 3.696000 9.105000 6.205000
c<B>r<157>R<ALA> 2.672000 11.831000 3.800000
c<B>r<158>R<TYR> 3.726000 14.145000 6.685000
c<B>r<159>R<GLU> 6.772000 12.277000 7.340000
c<B>r<160>R<VAL> 7.896000 11.658000 3.852000
c<B>r<161>R<GLU> 11.396000 10.626000 4.891000
c<B>r<163>R<CYS> 8.155000 6.720000 2.777000
c<B>r<164>R<GLU> 10.560000 4.166000 1.345000
c<B>r<167>R<LEU> 6.187000 1.107000 1.498000
c<B>r<168>R<ASP> 8.906000 -1.537000 1.624000
c<B>r<170>R<LEU> 3.890000 -2.884000 3.328000
c<B>r<171>R<THR> 5.090000 -4.681000 0.240000
c<B>r<172>R<GLN> 7.012000 -7.311000 2.187000
c<B>r<173>R<GLY> 4.044000 -7.930000 4.554000
c<B>r<174>R<TRP> 1.749000 -8.510000 1.574000
c<B>r<175>R<GLY> 3.471000 -11.716000 0.550000
c<B>r<176>R<LYS> 0.349000 -13.957000 0.875000
