c<A>r<8>R<TYR> -2.737000 -2.471000 -11.261000
c<A>r<9>R<SER> -1.009000 -5.491000 -9.521000
c<A>r<10>R<GLU> -1.478000 -8.987000 -11.338000
c<A>r<13>R<LEU> 2.627000 -10.837000 -14.899000
c<A>r<27>R<ALA> -3.270000 0.528000 -7.111000
c<A>r<28>R<ALA> -6.602000 2.382000 -7.805000
c<A>r<29>R<PRO> -7.130000 3.101000 -11.597000
c<A>r<30>R<LYS> -9.935000 5.738000 -11.028000
c<A>r<31>R<GLU> -7.469000 7.726000 -8.822000
c<A>r<32>R<GLY> -4.689000 7.755000 -11.503000
c<A>r<33>R<GLY> -2.242000 5.451000 -9.623000
c<A>r<34>R<LEU> -1.892000 5.101000 -5.817000
c<A>r<35>R<THR> 0.838000 3.271000 -3.813000
c<A>r<36>R<PRO> 0.366000 -0.577000 -3.698000
c<A>r<37>R<SER> -0.046000 -2.734000 -0.535000
c<A>r<38>R<LEU> 2.818000 -4.879000 0.871000
c<A>r<39>R<GLY> 1.203000 -8.224000 -0.109000
c<A>r<40>R<VAL> 0.694000 -6.824000 -3.661000
c<A>r<41>R<LEU> 4.336000 -5.561000 -3.817000
c<A>r<42>R<LYS> 5.635000 -9.004000 -2.625000
c<A>r<43>R<SER> 3.272000 -11.195000 -4.770000
c<A>r<44>R<VAL> 4.281000 -9.225000 -7.927000
c<A>r<46>R<GLN> 7.999000 -12.926000 -6.571000
c<A>r<47>R<ARG> 6.515000 -13.551000 -10.110000
c<A>r<56>R<ILE> 4.505000 6.227000 -4.423000
c<A>r<57>R<ARG> 1.243000 8.267000 -4.117000
c<A>r<58>R<PRO> -0.661000 7.765000 -0.793000
c<A>r<59>R<ARG> -4.164000 9.163000 -1.714000
c<A>r<60>R<GLY> -6.338000 10.631000 -4.503000
c<A>r<61>R<GLY> -6.546000 14.355000 -5.381000
c<A>r<62>R<ASP> -3.507000 16.677999 -5.761000
c<A>r<63>R<PHE> 0.248000 16.177000 -5.110000
c<A>r<64>R<CYS> 0.666000 18.534000 -2.061000
c<A>r<65>R<TYR> 0.985000 15.906000 0.703000
c<A>r<66>R<SER> 0.827000 16.618999 4.484000
c<A>r<67>R<ASP> 3.781000 15.662000 6.809000
c<A>r<68>R<GLY> 2.020000 12.299000 7.367000
c<A>r<69>R<GLU> 1.027000 11.582000 3.752000
c<A>r<70>R<PHE> 4.740000 12.420000 3.035000
c<A>r<71>R<ALA> 5.863000 10.371000 6.094000
c<A>r<72>R<ALA> 4.036000 7.526000 4.286000
c<A>r<73>R<ILE> 5.844000 8.391000 0.962000
c<A>r<74>R<LEU> 9.248000 8.236000 2.768000
c<A>r<75>R<GLU> 8.352000 4.819000 4.317000
c<A>r<76>R<ASP> 6.918000 3.438000 1.008000
c<A>r<77>R<VAL> 10.115000 4.603000 -0.844000
c<A>r<78>R<ARG> 12.089000 2.588000 1.797000
c<A>r<79>R<THR> 9.637000 -0.366000 1.441000
c<A>r<80>R<VAL> 10.117000 -0.474000 -2.389000
c<A>r<95>R<VAL> 1.682000 25.159000 -2.893000
c<A>r<96>R<ASP> 2.957000 27.225000 -5.915000
c<A>r<97>R<GLY> 3.708000 24.712999 -8.783000
c<A>r<121>R<CYS> 0.614000 20.420000 -13.165000
c<A>r<122>R<ALA> 3.993000 22.225000 -12.634000
c<A>r<194>R<TRP> -13.482000 -2.802000 -17.385000
c<A>r<195>R<GLN> -14.285000 -6.556000 -17.452999
c<A>r<196>R<ALA> -17.877001 -6.991000 -16.225000
c<A>r<197>R<SER> -18.038000 -9.682000 -13.504000
c<A>r<198>R<PRO> -19.243000 -13.129000 -14.828000
c<A>r<199>R<ARG> -21.917000 -13.139000 -12.027000
c<A>r<200>R<TYR> -21.733000 -9.996000 -9.820000
c<A>r<201>R<ARG> -24.052999 -7.643000 -11.773000
c<A>r<202>R<ASN> -23.086000 -3.917000 -11.863000
c<A>r<203>R<TYR> -19.499001 -4.881000 -10.752000
c<A>r<204>R<SER> -16.631001 -4.631000 -13.271000
c<A>r<205>R<ARG> -12.838000 -4.970000 -12.703000
c<A>r<206>R<TYR> -9.907000 -3.197000 -14.395000
c<A>r<207>R<ILE> -8.179000 -5.648000 -16.754999
c<B>r<8>R<TYR> -8.973000 8.035000 3.161000
c<B>r<9>R<SER> -5.591000 9.385000 4.467000
c<B>r<10>R<GLU> -4.303000 11.077000 7.719000
c<B>r<26>R<CYS> -8.847000 3.176000 3.189000
c<B>r<27>R<ALA> -7.350000 4.203000 -0.131000
c<B>r<28>R<ALA> -9.341000 5.080000 -3.323000
c<B>r<29>R<PRO> -12.959000 6.228000 -2.514000
c<B>r<30>R<LYS> -13.944000 5.864000 -6.261000
c<B>r<31>R<GLU> -13.127000 2.103000 -6.011000
c<B>r<33>R<GLY> -12.347000 1.294000 -0.339000
c<B>r<34>R<LEU> -8.926000 -0.278000 -1.160000
c<B>r<35>R<THR> -5.752000 -1.242000 0.813000
c<B>r<36>R<PRO> -3.609000 1.618000 2.271000
c<B>r<37>R<SER> 0.172000 1.410000 1.613000
c<B>r<38>R<LEU> 2.774000 0.322000 4.204000
c<B>r<39>R<GLY> 3.695000 4.016000 4.731000
c<B>r<40>R<VAL> 0.029000 5.066000 5.374000
c<B>r<41>R<LEU> -0.441000 2.053000 7.719000
c<B>r<42>R<LYS> 2.776000 3.103000 9.611000
c<B>r<43>R<SER> 1.787000 6.837000 9.759000
c<B>r<44>R<VAL> -1.708000 6.060000 11.177000
c<B>r<46>R<GLN> 2.005000 6.665000 14.947000
c<B>r<47>R<ARG> -1.026000 9.082000 15.158000
c<B>r<56>R<ILE> -7.539000 -4.654000 2.668000
c<B>r<57>R<ARG> -9.172000 -4.754000 -0.798000
c<B>r<58>R<PRO> -7.457000 -4.422000 -4.223000
c<B>r<59>R<ARG> -9.627000 -3.447000 -7.235000
c<B>r<60>R<GLY> -12.815000 -1.822000 -8.366000
c<B>r<61>R<GLY> -15.172000 -4.730000 -9.183000
c<B>r<62>R<ASP> -15.925000 -8.087000 -7.535000
c<B>r<63>R<PHE> -14.486000 -9.993000 -4.538000
c<B>r<64>R<CYS> -13.586000 -13.171000 -6.529000
c<B>r<66>R<SER> -7.060000 -15.339000 -8.155000
c<B>r<68>R<GLY> -1.813000 -14.834000 -7.287000
c<B>r<69>R<GLU> -4.184000 -12.435000 -5.490000
c<B>r<70>R<PHE> -4.553000 -15.019000 -2.613000
c<B>r<71>R<ALA> -0.721000 -15.021000 -2.181000
c<B>r<72>R<ALA> -1.032000 -11.229000 -1.520000
c<B>r<73>R<ILE> -4.258000 -11.667000 0.622000
c<B>r<74>R<LEU> -2.426000 -13.733000 3.273000
c<B>r<75>R<GLU> 0.666000 -11.421000 3.125000
c<B>r<76>R<ASP> -1.176000 -8.095000 3.700000
c<B>r<77>R<VAL> -2.998000 -9.894000 6.602000
c<B>r<78>R<ARG> 0.448000 -10.749000 8.097000
c<B>r<79>R<THR> 1.646000 -7.167000 7.365000
c<B>r<80>R<VAL> -1.210000 -5.327000 9.177000
c<B>r<95>R<VAL> -17.914000 -17.832001 -8.199000
c<B>r<96>R<ASP> -21.511000 -18.688000 -7.061000
c<B>r<97>R<GLY> -22.645000 -16.481001 -4.082000
c<B>r<121>R<CYS> -23.738001 -9.752000 -2.918000
c<B>r<122>R<ALA> -23.867001 -13.103000 -0.986000
c<B>r<194>R<TRP> -14.888000 16.707001 -1.498000
c<B>r<195>R<GLN> -12.303000 19.444000 -0.791000
c<B>r<196>R<ALA> -11.261000 21.186001 -4.049000
c<B>r<197>R<SER> -7.460000 21.743999 -4.241000
c<B>r<198>R<PRO> -6.366000 25.341000 -3.230000
c<B>r<199>R<ARG> -4.403000 25.705000 -6.550000
c<B>r<200>R<TYR> -4.825000 22.542999 -8.678000
c<B>r<201>R<ARG> -8.542000 23.212999 -9.505000
c<B>r<202>R<GLU> -9.069000 20.011000 -11.607000
c<B>r<203>R<TYR> -8.331000 17.929001 -8.434000
c<B>r<204>R<SER> -10.455000 17.365000 -5.310000
c<B>r<205>R<ARG> -9.415000 15.477000 -2.138000
c<B>r<206>R<TYR> -11.854000 13.202000 -0.313000
