c<A>r<166>R<VAL> 9.977000 6.586000 2.188000
c<A>r<167>R<ARG> 6.812000 6.127000 0.054000
c<A>r<168>R<GLU> 4.359000 6.731000 2.947000
c<A>r<169>R<GLY> 6.356000 9.433000 4.817000
c<A>r<170>R<LYS> 7.587000 12.930000 3.849000
c<A>r<171>R<PHE> 11.069000 12.760000 2.273000
c<A>r<173>R<ALA> 13.524000 13.060000 -3.613000
c<A>r<247>R<GLY> 1.873000 -4.687000 3.396000
c<B>r<36>R<VAL> 6.198000 8.954000 -8.365000
c<B>r<37>R<LEU> 4.887000 9.976000 -4.894000
c<B>r<38>R<ARG> 1.201000 8.875000 -5.343000
c<B>r<39>R<ALA> 0.341000 11.077000 -2.329000
c<B>r<42>R<LYS> -2.653000 7.291000 -0.009000
c<B>r<45>R<SER> -5.814000 0.476000 0.296000
c<B>r<174>R<VAL> 12.755000 18.742001 -11.181000
c<B>r<175>R<GLU> 10.970000 15.366000 -11.077000
