c<E>r<1>R<ALA> 20.235001 0.423000 -1.513000
c<E>r<2>R<PHE> 17.563000 -1.122000 0.704000
c<E>r<5>R<PHE> 15.161000 3.243000 0.696000
c<E>r<6>R<LEU> 14.097000 2.526000 4.265000
c<E>r<9>R<ALA> 10.609000 5.979000 3.543000
c<E>r<10>R<ILE> 10.909000 6.633000 7.238000
c<E>r<13>R<CYS> 6.594000 9.177000 6.857000
c<E>r<16>R<MET> 4.013000 13.574000 6.622000
c<E>r<17>R<LEU> 3.440000 13.108000 10.393000
c<E>r<31>R<LEU> -14.723000 21.033001 9.876000
c<E>r<32>R<ARG> -13.270000 22.025999 6.532000
c<E>r<33>R<LEU> -9.739000 20.969000 7.518000
c<E>r<34>R<SER> -10.773000 17.363001 7.570000
c<E>r<35>R<ALA> -11.049000 17.188999 3.809000
c<E>r<36>R<LYS> -7.714000 18.753000 3.320000
c<E>r<37>R<PHE> -6.050000 16.247999 5.556000
c<E>r<38>R<TYR> -7.629000 13.451000 3.650000
c<E>r<39>R<LEU> -6.395000 14.757000 0.374000
c<E>r<40>R<VAL> -2.890000 15.161000 1.735000
c<E>r<41>R<ALA> -2.970000 11.684000 3.129000
c<E>r<42>R<MET> -4.177000 10.248000 -0.187000
c<E>r<43>R<PHE> -1.387000 12.023000 -2.021000
c<E>r<44>R<PHE> 1.160000 10.811000 0.475000
c<E>r<45>R<VAL> 0.145000 7.188000 -0.094000
c<E>r<46>R<ILE> 0.312000 7.566000 -3.832000
c<E>r<47>R<PHE> 3.739000 9.228000 -3.620000
c<E>r<48>R<ASP> 4.975000 6.376000 -1.356000
c<E>r<49>R<VAL> 3.932000 3.641000 -3.803000
c<E>r<50>R<GLU> 5.577000 5.547000 -6.598000
c<E>r<51>R<ALA> 8.789000 5.877000 -4.635000
c<E>r<52>R<LEU> 8.808000 2.117000 -4.255000
c<E>r<53>R<TYR> 8.680000 1.636000 -7.987000
c<E>r<54>R<LEU> 11.344000 4.252000 -8.405000
c<E>r<55>R<PHE> 13.427000 2.423000 -5.892000
c<E>r<56>R<ALA> 12.926000 -0.917000 -7.681000
c<E>r<57>R<TRP> 13.953000 0.860000 -10.854000
c<E>r<58>R<SER> 16.938000 2.375000 -9.125000
c<E>r<59>R<THR> 18.316000 -0.992000 -8.147000
c<E>r<60>R<SER> 18.059999 -2.301000 -11.712000
c<E>r<61>R<ILE> 18.978001 0.896000 -13.606000
c<E>r<62>R<ARG> 21.764000 -0.901000 -15.420000
c<E>r<63>R<GLU> 19.743000 -3.924000 -16.162001
c<E>r<64>R<SER> 16.580999 -2.178000 -17.083000
c<E>r<65>R<GLY> 18.448000 -0.857000 -19.931000
c<E>r<67>R<VAL> 13.837000 1.380000 -21.754000
c<E>r<68>R<GLY> 13.788000 1.248000 -17.938999
c<E>r<69>R<PHE> 15.408000 4.617000 -17.837000
c<E>r<71>R<GLU> 10.045000 4.700000 -18.240000
c<E>r<72>R<ALA> 11.422000 5.819000 -14.926000
c<E>r<74>R<ILE> 8.406000 9.442000 -17.489000
c<E>r<75>R<PHE> 7.376000 8.196000 -14.131000
c<E>r<78>R<VAL> 4.550000 12.598000 -13.879000
c<E>r<79>R<LEU> 5.281000 12.549000 -10.162000
c<E>r<82>R<GLY> 1.643000 16.051001 -9.545000
c<E>r<83>R<LEU> 3.716000 17.607000 -6.840000
c<E>r<85>R<TYR> 0.175000 20.697001 -9.310000
c<E>r<86>R<LEU> -0.509000 20.101999 -5.477000
c<E>r<89>R<ILE> -3.548000 24.393999 -6.144000
c<F>r<49>R<TYR> 13.383000 -9.178000 2.055000
c<F>r<50>R<PHE> 12.483000 -6.507000 -0.457000
c<F>r<53>R<ALA> 10.027000 -4.350000 3.524000
c<F>r<54>R<LEU> 7.657000 -3.122000 0.789000
c<F>r<57>R<ILE> 6.116000 0.470000 4.272000
c<F>r<58>R<VAL> 3.373000 0.530000 1.736000
c<F>r<59>R<TYR> 0.599000 -1.579000 3.328000
c<F>r<61>R<GLY> 2.564000 2.370000 6.717000
c<F>r<62>R<ALA> 0.727000 4.261000 3.904000
c<F>r<63>R<ILE> -2.635000 2.375000 3.634000
c<F>r<64>R<MET> -3.033000 2.368000 7.380000
c<F>r<65>R<VAL> -2.501000 6.176000 7.736000
c<F>r<66>R<LEU> -5.115000 6.596000 4.939000
c<F>r<67>R<PHE> -7.633000 4.464000 6.671000
c<F>r<68>R<VAL> -7.055000 6.218000 10.052000
c<F>r<69>R<PHE> -7.715000 9.513000 8.414000
c<F>r<70>R<VAL> -10.800000 8.272000 6.625000
c<F>r<72>R<MET> -11.243000 10.068000 11.700000
c<F>r<73>R<MET> -13.033000 11.905000 8.870000
c<F>r<74>R<LEU> -16.045000 9.630000 8.913000
c<F>r<76>R<LEU> -17.832001 12.484000 12.726000
c<F>r<125>R<SER> 17.194000 -8.875000 -4.209000
c<F>r<126>R<ALA> 15.438000 -5.624000 -4.993000
c<F>r<127>R<LYS> 17.615999 -5.667000 -7.974000
c<F>r<128>R<ALA> 16.090000 -8.912000 -9.152000
c<F>r<129>R<VAL> 12.592000 -7.558000 -8.710000
c<F>r<130>R<GLY> 13.593000 -4.373000 -10.435000
c<F>r<131>R<ILE> 15.112000 -6.190000 -13.372000
c<F>r<132>R<THR> 11.892000 -8.223000 -13.672000
c<F>r<133>R<LEU> 9.637000 -5.152000 -13.165000
c<F>r<134>R<PHE> 11.500000 -3.042000 -15.701000
c<F>r<135>R<GLY> 12.303000 -5.889000 -18.025999
c<F>r<136>R<PRO> 9.595000 -8.272000 -19.014000
c<F>r<138>R<VAL> 7.554000 -2.988000 -18.002001
c<F>r<139>R<LEU> 3.911000 -2.849000 -19.315001
c<F>r<141>R<VAL> 4.659000 -0.738000 -14.445000
c<F>r<142>R<GLU> 3.297000 1.476000 -17.176001
c<F>r<144>R<ALA> 0.374000 0.900000 -12.720000
c<F>r<145>R<SER> 1.722000 4.430000 -13.491000
c<F>r<146>R<MET> -1.376000 5.255000 -15.612000
c<F>r<148>R<LEU> -1.802000 6.022000 -10.247000
c<F>r<149>R<LEU> -1.944000 9.084000 -12.525000
c<F>r<151>R<GLY> -5.940000 8.349000 -8.986000
c<F>r<152>R<LEU> -4.085000 11.642000 -8.644000
c<F>r<153>R<VAL> -6.322000 13.330000 -11.117000
c<F>r<155>R<ALA> -8.106000 12.986000 -5.898000
c<F>r<156>R<PHE> -7.474000 16.399000 -7.399000
c<F>r<158>R<VAL> -12.747000 15.531000 -5.566000
c<F>r<159>R<GLY> -10.649000 17.969000 -3.643000
c<F>r<160>R<ARG> -11.658000 20.962000 -5.973000
c<F>r<162>R<GLU> -15.546000 20.892000 -2.008000
c<F>r<163>R<ARG> -14.217000 24.391001 -2.525000
c<F>r<166>R<GLU> -18.739000 26.540001 0.055000
