c<A>r<7>R<PRO> -11.113000 -12.206000 10.101000
c<A>r<10>R<TRP> -11.465000 -6.848000 14.291000
c<A>r<12>R<GLY> -9.268000 -0.695000 12.722000
c<A>r<13>R<ARG> -9.327000 2.634000 10.894000
c<A>r<17>R<TYR> -13.266000 8.485000 -0.638000
c<A>r<18>R<GLN> -16.351999 9.702000 -2.466000
c<A>r<19>R<GLN> -14.726000 10.090000 -5.902000
c<A>r<20>R<SER> -17.400999 12.424000 -7.401000
c<A>r<21>R<SER> -17.049999 15.024000 -4.577000
c<A>r<22>R<GLY> -13.322000 14.438000 -3.779000
c<A>r<23>R<ARG> -14.436000 14.195000 -0.112000
c<A>r<45>R<LYS> -14.137000 18.191999 10.289000
c<A>r<98>R<GLN> -0.936000 -10.985000 -6.752000
c<A>r<99>R<TYR> 1.691000 -8.344000 -5.872000
c<A>r<100>R<SER> 3.797000 -6.799000 -3.084000
c<A>r<101>R<ILE> 2.871000 -3.351000 -1.668000
c<A>r<102>R<GLY> 5.960000 -1.401000 -0.466000
c<A>r<103>R<GLY> 9.564000 -2.277000 -1.402000
c<A>r<104>R<PRO> 12.545000 -4.534000 -0.570000
c<A>r<105>R<GLN> 12.693000 -5.396000 3.194000
c<A>r<106>R<GLU> 9.339000 -3.583000 3.897000
c<A>r<107>R<GLN> 6.505000 -5.169000 1.907000
c<A>r<108>R<ILE> 3.247000 -7.108000 2.249000
c<A>r<109>R<THR> 1.912000 -9.518000 -0.399000
c<A>r<110>R<VAL> -1.719000 -8.936000 -1.441000
c<A>r<121>R<SER> -15.602000 -5.948000 -19.712000
c<A>r<122>R<TYR> -16.282000 -3.873000 -16.534000
c<A>r<123>R<GLU> -15.795000 -4.529000 -12.808000
c<A>r<124>R<THR> -18.323000 -3.101000 -10.254000
c<A>r<128>R<ILE> -7.487000 -6.121000 -2.201000
c<A>r<129>R<TYR> -6.594000 -8.531000 0.622000
c<A>r<130>R<THR> -3.395000 -9.757000 2.317000
c<A>r<131>R<VAL> -2.231000 -13.260000 1.248000
c<A>r<132>R<LYS> -1.534000 -14.873000 4.670000
c<A>r<133>R<ASP> -4.473000 -13.912000 6.941000
c<A>r<134>R<CYS> -6.892000 -12.250000 4.397000
c<A>r<135>R<TYR> -6.950000 -8.742000 5.970000
c<A>r<136>R<PRO> -8.914000 -6.177000 3.884000
c<A>r<137>R<VAL> -6.600000 -3.471000 2.437000
c<A>r<138>R<GLN> -8.861000 -1.644000 -0.035000
c<A>r<141>R<PHE> -16.927000 0.357000 -6.187000
c<A>r<142>R<THR> -17.759001 1.358000 -9.783000
c<A>r<143>R<ILE> -21.216999 2.365000 -11.075000
c<A>r<144>R<ASN> -21.820999 3.194000 -14.781000
c<A>r<145>R<TYR> -18.033001 3.177000 -15.501000
c<A>r<146>R<SER> -17.364000 5.795000 -12.770000
c<A>r<147>R<VAL> -15.600000 4.852000 -9.557000
c<A>r<148>R<ILE> -18.038000 6.101000 -6.886000
c<A>r<149>R<LEU> -16.385000 4.909000 -3.672000
c<A>r<152>R<ARG> -8.942000 1.811000 2.548000
c<A>r<153>R<PHE> -8.601000 -0.200000 5.782000
c<A>r<154>R<PHE> -5.579000 0.205000 8.096000
c<A>r<155>R<ASP> -4.303000 -0.372000 11.672000
c<A>r<156>R<ILE> -6.288000 -3.638000 11.843000
c<A>r<157>R<GLN> -6.261000 -5.351000 15.273000
c<A>r<158>R<LEU> -7.903000 -8.752000 15.828000
c<B>r<7>R<PRO> 14.547000 5.790000 -4.224000
c<B>r<10>R<TRP> 13.782000 1.398000 -9.366000
c<B>r<12>R<GLY> 8.125000 -1.977000 -10.561000
c<B>r<13>R<ARG> 4.509000 -2.373000 -11.638000
c<B>r<17>R<TYR> -7.207000 4.288000 -12.464000
c<B>r<18>R<GLN> -8.972000 6.984000 -14.470000
c<B>r<19>R<GLN> -11.885000 7.523000 -12.053000
c<B>r<20>R<SER> -14.269000 9.260000 -14.535000
c<B>r<21>R<SER> -14.111000 6.375000 -17.082001
c<B>r<22>R<GLY> -13.574000 3.535000 -14.527000
c<B>r<23>R<ARG> -10.721000 2.350000 -16.790001
c<B>r<45>R<LYS> -6.576000 -5.137000 -22.791000
c<B>r<47>R<LEU> -10.570000 -7.814000 -27.468000
c<B>r<98>R<GLN> 0.868000 7.470000 9.753000
c<B>r<99>R<TYR> -0.718000 3.985000 9.693000
c<B>r<100>R<SER> -0.162000 0.263000 9.052000
c<B>r<101>R<ILE> -1.514000 -1.312000 5.823000
c<B>r<102>R<GLY> -2.482000 -5.003000 6.317000
c<B>r<103>R<GLY> -2.912000 -6.672000 9.732000
c<B>r<104>R<PRO> -1.064000 -8.320000 12.654000
c<B>r<105>R<GLN> 2.109000 -10.194000 11.485000
c<B>r<106>R<GLU> 1.707000 -8.986000 7.820000
c<B>r<107>R<GLN> 1.774000 -5.173000 7.721000
c<B>r<108>R<ILE> 3.833000 -2.220000 6.467000
c<B>r<109>R<THR> 3.885000 1.250000 8.051000
c<B>r<110>R<VAL> 3.177000 4.157000 5.673000
c<B>r<121>R<SER> -9.909000 22.736000 2.470000
c<B>r<122>R<TYR> -9.138000 20.580000 -0.594000
c<B>r<123>R<GLU> -6.102000 18.441000 -1.430000
c<B>r<124>R<THR> -5.146000 18.348000 -5.162000
c<B>r<129>R<TYR> 4.918000 6.244000 1.083000
c<B>r<130>R<THR> 6.571000 3.590000 3.296000
c<B>r<131>R<VAL> 8.138000 4.869000 6.564000
c<B>r<132>R<LYS> 11.577000 3.159000 6.420000
c<B>r<133>R<ASP> 12.829000 3.478000 2.817000
c<B>r<134>R<CYS> 10.201000 5.924000 1.338000
c<B>r<135>R<TYR> 8.828000 3.589000 -1.393000
c<B>r<136>R<PRO> 5.803000 5.010000 -3.297000
c<B>r<137>R<VAL> 2.582000 3.063000 -2.521000
c<B>r<138>R<GLN> -0.181000 5.249000 -3.988000
c<B>r<141>R<PHE> -4.975000 13.503000 -7.940000
c<B>r<142>R<THR> -8.092000 15.675000 -7.485000
c<B>r<143>R<ILE> -9.274000 18.378000 -9.931000
c<B>r<144>R<ASN> -12.412000 20.518000 -9.320000
c<B>r<145>R<TYR> -13.466000 18.322001 -6.322000
c<B>r<146>R<SER> -13.363000 15.114000 -8.419000
c<B>r<147>R<VAL> -10.656000 12.493000 -8.101000
c<B>r<148>R<ILE> -9.347000 12.215000 -11.678000
c<B>r<149>R<LEU> -6.471000 9.759000 -11.243000
c<B>r<152>R<ARG> -0.785000 2.383000 -7.166000
c<B>r<153>R<PHE> 2.860000 1.231000 -7.238000
c<B>r<154>R<PHE> 3.853000 -2.371000 -6.390000
c<B>r<155>R<ASP> 6.583000 -5.040000 -6.792000
c<B>r<156>R<ILE> 9.246000 -2.317000 -6.425000
c<B>r<157>R<GLN> 12.841000 -3.489000 -7.030000
c<B>r<158>R<LEU> 15.803000 -1.149000 -6.499000
