c<A>r<128>R<GLU> -2.869000 10.633000 9.962000
c<A>r<133>R<ASP> 6.805000 3.844000 7.391000
c<A>r<134>R<VAL> 6.275000 2.242000 3.931000
c<A>r<135>R<ALA> 5.365000 -1.447000 4.544000
c<A>r<136>R<SER> 7.933000 -4.306000 4.554000
c<A>r<137>R<GLY> 5.325000 -7.131000 4.467000
c<A>r<138>R<ALA> 6.515000 -8.066000 8.028000
c<A>r<139>R<ALA> 2.797000 -8.706000 8.891000
c<A>r<191>R<ALA> -8.725000 6.030000 9.395000
c<A>r<192>R<LEU> -7.072000 4.480000 6.274000
c<A>r<193>R<ASP> -9.215000 6.586000 3.870000
c<A>r<194>R<ALA> -7.499000 9.718000 5.374000
c<A>r<195>R<VAL> -3.870000 8.296000 5.220000
c<A>r<196>R<ARG> -1.515000 9.233000 2.302000
c<A>r<197>R<VAL> -1.043000 6.556000 -0.432000
c<A>r<198>R<ASP> 2.692000 5.760000 0.231000
c<A>r<199>R<PHE> 2.141000 5.216000 4.006000
c<A>r<200>R<ALA> -1.302000 3.519000 3.670000
c<A>r<201>R<ALA> 0.228000 -0.018000 3.649000
c<A>r<202>R<GLY> 2.475000 0.735000 6.709000
c<A>r<203>R<ALA> -0.572000 2.072000 8.611000
c<A>r<205>R<GLU> 1.321000 -3.386000 9.051000
c<A>r<221>R<GLN> -12.886000 -0.611000 3.188000
c<A>r<222>R<GLY> -14.308000 -0.335000 -0.327000
c<A>r<223>R<SER> -14.025000 -2.907000 -3.133000
c<A>r<224>R<LEU> -11.661000 -3.719000 -6.035000
c<A>r<225>R<LEU> -14.894000 -3.371000 -8.156000
c<A>r<226>R<HIS> -15.592000 0.300000 -7.131000
c<A>r<227>R<PRO> -13.961000 2.803000 -9.620000
c<A>r<228>R<GLY> -13.089000 5.424000 -6.944000
c<A>r<229>R<SER> -11.819000 2.780000 -4.463000
c<A>r<230>R<THR> -8.212000 2.321000 -3.458000
c<A>r<231>R<ALA> -7.990000 1.305000 0.257000
c<A>r<232>R<THR> -8.535000 -2.427000 -0.557000
c<A>r<233>R<LEU> -4.898000 -2.783000 -1.833000
c<A>r<234>R<PRO> -3.096000 -1.353000 1.327000
c<A>r<235>R<LEU> -5.551000 -3.497000 3.389000
c<A>r<236>R<ILE> -4.428000 -6.691000 1.557000
c<A>r<237>R<ARG> -0.721000 -5.639000 1.273000
c<A>r<238>R<GLY> -0.218000 -4.233000 4.825000
c<A>r<239>R<SER> -2.203000 -6.915000 6.779000
c<A>r<240>R<GLN> -0.627000 -9.854000 4.798000
c<A>r<254>R<HIS> -24.153999 -3.394000 -9.806000
c<A>r<255>R<ASN> -22.055000 -1.016000 -7.641000
c<A>r<257>R<ASN> -22.676001 4.461000 -6.029000
c<A>r<258>R<ASN> -21.664000 3.550000 -9.635000
c<A>r<260>R<HIS> -22.841000 1.749000 -14.599000
c<A>r<261>R<VAL> -20.344000 -0.830000 -13.109000
c<A>r<262>R<PRO> -21.625000 -4.457000 -12.955000
c<A>r<263>R<ILE> -20.667999 -6.818000 -10.120000
c<A>r<264>R<PRO> -19.231001 -9.996000 -11.804000
c<A>r<265>R<PRO> -20.379000 -13.524000 -10.732000
c<A>r<266>R<LEU> -19.007000 -14.258000 -7.234000
c<A>r<267>R<PRO> -16.497000 -16.931000 -8.572000
c<A>r<268>R<GLU> -14.822000 -14.140000 -10.676000
c<A>r<269>R<VAL> -14.806000 -11.752000 -7.656000
c<A>r<270>R<ILE> -13.179000 -14.633000 -5.659000
c<A>r<271>R<ARG> -10.580000 -15.190000 -8.484000
c<A>r<272>R<LEU> -9.822000 -11.424000 -8.446000
c<A>r<273>R<TYR> -9.361000 -11.234000 -4.636000
c<A>r<275>R<THR> -4.932000 -13.314000 -7.296000
c<A>r<276>R<VAL> -4.528000 -9.772000 -5.846000
c<A>r<277>R<ALA> -3.842000 -11.181000 -2.344000
c<A>r<278>R<SER> -1.203000 -13.727000 -3.534000
c<A>r<279>R<GLY> 0.110000 -11.073000 -6.020000
c<A>r<280>R<GLY> 0.652000 -13.724000 -8.760000
c<A>r<281>R<GLY> 2.846000 -15.700000 -6.249000
c<A>r<282>R<ALA> 4.890000 -12.765000 -4.800000
c<A>r<283>R<PHE> 2.865000 -13.453000 -1.582000
c<B>r<128>R<GLU> -2.493000 17.466999 -2.310000
c<B>r<133>R<ASP> -13.595000 14.012000 -5.504000
c<B>r<134>R<VAL> -13.789000 10.173000 -5.233000
c<B>r<135>R<ALA> -13.483000 8.794000 -8.814000
c<B>r<136>R<SER> -16.481001 7.764000 -10.983000
c<B>r<137>R<GLY> -14.500000 5.888000 -13.690000
c<B>r<138>R<ALA> -15.458000 8.704000 -16.153000
c<B>r<139>R<ALA> -11.815000 8.332000 -17.407000
c<B>r<191>R<ALA> 2.412000 13.465000 -6.451000
c<B>r<192>R<LEU> 0.066000 10.437000 -6.092000
c<B>r<193>R<ASP> 2.140000 8.935000 -3.232000
c<B>r<194>R<ALA> 1.315000 12.136000 -1.210000
c<B>r<195>R<VAL> -2.519000 12.102000 -1.933000
c<B>r<196>R<ARG> -4.972000 10.657000 0.681000
c<B>r<197>R<VAL> -6.293000 7.132000 -0.139000
c<B>r<198>R<ASP> -10.027000 8.042000 -0.682000
c<B>r<199>R<PHE> -9.135000 10.877000 -3.153000
c<B>r<200>R<ALA> -6.148000 9.078000 -4.776000
c<B>r<201>R<ALA> -8.292000 7.717000 -7.665000
c<B>r<202>R<GLY> -9.927000 11.171000 -8.283000
c<B>r<205>R<GLU> -9.354000 10.772000 -13.183000
c<B>r<222>R<GLY> 5.491000 1.122000 -7.655000
c<B>r<223>R<SER> 4.401000 -2.484000 -8.359000
c<B>r<224>R<LEU> 1.530000 -4.833000 -7.355000
c<B>r<225>R<LEU> 4.389000 -7.162000 -6.155000
c<B>r<226>R<HIS> 5.928000 -4.628000 -3.644000
c<B>r<227>R<PRO> 4.509000 -5.027000 -0.029000
c<B>r<228>R<GLY> 4.553000 -1.266000 0.758000
c<B>r<229>R<SER> 3.085000 -0.405000 -2.679000
c<B>r<230>R<THR> -0.390000 1.047000 -3.046000
c<B>r<231>R<ALA> -0.293000 3.708000 -5.838000
c<B>r<232>R<THR> -0.685000 1.022000 -8.597000
c<B>r<233>R<LEU> -4.398000 0.646000 -7.625000
c<B>r<234>R<PRO> -5.170000 4.479000 -7.673000
c<B>r<235>R<LEU> -3.430000 4.521000 -11.124000
c<B>r<236>R<ILE> -5.519000 1.504000 -12.327000
c<B>r<237>R<ARG> -8.735000 2.994000 -10.665000
c<B>r<238>R<GLY> -8.359000 6.775000 -11.241000
c<B>r<239>R<SER> -6.906000 6.727000 -14.776000
c<B>r<240>R<GLN> -7.571000 2.911000 -15.335000
c<B>r<254>R<HIS> 13.178000 -10.410000 -6.442000
c<B>r<255>R<ASN> 11.878000 -6.991000 -5.289000
c<B>r<257>R<ASN> 13.718000 -3.072000 -1.544000
c<B>r<258>R<ASN> 12.155000 -6.382000 -0.345000
c<B>r<260>R<HIS> 12.298000 -11.707000 0.594000
c<B>r<261>R<VAL> 9.582000 -11.171000 -2.133000
c<B>r<262>R<PRO> 10.100000 -13.062000 -5.446000
c<B>r<263>R<ILE> 9.070000 -11.651000 -8.833000
c<B>r<264>R<PRO> 6.845000 -14.344000 -10.517000
c<B>r<265>R<PRO> 7.396000 -15.456000 -14.175000
c<B>r<266>R<LEU> 6.347000 -12.594000 -16.485001
c<B>r<267>R<PRO> 3.143000 -14.416000 -17.778999
c<B>r<268>R<GLU> 1.784000 -14.507000 -14.153000
c<B>r<269>R<VAL> 2.828000 -10.838000 -13.575000
c<B>r<270>R<ILE> 0.933000 -10.075000 -16.844999
c<B>r<271>R<ARG> -2.040000 -12.128000 -15.405000
c<B>r<272>R<LEU> -1.821000 -10.028000 -12.154000
c<B>r<273>R<TYR> -2.035000 -6.659000 -13.998000
c<B>r<274>R<GLU> -4.648000 -8.483000 -16.111000
c<B>r<275>R<THR> -6.661000 -9.056000 -12.955000
c<B>r<276>R<VAL> -6.547000 -5.703000 -11.093000
c<B>r<277>R<ALA> -7.468000 -3.589000 -14.136000
c<B>r<278>R<SER> -11.021000 -4.939000 -14.910000
c<B>r<279>R<GLY> -11.748000 -6.404000 -11.461000
c<B>r<280>R<GLY> -12.906000 -9.710000 -13.071000
c<B>r<281>R<GLY> -14.975000 -7.855000 -15.768000
c<B>r<282>R<ALA> -16.382999 -4.860000 -13.789000
c<B>r<283>R<PHE> -14.443000 -2.743000 -16.400000
