c<A>r<78>R<LYS> 5.071000 12.631000 -15.676000
c<A>r<79>R<GLY> 4.312000 15.650000 -13.658000
c<A>r<103>R<HIS> -3.726000 12.449000 -10.350000
c<A>r<128>R<GLU> -11.109000 8.325000 -3.804000
c<A>r<131>R<ASN> -16.774000 6.644000 3.194000
c<A>r<132>R<LEU> -14.101000 4.019000 3.016000
c<A>r<133>R<ASP> -13.338000 1.701000 5.934000
c<A>r<134>R<VAL> -10.262000 -0.208000 6.799000
c<A>r<135>R<ALA> -10.711000 -3.718000 5.344000
c<A>r<136>R<SER> -11.638000 -6.482000 7.794000
c<A>r<137>R<GLY> -11.248000 -9.524000 5.506000
c<A>r<138>R<ALA> -14.903000 -9.595000 4.808000
c<A>r<191>R<ALA> -8.630000 3.738000 -9.075000
c<A>r<192>R<LEU> -6.643000 2.090000 -6.345000
c<A>r<193>R<ASP> -3.473000 4.012000 -6.956000
c<A>r<194>R<ALA> -5.122000 7.270000 -5.936000
c<A>r<195>R<VAL> -6.442000 5.845000 -2.684000
c<A>r<196>R<ARG> -4.732000 6.646000 0.645000
c<A>r<197>R<VAL> -2.644000 3.817000 1.931000
c<A>r<198>R<ASP> -4.817000 3.454000 5.037000
c<A>r<199>R<PHE> -7.990000 2.785000 3.090000
c<A>r<200>R<ALA> -6.554000 1.031000 0.098000
c<A>r<201>R<ALA> -7.570000 -2.495000 1.098000
c<A>r<202>R<GLY> -10.948000 -1.200000 2.200000
c<A>r<203>R<ALA> -11.479000 0.350000 -1.227000
c<A>r<204>R<VAL> -10.958000 -3.044000 -2.844000
c<A>r<205>R<GLU> -13.162000 -4.784000 -0.260000
c<A>r<222>R<GLY> 1.633000 -3.146000 -9.776000
c<A>r<223>R<SER> 4.111000 -5.906000 -8.971000
c<A>r<224>R<LEU> 5.783000 -7.100000 -5.763000
c<A>r<225>R<LEU> 9.075000 -7.039000 -7.778000
c<A>r<226>R<HIS> 8.809000 -3.336000 -8.580000
c<A>r<227>R<PRO> 10.670000 -1.100000 -6.019000
c<A>r<228>R<GLY> 7.967000 1.573000 -6.190000
c<A>r<229>R<SER> 4.824000 -0.509000 -6.356000
c<A>r<230>R<THR> 2.359000 -0.797000 -3.441000
c<A>r<231>R<ALA> -1.071000 -1.626000 -5.039000
c<A>r<232>R<THR> -0.619000 -5.419000 -5.235000
c<A>r<233>R<LEU> -0.788000 -5.864000 -1.408000
c<A>r<234>R<PRO> -4.101000 -4.112000 -0.846000
c<A>r<235>R<LEU> -5.548000 -5.980000 -3.874000
c<A>r<236>R<ILE> -4.638000 -9.258000 -2.207000
c<A>r<237>R<ARG> -5.841000 -8.182000 1.240000
c<A>r<238>R<GLY> -9.000000 -6.476000 0.118000
c<A>r<239>R<SER> -10.233000 -9.074000 -2.434000
c<A>r<240>R<GLN> -9.193000 -12.116000 -0.395000
c<A>r<254>R<HIS> 14.583000 -7.252000 -15.372000
c<A>r<255>R<ASN> 12.131000 -4.562000 -14.323000
c<A>r<257>R<ASN> 11.674000 1.035000 -15.266000
c<A>r<258>R<ASN> 14.440000 -0.023000 -13.046000
c<A>r<259>R<PRO> 16.851000 -2.270000 -14.975000
c<A>r<260>R<HIS> 18.954000 -2.984000 -11.820000
c<A>r<261>R<VAL> 16.094000 -5.037000 -10.396000
c<A>r<262>R<PRO> 16.010000 -8.647000 -11.698000
c<A>r<263>R<ILE> 13.025000 -10.855000 -12.232000
c<A>r<264>R<PRO> 13.595000 -14.079000 -10.267000
c<A>r<265>R<PRO> 12.748000 -17.524000 -11.745000
c<A>r<266>R<LEU> 8.992000 -17.900000 -12.005000
c<A>r<267>R<PRO> 8.715000 -20.618999 -9.370000
c<A>r<268>R<GLU> 10.314000 -18.159000 -6.954000
c<A>r<269>R<VAL> 7.911000 -15.435000 -8.010000
c<A>r<270>R<ILE> 5.020000 -17.951000 -7.504000
c<A>r<271>R<ARG> 6.300000 -18.677999 -4.042000
c<A>r<272>R<LEU> 6.468000 -14.958000 -3.225000
c<A>r<273>R<TYR> 2.874000 -14.262000 -4.275000
c<A>r<275>R<THR> 3.362000 -16.487000 0.635000
c<A>r<276>R<VAL> 1.994000 -12.966000 0.667000
c<A>r<277>R<ALA> -1.547000 -14.199000 -0.211000
c<A>r<278>R<SER> -1.520000 -16.747999 2.668000
c<A>r<279>R<GLY> 0.116000 -14.322000 5.110000
c<A>r<280>R<GLY> 2.238000 -17.334999 6.324000
c<A>r<281>R<GLY> -0.930000 -18.929001 7.707000
c<A>r<282>R<ALA> -2.865000 -15.870000 8.731000
c<A>r<283>R<PHE> -5.124000 -16.274000 5.678000
c<A>r<284>R<GLY> -6.222000 -19.268999 3.567000
c<B>r<78>R<LYS> -12.980000 5.729000 14.027000
c<B>r<79>R<GLY> -13.475000 7.008000 10.591000
c<B>r<80>R<GLY> -11.148000 9.662000 10.737000
c<B>r<104>R<HIS> -7.411000 12.366000 7.977000
c<B>r<129>R<GLU> 0.959000 14.297000 1.533000
c<B>r<132>R<ASN> 6.410000 16.466000 -5.531000
c<B>r<133>R<LEU> 6.620000 12.786000 -4.791000
c<B>r<134>R<ASP> 8.047000 10.317000 -7.290000
c<B>r<135>R<VAL> 7.504000 6.641000 -7.673000
c<B>r<136>R<ALA> 10.352000 4.942000 -5.780000
c<B>r<137>R<SER> 13.191000 3.497000 -7.867000
c<B>r<138>R<GLY> 15.064000 1.563000 -5.142000
c<B>r<139>R<ALA> 17.485001 4.350000 -4.676000
c<B>r<192>R<ALA> 2.458000 10.235000 7.551000
c<B>r<193>R<LEU> 2.563000 7.297000 5.213000
c<B>r<194>R<ASP> -1.004000 6.239000 5.741000
c<B>r<195>R<ALA> -2.306000 9.437000 4.179000
c<B>r<196>R<VAL> -0.160000 9.050000 1.076000
c<B>r<197>R<ARG> -1.661000 7.800000 -2.223000
c<B>r<198>R<VAL> -0.814000 4.224000 -2.958000
c<B>r<199>R<ASP> 1.079000 5.168000 -6.110000
c<B>r<200>R<PHE> 3.538000 7.401000 -4.290000
c<B>r<201>R<ALA> 3.715000 5.618000 -0.990000
c<B>r<202>R<ALA> 7.100000 3.964000 -1.544000
c<B>r<203>R<GLY> 8.421000 7.185000 -3.037000
c<B>r<204>R<ALA> 7.380000 9.071000 0.096000
c<B>r<205>R<VAL> 9.481000 6.709000 2.213000
c<B>r<206>R<GLU> 12.401000 6.868000 -0.232000
c<B>r<223>R<GLY> 0.837000 -1.800000 9.859000
c<B>r<224>R<SER> 1.330000 -5.558000 9.633000
c<B>r<225>R<LEU> 1.341000 -8.044000 6.746000
c<B>r<226>R<LEU> -1.000000 -10.189000 8.949000
c<B>r<227>R<HIS> -3.667000 -7.492000 9.198000
c<B>r<228>R<PRO> -6.411000 -7.805000 6.486000
c<B>r<229>R<GLY> -6.646000 -4.029000 6.092000
c<B>r<230>R<SER> -3.032000 -2.989000 6.343000
c<B>r<231>R<THR> -1.000000 -1.749000 3.345000
c<B>r<232>R<ALA> 1.775000 0.523000 4.814000
c<B>r<233>R<THR> 4.316000 -2.233000 5.575000
c<B>r<234>R<LEU> 5.001000 -2.941000 1.852000
c<B>r<235>R<PRO> 5.906000 0.598000 0.833000
c<B>r<236>R<LEU> 8.069000 0.912000 3.996000
c<B>r<237>R<ILE> 10.035000 -2.124000 2.874000
c<B>r<238>R<ARG> 10.236000 -1.025000 -0.761000
c<B>r<239>R<GLY> 10.965000 2.610000 -0.110000
c<B>r<240>R<SER> 13.567000 2.223000 2.700000
c<B>r<241>R<GLN> 15.298000 -0.810000 1.185000
c<B>r<255>R<HIS> -4.974000 -13.371000 16.847000
c<B>r<256>R<ASN> -5.320000 -9.951000 15.271000
c<B>r<258>R<ASN> -9.277000 -5.868000 15.370000
c<B>r<259>R<ASN> -10.153000 -8.957000 13.508000
c<B>r<260>R<PRO> -10.176000 -11.942000 15.889000
c<B>r<261>R<HIS> -10.814000 -14.417000 13.008000
c<B>r<262>R<VAL> -7.304000 -13.786000 11.710000
c<B>r<263>R<PRO> -4.614000 -15.861000 13.505000
c<B>r<264>R<ILE> -1.036000 -14.962000 14.159000
c<B>r<265>R<PRO> 1.132000 -17.754000 12.718000
c<B>r<266>R<PRO> 4.174000 -19.132999 14.597000
c<B>r<267>R<LEU> 6.910000 -16.521000 14.668000
c<B>r<268>R<PRO> 9.308000 -18.445000 12.437000
c<B>r<269>R<GLU> 6.563000 -18.402000 9.806000
c<B>r<270>R<VAL> 6.032000 -14.693000 10.304000
c<B>r<271>R<ILE> 9.860000 -14.217000 9.974000
c<B>r<272>R<ARG> 9.785000 -16.142000 6.740000
c<B>r<273>R<LEU> 6.930000 -13.985000 5.420000
c<B>r<274>R<TYR> 8.711000 -10.690000 6.119000
c<B>r<276>R<THR> 10.392000 -13.197000 1.617000
c<B>r<277>R<VAL> 8.644000 -9.909000 0.997000
c<B>r<278>R<ALA> 11.842000 -7.913000 1.805000
c<B>r<279>R<SER> 13.923000 -9.988000 -0.668000
c<B>r<280>R<GLY> 11.184000 -10.002000 -3.314000
c<B>r<281>R<GLY> 12.128000 -13.720000 -3.938000
c<B>r<282>R<GLY> 15.502000 -12.560000 -5.282000
c<B>r<283>R<ALA> 14.541000 -9.282000 -6.859000
c<B>r<284>R<PHE> 16.142000 -7.418000 -3.940000
c<B>r<285>R<GLY> 18.968000 -8.217000 -1.494000
