1763994943795 88.0 3025
1763994943811 88.0 3025
1763994956656 89.0 3059
1763994956669 89.0 3059
1763994969973 90.0 3093
1763994969984 90.0 3093
1763994983444 91.0 3127
1763994983451 91.0 3127
1763994995692 92.0 3161
1763994995694 92.0 3161
1763995008744 93.0 3195
1763995008755 93.0 3195
1763995021966 94.0 3229
1763995021974 94.0 3229
1763995035302 95.0 3263
1763995035314 95.0 3263
1763995048082 96.0 3297
1763995048084 96.0 3297
1763995060760 97.0 3331
1763995060762 97.0 3331
1763995073294 98.0 3365
1763995073296 98.0 3365
1763995085976 99.0 3399
1763995085978 99.0 3399
1763995098984 100.0 3433
1763995098990 100.0 3433
1763995112148 101.0 3467
1763995112151 101.0 3467
1763995125734 102.0 3501
1763995125736 102.0 3501
1763995138494 103.0 3535
1763995138496 103.0 3535
1763995151682 104.0 3569
1763995151684 104.0 3569
1763995165371 105.0 3603
1763995165373 105.0 3603
1763995179058 106.0 3637
1763995179059 106.0 3637
1763995192302 107.0 3671
1763995192303 107.0 3671
1763995205803 108.0 3705
1763995205805 108.0 3705
1763995219523 109.0 3739
1763995219525 109.0 3739
1763995232290 110.0 3773
1763995232292 110.0 3773
1763995245469 111.0 3807
1763995245471 111.0 3807
1763995258512 112.0 3841
1763995258514 112.0 3841
1763995272833 113.0 3875
1763995272835 113.0 3875
1763995286320 114.0 3909
1763995286322 114.0 3909
1763995299843 115.0 3943
1763995299845 115.0 3943
1763995313460 116.0 3977
1763995313462 116.0 3977
1763995328169 117.0 4011
1763995328171 117.0 4011
1763995342382 118.0 4045
1763995342384 118.0 4045
1763995356002 119.0 4079
1763995356003 119.0 4079
1763995369547 120.0 4113
1763995369549 120.0 4113
1763995383124 121.0 4147
1763995383127 121.0 4147
1763995396908 122.0 4181
1763995396909 122.0 4181
1763995409962 123.0 4215
1763995409964 123.0 4215
1763995423291 124.0 4249
1763995423293 124.0 4249
1763995436455 125.0 4283
1763995436457 125.0 4283
1763995449749 126.0 4317
1763995449751 126.0 4317
1763995463419 127.0 4351
1763995463421 127.0 4351
1763995476762 128.0 4385
1763995476764 128.0 4385
1763995490546 129.0 4419
1763995490548 129.0 4419
1763995503268 130.0 4453
1763995503270 130.0 4453
1763995516972 131.0 4487
1763995516974 131.0 4487
1763995530349 132.0 4521
1763995530351 132.0 4521
1763995532644 133.0 4522
