c<A>r<1>R<ALA> -22.684000 11.519000 -8.419000
c<A>r<2>R<MET> -21.688000 9.541000 -5.268000
c<A>r<3>R<PHE> -17.962000 8.647000 -5.693000
c<A>r<4>R<HIS> -18.171000 5.547000 -3.441000
c<A>r<6>R<THR> -20.746000 1.772000 1.043000
c<A>r<30>R<GLY> -8.557000 -12.386000 -4.469000
c<A>r<31>R<VAL> -7.320000 -10.322000 -1.535000
c<A>r<32>R<LEU> -3.719000 -9.328000 -2.417000
c<A>r<33>R<TRP> -3.121000 -7.876000 1.073000
c<A>r<34>R<GLN> -4.837000 -6.100000 3.984000
c<A>r<35>R<PHE> -3.643000 -3.859000 6.876000
c<A>r<36>R<SER> -5.148000 -2.132000 9.946000
c<A>r<37>R<VAL> -4.942000 1.671000 9.437000
c<A>r<38>R<THR> -5.766000 1.994000 13.164000
c<A>r<39>R<GLU> -2.829000 -0.160000 14.336000
c<A>r<40>R<LYS> -0.371000 1.400000 11.830000
c<A>r<41>R<LEU> -1.225000 5.003000 12.843000
c<A>r<42>R<GLN> -1.036000 4.074000 16.589001
c<A>r<43>R<GLU> 2.396000 2.356000 16.054001
c<A>r<44>R<LYS> 3.509000 5.801000 14.684000
c<A>r<45>R<GLY> 2.146000 7.637000 17.804001
c<A>r<46>R<LEU> -0.800000 9.229000 15.900000
c<A>r<47>R<ASP> -4.181000 9.764000 17.641001
c<A>r<48>R<PHE> -6.539000 7.540000 15.605000
c<A>r<49>R<SER> -8.756000 5.027000 17.485001
c<A>r<50>R<THR> -11.495000 4.256000 14.900000
c<A>r<52>R<MET> -10.339000 0.665000 10.017000
c<A>r<53>R<VAL> -8.893000 -2.054000 7.717000
c<A>r<54>R<ILE> -7.957000 -1.571000 4.047000
c<A>r<58>R<ASN> -7.426000 -8.285000 -7.487000
c<A>r<60>R<GLN> -8.979000 -12.138000 -12.452000
c<A>r<61>R<GLU> -8.657000 -9.464000 -15.183000
c<A>r<62>R<ALA> -5.931000 -7.580000 -13.185000
c<A>r<63>R<ALA> -2.965000 -9.140000 -15.063000
c<A>r<64>R<ARG> -4.582000 -8.530000 -18.510000
c<A>r<65>R<VAL> -5.402000 -4.879000 -17.686001
c<A>r<66>R<LEU> -1.937000 -4.178000 -16.152000
c<A>r<67>R<ASN> -0.190000 -5.732000 -19.216000
c<A>r<70>R<LEU> 0.580000 -0.122000 -16.171000
c<A>r<71>R<LEU> -1.074000 3.154000 -14.960000
c<A>r<73>R<GLY> -1.823000 -0.150000 -11.029000
c<A>r<74>R<TYR> -2.665000 3.231000 -9.371000
c<A>r<75>R<PHE> -6.349000 2.123000 -9.116000
c<A>r<76>R<LEU> -6.293000 -1.551000 -8.054000
c<A>r<78>R<LYS> -9.654000 -0.975000 -2.687000
c<A>r<79>R<LEU> -12.169000 -1.969000 -0.014000
c<A>r<80>R<VAL> -12.349000 -0.352000 3.439000
c<A>r<81>R<VAL> -13.956000 -2.022000 6.468000
c<A>r<82>R<TYR> -14.441000 0.515000 9.289000
c<A>r<83>R<GLN> -16.594000 1.371000 12.324000
c<A>r<84>R<GLU> -18.702999 4.568000 12.455000
c<A>r<91>R<GLY> -17.146000 0.448000 1.149000
c<A>r<92>R<MET> -15.056000 1.297000 -1.892000
c<A>r<93>R<PRO> -14.259000 4.192000 -4.233000
c<A>r<97>R<MET> -15.010000 6.993000 -11.053000
c<A>r<98>R<LEU> -11.302000 6.094000 -10.630000
c<A>r<101>R<MET> -9.758000 10.078000 -14.812000
c<A>r<102>R<MET> -7.763000 8.095000 -17.459000
c<A>r<103>R<ASN> -10.266000 8.983000 -20.278000
c<B>r<1>R<ALA> -5.178000 17.433001 -16.656000
c<B>r<2>R<MET> -2.624000 14.645000 -16.032000
c<B>r<3>R<PHE> -4.300000 12.604000 -13.213000
c<B>r<4>R<HIS> -0.914000 11.366000 -11.927000
c<B>r<6>R<THR> 5.334000 10.232000 -12.366000
c<B>r<30>R<GLY> 5.774000 7.143000 6.920000
c<B>r<31>R<VAL> 5.317000 3.961000 4.899000
c<B>r<32>R<LEU> 2.323000 2.189000 6.499000
c<B>r<33>R<TRP> 2.629000 -0.818000 4.187000
c<B>r<34>R<GLN> 4.144000 -2.000000 0.901000
c<B>r<35>R<PHE> 3.835000 -5.083000 -1.328000
c<B>r<36>R<SER> 4.980000 -6.528000 -4.681000
c<B>r<37>R<VAL> 2.021000 -6.628000 -7.120000
c<B>r<38>R<THR> 4.213000 -8.849000 -9.349000
c<B>r<39>R<GLU> 4.811000 -11.505000 -6.665000
c<B>r<40>R<LYS> 1.145000 -11.449000 -5.484000
c<B>r<41>R<LEU> -0.252000 -11.924000 -9.019000
c<B>r<42>R<GLN> 2.290000 -14.742000 -9.734000
c<B>r<43>R<GLU> 1.416000 -16.486000 -6.385000
c<B>r<44>R<LYS> -2.209000 -16.537001 -7.734000
c<B>r<45>R<GLY> -1.083000 -18.055000 -11.110000
c<B>r<46>R<LEU> -1.713000 -14.802000 -13.069000
c<B>r<47>R<ASP> 0.600000 -13.910000 -16.000000
c<B>r<48>R<PHE> 2.211000 -10.621000 -14.886000
c<B>r<49>R<SER> 6.034000 -10.267000 -14.997000
c<B>r<50>R<THR> 6.505000 -6.456000 -14.847000
c<B>r<52>R<MET> 5.706000 -3.326000 -9.580000
c<B>r<53>R<VAL> 5.601000 -2.373000 -5.862000
c<B>r<54>R<ILE> 2.845000 -0.323000 -4.209000
c<B>r<56>R<GLU> 0.742000 3.057000 1.184000
c<B>r<58>R<ASN> 0.798000 8.271000 5.766000
c<B>r<60>R<GLN> 1.474000 13.346000 9.695000
c<B>r<61>R<GLU> -1.984000 14.888000 9.073000
c<B>r<62>R<ALA> -3.558000 11.426000 8.341000
c<B>r<63>R<ALA> -5.062000 10.968000 11.845000
c<B>r<64>R<ARG> -6.484000 14.556000 11.913000
c<B>r<65>R<VAL> -8.033000 14.193000 8.424000
c<B>r<66>R<LEU> -9.482000 10.700000 9.159000
c<B>r<67>R<ASN> -11.009000 11.941000 12.473000
c<B>r<70>R<LEU> -13.508000 8.736000 7.535000
c<B>r<71>R<LEU> -14.229000 8.623000 3.742000
c<B>r<73>R<GLY> -9.482000 6.496000 4.188000
c<B>r<74>R<TYR> -10.420000 5.486000 0.584000
c<B>r<75>R<PHE> -7.625000 7.815000 -0.692000
c<B>r<76>R<LEU> -4.638000 7.324000 1.632000
c<B>r<78>R<LYS> -0.437000 5.597000 -2.775000
c<B>r<79>R<LEU> 2.970000 5.480000 -4.474000
c<B>r<80>R<VAL> 3.832000 2.953000 -7.206000
c<B>r<81>R<VAL> 7.395000 1.944000 -8.130000
c<B>r<82>R<TYR> 7.491000 -0.021000 -11.414000
c<B>r<83>R<GLN> 9.618000 -0.859000 -14.470000
c<B>r<84>R<GLU> 8.626000 0.158000 -18.010000
c<B>r<91>R<GLY> 4.429000 7.722000 -9.502000
c<B>r<92>R<MET> 1.199000 8.523000 -7.708000
c<B>r<93>R<PRO> -2.417000 9.411000 -8.477000
c<B>r<97>R<MET> -7.698000 14.679000 -8.143000
c<B>r<98>R<LEU> -8.769000 11.903000 -5.703000
c<B>r<99>R<VAL> -10.191000 14.188000 -2.955000
c<B>r<100>R<GLY> -11.677000 16.395000 -5.727000
c<B>r<101>R<MET> -14.358000 13.642000 -6.105000
c<B>r<102>R<MET> -15.510000 14.378000 -2.497000
c<B>r<103>R<ASN> -16.350000 18.056000 -3.388000
