c<A>r<32>R<TYR> -2.498000 -17.650000 0.794000
c<A>r<33>R<GLN> -1.660000 -15.546000 3.904000
c<A>r<34>R<THR> 2.128000 -15.694000 3.189000
c<A>r<35>R<ALA> 4.811000 -13.143000 2.387000
c<A>r<36>R<THR> 7.483000 -15.745000 1.435000
c<A>r<37>R<PHE> 7.375000 -18.625000 -1.087000
c<A>r<38>R<THR> 10.102000 -21.431999 -0.863000
c<A>r<39>R<PHE> 11.832000 -23.038000 -3.785000
c<A>r<40>R<PRO> 12.598000 -26.752001 -4.090000
c<A>r<41>R<THR> 15.852000 -26.124001 -5.907000
c<A>r<42>R<VAL> 18.077000 -23.208000 -6.870000
c<A>r<43>R<GLU> 17.495001 -24.066000 -10.447000
c<A>r<44>R<TYR> 13.813000 -23.749001 -10.081000
c<A>r<45>R<GLY> 14.130000 -20.407000 -8.330000
c<A>r<46>R<ALA> 16.419001 -19.142000 -11.062000
c<A>r<47>R<ALA> 13.913000 -20.188000 -13.687000
c<A>r<48>R<CYS> 11.097000 -18.357000 -11.908000
c<A>r<49>R<PHE> 13.097000 -15.197000 -11.481000
c<A>r<50>R<ALA> 14.063000 -15.376000 -15.195000
c<A>r<57>R<PHE> 8.485000 -15.390000 -5.017000
c<A>r<58>R<TYR> 7.181000 -12.813000 -2.658000
c<A>r<59>R<SER> 3.605000 -11.595000 -2.063000
c<A>r<60>R<ARG> 4.460000 -7.994000 -2.993000
c<A>r<85>R<LEU> -3.578000 -2.687000 -5.087000
c<A>r<86>R<ALA> -3.905000 -1.660000 -1.409000
c<A>r<87>R<SER> -6.250000 1.259000 -2.331000
c<A>r<88>R<GLY> -7.942000 3.046000 -5.256000
c<A>r<89>R<MET> -5.208000 5.678000 -4.877000
c<A>r<90>R<GLY> -2.668000 2.856000 -5.060000
c<A>r<91>R<ALA> -4.207000 1.847000 -8.375000
c<A>r<92>R<ILE> -4.120000 5.441000 -9.691000
c<A>r<93>R<THR> -0.574000 6.329000 -8.518000
c<A>r<94>R<SER> 0.912000 2.977000 -9.562000
c<A>r<97>R<TRP> 3.966000 6.838000 -11.966000
c<A>r<98>R<THR> 4.500000 4.014000 -14.476000
c<A>r<100>R<LEU> 4.551000 9.335000 -17.125000
c<A>r<101>R<ARG> 7.970000 10.951000 -17.136000
c<A>r<102>R<PRO> 9.095000 14.615000 -16.884001
c<A>r<103>R<GLY> 8.068000 16.475000 -20.003000
c<A>r<114>R<GLY> -10.229000 14.963000 -4.549000
c<A>r<115>R<HIS> -7.168000 12.752000 -3.774000
c<A>r<116>R<THR> -6.584000 12.094000 -7.468000
c<A>r<117>R<PHE> -6.624000 15.839000 -7.991000
c<A>r<118>R<ALA> -4.095000 16.313000 -5.111000
c<A>r<119>R<PHE> -1.748000 13.623000 -6.587000
c<A>r<120>R<LEU> -1.851000 15.251000 -10.020000
c<A>r<122>R<HIS> 0.637000 18.535000 -5.802000
c<A>r<123>R<GLY> 2.374000 15.348000 -6.624000
c<A>r<124>R<ILE> 3.325000 14.200000 -10.105000
c<A>r<126>R<GLU> 5.533000 19.011000 -9.397000
c<A>r<127>R<PHE> 7.779000 16.403000 -10.920000
c<A>r<128>R<GLY> 7.864000 17.781000 -14.431000
c<A>r<129>R<VAL> 4.561000 16.385000 -15.819000
c<A>r<209>R<THR> -16.077999 0.512000 -3.120000
c<A>r<214>R<HIS> -19.556999 -3.976000 2.236000
c<A>r<215>R<GLY> -17.569000 -0.963000 3.522000
c<A>r<216>R<ASP> -15.022000 -3.130000 5.192000
c<A>r<217>R<ILE> -11.838000 -2.849000 3.018000
c<A>r<218>R<THR> -9.711000 -0.349000 1.074000
c<A>r<219>R<ALA> -8.521000 -1.748000 -2.246000
c<A>r<220>R<GLY> -7.864000 -0.720000 -5.860000
c<A>r<235>R<GLN> 7.397000 -0.718000 -11.994000
c<A>r<236>R<GLY> 4.484000 1.083000 -10.393000
c<A>r<237>R<LEU> 3.561000 -1.472000 -7.682000
c<A>r<238>R<LYS> 6.917000 -3.153000 -7.196000
c<A>r<239>R<ASP> 9.239000 -0.053000 -7.167000
c<A>r<240>R<MET> 7.261000 3.257000 -7.215000
c<A>r<241>R<THR> 4.419000 2.825000 -4.599000
c<A>r<242>R<GLY> 4.633000 -0.598000 -2.819000
c<A>r<243>R<ALA> 0.821000 -0.463000 -2.516000
c<A>r<244>R<VAL> 0.277000 -4.255000 -2.419000
c<A>r<245>R<LEU> -3.171000 -5.539000 -1.357000
c<A>r<246>R<SER> -3.448000 -7.984000 1.584000
c<A>r<247>R<PRO> -4.417000 -11.532000 0.620000
c<A>r<248>R<HIS> -7.089000 -11.435000 3.342000
c<A>r<249>R<ASP> -8.531000 -8.224000 1.908000
c<A>r<323>R<GLY> -28.002001 21.410999 3.797000
c<A>r<324>R<ARG> -26.898001 21.166000 7.354000
c<A>r<325>R<ARG> -30.452000 20.844000 8.724000
c<A>r<326>R<PHE> -31.195000 18.184999 6.144000
c<A>r<327>R<MET> -28.080000 16.198999 6.976000
c<A>r<328>R<ASN> -28.649000 16.371000 10.709000
c<A>r<329>R<ALA> -32.287998 15.336000 10.299000
c<A>r<330>R<LEU> -31.434000 12.091000 8.519000
c<A>r<331>R<GLN> -32.137001 9.075000 10.805000
c<A>r<333>R<PHE> -28.871000 7.642000 6.024000
c<A>r<334>R<SER> -25.582001 7.804000 7.756000
c<A>r<335>R<ARG> -23.292999 10.799000 7.366000
c<A>r<336>R<ALA> -20.033001 9.561000 5.817000
c<A>r<337>R<VAL> -17.590000 10.342000 2.994000
c<A>r<338>R<SER> -17.427000 6.906000 1.395000
c<A>r<339>R<LEU> -19.923000 5.392000 -1.174000
c<A>r<341>R<ASP> -21.858999 0.404000 0.757000
c<A>r<345>R<LEU> -24.733999 7.203000 3.021000
c<A>r<346>R<ALA> -25.111000 11.022000 2.830000
c<A>r<347>R<GLN> -22.610001 13.864000 2.534000
c<A>r<348>R<HIS> -22.899000 17.655001 2.391000
c<A>r<349>R<PRO> -19.480000 18.622999 0.899000
c<A>r<350>R<ALA> -19.929001 22.400999 1.756000
c<A>r<351>R<SER> -20.459999 21.770000 5.359000
c<A>r<352>R<MET> -18.204000 18.650999 5.819000
c<A>r<353>R<THR> -15.152000 17.900000 3.657000
c<A>r<354>R<HIS> -14.815000 21.448000 2.193000
c<A>r<355>R<SER> -16.028000 23.468000 5.116000
c<A>r<356>R<SER> -12.625000 25.207001 5.312000
c<B>r<27>R<TYR> -11.527000 -2.246000 13.024000
c<B>r<28>R<GLN> -12.102000 -3.995000 9.648000
c<B>r<29>R<THR> -13.849000 -0.900000 8.176000
c<B>r<30>R<ALA> -13.144000 1.488000 5.310000
c<B>r<31>R<THR> -15.835000 4.066000 6.306000
c<B>r<32>R<PHE> -16.465000 5.888000 9.615000
c<B>r<33>R<THR> -19.938999 7.612000 10.190000
c<B>r<34>R<PHE> -20.431999 10.986000 11.798000
c<B>r<35>R<PRO> -23.195999 11.801000 14.286000
c<B>r<36>R<THR> -23.542000 15.343000 12.980000
c<B>r<37>R<VAL> -22.250000 17.485001 10.116000
c<B>r<38>R<GLU> -20.700001 19.740000 12.663000
c<B>r<39>R<TYR> -18.728001 16.959999 14.140000
c<B>r<40>R<GLY> -17.542999 15.817000 10.723000
c<B>r<41>R<ALA> -16.490000 19.343000 9.853000
c<B>r<42>R<ALA> -14.526000 19.590000 13.070000
c<B>r<43>R<CYS> -12.713000 16.323000 12.377000
c<B>r<44>R<PHE> -11.849000 17.306000 8.832000
c<B>r<45>R<ALA> -10.618000 20.680000 10.137000
c<B>r<52>R<PHE> -12.854000 9.436000 8.429000
c<B>r<53>R<TYR> -11.619000 6.781000 6.130000
c<B>r<54>R<SER> -9.197000 3.886000 6.776000
c<B>r<55>R<ARG> -6.739000 5.082000 4.128000
c<B>r<80>R<LEU> 2.191000 1.057000 5.242000
c<B>r<81>R<ALA> 1.193000 -1.885000 2.987000
c<B>r<82>R<SER> 4.889000 -2.858000 2.466000
c<B>r<83>R<GLY> 8.481000 -1.903000 3.333000
c<B>r<84>R<MET> 8.628000 -0.367000 -0.165000
c<B>r<85>R<GLY> 5.465000 1.546000 0.704000
c<B>r<86>R<ALA> 7.277000 2.949000 3.723000
c<B>r<87>R<ILE> 10.326000 3.910000 1.629000
c<B>r<88>R<THR> 8.454000 5.426000 -1.359000
c<B>r<89>R<SER> 5.931000 7.271000 0.819000
c<B>r<92>R<TRP> 8.165000 11.027000 -2.496000
c<B>r<93>R<THR> 7.237000 13.287000 0.436000
c<B>r<95>R<LEU> 12.162000 15.138000 -2.291000
c<B>r<96>R<ARG> 11.442000 17.452999 -5.225000
c<B>r<97>R<PRO> 13.218000 17.948000 -8.591000
c<B>r<98>R<GLY> 16.624001 19.507000 -8.025000
c<B>r<109>R<GLY> 17.420000 -4.200000 -4.567000
c<B>r<110>R<HIS> 13.905000 -2.657000 -4.849000
c<B>r<111>R<THR> 15.021000 0.473000 -2.984000
c<B>r<112>R<PHE> 17.851999 0.749000 -5.488000
c<B>r<113>R<ALA> 15.375000 0.350000 -8.412000
c<B>r<114>R<PHE> 13.049000 3.072000 -6.965000
c<B>r<115>R<LEU> 15.954000 5.491000 -6.561000
c<B>r<117>R<HIS> 14.745000 4.016000 -12.140000
c<B>r<118>R<GLY> 12.067000 5.849000 -10.313000
c<B>r<119>R<ILE> 12.551000 9.078000 -8.397000
c<B>r<121>R<GLU> 14.287000 9.959000 -13.376000
c<B>r<122>R<PHE> 12.106000 12.664000 -11.918000
c<B>r<123>R<GLY> 14.783000 15.257000 -11.371000
c<B>r<124>R<VAL> 16.270000 14.063000 -8.047000
c<B>r<204>R<THR> 10.000000 -8.946000 8.372000
c<B>r<209>R<HIS> 6.063000 -15.137000 11.028000
c<B>r<210>R<GLY> 6.418000 -14.789000 7.240000
c<B>r<211>R<ASP> 2.740000 -14.253000 6.781000
c<B>r<212>R<ILE> 2.327000 -10.504000 5.931000
c<B>r<213>R<THR> 3.884000 -7.667000 3.880000
c<B>r<214>R<ALA> 4.002000 -4.391000 5.801000
c<B>r<215>R<GLY> 6.191000 -1.310000 6.339000
c<B>r<230>R<GLN> 1.237000 13.513000 1.329000
c<B>r<231>R<GLY> 3.178000 10.332000 0.780000
c<B>r<232>R<LEU> 0.557000 7.768000 1.892000
c<B>r<233>R<LYS> -2.608000 9.723000 1.198000
c<B>r<234>R<ASP> -1.754000 11.215000 -2.276000
c<B>r<235>R<MET> 1.570000 9.840000 -3.674000
c<B>r<236>R<THR> 1.445000 6.004000 -3.098000
c<B>r<237>R<GLY> -1.894000 4.919000 -1.501000
c<B>r<238>R<ALA> 0.055000 2.119000 0.214000
c<B>r<239>R<VAL> -2.290000 1.748000 3.222000
c<B>r<240>R<LEU> -1.871000 -1.339000 5.432000
c<B>r<241>R<SER> -4.864000 -3.643000 6.043000
c<B>r<242>R<PRO> -6.269000 -3.530000 9.574000
c<B>r<243>R<HIS> -6.149000 -7.339000 9.638000
c<B>r<244>R<ASP> -2.483000 -7.321000 8.665000
c<B>r<318>R<GLY> 26.990000 -22.538000 -3.968000
c<B>r<319>R<ARG> 24.441999 -24.389000 -5.941000
c<B>r<320>R<ARG> 25.406000 -27.791000 -4.518000
c<B>r<321>R<PHE> 25.295000 -26.360001 -1.036000
c<B>r<322>R<MET> 21.882000 -24.811001 -1.522000
c<B>r<323>R<ASN> 20.393000 -27.931000 -3.042000
c<B>r<324>R<ALA> 21.815001 -30.079000 -0.257000
c<B>r<325>R<LEU> 20.062000 -28.135000 2.481000
c<B>r<326>R<GLN> 17.212999 -30.207001 4.023000
c<B>r<328>R<PHE> 16.948999 -24.454000 5.556000
c<B>r<329>R<SER> 14.462000 -23.500000 2.961000
c<B>r<330>R<ARG> 15.465000 -21.722000 -0.221000
c<B>r<331>R<ALA> 13.701000 -18.341999 -0.280000
c<B>r<332>R<VAL> 14.380000 -14.628000 -0.826000
c<B>r<333>R<SER> 12.758000 -13.287000 2.329000
c<B>r<334>R<LEU> 14.349000 -13.056000 5.867000
c<B>r<336>R<ASP> 11.015000 -15.704000 9.651000
c<B>r<340>R<LEU> 16.003000 -19.445999 5.115000
c<B>r<341>R<ALA> 18.889999 -19.617001 2.593000
c<B>r<342>R<GLN> 19.660000 -17.764000 -0.628000
c<B>r<343>R<HIS> 22.452999 -17.955999 -3.185000
c<B>r<344>R<PRO> 22.065001 -14.571000 -4.967000
c<B>r<345>R<ALA> 24.438000 -15.591000 -7.896000
c<B>r<346>R<SER> 22.455000 -18.572001 -8.791000
c<B>r<347>R<MET> 18.899000 -17.299999 -7.847000
c<B>r<348>R<THR> 17.885000 -13.625000 -7.897000
c<B>r<349>R<HIS> 20.867001 -12.400000 -9.991000
c<B>r<350>R<SER> 21.378000 -15.395000 -12.153000
c<B>r<351>R<SER> 20.653000 -13.260000 -15.234000
