c<A>r<11>R<ARG> 23.517000 0.328000 -22.013000
c<A>r<12>R<LYS> 20.716000 2.999000 -21.870001
c<A>r<13>R<VAL> 18.389000 0.792000 -24.003000
c<A>r<14>R<ASP> 19.063000 -2.271000 -21.754999
c<A>r<15>R<VAL> 18.313999 -0.182000 -18.615000
c<A>r<16>R<THR> 15.153000 1.238000 -20.302000
c<A>r<18>R<ARG> 14.488000 -3.499000 -17.556999
c<A>r<19>R<ALA> 12.889000 -0.304000 -16.165001
c<A>r<20>R<VAL> 9.764000 -0.703000 -18.382999
c<A>r<22>R<GLU> 9.908000 -3.894000 -13.560000
c<A>r<23>R<ILE> 7.877000 -0.605000 -13.303000
c<A>r<24>R<MET> 4.932000 -2.161000 -15.222000
c<A>r<25>R<THR> 5.024000 -5.224000 -12.885000
c<A>r<26>R<LYS> 5.205000 -2.986000 -9.755000
c<A>r<27>R<THR> 2.376000 -0.728000 -11.036000
c<A>r<28>R<ILE> 0.162000 -3.841000 -11.570000
c<A>r<29>R<GLU> 1.055000 -4.947000 -7.981000
c<A>r<30>R<TYR> 0.203000 -1.358000 -6.796000
c<A>r<31>R<LEU> -3.237000 -1.330000 -8.505000
c<A>r<32>R<GLN> -4.003000 -4.932000 -7.398000
c<A>r<33>R<PRO> -1.829000 -5.968000 -4.354000
c<A>r<34>R<ASN> -3.810000 -9.216000 -4.097000
c<A>r<35>R<PRO> -3.819000 -11.081000 -7.486000
c<A>r<36>R<ALA> -6.888000 -13.086000 -6.274000
c<A>r<37>R<SER> -9.196000 -10.277000 -4.935000
c<A>r<40>R<GLN> -11.998000 -4.263000 -4.626000
c<A>r<41>R<ALA> -11.374000 -4.138000 -0.845000
c<A>r<42>R<GLU> -13.497000 -0.919000 -0.674000
c<A>r<43>R<ALA> -16.472000 -2.888000 -2.121000
c<A>r<44>R<LEU> -16.062000 -5.706000 0.479000
c<A>r<45>R<LEU> -16.063999 -3.119000 3.308000
c<A>r<46>R<ALA> -19.066999 -1.347000 1.681000
c<A>r<47>R<GLU> -21.013000 -4.668000 1.440000
c<A>r<48>R<ALA> -20.409000 -5.404000 5.157000
c<A>r<49>R<MET> -21.365999 -1.843000 6.289000
c<A>r<51>R<LYS> -25.584999 -5.287000 5.210000
c<A>r<52>R<PHE> -25.211000 -4.505000 8.938000
c<A>r<53>R<GLY> -26.705000 -1.000000 8.524000
c<A>r<55>R<GLU> -29.865999 -5.449000 9.804000
c<A>r<56>R<LEU> -29.674999 -2.835000 12.643000
c<A>r<57>R<GLY> -32.472000 -0.691000 11.120000
c<A>r<60>R<CYS> -30.509001 3.670000 16.200001
c<A>r<61>R<ASN> -27.788000 6.121000 15.065000
c<A>r<62>R<PHE> -25.323999 3.308000 14.176000
c<A>r<63>R<GLY> -27.434000 1.501000 11.481000
c<A>r<64>R<PRO> -27.974001 4.620000 9.272000
c<A>r<65>R<ALA> -24.327999 5.741000 9.872000
c<A>r<66>R<LEU> -23.115999 2.337000 8.541000
c<A>r<68>R<GLU> -23.882000 6.403000 4.905000
c<A>r<69>R<VAL> -20.250000 5.160000 5.208000
c<A>r<72>R<ALA> -19.323000 6.266000 0.399000
c<A>r<73>R<MET> -17.094999 3.109000 0.388000
c<A>r<152>R<LEU> 16.499001 7.466000 -26.771999
c<A>r<153>R<GLU> 15.680000 10.779000 -28.593000
c<A>r<154>R<MET> 11.911000 10.088000 -28.062000
c<A>r<155>R<ASP> 12.418000 9.850000 -24.228001
c<A>r<156>R<ILE> 9.789000 12.633000 -23.754999
c<A>r<157>R<GLU> 7.071000 10.065000 -24.677000
c<A>r<158>R<GLN> 8.007000 7.991000 -21.573000
c<A>r<159>R<VAL> 7.844000 11.225000 -19.471001
c<A>r<160>R<SER> 4.353000 11.791000 -21.003000
c<A>r<162>R<LEU> 4.611000 8.923000 -16.368000
c<A>r<163>R<SER> 2.513000 12.140000 -16.457001
c<A>r<164>R<ALA> -0.552000 10.041000 -17.466000
c<A>r<165>R<LEU> 0.053000 7.684000 -14.456000
c<A>r<166>R<VAL> 0.354000 10.656000 -12.028000
c<A>r<167>R<GLN> -2.741000 12.402000 -13.524000
c<A>r<168>R<ALA> -4.841000 9.206000 -13.134000
c<A>r<169>R<GLN> -3.679000 8.929000 -9.470000
c<A>r<170>R<LEU> -4.362000 12.668000 -8.870000
c<A>r<171>R<GLU> -7.931000 12.386000 -10.231000
c<A>r<172>R<TYR> -8.581000 9.243000 -8.099000
c<A>r<173>R<HIS> -7.465000 11.032000 -4.898000
c<A>r<174>R<LYS> -9.471000 14.231000 -5.785000
c<A>r<175>R<GLN> -12.715000 12.249000 -6.290000
c<A>r<176>R<ALA> -12.007000 10.293000 -3.070000
c<A>r<177>R<VAL> -11.559000 13.622000 -1.140000
c<A>r<178>R<GLN> -14.955000 14.822000 -2.500000
c<A>r<179>R<ILE> -16.790001 11.589000 -1.467000
c<A>r<180>R<LEU> -15.074000 11.436000 1.966000
c<A>r<181>R<GLN> -15.693000 15.165000 2.675000
c<A>r<183>R<VAL> -19.797001 11.672000 4.339000
c<A>r<184>R<THR> -17.655001 13.484000 6.996000
c<A>r<185>R<VAL> -20.186001 16.379999 7.136000
c<A>r<186>R<ARG> -23.134001 13.898000 7.381000
c<A>r<187>R<LEU> -21.445000 11.995000 10.257000
c<A>r<188>R<GLU> -20.639000 15.291000 12.092000
c<A>r<190>R<ARG> -25.433001 12.918000 13.028000
c<A>r<191>R<ILE> -23.021000 13.149000 16.024000
c<A>r<192>R<ARG> -24.347000 16.684000 16.773001
c<A>r<193>R<GLN> -28.023001 15.556000 16.548000
c<B>r<11>R<ARG> -31.252001 -8.910000 18.506001
c<B>r<12>R<LYS> -29.629000 -5.417000 18.174999
c<B>r<13>R<VAL> -26.673000 -6.467000 20.410000
c<B>r<14>R<ASP> -26.136999 -9.676000 18.341000
c<B>r<15>R<VAL> -26.181000 -7.649000 15.073000
c<B>r<16>R<THR> -23.775000 -5.049000 16.607000
c<B>r<18>R<ARG> -21.351999 -9.429000 14.219000
c<B>r<19>R<ALA> -21.075001 -5.964000 12.587000
c<B>r<20>R<VAL> -18.054001 -4.929000 14.750000
c<B>r<22>R<GLU> -16.931999 -8.344000 10.167000
c<B>r<23>R<ILE> -16.312000 -4.559000 9.633000
c<B>r<24>R<MET> -13.016000 -4.678000 11.614000
c<B>r<25>R<THR> -11.883000 -7.733000 9.557000
c<B>r<26>R<LYS> -12.842000 -5.990000 6.261000
c<B>r<27>R<THR> -11.093000 -2.745000 7.349000
c<B>r<28>R<ILE> -7.866000 -4.740000 8.038000
c<B>r<29>R<GLU> -8.240000 -6.380000 4.566000
c<B>r<30>R<TYR> -8.834000 -2.853000 3.080000
c<B>r<31>R<LEU> -5.716000 -1.317000 4.711000
c<B>r<32>R<GLN> -3.570000 -4.400000 3.874000
c<B>r<33>R<PRO> -5.134000 -6.498000 1.011000
c<B>r<34>R<ASN> -2.020000 -8.698000 0.996000
c<B>r<35>R<PRO> -1.259000 -9.995000 4.563000
c<B>r<36>R<ALA> 2.339000 -10.783000 3.402000
c<B>r<37>R<SER> 3.230000 -7.466000 1.588000
c<B>r<40>R<GLN> 3.606000 -1.002000 0.940000
c<B>r<41>R<ALA> 3.058000 -1.395000 -2.839000
c<B>r<42>R<GLU> 3.782000 2.376000 -3.236000
c<B>r<43>R<ALA> 7.249000 1.825000 -1.653000
c<B>r<44>R<LEU> 8.023000 -1.104000 -4.038000
c<B>r<45>R<LEU> 7.063000 1.064000 -7.051000
c<B>r<46>R<ALA> 9.121000 3.972000 -5.601000
c<B>r<47>R<GLU> 12.187000 1.678000 -5.135000
c<B>r<48>R<ALA> 11.950000 0.485000 -8.777000
c<B>r<49>R<MET> 11.488000 4.040000 -10.207000
c<B>r<51>R<LYS> 16.674000 2.527000 -8.933000
c<B>r<52>R<PHE> 16.125999 2.853000 -12.707000
c<B>r<53>R<GLY> 16.142000 6.685000 -12.596000
c<B>r<55>R<GLU> 20.780001 3.729000 -13.523000
c<B>r<56>R<LEU> 19.659000 5.767000 -16.606001
c<B>r<57>R<GLY> 21.343000 8.951000 -15.272000
c<B>r<59>R<ASP> 21.679001 12.588000 -19.694000
c<B>r<60>R<CYS> 18.002001 11.834000 -20.646999
c<B>r<61>R<ASN> 14.572000 13.174000 -19.538000
c<B>r<62>R<PHE> 13.294000 9.714000 -18.478001
c<B>r<63>R<GLY> 15.918000 9.069000 -15.713000
c<B>r<64>R<PRO> 15.191000 12.328000 -13.764000
c<B>r<65>R<ALA> 11.399000 11.920000 -14.363000
c<B>r<66>R<LEU> 11.550000 8.417000 -12.763000
c<B>r<68>R<GLU> 10.642000 12.743000 -9.455000
c<B>r<69>R<VAL> 7.767000 10.180000 -9.616000
c<B>r<72>R<ALA> 6.367000 11.181000 -4.876000
c<B>r<73>R<MET> 5.543000 7.414000 -4.635000
c<B>r<152>R<LEU> -27.417000 0.610000 22.698000
c<B>r<153>R<GLU> -27.926001 4.101000 24.283001
c<B>r<154>R<MET> -24.188999 4.852000 23.674000
c<B>r<155>R<ASP> -24.700001 4.170000 19.886000
c<B>r<156>R<ILE> -23.200001 7.657000 19.215000
c<B>r<157>R<GLU> -19.750000 6.309000 20.275000
c<B>r<158>R<GLN> -19.818001 3.828000 17.330999
c<B>r<159>R<VAL> -20.827000 6.741000 15.005000
c<B>r<160>R<SER> -17.816999 8.663000 16.448999
c<B>r<162>R<LEU> -16.940001 5.610000 12.011000
c<B>r<163>R<SER> -16.166000 9.369000 11.850000
c<B>r<164>R<ALA> -12.556000 8.625000 12.961000
c<B>r<165>R<LEU> -12.186000 6.053000 10.096000
c<B>r<166>R<VAL> -13.564000 8.531000 7.493000
c<B>r<167>R<GLN> -11.399000 11.429000 8.833000
c<B>r<168>R<ALA> -8.223000 9.277000 8.627000
c<B>r<169>R<GLN> -9.125000 8.334000 5.000000
c<B>r<170>R<LEU> -9.942000 12.002000 4.137000
c<B>r<171>R<GLU> -6.565000 13.206000 5.498000
c<B>r<172>R<TYR> -4.688000 10.445000 3.574000
c<B>r<173>R<HIS> -6.372000 11.436000 0.281000
c<B>r<174>R<LYS> -5.793000 15.213000 0.966000
c<B>r<175>R<GLN> -2.033000 14.701000 1.515000
c<B>r<176>R<ALA> -1.888000 12.391000 -1.546000
c<B>r<177>R<VAL> -3.549000 15.156000 -3.682000
c<B>r<178>R<GLN> -0.859000 17.667999 -2.524000
c<B>r<179>R<ILE> 2.057000 15.275000 -3.320000
c<B>r<180>R<LEU> 0.551000 14.304000 -6.721000
c<B>r<181>R<GLN> -0.156000 17.978001 -7.656000
c<B>r<183>R<VAL> 4.937000 16.101000 -9.128000
c<B>r<184>R<THR> 2.292000 16.811001 -11.850000
c<B>r<185>R<VAL> 3.598000 20.407000 -12.248000
c<B>r<186>R<ARG> 7.251000 19.160000 -12.367000
c<B>r<187>R<LEU> 6.433000 16.591000 -15.098000
c<B>r<188>R<GLU> 4.457000 19.191000 -17.128000
c<B>r<190>R<ARG> 9.772000 18.789000 -18.018999
c<B>r<191>R<ILE> 7.494000 17.908001 -21.004999
c<B>r<192>R<ARG> 7.491000 21.607000 -22.122999
c<B>r<193>R<GLN> 11.328000 22.042000 -21.917999
