c<A>r<75>R<VAL> 5.202000 -6.150000 -3.083000
c<A>r<76>R<MET> 5.762000 -5.499000 -6.803000
c<A>r<77>R<ASN> 3.876000 -8.072000 -8.995000
c<A>r<78>R<HIS> 1.802000 -9.344000 -5.980000
c<A>r<79>R<GLY> -1.019000 -6.775000 -6.681000
c<A>r<80>R<ARG> -1.926000 -6.574000 -2.948000
c<A>r<112>R<VAL> -0.368000 -6.626000 -11.457000
c<A>r<181>R<PRO> -15.107000 -7.534000 -5.664000
c<A>r<207>R<ASP> -22.125000 -9.086000 17.184999
c<A>r<246>R<SER> -10.024000 -5.440000 -11.227000
c<A>r<247>R<VAL> -10.233000 -5.275000 -7.406000
c<A>r<248>R<ASP> -10.806000 -8.300000 -5.145000
c<A>r<249>R<SER> -10.109000 -9.643000 -1.607000
c<A>r<257>R<GLU> -7.856000 -0.345000 21.124001
c<A>r<266>R<SER> -5.818000 -7.101000 -4.381000
c<A>r<267>R<ASN> -5.427000 -5.335000 -7.760000
c<A>r<268>R<SER> -4.826000 -6.224000 -11.426000
c<B>r<30>R<SER> -1.449000 -17.112000 -8.961000
c<B>r<31>R<PRO> 1.867000 -15.650000 -7.598000
c<B>r<32>R<ALA> -0.397000 -13.279000 -5.617000
c<B>r<33>R<TYR> -2.317000 -14.935000 -2.761000
c<B>r<34>R<THR> -3.143000 -14.202000 0.906000
c<B>r<43>R<GLY> -15.029000 -14.087000 14.810000
c<B>r<47>R<SER> -6.101000 -9.173000 21.156000
c<B>r<74>R<SER> -7.481000 -16.129999 -1.334000
c<B>r<75>R<ASN> -6.152000 -15.489000 -4.833000
c<B>r<76>R<MET> -7.711000 -13.470000 -7.725000
c<B>r<77>R<PHE> -9.669000 -16.603001 -8.937000
c<B>r<78>R<ALA> -10.692000 -18.629000 -5.838000
c<B>r<79>R<MET> -10.769000 -18.966999 -2.051000
