c<A>r<104>R<TYR> -8.626000 18.223000 -11.268000
c<A>r<105>R<THR> -11.381000 18.302999 -8.646000
c<A>r<106>R<GLU> -13.914000 21.193001 -8.572000
c<A>r<107>R<THR> -13.796000 23.215000 -5.293000
c<A>r<109>R<ALA> -10.177000 27.083000 -5.223000
c<A>r<111>R<GLU> -7.152000 25.466000 -8.980000
c<A>r<112>R<SER> -7.437000 22.181999 -7.017000
c<A>r<113>R<TYR> -5.867000 19.003000 -8.300000
c<A>r<114>R<VAL> -3.650000 15.977000 -7.551000
c<A>r<115>R<CYS> -0.291000 15.818000 -9.269000
c<A>r<117>R<GLN> 5.577000 13.201000 -8.351000
c<A>r<119>R<LEU> 9.392000 9.435000 -4.569000
c<A>r<195>R<PRO> 17.398001 7.339000 4.466000
c<A>r<198>R<LYS> 12.132000 5.930000 -0.183000
c<A>r<199>R<ALA> 10.101000 2.752000 -0.913000
c<A>r<206>R<GLU> 6.809000 -15.060000 2.321000
c<A>r<207>R<PRO> 10.015000 -15.151000 4.511000
c<A>r<209>R<GLY> 8.603000 -10.514000 1.916000
c<A>r<210>R<ALA> 7.825000 -10.532000 5.662000
c<A>r<211>R<SER> 11.381000 -9.531000 6.461000
c<A>r<212>R<LEU> 11.439000 -6.633000 3.868000
c<A>r<213>R<ALA> 7.939000 -5.341000 4.732000
c<A>r<214>R<SER> 8.576000 -5.410000 8.508000
c<A>r<215>R<LEU> 11.852000 -3.411000 8.174000
c<A>r<216>R<ALA> 10.261000 -0.986000 5.772000
c<A>r<217>R<GLY> 7.348000 -0.517000 8.131000
c<A>r<218>R<GLN> 9.733000 0.247000 10.978000
c<A>r<219>R<GLU> 11.327000 2.949000 8.738000
c<A>r<220>R<ILE> 7.830000 4.341000 7.694000
c<A>r<221>R<LYS> 8.395000 3.353000 4.044000
c<A>r<222>R<PRO> 5.621000 2.068000 1.706000
c<A>r<223>R<THR> 6.045000 -1.525000 0.257000
c<A>r<224>R<LEU> 4.372000 -3.715000 -2.470000
c<A>r<225>R<LEU> 4.459000 -7.483000 -1.946000
c<A>r<227>R<LEU> 4.321000 -13.478000 -2.891000
c<A>r<382>R<PRO> -3.325000 -19.145000 3.366000
c<A>r<385>R<LEU> -2.947000 -14.694000 -5.720000
c<A>r<386>R<GLY> -4.950000 -16.202000 -8.743000
c<A>r<387>R<ALA> -7.973000 -18.535000 -9.326000
c<A>r<388>R<SER> -9.191000 -20.204000 -12.518000
c<A>r<389>R<ALA> -12.754000 -21.658001 -12.910000
c<A>r<390>R<TRP> -14.101000 -23.450001 -15.928000
c<A>r<392>R<ASN> -20.386999 -22.035999 -19.146999
c<A>r<397>R<GLN> -19.507999 -17.848000 -13.465000
c<A>r<401>R<ILE> -16.070000 -14.299000 -9.742000
c<A>r<402>R<GLN> -17.621000 -13.058000 -6.500000
c<A>r<405>R<ASP> -10.789000 -15.161000 -2.475000
c<A>r<406>R<ALA> -8.005000 -14.068000 -4.969000
c<A>r<407>R<GLY> -6.396000 -10.992000 -6.466000
c<A>r<408>R<ALA> -7.306000 -12.385000 -9.973000
c<A>r<409>R<VAL> -10.131000 -14.629000 -11.167000
c<A>r<410>R<PHE> -10.144000 -16.058001 -14.763000
c<A>r<411>R<ILE> -13.308000 -17.820000 -16.121000
c<A>r<412>R<ASN> -12.666000 -20.507000 -18.839001
c<A>r<413>R<GLY> -8.835000 -19.437000 -19.065001
c<A>r<414>R<MET> -5.565000 -19.768999 -17.134001
c<A>r<415>R<VAL> -4.491000 -16.875000 -14.890000
c<A>r<416>R<LYS> -1.988000 -14.490000 -16.808001
c<A>r<417>R<SER> -0.461000 -11.152000 -15.979000
c<A>r<418>R<ASP> -1.306000 -8.636000 -18.808001
c<A>r<420>R<ARG> -3.075000 -3.625000 -19.525000
c<A>r<421>R<LEU> -4.686000 -4.942000 -16.257999
c<A>r<422>R<PRO> -3.557000 -4.590000 -12.535000
c<A>r<423>R<PHE> -2.021000 -7.627000 -11.036000
c<A>r<424>R<GLY> -1.370000 -8.569000 -7.331000
c<A>r<425>R<GLY> -2.312000 -10.825000 -4.359000
c<A>r<426>R<THR> -4.588000 -10.898000 -1.242000
c<A>r<427>R<LYS> -4.172000 -12.856000 2.023000
c<A>r<428>R<ARG> -0.601000 -14.175000 2.530000
c<A>r<429>R<SER> 0.014000 -13.624000 -1.234000
c<A>r<430>R<GLY> 0.883000 -9.955000 -0.543000
c<A>r<431>R<TYR> -0.789000 -6.499000 -1.137000
c<A>r<432>R<GLY> -0.592000 -3.753000 -3.741000
c<A>r<433>R<ARG> -1.051000 -3.939000 -7.539000
c<A>r<436>R<GLY> -2.071000 -1.010000 -15.561000
c<A>r<438>R<ALA> -2.037000 0.966000 -10.535000
c<A>r<442>R<THR> 2.268000 2.825000 -6.599000
c<A>r<444>R<VAL> 4.601000 8.321000 -6.501000
c<A>r<445>R<ASN> 3.665000 11.118000 -4.140000
c<A>r<446>R<ALA> -0.010000 11.876000 -4.994000
c<A>r<447>R<LYS> 0.298000 15.501000 -4.026000
c<A>r<448>R<THR> -2.892000 17.598000 -3.354000
c<A>r<449>R<VAL> -2.463000 21.107000 -4.714000
c<A>r<450>R<TRP> -4.818000 24.011000 -3.696000
c<A>r<451>R<LEU> -4.398000 27.540001 -5.150000
c<A>r<452>R<LYS> -6.707000 30.392000 -3.799000
c<B>r<104>R<TYR> -13.605000 -2.175000 -17.716000
c<B>r<105>R<THR> -10.455000 -2.526000 -19.823000
c<B>r<106>R<GLU> -10.682000 -3.605000 -23.492001
c<B>r<107>R<THR> -8.848000 -6.909000 -24.222000
c<B>r<109>R<ALA> -11.737000 -11.267000 -23.316999
c<B>r<111>R<GLU> -15.282000 -9.298000 -20.249001
c<B>r<112>R<SER> -12.180000 -7.878000 -18.510000
c<B>r<113>R<TYR> -12.493000 -5.532000 -15.575000
c<B>r<114>R<VAL> -11.415000 -4.687000 -12.008000
c<B>r<115>R<CYS> -14.005000 -5.021000 -9.290000
c<B>r<117>R<GLN> -14.309000 -6.079000 -2.898000
c<B>r<119>R<LEU> -10.998000 -7.026000 2.682000
c<B>r<195>R<PRO> -5.549000 -13.799000 11.289000
c<B>r<198>R<LYS> -6.889000 -8.029000 7.272000
c<B>r<199>R<ALA> -5.419000 -4.482000 7.266000
c<B>r<206>R<GLU> 5.901000 8.010000 14.606000
c<B>r<207>R<PRO> 6.585000 5.554000 17.528999
c<B>r<209>R<GLY> 3.020000 4.197000 13.568000
c<B>r<210>R<ALA> 6.425000 2.484000 13.277000
c<B>r<211>R<SER> 5.361000 -0.169000 15.750000
c<B>r<212>R<LEU> 1.975000 -0.867000 13.973000
c<B>r<213>R<ALA> 3.445000 -0.815000 10.439000
c<B>r<214>R<SER> 6.376000 -3.100000 11.349000
c<B>r<215>R<LEU> 4.057000 -5.732000 12.936000
c<B>r<216>R<ALA> 1.636000 -5.511000 10.064000
c<B>r<217>R<GLY> 4.469000 -5.928000 7.599000
c<B>r<218>R<GLN> 5.640000 -9.035000 9.428000
c<B>r<219>R<GLU> 2.062000 -10.431000 9.068000
c<B>r<220>R<ILE> 1.903000 -9.404000 5.302000
c<B>r<221>R<LYS> -0.924000 -6.923000 5.975000
c<B>r<222>R<PRO> -1.304000 -3.545000 4.166000
c<B>r<223>R<THR> -1.166000 -0.326000 6.359000
c<B>r<224>R<LEU> -1.910000 3.449000 5.923000
c<B>r<225>R<LEU> 0.069000 5.855000 8.103000
c<B>r<227>R<LEU> 1.839000 10.772000 11.187000
c<B>r<382>R<PRO> 12.203000 14.649000 8.518000
c<B>r<385>R<LEU> 2.654000 16.246000 5.563000
c<B>r<386>R<GLY> 1.502000 19.834000 4.456000
c<B>r<387>R<ALA> 3.100000 23.100000 3.165000
c<B>r<388>R<SER> 1.593000 26.568001 2.773000
c<B>r<389>R<ALA> 3.176000 29.320000 0.576000
c<B>r<390>R<TRP> 1.913000 32.842999 0.163000
c<B>r<392>R<ASN> 0.952000 36.202000 -6.128000
c<B>r<397>R<GLN> 3.608000 29.695000 -7.182000
c<B>r<401>R<ILE> 3.956000 23.639999 -5.927000
c<B>r<402>R<GLN> 6.704000 21.606001 -7.599000
c<B>r<405>R<ASP> 8.421000 18.083000 -0.406000
c<B>r<406>R<ALA> 4.878000 17.497999 1.088000
c<B>r<407>R<GLY> 1.765000 15.412000 0.599000
c<B>r<408>R<ALA> -0.240000 18.724001 0.284000
c<B>r<409>R<VAL> 0.735000 22.177000 -0.941000
c<B>r<410>R<PHE> -1.653000 25.191000 -0.500000
c<B>r<411>R<ILE> -0.885000 28.528999 -2.282000
c<B>r<412>R<ASN> -2.251000 31.705999 -0.528000
c<B>r<413>R<GLY> -4.299000 29.454000 2.048000
c<B>r<414>R<MET> -3.758000 27.271999 5.127000
c<B>r<415>R<VAL> -3.495000 23.495001 4.631000
c<B>r<416>R<LYS> -6.999000 21.773001 5.221000
c<B>r<417>R<SER> -8.270000 18.264000 4.738000
c<B>r<418>R<ASP> -11.357000 18.361000 2.392000
c<B>r<420>R<ARG> -13.391000 15.851000 -1.881000
c<B>r<421>R<LEU> -9.535000 15.683000 -2.209000
c<B>r<422>R<PRO> -6.999000 12.922000 -1.110000
c<B>r<423>R<PHE> -5.052000 13.660000 1.970000
c<B>r<424>R<GLY> -1.813000 12.029000 3.347000
c<B>r<425>R<GLY> 1.946000 12.435000 4.074000
c<B>r<426>R<THR> 5.399000 11.722000 2.518000
c<B>r<427>R<LYS> 8.774000 11.172000 4.234000
c<B>r<428>R<ARG> 8.441000 10.356000 7.971000
c<B>r<429>R<SER> 4.857000 11.761000 7.834000
c<B>r<430>R<GLY> 3.588000 8.365000 6.601000
c<B>r<431>R<TYR> 2.259000 6.884000 3.272000
c<B>r<432>R<GLY> -1.124000 6.244000 1.690000
c<B>r<433>R<ARG> -4.034000 8.652000 1.068000
c<B>r<436>R<GLY> -11.555000 11.361000 -2.122000
c<B>r<438>R<ALA> -8.217000 7.163000 -2.718000
c<B>r<442>R<THR> -7.297000 1.850000 0.199000
c<B>r<444>R<VAL> -10.375000 -3.156000 -0.864000
c<B>r<445>R<ASN> -9.236000 -6.088000 -2.957000
c<B>r<446>R<ALA> -8.906000 -4.636000 -6.501000
c<B>r<447>R<LYS> -9.744000 -7.917000 -8.148000
c<B>r<448>R<THR> -8.886000 -8.469000 -11.879000
c<B>r<449>R<VAL> -11.640000 -10.449000 -13.583000
c<B>r<450>R<TRP> -11.150000 -12.127000 -17.037001
c<B>r<451>R<LEU> -13.989000 -14.053000 -18.761000
c<B>r<452>R<LYS> -13.204000 -15.885000 -22.124001
