c<A>r<18>R<GLY> -15.522000 -0.975000 -15.139000
c<A>r<59>R<HIS> -1.806000 1.540000 -7.799000
c<A>r<60>R<GLY> -5.198000 2.816000 -8.962000
c<A>r<61>R<GLN> -6.513000 -0.650000 -10.008000
c<A>r<62>R<TYR> -9.900000 0.179000 -8.484000
c<A>r<63>R<TYR> -11.818000 -2.892000 -9.621000
c<A>r<64>R<ASP> -9.114000 -5.152000 -8.262000
c<A>r<67>R<ARG> -12.438000 -7.739000 -5.659000
c<A>r<71>R<TYR> -13.178000 -11.798000 -1.110000
c<A>r<88>R<ASP> -0.232000 6.115000 -9.950000
c<A>r<89>R<ARG> 0.163000 3.774000 -12.957000
c<A>r<90>R<GLY> -3.462000 2.351000 -12.813000
c<A>r<91>R<LYS> -6.480000 3.893000 -14.480000
c<A>r<92>R<GLN> -8.576000 4.816000 -11.508000
c<A>r<93>R<SER> -6.364000 6.249000 -8.724000
c<A>r<126>R<ILE> 5.153000 12.018000 -12.719000
c<A>r<127>R<TYR> 3.408000 8.566000 -12.630000
c<A>r<128>R<GLY> -0.230000 9.399000 -13.376000
c<A>r<129>R<PHE> -2.051000 10.736000 -10.269000
c<A>r<130>R<TYR> -1.321000 14.391000 -11.044000
c<A>r<131>R<ASP> -2.498000 13.979000 -14.637000
c<A>r<132>R<GLU> -5.613000 12.143000 -13.481000
c<A>r<159>R<ASP> 0.211000 -7.800000 18.379999
c<A>r<160>R<GLU> 3.883000 -6.685000 19.084999
c<A>r<161>R<LYS> 5.042000 -9.350000 16.670000
c<A>r<162>R<ILE> 4.618000 -8.163000 13.039000
c<A>r<234>R<LEU> 9.419000 -9.449000 16.565001
c<A>r<235>R<ASP> 8.552000 -12.503000 14.496000
c<A>r<236>R<LEU> 7.851000 -11.044000 11.091000
c<A>r<254>R<ARG> 9.984000 -16.471001 6.164000
c<A>r<255>R<GLN> 11.248000 -13.765000 8.546000
c<A>r<262>R<ALA> -2.344000 -5.338000 -7.839000
c<A>r<263>R<PRO> -2.750000 -8.249000 -10.269000
c<A>r<264>R<ASN> -1.219000 -8.062000 -13.759000
c<A>r<265>R<TYR> 0.480000 -4.785000 -12.701000
c<A>r<266>R<CYS> 0.372000 -2.272000 -15.570000
c<A>r<267>R<GLY> -0.829000 -5.105000 -17.849001
c<A>r<268>R<GLU> 2.788000 -6.050000 -18.051001
c<A>r<270>R<ASP> 1.036000 -11.225000 -15.336000
c<A>r<272>R<ALA> -1.121000 -12.371000 -9.091000
c<A>r<273>R<GLY> -2.292000 -9.987000 -6.303000
c<A>r<274>R<ALA> -2.346000 -11.188000 -2.690000
c<A>r<275>R<MET> -4.001000 -10.424000 0.671000
c<A>r<278>R<VAL> -3.942000 -12.695000 10.276000
c<A>r<279>R<ASP> -6.159000 -14.427000 12.738000
c<A>r<280>R<GLU> -6.288000 -13.823000 16.528000
c<A>r<281>R<THR> -3.558000 -16.523001 17.066999
c<A>r<282>R<LEU> -1.166000 -14.847000 14.442000
c<A>r<283>R<MET> -1.682000 -17.653000 12.000000
c<A>r<284>R<CYS> -1.149000 -16.048000 8.627000
c<A>r<285>R<SER> -2.940000 -17.233000 5.471000
c<A>r<286>R<PHE> -2.863000 -15.973000 1.840000
c<A>r<287>R<GLN> -5.695000 -15.246000 -0.633000
c<A>r<288>R<ILE> -4.495000 -14.578000 -4.186000
c<A>r<289>R<LEU> -6.154000 -12.982000 -7.200000
c<A>r<290>R<LYS> -4.733000 -14.764000 -10.262000
c<A>r<291>R<PRO> -5.216000 -13.332000 -13.749000
c<A>r<292>R<ALA> -6.887000 -16.037001 -15.859000
c<A>r<293>R<GLU> -4.864000 -17.236000 -19.003000
c<B>r<1>R<LYS> 1.561000 -15.293000 20.643999
c<B>r<2>R<LYS> 3.836000 -16.718000 17.812000
c<B>r<3>R<VAL> 3.531000 -16.021000 14.051000
c<B>r<4>R<THR> 2.718000 -19.226999 11.959000
c<B>r<5>R<PHE> 1.781000 -19.747999 8.309000
c<B>r<6>R<LEU> -1.009000 -21.836000 6.844000
c<B>r<7>R<GLU> 0.321000 -23.856001 3.943000
c<B>r<8>R<GLU> -2.921000 -23.802999 2.060000
c<B>r<9>R<VAL> -3.445000 -20.780001 -0.346000
c<B>r<10>R<THR> -6.908000 -19.688000 -1.580000
c<B>r<11>R<GLU> -6.880000 -18.780001 -5.256000
c<B>r<12>R<TYR> -9.399000 -16.677999 -7.161000
c<B>r<13>R<TYR> -9.293000 -16.367001 -10.903000
c<B>r<14>R<ILE> -9.845000 -12.917000 -12.462000
c<B>r<15>R<SER> -10.182000 -11.858000 -16.118000
c<B>r<16>R<GLY> -6.666000 -11.471000 -17.724001
c<B>r<17>R<ASP> -7.950000 -9.272000 -20.497000
c<B>r<18>R<GLU> -8.901000 -6.227000 -18.434000
c<B>r<19>R<ASP> -7.049000 -2.925000 -19.211000
c<B>r<20>R<ARG> -5.268000 -1.905000 -15.928000
c<B>r<21>R<LYS> -2.698000 0.663000 -17.240000
c<B>r<22>R<GLY> -3.715000 4.352000 -17.098000
c<B>r<23>R<PRO> -3.174000 6.492000 -20.152000
c<B>r<24>R<TRP> -0.779000 8.661000 -18.340000
