c<A>r<16>R<GLY> -16.702999 -7.823000 -3.803000
c<A>r<17>R<PHE> -17.576000 -5.667000 -6.794000
c<A>r<18>R<ALA> -15.800000 -2.387000 -7.698000
c<A>r<19>R<GLY> -18.007999 0.695000 -7.122000
c<A>r<20>R<ASP> -19.542000 -0.808000 -3.925000
c<A>r<21>R<ASP> -18.985001 0.808000 -0.437000
c<A>r<22>R<ALA> -18.290001 -2.635000 1.270000
c<A>r<23>R<PRO> -17.113001 -6.106000 0.355000
c<A>r<24>R<ARG> -19.837000 -8.748000 -0.260000
c<A>r<126>R<LEU> -4.842000 6.015000 1.378000
c<A>r<127>R<TYR> -7.140000 6.255000 -1.651000
c<A>r<128>R<ALA> -10.093000 5.277000 0.509000
c<A>r<129>R<SER> -9.392000 8.398000 2.557000
c<A>r<130>R<GLY> -9.399000 10.591000 -0.612000
c<A>r<131>R<ARG> -5.604000 11.200000 -0.523000
c<A>r<132>R<THR> -2.710000 10.462000 -2.873000
c<A>r<133>R<THR> 0.113000 11.649000 -0.587000
c<A>r<149>R<ILE> 3.200000 7.363000 -0.426000
c<A>r<150>R<TYR> 3.906000 10.232000 -2.786000
c<A>r<151>R<GLU> 1.220000 10.998000 -5.400000
c<A>r<152>R<GLY> -0.132000 7.432000 -5.309000
c<A>r<153>R<TYR> 3.319000 5.753000 -5.332000
c<A>r<154>R<ALA> 4.635000 3.776000 -2.412000
c<A>r<155>R<LEU> 8.251000 4.605000 -1.518000
c<A>r<156>R<PRO> 9.827000 1.144000 -1.197000
c<A>r<157>R<HIS> 13.139000 2.442000 0.357000
c<A>r<158>R<ALA> 11.133000 4.012000 3.158000
c<A>r<266>R<ILE> 9.145000 9.547000 7.273000
c<A>r<267>R<MET> 12.830000 10.302000 7.856000
c<A>r<268>R<LYS> 13.826000 8.002000 5.014000
c<A>r<269>R<CYS> 11.686000 10.037000 2.581000
c<A>r<270>R<ASP> 12.555000 13.107000 0.395000
c<A>r<271>R<ILE> 12.935000 16.084999 2.770000
c<A>r<272>R<ASP> 10.473000 18.142000 0.620000
c<A>r<273>R<ILE> 7.564000 15.762000 1.135000
c<A>r<274>R<ARG> 7.967000 15.112000 4.919000
c<A>r<325>R<ILE> -12.856000 0.266000 -0.235000
c<A>r<326>R<GLY> -9.801000 1.899000 -1.851000
c<A>r<328>R<SER> -13.387000 -0.526000 -5.064000
c<A>r<329>R<ILE> -12.883000 3.191000 -5.747000
c<A>r<330>R<LEU> -9.777000 2.661000 -7.897000
c<A>r<332>R<SER> -14.418000 1.797000 -10.711000
c<A>r<333>R<LEU> -12.665000 4.980000 -11.983000
c<A>r<334>R<SER> -12.844000 5.755000 -15.715000
c<A>r<335>R<THR> -9.211000 6.927000 -15.500000
c<A>r<336>R<PHE> -8.128000 3.578000 -14.146000
c<A>r<338>R<GLN> -6.425000 2.058000 -19.118999
c<A>r<339>R<MET> -4.219000 0.743000 -16.243000
c<A>r<352>R<SER> 7.058000 -9.776000 -15.863000
c<A>r<353>R<ILE> 4.613000 -7.120000 -17.273001
c<A>r<354>R<VAL> 3.349000 -6.645000 -13.675000
c<A>r<355>R<HIS> 6.571000 -4.873000 -12.785000
c<A>r<356>R<ARG> 6.017000 -2.304000 -15.635000
c<A>r<357>R<LYS> 2.420000 -1.502000 -15.021000
c<A>r<358>R<CYS> 1.678000 -2.025000 -11.328000
c<A>r<359>R<PHE> 3.418000 0.279000 -8.870000
c<P>r<17>R<GLN> 5.395000 15.831000 -22.832001
c<P>r<35>R<PRO> 13.518000 20.906000 -28.216999
c<P>r<36>R<GLY> 12.474000 23.636000 -25.650000
c<P>r<37>R<LYS> 11.768000 21.062000 -22.900999
c<P>r<56>R<SER> 20.764999 6.331000 -1.364000
c<P>r<57>R<SER> 21.313999 10.067000 -1.095000
c<P>r<58>R<PHE> 18.833000 10.939000 -3.766000
c<P>r<59>R<TYR> 16.132999 9.141000 -1.798000
c<P>r<60>R<VAL> 16.358999 11.890000 0.808000
c<P>r<61>R<ASN> 17.561001 14.884000 -1.161000
c<P>r<62>R<GLY> 15.964000 14.194000 -4.580000
c<P>r<63>R<LEU> 17.712999 14.850000 -7.817000
c<P>r<70>R<CYS> 12.364000 15.226000 -8.856000
c<P>r<71>R<SER> 11.633000 12.675000 -6.109000
c<P>r<72>R<VAL> 12.856000 9.113000 -6.677000
c<P>r<73>R<ILE> 9.884000 6.684000 -6.424000
c<P>r<74>R<ARG> 11.805000 3.451000 -7.209000
c<P>r<75>R<ASP> 15.379000 2.789000 -8.380000
c<P>r<82>R<GLU> 15.090000 -3.904000 -14.943000
c<P>r<84>R<SER> 14.742000 1.550000 -14.876000
c<P>r<86>R<ASP> 10.884000 5.984000 -11.735000
c<P>r<87>R<LEU> 10.638000 9.587000 -10.605000
c<P>r<88>R<ARG> 7.987000 12.227000 -9.843000
c<P>r<90>R<LYS> 8.277000 18.177999 -7.470000
c<P>r<91>R<SER> 6.057000 21.186001 -7.607000
c<P>r<92>R<THR> 5.448000 24.155001 -5.289000
c<P>r<96>R<PRO> 0.816000 19.545000 -11.067000
c<P>r<97>R<THR> 3.551000 16.834000 -10.860000
c<P>r<98>R<PHE> 4.560000 14.418000 -13.602000
c<P>r<99>R<ASN> 5.771000 10.836000 -13.786000
c<P>r<115>R<LYS> 1.617000 14.564000 -19.257999
c<P>r<116>R<GLU> -0.616000 15.473000 -16.309999
c<P>r<117>R<GLY> -2.575000 12.495000 -15.120000
c<P>r<118>R<VAL> -0.644000 9.934000 -17.117001
c<P>r<119>R<HIS> 0.122000 6.876000 -14.907000
c<P>r<120>R<GLY> 3.786000 6.039000 -14.152000
c<P>r<121>R<GLY> 3.286000 2.443000 -15.228000
c<P>r<122>R<LEU> 2.411000 3.600000 -18.768999
c<P>r<123>R<ILE> 5.446000 5.800000 -18.875000
c<P>r<124>R<ASN> 7.665000 3.052000 -17.523001
c<P>r<125>R<LYS> 6.437000 0.539000 -20.034000
c<P>r<126>R<LYS> 6.960000 2.880000 -23.007000
c<P>r<127>R<CYS> 10.396000 3.959000 -21.816999
c<P>r<128>R<TYR> 11.452000 0.407000 -21.110001
c<V>r<1>R<GLY> 11.324000 31.625000 -29.176001
c<V>r<2>R<PRO> 9.278000 28.139000 -29.061001
c<V>r<3>R<PRO> 5.982000 28.715000 -30.252001
c<V>r<8>R<LEU> -2.604000 20.917000 -22.535000
c<V>r<9>R<PRO> -5.898000 19.033001 -22.737000
c<V>r<10>R<ALA> -7.674000 19.664000 -19.518999
c<V>r<11>R<ALA> -5.664000 17.417000 -17.295000
c<V>r<12>R<ALA> -8.123000 14.527000 -16.872999
c<V>r<13>R<PRO> -8.854000 14.847000 -13.358000
c<V>r<14>R<GLY> -5.743000 13.520000 -12.014000
c<V>r<15>R<LEU> -6.164000 10.210000 -10.230000
c<V>r<16>R<ALA> -6.510000 12.245000 -6.957000
c<V>r<17>R<ALA> -9.475000 14.314000 -8.067000
c<V>r<18>R<ALA> -11.028000 11.185000 -9.396000
c<V>r<19>R<ILE> -10.449000 9.317000 -6.119000
c<V>r<20>R<ALA> -11.885000 12.213000 -4.032000
c<V>r<21>R<GLY> -14.977000 12.507000 -6.109000
c<V>r<22>R<ALA> -15.761000 8.771000 -6.369000
c<V>r<23>R<LYS> -19.329000 7.957000 -5.268000
c<V>r<24>R<LEU> -19.787001 4.303000 -4.063000
c<V>r<25>R<ARG> -23.042000 2.286000 -4.209000
c<V>r<26>R<LYS> -24.438999 1.085000 -0.813000
c<V>r<27>R<VAL> -24.261000 -2.713000 -0.427000
c<V>r<28>R<SER> -27.290001 -3.543000 1.796000
