c<B>r<23>R<GLU> -6.207000 1.806000 -12.216000
c<B>r<24>R<PHE> -6.339000 1.027000 -8.456000
c<B>r<25>R<MET> -8.816000 -0.023000 -5.760000
c<B>r<26>R<THR> -7.506000 2.011000 -2.781000
c<B>r<27>R<VAL> -8.247000 1.969000 0.988000
c<B>r<65>R<THR> -5.636000 11.145000 -6.738000
c<B>r<66>R<THR> -6.510000 7.791000 -8.395000
c<B>r<67>R<PRO> -4.893000 7.276000 -11.850000
c<B>r<68>R<VAL> -7.410000 6.552000 -14.661000
c<B>r<69>R<LEU> -6.635000 3.817000 -17.223000
c<B>r<70>R<PRO> -6.326000 5.267000 -20.794001
c<B>r<72>R<SER> -6.625000 2.533000 -25.384001
c<B>r<73>R<GLU> -5.811000 -0.016000 -22.614000
c<B>r<76>R<ARG> -5.735000 -3.598000 -18.105000
c<B>r<79>R<GLN> -6.376000 -3.942000 -9.278000
c<B>r<80>R<PRO> -6.179000 -3.622000 -5.441000
c<B>r<81>R<THR> -3.388000 -1.590000 -3.800000
c<B>r<82>R<LEU> -0.946000 -3.289000 -1.406000
c<B>r<83>R<SER> -2.593000 -1.193000 1.386000
c<B>r<84>R<PHE> -6.067000 -2.524000 0.420000
c<B>r<115>R<GLU> -2.707000 2.118000 7.323000
c<B>r<116>R<GLN> -1.351000 5.268000 9.080000
c<B>r<117>R<GLU> -0.314000 6.948000 5.756000
c<B>r<118>R<SER> -3.742000 6.335000 4.094000
c<B>r<119>R<GLN> -6.150000 9.204000 3.456000
c<B>r<120>R<ALA> -8.883000 6.854000 4.790000
c<B>r<121>R<ALA> -7.221000 6.688000 8.268000
c<B>r<122>R<TYR> -6.587000 10.488000 8.183000
c<B>r<123>R<LEU> -10.276000 11.231000 7.325000
c<B>r<125>R<ARG> -9.378000 10.768000 12.647000
c<B>r<126>R<LYS> -10.408000 14.165000 11.126000
c<B>r<130>R<SER> -10.621000 6.523000 16.927999
c<D>r<6>R<PHE> -2.484000 10.582000 20.069000
c<D>r<10>R<LEU> -3.143000 15.309000 12.555000
c<D>r<11>R<LYS> -1.298000 15.962000 9.251000
c<D>r<12>R<PRO> -2.627000 15.050000 5.789000
c<D>r<13>R<PRO> -0.732000 12.041000 4.326000
c<D>r<14>R<SER> 2.297000 12.907000 2.207000
c<D>r<15>R<MET> 2.563000 12.514000 -1.553000
c<D>r<37>R<LYS> 3.023000 0.140000 -19.261999
c<D>r<38>R<PHE> 2.928000 1.404000 -15.634000
c<D>r<39>R<PHE> 2.720000 5.228000 -16.091000
c<D>r<40>R<SER> 0.654000 5.351000 -19.341000
c<D>r<41>R<TYR> 3.145000 7.695000 -21.052000
c<D>r<63>R<VAL> 3.764000 11.823000 -7.838000
c<D>r<64>R<PHE> 1.074000 9.717000 -6.118000
c<D>r<65>R<THR> -0.472000 8.844000 -2.738000
c<D>r<66>R<ALA> 1.622000 6.497000 -0.534000
c<D>r<67>R<GLU> -0.377000 3.324000 -1.417000
c<D>r<68>R<VAL> -0.478000 4.024000 -5.207000
c<D>r<69>R<ALA> 3.273000 4.849000 -5.212000
c<D>r<70>R<GLU> 4.088000 1.687000 -3.150000
c<D>r<71>R<THR> 1.923000 -0.483000 -5.471000
c<D>r<72>R<LYS> 3.490000 0.994000 -8.685000
c<D>r<74>R<ALA> 6.301000 -3.088000 -6.360000
