1764088331385 0.0 15
1764088331399 0.0 15
1764088346428 1.0 31
1764088346440 1.0 31
1764088361660 2.0 47
1764088361672 2.0 47
1764088377018 3.0 63
1764088377031 3.0 63
1764088392512 4.0 79
1764088392524 4.0 79
1764088407851 5.0 95
1764088407862 5.0 95
1764088423459 6.0 111
1764088423472 6.0 111
1764088438880 7.0 127
1764088438892 7.0 127
1764088454028 8.0 143
1764088454040 8.0 143
1764088469628 9.0 159
1764088469640 9.0 159
1764088484448 10.0 175
1764088484459 10.0 175
1764088500026 11.0 191
1764088500028 11.0 191
1764088515533 12.0 207
1764088515545 12.0 207
1764088531071 13.0 223
1764088531082 13.0 223
1764088546377 14.0 239
1764088546379 14.0 239
1764088562004 15.0 255
1764088562006 15.0 255
1764088577455 16.0 271
1764088577462 16.0 271
1764088593067 17.0 287
1764088593068 17.0 287
1764088608530 18.0 303
1764088608542 18.0 303
1764088624084 19.0 319
1764088624095 19.0 319
1764088639639 20.0 335
1764088639646 20.0 335
1764088655391 21.0 351
1764088655402 21.0 351
1764088670854 22.0 367
1764088670856 22.0 367
1764088686642 23.0 383
1764088686653 23.0 383
1764088702625 24.0 399
1764088702636 24.0 399
1764088718946 25.0 415
1764088718956 25.0 415
1764088734623 26.0 431
1764088734634 26.0 431
1764088750439 27.0 447
1764088750441 27.0 447
1764088766127 28.0 463
1764088766128 28.0 463
1764088781745 29.0 479
1764088781751 29.0 479
1764088797394 30.0 495
1764088797400 30.0 495
1764088812937 31.0 511
1764088812948 31.0 511
1764088828623 32.0 527
1764088828625 32.0 527
1764088844520 33.0 543
1764088844521 33.0 543
1764088860101 34.0 559
1764088860103 34.0 559
1764088875824 35.0 575
1764088875830 35.0 575
1764088891398 36.0 591
1764088891409 36.0 591
1764088907600 37.0 607
1764088907602 37.0 607
1764088923356 38.0 623
1764088923358 38.0 623
1764088939464 39.0 639
1764088939466 39.0 639
1764088955050 40.0 655
1764088955052 40.0 655
1764088970662 41.0 671
1764088970664 41.0 671
1764088986576 42.0 687
1764088986587 42.0 687
1764089002352 43.0 703
1764089002363 43.0 703
1764089018010 44.0 719
1764089018017 44.0 719
1764089034163 45.0 735
1764089034170 45.0 735
1764089050210 46.0 751
1764089050212 46.0 751
1764089066092 47.0 767
1764089066094 47.0 767
1764089081913 48.0 783
1764089081919 48.0 783
1764089097516 49.0 799
1764089097518 49.0 799
1764089113868 50.0 815
1764089113874 50.0 815
1764089129921 51.0 831
1764089129927 51.0 831
1764089145863 52.0 847
1764089145865 52.0 847
1764089160964 53.0 863
1764089160966 53.0 863
1764089176677 54.0 879
1764089176679 54.0 879
1764089192422 55.0 895
1764089192424 55.0 895
1764089208093 56.0 911
1764089208095 56.0 911
1764089223746 57.0 927
1764089223757 57.0 927
1764089240011 58.0 943
1764089240018 58.0 943
1764089255850 59.0 959
1764089255861 59.0 959
1764089270971 60.0 975
1764089270973 60.0 975
1764089286451 61.0 991
1764089286458 61.0 991
1764089301956 62.0 1007
1764089301958 62.0 1007
1764089318024 63.0 1023
1764089318035 63.0 1023
1764089333985 64.0 1039
1764089333988 64.0 1039
1764089350228 65.0 1055
1764089350230 65.0 1055
1764089366502 66.0 1071
1764089366504 66.0 1071
1764089382243 67.0 1087
1764089382250 67.0 1087
1764089397932 68.0 1103
1764089397944 68.0 1103
1764089414406 69.0 1119
1764089414408 69.0 1119
1764089430941 70.0 1135
1764089430943 70.0 1135
1764089446917 71.0 1151
1764089446919 71.0 1151
1764089463147 72.0 1167
1764089463148 72.0 1167
1764089479064 73.0 1183
1764089479066 73.0 1183
1764089495072 74.0 1199
1764089495079 74.0 1199
1764089510954 75.0 1215
1764089510956 75.0 1215
1764089527188 76.0 1231
1764089527195 76.0 1231
1764089542633 77.0 1247
1764089542635 77.0 1247
1764089559250 78.0 1263
1764089559252 78.0 1263
1764089575085 79.0 1279
1764089575087 79.0 1279
1764089591152 80.0 1295
1764089591159 80.0 1295
1764089607250 81.0 1311
1764089607261 81.0 1311
1764089623250 82.0 1327
1764089623252 82.0 1327
1764089639197 83.0 1343
1764089639199 83.0 1343
1764089655115 84.0 1359
1764089655117 84.0 1359
1764089671069 85.0 1375
1764089671071 85.0 1375
1764089687473 86.0 1391
1764089687474 86.0 1391
1764089703860 87.0 1407
1764089703863 87.0 1407
1764089720400 88.0 1423
1764089720402 88.0 1423
1764089736380 89.0 1439
1764089736382 89.0 1439
1764089752811 90.0 1455
1764089752814 90.0 1455
1764089768800 91.0 1471
1764089768806 91.0 1471
1764089784528 92.0 1487
1764089784534 92.0 1487
1764089801196 93.0 1503
1764089801198 93.0 1503
1764089817236 94.0 1519
1764089817238 94.0 1519
1764089833311 95.0 1535
1764089833322 95.0 1535
1764089848775 96.0 1551
1764089848777 96.0 1551
1764089865436 97.0 1567
1764089865443 97.0 1567
1764089881776 98.0 1583
1764089881778 98.0 1583
1764089897769 99.0 1599
1764089897776 99.0 1599
1764089914298 100.0 1615
1764089914300 100.0 1615
1764089930326 101.0 1631
1764089930328 101.0 1631
1764089945765 102.0 1647
1764089945766 102.0 1647
1764089961475 103.0 1663
1764089961477 103.0 1663
1764089977270 104.0 1679
1764089977272 104.0 1679
1764089993407 105.0 1695
1764089993408 105.0 1695
1764090009656 106.0 1711
1764090009663 106.0 1711
1764090025674 107.0 1727
1764090025681 107.0 1727
1764090041997 108.0 1743
1764090042004 108.0 1743
1764090058418 109.0 1759
1764090058420 109.0 1759
1764090074943 110.0 1775
1764090074945 110.0 1775
1764090090934 111.0 1791
1764090090936 111.0 1791
1764090107276 112.0 1807
1764090107277 112.0 1807
1764090123084 113.0 1823
1764090123086 113.0 1823
1764090139587 114.0 1839
1764090139594 114.0 1839
1764090156207 115.0 1855
1764090156209 115.0 1855
1764090172081 116.0 1871
1764090172088 116.0 1871
1764090188314 117.0 1887
1764090188316 117.0 1887
1764090204565 118.0 1903
1764090204567 118.0 1903
1764090221031 119.0 1919
1764090221033 119.0 1919
1764090236883 120.0 1935
1764090236890 120.0 1935
1764090252960 121.0 1951
1764090252961 121.0 1951
1764090268809 122.0 1967
1764090268810 122.0 1967
1764090284952 123.0 1983
1764090284953 123.0 1983
1764090300584 124.0 1999
1764090300590 124.0 1999
1764090317142 125.0 2015
1764090317144 125.0 2015
1764090332661 126.0 2031
1764090332663 126.0 2031
1764090348820 127.0 2047
1764090348822 127.0 2047
1764090364527 128.0 2063
1764090364529 128.0 2063
1764090381088 129.0 2079
1764090381090 129.0 2079
1764090398002 130.0 2095
1764090398004 130.0 2095
1764090415805 131.0 2111
1764090415807 131.0 2111
1764090435425 132.0 2127
1764090435433 132.0 2127
1764090457327 133.0 2143
1764090457329 133.0 2143
1764090474162 134.0 2159
1764090474164 134.0 2159
1764090490385 135.0 2175
1764090490387 135.0 2175
1764090506843 136.0 2191
1764090506844 136.0 2191
1764090523612 137.0 2207
1764090523614 137.0 2207
1764090539933 138.0 2223
1764090539935 138.0 2223
1764090556777 139.0 2239
1764090556779 139.0 2239
1764090574138 140.0 2255
1764090574140 140.0 2255
1764090591814 141.0 2271
1764090591816 141.0 2271
1764090610101 142.0 2287
1764090610103 142.0 2287
1764090629787 143.0 2303
1764090629789 143.0 2303
1764090649462 144.0 2319
1764090649470 144.0 2319
1764090666251 145.0 2335
1764090666253 145.0 2335
1764090682632 146.0 2351
1764090682634 146.0 2351
1764090700107 147.0 2367
1764090700109 147.0 2367
1764090718029 148.0 2383
1764090718031 148.0 2383
1764090735096 149.0 2399
1764090735098 149.0 2399
1764090755734 150.0 2415
1764090755736 150.0 2415
1764090772833 151.0 2431
1764090772836 151.0 2431
1764090790521 152.0 2447
1764090790523 152.0 2447
1764090807288 153.0 2463
1764090807295 153.0 2463
1764090824615 154.0 2479
1764090824617 154.0 2479
1764090841872 155.0 2495
1764090841874 155.0 2495
1764090858165 156.0 2511
1764090858167 156.0 2511
1764090874682 157.0 2527
1764090874684 157.0 2527
1764090891945 158.0 2543
1764090891947 158.0 2543
1764090908019 159.0 2559
1764090908021 159.0 2559
1764090924383 160.0 2575
1764090924385 160.0 2575
1764090940731 161.0 2591
1764090940733 161.0 2591
1764090957289 162.0 2607
1764090957291 162.0 2607
1764090973827 163.0 2623
1764090973828 163.0 2623
1764090991288 164.0 2639
1764090991290 164.0 2639
1764091007777 165.0 2655
1764091007778 165.0 2655
1764091025058 166.0 2671
1764091025060 166.0 2671
1764091028105 167.0 2672
