c<A>r<31>R<PRO> -15.290000 -2.051000 1.354000
c<A>r<32>R<THR> -15.424000 1.554000 2.182000
c<A>r<33>R<VAL> -14.126000 4.042000 -0.287000
c<A>r<34>R<PHE> -14.839000 7.320000 1.564000
c<A>r<35>R<GLU> -17.547001 8.203000 4.217000
c<A>r<36>R<ASN> -17.916000 11.054000 6.754000
c<A>r<59>R<GLU> -3.999000 -0.348000 -0.974000
c<A>r<60>R<GLU> -6.035000 0.699000 -4.143000
c<A>r<61>R<TYR> -7.095000 3.781000 -2.329000
c<A>r<62>R<ASP> -3.591000 4.820000 -0.929000
c<A>r<63>R<ARG> -3.714000 7.993000 -3.210000
c<A>r<64>R<LEU> -7.199000 8.871000 -2.175000
c<A>r<65>R<ARG> -6.799000 8.408000 1.605000
c<A>r<66>R<PRO> -4.607000 11.609000 2.212000
c<A>r<67>R<LEU> -7.519000 13.792000 1.121000
c<A>r<68>R<SER> -9.152000 12.889000 4.455000
c<A>r<69>R<TYR> -6.216000 13.995000 6.666000
c<A>r<70>R<ALA> -6.320000 17.818001 6.577000
c<A>r<93>R<LYS> 2.253000 1.448000 6.994000
c<A>r<94>R<TRP> -0.296000 3.450000 8.937000
c<A>r<96>R<PRO> 4.395000 6.428000 8.984000
c<A>r<97>R<GLU> 1.545000 7.611000 6.727000
c<A>r<98>R<ILE> -0.089000 9.631000 9.471000
c<A>r<99>R<LYS> 3.278000 11.049000 10.566000
c<A>r<100>R<HIS> 3.968000 12.114000 7.028000
c<A>r<101>R<TYR> 0.703000 13.975000 6.371000
c<B>r<10>R<VAL> -9.989000 14.019000 -8.909000
c<B>r<11>R<ALA> -10.993000 10.613000 -10.267000
c<B>r<13>R<GLU> -5.926000 10.417000 -10.105000
c<B>r<14>R<LYS> -6.650000 6.619000 -10.182000
c<B>r<15>R<ILE> -9.563000 6.413000 -7.951000
c<B>r<16>R<ASP> -11.030000 3.086000 -8.341000
c<B>r<17>R<ASN> -14.843000 2.669000 -8.383000
c<B>r<18>R<PRO> -15.943000 6.224000 -8.264000
c<B>r<19>R<GLU> -19.577999 5.073000 -8.496000
c<B>r<20>R<LEU> -19.292000 3.726000 -5.006000
c<B>r<21>R<ILE> -18.841999 7.330000 -3.668000
c<B>r<22>R<THR> -22.142000 9.346000 -3.002000
c<B>r<24>R<PRO> -22.298000 14.632000 -1.522000
c<B>r<25>R<ASN> -19.051001 12.803000 -0.724000
c<B>r<26>R<GLN> -17.701000 13.415000 -4.224000
c<B>r<28>R<LYS> -16.445999 16.862000 -0.324000
c<B>r<29>R<LEU> -13.515000 15.131000 -2.054000
c<B>r<30>R<VAL> -13.289000 17.881001 -4.628000
c<B>r<31>R<GLN> -13.058000 20.414000 -1.850000
c<B>r<32>R<GLU> -10.436000 18.452999 -0.009000
c<B>r<33>R<TYR> -8.455000 17.891001 -3.203000
c<B>r<34>R<GLU> -8.346000 21.622000 -3.951000
c<B>r<35>R<LYS> -7.509000 22.381001 -0.334000
c<B>r<36>R<LYS> -4.641000 19.864000 -0.376000
c<B>r<37>R<GLN> -3.273000 21.283001 -3.640000
c<B>r<39>R<LYS> -1.577000 23.434999 1.017000
c<B>r<54>R<ARG> 10.759000 16.318001 4.679000
c<B>r<55>R<ASN> 8.240000 18.816000 3.629000
c<B>r<76>R<ASN> 12.077000 5.741000 4.338000
c<B>r<77>R<GLU> 9.882000 7.897000 2.760000
c<B>r<78>R<VAL> 8.082000 5.123000 0.795000
c<B>r<79>R<VAL> 4.991000 6.822000 1.981000
c<B>r<80>R<VAL> 5.433000 9.645000 -0.473000
c<B>r<81>R<PHE> 5.417000 7.263000 -3.452000
c<B>r<82>R<ARG> 2.744000 5.069000 -2.144000
c<B>r<83>R<SER> 0.289000 7.840000 -1.440000
c<B>r<84>R<SER> 1.159000 10.601000 -3.959000
c<B>r<85>R<SER> -0.926000 11.556000 -7.017000
c<B>r<86>R<VAL> -0.367000 10.119000 -10.492000
