c<A>r<18>R<SER> 7.512000 5.768000 -15.546000
c<A>r<34>R<LEU> 12.398000 2.292000 -14.956000
c<A>r<38>R<SER> 11.910000 -3.959000 -13.135000
c<A>r<40>R<ASP> 10.795000 -5.898000 -8.072000
c<A>r<41>R<HIS> 8.431000 -3.218000 -9.498000
c<A>r<43>R<ALA> 6.224000 -8.080000 -8.106000
c<A>r<44>R<LEU> 4.989000 -5.121000 -5.974000
c<A>r<45>R<ALA> 2.412000 -4.013000 -8.591000
c<A>r<47>R<GLY> 0.933000 -8.059000 -5.241000
c<A>r<48>R<LEU> -1.015000 -4.767000 -4.750000
c<A>r<49>R<TYR> -3.419000 -5.734000 -7.568000
c<A>r<50>R<SER> -3.899000 -9.277000 -6.128000
c<A>r<51>R<LEU> -4.688000 -7.852000 -2.652000
c<A>r<52>R<GLY> -7.074000 -5.341000 -4.316000
c<A>r<53>R<ARG> -8.875000 -8.352000 -5.915000
c<A>r<54>R<SER> -9.049000 -10.120000 -2.526000
c<A>r<55>R<ALA> -10.451000 -6.845000 -1.100000
c<A>r<56>R<GLY> -13.171000 -7.005000 -3.841000
c<A>r<57>R<ILE> -14.244000 -10.435000 -2.484000
c<A>r<58>R<ARG> -14.123000 -9.464000 1.262000
c<A>r<59>R<PHE> -15.085000 -5.748000 1.388000
c<A>r<60>R<GLY> -17.215000 -5.446000 -1.799000
c<A>r<61>R<ASP> -19.712000 -7.426000 -3.914000
c<A>r<62>R<GLY> -16.868000 -9.313000 -5.708000
c<A>r<63>R<GLY> -16.579000 -6.574000 -8.418000
c<A>r<64>R<ASP> -13.414000 -6.167000 -10.510000
c<A>r<65>R<VAL> -10.399000 -4.063000 -9.474000
c<A>r<66>R<ARG> -10.448000 -0.881000 -11.527000
c<A>r<67>R<GLN> -7.266000 0.401000 -9.877000
c<A>r<68>R<VAL> -5.087000 0.424000 -6.752000
c<A>r<69>R<VAL> -3.555000 3.848000 -5.952000
c<A>r<70>R<VAL> -0.632000 4.107000 -3.501000
c<A>r<71>R<GLU> -0.077000 7.670000 -2.302000
c<A>r<72>R<LEU> 3.411000 8.279000 -0.899000
c<A>r<73>R<ASP> 4.822000 11.636000 0.321000
c<A>r<74>R<SER> 6.429000 12.506000 -3.092000
c<A>r<75>R<THR> 5.169000 9.687000 -5.380000
c<A>r<76>R<LEU> 1.911000 8.299000 -6.801000
c<A>r<77>R<LEU> 1.744000 4.649000 -7.907000
c<A>r<78>R<PHE> -1.323000 3.653000 -9.962000
c<A>r<79>R<VAL> -1.915000 -0.088000 -10.615000
c<A>r<80>R<SER> -4.811000 -0.601000 -13.063000
c<A>r<91>R<LEU> 4.417000 6.268000 -11.558000
c<A>r<92>R<ALA> 4.096000 10.011000 -11.102000
c<A>r<93>R<GLY> 5.042000 12.881000 -8.782000
c<B>r<18>R<SER> -17.691000 0.992000 7.505000
c<B>r<34>R<LEU> -18.268999 -4.645000 9.493000
c<B>r<38>R<SER> -13.079000 -8.398000 10.931000
c<B>r<40>R<ASP> -9.811000 -10.988000 7.333000
c<B>r<41>R<HIS> -10.490000 -7.243000 6.759000
c<B>r<44>R<LEU> -6.120000 -7.435000 3.845000
c<B>r<45>R<ALA> -5.775000 -3.789000 4.986000
c<B>r<47>R<GLY> -1.198000 -6.365000 3.605000
c<B>r<48>R<LEU> -2.172000 -3.459000 1.270000
c<B>r<49>R<TYR> -0.458000 -0.948000 3.604000
c<B>r<50>R<SER> 2.701000 -3.140000 3.907000
c<B>r<51>R<LEU> 2.996000 -3.432000 0.088000
c<B>r<52>R<GLY> 2.374000 0.350000 -0.171000
c<B>r<53>R<ARG> 5.355000 0.817000 2.212000
c<B>r<54>R<SER> 7.513000 -1.535000 0.091000
c<B>r<55>R<ALA> 6.409000 0.573000 -2.916000
c<B>r<56>R<GLY> 7.723000 3.701000 -1.056000
c<B>r<57>R<ILE> 11.169000 2.021000 -0.813000
c<B>r<58>R<ARG> 11.240000 0.708000 -4.456000
c<B>r<59>R<PHE> 9.426000 3.426000 -6.449000
c<B>r<60>R<GLY> 9.832000 6.585000 -4.313000
c<B>r<61>R<ASP> 12.391000 8.230000 -2.003000
c<B>r<62>R<GLY> 11.404000 5.908000 0.909000
c<B>r<63>R<GLY> 8.657000 8.376000 2.044000
c<B>r<64>R<ASP> 5.724000 7.279000 4.214000
c<B>r<65>R<VAL> 2.469000 5.725000 2.981000
c<B>r<66>R<ARG> -0.197000 8.410000 3.176000
c<B>r<67>R<GLN> -2.881000 6.051000 1.877000
c<B>r<68>R<VAL> -3.674000 3.054000 -0.334000
c<B>r<69>R<VAL> -6.942000 3.402000 -2.317000
c<B>r<70>R<VAL> -8.541000 0.290000 -3.864000
c<B>r<71>R<GLU> -11.202000 1.184000 -6.430000
c<B>r<72>R<LEU> -13.671000 -1.628000 -7.145000
c<B>r<73>R<ASP> -16.740999 -1.449000 -9.444000
c<B>r<74>R<SER> -19.171000 -0.535000 -6.570000
c<B>r<75>R<THR> -16.813999 -0.007000 -3.580000
c<B>r<76>R<LEU> -13.940000 2.232000 -2.446000
c<B>r<77>R<LEU> -11.468000 0.982000 0.181000
c<B>r<78>R<PHE> -9.118000 3.568000 1.736000
c<B>r<79>R<VAL> -6.203000 2.340000 3.922000
c<B>r<80>R<SER> -4.440000 5.298000 5.611000
c<B>r<90>R<VAL> -12.495000 2.944000 5.482000
c<B>r<91>R<LEU> -15.143000 1.572000 3.101000
c<B>r<92>R<ALA> -17.504000 3.624000 0.952000
c<B>r<93>R<GLY> -19.732000 3.324000 -2.134000
