c<A>r<1>R<ASP> 11.151000 7.964000 37.317001
c<A>r<2>R<SER> 8.071000 7.019000 35.526001
c<A>r<3>R<THR> 9.729000 3.827000 34.861000
c<A>r<4>R<SER> 10.036000 2.372000 38.362999
c<A>r<5>R<GLY> 7.251000 0.020000 38.044998
c<A>r<6>R<TRP> 7.682000 -1.400000 34.748001
c<A>r<7>R<ARG> 8.775000 -4.967000 34.110001
c<A>r<8>R<ALA> 9.769000 -7.050000 31.212000
c<A>r<9>R<PRO> 7.104000 -9.311000 29.806999
c<A>r<10>R<SER> 7.061000 -12.562000 31.635000
c<A>r<11>R<CYS> 4.974000 -14.551000 29.156000
c<A>r<12>R<THR> 6.453000 -16.986000 26.663000
c<A>r<13>R<LYS> 3.653000 -16.393999 24.211000
c<A>r<14>R<VAL> 1.714000 -13.224000 23.614000
c<A>r<15>R<THR> -2.072000 -13.563000 23.917999
c<A>r<16>R<GLY> -3.866000 -11.595000 21.236000
c<A>r<17>R<ASP> -4.795000 -11.458000 17.598000
c<A>r<18>R<GLY> -1.218000 -11.543000 16.396000
c<A>r<19>R<ALA> -0.957000 -7.777000 15.527000
c<A>r<20>R<VAL> 1.596000 -6.997000 18.226999
c<A>r<21>R<THR> 4.679000 -9.006000 19.631001
c<A>r<22>R<PHE> 7.986000 -8.250000 21.252001
c<A>r<23>R<THR> 11.682000 -9.085000 20.986000
c<A>r<24>R<THR> 14.527000 -8.825000 23.424999
c<A>r<25>R<ASP> 17.377001 -9.435000 20.968000
c<A>r<26>R<ASP> 16.982000 -6.736000 18.377001
c<A>r<27>R<GLY> 14.480000 -8.820000 16.347000
c<A>r<28>R<ALA> 16.445000 -12.069000 16.111000
c<A>r<29>R<THR> 13.612000 -13.777000 17.854000
c<A>r<30>R<LEU> 9.994000 -12.692000 18.025000
c<A>r<31>R<ALA> 7.727000 -13.862000 20.820999
c<A>r<33>R<THR> 1.422000 -15.035000 19.556000
c<A>r<34>R<THR> -1.656000 -17.070000 20.320999
c<A>r<36>R<THR> -2.947000 -15.129000 13.736000
c<A>r<37>R<LEU> -2.959000 -11.671000 12.042000
c<A>r<38>R<GLN> -5.808000 -11.629000 9.422000
c<A>r<39>R<SER> -4.574000 -10.545000 5.914000
c<A>r<40>R<VAL> -6.898000 -8.024000 3.912000
c<A>r<41>R<SER> -7.084000 -8.942000 0.250000
c<A>r<42>R<TYR> -8.646000 -6.944000 -2.460000
c<A>r<43>R<THR> -10.737000 -8.159000 -5.339000
c<A>r<44>R<HIS> -8.024000 -8.956000 -7.785000
c<A>r<46>R<LEU> -13.174000 -10.528000 -11.642000
c<A>r<50>R<ASP> -19.145000 -17.674000 -21.312000
c<A>r<51>R<THR> -22.138000 -19.143999 -19.312000
c<A>r<52>R<PRO> -24.938999 -16.462999 -19.622000
c<A>r<53>R<ASN> -25.172001 -13.961000 -16.796000
c<A>r<54>R<THR> -22.474001 -15.732000 -14.745000
c<A>r<57>R<ALA> -14.881000 -12.668000 -8.214000
c<A>r<58>R<THR> -12.262000 -13.168000 -5.546000
c<A>r<59>R<HIS> -12.312000 -11.179000 -2.342000
c<A>r<60>R<ASN> -10.060000 -12.165000 0.551000
c<A>r<61>R<ASP> -9.948000 -15.848000 0.644000
c<A>r<64>R<GLN> -17.889000 -15.334000 -5.082000
c<A>r<66>R<SER> -23.163000 -14.227000 -9.658000
c<A>r<68>R<ASP> -27.809000 -12.896000 -12.597000
c<A>r<69>R<ALA> -25.426001 -10.610000 -14.531000
c<A>r<70>R<GLY> -23.862000 -9.125000 -11.325000
c<A>r<71>R<CYS> -26.997000 -8.222000 -9.249000
c<A>r<72>R<THR> -26.312000 -10.745000 -6.463000
c<A>r<73>R<TRP> -22.957001 -12.156000 -5.196000
c<A>r<74>R<THR> -22.708000 -15.154000 -3.031000
c<A>r<75>R<LYS> -19.785000 -16.964001 -1.547000
c<A>r<81>R<SER> -5.440000 -17.787001 -0.593000
c<A>r<82>R<GLY> -5.463000 -13.942000 0.129000
c<A>r<83>R<SER> -4.966000 -12.292000 -3.442000
c<A>r<84>R<THR> -6.153000 -14.451000 -6.164000
c<A>r<85>R<TRP> -6.566000 -13.513000 -9.823000
c<A>r<98>R<GLU> -1.637000 -15.945000 -7.223000
c<A>r<99>R<LYS> 1.411000 -13.979000 -8.674000
c<A>r<100>R<ASN> 3.704000 -15.686000 -6.060000
c<A>r<101>R<GLY> 2.780000 -19.080000 -7.208000
c<A>r<102>R<GLY> 1.470000 -19.941000 -3.851000
c<A>r<120>R<ALA> 7.411000 -20.798000 -8.194000
c<A>r<121>R<ASP> 5.918000 -17.552999 -9.414000
c<A>r<235>R<ASP> 11.713000 4.717000 -19.322001
c<A>r<236>R<LEU> 14.746000 4.291000 -17.207001
c<A>r<237>R<VAL> 16.743999 6.894000 -19.174000
c<A>r<238>R<GLU> 14.110000 9.488000 -18.353001
c<A>r<239>R<ALA> 13.792000 8.357000 -14.663000
c<A>r<240>R<ALA> 17.358999 9.150000 -14.089000
c<A>r<241>R<PRO> 17.760000 11.177000 -10.653000
c<A>r<242>R<ASN> 18.051001 14.451000 -12.516000
c<A>r<243>R<SER> 15.370000 14.244000 -15.118000
c<A>r<244>R<GLY> 12.657000 15.631000 -12.931000
c<A>r<245>R<ALA> 10.370000 13.099000 -14.533000
c<A>r<246>R<GLU> 9.387000 9.774000 -12.961000
c<A>r<247>R<GLY> 9.662000 8.370000 -16.469000
c<A>r<289>R<TYR> -9.745000 2.269000 -19.099001
c<A>r<295>R<TYR> -7.013000 6.150000 0.749000
c<A>r<296>R<PHE> -4.791000 9.088000 1.669000
c<A>r<297>R<GLN> -6.989000 12.166000 2.648000
c<A>r<298>R<ALA> -10.127000 10.175000 1.561000
c<A>r<299>R<TYR> -9.248000 11.091000 -1.987000
c<A>r<302>R<ASP> -10.188000 8.261000 -10.482000
c<A>r<303>R<LEU> -11.334000 6.053000 -13.313000
c<A>r<304>R<TYR> -9.805000 7.256000 -16.551001
c<A>r<305>R<ARG> -10.882000 6.724000 -20.186001
c<A>r<314>R<GLY> -11.518000 11.666000 -19.511000
c<A>r<315>R<LYS> -11.964000 11.093000 -15.781000
c<A>r<316>R<THR> -14.777000 10.069000 -13.436000
c<A>r<317>R<HIS> -14.336000 10.144000 -9.652000
c<A>r<318>R<ASN> -15.816000 7.880000 -6.886000
c<A>r<320>R<HIS> -13.822000 4.135000 -2.894000
c<A>r<321>R<ASP> -10.069000 3.882000 -2.057000
c<A>r<323>R<ILE> -10.539000 -0.206000 -8.215000
c<A>r<324>R<SER> -8.560000 -3.491000 -8.338000
c<A>r<325>R<ALA> -10.397000 -5.299000 -11.130000
c<A>r<326>R<ILE> -12.555000 -4.510000 -14.215000
c<A>r<327>R<ALA> -14.693000 -6.826000 -16.298000
c<A>r<328>R<PHE> -17.201000 -6.156000 -19.136000
c<A>r<329>R<ASN> -20.639000 -7.486000 -19.851000
c<A>r<330>R<PRO> -20.261999 -9.647000 -22.990999
c<A>r<331>R<ALA> -23.724001 -8.624000 -24.419001
c<A>r<332>R<ARG> -23.561001 -4.944000 -23.299999
c<A>r<333>R<PRO> -19.917999 -3.667000 -23.128000
c<A>r<334>R<SER> -21.056000 -0.400000 -21.667999
c<A>r<335>R<VAL> -21.693001 -2.332000 -18.517000
c<A>r<336>R<MET> -18.430000 -2.368000 -16.514000
c<A>r<337>R<TYR> -18.058001 -4.465000 -13.383000
c<A>r<338>R<LEU> -15.709000 -3.105000 -10.791000
c<A>r<339>R<GLY> -13.810000 -4.696000 -7.901000
c<A>r<340>R<LEU> -13.509000 -2.224000 -5.171000
c<A>r<341>R<GLU> -10.890000 -1.545000 -2.457000
c<A>r<342>R<GLU> -11.424000 -0.036000 0.892000
c<A>r<343>R<VAL> -8.433000 0.607000 3.049000
c<A>r<344>R<GLN> -8.923000 1.808000 6.545000
c<B>r<1>R<GLY> -28.164000 -15.293000 -23.546000
c<B>r<2>R<TRP> -26.399000 -12.479000 -21.525999
c<B>r<3>R<ARG> -28.291000 -9.473000 -20.204000
c<B>r<4>R<ALA> -27.577000 -6.253000 -18.462000
c<B>r<5>R<PRO> -28.045000 -6.217000 -14.744000
c<B>r<6>R<SER> -31.590000 -5.373000 -13.873000
c<B>r<7>R<CYS> -31.124001 -4.681000 -10.161000
c<B>r<8>R<THR> -31.007000 -1.181000 -8.717000
c<B>r<9>R<LYS> -28.711000 -2.285000 -5.923000
c<B>r<10>R<VAL> -26.091000 -4.990000 -5.938000
c<B>r<11>R<THR> -26.548000 -7.599000 -3.195000
c<B>r<12>R<GLY> -23.225000 -8.614000 -1.658000
c<B>r<13>R<ASP> -20.424999 -7.578000 0.643000
c<B>r<14>R<GLY> -19.638000 -4.437000 -1.298000
c<B>r<15>R<ALA> -16.427999 -5.785000 -3.038000
c<B>r<16>R<VAL> -17.937000 -5.727000 -6.548000
c<B>r<17>R<THR> -20.333000 -3.193000 -8.355000
c<B>r<18>R<PHE> -21.038000 -2.036000 -11.856000
c<B>r<19>R<THR> -21.416000 1.120000 -13.940000
c<B>r<20>R<THR> -23.062000 1.775000 -17.263000
c<B>r<21>R<ASP> -21.681000 5.294000 -17.820000
c<B>r<22>R<ASP> -17.906000 4.867000 -17.709000
c<B>r<23>R<GLY> -17.830999 5.222000 -13.885000
c<B>r<24>R<ALA> -19.875999 8.421000 -13.482000
c<B>r<25>R<THR> -22.315001 6.474000 -11.413000
c<B>r<26>R<LEU> -21.705000 3.253000 -9.470000
c<B>r<27>R<ALA> -24.559999 0.927000 -8.571000
c<B>r<29>R<THR> -24.336000 -2.260000 -2.873000
c<B>r<30>R<THR> -26.256001 -3.744000 0.028000
c<B>r<32>R<THR> -20.083000 -2.463000 3.061000
c<B>r<33>R<LEU> -16.480000 -3.394000 2.002000
c<B>r<34>R<GLN> -14.316000 -4.142000 5.159000
c<B>r<35>R<SER> -11.045000 -2.045000 5.276000
c<B>r<36>R<VAL> -7.493000 -3.759000 5.790000
c<B>r<37>R<SER> -5.913000 -2.189000 8.919000
c<B>r<38>R<TYR> -2.334000 -2.338000 10.083000
c<B>r<39>R<THR> -1.049000 -1.548000 13.534000
c<B>r<42>R<LEU> 1.907000 1.384000 19.481001
c<B>r<45>R<LEU> 2.385000 4.629000 28.746000
c<B>r<46>R<ASP> 3.863000 6.062000 31.910999
c<B>r<47>R<THR> 1.380000 3.811000 33.868000
c<B>r<48>R<PRO> 3.451000 0.676000 34.814999
c<B>r<49>R<ASN> 3.215000 -2.249000 32.417999
c<B>r<50>R<THR> 0.502000 -0.572000 30.323999
c<B>r<53>R<ALA> -2.054000 -0.393000 20.139999
c<B>r<54>R<THR> -4.315000 0.307000 17.216000
c<B>r<55>R<HIS> -5.202000 -2.464000 14.828000
c<B>r<56>R<ASN> -7.908000 -1.856000 12.263000
c<B>r<57>R<ASP> -10.554000 0.041000 13.936000
c<B>r<60>R<GLN> -6.127000 -2.652000 22.200001
c<B>r<62>R<SER> -2.076000 -4.462000 27.724001
c<B>r<64>R<ASP> 0.978000 -6.784000 31.858000
c<B>r<65>R<ALA> 3.931000 -5.367000 29.900999
c<B>r<66>R<GLY> 2.676000 -6.753000 26.518999
c<B>r<67>R<CYS> 1.802000 -10.411000 27.416000
c<B>r<68>R<THR> -1.960000 -10.063000 26.819000
c<B>r<69>R<TRP> -3.851000 -7.701000 24.462000
c<B>r<70>R<THR> -7.508000 -7.072000 24.697001
c<B>r<71>R<LYS> -9.844000 -4.892000 22.749001
c<B>r<76>R<GLY> -14.426000 4.057000 14.099000
c<B>r<77>R<SER> -11.097000 4.660000 12.067000
c<B>r<78>R<GLY> -8.855000 2.084000 10.229000
c<B>r<79>R<SER> -5.280000 3.717000 10.447000
c<B>r<80>R<THR> -4.822000 5.423000 13.623000
c<B>r<86>R<THR> 1.568000 11.864000 30.896999
c<B>r<87>R<GLY> -0.779000 10.278000 33.478001
c<B>r<94>R<GLU> -5.104000 9.815000 11.491000
c<B>r<95>R<LYS> -2.704000 11.534000 8.988000
c<B>r<96>R<ASN> -5.836000 12.542000 6.944000
c<B>r<97>R<GLY> -7.235000 14.366000 9.857000
c<B>r<98>R<GLY> -10.291000 12.253000 9.648000
c<B>r<116>R<ALA> -7.644000 18.952999 7.550000
c<B>r<117>R<ASP> -4.505000 16.820000 7.744000
c<B>r<230>R<ILE> 15.494000 12.044000 -1.184000
c<B>r<231>R<ASP> 18.181000 14.272000 -2.557000
c<B>r<232>R<LEU> 16.372999 15.478000 -5.595000
c<B>r<233>R<VAL> 19.599001 16.496000 -7.366000
c<B>r<234>R<GLU> 20.856001 12.936000 -7.137000
c<B>r<235>R<ALA> 17.431000 11.439000 -8.151000
c<B>r<236>R<ALA> 17.511000 13.286000 -11.409000
c<B>r<237>R<PRO> 16.586000 11.100000 -14.541000
c<B>r<238>R<ASN> 20.097000 10.632000 -15.433000
c<B>r<239>R<SER> 21.361000 9.459000 -12.079000
c<B>r<240>R<GLY> 21.108000 5.764000 -11.672000
c<B>r<241>R<ALA> 20.705999 6.669000 -7.940000
c<B>r<242>R<GLU> 17.236000 6.810000 -6.345000
c<B>r<243>R<GLY> 18.662001 9.544000 -4.169000
c<B>r<285>R<TYR> 16.216000 0.866000 14.323000
c<B>r<291>R<TYR> 4.767000 -9.405000 0.943000
c<B>r<292>R<PHE> 6.240000 -9.826000 -2.537000
c<B>r<293>R<GLN> 7.617000 -13.421000 -2.917000
c<B>r<294>R<ALA> 6.972000 -14.001000 0.874000
c<B>r<298>R<ASP> 14.218000 -6.975000 7.630000
c<B>r<299>R<LEU> 14.725000 -5.158000 10.884000
c<B>r<300>R<TYR> 17.896999 -3.105000 10.730000
c<B>r<301>R<ARG> 20.122999 -1.659000 13.498000
c<B>r<310>R<GLY> 23.111000 -5.056000 11.286000
c<B>r<311>R<LYS> 20.037001 -6.986000 10.111000
c<B>r<312>R<THR> 17.603001 -9.541000 11.535000
c<B>r<313>R<HIS> 14.959000 -11.213000 9.357000
c<B>r<314>R<ASN> 11.393000 -12.481000 10.185000
c<B>r<316>R<HIS> 5.925000 -11.233000 8.666000
c<B>r<317>R<ASP> 5.132000 -8.970000 5.673000
c<B>r<319>R<ILE> 6.646000 -4.003000 10.929000
c<B>r<320>R<SER> 4.443000 -0.888000 11.137000
c<B>r<321>R<ALA> 5.185000 0.269000 14.670000
c<B>r<322>R<ILE> 7.948000 -0.001000 17.344000
c<B>r<323>R<ALA> 7.825000 0.821000 21.025999
c<B>r<324>R<PHE> 10.321000 0.243000 23.882000
c<B>r<325>R<ASN> 9.911000 -1.004000 27.391001
c<B>r<326>R<PRO> 10.600000 2.039000 29.596001
c<B>r<327>R<ALA> 12.433000 -0.042000 32.323002
c<B>r<328>R<ARG> 14.179000 -2.489000 29.936001
c<B>r<329>R<PRO> 14.918000 -0.820000 26.556000
c<B>r<330>R<SER> 16.172001 -4.072000 25.136000
c<B>r<331>R<VAL> 12.560000 -5.116000 25.042000
c<B>r<332>R<MET> 11.083000 -3.936000 21.735001
c<B>r<333>R<TYR> 7.382000 -4.194000 20.966000
c<B>r<334>R<LEU> 6.482000 -4.642000 17.358000
c<B>r<335>R<GLY> 3.303000 -4.014000 15.331000
c<B>r<336>R<LEU> 3.077000 -6.541000 12.627000
c<B>r<337>R<GLU> 1.598000 -6.486000 9.111000
c<B>r<338>R<GLU> 0.303000 -9.394000 7.182000
c<B>r<339>R<VAL> -0.861000 -8.721000 3.651000
c<B>r<340>R<GLN> -2.313000 -11.460000 1.871000
c<B>r<341>R<ILE> -1.990000 -10.837000 -1.850000
