1763097471290 0.04443492367863655 2651
1763097491771 0.04515950381755829 2685
1763097515106 0.04267951473593712 2719
1763097541661 0.046734198927879333 2753
1763097567476 0.04118984192609787 2787
1763097591619 0.04027370363473892 2821
1763097614844 0.03990385681390762 2855
1763097639727 0.040364839136600494 2889
1763097665976 0.04083888605237007 2923
1763097692398 0.045090463012456894 2957
1763097719216 0.04495937377214432 2991
1763097746102 0.04462733864784241 3025
1763097773615 0.04782228544354439 3059
1763097800035 0.04391759634017944 3093
1763097825832 0.04408413916826248 3127
1763097852124 0.04612380266189575 3161
1763097878055 0.03922431915998459 3195
1763097904344 0.04015624523162842 3229
1763097931020 0.048010651022195816 3263
1763097957170 0.036807429045438766 3297
1763097983256 0.04613495245575905 3331
1763098009036 0.04625498503446579 3365
1763098034862 0.042544711381196976 3399
1763098061473 0.044363055378198624 3433
1763098087637 0.04717361927032471 3467
1763098114389 0.04648694396018982 3501
1763098139869 0.043997570872306824 3535
1763098165523 0.039093341678380966 3569
1763098191928 0.042077504098415375 3603
1763098218414 0.050980739295482635 3637
1763098244373 0.04259106516838074 3671
1763098270331 0.04180438444018364 3705
1763098295633 0.04545126482844353 3739
1763098320804 0.04254014417529106 3773
1763098347240 0.0417320691049099 3807
1763098373257 0.04663641005754471 3841
1763098399176 0.04243127629160881 3875
1763098425350 0.048258665949106216 3909
1763098452319 0.038122210651636124 3943
1763098478527 0.04635188356041908 3977
1763098505277 0.04429114982485771 4011
1763098531526 0.04178118705749512 4045
1763098557391 0.04373154416680336 4079
1763098583583 0.04324863851070404 4113
1763098609969 0.04053988680243492 4147
1763098635832 0.041220877319574356 4181
1763098662399 0.03673461079597473 4215
1763098689010 0.04834895208477974 4249
1763098715600 0.04508395493030548 4283
1763098742392 0.03897776082158089 4317
1763098769354 0.04431656375527382 4351
1763098795988 0.04602670297026634 4385
1763098821894 0.04133041948080063 4419
1763098847998 0.044910624623298645 4453
1763098874125 0.04269781708717346 4487
1763098900254 0.03532174974679947 4521
1763098926844 0.039219021797180176 4555
1763098953523 0.04351107031106949 4589
1763098979963 0.04258279502391815 4623
1763099006523 0.04249089956283569 4657
1763099033181 0.047704607248306274 4691
1763099059678 0.0487343892455101 4725
1763099086226 0.044180940836668015 4759
1763099112473 0.04388795420527458 4793
1763099139132 0.049683693796396255 4827
1763099165552 0.05056092143058777 4861
