c<E>r<1>R<LYS> 15.147000 24.000000 -9.839000
c<E>r<2>R<GLU> 12.222000 23.278000 -7.520000
c<E>r<3>R<THR> 8.768000 22.253000 -8.579000
c<E>r<4>R<ALA> 6.047000 23.629000 -6.302000
c<E>r<5>R<ALA> 5.825000 20.204000 -4.630000
c<E>r<7>R<LYS> 9.666000 23.594000 -2.670000
c<E>r<36>R<THR> 16.978001 33.348000 5.437000
c<E>r<37>R<LYS> 19.075001 33.957001 2.278000
c<E>r<38>R<ASP> 17.782000 37.299999 1.186000
c<E>r<39>R<ARG> 15.638000 38.268002 4.186000
c<E>r<40>R<CYS> 14.446000 36.804001 7.479000
c<E>r<41>R<LYS> 11.195000 35.046001 6.559000
c<E>r<42>R<PRO> 8.952000 36.063000 9.486000
c<E>r<43>R<VAL> 6.891000 32.908001 9.952000
c<E>r<44>R<ASN> 7.217000 29.326000 8.750000
c<E>r<56>R<ALA> -3.285000 12.342000 1.778000
c<E>r<58>R<CYS> -5.217000 16.733999 -0.290000
c<E>r<59>R<SER> -8.225000 14.299000 -0.190000
c<E>r<60>R<GLN> -9.538000 15.338000 3.248000
c<E>r<61>R<LYS> -11.727000 18.334000 4.292000
c<E>r<66>R<LYS> -6.137000 32.014999 3.447000
c<E>r<68>R<GLY> -5.512000 31.242001 -2.860000
c<E>r<76>R<TYR> -8.710000 14.891000 9.698000
c<E>r<77>R<SER> -5.980000 13.911000 12.171000
c<E>r<85>R<ARG> 8.205000 32.978001 14.355000
c<E>r<86>R<GLU> 10.763000 35.734001 14.143000
c<E>r<87>R<THR> 11.633000 37.389000 17.441000
c<E>r<88>R<GLY> 11.579000 41.146999 17.951000
c<E>r<89>R<SER> 15.308000 41.592999 18.305000
c<E>r<90>R<SER> 16.013000 39.717999 15.049000
c<E>r<91>R<LYS> 17.381001 41.676998 12.095000
c<E>r<92>R<TYR> 18.777000 40.308998 8.828000
c<E>r<93>R<PRO> 21.278000 38.761002 8.451000
c<E>r<95>R<CYS> 17.559000 35.918999 11.886000
c<E>r<115>R<TYR> -2.506000 16.188000 -6.837000
c<E>r<122>R<ALA> -2.675000 27.367001 8.070000
c<E>r<123>R<SER> -3.199000 25.180000 11.105000
c<E>r<124>R<VAL> -6.255000 24.875000 13.323000
c<I>r<1>R<MET> -7.689000 7.513000 -5.075000
c<I>r<2>R<ASN> -10.152000 10.410000 -5.093000
c<I>r<3>R<LEU> -12.840000 10.642000 -7.736000
c<I>r<4>R<ASP> -14.100000 14.238000 -7.938000
c<I>r<26>R<GLU> -11.605000 6.265000 -1.012000
c<I>r<27>R<VAL> -12.875000 9.730000 -1.879000
c<I>r<28>R<VAL> -15.957000 10.367000 -3.969000
c<I>r<29>R<ARG> -16.968000 13.872000 -4.748000
c<I>r<54>R<THR> -13.518000 7.448000 3.890000
c<I>r<55>R<GLU> -15.374000 10.400000 2.410000
c<I>r<57>R<CYS> -19.419001 14.490000 -0.797000
c<I>r<83>R<GLN> -15.165000 9.879000 8.221000
c<I>r<84>R<LYS> -16.264000 12.908000 6.240000
c<I>r<85>R<LEU> -19.813000 13.257000 4.847000
c<I>r<86>R<SER> -21.143000 16.256001 2.958000
c<I>r<111>R<ARG> -15.752000 12.784000 12.287000
c<I>r<112>R<GLU> -17.145000 15.789000 10.372000
c<I>r<140>R<GLU> -15.883000 16.591000 15.826000
c<I>r<141>R<LYS> -16.882000 19.039000 13.062000
c<I>r<168>R<LYS> -14.063000 20.808001 17.938999
c<I>r<169>R<GLU> -15.729000 22.896999 15.255000
c<I>r<197>R<GLU> -11.537000 25.195000 18.580999
c<I>r<198>R<THR> -13.434000 26.774000 15.713000
c<I>r<224>R<LEU> -10.329000 28.259001 20.929001
c<I>r<225>R<ARG> -8.224000 28.962000 17.811001
c<I>r<226>R<GLU> -10.398000 30.617001 15.199000
c<I>r<254>R<LYS> -5.092000 32.764000 16.400999
c<I>r<255>R<THR> -7.589000 33.726002 13.742000
c<I>r<279>R<GLU> 1.785000 37.216000 20.339001
c<I>r<282>R<LYS> -1.862000 35.758999 13.821000
c<I>r<283>R<GLU> -4.715000 36.490002 11.392000
c<I>r<305>R<GLN> 5.845000 47.508999 17.466000
c<I>r<306>R<PRO> 8.314000 44.567001 17.333000
c<I>r<307>R<GLY> 6.218000 42.742001 19.951000
c<I>r<308>R<CYS> 3.430000 42.479000 17.330000
c<I>r<309>R<GLN> 3.344000 39.192001 15.477000
c<I>r<310>R<LEU> 0.369000 39.456001 13.072000
c<I>r<311>R<GLU> 0.967000 37.437000 9.933000
c<I>r<312>R<SER> -2.099000 38.236000 7.828000
c<I>r<334>R<GLN> 10.466000 47.705002 9.144000
c<I>r<335>R<ASN> 8.212000 44.736000 9.845000
c<I>r<336>R<LYS> 9.517000 41.168999 9.699000
c<I>r<337>R<HIS> 6.353000 39.206001 10.536000
c<I>r<338>R<LEU> 3.548000 40.381001 8.230000
c<I>r<339>R<LEU> 3.610000 37.860001 5.380000
c<I>r<340>R<GLU> 0.270000 38.558998 3.786000
c<I>r<363>R<PRO> 16.075001 44.519001 0.576000
c<I>r<364>R<GLY> 15.256000 42.780998 3.836000
c<I>r<365>R<THR> 11.520000 42.967999 3.287000
c<I>r<366>R<THR> 9.371000 40.073002 4.328000
c<I>r<367>R<LEU> 5.927000 40.605000 2.752000
c<I>r<368>R<ARG> 5.144000 37.398998 0.820000
c<I>r<392>R<ASN> 12.203000 42.881001 -4.481000
c<I>r<393>R<ARG> 12.998000 39.264999 -3.426000
c<I>r<394>R<SER> 10.310000 38.465000 -0.818000
c<I>r<397>R<GLU> 1.965000 35.811001 -4.914000
c<I>r<399>R<ASP> -2.865000 39.716999 -7.147000
c<I>r<425>R<GLU> 5.345000 32.122002 -8.056000
c<I>r<426>R<GLN> 1.931000 33.459999 -8.925000
c<I>r<428>R<VAL> -3.214000 36.681999 -10.295000
c<I>r<449>R<LYS> 9.451000 28.752001 -16.506001
c<I>r<450>R<PRO> 7.050000 26.103001 -15.112000
c<I>r<451>R<GLY> 7.557000 27.250000 -11.486000
c<I>r<452>R<LEU> 5.190000 30.155001 -12.127000
