c<E>r<1>R<LYS> 15.147000 24.000000 -9.839000
c<E>r<2>R<GLU> 12.222000 23.278000 -7.520000
c<E>r<3>R<THR> 8.768000 22.253000 -8.579000
c<E>r<4>R<ALA> 6.047000 23.629000 -6.302000
c<E>r<5>R<ALA> 5.825000 20.204000 -4.630000
c<E>r<6>R<ALA> 9.589000 20.100000 -4.090000
c<E>r<7>R<LYS> 9.666000 23.594000 -2.670000
c<E>r<8>R<PHE> 6.911000 22.617001 -0.224000
c<E>r<9>R<GLU> 9.072000 19.747000 0.949000
c<E>r<10>R<ARG> 12.099000 22.049999 1.460000
c<E>r<11>R<GLN> 10.162000 24.773001 3.217000
c<E>r<12>R<HIS> 7.712000 22.723000 5.269000
c<E>r<23>R<SER> 14.402000 25.379000 21.448000
c<E>r<24>R<ASN> 17.152000 25.995001 18.881001
c<E>r<28>R<GLN> 18.955000 26.156000 12.792000
c<E>r<29>R<MET> 16.253000 25.087000 10.321000
c<E>r<31>R<LYS> 18.906000 28.830999 7.932000
c<E>r<32>R<SER> 19.415001 25.256001 6.684000
c<E>r<33>R<ARG> 16.250000 25.245001 4.617000
c<E>r<34>R<ASN> 17.320999 28.416000 2.801000
c<E>r<35>R<LEU> 14.603000 30.622999 4.268000
c<E>r<36>R<THR> 16.978001 33.348000 5.437000
c<E>r<37>R<LYS> 19.075001 33.957001 2.278000
c<E>r<38>R<ASP> 17.782000 37.299999 1.186000
c<E>r<39>R<ARG> 15.638000 38.268002 4.186000
c<E>r<40>R<CYS> 14.446000 36.804001 7.479000
c<E>r<41>R<LYS> 11.195000 35.046001 6.559000
c<E>r<42>R<PRO> 8.952000 36.063000 9.486000
c<E>r<43>R<VAL> 6.891000 32.908001 9.952000
c<E>r<44>R<ASN> 7.217000 29.326000 8.750000
c<E>r<45>R<THR> 5.803000 25.993999 9.827000
c<E>r<65>R<CYS> -7.411000 29.083000 1.390000
c<E>r<66>R<LYS> -6.137000 32.014999 3.447000
c<E>r<68>R<GLY> -5.512000 31.242001 -2.860000
c<E>r<69>R<GLN> -8.760000 29.811001 -4.145000
c<E>r<87>R<THR> 11.633000 37.389000 17.441000
c<E>r<88>R<GLY> 11.579000 41.146999 17.951000
c<E>r<89>R<SER> 15.308000 41.592999 18.305000
c<E>r<90>R<SER> 16.013000 39.717999 15.049000
c<E>r<91>R<LYS> 17.381001 41.676998 12.095000
c<E>r<109>R<ALA> -3.020000 23.955999 -0.772000
c<E>r<111>R<GLU> -2.301000 21.202000 -7.123000
c<E>r<112>R<GLY> -1.235000 19.118999 -10.079000
c<E>r<117>R<PRO> 0.690000 19.705000 -1.425000
c<E>r<118>R<VAL> 2.211000 22.924000 -2.750000
c<E>r<119>R<HIS> 1.611000 25.482000 0.018000
c<E>r<120>R<PHE> 1.301000 25.400999 3.810000
c<E>r<121>R<ASP> -1.785000 27.530001 4.388000
c<I>r<6>R<HIS> 27.014000 23.530001 9.056000
c<I>r<7>R<CYS> 24.590000 20.624001 9.762000
c<I>r<31>R<ASP> 28.309999 24.754999 13.526000
c<I>r<32>R<ASP> 25.875999 21.941000 14.397000
c<I>r<60>R<THR> 25.384001 23.554001 18.650999
c<I>r<89>R<ASN> 25.051001 25.753000 23.094999
c<I>r<117>R<ASP> 22.254999 28.708000 25.441000
c<I>r<173>R<SER> 18.542999 38.553001 26.872000
c<I>r<200>R<ARG> 20.457001 43.985001 25.115000
c<I>r<201>R<LEU> 17.812000 43.172001 27.746000
c<I>r<202>R<GLU> 15.324000 41.082001 25.790001
c<I>r<203>R<ASN> 12.708000 39.007999 27.635000
c<I>r<227>R<LEU> 19.399000 49.431000 22.974001
c<I>r<228>R<ASP> 17.322001 46.265999 22.773001
c<I>r<229>R<LEU> 14.406000 45.967999 25.250999
c<I>r<230>R<GLY> 11.921000 43.877998 23.322001
c<I>r<231>R<SER> 9.594000 41.269001 24.743999
c<I>r<256>R<LEU> 16.038000 51.347000 19.561001
c<I>r<257>R<TRP> 14.423000 47.943001 19.712000
c<I>r<258>R<LEU> 11.021000 48.027000 21.386000
c<I>r<259>R<TRP> 9.264000 45.000999 19.848000
c<I>r<260>R<GLU> 6.434000 43.182999 21.707001
c<I>r<261>R<CYS> 6.551000 45.801998 24.462999
c<I>r<285>R<SER> 11.491000 48.391998 15.629000
c<I>r<286>R<LEU> 8.009000 48.523998 17.013000
c<I>r<287>R<ALA> 6.932000 45.188000 15.602000
c<I>r<288>R<GLY> 4.474000 43.080002 17.603001
c<I>r<314>R<TRP> 9.756000 47.894001 11.635000
c<I>r<316>R<LYS> 5.547000 43.922001 11.618000
c<I>r<317>R<SER> 2.486000 42.283001 13.199000
c<I>r<344>R<SER> 4.900000 42.091000 7.177000
c<I>r<345>R<SER> 2.215000 40.081001 8.984000
c<I>r<371>R<CYS> 8.779000 44.016998 3.139000
c<I>r<373>R<GLY> 5.431000 39.041000 3.849000
c<I>r<374>R<ASP> 2.085000 37.648998 5.113000
c<I>r<376>R<GLU> -2.662000 38.640999 2.148000
c<I>r<377>R<VAL> -1.438000 39.551998 -1.292000
c<I>r<378>R<THR> -3.129000 37.376999 -3.928000
c<I>r<379>R<ASN> -2.293000 36.800999 -7.566000
c<I>r<397>R<GLU> 14.980000 44.314999 -2.034000
c<I>r<398>R<LEU> 11.294000 43.325001 -2.086000
c<I>r<399>R<ASP> 10.019000 40.606998 0.250000
c<I>r<400>R<LEU> 6.756000 38.911999 -0.710000
c<I>r<401>R<SER> 7.138000 35.848000 1.457000
c<I>r<402>R<ASN> 4.166000 33.834999 2.656000
c<I>r<403>R<ASN> 1.318000 35.441002 0.735000
c<I>r<404>R<CYS> -1.497000 33.970001 -1.312000
c<I>r<405>R<VAL> 0.571000 33.688000 -4.413000
c<I>r<406>R<GLY> 0.774000 30.888000 -6.941000
c<I>r<407>R<ASP> 2.204000 30.457001 -10.442000
c<I>r<425>R<GLU> 18.475000 43.183998 -6.661000
c<I>r<426>R<GLN> 16.483999 40.738998 -4.597000
c<I>r<427>R<LEU> 12.962000 39.294998 -4.654000
c<I>r<428>R<VAL> 12.303000 37.306999 -1.520000
c<I>r<429>R<LEU> 9.782000 34.542000 -1.859000
c<I>r<430>R<TYR> 9.991000 32.109001 1.054000
c<I>r<431>R<ASP> 7.002000 29.879999 1.748000
c<I>r<432>R<THR> 5.764000 30.288000 -1.811000
c<I>r<433>R<TYR> 5.454000 27.400000 -4.240000
c<I>r<434>R<TRP> 5.222000 26.823999 -7.951000
c<I>r<435>R<THR> 5.050000 24.201000 -10.651000
c<I>r<436>R<GLU> 8.062000 22.777000 -12.452000
c<I>r<437>R<GLU> 7.284000 25.087000 -15.365000
c<I>r<438>R<VAL> 7.576000 28.329000 -13.372000
c<I>r<439>R<GLU> 10.791000 27.080999 -11.795000
c<I>r<440>R<ASP> 12.383000 26.393000 -15.190000
c<I>r<441>R<ARG> 11.391000 29.886999 -16.287001
c<I>r<442>R<LEU> 12.968000 31.086000 -13.008000
c<I>r<443>R<GLN> 16.283001 29.266001 -13.332000
c<I>r<444>R<ALA> 16.528999 30.870001 -16.763000
c<I>r<453>R<ARG> 18.594000 36.743999 -6.919000
c<I>r<454>R<VAL> 15.120000 35.386002 -6.352000
c<I>r<455>R<ILE> 15.373000 33.941002 -2.822000
c<I>r<456>R<SER> 13.141000 31.111000 -1.607000
