c<E>r<1>R<LYS> 15.147000 24.000000 -9.839000
c<E>r<2>R<GLU> 12.222000 23.278000 -7.520000
c<E>r<3>R<THR> 8.768000 22.253000 -8.579000
c<E>r<6>R<ALA> 9.589000 20.100000 -4.090000
c<E>r<17>R<THR> 12.431000 14.311000 13.955000
c<E>r<18>R<SER> 9.145000 13.617000 15.730000
c<E>r<19>R<ALA> 8.825000 17.212000 16.974001
c<E>r<20>R<ALA> 11.087000 20.240000 17.215000
c<E>r<21>R<SER> 14.275000 18.761000 18.657000
c<E>r<27>R<ASN> 17.136000 29.038000 14.495000
c<E>r<28>R<GLN> 18.955000 26.156000 12.792000
c<E>r<29>R<MET> 16.253000 25.087000 10.321000
c<E>r<30>R<MET> 15.258000 28.486000 8.969000
c<E>r<31>R<LYS> 18.906000 28.830999 7.932000
c<E>r<32>R<SER> 19.415001 25.256001 6.684000
c<E>r<33>R<ARG> 16.250000 25.245001 4.617000
c<E>r<34>R<ASN> 17.320999 28.416000 2.801000
c<E>r<35>R<LEU> 14.603000 30.622999 4.268000
c<E>r<36>R<THR> 16.978001 33.348000 5.437000
c<E>r<37>R<LYS> 19.075001 33.957001 2.278000
c<E>r<52>R<ALA> 2.588000 10.114000 2.509000
c<E>r<53>R<ASP> 0.436000 11.237000 5.424000
c<E>r<55>R<GLN> -0.057000 14.044000 0.694000
c<E>r<56>R<ALA> -3.285000 12.342000 1.778000
c<E>r<59>R<SER> -8.225000 14.299000 -0.190000
c<E>r<60>R<GLN> -9.538000 15.338000 3.248000
c<E>r<75>R<SER> -6.313000 17.184000 7.849000
c<E>r<76>R<TYR> -8.710000 14.891000 9.698000
c<E>r<77>R<SER> -5.980000 13.911000 12.171000
c<E>r<78>R<THR> -3.741000 16.329000 14.008000
c<E>r<79>R<MET> -0.101000 16.427000 13.053000
c<E>r<80>R<SER> 3.101000 17.224001 14.871000
c<E>r<81>R<ILE> 4.236000 20.669001 13.673000
c<E>r<82>R<THR> 6.643000 23.385000 14.660000
c<E>r<83>R<ASP> 5.789000 27.063999 14.377000
c<E>r<99>R<THR> 10.327000 27.565001 18.278999
c<E>r<100>R<THR> 6.838000 26.441000 19.351999
c<E>r<101>R<GLN> 5.823000 22.778999 19.257000
c<E>r<102>R<ALA> 2.212000 22.055000 18.367001
c<E>r<103>R<ASN> -0.183000 19.229000 17.452999
c<E>r<104>R<LYS> -2.811000 20.688000 15.124000
c<E>r<105>R<HIS> -4.832000 20.006001 12.023000
c<E>r<112>R<GLY> -1.235000 19.118999 -10.079000
c<E>r<113>R<ASN> -1.483000 15.523000 -11.423000
c<E>r<114>R<PRO> -0.561000 13.973000 -9.223000
c<E>r<115>R<TYR> -2.506000 16.188000 -6.837000
c<E>r<116>R<VAL> -0.070000 17.049000 -4.050000
c<I>r<1>R<MET> 3.694000 21.558001 22.400000
c<I>r<2>R<ASN> 5.034000 18.087000 21.617001
c<I>r<3>R<LEU> 6.828000 16.068001 24.257999
c<I>r<4>R<ASP> 8.920000 13.362000 22.566999
c<I>r<5>R<ILE> 11.363000 11.140000 24.466000
c<I>r<6>R<HIS> 13.565000 8.552000 22.723000
c<I>r<25>R<TYR> 0.992000 18.570999 25.888000
c<I>r<26>R<GLU> -0.877000 18.028999 22.618000
c<I>r<27>R<VAL> 1.661000 15.483000 21.413000
c<I>r<28>R<VAL> 3.196000 12.844000 23.638000
c<I>r<29>R<ARG> 5.728000 10.491000 22.236000
c<I>r<31>R<ASP> 9.439000 6.159000 22.083000
c<I>r<52>R<SER> -5.844000 18.761999 24.599001
c<I>r<53>R<LEU> -4.055000 15.555000 23.535000
c<I>r<54>R<THR> -4.348000 15.004000 19.808001
c<I>r<55>R<GLU> -1.724000 12.281000 19.575001
c<I>r<81>R<LYS> -10.211000 14.560000 20.818001
c<I>r<82>R<ILE> -7.272000 12.277000 20.076000
c<I>r<83>R<GLN> -6.585000 11.738000 16.386000
c<I>r<84>R<LYS> -3.401000 9.725000 16.052000
c<I>r<109>R<THR> -12.108000 11.579000 16.871000
c<I>r<110>R<LEU> -9.575000 8.933000 15.845000
c<I>r<111>R<ARG> -8.163000 9.228000 12.321000
c<I>r<112>R<GLU> -5.091000 6.957000 12.099000
c<I>r<138>R<HIS> -14.082000 7.126000 11.058000
c<I>r<139>R<LEU> -10.629000 5.535000 10.790000
c<I>r<140>R<GLU> -8.717000 6.792000 7.761000
c<I>r<141>R<LYS> -5.243000 5.261000 8.229000
c<I>r<166>R<ALA> -13.401000 6.563000 5.273000
c<I>r<168>R<LYS> -7.591000 6.112000 2.880000
c<I>r<169>R<GLU> -4.500000 4.148000 3.845000
c<I>r<195>R<GLN> -11.520000 6.037000 -2.101000
c<I>r<196>R<LEU> -8.319000 4.327000 -0.930000
c<I>r<197>R<GLU> -5.091000 6.216000 -1.568000
c<I>r<198>R<THR> -2.194000 4.313000 -0.050000
c<I>r<223>R<SER> -8.125000 7.545000 -5.912000
c<I>r<225>R<ARG> -1.720000 7.525000 -5.129000
c<I>r<226>R<GLU> 0.976000 5.302000 -3.686000
c<I>r<252>R<ARG> -3.215000 8.651000 -11.230000
c<I>r<253>R<LEU> -0.632000 6.469000 -9.475000
c<I>r<254>R<LYS> 2.149000 8.765000 -8.251000
c<I>r<255>R<THR> 4.419000 6.584000 -6.173000
c<I>r<278>R<LYS> 2.097000 8.469000 -17.459000
c<I>r<279>R<GLU> 2.782000 12.098000 -16.684000
c<I>r<280>R<THR> 1.546000 11.544000 -13.100000
c<I>r<281>R<LEU> 3.805000 8.665000 -12.015000
c<I>r<282>R<LYS> 6.477000 10.653000 -10.190000
c<I>r<311>R<GLU> 10.992000 13.007000 -10.298000
c<I>r<336>R<LYS> 14.756000 18.823000 -16.551001
c<I>r<337>R<HIS> 12.426000 16.811001 -14.295000
c<I>r<339>R<LEU> 15.257000 15.880000 -9.095000
c<I>r<364>R<GLY> 21.254000 24.079000 -16.778999
c<I>r<365>R<THR> 21.202000 20.816999 -14.867000
c<I>r<366>R<THR> 18.320000 20.084000 -12.579000
c<I>r<367>R<LEU> 19.329000 17.091000 -10.422000
c<I>r<368>R<ARG> 18.826000 18.188000 -6.793000
c<I>r<393>R<ARG> 24.537001 24.909000 -9.114000
c<I>r<394>R<SER> 21.576000 22.490999 -8.897000
c<I>r<395>R<LEU> 22.572001 20.122000 -6.083000
c<I>r<396>R<ARG> 21.281000 20.452000 -2.561000
c<I>r<423>R<ALA> 25.131001 25.878000 -2.296000
c<I>r<425>R<GLU> 22.729000 22.238001 1.868000
c<I>r<426>R<GLN> 23.664000 18.785999 3.057000
c<I>r<449>R<LYS> 28.052999 28.764999 7.224000
c<I>r<450>R<PRO> 24.997000 27.641001 9.257000
c<I>r<451>R<GLY> 22.898001 26.961000 6.117000
c<I>r<452>R<LEU> 24.750000 23.674000 5.653000
c<I>r<453>R<ARG> 24.993999 20.504000 7.649000
