c<E>r<1>R<LYS> 15.147000 24.000000 -9.839000
c<E>r<2>R<GLU> 12.222000 23.278000 -7.520000
c<E>r<3>R<THR> 8.768000 22.253000 -8.579000
c<E>r<4>R<ALA> 6.047000 23.629000 -6.302000
c<E>r<5>R<ALA> 5.825000 20.204000 -4.630000
c<E>r<6>R<ALA> 9.589000 20.100000 -4.090000
c<E>r<7>R<LYS> 9.666000 23.594000 -2.670000
c<E>r<8>R<PHE> 6.911000 22.617001 -0.224000
c<E>r<9>R<GLU> 9.072000 19.747000 0.949000
c<E>r<10>R<ARG> 12.099000 22.049999 1.460000
c<E>r<11>R<GLN> 10.162000 24.773001 3.217000
c<E>r<12>R<HIS> 7.712000 22.723000 5.269000
c<E>r<13>R<MET> 8.595000 19.023001 5.716000
c<E>r<14>R<ASP> 10.880000 17.549999 8.340000
c<E>r<15>R<SER> 10.083000 13.894000 8.838000
c<E>r<16>R<SER> 13.522000 13.327000 10.412000
c<E>r<17>R<THR> 12.431000 14.311000 13.955000
c<E>r<25>R<TYR> 15.318000 24.084999 16.129000
c<E>r<28>R<GLN> 18.955000 26.156000 12.792000
c<E>r<29>R<MET> 16.253000 25.087000 10.321000
c<E>r<30>R<MET> 15.258000 28.486000 8.969000
c<E>r<31>R<LYS> 18.906000 28.830999 7.932000
c<E>r<32>R<SER> 19.415001 25.256001 6.684000
c<E>r<33>R<ARG> 16.250000 25.245001 4.617000
c<E>r<34>R<ASN> 17.320999 28.416000 2.801000
c<E>r<35>R<LEU> 14.603000 30.622999 4.268000
c<E>r<37>R<LYS> 19.075001 33.957001 2.278000
c<E>r<50>R<SER> 5.611000 11.206000 6.672000
c<E>r<51>R<LEU> 5.231000 12.835000 3.317000
c<E>r<52>R<ALA> 2.588000 10.114000 2.509000
c<E>r<53>R<ASP> 0.436000 11.237000 5.424000
c<E>r<54>R<VAL> 0.728000 14.896000 4.321000
c<E>r<55>R<GLN> -0.057000 14.044000 0.694000
c<E>r<56>R<ALA> -3.285000 12.342000 1.778000
c<E>r<112>R<GLY> -1.235000 19.118999 -10.079000
c<E>r<113>R<ASN> -1.483000 15.523000 -11.423000
c<E>r<114>R<PRO> -0.561000 13.973000 -9.223000
c<E>r<115>R<TYR> -2.506000 16.188000 -6.837000
c<E>r<116>R<VAL> -0.070000 17.049000 -4.050000
c<E>r<118>R<VAL> 2.211000 22.924000 -2.750000
c<I>r<93>R<THR> 26.992001 23.156000 12.123000
c<I>r<94>R<GLU> 27.313000 25.392000 9.031000
c<I>r<117>R<ASP> 22.870001 13.624000 11.561000
c<I>r<119>R<PRO> 22.743000 20.101000 10.791000
c<I>r<120>R<LEU> 24.929001 21.301001 7.930000
c<I>r<121>R<GLY> 22.023001 23.136999 6.377000
c<I>r<122>R<ASP> 22.028000 24.202000 2.766000
c<I>r<123>R<ALA> 24.705000 26.686001 3.795000
c<I>r<124>R<GLY> 26.981001 23.921000 5.038000
c<I>r<125>R<LEU> 26.400000 21.723000 2.000000
c<I>r<145>R<GLU> 21.452999 11.726000 5.848000
c<I>r<146>R<TYR> 19.393000 13.938000 8.187000
c<I>r<147>R<CYS> 21.405001 17.072001 7.317000
c<I>r<148>R<ARG> 18.659000 19.677000 7.395000
c<I>r<149>R<LEU> 19.181999 20.249001 3.649000
c<I>r<150>R<THR> 16.274000 21.337000 1.471000
c<I>r<151>R<ALA> 15.615000 21.874001 -2.220000
c<I>r<152>R<ALA> 18.360001 24.539000 -2.274000
c<I>r<153>R<SER> 21.009001 21.868999 -1.694000
c<I>r<154>R<CYS> 20.039000 19.965000 -4.838000
c<I>r<155>R<GLU> 21.591999 22.454000 -7.294000
c<I>r<173>R<SER> 17.899000 10.146000 2.845000
c<I>r<174>R<ASN> 15.877000 12.005000 5.474000
c<I>r<175>R<ASN> 16.337999 15.459000 3.979000
c<I>r<176>R<ASP> 13.270000 17.245001 2.690000
c<I>r<177>R<ILE> 14.499000 17.987000 -0.839000
c<I>r<178>R<GLY> 10.920000 17.799000 -2.125000
c<I>r<179>R<GLU> 9.565000 17.052000 -5.601000
c<I>r<180>R<ALA> 11.255000 20.117001 -7.047000
c<I>r<181>R<GLY> 14.620000 19.318001 -5.480000
c<I>r<182>R<ALA> 14.600000 15.651000 -6.432000
c<I>r<183>R<ARG> 13.803000 16.813999 -9.978000
c<I>r<184>R<VAL> 16.924000 18.989000 -9.941000
c<I>r<185>R<LEU> 19.080999 16.340000 -8.292000
c<I>r<187>R<GLN> 18.431000 16.021000 -13.595000
c<I>r<203>R<ASN> 12.009000 9.939000 3.162000
c<I>r<204>R<CYS> 12.817000 12.862000 0.894000
c<I>r<205>R<GLY> 9.202000 13.552000 0.064000
c<I>r<206>R<LEU> 9.332000 12.185000 -3.479000
c<I>r<207>R<THR> 6.055000 12.045000 -5.405000
c<I>r<208>R<PRO> 4.805000 9.993000 -8.400000
c<I>r<209>R<ALA> 6.025000 12.790000 -10.686000
c<I>r<210>R<ASN> 9.630000 12.113000 -9.635000
c<I>r<231>R<SER> 9.248000 6.006000 2.902000
c<I>r<232>R<ASN> 8.126000 8.055000 -0.074000
c<I>r<233>R<GLY> 4.509000 8.360000 -1.196000
c<I>r<234>R<LEU> 4.943000 7.082000 -4.741000
c<I>r<235>R<GLY> 1.954000 4.772000 -4.719000
c<I>r<237>R<ALA> 0.939000 5.324000 -9.854000
c<I>r<238>R<GLY> 4.633000 5.970000 -9.298000
c<I>r<260>R<GLU> 6.506000 2.089000 3.019000
c<I>r<261>R<CYS> 5.828000 3.411000 -0.483000
c<I>r<262>R<ASP> 2.027000 3.353000 -0.346000
