c<E>r<1>R<LYS> 15.147000 24.000000 -9.839000
c<E>r<2>R<GLU> 12.222000 23.278000 -7.520000
c<E>r<5>R<ALA> 5.825000 20.204000 -4.630000
c<E>r<6>R<ALA> 9.589000 20.100000 -4.090000
c<E>r<7>R<LYS> 9.666000 23.594000 -2.670000
c<E>r<8>R<PHE> 6.911000 22.617001 -0.224000
c<E>r<9>R<GLU> 9.072000 19.747000 0.949000
c<E>r<10>R<ARG> 12.099000 22.049999 1.460000
c<E>r<11>R<GLN> 10.162000 24.773001 3.217000
c<E>r<12>R<HIS> 7.712000 22.723000 5.269000
c<E>r<13>R<MET> 8.595000 19.023001 5.716000
c<E>r<14>R<ASP> 10.880000 17.549999 8.340000
c<E>r<15>R<SER> 10.083000 13.894000 8.838000
c<E>r<16>R<SER> 13.522000 13.327000 10.412000
c<E>r<17>R<THR> 12.431000 14.311000 13.955000
c<E>r<18>R<SER> 9.145000 13.617000 15.730000
c<E>r<21>R<SER> 14.275000 18.761000 18.657000
c<E>r<25>R<TYR> 15.318000 24.084999 16.129000
c<E>r<27>R<ASN> 17.136000 29.038000 14.495000
c<E>r<28>R<GLN> 18.955000 26.156000 12.792000
c<E>r<29>R<MET> 16.253000 25.087000 10.321000
c<E>r<30>R<MET> 15.258000 28.486000 8.969000
c<E>r<31>R<LYS> 18.906000 28.830999 7.932000
c<E>r<32>R<SER> 19.415001 25.256001 6.684000
c<E>r<33>R<ARG> 16.250000 25.245001 4.617000
c<E>r<34>R<ASN> 17.320999 28.416000 2.801000
c<E>r<35>R<LEU> 14.603000 30.622999 4.268000
c<E>r<36>R<THR> 16.978001 33.348000 5.437000
c<E>r<37>R<LYS> 19.075001 33.957001 2.278000
c<E>r<38>R<ASP> 17.782000 37.299999 1.186000
c<E>r<48>R<HIS> 6.994000 16.252001 11.447000
c<E>r<49>R<GLU> 5.097000 13.562000 9.572000
c<E>r<50>R<SER> 5.611000 11.206000 6.672000
c<E>r<51>R<LEU> 5.231000 12.835000 3.317000
c<E>r<52>R<ALA> 2.588000 10.114000 2.509000
c<E>r<53>R<ASP> 0.436000 11.237000 5.424000
c<E>r<55>R<GLN> -0.057000 14.044000 0.694000
c<E>r<114>R<PRO> -0.561000 13.973000 -9.223000
c<I>r<91>R<SER> 4.517000 6.106000 -10.860000
c<I>r<119>R<PRO> 6.610000 8.092000 -4.779000
c<I>r<120>R<LEU> 8.062000 5.002000 -3.120000
c<I>r<121>R<GLY> 7.489000 6.476000 0.304000
c<I>r<122>R<ASP> 9.278000 5.195000 3.358000
c<I>r<123>R<ALA> 7.164000 2.073000 2.942000
c<I>r<146>R<TYR> 12.318000 12.913000 -5.178000
c<I>r<147>R<CYS> 10.996000 9.672000 -3.638000
c<I>r<148>R<ARG> 8.761000 11.080000 -0.926000
c<I>r<149>R<LEU> 11.057000 9.506000 1.697000
c<I>r<150>R<THR> 11.446000 11.133000 5.100000
c<I>r<151>R<ALA> 13.575000 10.634000 8.192000
c<I>r<152>R<ALA> 12.103000 7.123000 8.581000
c<I>r<153>R<SER> 13.911000 5.982000 5.432000
c<I>r<154>R<CYS> 17.323999 6.863000 6.853000
c<I>r<174>R<ASN> 15.120000 16.163000 -2.930000
c<I>r<175>R<ASN> 13.810000 14.019000 -0.089000
c<I>r<176>R<ASP> 13.066000 15.719000 3.201000
c<I>r<177>R<ILE> 15.183000 13.502000 5.464000
c<I>r<178>R<GLY> 15.753000 16.445000 7.813000
c<I>r<179>R<GLU> 18.539000 17.125999 10.312000
c<I>r<180>R<ALA> 17.627001 14.062000 12.343000
c<I>r<181>R<GLY> 17.524000 11.771000 9.316000
c<I>r<182>R<ALA> 20.757999 13.032000 7.798000
c<I>r<183>R<ARG> 22.329000 12.438000 11.225000
c<I>r<184>R<VAL> 21.186001 8.812000 11.094000
c<I>r<203>R<ASN> 17.687000 19.870001 -0.873000
c<I>r<204>R<CYS> 17.337000 17.452000 2.020000
c<I>r<205>R<GLY> 16.966999 20.181000 4.597000
c<I>r<206>R<LEU> 20.427999 19.780001 6.112000
c<I>r<207>R<THR> 21.452000 22.285000 8.784000
c<I>r<208>R<PRO> 24.829000 23.509001 10.142000
c<I>r<209>R<ALA> 24.632999 20.771000 12.789000
c<I>r<210>R<ASN> 24.839001 18.094999 10.075000
c<I>r<231>R<SER> 20.264999 23.829000 -1.792000
c<I>r<232>R<ASN> 20.773001 23.302000 1.919000
c<I>r<233>R<GLY> 20.878000 26.118999 4.467000
c<I>r<234>R<LEU> 24.316999 25.413000 5.901000
c<I>r<235>R<GLY> 25.531000 28.989000 5.853000
c<I>r<237>R<ALA> 28.617001 28.458000 10.083000
c<I>r<238>R<GLY> 28.254000 25.059000 8.445000
c<I>r<260>R<GLU> 22.570000 27.851999 -2.964000
c<I>r<261>R<CYS> 24.014000 27.100000 0.473000
c<I>r<262>R<ASP> 23.465000 30.521999 2.042000
c<I>r<263>R<ILE> 27.223000 31.093000 2.051000
c<I>r<264>R<THR> 28.702000 34.636002 1.872000
c<I>r<289>R<ASN> 25.438000 32.042999 -3.036000
c<I>r<290>R<LYS> 25.426001 35.779999 -2.388000
