c<E>r<1>R<LYS> 15.147000 24.000000 -9.839000
c<E>r<2>R<GLU> 12.222000 23.278000 -7.520000
c<E>r<3>R<THR> 8.768000 22.253000 -8.579000
c<E>r<5>R<ALA> 5.825000 20.204000 -4.630000
c<E>r<6>R<ALA> 9.589000 20.100000 -4.090000
c<E>r<7>R<LYS> 9.666000 23.594000 -2.670000
c<E>r<8>R<PHE> 6.911000 22.617001 -0.224000
c<E>r<9>R<GLU> 9.072000 19.747000 0.949000
c<E>r<10>R<ARG> 12.099000 22.049999 1.460000
c<E>r<11>R<GLN> 10.162000 24.773001 3.217000
c<E>r<12>R<HIS> 7.712000 22.723000 5.269000
c<E>r<13>R<MET> 8.595000 19.023001 5.716000
c<E>r<14>R<ASP> 10.880000 17.549999 8.340000
c<E>r<15>R<SER> 10.083000 13.894000 8.838000
c<E>r<16>R<SER> 13.522000 13.327000 10.412000
c<E>r<17>R<THR> 12.431000 14.311000 13.955000
c<E>r<28>R<GLN> 18.955000 26.156000 12.792000
c<E>r<29>R<MET> 16.253000 25.087000 10.321000
c<E>r<31>R<LYS> 18.906000 28.830999 7.932000
c<E>r<32>R<SER> 19.415001 25.256001 6.684000
c<E>r<33>R<ARG> 16.250000 25.245001 4.617000
c<E>r<34>R<ASN> 17.320999 28.416000 2.801000
c<E>r<49>R<GLU> 5.097000 13.562000 9.572000
c<E>r<50>R<SER> 5.611000 11.206000 6.672000
c<E>r<51>R<LEU> 5.231000 12.835000 3.317000
c<E>r<52>R<ALA> 2.588000 10.114000 2.509000
c<E>r<53>R<ASP> 0.436000 11.237000 5.424000
c<E>r<54>R<VAL> 0.728000 14.896000 4.321000
c<E>r<55>R<GLN> -0.057000 14.044000 0.694000
c<E>r<56>R<ALA> -3.285000 12.342000 1.778000
c<E>r<112>R<GLY> -1.235000 19.118999 -10.079000
c<E>r<113>R<ASN> -1.483000 15.523000 -11.423000
c<E>r<114>R<PRO> -0.561000 13.973000 -9.223000
c<E>r<115>R<TYR> -2.506000 16.188000 -6.837000
c<E>r<116>R<VAL> -0.070000 17.049000 -4.050000
c<E>r<117>R<PRO> 0.690000 19.705000 -1.425000
c<I>r<176>R<ASP> 0.363000 14.292000 -19.533001
c<I>r<177>R<ILE> -0.940000 10.728000 -19.868000
c<I>r<178>R<GLY> -2.474000 10.962000 -16.389999
c<I>r<179>R<GLU> -3.391000 8.244000 -13.891000
c<I>r<203>R<ASN> 6.470000 14.085000 -15.307000
c<I>r<204>R<CYS> 3.490000 12.168000 -16.643000
c<I>r<205>R<GLY> 1.314000 12.965000 -13.666000
c<I>r<206>R<LEU> 1.459000 9.498000 -12.118000
c<I>r<207>R<THR> -0.205000 9.041000 -8.729000
c<I>r<208>R<PRO> 0.211000 6.513000 -5.869000
c<I>r<209>R<ALA> -2.514000 4.396000 -7.489000
c<I>r<231>R<SER> 8.842000 14.338000 -11.127000
c<I>r<232>R<ASN> 5.709000 12.414000 -10.235000
c<I>r<233>R<GLY> 3.779000 12.888000 -6.997000
c<I>r<234>R<LEU> 3.956000 9.313000 -5.743000
c<I>r<235>R<GLY> 4.908000 10.164000 -2.188000
c<I>r<236>R<ASP> 5.816000 7.695000 0.529000
c<I>r<237>R<ALA> 2.457000 6.013000 -0.076000
c<I>r<238>R<GLY> 3.403000 5.144000 -3.642000
c<I>r<239>R<ILE> 6.862000 4.036000 -2.636000
c<I>r<240>R<ALA> 5.434000 1.565000 -0.153000
c<I>r<259>R<TRP> 13.819000 12.216000 -8.173000
c<I>r<260>R<GLU> 11.324000 14.927000 -7.082000
c<I>r<261>R<CYS> 8.827000 12.238000 -6.080000
c<I>r<262>R<ASP> 7.541000 13.867000 -2.892000
c<I>r<263>R<ILE> 9.260000 11.163000 -0.846000
c<I>r<264>R<THR> 10.441000 11.831000 2.750000
c<I>r<265>R<ALA> 12.255000 9.972000 5.509000
c<I>r<266>R<SER> 9.104000 7.893000 6.124000
c<I>r<267>R<GLY> 9.399000 6.657000 2.571000
c<I>r<268>R<CYS> 13.128000 6.272000 2.643000
c<I>r<288>R<GLY> 14.949000 16.728001 -5.005000
c<I>r<289>R<ASN> 13.094000 14.781000 -2.323000
c<I>r<290>R<LYS> 12.898000 16.452000 1.075000
c<I>r<291>R<LEU> 14.641000 13.563000 2.813000
c<I>r<292>R<GLY> 16.465000 15.617000 5.408000
c<I>r<293>R<ASP> 19.266001 14.493000 7.708000
c<I>r<294>R<GLU> 17.041000 11.791000 9.158000
c<I>r<295>R<GLY> 16.813999 10.291000 5.695000
c<I>r<296>R<ALA> 20.479000 10.664000 4.988000
c<I>r<297>R<ARG> 21.049999 8.661000 8.145000
c<I>r<298>R<LEU> 18.767000 5.887000 7.035000
c<I>r<317>R<SER> 18.813999 19.170000 -3.250000
c<I>r<318>R<CYS> 17.518000 16.945999 -0.470000
c<I>r<319>R<SER> 17.548000 19.423000 2.448000
c<I>r<320>R<LEU> 20.599001 17.893000 3.990000
c<I>r<321>R<THR> 22.672001 19.983999 6.396000
c<I>r<322>R<ALA> 26.179001 19.635000 7.777000
c<I>r<323>R<ALA> 24.485001 17.607000 10.576000
c<I>r<345>R<SER> 22.736000 21.834000 -3.710000
c<I>r<346>R<ASN> 22.841999 20.983999 -0.046000
c<I>r<347>R<LYS> 23.879999 23.243000 2.820000
c<I>r<348>R<LEU> 27.000000 21.353001 3.948000
