c<E>r<16>R<SER> 13.522000 13.327000 10.412000
c<E>r<17>R<THR> 12.431000 14.311000 13.955000
c<E>r<18>R<SER> 9.145000 13.617000 15.730000
c<E>r<19>R<ALA> 8.825000 17.212000 16.974001
c<E>r<20>R<ALA> 11.087000 20.240000 17.215000
c<E>r<21>R<SER> 14.275000 18.761000 18.657000
c<E>r<22>R<SER> 14.967000 21.658001 21.058001
c<E>r<28>R<GLN> 18.955000 26.156000 12.792000
c<E>r<31>R<LYS> 18.906000 28.830999 7.932000
c<E>r<32>R<SER> 19.415001 25.256001 6.684000
c<E>r<34>R<ASN> 17.320999 28.416000 2.801000
c<E>r<35>R<LEU> 14.603000 30.622999 4.268000
c<E>r<36>R<THR> 16.978001 33.348000 5.437000
c<E>r<37>R<LYS> 19.075001 33.957001 2.278000
c<E>r<38>R<ASP> 17.782000 37.299999 1.186000
c<E>r<39>R<ARG> 15.638000 38.268002 4.186000
c<E>r<42>R<PRO> 8.952000 36.063000 9.486000
c<E>r<43>R<VAL> 6.891000 32.908001 9.952000
c<E>r<85>R<ARG> 8.205000 32.978001 14.355000
c<E>r<86>R<GLU> 10.763000 35.734001 14.143000
c<E>r<87>R<THR> 11.633000 37.389000 17.441000
c<E>r<88>R<GLY> 11.579000 41.146999 17.951000
c<E>r<89>R<SER> 15.308000 41.592999 18.305000
c<E>r<92>R<TYR> 18.777000 40.308998 8.828000
c<E>r<93>R<PRO> 21.278000 38.761002 8.451000
c<E>r<94>R<ASN> 20.893999 37.623001 12.135000
c<E>r<95>R<CYS> 17.559000 35.918999 11.886000
c<E>r<101>R<GLN> 5.823000 22.778999 19.257000
c<E>r<102>R<ALA> 2.212000 22.055000 18.367001
c<E>r<103>R<ASN> -0.183000 19.229000 17.452999
c<E>r<104>R<LYS> -2.811000 20.688000 15.124000
c<E>r<123>R<SER> -3.199000 25.180000 11.105000
c<E>r<124>R<VAL> -6.255000 24.875000 13.323000
c<I>r<1>R<MET> -0.453000 38.505001 10.346000
c<I>r<2>R<ASN> 1.452000 38.367001 13.634000
c<I>r<3>R<LEU> 2.000000 41.493999 15.681000
c<I>r<4>R<ASP> 4.909000 40.930000 18.084999
c<I>r<5>R<ILE> 6.396000 43.706001 20.228001
c<I>r<6>R<HIS> 9.414000 43.150002 22.502001
c<I>r<7>R<CYS> 10.997000 45.417999 25.179001
c<I>r<8>R<GLU> 9.758000 48.655998 23.608999
c<I>r<29>R<ARG> 2.563000 39.063000 21.174000
c<I>r<31>R<ASP> 6.342000 40.581001 25.171000
c<I>r<54>R<THR> -5.613000 32.266998 17.332001
c<I>r<81>R<LYS> -11.185000 30.375000 18.319000
c<I>r<82>R<ILE> -8.020000 31.056999 20.299000
c<I>r<83>R<GLN> -5.634000 28.118000 20.521999
c<I>r<84>R<LYS> -2.473000 29.282000 22.242001
c<I>r<109>R<THR> -10.691000 25.931000 21.160999
c<I>r<111>R<ARG> -4.854000 23.733000 22.862000
c<I>r<112>R<GLU> -1.818000 24.936001 24.855000
c<I>r<140>R<GLU> -2.952000 19.396999 25.010000
c<I>r<141>R<LYS> 0.037000 21.416000 26.284000
c<I>r<168>R<LYS> 0.392000 15.613000 25.254000
c<I>r<169>R<GLU> 2.857000 17.878000 27.024000
c<I>r<197>R<GLU> 4.656000 12.879000 24.636999
c<I>r<198>R<THR> 6.686000 15.541000 26.402000
c<I>r<225>R<ARG> 9.145000 11.367000 22.815001
c<I>r<226>R<GLU> 11.067000 13.860000 24.908001
c<I>r<254>R<LYS> 13.872000 10.474000 21.051001
c<I>r<255>R<THR> 15.118000 13.326000 23.181000
c<I>r<280>R<THR> 15.323000 5.982000 17.997999
c<I>r<282>R<LYS> 18.381001 10.856000 18.688999
c<I>r<283>R<GLU> 19.239000 13.683000 21.105000
c<I>r<312>R<SER> 22.881001 15.530000 18.672001
c<I>r<368>R<ARG> 26.841999 19.861000 10.435000
c<I>r<369>R<VAL> 26.919001 22.004000 13.597000
c<I>r<396>R<ARG> 26.778999 24.802999 8.281000
c<I>r<397>R<GLU> 26.892000 26.487000 11.699000
c<I>r<425>R<GLU> 25.790001 29.431000 6.697000
c<I>r<426>R<GLN> 26.414000 30.839001 10.136000
c<I>r<428>R<VAL> 28.436001 32.637001 15.740000
c<I>r<446>R<GLU> 27.466000 40.424999 4.616000
c<I>r<447>R<GLY> 26.711000 42.154999 1.311000
c<I>r<449>R<LYS> 27.274000 36.818001 0.150000
c<I>r<450>R<PRO> 23.757999 37.138000 1.657000
c<I>r<451>R<GLY> 23.455999 33.363998 2.283000
c<I>r<452>R<LEU> 25.642000 33.754002 5.370000
c<I>r<453>R<ARG> 25.253000 35.553001 8.641000
c<I>r<454>R<VAL> 27.962999 36.332001 11.147000
c<I>r<455>R<ILE> 26.014000 36.494999 14.432000
c<I>r<456>R<SER> 27.202999 38.534000 17.415001
