c<A>r<1>R<SER> -20.427000 8.497000 0.496000
c<A>r<2>R<LEU> -18.035000 5.808000 -0.223000
c<A>r<3>R<LYS> -17.240000 3.423000 2.614000
c<A>r<4>R<ILE> -14.057000 1.578000 3.329000
c<A>r<5>R<SER> -14.446000 -1.925000 1.993000
c<A>r<6>R<ASP> -13.881000 -5.195000 3.817000
c<A>r<7>R<ASN> -11.009000 -6.085000 1.541000
c<A>r<8>R<GLU> -7.590000 -6.273000 3.110000
c<A>r<9>R<TYR> -4.175000 -6.130000 1.611000
c<A>r<10>R<ALA> -0.587000 -6.694000 2.486000
c<A>r<11>R<LEU> 2.030000 -4.239000 1.265000
c<A>r<12>R<ILE> 5.576000 -5.122000 0.485000
c<A>r<13>R<GLU> 7.869000 -2.100000 0.207000
c<A>r<14>R<HIS> 10.573000 -3.437000 -2.056000
c<A>r<15>R<PRO> 13.674000 -1.144000 -2.332000
c<A>r<16>R<GLY> 14.389000 -2.048000 -5.966000
c<A>r<17>R<PHE> 12.767000 -0.997000 -9.280000
c<A>r<18>R<ALA> 10.660000 -3.539000 -11.245000
c<A>r<21>R<LYS> 9.328000 -8.439000 -13.477000
c<A>r<24>R<PHE> 12.358000 -8.579000 -9.608000
c<A>r<25>R<PHE> 9.939000 -11.144000 -8.006000
c<A>r<31>R<VAL> 5.445000 -14.953000 -6.808000
c<A>r<32>R<GLN> 4.412000 -18.062000 -4.813000
c<A>r<34>R<ILE> 5.394000 -13.659000 -1.892000
c<A>r<35>R<GLN> 1.810000 -14.918000 -1.733000
c<A>r<36>R<LYS> 2.618000 -17.444000 0.900000
c<A>r<38>R<CYS> 1.432000 -12.515000 2.808000
c<A>r<39>R<GLN> -1.134000 -15.161000 3.502000
c<A>r<40>R<THR> 0.803000 -16.159000 6.556000
c<A>r<41>R<SER> 1.019000 -12.521000 7.672000
c<A>r<42>R<PHE> -2.830000 -12.293000 7.767000
c<A>r<43>R<GLN> -3.095000 -15.527000 9.798000
c<A>r<70>R<SER> 0.750000 -3.541000 11.263000
c<A>r<71>R<ARG> -0.121000 -0.192000 9.683000
c<A>r<72>R<ASN> -3.450000 1.446000 9.196000
c<A>r<73>R<ASP> -2.720000 2.611000 5.763000
c<A>r<74>R<LEU> -5.390000 2.486000 3.014000
c<A>r<75>R<LEU> -5.396000 1.434000 -0.564000
c<A>r<76>R<VAL> -7.452000 3.775000 -2.675000
c<A>r<77>R<THR> -8.451000 2.961000 -6.242000
c<A>r<78>R<ILE> -9.282000 5.949000 -8.505000
c<A>r<79>R<LYS> -10.485000 6.079000 -12.053000
c<A>r<80>R<LYS> -7.905000 7.793000 -14.337000
c<A>r<81>R<MET> -10.453000 9.479000 -16.391001
c<A>r<82>R<ASP> -12.046000 11.628000 -13.731000
c<A>r<83>R<ASN> -10.201000 10.737000 -10.473000
c<A>r<84>R<SER> -13.360000 9.347000 -8.988000
c<A>r<85>R<VAL> -12.766000 6.975000 -6.112000
c<A>r<86>R<GLN> -13.813000 3.439000 -7.002000
c<A>r<87>R<ASN> -12.729000 1.536000 -3.906000
c<A>r<88>R<VAL> -11.013000 2.010000 -0.546000
c<A>r<89>R<SER> -9.491000 -0.869000 1.346000
c<A>r<90>R<ARG> -7.293000 -1.329000 4.373000
c<A>r<91>R<ILE> -3.634000 -2.286000 4.289000
c<A>r<92>R<ARG> -3.246000 -4.441000 7.304000
c<A>r<93>R<GLN> 0.373000 -5.726000 7.026000
c<A>r<94>R<VAL> 3.447000 -4.115000 5.678000
c<A>r<95>R<PHE> 6.699000 -5.893000 4.846000
c<A>r<96>R<LEU> 9.484000 -3.467000 5.218000
c<A>r<103>R<PHE> 19.893000 3.711000 1.795000
c<B>r<4>R<THR> -6.308000 -0.751000 -16.247000
c<B>r<5>R<ASP> -8.367000 2.228000 -16.379999
c<B>r<6>R<VAL> -7.750000 2.637000 -12.693000
c<B>r<7>R<GLU> -4.799000 3.754000 -10.463000
c<B>r<8>R<ASN> -4.020000 2.287000 -7.002000
c<B>r<9>R<ILE> -2.606000 4.805000 -4.430000
c<B>r<10>R<VAL> -1.320000 4.011000 -0.975000
c<B>r<11>R<PHE> -2.581000 6.409000 1.724000
c<B>r<12>R<GLN> -0.032000 6.406000 4.376000
c<B>r<13>R<PHE> -0.857000 8.225000 7.636000
c<B>r<14>R<GLN> 1.729000 10.043000 9.706000
c<B>r<15>R<ASN> -0.055000 8.716000 12.794000
c<B>r<16>R<SER> 0.090000 4.922000 12.607000
c<B>r<17>R<SER> -2.120000 4.529000 15.688000
c<B>r<18>R<LEU> -5.253000 5.512000 13.846000
c<B>r<19>R<ASP> -7.627000 2.614000 13.466000
c<B>r<20>R<PHE> -9.827000 2.889000 10.427000
c<B>r<21>R<GLN> -12.542000 0.258000 10.120000
c<B>r<22>R<SER> -14.487000 -1.320000 7.430000
c<B>r<23>R<SER> -17.541000 0.735000 6.860000
c<B>r<24>R<ASP> -16.049999 4.045000 7.866000
c<B>r<25>R<ASP> -17.122999 6.829000 5.534000
c<B>r<26>R<PHE> -14.518000 8.034000 3.061000
c<B>r<27>R<SER> -14.282000 10.999000 0.777000
c<B>r<28>R<ILE> -11.598000 12.984000 -0.975000
c<B>r<30>R<GLY> -9.024000 17.725000 -4.687000
c<B>r<31>R<ILE> -7.187000 14.497000 -5.418000
c<B>r<32>R<ASP> -5.661000 16.263000 -8.343000
c<B>r<40>R<ILE> -12.538000 9.625000 7.016000
c<B>r<41>R<GLY> -15.445000 9.357000 9.287000
c<B>r<52>R<PRO> 9.098000 6.462000 -2.830000
c<B>r<53>R<ILE> 12.224000 4.794000 -4.085000
c<B>r<54>R<GLY> 11.503000 1.306000 -4.910000
c<B>r<55>R<THR> 8.422000 -0.587000 -5.741000
c<B>r<56>R<ASP> 5.394000 -1.277000 -3.625000
c<B>r<57>R<ILE> 3.719000 -4.691000 -4.051000
c<B>r<58>R<VAL> 0.172000 -4.876000 -2.886000
c<B>r<59>R<VAL> -1.203000 -8.407000 -2.220000
c<B>r<60>R<PRO> -4.852000 -9.122000 -1.400000
c<B>r<61>R<SER> -5.699000 -11.405000 1.559000
c<B>r<62>R<VAL> -8.100000 -13.578000 -0.443000
c<B>r<63>R<ASN> -6.926000 -13.740000 -4.043000
c<B>r<64>R<ASP> -3.851000 -14.447000 -5.748000
c<B>r<65>R<GLY> -3.142000 -11.283000 -7.426000
c<B>r<66>R<LEU> -0.176000 -8.632000 -7.241000
c<B>r<67>R<VAL> -0.359000 -4.963000 -7.982000
c<B>r<68>R<LEU> 2.732000 -2.806000 -8.568000
c<B>r<69>R<CYS> 4.403000 0.388000 -8.356000
c<B>r<72>R<ARG> 1.642000 7.331000 -2.181000
c<B>r<73>R<LEU> -0.213000 10.040000 -0.411000
c<B>r<74>R<MET> 1.272000 10.931000 2.968000
c<B>r<75>R<LEU> -1.514000 12.243000 5.240000
