1763815430356 101.0 3467
1763815430371 101.0 3467
1763815442242 102.0 3501
1763815442253 102.0 3501
1763815453562 103.0 3535
1763815453575 103.0 3535
1763815465300 104.0 3569
1763815465302 104.0 3569
1763815476715 105.0 3603
1763815476723 105.0 3603
1763815488197 106.0 3637
1763815488204 106.0 3637
1763815499868 107.0 3671
1763815499875 107.0 3671
1763815511312 108.0 3705
1763815511314 108.0 3705
1763815522863 109.0 3739
1763815522870 109.0 3739
1763815534254 110.0 3773
1763815534261 110.0 3773
1763815545573 111.0 3807
1763815545581 111.0 3807
1763815557082 112.0 3841
1763815557089 112.0 3841
1763815568414 113.0 3875
1763815568422 113.0 3875
1763815579776 114.0 3909
1763815579783 114.0 3909
1763815591209 115.0 3943
1763815591217 115.0 3943
1763815602264 116.0 3977
1763815602271 116.0 3977
1763815614608 117.0 4011
1763815614615 117.0 4011
1763815627550 118.0 4045
1763815627563 118.0 4045
1763815639361 119.0 4079
1763815639373 119.0 4079
1763815650689 120.0 4113
1763815650696 120.0 4113
1763815662482 121.0 4147
1763815662489 121.0 4147
1763815673856 122.0 4181
1763815673862 122.0 4181
1763815685144 123.0 4215
1763815685146 123.0 4215
1763815696681 124.0 4249
1763815696683 124.0 4249
1763815708286 125.0 4283
1763815708292 125.0 4283
1763815719769 126.0 4317
1763815719781 126.0 4317
1763815731727 127.0 4351
1763815731738 127.0 4351
1763815743381 128.0 4385
1763815743388 128.0 4385
1763815755317 129.0 4419
1763815755319 129.0 4419
1763815766718 130.0 4453
1763815766730 130.0 4453
1763815778419 131.0 4487
1763815778426 131.0 4487
1763815790387 132.0 4521
1763815790389 132.0 4521
1763815802314 133.0 4555
1763815802320 133.0 4555
1763815814339 134.0 4589
1763815814341 134.0 4589
1763815826022 135.0 4623
1763815826024 135.0 4623
1763815837531 136.0 4657
1763815837533 136.0 4657
1763815849750 137.0 4691
1763815849752 137.0 4691
1763815861683 138.0 4725
1763815861685 138.0 4725
1763815873115 139.0 4759
1763815873117 139.0 4759
1763815884786 140.0 4793
1763815884788 140.0 4793
1763815886920 141.0 4794
