c<A>r<11>R<GLU> -12.776000 -11.154000 -16.224001
c<A>r<12>R<ALA> -12.237000 -12.898000 -13.261000
c<A>r<13>R<VAL> -10.549000 -15.980000 -14.231000
c<A>r<14>R<ASP> -13.801000 -16.815001 -13.951000
c<A>r<15>R<ALA> -16.632999 -14.844000 -13.418000
c<A>r<16>R<ALA> -17.354000 -17.052999 -10.534000
c<A>r<17>R<THR> -14.364000 -16.056999 -8.873000
c<A>r<18>R<ALA> -14.752000 -12.448000 -9.629000
c<A>r<20>R<LYS> -17.054001 -14.446000 -5.350000
c<A>r<21>R<VAL> -14.605000 -12.018000 -4.879000
c<A>r<24>R<GLN> -17.364000 -11.035000 -0.821000
c<A>r<25>R<TYR> -16.555000 -7.678000 -1.470000
c<A>r<28>R<ASP> -18.523001 -6.493000 3.073000
c<A>r<29>R<ASN> -18.797001 -2.930000 1.686000
c<A>r<47>R<GLY> -14.526000 5.826000 -0.948000
c<A>r<48>R<SER> -10.887000 5.782000 -1.983000
c<A>r<49>R<TYR> -8.888000 2.489000 -2.078000
c<A>r<50>R<ALA> -5.219000 1.747000 -1.687000
c<A>r<51>R<LEU> -3.568000 -1.295000 -3.247000
c<A>r<52>R<ALA> -0.388000 -2.617000 -1.664000
c<A>r<53>R<PHE> 1.595000 -5.678000 -2.727000
c<A>r<54>R<ASP> 4.924000 -7.425000 -1.894000
c<A>r<55>R<LEU> 6.892000 -9.662000 -4.261000
c<A>r<87>R<THR> 2.570000 6.438000 -3.689000
c<A>r<88>R<GLN> 5.639000 4.522000 -2.452000
c<A>r<89>R<GLY> 7.245000 1.220000 -2.994000
c<A>r<90>R<SER> 4.412000 -1.050000 -3.972000
c<A>r<91>R<VAL> 1.618000 1.104000 -2.684000
c<A>r<105>R<TYR> -11.424000 -5.813000 -8.772000
c<A>r<108>R<ILE> -6.832000 -7.742000 -9.105000
c<A>r<109>R<ASN> -8.091000 -9.440000 -12.267000
c<A>r<110>R<LYS> -5.438000 -7.862000 -14.405000
c<A>r<111>R<LEU> -2.660000 -8.815000 -11.987000
c<A>r<112>R<SER> -4.001000 -12.382000 -11.792000
c<A>r<113>R<GLN> -3.398000 -12.675000 -15.569000
c<A>r<114>R<ILE> 0.286000 -11.810000 -15.303000
c<A>r<115>R<GLU> 2.078000 -15.174000 -14.931000
c<A>r<117>R<PHE> 3.357000 -11.704000 -10.924000
c<A>r<118>R<LYS> 1.151000 -14.578000 -9.895000
c<A>r<119>R<LYS> 4.177000 -16.725000 -9.127000
c<A>r<120>R<SER> 6.106000 -13.994000 -7.397000
c<A>r<121>R<VAL> 3.401000 -12.268000 -5.251000
c<A>r<122>R<ARG> 3.994000 -12.754000 -1.611000
c<A>r<123>R<ASP> 1.075000 -10.500000 -0.504000
c<A>r<124>R<ILE> -1.494000 -8.257000 -2.123000
c<A>r<125>R<ARG> -4.113000 -6.241000 -0.217000
c<A>r<126>R<ALA> -6.713000 -3.533000 -0.758000
c<A>r<127>R<PHE> -7.593000 -0.881000 1.880000
c<A>r<128>R<LYS> -10.679000 1.246000 1.920000
c<A>r<129>R<VAL> -9.301000 4.665000 2.621000
c<A>r<130>R<GLU> -11.533000 7.293000 4.315000
c<A>r<131>R<ASP> -8.886000 9.984000 4.721000
c<A>r<132>R<PHE> -5.227000 10.557000 4.405000
c<A>r<133>R<SER> -2.765000 13.068000 5.968000
c<A>r<134>R<ASP> 0.664000 14.001000 4.666000
c<A>r<135>R<PHE> 3.072000 14.440000 7.569000
c<A>r<136>R<THR> 6.294000 15.016000 5.457000
c<A>r<137>R<GLU> 6.763000 18.646000 6.276000
c<A>r<138>R<ILE> 5.875000 18.142000 9.910000
c<A>r<139>R<VAL> 8.509000 15.512000 10.369000
c<A>r<140>R<LYS> 11.185000 17.569000 8.623000
c<A>r<141>R<SER> 10.400000 20.818001 10.391000
c<A>r<142>R<LEU> 10.178000 19.586000 13.950000
c<B>r<2>R<GLY> -10.927000 3.733000 13.023000
c<B>r<3>R<SER> -7.736000 1.858000 11.933000
c<B>r<4>R<TYR> -4.721000 3.795000 10.439000
c<B>r<5>R<ALA> -1.988000 2.816000 8.029000
c<B>r<6>R<LEU> 1.364000 4.581000 8.106000
c<B>r<7>R<ALA> 3.426000 4.555000 4.885000
c<B>r<8>R<PHE> 6.771000 6.253000 4.282000
c<B>r<9>R<ASP> 9.539000 6.365000 1.594000
c<B>r<10>R<LEU> 13.187000 7.155000 2.215000
c<B>r<42>R<THR> 2.612000 -5.076000 6.367000
c<B>r<43>R<GLN> 5.026000 -4.611000 3.408000
c<B>r<44>R<GLY> 7.912000 -2.483000 2.537000
c<B>r<45>R<SER> 7.395000 0.661000 4.546000
c<B>r<46>R<VAL> 3.738000 0.186000 5.244000
c<B>r<60>R<TYR> 0.698000 11.461000 16.296000
c<B>r<63>R<ILE> 5.038000 11.010000 13.825000
c<B>r<64>R<ASN> 6.568000 12.646000 16.896000
c<B>r<65>R<LYS> 8.917000 9.759000 17.478001
c<B>r<66>R<LEU> 10.052000 9.678000 13.808000
c<B>r<67>R<SER> 10.581000 13.467000 13.875000
c<B>r<68>R<GLN> 13.163000 12.970000 16.680000
c<B>r<69>R<ILE> 15.280000 10.579000 14.581000
c<B>r<70>R<GLU> 17.874001 12.798000 12.818000
c<B>r<72>R<PHE> 15.112000 9.644000 9.315000
c<B>r<73>R<LYS> 14.279000 13.341000 9.188000
c<B>r<74>R<LYS> 16.997000 13.984000 6.662000
c<B>r<75>R<SER> 16.212000 10.887000 4.593000
c<B>r<76>R<VAL> 12.355000 10.888000 4.466000
c<B>r<77>R<ARG> 11.054000 11.513000 1.066000
c<B>r<78>R<ASP> 7.356000 11.042000 2.020000
c<B>r<79>R<ILE> 5.358000 9.975000 5.064000
c<B>r<80>R<ARG> 1.539000 9.632000 5.179000
c<B>r<81>R<ALA> -1.197000 8.363000 7.459000
c<B>r<82>R<PHE> -4.347000 6.716000 6.002000
c<B>r<83>R<LYS> -7.592000 6.325000 7.889000
c<B>r<84>R<VAL> -8.589000 2.792000 6.863000
c<B>r<85>R<GLU> -12.114000 1.232000 7.238000
c<B>r<86>R<ASP> -11.696000 -2.108000 5.622000
c<B>r<87>R<PHE> -8.822000 -4.293000 4.511000
c<B>r<88>R<SER> -9.117000 -7.120000 1.983000
c<B>r<89>R<ASP> -6.442000 -9.692000 1.314000
c<B>r<90>R<PHE> -6.500000 -10.759000 -2.323000
c<B>r<91>R<THR> -3.341000 -12.998000 -2.265000
c<B>r<92>R<GLU> -5.128000 -16.290001 -2.668000
c<B>r<93>R<ILE> -7.440000 -14.891000 -5.339000
c<B>r<94>R<VAL> -4.614000 -13.769000 -7.496000
c<B>r<95>R<LYS> -2.712000 -17.014000 -7.163000
c<B>r<96>R<SER> -5.722000 -19.278999 -7.716000
c<B>r<97>R<LEU> -7.493000 -17.499001 -10.502000
c<B>r<98>R<GLU> -7.176000 -19.694000 -13.478000
c<B>r<99>R<HIS> -7.523000 -18.025999 -16.500999
c<B>r<100>R<HIS> -9.634000 -20.181000 -18.333000
c<B>r<101>R<HIS> -8.488000 -19.405001 -21.627001
c<B>r<102>R<HIS> -11.626000 -19.913000 -22.997000
