c<A>r<18>R<ALA> -16.052999 16.764999 1.040000
c<A>r<21>R<PHE> -9.425000 15.267000 -2.443000
c<A>r<22>R<ILE> -12.415000 12.953000 -1.676000
c<A>r<23>R<ASP> -16.106001 13.089000 -0.603000
c<A>r<24>R<PHE> -17.311001 10.656000 1.979000
c<A>r<25>R<SER> -20.538000 9.606000 0.262000
c<A>r<26>R<GLN> -19.485001 5.927000 0.321000
c<A>r<27>R<MET> -17.061001 5.723000 3.334000
c<A>r<54>R<GLY> -10.544000 7.993000 4.887000
c<A>r<55>R<ARG> -9.521000 4.437000 4.184000
c<A>r<56>R<TYR> -12.466000 1.970000 3.414000
c<A>r<57>R<ALA> -13.403000 -1.204000 5.246000
c<A>r<58>R<ALA> -10.960000 -4.115000 4.583000
c<A>r<59>R<GLY> -13.514000 -6.900000 5.111000
c<A>r<60>R<GLY> -12.245000 -9.159000 2.218000
c<A>r<61>R<LEU> -8.638000 -8.957000 3.385000
c<A>r<62>R<LEU> -9.754000 -9.748000 6.962000
c<A>r<63>R<ARG> -11.893000 -12.859000 5.988000
c<A>r<64>R<GLU> -9.653000 -14.299000 3.281000
c<A>r<65>R<ARG> -6.164000 -13.692000 4.573000
c<A>r<97>R<THR> 3.377000 -14.583000 7.688000
c<A>r<98>R<ASN> 4.060000 -14.896000 3.925000
c<A>r<99>R<GLU> 3.540000 -11.107000 3.274000
c<A>r<100>R<LYS> 6.130000 -9.597000 0.876000
c<A>r<101>R<PRO> 7.841000 -6.314000 1.874000
c<A>r<102>R<GLY> 6.424000 -3.007000 0.531000
c<A>r<103>R<GLY> 2.961000 -2.247000 -0.675000
c<A>r<104>R<HIS> 1.740000 -0.708000 2.591000
c<A>r<105>R<GLY> -1.767000 -0.078000 2.017000
c<A>r<106>R<GLU> -5.260000 -1.746000 2.517000
c<A>r<107>R<ARG> -3.581000 -4.790000 4.308000
c<A>r<108>R<SER> -2.069000 -2.280000 6.768000
c<A>r<109>R<VAL> -5.738000 -1.322000 7.562000
c<A>r<214>R<ASN> -5.452000 16.643999 2.251000
c<A>r<215>R<GLY> -2.396000 16.218000 -0.093000
c<A>r<216>R<ARG> -4.124000 17.978001 -3.126000
c<A>r<241>R<GLY> 1.036000 17.813000 -1.373000
c<A>r<242>R<ASP> 1.121000 14.044000 -2.097000
c<A>r<243>R<PRO> 2.197000 12.138000 1.095000
c<A>r<244>R<LEU> 4.990000 10.441000 -0.858000
c<A>r<245>R<ASP> 6.311000 13.667000 -2.514000
c<A>r<246>R<TYR> 8.931000 14.274000 0.169000
c<A>r<247>R<ALA> 10.730000 16.802000 -2.049000
c<A>r<263>R<GLY> 1.769000 11.554000 7.934000
c<A>r<264>R<GLU> -1.894000 10.385000 8.067000
c<A>r<265>R<ASN> -1.416000 8.653000 4.687000
c<A>r<266>R<LEU> 1.975000 6.890000 5.478000
c<A>r<267>R<PHE> 1.070000 3.404000 6.749000
c<A>r<268>R<SER> 4.518000 1.884000 7.684000
c<A>r<269>R<HIS> 7.575000 2.687000 9.800000
c<A>r<270>R<GLN> 9.476000 2.489000 6.452000
c<A>r<271>R<ASP> 7.353000 5.223000 4.885000
c<A>r<273>R<ARG> 11.366000 6.917000 8.004000
c<A>r<274>R<ASN> 11.462000 8.251000 4.445000
c<A>r<277>R<ARG> 14.928000 11.503000 6.005000
c<A>r<278>R<HIS> 13.734000 13.420000 3.002000
c<A>r<294>R<LEU> -4.379000 2.360000 9.212000
c<A>r<295>R<SER> -0.660000 1.421000 9.790000
c<B>r<18>R<ALA> 10.043000 -20.646999 -1.031000
c<B>r<21>R<PHE> 10.969000 -13.887000 2.395000
c<B>r<22>R<ILE> 7.755000 -15.899000 1.678000
c<B>r<23>R<ASP> 6.599000 -19.419001 0.646000
c<B>r<24>R<PHE> 3.868000 -19.742001 -1.897000
c<B>r<25>R<SER> 1.787000 -22.382000 -0.130000
c<B>r<26>R<GLN> -1.301000 -20.124001 -0.166000
c<B>r<27>R<MET> -0.697000 -17.811001 -3.214000
c<B>r<54>R<GLY> 3.673000 -12.502000 -4.872000
c<B>r<55>R<ARG> 0.694000 -10.313000 -4.134000
c<B>r<56>R<TYR> -2.620000 -12.187000 -3.310000
c<B>r<57>R<ALA> -5.945000 -11.996000 -5.101000
c<B>r<58>R<ALA> -7.835000 -8.695000 -4.446000
c<B>r<59>R<GLY> -11.336000 -10.138000 -4.907000
c<B>r<60>R<GLY> -12.984000 -8.136000 -2.016000
c<B>r<61>R<LEU> -11.563000 -4.838000 -3.234000
c<B>r<62>R<LEU> -12.737000 -5.645000 -6.790000
c<B>r<63>R<ARG> -16.375999 -6.567000 -5.752000
c<B>r<64>R<GLU> -16.919001 -3.943000 -3.066000
c<B>r<65>R<ARG> -15.156000 -0.893000 -4.401000
c<B>r<97>R<THR> -12.773000 8.327000 -7.631000
c<B>r<98>R<ASN> -12.780000 9.115000 -3.877000
c<B>r<99>R<GLU> -9.389000 7.338000 -3.253000
c<B>r<100>R<LYS> -7.042000 9.265000 -0.906000
c<B>r<101>R<PRO> -3.384000 9.738000 -1.961000
c<B>r<102>R<GLY> -0.754000 7.273000 -0.637000
c<B>r<103>R<GLY> -1.209000 3.770000 0.614000
c<B>r<104>R<HIS> -0.246000 2.077000 -2.643000
c<B>r<105>R<GLY> -0.940000 -1.482000 -1.904000
c<B>r<106>R<GLU> -3.616000 -4.178000 -2.508000
c<B>r<107>R<ARG> -5.925000 -1.541000 -4.261000
c<B>r<108>R<SER> -3.080000 -1.009000 -6.769000
c<B>r<109>R<VAL> -3.456000 -4.789000 -7.521000
c<B>r<214>R<ASN> 13.568000 -10.667000 -2.378000
c<B>r<215>R<GLY> 14.252000 -7.628000 -0.069000
c<B>r<216>R<ARG> 15.354000 -9.833000 2.971000
c<B>r<241>R<GLY> 16.941999 -4.946000 1.149000
c<B>r<242>R<ASP> 13.444000 -3.565000 1.914000
c<B>r<243>R<PRO> 11.990000 -1.924000 -1.274000
c<B>r<244>R<LEU> 11.382000 1.301000 0.658000
c<B>r<245>R<ASP> 14.885000 1.448000 2.264000
c<B>r<246>R<TYR> 16.326000 3.671000 -0.451000
c<B>r<247>R<ALA> 19.341000 4.508000 1.723000
c<B>r<263>R<GLY> 11.210000 -2.181000 -8.117000
c<B>r<264>R<GLU> 8.851000 -5.220000 -8.180000
c<B>r<265>R<ASN> 7.432000 -4.147000 -4.788000
c<B>r<266>R<LEU> 6.936000 -0.364000 -5.611000
c<B>r<267>R<PHE> 3.341000 -0.018000 -6.831000
c<B>r<268>R<SER> 3.090000 3.736000 -7.795000
c<B>r<270>R<GLN> 5.379000 8.187000 -6.639000
c<B>r<271>R<ASP> 7.237000 5.274000 -5.067000
c<B>r<273>R<ARG> 10.171000 8.424000 -8.256000
c<B>r<274>R<ASN> 11.493000 8.088000 -4.712000
c<B>r<277>R<ARG> 15.723000 10.202000 -6.341000
c<B>r<278>R<HIS> 17.145000 8.445000 -3.344000
c<B>r<294>R<LEU> 0.448000 -4.802000 -9.216000
c<B>r<295>R<SER> 0.835000 -0.990000 -9.832000
