1763991287343 0.0 22
1763991287358 0.0 22
1763991297044 1.0 45
1763991297056 1.0 45
1763991306318 2.0 68
1763991306325 2.0 68
1763991317155 3.0 91
1763991317157 3.0 91
1763991327383 4.0 114
1763991327384 4.0 114
1763991336484 5.0 137
1763991336491 5.0 137
1763991346086 6.0 160
1763991346087 6.0 160
1763991355330 7.0 183
1763991355338 7.0 183
1763991364298 8.0 206
1763991364304 8.0 206
1763991373933 9.0 229
1763991373944 9.0 229
1763991383018 10.0 252
1763991383029 10.0 252
1763991391834 11.0 275
1763991391845 11.0 275
1763991401797 12.0 298
1763991401804 12.0 298
1763991411181 13.0 321
1763991411192 13.0 321
1763991420831 14.0 344
1763991420833 14.0 344
1763991430183 15.0 367
1763991430195 15.0 367
1763991439248 16.0 390
1763991439255 16.0 390
1763991448355 17.0 413
1763991448362 17.0 413
1763991457152 18.0 436
1763991457163 18.0 436
1763991466053 19.0 459
1763991466064 19.0 459
1763991475069 20.0 482
1763991475080 20.0 482
1763991484564 21.0 505
1763991484566 21.0 505
1763991493407 22.0 528
1763991493409 22.0 528
1763991502588 23.0 551
1763991502590 23.0 551
1763991511518 24.0 574
1763991511520 24.0 574
1763991520912 25.0 597
1763991520918 25.0 597
1763991530518 26.0 620
1763991530525 26.0 620
1763991539854 27.0 643
1763991539860 27.0 643
1763991549200 28.0 666
1763991549207 28.0 666
1763991558476 29.0 689
1763991558488 29.0 689
1763991567501 30.0 712
1763991567513 30.0 712
1763991576673 31.0 735
1763991576680 31.0 735
1763991585925 32.0 758
1763991585936 32.0 758
1763991595179 33.0 781
1763991595190 33.0 781
1763991604186 34.0 804
1763991604192 34.0 804
1763991613566 35.0 827
1763991613568 35.0 827
1763991622379 36.0 850
1763991622381 36.0 850
1763991631752 37.0 873
1763991631763 37.0 873
1763991640821 38.0 896
1763991640832 38.0 896
1763991650235 39.0 919
1763991650246 39.0 919
1763991659417 40.0 942
1763991659423 40.0 942
1763991668927 41.0 965
1763991668929 41.0 965
1763991678314 42.0 988
1763991678326 42.0 988
1763991687523 43.0 1011
1763991687529 43.0 1011
1763991696940 44.0 1034
1763991696942 44.0 1034
1763991706220 45.0 1057
1763991706227 45.0 1057
1763991715972 46.0 1080
1763991715983 46.0 1080
1763991725311 47.0 1103
1763991725318 47.0 1103
1763991734583 48.0 1126
1763991734584 48.0 1126
1763991744091 49.0 1149
1763991744098 49.0 1149
1763991753400 50.0 1172
1763991753413 50.0 1172
1763991763075 51.0 1195
1763991763077 51.0 1195
1763991772319 52.0 1218
1763991772326 52.0 1218
1763991782020 53.0 1241
1763991782022 53.0 1241
1763991791695 54.0 1264
1763991791697 54.0 1264
1763991800898 55.0 1287
1763991800910 55.0 1287
1763991810527 56.0 1310
1763991810529 56.0 1310
1763991819642 57.0 1333
1763991819649 57.0 1333
1763991828228 58.0 1356
1763991828239 58.0 1356
1763991836821 59.0 1379
1763991836828 59.0 1379
1763991845129 60.0 1402
1763991845136 60.0 1402
1763991853609 61.0 1425
1763991853616 61.0 1425
1763991862334 62.0 1448
1763991862336 62.0 1448
1763991871728 63.0 1471
1763991871729 63.0 1471
1763991881147 64.0 1494
1763991881159 64.0 1494
1763991890595 65.0 1517
1763991890606 65.0 1517
1763991900188 66.0 1540
1763991900200 66.0 1540
1763991910538 67.0 1563
1763991910545 67.0 1563
1763991919883 68.0 1586
1763991919889 68.0 1586
1763991929611 69.0 1609
1763991929618 69.0 1609
1763991939254 70.0 1632
1763991939261 70.0 1632
1763991948354 71.0 1655
1763991948361 71.0 1655
1763991957912 72.0 1678
1763991957913 72.0 1678
1763991967183 73.0 1701
1763991967184 73.0 1701
1763991976822 74.0 1724
1763991976824 74.0 1724
1763991986598 75.0 1747
1763991986604 75.0 1747
1763991996118 76.0 1770
1763991996125 76.0 1770
1763992005511 77.0 1793
1763992005513 77.0 1793
1763992014971 78.0 1816
1763992014974 78.0 1816
1763992024483 79.0 1839
1763992024494 79.0 1839
1763992034819 80.0 1862
1763992034831 80.0 1862
1763992044429 81.0 1885
1763992044436 81.0 1885
1763992053749 82.0 1908
1763992053751 82.0 1908
1763992063192 83.0 1931
1763992063203 83.0 1931
1763992072610 84.0 1954
1763992072617 84.0 1954
1763992082018 85.0 1977
1763992082025 85.0 1977
1763992091461 86.0 2000
1763992091467 86.0 2000
1763992101170 87.0 2023
1763992101177 87.0 2023
1763992110662 88.0 2046
1763992110669 88.0 2046
1763992119912 89.0 2069
1763992119914 89.0 2069
1763992129457 90.0 2092
1763992129459 90.0 2092
1763992138525 91.0 2115
1763992138532 91.0 2115
1763992148202 92.0 2138
1763992148204 92.0 2138
1763992157878 93.0 2161
1763992157879 93.0 2161
1763992167287 94.0 2184
1763992167290 94.0 2184
1763992176964 95.0 2207
1763992176971 95.0 2207
1763992186190 96.0 2230
1763992186198 96.0 2230
1763992195372 97.0 2253
1763992195379 97.0 2253
1763992204923 98.0 2276
1763992204930 98.0 2276
1763992214163 99.0 2299
1763992214165 99.0 2299
1763992223411 100.0 2322
1763992223419 100.0 2322
1763992232398 101.0 2345
1763992232400 101.0 2345
1763992242132 102.0 2368
1763992242134 102.0 2368
1763992251653 103.0 2391
1763992251659 103.0 2391
1763992260483 104.0 2414
1763992260485 104.0 2414
1763992269950 105.0 2437
1763992269952 105.0 2437
1763992279244 106.0 2460
1763992279246 106.0 2460
1763992288470 107.0 2483
1763992288477 107.0 2483
1763992297884 108.0 2506
1763992297886 108.0 2506
1763992307186 109.0 2529
1763992307193 109.0 2529
1763992316301 110.0 2552
1763992316308 110.0 2552
1763992325769 111.0 2575
1763992325776 111.0 2575
1763992335429 112.0 2598
1763992335437 112.0 2598
1763992344959 113.0 2621
1763992344967 113.0 2621
1763992354408 114.0 2644
1763992354410 114.0 2644
1763992363961 115.0 2667
1763992363968 115.0 2667
1763992373371 116.0 2690
1763992373378 116.0 2690
1763992382410 117.0 2713
1763992382421 117.0 2713
1763992391584 118.0 2736
1763992391595 118.0 2736
1763992401196 119.0 2759
1763992401198 119.0 2759
1763992410226 120.0 2782
1763992410228 120.0 2782
1763992419597 121.0 2805
1763992419599 121.0 2805
1763992429048 122.0 2828
1763992429049 122.0 2828
1763992438460 123.0 2851
1763992438462 123.0 2851
1763992447521 124.0 2874
1763992447528 124.0 2874
1763992457136 125.0 2897
1763992457143 125.0 2897
1763992466616 126.0 2920
1763992466623 126.0 2920
1763992476660 127.0 2943
1763992476662 127.0 2943
1763992487063 128.0 2966
1763992487065 128.0 2966
1763992497190 129.0 2989
1763992497192 129.0 2989
1763992506956 130.0 3012
1763992506957 130.0 3012
1763992517153 131.0 3035
1763992517155 131.0 3035
1763992526927 132.0 3058
1763992526929 132.0 3058
1763992537456 133.0 3081
1763992537458 133.0 3081
1763992547337 134.0 3104
1763992547345 134.0 3104
1763992557310 135.0 3127
1763992557320 135.0 3127
1763992567348 136.0 3150
1763992567357 136.0 3150
1763992578059 137.0 3173
1763992578066 137.0 3173
1763992588994 138.0 3196
1763992588995 138.0 3196
1763992599917 139.0 3219
1763992599920 139.0 3219
1763992610986 140.0 3242
1763992610994 140.0 3242
1763992621836 141.0 3265
1763992621845 141.0 3265
1763992632900 142.0 3288
1763992632908 142.0 3288
1763992643431 143.0 3311
1763992643439 143.0 3311
1763992653927 144.0 3334
1763992653934 144.0 3334
1763992664430 145.0 3357
1763992664441 145.0 3357
1763992674798 146.0 3380
1763992674800 146.0 3380
1763992684808 147.0 3403
1763992684810 147.0 3403
1763992694420 148.0 3426
1763992694421 148.0 3426
1763992704361 149.0 3449
1763992704363 149.0 3449
1763992713942 150.0 3472
1763992713944 150.0 3472
1763992723487 151.0 3495
1763992723489 151.0 3495
1763992734212 152.0 3518
1763992734214 152.0 3518
1763992744089 153.0 3541
1763992744091 153.0 3541
1763992754057 154.0 3564
1763992754059 154.0 3564
1763992763642 155.0 3587
1763992763644 155.0 3587
1763992773372 156.0 3610
1763992773374 156.0 3610
1763992783564 157.0 3633
1763992783567 157.0 3633
1763992794233 158.0 3656
1763992794235 158.0 3656
1763992804520 159.0 3679
1763992804522 159.0 3679
1763992815331 160.0 3702
1763992815332 160.0 3702
1763992826029 161.0 3725
1763992826031 161.0 3725
1763992836748 162.0 3748
1763992836751 162.0 3748
1763992848863 163.0 3771
1763992848865 163.0 3771
1763992861502 164.0 3794
1763992861503 164.0 3794
1763992873367 165.0 3817
1763992873369 165.0 3817
1763992886178 166.0 3840
1763992886180 166.0 3840
1763992896839 167.0 3863
1763992896842 167.0 3863
1763992908943 168.0 3886
1763992908945 168.0 3886
1763992920617 169.0 3909
1763992920619 169.0 3909
1763992932905 170.0 3932
1763992932907 170.0 3932
1763992944819 171.0 3955
1763992944822 171.0 3955
1763992956681 172.0 3978
1763992956683 172.0 3978
1763992968069 173.0 4001
1763992968071 173.0 4001
1763992980235 174.0 4024
1763992980237 174.0 4024
1763992990224 175.0 4047
1763992990226 175.0 4047
1763992999265 176.0 4070
1763992999267 176.0 4070
1763993008384 177.0 4093
1763993008386 177.0 4093
1763993017134 178.0 4116
1763993017136 178.0 4116
1763993026582 179.0 4139
1763993026584 179.0 4139
1763993036504 180.0 4162
1763993036505 180.0 4162
1763993050474 181.0 4185
1763993050476 181.0 4185
1763993063542 182.0 4208
1763993063545 182.0 4208
1763993079006 183.0 4231
1763993079008 183.0 4231
1763993093864 184.0 4254
1763993093866 184.0 4254
1763993108346 185.0 4277
1763993108348 185.0 4277
1763993119752 186.0 4300
1763993119754 186.0 4300
1763993130066 187.0 4323
1763993130068 187.0 4323
1763993140377 188.0 4346
1763993140379 188.0 4346
1763993150513 189.0 4369
1763993150515 189.0 4369
1763993152747 190.0 4370
