c<A>r<91>R<GLN> -17.791000 -4.233000 -10.983000
c<A>r<94>R<ILE> -18.948000 0.970000 -10.510000
c<A>r<95>R<ASP> -15.490000 1.782000 -9.004000
c<A>r<96>R<ILE> -13.852000 3.846000 -11.822000
c<A>r<97>R<PRO> -16.083000 6.998000 -11.316000
c<A>r<98>R<ARG> -15.215000 6.725000 -7.545000
c<A>r<99>R<THR> -11.415000 6.394000 -8.140000
c<A>r<100>R<ASN> -9.563000 9.576000 -7.002000
c<A>r<101>R<PRO> -12.886000 11.504000 -7.073000
c<A>r<102>R<HIS> -11.087000 14.622000 -5.661000
c<A>r<129>R<SER> -7.441000 -12.650000 -8.638000
c<A>r<132>R<VAL> -9.974000 -6.596000 -6.610000
c<A>r<133>R<GLN> -10.887000 -3.176000 -5.205000
c<A>r<134>R<GLY> -7.635000 -1.232000 -4.540000
c<A>r<136>R<ASN> -8.090000 0.733000 -9.364000
c<A>r<196>R<ILE> -5.569000 -13.612000 -5.148000
c<A>r<197>R<HIS> -8.786000 -14.887000 -3.498000
c<A>r<198>R<GLY> -8.658000 -14.364000 0.334000
c<A>r<199>R<GLN> -5.785000 -11.777000 0.002000
c<A>r<200>R<PRO> -3.311000 -13.914000 2.093000
c<A>r<202>R<ILE> -2.214000 -8.527000 2.716000
c<A>r<203>R<LEU> -2.983000 -10.525000 5.904000
c<A>r<230>R<GLU> -6.564000 -4.240000 15.819000
c<A>r<232>R<ILE> -6.335000 -4.910000 10.349000
c<A>r<233>R<GLN> -8.881000 -2.072000 11.017000
c<A>r<234>R<PHE> -6.573000 0.628000 9.503000
c<A>r<235>R<ALA> -3.578000 -1.203000 7.950000
c<A>r<236>R<PHE> -5.657000 -3.304000 5.485000
c<A>r<237>R<ARG> -6.161000 -0.151000 3.353000
c<A>r<238>R<TRP> -2.485000 0.845000 3.796000
c<A>r<240>R<ASN> -4.077000 -2.947000 -0.224000
c<A>r<241>R<CYS> -3.508000 0.554000 -1.736000
c<A>r<245>R<ARG> -5.332000 6.694000 0.373000
c<A>r<294>R<GLN> -12.388000 5.732000 18.152000
c<A>r<295>R<GLU> -9.860000 8.596000 18.025999
c<A>r<297>R<ILE> -9.112000 4.492000 14.085000
c<A>r<298>R<THR> -10.411000 7.895000 12.855000
c<A>r<301>R<GLN> -7.852000 6.333000 8.560000
c<B>r<13>R<SER> -20.698000 -2.857000 -3.110000
c<B>r<14>R<ASN> -22.377001 0.418000 -4.243000
c<B>r<31>R<ASP> -20.351999 15.553000 -2.311000
c<B>r<32>R<ARG> -17.929001 12.810000 -3.513000
c<B>r<33>R<THR> -17.408001 9.183000 -2.410000
c<B>r<34>R<GLU> -14.375000 6.927000 -2.697000
c<B>r<35>R<ALA> -14.921000 3.157000 -2.889000
c<B>r<36>R<THR> -14.689000 1.665000 0.693000
c<B>r<37>R<ILE> -11.531000 -0.515000 1.044000
c<B>r<38>R<GLY> -11.825000 -2.990000 3.950000
c<B>r<39>R<VAL> -13.924000 -1.156000 6.583000
c<B>r<40>R<ASP> -14.626000 2.584000 7.072000
c<B>r<41>R<PHE> -15.316000 3.650000 10.681000
c<B>r<42>R<ARG> -17.671000 6.428000 11.858000
c<B>r<43>R<GLU> -19.111000 7.360000 15.245000
c<B>r<56>R<GLN> -20.163000 3.108000 16.148001
c<B>r<58>R<TRP> -18.617001 -0.158000 10.721000
c<B>r<61>R<ALA> -16.732000 -2.638000 1.279000
c<B>r<63>R<GLN> -16.881001 -7.401000 -1.518000
c<B>r<64>R<GLU> -15.852000 -9.349000 1.619000
c<B>r<65>R<ARG> -17.327999 -12.620000 0.217000
c<B>r<66>R<PHE> -13.743000 -13.014000 -1.144000
c<B>r<67>R<ARG> -12.079000 -12.281000 2.298000
c<B>r<68>R<LYS> -13.224000 -15.061000 4.799000
c<B>r<69>R<SER> -10.200000 -14.476000 7.150000
c<B>r<70>R<MET> -10.581000 -10.653000 7.452000
c<B>r<73>R<HIS> -12.384000 -9.104000 13.075000
c<B>r<74>R<TYR> -15.156000 -6.681000 11.959000
