c<A>r<140>R<LYS> -4.033000 -9.362000 -11.189000
c<A>r<143>R<HIS> -3.232000 -5.581000 -7.899000
c<A>r<144>R<ARG> -5.524000 -7.586000 -5.606000
c<A>r<190>R<ALA> -2.512000 -0.459000 -6.963000
c<A>r<191>R<GLN> -3.408000 2.417000 -9.301000
c<A>r<193>R<VAL> -0.705000 -1.317000 -11.873000
c<A>r<194>R<THR> -3.953000 -0.034000 -13.402000
c<A>r<195>R<ILE> -2.041000 2.703000 -15.250000
c<A>r<197>R<ARG> -2.429000 -1.970000 -17.905001
c<A>r<198>R<ALA> -4.229000 1.068000 -19.410999
c<A>r<201>R<LEU> -4.279000 -1.808000 -23.721001
c<A>r<202>R<LYS> -3.846000 1.527000 -25.517000
c<A>r<203>R<HIS> -6.579000 3.272000 -23.662001
c<A>r<207>R<LEU> -7.858000 8.452000 -19.146999
c<A>r<346>R<ASN> -13.928000 8.173000 -14.262000
c<A>r<347>R<TYR> -12.413000 4.725000 -14.299000
c<A>r<348>R<GLY> -9.602000 2.791000 -12.791000
c<A>r<349>R<LEU> -9.657000 4.382000 -9.342000
c<A>r<350>R<VAL> -8.805000 1.848000 -6.727000
c<B>r<3>R<ASN> -20.254000 -0.051000 -14.087000
c<B>r<5>R<ASP> -22.610001 3.940000 -16.402000
c<B>r<9>R<VAL> -15.034000 -2.761000 -17.055000
c<B>r<10>R<ASP> -12.283000 -5.329000 -16.483999
c<B>r<11>R<GLU> -10.711000 -6.575000 -13.331000
c<B>r<12>R<PHE> -8.689000 -3.390000 -13.107000
c<B>r<13>R<GLY> -11.691000 -1.133000 -13.361000
c<B>r<14>R<LEU> -10.868000 -0.140000 -17.000999
c<B>r<15>R<PRO> -13.493000 -0.008000 -19.907000
c<B>r<16>R<GLN> -13.287000 -3.092000 -22.157000
c<B>r<17>R<ILE> -11.931000 -2.205000 -25.520000
