c<A>r<14>R<GLU> -13.060000 6.922000 -12.583000
c<A>r<17>R<SER> -16.625999 5.755000 -7.785000
c<A>r<23>R<LYS> -12.215000 6.135000 -0.456000
c<A>r<24>R<ILE> -11.133000 4.475000 2.771000
c<A>r<25>R<CYS> -14.076000 2.051000 3.426000
c<A>r<26>R<ALA> -15.650000 2.297000 -0.015000
c<A>r<27>R<GLU> -18.902000 1.835000 1.869000
c<A>r<45>R<CYS> -13.354000 5.690000 9.104000
c<A>r<46>R<LEU> -11.809000 8.663000 10.881000
c<A>r<48>R<SER> -11.535000 3.794000 13.344000
c<A>r<49>R<TRP> -8.242000 5.210000 12.245000
c<A>r<50>R<GLN> -7.788000 7.212000 15.536000
c<A>r<51>R<GLU> -8.794000 4.163000 17.559000
c<A>r<52>R<SER> -6.175000 2.051000 15.733000
c<A>r<53>R<GLU> -3.582000 4.600000 17.079000
c<A>r<54>R<GLY> -3.288000 6.069000 13.621000
c<A>r<55>R<GLN> -1.894000 9.537000 13.566000
c<A>r<56>R<GLY> -2.665000 12.419000 11.242000
c<A>r<57>R<CYS> -4.665000 12.612000 8.071000
c<A>r<58>R<PRO> -4.848000 9.087000 6.432000
c<A>r<59>R<PHE> -4.260000 10.827000 3.104000
c<A>r<60>R<CYS> -1.411000 13.376000 3.699000
c<A>r<61>R<ARG> -0.263000 12.445000 7.223000
c<B>r<1>R<ALA> -12.803000 -5.013000 4.839000
c<B>r<2>R<LEU> -14.284000 -7.093000 2.079000
c<B>r<3>R<LYS> -15.845000 -4.167000 0.208000
c<B>r<4>R<ARG> -12.566000 -2.294000 0.281000
c<B>r<5>R<ILE> -10.630000 -5.348000 -0.898000
c<B>r<6>R<HIS> -13.002000 -5.909000 -3.810000
c<B>r<7>R<LYS> -12.663000 -2.334000 -4.833000
c<B>r<8>R<GLU> -8.906000 -2.625000 -4.869000
c<B>r<11>R<ASP> -8.833000 -1.041000 -9.489000
c<B>r<14>R<ARG> -8.437000 -1.554000 -14.482000
c<B>r<58>R<ASP> -9.710000 -4.684000 9.991000
c<B>r<59>R<TYR> -8.198000 -3.696000 6.649000
c<B>r<60>R<PRO> -7.492000 -0.998000 5.604000
c<B>r<61>R<PHE> -6.888000 0.273000 9.232000
c<B>r<62>R<LYS> -4.065000 -2.290000 9.560000
c<B>r<90>R<SER> 4.797000 2.000000 11.385000
c<B>r<91>R<GLN> 4.068000 4.115000 8.280000
c<B>r<92>R<TRP> 0.950000 2.284000 7.141000
c<B>r<93>R<SER> -2.129000 4.460000 6.287000
c<B>r<94>R<PRO> -5.651000 3.276000 5.309000
c<B>r<95>R<ALA> -5.207000 5.589000 2.290000
c<B>r<96>R<LEU> -2.531000 3.169000 1.061000
c<B>r<97>R<THR> -3.581000 0.359000 -1.336000
