1765108765271 0.1517861783504486 33
1765108772831 0.13995245099067688 67
1765108781125 0.1491398811340332 101
1765108788752 0.1512433886528015 135
1765108796316 0.14201141893863678 169
1765108804045 0.1356825977563858 203
1765108811715 0.14107246696949005 237
1765108819153 0.14795267581939697 271
1765108826695 0.12521106004714966 305
1765108834288 0.15415138006210327 339
1765108841870 0.14524435997009277 373
1765108849717 0.13992463052272797 407
1765108857781 0.1611921340227127 441
1765108865473 0.14957566559314728 475
1765108873341 0.13917365670204163 509
1765108880955 0.14288923144340515 543
1765108888849 0.12809987366199493 577
1765108896302 0.13463935256004333 611
1765108904246 0.09446718543767929 645
1765108912016 0.106846384704113 679
1765108919911 0.09092408418655396 713
1765108927761 0.08307584375143051 747
1765108935362 0.09589865058660507 781
1765108943249 0.08523955196142197 815
1765108950920 0.09334010630846024 849
1765108958914 0.09098134934902191 883
1765108966492 0.08971118181943893 917
1765108974380 0.09515243768692017 951
1765108982280 0.08009663969278336 985
1765108990087 0.07405153661966324 1019
1765108997896 0.07692752033472061 1053
1765109005464 0.08009881526231766 1087
1765109013334 0.0866955816745758 1121
1765109021141 0.08425690233707428 1155
1765109028843 0.07354512810707092 1189
1765109036546 0.09103734791278839 1223
1765109044279 0.06779825687408447 1257
1765109052108 0.06475384533405304 1291
1765109059670 0.07657288759946823 1325
1765109067413 0.0827036127448082 1359
1765109074993 0.0731486827135086 1393
1765109083134 0.06782814115285873 1427
1765109090787 0.07871264219284058 1461
1765109098734 0.06431831419467926 1495
1765109106506 0.07290835678577423 1529
1765109114053 0.0707281082868576 1563
1765109121778 0.0713762640953064 1597
1765109129442 0.07388640940189362 1631
1765109137253 0.08536279201507568 1665
1765109145277 0.06507591158151627 1699
1765109153340 0.07555914670228958 1733
1765109161164 0.06658071279525757 1767
1765109169027 0.062185224145650864 1801
1765109177128 0.07423240691423416 1835
1765109184941 0.07188282907009125 1869
1765109193084 0.06708485633134842 1903
1765109200765 0.07070159167051315 1937
1765109208631 0.0604693666100502 1971
1765109216322 0.07143998891115189 2005
1765109224247 0.07014212012290955 2039
1765109232070 0.05737229809165001 2073
1765109240155 0.07661646604537964 2107
1765109248216 0.06432176381349564 2141
1765109255808 0.055844686925411224 2175
1765109263646 0.06175461784005165 2209
1765109271426 0.06553227454423904 2243
1765109279349 0.056264374405145645 2277
1765109287156 0.07061988115310669 2311
1765109295189 0.057084280997514725 2345
1765109303120 0.05883009359240532 2379
1765109311001 0.06632261723279953 2413
1765109318941 0.0502028726041317 2447
1765109326798 0.05173740163445473 2481
1765109334484 0.060586921870708466 2515
1765109342487 0.05391005426645279 2549
1765109350666 0.05558585375547409 2583
1765109358346 0.04763208329677582 2617
1765109366253 0.050396792590618134 2651
1765109374339 0.05855754762887955 2685
1765109382200 0.055102597922086716 2719
1765109389915 0.059292666614055634 2753
1765109397640 0.04949413612484932 2787
1765109405550 0.04510978236794472 2821
1765109413559 0.06483454257249832 2855
1765109421972 0.06624643504619598 2889
1765109430028 0.0641993060708046 2923
1765109438194 0.0621480792760849 2957
1765109446199 0.05301382392644882 2991
1765109454194 0.054749391973018646 3025
1765109462910 0.05648266151547432 3059
1765109471058 0.06203361228108406 3093
1765109479053 0.0642666220664978 3127
1765109487127 0.05611950159072876 3161
1765109495035 0.05567869916558266 3195
1765109502893 0.059218741953372955 3229
1765109510764 0.06018989160656929 3263
1765109518926 0.060209233313798904 3297
1765109527440 0.062351226806640625 3331
1765109535910 0.06329654902219772 3365
