c<A>r<1>R<PHE> -3.800000 8.859000 3.556000
c<A>r<2>R<LEU> -1.547000 5.788000 2.955000
c<A>r<3>R<LEU> 2.200000 5.690000 3.780000
c<A>r<4>R<GLN> 3.879000 6.963000 0.562000
c<A>r<5>R<ALA> 7.050000 4.789000 0.787000
c<A>r<6>R<PRO> 5.307000 1.344000 1.325000
c<A>r<7>R<LEU> 2.610000 2.327000 -1.227000
c<A>r<8>R<GLN> 5.179000 3.425000 -3.865000
c<A>r<9>R<ARG> 7.105000 0.146000 -3.314000
c<A>r<10>R<ARG> 3.868000 -1.924000 -3.681000
c<A>r<11>R<ILE> 2.861000 0.012000 -6.853000
c<A>r<12>R<LEU> 6.370000 -0.454000 -8.374000
c<A>r<14>R<ILE> 2.982000 -4.657000 -9.275000
c<A>r<15>R<GLY> 4.153000 -2.328000 -12.104000
c<A>r<16>R<LYS> 7.317000 -4.420000 -12.767000
c<A>r<17>R<LYS> 5.144000 -7.586000 -13.209000
c<A>r<18>R<HIS> 3.319000 -5.662000 -15.992000
c<A>r<19>R<GLY> 6.480000 -4.059000 -17.563000
c<A>r<20>R<ILE> 5.951000 -0.617000 -15.936000
c<A>r<21>R<THR> 9.397000 0.709000 -14.871000
c<A>r<22>R<GLU> 8.409000 4.292000 -13.974000
c<A>r<23>R<LEU> 5.814000 5.754000 -11.595000
c<A>r<24>R<HIS> 4.586000 9.353000 -11.698000
c<A>r<25>R<PRO> 4.809000 10.938000 -8.150000
c<A>r<26>R<ASP> 1.144000 12.053000 -8.357000
c<A>r<27>R<VAL> -0.011000 8.399000 -8.907000
c<A>r<28>R<VAL> 1.070000 7.560000 -5.321000
c<A>r<29>R<SER> -0.979000 10.546000 -4.047000
c<A>r<30>R<TYR> -3.953000 9.675000 -6.309000
c<A>r<31>R<VAL> -4.042000 5.922000 -5.362000
c<A>r<32>R<SER> -3.626000 6.971000 -1.679000
c<A>r<34>R<ALA> -8.642000 6.647000 -4.030000
c<A>r<35>R<THR> -8.025000 3.978000 -1.346000
c<A>r<36>R<GLN> -9.065000 6.449000 1.397000
c<A>r<37>R<GLN> -12.499000 7.232000 -0.134000
c<A>r<38>R<ARG> -12.942000 3.506000 -0.998000
c<A>r<39>R<LEU> -12.473000 2.674000 2.711000
c<A>r<40>R<GLN> -14.645000 5.667000 3.737000
c<A>r<41>R<ASN> -17.554001 4.462000 1.523000
c<A>r<42>R<LEU> -17.184000 0.947000 3.066000
c<A>r<43>R<VAL> -17.225000 2.340000 6.643000
c<A>r<44>R<GLU> -20.278999 4.495000 5.728000
c<A>r<46>R<ILE> -21.174000 -0.608000 7.584000
c<A>r<47>R<SER> -22.461000 2.313000 9.759000
c<A>r<48>R<GLU> -25.639999 2.759000 7.558000
c<B>r<1>R<HIS> 0.451000 -2.959000 5.290000
c<B>r<2>R<VAL> 0.472000 0.397000 3.381000
c<B>r<3>R<LEU> -2.217000 1.461000 5.909000
c<B>r<4>R<THR> -1.857000 1.235000 9.721000
c<B>r<7>R<LYS> -5.026000 5.451000 10.285000
c<B>r<8>R<LEU> -7.991000 3.192000 9.499000
c<B>r<11>R<LEU> -10.782000 7.442000 9.119000
c<B>r<12>R<VAL> -13.594000 5.464000 10.841000
c<B>r<13>R<ARG> -13.880000 8.096000 13.609000
c<B>r<14>R<GLU> -14.147000 10.803000 10.886000
c<B>r<15>R<VAL> -17.195999 8.925000 9.422000
c<B>r<16>R<ASP> -18.775000 7.750000 12.715000
c<B>r<18>R<ASN> -19.311001 5.607000 17.695999
c<B>r<19>R<GLU> -18.407000 2.832000 15.169000
c<B>r<20>R<GLN> -16.106001 0.021000 16.472000
c<B>r<21>R<LEU> -14.546000 -1.843000 13.514000
c<B>r<24>R<ASP> -13.878000 -5.486000 10.377000
c<B>r<25>R<VAL> -10.460000 -3.668000 10.607000
c<B>r<28>R<LEU> -10.804000 -3.347000 5.596000
c<B>r<29>R<LEU> -6.964000 -3.547000 5.615000
c<B>r<31>R<ILE> -9.808000 -4.643000 0.995000
c<B>r<32>R<ALA> -7.352000 -1.680000 0.890000
c<B>r<33>R<ASP> -4.479000 -3.948000 -0.302000
c<B>r<34>R<ASP> -6.778000 -5.763000 -2.842000
c<B>r<35>R<PHE> -8.142000 -2.397000 -4.101000
c<B>r<36>R<ILE> -4.573000 -1.075000 -4.631000
c<B>r<37>R<GLU> -3.562000 -4.321000 -6.399000
c<B>r<38>R<SER> -6.649000 -4.211000 -8.686000
c<B>r<39>R<VAL> -6.378000 -0.448000 -9.447000
c<B>r<40>R<VAL> -2.598000 -0.551000 -10.075000
c<B>r<41>R<THR> -2.848000 -3.767000 -12.182000
c<B>r<42>R<ALA> -5.579000 -2.281000 -14.406000
c<B>r<43>R<ALA> -3.799000 1.113000 -14.637000
c<B>r<44>R<CYS> -0.572000 -0.748000 -15.636000
c<B>r<45>R<GLN> -2.556000 -2.504000 -18.438000
c<B>r<47>R<ALA> -0.308000 2.458000 -19.499001
c<B>r<48>R<ARG> 0.952000 -0.514000 -21.618000
c<B>r<52>R<SER> 4.043000 3.715000 -21.993999
c<B>r<53>R<SER> 6.508000 2.200000 -19.476999
c<B>r<54>R<THR> 5.384000 4.999000 -17.076000
c<B>r<55>R<LEU> 2.274000 4.688000 -14.875000
c<B>r<56>R<GLU> 0.450000 8.051000 -14.979000
c<B>r<57>R<VAL> -2.561000 9.455000 -13.017000
c<B>r<58>R<LYS> -4.700000 9.310000 -16.212000
c<B>r<59>R<ASP> -4.339000 5.481000 -16.319000
c<B>r<60>R<VAL> -5.567000 5.178000 -12.703000
c<B>r<61>R<GLN> -8.293000 7.829000 -13.194000
c<B>r<64>R<LEU> -11.616000 4.416000 -11.437000
c<B>r<68>R<TRP> -15.793000 2.446000 -9.612000
c<B>r<70>R<TRP> -15.529000 7.746000 -9.531000
