c<A>r<7>R<TYR> 58.296001 25.378000 9.050000
c<A>r<8>R<PHE> 61.084999 23.174999 7.725000
c<A>r<9>R<PHE> 61.692001 19.628000 8.979000
c<A>r<10>R<THR> 64.523003 17.295000 8.125000
c<A>r<11>R<SER> 64.957001 13.711000 9.357000
c<A>r<12>R<VAL> 67.994003 11.616000 8.447000
c<A>r<14>R<ARG> 71.140999 6.421000 10.947000
c<A>r<15>R<PRO> 71.387001 2.863000 9.741000
c<A>r<16>R<GLY> 74.289001 1.915000 11.993000
c<A>r<17>R<ARG> 72.584999 2.772000 15.268000
c<A>r<18>R<GLY> 69.708000 4.663000 16.773001
c<A>r<19>R<GLU> 66.899002 6.845000 15.641000
c<A>r<20>R<PRO> 66.958000 9.536000 13.002000
c<A>r<21>R<ARG> 68.594002 12.939000 13.401000
c<A>r<22>R<PHE> 65.723000 15.455000 13.353000
c<A>r<23>R<ILE> 65.991997 19.226000 12.884000
c<A>r<24>R<ALA> 63.040001 21.600000 12.767000
c<A>r<25>R<VAL> 63.214001 25.329000 12.075000
c<A>r<26>R<GLY> 60.505001 27.966000 11.911000
c<A>r<32>R<GLN> 64.314003 32.155998 11.728000
c<A>r<34>R<VAL> 62.506001 28.832001 16.579000
c<A>r<35>R<ARG> 64.407997 25.556999 16.347000
c<A>r<36>R<PHE> 64.403999 21.986000 17.559999
c<A>r<37>R<ASP> 67.400002 19.711000 17.198999
c<A>r<38>R<SER> 67.208000 16.073000 18.392000
c<A>r<39>R<ASP> 70.959000 16.200001 19.018000
c<A>r<40>R<ALA> 70.615997 19.073000 21.561001
c<A>r<41>R<ALA> 70.350998 18.363001 25.292000
c<A>r<42>R<SER> 67.246002 20.406000 26.024000
c<A>r<43>R<GLN> 64.885002 18.323999 23.952999
c<A>r<44>R<ARG> 62.757999 21.452000 23.719000
c<A>r<48>R<ARG> 65.931000 32.047001 17.943001
c<A>r<68>R<LYS> 58.452999 15.782000 19.073999
c<A>r<71>R<SER> 59.773998 13.708000 14.750000
c<A>r<72>R<GLN> 58.056000 10.402000 15.457000
c<A>r<90>R<ALA> 72.259003 -0.267000 5.236000
c<A>r<91>R<GLY> 71.885002 3.211000 3.773000
c<A>r<92>R<SER> 71.030998 6.583000 5.272000
c<A>r<93>R<HIS> 67.941002 8.269000 3.831000
c<A>r<94>R<THR> 66.283997 11.647000 4.264000
c<A>r<96>R<GLN> 62.047001 16.667999 4.312000
c<A>r<97>R<ARG> 58.779999 18.472000 4.933000
c<A>r<98>R<MET> 57.889999 22.158001 4.551000
c<A>r<116>R<TYR> 57.159000 16.431000 1.332000
c<A>r<117>R<ALA> 60.382000 14.960000 -0.187000
c<A>r<118>R<TYR> 62.195000 11.660000 0.118000
c<A>r<119>R<ASP> 65.955002 11.535000 -0.682000
c<A>r<120>R<GLY> 65.802002 15.108000 -2.021000
c<A>r<121>R<LYS> 63.076000 14.475000 -4.557000
c<A>r<122>R<ASP> 59.433998 15.417000 -4.572000
c<A>r<190>R<THR> 83.772003 50.178001 -6.691000
c<A>r<202>R<ARG> 81.286003 46.182999 -8.981000
c<A>r<204>R<TRP> 77.248001 46.173000 -4.040000
c<A>r<206>R<LEU> 74.435997 45.324001 1.515000
c<A>r<207>R<SER> 72.480003 44.995998 4.717000
c<A>r<230>R<LEU> 77.903999 38.039001 -9.737000
c<A>r<231>R<VAL> 77.446999 36.193001 -6.535000
c<A>r<232>R<GLU> 74.397003 34.502998 -5.170000
c<A>r<234>R<ARG> 74.188004 35.460999 0.921000
c<A>r<235>R<PRO> 73.466003 36.051998 4.591000
c<A>r<236>R<ALA> 75.484001 38.698002 6.423000
c<A>r<237>R<GLY> 74.986000 36.837002 9.716000
c<A>r<238>R<ASP> 73.080002 39.617001 11.443000
c<A>r<240>R<THR> 70.386002 40.855000 6.607000
c<A>r<241>R<PHE> 71.647003 39.826000 3.197000
c<A>r<242>R<GLN> 74.351997 40.799000 0.661000
c<A>r<243>R<LYS> 74.834000 40.603001 -3.112000
c<A>r<244>R<TRP> 77.049004 42.091000 -5.795000
c<B>r<0>R<MET> 70.164001 8.582000 -4.393000
c<B>r<1>R<ILE> 70.588997 12.187000 -5.552000
c<B>r<2>R<GLN> 73.879997 13.825000 -4.505000
c<B>r<3>R<ARG> 74.621002 17.500999 -4.976000
c<B>r<6>R<LYS> 78.463997 25.745001 -3.396000
c<B>r<8>R<GLN> 81.183998 31.465000 -0.418000
c<B>r<9>R<VAL> 83.727997 32.812000 2.059000
c<B>r<10>R<TYR> 83.382004 36.476002 3.018000
c<B>r<11>R<SER> 83.311996 38.957001 5.861000
c<B>r<12>R<ARG> 80.208000 40.556999 7.262000
c<B>r<13>R<HIS> 81.737000 44.067001 6.931000
c<B>r<22>R<PHE> 82.925003 38.403999 11.278000
c<B>r<23>R<LEU> 84.129997 35.674000 8.877000
c<B>r<24>R<ASN> 81.438004 33.721001 7.124000
c<B>r<25>R<CYS> 81.420998 30.517000 5.160000
c<B>r<26>R<TYR> 78.056999 29.988001 3.404000
c<B>r<27>R<VAL> 77.540001 26.479000 2.060000
c<B>r<28>R<SER> 74.472000 25.770000 -0.088000
c<B>r<30>R<PHE> 74.139000 20.312000 -1.249000
c<B>r<31>R<HIS> 72.469002 16.931000 -0.585000
c<B>r<32>R<PRO> 72.647003 14.857000 1.586000
c<B>r<33>R<SER> 72.849998 17.084999 4.662000
c<B>r<34>R<ASP> 75.922997 15.650000 6.399000
c<B>r<35>R<ILE> 78.789001 18.070000 5.888000
c<B>r<36>R<GLU> 81.961998 19.150000 7.683000
c<B>r<37>R<VAL> 82.911003 22.816999 7.721000
c<B>r<38>R<ASP> 85.834999 24.525000 9.382000
c<B>r<45>R<ARG> 91.089996 25.368000 12.590000
c<B>r<46>R<ILE> 89.507004 28.316000 14.398000
c<B>r<47>R<GLU> 87.974998 27.149000 17.684000
c<B>r<48>R<LYS> 84.932999 29.150999 18.334999
c<B>r<49>R<VAL> 83.037003 28.738001 15.066000
c<B>r<50>R<GLU> 79.274002 28.545000 15.190000
c<B>r<51>R<HIS> 76.681999 27.591000 12.637000
c<B>r<52>R<SER> 73.098999 28.098000 11.682000
c<B>r<53>R<ASP> 70.334000 25.533001 11.967000
c<B>r<54>R<LEU> 69.892998 23.285999 8.917000
c<B>r<55>R<SER> 67.377998 24.497000 6.382000
c<B>r<56>R<PHE> 66.653000 23.938999 2.708000
c<B>r<57>R<SER> 65.664001 25.530001 -0.552000
c<B>r<58>R<LYS> 63.001999 25.054001 -3.205000
c<B>r<59>R<ASP> 64.914001 22.290001 -4.871000
c<B>r<60>R<TRP> 65.281998 20.533001 -1.493000
c<B>r<61>R<SER> 69.012001 21.264999 -1.288000
c<B>r<62>R<PHE> 70.425003 22.263000 2.053000
c<B>r<64>R<LEU> 74.174004 26.438999 6.320000
c<B>r<65>R<LEU> 76.129997 29.471001 7.511000
c<B>r<66>R<TYR> 79.302002 28.924000 9.603000
c<B>r<67>R<TYR> 80.771004 32.050999 11.265000
c<B>r<68>R<THR> 83.151001 33.473000 13.773000
c<B>r<82>R<VAL> 84.492996 21.743999 3.526000
c<B>r<83>R<ASN> 84.027000 18.028999 3.316000
c<B>r<84>R<HIS> 81.002998 16.221001 1.894000
c<B>r<85>R<VAL> 80.386002 12.796000 0.370000
c<B>r<86>R<THR> 80.514999 14.361000 -3.084000
c<B>r<87>R<LEU> 84.191002 15.444000 -2.529000
c<B>r<88>R<SER> 87.346001 13.226000 -2.873000
c<B>r<89>R<GLN> 89.178001 15.274000 -0.292000
c<B>r<90>R<PRO> 88.422997 18.417999 1.759000
c<B>r<98>R<ASP> 87.293999 42.131001 -2.212000
c<B>r<99>R<MET> 84.400002 39.790001 -2.833000
c<D>r<10>R<ALA> 67.814003 -1.584000 23.546000
c<D>r<11>R<GLU> 65.352997 -0.322000 20.950001
c<D>r<12>R<PRO> 66.042000 1.626000 18.785999
c<D>r<13>R<GLY> 69.550003 1.376000 20.209999
c<D>r<14>R<SER> 71.843002 2.057000 23.155001
c<D>r<15>R<VAL> 72.834000 5.549000 21.966000
c<D>r<16>R<ILE> 69.806999 7.841000 22.261999
c<D>r<17>R<THR> 69.351997 11.577000 21.708000
c<D>r<18>R<GLN> 68.200996 13.392000 24.847000
c<D>r<19>R<GLY> 64.426003 13.391000 25.246000
c<D>r<20>R<SER> 63.816002 10.482000 22.858999
c<D>r<21>R<PRO> 62.247002 7.175000 23.934000
c<D>r<22>R<VAL> 64.130997 3.920000 24.392000
c<D>r<64>R<SER> 61.770000 10.259000 27.361000
c<D>r<65>R<ILE> 65.415001 9.627000 28.247999
c<D>r<66>R<THR> 67.355003 12.071000 30.426001
c<D>r<67>R<TRP> 70.898003 12.356000 31.834000
c<D>r<95>R<VAL> 72.445999 9.940000 25.959999
c<D>r<96>R<THR> 73.681999 12.338000 23.274000
c<D>r<97>R<GLY> 73.223999 16.048000 22.677999
c<D>r<98>R<ALA> 74.915001 17.499001 25.750000
c<D>r<99>R<TYR> 77.612000 19.385000 23.812000
c<D>r<100>R<ILE> 78.378998 21.046000 20.476999
c<D>r<101>R<LYS> 79.113998 18.521000 17.745001
c<D>r<102>R<PRO> 82.685997 17.773001 16.614000
c<D>r<103>R<THR> 83.781998 17.434000 12.984000
c<D>r<104>R<LEU> 84.843002 14.110000 11.485000
c<D>r<105>R<SER> 87.272003 13.818000 8.575000
c<D>r<106>R<ALA> 89.308998 11.125000 6.817000
c<D>r<107>R<GLN> 93.043999 11.225000 6.054000
c<D>r<108>R<PRO> 94.356003 11.132000 3.416000
c<D>r<109>R<SER> 90.737000 11.190000 2.248000
c<D>r<110>R<PRO> 87.250000 9.547000 2.294000
c<D>r<111>R<VAL> 88.025002 7.714000 -0.946000
c<D>r<112>R<VAL> 90.380997 4.780000 -0.466000
c<D>r<123>R<ASP> 88.000999 17.665001 15.904000
c<D>r<124>R<SER> 86.228996 19.827999 18.473000
c<D>r<125>R<GLN> 85.966003 23.618000 18.639000
c<D>r<126>R<VAL> 86.705002 23.368000 22.368000
c<D>r<127>R<ALA> 88.665001 21.000999 24.606001
c<D>r<134>R<CYS> 80.971001 4.851000 16.079000
c<D>r<135>R<LYS> 80.551003 2.789000 12.931000
c<D>r<136>R<GLU> 76.984001 3.191000 11.665000
c<D>r<143>R<GLN> 79.920998 -0.209000 17.122000
c<D>r<155>R<SER> 90.502998 19.084000 21.101999
c<D>r<168>R<ARG> 80.709999 -3.595000 3.474000
c<D>r<169>R<ARG> 79.375999 -0.113000 4.134000
c<D>r<170>R<TRP> 81.719002 2.212000 6.021000
c<D>r<171>R<TRP> 79.709000 4.959000 7.717000
c<D>r<172>R<TYR> 80.941002 6.804000 10.794000
c<D>r<173>R<ARG> 80.044998 9.530000 13.271000
c<D>r<184>R<GLU> 76.662003 11.664000 28.172001
c<D>r<185>R<TRP> 77.966003 12.518000 24.712000
c<D>r<186>R<SER> 77.912003 15.571000 22.472000
c<D>r<187>R<LEU> 75.684998 15.960000 19.445000
c<D>r<188>R<PRO> 76.938004 13.503000 16.809999
c<D>r<189>R<SER> 79.272003 14.730000 14.077000
c<D>r<190>R<ASP> 77.907997 14.751000 10.543000
c<D>r<191>R<LEU> 77.889000 11.270000 9.016000
c<D>r<192>R<LEU> 81.095001 10.412000 7.154000
c<D>r<193>R<GLU> 80.903000 7.844000 4.372000
c<D>r<194>R<LEU> 84.064003 6.135000 3.165000
c<D>r<195>R<LEU> 84.075996 5.244000 -0.533000
