c<A>r<7>R<TYR> 58.296001 25.378000 9.050000
c<A>r<8>R<PHE> 61.084999 23.174999 7.725000
c<A>r<9>R<PHE> 61.692001 19.628000 8.979000
c<A>r<10>R<THR> 64.523003 17.295000 8.125000
c<A>r<11>R<SER> 64.957001 13.711000 9.357000
c<A>r<12>R<VAL> 67.994003 11.616000 8.447000
c<A>r<22>R<PHE> 65.723000 15.455000 13.353000
c<A>r<23>R<ILE> 65.991997 19.226000 12.884000
c<A>r<24>R<ALA> 63.040001 21.600000 12.767000
c<A>r<25>R<VAL> 63.214001 25.329000 12.075000
c<A>r<26>R<GLY> 60.505001 27.966000 11.911000
c<A>r<32>R<GLN> 64.314003 32.155998 11.728000
c<A>r<34>R<VAL> 62.506001 28.832001 16.579000
c<A>r<35>R<ARG> 64.407997 25.556999 16.347000
c<A>r<36>R<PHE> 64.403999 21.986000 17.559999
c<A>r<37>R<ASP> 67.400002 19.711000 17.198999
c<A>r<48>R<ARG> 65.931000 32.047001 17.943001
c<A>r<91>R<GLY> 71.885002 3.211000 3.773000
c<A>r<92>R<SER> 71.030998 6.583000 5.272000
c<A>r<93>R<HIS> 67.941002 8.269000 3.831000
c<A>r<94>R<THR> 66.283997 11.647000 4.264000
c<A>r<96>R<GLN> 62.047001 16.667999 4.312000
c<A>r<97>R<ARG> 58.779999 18.472000 4.933000
c<A>r<98>R<MET> 57.889999 22.158001 4.551000
c<A>r<116>R<TYR> 57.159000 16.431000 1.332000
c<A>r<117>R<ALA> 60.382000 14.960000 -0.187000
c<A>r<118>R<TYR> 62.195000 11.660000 0.118000
c<A>r<119>R<ASP> 65.955002 11.535000 -0.682000
c<A>r<120>R<GLY> 65.802002 15.108000 -2.021000
c<A>r<121>R<LYS> 63.076000 14.475000 -4.557000
c<A>r<122>R<ASP> 59.433998 15.417000 -4.572000
c<A>r<190>R<THR> 83.772003 50.178001 -6.691000
c<A>r<191>R<HIS> 86.207001 50.543999 -9.554000
c<A>r<192>R<HIS> 89.513000 48.866001 -10.130000
c<A>r<193>R<ALA> 91.764999 48.514999 -13.122000
c<A>r<194>R<VAL> 92.331001 45.023998 -14.539000
c<A>r<195>R<SER> 94.824997 46.394001 -17.135000
c<A>r<196>R<ASP> 95.866997 49.712002 -18.502001
c<A>r<197>R<HIS> 92.769997 49.659000 -20.737000
c<A>r<198>R<GLU> 89.978996 47.891998 -18.825001
c<A>r<199>R<ALA> 88.384003 48.202000 -15.466000
c<A>r<200>R<THR> 85.910004 46.289001 -13.333000
c<A>r<201>R<LEU> 82.897003 48.000999 -11.903000
c<A>r<202>R<ARG> 81.286003 46.182999 -8.981000
c<A>r<204>R<TRP> 77.248001 46.173000 -4.040000
c<A>r<206>R<LEU> 74.435997 45.324001 1.515000
c<A>r<207>R<SER> 72.480003 44.995998 4.717000
c<A>r<227>R<ASP> 80.946999 40.529999 -19.569000
c<A>r<230>R<LEU> 77.903999 38.039001 -9.737000
c<A>r<231>R<VAL> 77.446999 36.193001 -6.535000
c<A>r<232>R<GLU> 74.397003 34.502998 -5.170000
c<A>r<234>R<ARG> 74.188004 35.460999 0.921000
c<A>r<235>R<PRO> 73.466003 36.051998 4.591000
c<A>r<236>R<ALA> 75.484001 38.698002 6.423000
c<A>r<237>R<GLY> 74.986000 36.837002 9.716000
c<A>r<238>R<ASP> 73.080002 39.617001 11.443000
c<A>r<240>R<THR> 70.386002 40.855000 6.607000
c<A>r<241>R<PHE> 71.647003 39.826000 3.197000
c<A>r<242>R<GLN> 74.351997 40.799000 0.661000
c<A>r<243>R<LYS> 74.834000 40.603001 -3.112000
c<A>r<244>R<TRP> 77.049004 42.091000 -5.795000
c<A>r<248>R<VAL> 84.313004 44.660999 -17.136999
c<A>r<250>R<PRO> 86.866997 49.789001 -21.379999
c<A>r<251>R<SER> 88.661003 52.344002 -19.205999
c<A>r<252>R<GLY> 87.234001 55.768002 -19.850000
c<A>r<253>R<GLN> 83.802002 54.463001 -20.723000
c<A>r<254>R<GLU> 82.527000 53.917999 -17.236000
c<A>r<255>R<GLN> 79.844002 56.564999 -17.471001
c<A>r<256>R<ARG> 77.928001 54.505001 -20.034000
c<A>r<273>R<ARG> 76.783997 55.188000 -11.971000
c<A>r<274>R<TRP> 80.470001 55.549000 -11.481000
c<A>r<275>R<GLU> 81.912003 59.098999 -11.151000
c<B>r<0>R<MET> 70.164001 8.582000 -4.393000
c<B>r<1>R<ILE> 70.588997 12.187000 -5.552000
c<B>r<2>R<GLN> 73.879997 13.825000 -4.505000
c<B>r<3>R<ARG> 74.621002 17.500999 -4.976000
c<B>r<6>R<LYS> 78.463997 25.745001 -3.396000
c<B>r<8>R<GLN> 81.183998 31.465000 -0.418000
c<B>r<9>R<VAL> 83.727997 32.812000 2.059000
c<B>r<10>R<TYR> 83.382004 36.476002 3.018000
c<B>r<11>R<SER> 83.311996 38.957001 5.861000
c<B>r<12>R<ARG> 80.208000 40.556999 7.262000
c<B>r<13>R<HIS> 81.737000 44.067001 6.931000
c<B>r<17>R<ASN> 93.302002 45.359001 9.603000
c<B>r<22>R<PHE> 82.925003 38.403999 11.278000
c<B>r<23>R<LEU> 84.129997 35.674000 8.877000
c<B>r<24>R<ASN> 81.438004 33.721001 7.124000
c<B>r<25>R<CYS> 81.420998 30.517000 5.160000
c<B>r<26>R<TYR> 78.056999 29.988001 3.404000
c<B>r<27>R<VAL> 77.540001 26.479000 2.060000
c<B>r<28>R<SER> 74.472000 25.770000 -0.088000
c<B>r<30>R<PHE> 74.139000 20.312000 -1.249000
c<B>r<31>R<HIS> 72.469002 16.931000 -0.585000
c<B>r<32>R<PRO> 72.647003 14.857000 1.586000
c<B>r<33>R<SER> 72.849998 17.084999 4.662000
c<B>r<34>R<ASP> 75.922997 15.650000 6.399000
c<B>r<51>R<HIS> 76.681999 27.591000 12.637000
c<B>r<52>R<SER> 73.098999 28.098000 11.682000
c<B>r<53>R<ASP> 70.334000 25.533001 11.967000
c<B>r<54>R<LEU> 69.892998 23.285999 8.917000
c<B>r<55>R<SER> 67.377998 24.497000 6.382000
c<B>r<56>R<PHE> 66.653000 23.938999 2.708000
c<B>r<57>R<SER> 65.664001 25.530001 -0.552000
c<B>r<58>R<LYS> 63.001999 25.054001 -3.205000
c<B>r<59>R<ASP> 64.914001 22.290001 -4.871000
c<B>r<60>R<TRP> 65.281998 20.533001 -1.493000
c<B>r<61>R<SER> 69.012001 21.264999 -1.288000
c<B>r<62>R<PHE> 70.425003 22.263000 2.053000
c<B>r<64>R<LEU> 74.174004 26.438999 6.320000
c<B>r<65>R<LEU> 76.129997 29.471001 7.511000
c<B>r<66>R<TYR> 79.302002 28.924000 9.603000
c<B>r<67>R<TYR> 80.771004 32.050999 11.265000
c<B>r<68>R<THR> 83.151001 33.473000 13.773000
c<B>r<73>R<THR> 95.542999 41.623001 9.529000
c<B>r<74>R<GLU> 97.886002 41.997002 6.724000
c<B>r<75>R<LYS> 99.862000 38.785999 7.351000
c<B>r<76>R<ASP> 97.039001 36.438000 8.282000
c<B>r<77>R<GLU> 95.296997 34.250000 5.752000
c<B>r<91>R<LYS> 87.855003 21.492001 -0.400000
c<B>r<92>R<ILE> 89.543999 24.660999 0.814000
c<B>r<93>R<VAL> 88.399002 28.063999 -0.351000
c<B>r<94>R<LYS> 90.541000 31.117001 0.512000
c<B>r<95>R<TRP> 89.014999 34.308998 1.828000
c<B>r<96>R<ASP> 89.549004 37.195999 -0.671000
c<B>r<97>R<ARG> 88.648003 40.488998 0.988000
c<B>r<98>R<ASP> 87.293999 42.131001 -2.212000
c<B>r<99>R<MET> 84.400002 39.790001 -2.833000
c<D>r<7>R<THR> 90.498001 38.701000 -19.139999
c<D>r<8>R<LEU> 92.952003 39.681999 -16.400000
c<D>r<9>R<TRP> 92.190002 42.230000 -13.692000
c<D>r<10>R<ALA> 93.055000 43.047001 -10.093000
c<D>r<11>R<GLU> 90.918999 43.653000 -7.018000
c<D>r<12>R<PRO> 90.567001 46.324001 -5.714000
c<D>r<13>R<GLY> 92.721001 47.574001 -8.577000
c<D>r<14>R<SER> 96.128998 47.537998 -10.243000
c<D>r<15>R<VAL> 97.471001 50.509998 -8.254000
c<D>r<19>R<GLY> 101.378998 46.717999 2.390000
c<D>r<20>R<SER> 97.757004 46.462002 1.233000
c<D>r<21>R<PRO> 96.231003 43.276001 -0.208000
c<D>r<22>R<VAL> 95.447998 42.702000 -3.869000
c<D>r<23>R<THR> 94.117996 39.712002 -5.762000
c<D>r<24>R<LEU> 94.940002 39.221001 -9.428000
c<D>r<25>R<ARG> 92.073997 37.526001 -11.265000
c<D>r<26>R<CYS> 91.802002 35.631001 -14.559000
c<D>r<51>R<PRO> 97.205002 27.032000 -3.662000
c<D>r<52>R<GLN> 95.877998 24.934999 -6.535000
c<D>r<53>R<GLU> 92.416000 25.407000 -5.002000
c<D>r<54>R<LEU> 92.670998 29.132999 -5.736000
c<D>r<57>R<LYS> 89.220001 29.591999 -9.627000
c<D>r<59>R<GLN> 92.490997 33.645000 -8.013000
c<D>r<60>R<PHE> 96.042000 34.757000 -7.207000
c<D>r<61>R<PRO> 95.994003 36.683998 -3.894000
c<D>r<62>R<ILE> 98.795998 38.804001 -2.447000
c<D>r<63>R<PRO> 97.913002 39.393002 1.263000
c<D>r<64>R<SER> 100.372002 42.277000 1.621000
c<D>r<65>R<ILE> 101.953003 43.770000 -1.500000
c<D>r<72>R<ARG> 103.660004 43.439999 -15.933000
c<D>r<73>R<TYR> 101.460999 40.339001 -15.671000
c<D>r<74>R<ARG> 99.514000 38.201000 -18.132000
c<D>r<88>R<SER> 95.540001 38.026001 -21.669001
c<D>r<89>R<ASP> 96.142998 41.717999 -22.235001
c<D>r<90>R<PRO> 98.864998 42.840000 -19.785999
c<D>r<91>R<LEU> 98.167000 44.151001 -16.295000
c<D>r<92>R<GLU> 100.682999 46.547001 -14.790000
c<D>r<93>R<LEU> 100.716003 45.938999 -11.053000
c<D>r<135>R<LYS> 91.708000 59.743000 -13.762000
c<D>r<136>R<GLU> 89.737999 58.428001 -10.783000
c<D>r<143>R<GLN> 93.054001 55.379002 -16.230000
c<D>r<144>R<CYS> 96.627998 56.679001 -16.089001
c<D>r<145>R<LEU> 99.254997 58.106998 -18.452999
c<D>r<167>R<SER> 77.918999 64.287003 -17.997000
c<D>r<168>R<ARG> 81.049004 62.737000 -16.524000
c<D>r<169>R<ARG> 83.000000 63.080002 -13.296000
c<D>r<170>R<TRP> 86.514999 64.484001 -13.644000
c<D>r<171>R<TRP> 88.624001 63.416000 -10.663000
