c<A>r<7>R<TYR> 58.296001 25.378000 9.050000
c<A>r<8>R<PHE> 61.084999 23.174999 7.725000
c<A>r<9>R<PHE> 61.692001 19.628000 8.979000
c<A>r<10>R<THR> 64.523003 17.295000 8.125000
c<A>r<11>R<SER> 64.957001 13.711000 9.357000
c<A>r<12>R<VAL> 67.994003 11.616000 8.447000
c<A>r<16>R<GLY> 74.289001 1.915000 11.993000
c<A>r<17>R<ARG> 72.584999 2.772000 15.268000
c<A>r<18>R<GLY> 69.708000 4.663000 16.773001
c<A>r<19>R<GLU> 66.899002 6.845000 15.641000
c<A>r<20>R<PRO> 66.958000 9.536000 13.002000
c<A>r<22>R<PHE> 65.723000 15.455000 13.353000
c<A>r<23>R<ILE> 65.991997 19.226000 12.884000
c<A>r<24>R<ALA> 63.040001 21.600000 12.767000
c<A>r<25>R<VAL> 63.214001 25.329000 12.075000
c<A>r<26>R<GLY> 60.505001 27.966000 11.911000
c<A>r<32>R<GLN> 64.314003 32.155998 11.728000
c<A>r<34>R<VAL> 62.506001 28.832001 16.579000
c<A>r<35>R<ARG> 64.407997 25.556999 16.347000
c<A>r<36>R<PHE> 64.403999 21.986000 17.559999
c<A>r<37>R<ASP> 67.400002 19.711000 17.198999
c<A>r<38>R<SER> 67.208000 16.073000 18.392000
c<A>r<41>R<ALA> 70.350998 18.363001 25.292000
c<A>r<42>R<SER> 67.246002 20.406000 26.024000
c<A>r<43>R<GLN> 64.885002 18.323999 23.952999
c<A>r<44>R<ARG> 62.757999 21.452000 23.719000
c<A>r<48>R<ARG> 65.931000 32.047001 17.943001
c<A>r<55>R<GLU> 55.939999 33.620998 24.903000
c<A>r<56>R<GLY> 55.382999 31.867001 28.177999
c<A>r<57>R<PRO> 56.051998 28.327000 29.319000
c<A>r<58>R<GLU> 52.787998 26.997999 27.997000
c<A>r<59>R<TYR> 53.879002 27.997000 24.451000
c<A>r<60>R<TRP> 57.227001 26.187000 24.790001
c<A>r<61>R<ASP> 55.554001 23.101000 26.316999
c<A>r<62>R<GLY> 53.023998 22.864000 23.504999
c<A>r<63>R<GLU> 55.476002 23.490000 20.705000
c<A>r<64>R<THR> 57.811001 20.929001 22.177999
c<A>r<65>R<ARG> 55.123001 18.333000 22.427999
c<A>r<66>R<LYS> 53.949001 18.870001 18.862000
c<A>r<67>R<VAL> 57.426998 18.997999 17.312000
c<A>r<68>R<LYS> 58.452999 15.782000 19.073999
c<A>r<69>R<ALA> 55.345001 14.232000 17.580999
c<A>r<70>R<HIS> 56.423000 15.407000 14.135000
c<A>r<71>R<SER> 59.773998 13.708000 14.750000
c<A>r<72>R<GLN> 58.056000 10.402000 15.457000
c<A>r<73>R<THR> 56.014000 10.692000 12.296000
c<A>r<75>R<ARG> 60.783001 8.171000 12.028000
c<A>r<76>R<VAL> 57.868000 5.991000 11.013000
c<A>r<79>R<GLY> 60.898998 2.992000 7.776000
c<A>r<91>R<GLY> 71.885002 3.211000 3.773000
c<A>r<92>R<SER> 71.030998 6.583000 5.272000
c<A>r<93>R<HIS> 67.941002 8.269000 3.831000
c<A>r<94>R<THR> 66.283997 11.647000 4.264000
c<A>r<96>R<GLN> 62.047001 16.667999 4.312000
c<A>r<97>R<ARG> 58.779999 18.472000 4.933000
c<A>r<98>R<MET> 57.889999 22.158001 4.551000
c<A>r<116>R<TYR> 57.159000 16.431000 1.332000
c<A>r<117>R<ALA> 60.382000 14.960000 -0.187000
c<A>r<118>R<TYR> 62.195000 11.660000 0.118000
c<A>r<119>R<ASP> 65.955002 11.535000 -0.682000
c<A>r<120>R<GLY> 65.802002 15.108000 -2.021000
c<A>r<121>R<LYS> 63.076000 14.475000 -4.557000
c<A>r<122>R<ASP> 59.433998 15.417000 -4.572000
c<A>r<150>R<ALA> 41.660000 9.675000 6.339000
c<A>r<151>R<HIS> 40.712002 13.206000 5.241000
c<A>r<152>R<VAL> 44.167999 14.518000 5.896000
c<A>r<154>R<GLU> 40.903000 18.868999 5.433000
c<A>r<155>R<GLN> 42.793999 18.594999 8.661000
c<A>r<156>R<LEU> 45.818001 20.389999 7.286000
c<A>r<157>R<ARG> 43.645000 23.040001 5.638000
c<A>r<158>R<ALA> 41.959999 23.712999 8.971000
c<A>r<159>R<TYR> 45.346001 24.629000 10.422000
c<A>r<160>R<LEU> 46.705002 26.487000 7.381000
c<A>r<161>R<GLU> 43.603001 28.677000 7.055000
c<A>r<162>R<GLY> 43.048000 29.063000 10.770000
c<A>r<163>R<THR> 45.534000 28.533001 13.583000
c<A>r<164>R<CYS> 48.487000 29.063999 11.231000
c<A>r<166>R<GLU> 46.418999 33.433998 13.838000
c<A>r<167>R<TRP> 49.948002 32.639999 14.962000
c<A>r<170>R<ARG> 50.445000 37.436001 16.605000
c<A>r<190>R<THR> 83.772003 50.178001 -6.691000
c<A>r<202>R<ARG> 81.286003 46.182999 -8.981000
c<A>r<204>R<TRP> 77.248001 46.173000 -4.040000
c<A>r<206>R<LEU> 74.435997 45.324001 1.515000
c<A>r<207>R<SER> 72.480003 44.995998 4.717000
c<A>r<230>R<LEU> 77.903999 38.039001 -9.737000
c<A>r<231>R<VAL> 77.446999 36.193001 -6.535000
c<A>r<232>R<GLU> 74.397003 34.502998 -5.170000
c<A>r<234>R<ARG> 74.188004 35.460999 0.921000
c<A>r<235>R<PRO> 73.466003 36.051998 4.591000
c<A>r<236>R<ALA> 75.484001 38.698002 6.423000
c<A>r<237>R<GLY> 74.986000 36.837002 9.716000
c<A>r<238>R<ASP> 73.080002 39.617001 11.443000
c<A>r<240>R<THR> 70.386002 40.855000 6.607000
c<A>r<241>R<PHE> 71.647003 39.826000 3.197000
c<A>r<242>R<GLN> 74.351997 40.799000 0.661000
c<A>r<243>R<LYS> 74.834000 40.603001 -3.112000
c<A>r<244>R<TRP> 77.049004 42.091000 -5.795000
c<B>r<0>R<MET> 70.164001 8.582000 -4.393000
c<B>r<1>R<ILE> 70.588997 12.187000 -5.552000
c<B>r<2>R<GLN> 73.879997 13.825000 -4.505000
c<B>r<3>R<ARG> 74.621002 17.500999 -4.976000
c<B>r<6>R<LYS> 78.463997 25.745001 -3.396000
c<B>r<8>R<GLN> 81.183998 31.465000 -0.418000
c<B>r<9>R<VAL> 83.727997 32.812000 2.059000
c<B>r<10>R<TYR> 83.382004 36.476002 3.018000
c<B>r<11>R<SER> 83.311996 38.957001 5.861000
c<B>r<12>R<ARG> 80.208000 40.556999 7.262000
c<B>r<13>R<HIS> 81.737000 44.067001 6.931000
c<B>r<22>R<PHE> 82.925003 38.403999 11.278000
c<B>r<23>R<LEU> 84.129997 35.674000 8.877000
c<B>r<24>R<ASN> 81.438004 33.721001 7.124000
c<B>r<25>R<CYS> 81.420998 30.517000 5.160000
c<B>r<26>R<TYR> 78.056999 29.988001 3.404000
c<B>r<27>R<VAL> 77.540001 26.479000 2.060000
c<B>r<28>R<SER> 74.472000 25.770000 -0.088000
c<B>r<30>R<PHE> 74.139000 20.312000 -1.249000
c<B>r<31>R<HIS> 72.469002 16.931000 -0.585000
c<B>r<32>R<PRO> 72.647003 14.857000 1.586000
c<B>r<33>R<SER> 72.849998 17.084999 4.662000
c<B>r<34>R<ASP> 75.922997 15.650000 6.399000
c<B>r<51>R<HIS> 76.681999 27.591000 12.637000
c<B>r<52>R<SER> 73.098999 28.098000 11.682000
c<B>r<53>R<ASP> 70.334000 25.533001 11.967000
c<B>r<54>R<LEU> 69.892998 23.285999 8.917000
c<B>r<55>R<SER> 67.377998 24.497000 6.382000
c<B>r<56>R<PHE> 66.653000 23.938999 2.708000
c<B>r<57>R<SER> 65.664001 25.530001 -0.552000
c<B>r<58>R<LYS> 63.001999 25.054001 -3.205000
c<B>r<59>R<ASP> 64.914001 22.290001 -4.871000
c<B>r<60>R<TRP> 65.281998 20.533001 -1.493000
c<B>r<61>R<SER> 69.012001 21.264999 -1.288000
c<B>r<62>R<PHE> 70.425003 22.263000 2.053000
c<B>r<64>R<LEU> 74.174004 26.438999 6.320000
c<B>r<65>R<LEU> 76.129997 29.471001 7.511000
c<B>r<66>R<TYR> 79.302002 28.924000 9.603000
c<B>r<67>R<TYR> 80.771004 32.050999 11.265000
c<B>r<68>R<THR> 83.151001 33.473000 13.773000
c<B>r<98>R<ASP> 87.293999 42.131001 -2.212000
c<B>r<99>R<MET> 84.400002 39.790001 -2.833000
c<D>r<7>R<THR> 36.820999 12.327000 13.050000
c<D>r<8>R<LEU> 37.594002 15.014000 15.634000
c<D>r<9>R<TRP> 41.075001 16.379999 16.288000
c<D>r<10>R<ALA> 42.830002 19.542000 17.423000
c<D>r<11>R<GLU> 45.605999 21.622999 15.889000
c<D>r<12>R<PRO> 48.393002 21.767000 16.969000
c<D>r<13>R<GLY> 47.138000 19.216000 19.482000
c<D>r<14>R<SER> 44.805000 18.495001 22.386000
c<D>r<15>R<VAL> 47.323002 19.535999 25.063000
c<D>r<16>R<ILE> 47.834000 23.304001 24.856001
c<D>r<17>R<THR> 49.806000 25.750000 27.002001
c<D>r<18>R<GLN> 47.598999 28.410999 28.590000
c<D>r<19>R<GLY> 47.071999 31.421000 26.337999
c<D>r<20>R<SER> 48.080002 29.642000 23.122000
c<D>r<21>R<PRO> 45.715000 29.132000 20.172001
c<D>r<22>R<VAL> 44.083000 25.844000 19.233999
c<D>r<23>R<THR> 41.584999 24.900000 16.558001
c<D>r<24>R<LEU> 39.264999 21.944000 17.034000
c<D>r<25>R<ARG> 38.514000 20.237000 13.720000
c<D>r<26>R<CYS> 35.775002 17.872000 12.527000
c<D>r<27>R<GLN> 35.833000 15.881000 9.288000
c<D>r<28>R<GLY> 32.618999 14.296000 8.091000
c<D>r<29>R<GLY> 31.731001 13.566000 4.498000
c<D>r<30>R<GLN> 33.313000 15.288000 1.525000
c<D>r<54>R<LEU> 34.077999 28.386999 9.814000
c<D>r<57>R<LYS> 34.398998 23.915001 7.138000
c<D>r<58>R<GLY> 34.486000 22.024000 10.424000
c<D>r<59>R<GLN> 36.692001 24.667999 12.028000
c<D>r<60>R<PHE> 36.231998 25.806000 15.632000
c<D>r<61>R<PRO> 39.153999 28.104000 16.566999
c<D>r<62>R<ILE> 40.097000 29.291000 20.051001
c<D>r<63>R<PRO> 42.542000 32.237999 19.573999
c<D>r<64>R<SER> 43.777000 32.087002 23.172001
c<D>r<95>R<VAL> 45.389000 23.322001 29.223000
c<D>r<96>R<THR> 48.855999 23.194000 30.789000
c<D>r<97>R<GLY> 50.855999 25.617001 32.901001
c<D>r<98>R<ALA> 48.687000 25.847000 36.007000
c<D>r<134>R<CYS> 52.791000 11.522000 27.754000
c<D>r<135>R<LYS> 54.840000 9.929000 24.997000
c<D>r<136>R<GLU> 56.007999 12.649000 22.605000
c<D>r<143>R<GLN> 49.780998 9.564000 23.893000
c<D>r<165>R<SER> 62.953999 -0.781000 20.653000
c<D>r<166>R<PRO> 65.487999 1.161000 18.527000
c<D>r<167>R<SER> 63.023998 1.331000 15.626000
c<D>r<168>R<ARG> 60.983002 3.931000 17.479000
c<D>r<169>R<ARG> 61.703999 7.175000 19.296000
c<D>r<170>R<TRP> 60.997002 7.156000 23.031000
c<D>r<171>R<TRP> 60.445999 10.716000 24.250999
c<D>r<172>R<TYR> 58.410000 11.536000 27.344999
c<D>r<173>R<ARG> 57.182999 14.393000 29.511999
c<D>r<186>R<SER> 51.055000 21.659000 35.458000
c<D>r<187>R<LEU> 53.889999 22.945999 33.318001
c<D>r<188>R<PRO> 55.382999 19.936001 31.511000
c<D>r<189>R<SER> 58.476002 18.253000 32.935001
c<D>r<190>R<ASP> 61.666000 18.542000 30.913000
c<D>r<191>R<LEU> 61.682999 16.155001 27.954000
c<D>r<192>R<LEU> 63.186001 12.752000 28.759001
c<D>r<193>R<GLU> 64.709000 10.764000 25.913000
c<D>r<195>R<LEU> 68.309998 5.682000 24.462999
c<D>r<196>R<VAL> 67.737000 2.129000 23.275000
c<D>r<197>R<LEU> 70.889000 0.147000 22.605000
c<D>r<198>R<GLY> 70.211998 -1.102000 19.104000
