c<A>r<7>R<TYR> 58.296001 25.378000 9.050000
c<A>r<8>R<PHE> 61.084999 23.174999 7.725000
c<A>r<9>R<PHE> 61.692001 19.628000 8.979000
c<A>r<10>R<THR> 64.523003 17.295000 8.125000
c<A>r<11>R<SER> 64.957001 13.711000 9.357000
c<A>r<12>R<VAL> 67.994003 11.616000 8.447000
c<A>r<22>R<PHE> 65.723000 15.455000 13.353000
c<A>r<23>R<ILE> 65.991997 19.226000 12.884000
c<A>r<24>R<ALA> 63.040001 21.600000 12.767000
c<A>r<25>R<VAL> 63.214001 25.329000 12.075000
c<A>r<26>R<GLY> 60.505001 27.966000 11.911000
c<A>r<32>R<GLN> 64.314003 32.155998 11.728000
c<A>r<34>R<VAL> 62.506001 28.832001 16.579000
c<A>r<35>R<ARG> 64.407997 25.556999 16.347000
c<A>r<36>R<PHE> 64.403999 21.986000 17.559999
c<A>r<37>R<ASP> 67.400002 19.711000 17.198999
c<A>r<48>R<ARG> 65.931000 32.047001 17.943001
c<A>r<91>R<GLY> 71.885002 3.211000 3.773000
c<A>r<92>R<SER> 71.030998 6.583000 5.272000
c<A>r<93>R<HIS> 67.941002 8.269000 3.831000
c<A>r<94>R<THR> 66.283997 11.647000 4.264000
c<A>r<96>R<GLN> 62.047001 16.667999 4.312000
c<A>r<97>R<ARG> 58.779999 18.472000 4.933000
c<A>r<98>R<MET> 57.889999 22.158001 4.551000
c<A>r<116>R<TYR> 57.159000 16.431000 1.332000
c<A>r<117>R<ALA> 60.382000 14.960000 -0.187000
c<A>r<118>R<TYR> 62.195000 11.660000 0.118000
c<A>r<119>R<ASP> 65.955002 11.535000 -0.682000
c<A>r<120>R<GLY> 65.802002 15.108000 -2.021000
c<A>r<121>R<LYS> 63.076000 14.475000 -4.557000
c<A>r<122>R<ASP> 59.433998 15.417000 -4.572000
c<A>r<123>R<TYR> 57.257999 12.785000 -2.950000
c<A>r<134>R<THR> 50.105999 15.691000 -6.083000
c<A>r<135>R<ALA> 51.944000 12.342000 -5.897000
c<A>r<136>R<ALA> 55.234001 12.278000 -7.812000
c<A>r<137>R<ASP> 55.470001 8.507000 -8.395000
c<A>r<138>R<MET> 53.603001 5.255000 -7.797000
c<A>r<139>R<ALA> 54.888000 4.897000 -4.225000
c<A>r<190>R<THR> 83.772003 50.178001 -6.691000
c<A>r<202>R<ARG> 81.286003 46.182999 -8.981000
c<A>r<204>R<TRP> 77.248001 46.173000 -4.040000
c<A>r<206>R<LEU> 74.435997 45.324001 1.515000
c<A>r<207>R<SER> 72.480003 44.995998 4.717000
c<A>r<224>R<GLN> 73.926003 44.102001 -20.351000
c<A>r<225>R<THR> 74.459999 40.490002 -19.334999
c<A>r<226>R<GLN> 77.667999 39.856998 -21.325001
c<A>r<227>R<ASP> 80.946999 40.529999 -19.569000
c<A>r<228>R<THR> 79.169998 40.501999 -16.174000
c<A>r<229>R<GLU> 79.726997 38.334000 -13.033000
c<A>r<230>R<LEU> 77.903999 38.039001 -9.737000
c<A>r<231>R<VAL> 77.446999 36.193001 -6.535000
c<A>r<232>R<GLU> 74.397003 34.502998 -5.170000
c<A>r<233>R<THR> 72.570999 36.352001 -2.389000
c<A>r<234>R<ARG> 74.188004 35.460999 0.921000
c<A>r<235>R<PRO> 73.466003 36.051998 4.591000
c<A>r<236>R<ALA> 75.484001 38.698002 6.423000
c<A>r<237>R<GLY> 74.986000 36.837002 9.716000
c<A>r<238>R<ASP> 73.080002 39.617001 11.443000
c<A>r<240>R<THR> 70.386002 40.855000 6.607000
c<A>r<241>R<PHE> 71.647003 39.826000 3.197000
c<A>r<242>R<GLN> 74.351997 40.799000 0.661000
c<A>r<243>R<LYS> 74.834000 40.603001 -3.112000
c<A>r<244>R<TRP> 77.049004 42.091000 -5.795000
c<B>r<0>R<MET> 70.164001 8.582000 -4.393000
c<B>r<1>R<ILE> 70.588997 12.187000 -5.552000
c<B>r<2>R<GLN> 73.879997 13.825000 -4.505000
c<B>r<3>R<ARG> 74.621002 17.500999 -4.976000
c<B>r<4>R<THR> 77.912003 19.114000 -4.235000
c<B>r<5>R<PRO> 78.086998 22.216999 -2.037000
c<B>r<6>R<LYS> 78.463997 25.745001 -3.396000
c<B>r<7>R<ILE> 80.780998 27.740999 -1.113000
c<B>r<8>R<GLN> 81.183998 31.465000 -0.418000
c<B>r<9>R<VAL> 83.727997 32.812000 2.059000
c<B>r<10>R<TYR> 83.382004 36.476002 3.018000
c<B>r<11>R<SER> 83.311996 38.957001 5.861000
c<B>r<12>R<ARG> 80.208000 40.556999 7.262000
c<B>r<13>R<HIS> 81.737000 44.067001 6.931000
c<B>r<22>R<PHE> 82.925003 38.403999 11.278000
c<B>r<23>R<LEU> 84.129997 35.674000 8.877000
c<B>r<24>R<ASN> 81.438004 33.721001 7.124000
c<B>r<25>R<CYS> 81.420998 30.517000 5.160000
c<B>r<26>R<TYR> 78.056999 29.988001 3.404000
c<B>r<27>R<VAL> 77.540001 26.479000 2.060000
c<B>r<28>R<SER> 74.472000 25.770000 -0.088000
c<B>r<29>R<GLY> 72.994003 23.570999 -2.741000
c<B>r<30>R<PHE> 74.139000 20.312000 -1.249000
c<B>r<31>R<HIS> 72.469002 16.931000 -0.585000
c<B>r<32>R<PRO> 72.647003 14.857000 1.586000
c<B>r<33>R<SER> 72.849998 17.084999 4.662000
c<B>r<34>R<ASP> 75.922997 15.650000 6.399000
c<B>r<51>R<HIS> 76.681999 27.591000 12.637000
c<B>r<52>R<SER> 73.098999 28.098000 11.682000
c<B>r<53>R<ASP> 70.334000 25.533001 11.967000
c<B>r<54>R<LEU> 69.892998 23.285999 8.917000
c<B>r<55>R<SER> 67.377998 24.497000 6.382000
c<B>r<56>R<PHE> 66.653000 23.938999 2.708000
c<B>r<57>R<SER> 65.664001 25.530001 -0.552000
c<B>r<58>R<LYS> 63.001999 25.054001 -3.205000
c<B>r<59>R<ASP> 64.914001 22.290001 -4.871000
c<B>r<60>R<TRP> 65.281998 20.533001 -1.493000
c<B>r<61>R<SER> 69.012001 21.264999 -1.288000
c<B>r<62>R<PHE> 70.425003 22.263000 2.053000
c<B>r<64>R<LEU> 74.174004 26.438999 6.320000
c<B>r<65>R<LEU> 76.129997 29.471001 7.511000
c<B>r<66>R<TYR> 79.302002 28.924000 9.603000
c<B>r<67>R<TYR> 80.771004 32.050999 11.265000
c<B>r<68>R<THR> 83.151001 33.473000 13.773000
c<B>r<85>R<VAL> 80.386002 12.796000 0.370000
c<B>r<86>R<THR> 80.514999 14.361000 -3.084000
c<B>r<87>R<LEU> 84.191002 15.444000 -2.529000
c<B>r<91>R<LYS> 87.855003 21.492001 -0.400000
c<B>r<92>R<ILE> 89.543999 24.660999 0.814000
c<B>r<93>R<VAL> 88.399002 28.063999 -0.351000
c<B>r<98>R<ASP> 87.293999 42.131001 -2.212000
c<B>r<99>R<MET> 84.400002 39.790001 -2.833000
c<D>r<18>R<GLN> 62.250000 22.518000 -12.254000
c<D>r<19>R<GLY> 58.473999 22.670000 -11.888000
c<D>r<44>R<ALA> 59.778999 5.492000 -14.411000
c<D>r<45>R<PRO> 56.411999 5.067000 -12.627000
c<D>r<46>R<TRP> 55.099998 8.344000 -14.060000
c<D>r<47>R<ILE> 54.818001 6.715000 -17.482000
c<D>r<48>R<THR> 52.368000 4.091000 -16.218000
c<D>r<49>R<ARG> 50.105999 6.984000 -15.160000
c<D>r<64>R<SER> 55.320000 19.698000 -13.484000
c<D>r<65>R<ILE> 58.778999 18.143999 -13.780000
c<D>r<66>R<THR> 60.750999 17.145000 -10.681000
c<D>r<67>R<TRP> 64.156998 15.584000 -9.919000
c<D>r<68>R<GLU> 62.493999 12.145000 -10.038000
c<D>r<69>R<HIS> 61.647999 12.533000 -13.744000
c<D>r<96>R<THR> 67.713997 22.665001 -14.191000
c<D>r<97>R<GLY> 67.704002 24.999001 -11.211000
c<D>r<98>R<ALA> 69.241997 22.785000 -8.539000
c<D>r<99>R<TYR> 72.291000 25.007999 -7.949000
c<D>r<100>R<ILE> 73.536003 28.598000 -8.139000
c<D>r<101>R<LYS> 74.255997 29.686001 -11.699000
c<D>r<102>R<PRO> 77.820000 29.844999 -13.066000
c<D>r<103>R<THR> 79.210999 32.702000 -15.164000
c<D>r<104>R<LEU> 80.055000 32.294998 -18.843000
c<D>r<105>R<SER> 82.702003 34.369999 -20.615000
c<D>r<106>R<ALA> 84.601997 34.358002 -23.914000
c<D>r<109>R<SER> 86.452003 38.180000 -26.125999
c<D>r<110>R<PRO> 82.822998 37.825001 -27.379000
c<D>r<123>R<ASP> 83.139000 29.709000 -13.750000
c<D>r<124>R<SER> 81.369003 28.728001 -10.537000
c<D>r<125>R<GLN> 81.488998 30.410999 -7.129000
c<D>r<126>R<VAL> 81.844002 26.945999 -5.585000
c<D>r<127>R<ALA> 83.328003 23.618000 -6.668000
c<D>r<128>R<PHE> 81.524002 21.282000 -9.090000
c<D>r<129>R<ASP> 82.962997 18.233000 -10.844000
c<D>r<154>R<SER> 87.783997 22.691000 -9.685000
c<D>r<155>R<SER> 85.277000 25.521000 -10.119000
c<D>r<177>R<TYR> 76.472000 19.788000 -12.192000
c<D>r<178>R<ASP> 77.492996 17.028999 -9.780000
c<D>r<179>R<SER> 78.599998 13.748000 -11.403000
c<D>r<180>R<ASN> 76.707001 11.856000 -8.689000
c<D>r<181>R<SER> 73.457001 13.100000 -10.251000
c<D>r<182>R<PRO> 74.310997 14.068000 -13.875000
c<D>r<183>R<TYR> 70.749001 14.832000 -15.021000
c<D>r<184>R<GLU> 70.135002 17.684000 -12.558000
c<D>r<185>R<TRP> 71.839996 20.930000 -13.540000
c<D>r<186>R<SER> 72.315002 24.333000 -11.946000
c<D>r<189>R<SER> 74.361000 31.066999 -16.792000
c<D>r<190>R<ASP> 73.344002 34.335999 -18.414000
c<D>r<191>R<LEU> 73.103996 34.022999 -22.195000
c<D>r<192>R<LEU> 76.363998 34.814999 -23.992001
c<D>r<193>R<GLU> 76.166000 36.049000 -27.570999
c<D>r<194>R<LEU> 79.231003 35.874001 -29.796000
