c<A>r<7>R<TYR> 58.296001 25.378000 9.050000
c<A>r<8>R<PHE> 61.084999 23.174999 7.725000
c<A>r<9>R<PHE> 61.692001 19.628000 8.979000
c<A>r<10>R<THR> 64.523003 17.295000 8.125000
c<A>r<11>R<SER> 64.957001 13.711000 9.357000
c<A>r<12>R<VAL> 67.994003 11.616000 8.447000
c<A>r<22>R<PHE> 65.723000 15.455000 13.353000
c<A>r<23>R<ILE> 65.991997 19.226000 12.884000
c<A>r<24>R<ALA> 63.040001 21.600000 12.767000
c<A>r<25>R<VAL> 63.214001 25.329000 12.075000
c<A>r<26>R<GLY> 60.505001 27.966000 11.911000
c<A>r<32>R<GLN> 64.314003 32.155998 11.728000
c<A>r<34>R<VAL> 62.506001 28.832001 16.579000
c<A>r<35>R<ARG> 64.407997 25.556999 16.347000
c<A>r<36>R<PHE> 64.403999 21.986000 17.559999
c<A>r<37>R<ASP> 67.400002 19.711000 17.198999
c<A>r<48>R<ARG> 65.931000 32.047001 17.943001
c<A>r<91>R<GLY> 71.885002 3.211000 3.773000
c<A>r<92>R<SER> 71.030998 6.583000 5.272000
c<A>r<93>R<HIS> 67.941002 8.269000 3.831000
c<A>r<94>R<THR> 66.283997 11.647000 4.264000
c<A>r<96>R<GLN> 62.047001 16.667999 4.312000
c<A>r<97>R<ARG> 58.779999 18.472000 4.933000
c<A>r<98>R<MET> 57.889999 22.158001 4.551000
c<A>r<116>R<TYR> 57.159000 16.431000 1.332000
c<A>r<117>R<ALA> 60.382000 14.960000 -0.187000
c<A>r<118>R<TYR> 62.195000 11.660000 0.118000
c<A>r<119>R<ASP> 65.955002 11.535000 -0.682000
c<A>r<120>R<GLY> 65.802002 15.108000 -2.021000
c<A>r<121>R<LYS> 63.076000 14.475000 -4.557000
c<A>r<122>R<ASP> 59.433998 15.417000 -4.572000
c<A>r<136>R<ALA> 55.234001 12.278000 -7.812000
c<A>r<190>R<THR> 83.772003 50.178001 -6.691000
c<A>r<194>R<VAL> 92.331001 45.023998 -14.539000
c<A>r<195>R<SER> 94.824997 46.394001 -17.135000
c<A>r<196>R<ASP> 95.866997 49.712002 -18.502001
c<A>r<197>R<HIS> 92.769997 49.659000 -20.737000
c<A>r<198>R<GLU> 89.978996 47.891998 -18.825001
c<A>r<199>R<ALA> 88.384003 48.202000 -15.466000
c<A>r<200>R<THR> 85.910004 46.289001 -13.333000
c<A>r<201>R<LEU> 82.897003 48.000999 -11.903000
c<A>r<202>R<ARG> 81.286003 46.182999 -8.981000
c<A>r<204>R<TRP> 77.248001 46.173000 -4.040000
c<A>r<206>R<LEU> 74.435997 45.324001 1.515000
c<A>r<207>R<SER> 72.480003 44.995998 4.717000
c<A>r<226>R<GLN> 77.667999 39.856998 -21.325001
c<A>r<227>R<ASP> 80.946999 40.529999 -19.569000
c<A>r<228>R<THR> 79.169998 40.501999 -16.174000
c<A>r<229>R<GLU> 79.726997 38.334000 -13.033000
c<A>r<230>R<LEU> 77.903999 38.039001 -9.737000
c<A>r<231>R<VAL> 77.446999 36.193001 -6.535000
c<A>r<232>R<GLU> 74.397003 34.502998 -5.170000
c<A>r<234>R<ARG> 74.188004 35.460999 0.921000
c<A>r<235>R<PRO> 73.466003 36.051998 4.591000
c<A>r<236>R<ALA> 75.484001 38.698002 6.423000
c<A>r<237>R<GLY> 74.986000 36.837002 9.716000
c<A>r<238>R<ASP> 73.080002 39.617001 11.443000
c<A>r<240>R<THR> 70.386002 40.855000 6.607000
c<A>r<241>R<PHE> 71.647003 39.826000 3.197000
c<A>r<242>R<GLN> 74.351997 40.799000 0.661000
c<A>r<243>R<LYS> 74.834000 40.603001 -3.112000
c<A>r<244>R<TRP> 77.049004 42.091000 -5.795000
c<A>r<246>R<ALA> 80.223999 43.291000 -11.663000
c<A>r<247>R<VAL> 81.001999 44.195000 -15.320000
c<A>r<248>R<VAL> 84.313004 44.660999 -17.136999
c<A>r<249>R<VAL> 84.422997 47.801998 -19.271000
c<A>r<250>R<PRO> 86.866997 49.789001 -21.379999
c<B>r<0>R<MET> 70.164001 8.582000 -4.393000
c<B>r<1>R<ILE> 70.588997 12.187000 -5.552000
c<B>r<2>R<GLN> 73.879997 13.825000 -4.505000
c<B>r<3>R<ARG> 74.621002 17.500999 -4.976000
c<B>r<4>R<THR> 77.912003 19.114000 -4.235000
c<B>r<5>R<PRO> 78.086998 22.216999 -2.037000
c<B>r<6>R<LYS> 78.463997 25.745001 -3.396000
c<B>r<7>R<ILE> 80.780998 27.740999 -1.113000
c<B>r<8>R<GLN> 81.183998 31.465000 -0.418000
c<B>r<9>R<VAL> 83.727997 32.812000 2.059000
c<B>r<10>R<TYR> 83.382004 36.476002 3.018000
c<B>r<11>R<SER> 83.311996 38.957001 5.861000
c<B>r<12>R<ARG> 80.208000 40.556999 7.262000
c<B>r<13>R<HIS> 81.737000 44.067001 6.931000
c<B>r<22>R<PHE> 82.925003 38.403999 11.278000
c<B>r<23>R<LEU> 84.129997 35.674000 8.877000
c<B>r<24>R<ASN> 81.438004 33.721001 7.124000
c<B>r<25>R<CYS> 81.420998 30.517000 5.160000
c<B>r<26>R<TYR> 78.056999 29.988001 3.404000
c<B>r<27>R<VAL> 77.540001 26.479000 2.060000
c<B>r<28>R<SER> 74.472000 25.770000 -0.088000
c<B>r<29>R<GLY> 72.994003 23.570999 -2.741000
c<B>r<30>R<PHE> 74.139000 20.312000 -1.249000
c<B>r<31>R<HIS> 72.469002 16.931000 -0.585000
c<B>r<32>R<PRO> 72.647003 14.857000 1.586000
c<B>r<33>R<SER> 72.849998 17.084999 4.662000
c<B>r<34>R<ASP> 75.922997 15.650000 6.399000
c<B>r<51>R<HIS> 76.681999 27.591000 12.637000
c<B>r<52>R<SER> 73.098999 28.098000 11.682000
c<B>r<53>R<ASP> 70.334000 25.533001 11.967000
c<B>r<54>R<LEU> 69.892998 23.285999 8.917000
c<B>r<55>R<SER> 67.377998 24.497000 6.382000
c<B>r<56>R<PHE> 66.653000 23.938999 2.708000
c<B>r<57>R<SER> 65.664001 25.530001 -0.552000
c<B>r<58>R<LYS> 63.001999 25.054001 -3.205000
c<B>r<59>R<ASP> 64.914001 22.290001 -4.871000
c<B>r<60>R<TRP> 65.281998 20.533001 -1.493000
c<B>r<61>R<SER> 69.012001 21.264999 -1.288000
c<B>r<62>R<PHE> 70.425003 22.263000 2.053000
c<B>r<64>R<LEU> 74.174004 26.438999 6.320000
c<B>r<65>R<LEU> 76.129997 29.471001 7.511000
c<B>r<66>R<TYR> 79.302002 28.924000 9.603000
c<B>r<67>R<TYR> 80.771004 32.050999 11.265000
c<B>r<68>R<THR> 83.151001 33.473000 13.773000
c<B>r<77>R<GLU> 95.296997 34.250000 5.752000
c<B>r<78>R<TYR> 91.832001 32.748001 6.175000
c<B>r<79>R<ALA> 89.882004 30.025000 4.475000
c<B>r<80>R<CYS> 86.967003 27.628000 4.749000
c<B>r<86>R<THR> 80.514999 14.361000 -3.084000
c<B>r<87>R<LEU> 84.191002 15.444000 -2.529000
c<B>r<88>R<SER> 87.346001 13.226000 -2.873000
c<B>r<89>R<GLN> 89.178001 15.274000 -0.292000
c<B>r<91>R<LYS> 87.855003 21.492001 -0.400000
c<B>r<92>R<ILE> 89.543999 24.660999 0.814000
c<B>r<93>R<VAL> 88.399002 28.063999 -0.351000
c<B>r<94>R<LYS> 90.541000 31.117001 0.512000
c<B>r<95>R<TRP> 89.014999 34.308998 1.828000
c<B>r<96>R<ASP> 89.549004 37.195999 -0.671000
c<B>r<98>R<ASP> 87.293999 42.131001 -2.212000
c<B>r<99>R<MET> 84.400002 39.790001 -2.833000
c<D>r<17>R<THR> 74.516998 30.652000 -12.746000
c<D>r<18>R<GLN> 72.988998 28.625999 -9.912000
c<D>r<19>R<GLY> 69.268997 29.256001 -9.492000
c<D>r<42>R<LYS> 73.348000 8.999000 -14.485000
c<D>r<44>R<ALA> 68.134003 12.730000 -14.855000
c<D>r<45>R<PRO> 64.712997 12.505000 -13.138000
c<D>r<46>R<TRP> 63.908001 16.129000 -13.992000
c<D>r<49>R<ARG> 58.787998 15.705000 -15.261000
c<D>r<64>R<SER> 65.746002 27.077000 -11.534000
c<D>r<65>R<ILE> 68.949997 25.112000 -12.115000
c<D>r<66>R<THR> 70.709999 23.339001 -9.244000
c<D>r<67>R<TRP> 73.845001 21.198000 -8.781000
c<D>r<68>R<GLU> 71.707001 18.103001 -9.458000
c<D>r<69>R<HIS> 70.984001 19.219000 -13.040000
c<D>r<70>R<THR> 74.598999 19.333000 -14.264000
c<D>r<95>R<VAL> 76.276001 25.445999 -13.116000
c<D>r<96>R<THR> 78.446999 28.302999 -11.844000
c<D>r<97>R<GLY> 78.725998 30.086000 -8.517000
c<D>r<98>R<ALA> 79.888000 27.260000 -6.265000
c<D>r<99>R<TYR> 83.214996 28.892000 -5.339000
c<D>r<100>R<ILE> 84.966003 32.244999 -4.939000
c<D>r<101>R<LYS> 85.889999 33.794998 -8.274000
c<D>r<102>R<PRO> 89.460999 33.664001 -9.626000
c<D>r<103>R<THR> 91.279999 36.598000 -11.230000
c<D>r<104>R<LEU> 92.113998 36.691002 -14.933000
c<D>r<105>R<SER> 95.057999 38.629002 -16.357000
c<D>r<106>R<ALA> 96.987999 38.891998 -19.628000
c<D>r<109>R<SER> 99.401001 42.721001 -21.188000
c<D>r<110>R<PRO> 95.778999 43.105999 -22.451000
c<D>r<111>R<VAL> 96.966003 45.319000 -25.306000
c<D>r<124>R<SER> 92.773003 31.642000 -7.349000
c<D>r<125>R<GLN> 93.080002 32.700001 -3.710000
c<D>r<126>R<VAL> 92.910004 29.011999 -2.768000
c<D>r<127>R<ALA> 93.917999 25.732000 -4.404000
c<D>r<128>R<PHE> 91.834999 24.115999 -7.165000
c<D>r<136>R<GLU> 82.795998 35.316002 -24.541000
c<D>r<171>R<TRP> 86.584000 38.747002 -24.393000
c<D>r<172>R<TYR> 87.365997 36.157001 -21.733999
c<D>r<173>R<ARG> 86.375999 34.944000 -18.283001
c<D>r<178>R<ASP> 87.246002 20.663000 -8.519000
c<D>r<179>R<SER> 87.896004 17.572001 -10.677000
c<D>r<180>R<ASN> 85.709000 15.548000 -8.299000
c<D>r<181>R<SER> 82.695000 17.490000 -9.604000
c<D>r<184>R<GLU> 80.101997 22.823999 -11.086000
c<D>r<185>R<TRP> 82.271004 25.908001 -11.527000
c<D>r<186>R<SER> 83.204002 28.893999 -9.392000
c<D>r<187>R<LEU> 81.806999 32.372002 -9.857000
c<D>r<188>R<PRO> 83.218002 33.716000 -13.137000
c<D>r<189>R<SER> 86.271004 35.973999 -13.066000
c<D>r<190>R<ASP> 85.759003 39.578999 -14.111000
c<D>r<191>R<LEU> 85.536003 39.936001 -17.889000
c<D>r<192>R<LEU> 88.903000 40.536999 -19.558001
c<D>r<193>R<GLU> 88.940002 42.365002 -22.878000
c<D>r<194>R<LEU> 91.982002 42.122002 -25.128000
c<D>r<195>R<LEU> 92.685997 45.240002 -27.191000
