c<A>r<7>R<TYR> 58.296001 25.378000 9.050000
c<A>r<8>R<PHE> 61.084999 23.174999 7.725000
c<A>r<9>R<PHE> 61.692001 19.628000 8.979000
c<A>r<10>R<THR> 64.523003 17.295000 8.125000
c<A>r<11>R<SER> 64.957001 13.711000 9.357000
c<A>r<12>R<VAL> 67.994003 11.616000 8.447000
c<A>r<22>R<PHE> 65.723000 15.455000 13.353000
c<A>r<23>R<ILE> 65.991997 19.226000 12.884000
c<A>r<24>R<ALA> 63.040001 21.600000 12.767000
c<A>r<25>R<VAL> 63.214001 25.329000 12.075000
c<A>r<26>R<GLY> 60.505001 27.966000 11.911000
c<A>r<32>R<GLN> 64.314003 32.155998 11.728000
c<A>r<34>R<VAL> 62.506001 28.832001 16.579000
c<A>r<35>R<ARG> 64.407997 25.556999 16.347000
c<A>r<36>R<PHE> 64.403999 21.986000 17.559999
c<A>r<37>R<ASP> 67.400002 19.711000 17.198999
c<A>r<48>R<ARG> 65.931000 32.047001 17.943001
c<A>r<91>R<GLY> 71.885002 3.211000 3.773000
c<A>r<92>R<SER> 71.030998 6.583000 5.272000
c<A>r<93>R<HIS> 67.941002 8.269000 3.831000
c<A>r<94>R<THR> 66.283997 11.647000 4.264000
c<A>r<96>R<GLN> 62.047001 16.667999 4.312000
c<A>r<97>R<ARG> 58.779999 18.472000 4.933000
c<A>r<98>R<MET> 57.889999 22.158001 4.551000
c<A>r<116>R<TYR> 57.159000 16.431000 1.332000
c<A>r<117>R<ALA> 60.382000 14.960000 -0.187000
c<A>r<118>R<TYR> 62.195000 11.660000 0.118000
c<A>r<119>R<ASP> 65.955002 11.535000 -0.682000
c<A>r<120>R<GLY> 65.802002 15.108000 -2.021000
c<A>r<121>R<LYS> 63.076000 14.475000 -4.557000
c<A>r<122>R<ASP> 59.433998 15.417000 -4.572000
c<A>r<123>R<TYR> 57.257999 12.785000 -2.950000
c<A>r<124>R<ILE> 53.820999 14.245000 -2.183000
c<A>r<125>R<ALA> 52.396999 17.806999 -1.906000
c<A>r<127>R<LYS> 47.675999 21.205000 -4.387000
c<A>r<128>R<GLU> 47.095001 24.986000 -4.332000
c<A>r<129>R<ASP> 43.446999 24.635000 -3.197000
c<A>r<133>R<TRP> 47.354000 15.864000 -3.435000
c<A>r<134>R<THR> 50.105999 15.691000 -6.083000
c<A>r<135>R<ALA> 51.944000 12.342000 -5.897000
c<A>r<136>R<ALA> 55.234001 12.278000 -7.812000
c<A>r<137>R<ASP> 55.470001 8.507000 -8.395000
c<A>r<138>R<MET> 53.603001 5.255000 -7.797000
c<A>r<141>R<GLN> 50.048000 7.098000 -4.823000
c<A>r<190>R<THR> 83.772003 50.178001 -6.691000
c<A>r<202>R<ARG> 81.286003 46.182999 -8.981000
c<A>r<204>R<TRP> 77.248001 46.173000 -4.040000
c<A>r<206>R<LEU> 74.435997 45.324001 1.515000
c<A>r<207>R<SER> 72.480003 44.995998 4.717000
c<A>r<211>R<ALA> 66.438004 38.596001 0.743000
c<A>r<212>R<GLU> 64.662003 39.005001 -2.618000
c<A>r<213>R<ILE> 66.580002 41.504002 -4.749000
c<A>r<214>R<THR> 67.497002 42.209999 -8.416000
c<A>r<215>R<LEU> 70.748001 43.742001 -9.594000
c<A>r<216>R<THR> 71.000999 44.528000 -13.320000
c<A>r<223>R<ASP> 70.357002 45.418999 -20.226999
c<A>r<224>R<GLN> 73.926003 44.102001 -20.351000
c<A>r<225>R<THR> 74.459999 40.490002 -19.334999
c<A>r<226>R<GLN> 77.667999 39.856998 -21.325001
c<A>r<227>R<ASP> 80.946999 40.529999 -19.569000
c<A>r<228>R<THR> 79.169998 40.501999 -16.174000
c<A>r<229>R<GLU> 79.726997 38.334000 -13.033000
c<A>r<230>R<LEU> 77.903999 38.039001 -9.737000
c<A>r<231>R<VAL> 77.446999 36.193001 -6.535000
c<A>r<232>R<GLU> 74.397003 34.502998 -5.170000
c<A>r<233>R<THR> 72.570999 36.352001 -2.389000
c<A>r<234>R<ARG> 74.188004 35.460999 0.921000
c<A>r<235>R<PRO> 73.466003 36.051998 4.591000
c<A>r<236>R<ALA> 75.484001 38.698002 6.423000
c<A>r<237>R<GLY> 74.986000 36.837002 9.716000
c<A>r<238>R<ASP> 73.080002 39.617001 11.443000
c<A>r<240>R<THR> 70.386002 40.855000 6.607000
c<A>r<241>R<PHE> 71.647003 39.826000 3.197000
c<A>r<242>R<GLN> 74.351997 40.799000 0.661000
c<A>r<243>R<LYS> 74.834000 40.603001 -3.112000
c<A>r<244>R<TRP> 77.049004 42.091000 -5.795000
c<A>r<245>R<ALA> 77.193001 42.205002 -9.603000
c<A>r<246>R<ALA> 80.223999 43.291000 -11.663000
c<A>r<247>R<VAL> 81.001999 44.195000 -15.320000
c<B>r<0>R<MET> 70.164001 8.582000 -4.393000
c<B>r<1>R<ILE> 70.588997 12.187000 -5.552000
c<B>r<2>R<GLN> 73.879997 13.825000 -4.505000
c<B>r<3>R<ARG> 74.621002 17.500999 -4.976000
c<B>r<4>R<THR> 77.912003 19.114000 -4.235000
c<B>r<5>R<PRO> 78.086998 22.216999 -2.037000
c<B>r<6>R<LYS> 78.463997 25.745001 -3.396000
c<B>r<7>R<ILE> 80.780998 27.740999 -1.113000
c<B>r<8>R<GLN> 81.183998 31.465000 -0.418000
c<B>r<9>R<VAL> 83.727997 32.812000 2.059000
c<B>r<10>R<TYR> 83.382004 36.476002 3.018000
c<B>r<11>R<SER> 83.311996 38.957001 5.861000
c<B>r<12>R<ARG> 80.208000 40.556999 7.262000
c<B>r<13>R<HIS> 81.737000 44.067001 6.931000
c<B>r<22>R<PHE> 82.925003 38.403999 11.278000
c<B>r<23>R<LEU> 84.129997 35.674000 8.877000
c<B>r<24>R<ASN> 81.438004 33.721001 7.124000
c<B>r<25>R<CYS> 81.420998 30.517000 5.160000
c<B>r<26>R<TYR> 78.056999 29.988001 3.404000
c<B>r<27>R<VAL> 77.540001 26.479000 2.060000
c<B>r<28>R<SER> 74.472000 25.770000 -0.088000
c<B>r<29>R<GLY> 72.994003 23.570999 -2.741000
c<B>r<30>R<PHE> 74.139000 20.312000 -1.249000
c<B>r<31>R<HIS> 72.469002 16.931000 -0.585000
c<B>r<32>R<PRO> 72.647003 14.857000 1.586000
c<B>r<33>R<SER> 72.849998 17.084999 4.662000
c<B>r<34>R<ASP> 75.922997 15.650000 6.399000
c<B>r<43>R<GLY> 95.859001 26.723000 7.960000
c<B>r<51>R<HIS> 76.681999 27.591000 12.637000
c<B>r<52>R<SER> 73.098999 28.098000 11.682000
c<B>r<53>R<ASP> 70.334000 25.533001 11.967000
c<B>r<54>R<LEU> 69.892998 23.285999 8.917000
c<B>r<55>R<SER> 67.377998 24.497000 6.382000
c<B>r<56>R<PHE> 66.653000 23.938999 2.708000
c<B>r<57>R<SER> 65.664001 25.530001 -0.552000
c<B>r<58>R<LYS> 63.001999 25.054001 -3.205000
c<B>r<59>R<ASP> 64.914001 22.290001 -4.871000
c<B>r<60>R<TRP> 65.281998 20.533001 -1.493000
c<B>r<61>R<SER> 69.012001 21.264999 -1.288000
c<B>r<62>R<PHE> 70.425003 22.263000 2.053000
c<B>r<64>R<LEU> 74.174004 26.438999 6.320000
c<B>r<65>R<LEU> 76.129997 29.471001 7.511000
c<B>r<66>R<TYR> 79.302002 28.924000 9.603000
c<B>r<67>R<TYR> 80.771004 32.050999 11.265000
c<B>r<68>R<THR> 83.151001 33.473000 13.773000
c<B>r<79>R<ALA> 89.882004 30.025000 4.475000
c<B>r<80>R<CYS> 86.967003 27.628000 4.749000
c<B>r<81>R<ARG> 87.478996 23.896999 4.590000
c<B>r<82>R<VAL> 84.492996 21.743999 3.526000
c<B>r<83>R<ASN> 84.027000 18.028999 3.316000
c<B>r<84>R<HIS> 81.002998 16.221001 1.894000
c<B>r<86>R<THR> 80.514999 14.361000 -3.084000
c<B>r<87>R<LEU> 84.191002 15.444000 -2.529000
c<B>r<88>R<SER> 87.346001 13.226000 -2.873000
c<B>r<89>R<GLN> 89.178001 15.274000 -0.292000
c<B>r<90>R<PRO> 88.422997 18.417999 1.759000
c<B>r<91>R<LYS> 87.855003 21.492001 -0.400000
c<B>r<92>R<ILE> 89.543999 24.660999 0.814000
c<B>r<93>R<VAL> 88.399002 28.063999 -0.351000
c<B>r<94>R<LYS> 90.541000 31.117001 0.512000
c<B>r<95>R<TRP> 89.014999 34.308998 1.828000
c<B>r<96>R<ASP> 89.549004 37.195999 -0.671000
c<B>r<98>R<ASP> 87.293999 42.131001 -2.212000
c<B>r<99>R<MET> 84.400002 39.790001 -2.833000
c<D>r<1>R<GLY> 47.380001 12.808000 -11.555000
c<D>r<2>R<HIS> 50.835999 11.734000 -12.698000
c<D>r<3>R<LEU> 53.374001 14.118000 -14.219000
c<D>r<4>R<PRO> 56.778000 12.364000 -13.925000
c<D>r<5>R<LYS> 59.826000 14.494000 -13.125000
c<D>r<18>R<GLN> 83.012001 31.670000 -22.386999
c<D>r<19>R<GLY> 81.343002 32.980999 -25.535000
c<D>r<40>R<GLU> 67.910004 28.775999 -8.231000
c<D>r<41>R<LYS> 68.460999 31.759001 -5.893000
c<D>r<42>R<LYS> 68.569000 34.436001 -8.605000
c<D>r<43>R<THR> 66.105003 34.797001 -11.477000
c<D>r<45>R<PRO> 66.169998 37.091000 -17.316000
c<D>r<46>R<TRP> 67.585999 35.312000 -20.372000
c<D>r<64>R<SER> 76.843002 33.049000 -26.575001
c<D>r<65>R<ILE> 77.272003 32.227001 -22.886000
c<D>r<66>R<THR> 78.567001 34.834000 -20.434000
c<D>r<67>R<TRP> 79.332001 35.014999 -16.691999
c<D>r<68>R<GLU> 75.737000 36.176998 -16.115999
c<D>r<69>R<HIS> 74.320000 32.851002 -17.351999
c<D>r<70>R<THR> 76.022003 30.600000 -14.780000
c<D>r<71>R<GLY> 74.015999 29.018999 -12.002000
c<D>r<72>R<ARG> 71.982002 26.035999 -10.843000
c<D>r<73>R<TYR> 68.977997 25.313999 -13.074000
c<D>r<74>R<ARG> 65.921997 23.073000 -12.836000
c<D>r<80>R<ASP> 49.854000 25.197001 -10.433000
c<D>r<81>R<THR> 46.466000 25.605000 -12.111000
c<D>r<83>R<GLY> 48.977001 20.559000 -12.430000
c<D>r<84>R<ARG> 52.784000 20.459000 -12.604000
c<D>r<85>R<SER> 55.595001 17.921000 -12.370000
c<D>r<86>R<GLU> 58.259998 17.950001 -9.675000
c<D>r<87>R<SER> 61.341000 19.930000 -10.682000
c<D>r<88>R<SER> 64.106003 18.079000 -12.521000
c<D>r<89>R<ASP> 67.392998 17.197001 -10.868000
c<D>r<90>R<PRO> 69.578003 20.341999 -10.872000
c<D>r<91>R<LEU> 71.972000 21.257000 -13.668000
c<D>r<92>R<GLU> 74.983002 23.372000 -12.772000
c<D>r<127>R<ALA> 96.527000 31.000999 -5.252000
c<D>r<128>R<PHE> 92.926003 29.785999 -5.618000
c<D>r<129>R<ASP> 90.641998 28.502001 -2.864000
c<D>r<130>R<GLY> 89.028999 25.827000 -4.997000
c<D>r<131>R<PHE> 89.875999 23.209999 -7.606000
c<D>r<132>R<ILE> 87.821999 20.888000 -9.795000
c<D>r<133>R<LEU> 88.713997 17.507000 -11.281000
c<D>r<144>R<CYS> 83.531998 16.528999 -11.830000
c<D>r<145>R<LEU> 84.274002 16.959999 -8.116000
c<D>r<146>R<ASN> 85.519997 19.773001 -5.869000
c<D>r<147>R<SER> 88.850998 19.738001 -4.038000
c<D>r<154>R<SER> 97.004997 27.223000 -1.339000
c<D>r<157>R<ALA> 94.787003 20.337999 -4.779000
c<D>r<158>R<ILE> 95.130997 16.563000 -4.465000
c<D>r<159>R<PHE> 92.556999 14.104000 -5.803000
c<D>r<160>R<SER> 92.469002 10.334000 -5.422000
c<D>r<161>R<VAL> 91.097000 8.237000 -8.275000
c<D>r<177>R<TYR> 88.101997 28.598000 -9.182000
c<D>r<178>R<ASP> 87.288002 31.243000 -6.572000
c<D>r<179>R<SER> 84.698997 30.225000 -3.947000
c<D>r<180>R<ASN> 83.194000 33.720001 -4.189000
c<D>r<181>R<SER> 81.980003 32.827999 -7.694000
c<D>r<182>R<PRO> 81.912003 28.983999 -7.858000
c<D>r<183>R<TYR> 80.306000 28.679001 -11.311000
c<D>r<184>R<GLU> 83.099998 30.452999 -13.215000
