c<A>r<85>R<GLU> -10.742000 -1.193000 0.794000
c<A>r<86>R<PRO> -13.794000 -0.867000 3.122000
c<A>r<87>R<LEU> -12.909000 -1.741000 6.742000
c<A>r<88>R<PRO> -14.509000 -4.656000 8.755000
c<A>r<89>R<ASP> -17.049000 -2.233000 10.405000
c<A>r<90>R<GLY> -18.028000 -1.009000 6.864000
c<A>r<91>R<SER> -16.160000 2.304000 7.498000
c<A>r<92>R<LEU> -13.843000 3.834000 4.874000
c<A>r<112>R<THR> -4.631000 -1.851000 -18.035999
c<A>r<113>R<GLU> -1.958000 -4.439000 -16.987000
c<A>r<115>R<LEU> -5.052000 -2.517000 -12.968000
c<A>r<116>R<LYS> -5.482000 -6.261000 -13.772000
c<A>r<117>R<GLU> -2.516000 -7.273000 -11.582000
c<A>r<118>R<SER> -3.366000 -4.970000 -8.619000
c<A>r<119>R<GLY> -7.199000 -5.337000 -8.734000
c<A>r<120>R<LEU> -7.251000 -1.526000 -8.063000
c<A>r<121>R<GLY> -10.043000 -0.828000 -10.607000
c<A>r<122>R<ARG> -12.603000 -2.843000 -8.526000
c<A>r<123>R<VAL> -12.134000 -0.751000 -5.353000
c<A>r<124>R<VAL> -12.175000 2.543000 -7.344000
c<A>r<125>R<ILE> -15.581000 1.440000 -8.798000
c<A>r<126>R<PHE> -16.868999 0.912000 -5.242000
c<A>r<127>R<TYR> -15.840000 4.576000 -4.541000
c<A>r<129>R<LYS> -21.153000 3.891000 -5.761000
c<A>r<130>R<SER> -20.667999 4.329000 -1.969000
c<A>r<131>R<LYS> -22.839001 6.898000 -0.094000
c<A>r<132>R<ARG> -19.990999 7.199000 2.525000
c<A>r<145>R<ILE> -12.334000 5.043000 -14.251000
c<A>r<146>R<ALA> -13.128000 7.066000 -17.419001
c<A>r<148>R<TRP> -8.469000 3.855000 -17.474001
c<A>r<149>R<THR> -11.336000 2.487000 -19.660999
c<A>r<150>R<ARG> -10.591000 4.846000 -22.610001
c<D>r<7>R<LYS> -18.848000 1.248000 -19.337999
c<D>r<8>R<ILE> -19.712999 -1.164000 -16.476999
c<D>r<10>R<GLU> -16.084000 -3.039000 -20.218000
c<D>r<11>R<MET> -15.056000 -2.424000 -16.566000
c<D>r<12>R<TYR> -16.046000 -6.026000 -15.643000
c<D>r<13>R<ASP> -13.951000 -7.370000 -18.572001
c<D>r<14>R<ILE> -10.952000 -5.229000 -17.455000
c<D>r<15>R<PHE> -11.185000 -5.447000 -13.642000
c<D>r<16>R<GLY> -13.323000 -8.612000 -13.056000
c<D>r<17>R<ASP> -16.907000 -9.109000 -11.726000
c<D>r<18>R<GLY> -16.559999 -6.082000 -9.351000
c<D>r<19>R<HIS> -18.747000 -7.640000 -6.593000
c<D>r<20>R<ASP> -15.876000 -7.908000 -3.999000
c<D>r<21>R<TYR> -17.191000 -4.801000 -2.106000
c<D>r<22>R<ASP> -21.014000 -5.133000 -2.510000
c<D>r<23>R<TRP> -21.284000 -6.164000 1.198000
c<D>r<24>R<ALA> -19.993000 -2.661000 2.151000
c<D>r<25>R<LEU> -22.716999 -1.004000 -0.028000
c<D>r<26>R<GLU> -25.334000 -3.221000 1.730000
c<D>r<27>R<ILE> -24.240000 -1.850000 5.186000
c<D>r<28>R<GLU> -25.042000 1.692000 3.821000
c<D>r<29>R<ASN> -28.736000 0.814000 3.120000
