c<A>r<21>R<GLU> -20.801001 -5.961000 -13.430000
c<A>r<22>R<PHE> -21.171000 -9.193000 -11.394000
c<A>r<23>R<ARG> -23.441000 -10.986000 -8.898000
c<A>r<24>R<ASN> -21.667000 -13.271000 -6.412000
c<A>r<25>R<ALA> -21.868000 -14.827000 -2.905000
c<A>r<26>R<PRO> -18.315001 -14.658000 -1.327000
c<A>r<27>R<ARG> -18.492001 -16.556999 2.022000
c<A>r<28>R<GLY> -22.212999 -17.063000 1.058000
c<A>r<29>R<GLN> -22.834000 -13.247000 1.141000
c<A>r<35>R<ILE> -14.654000 -4.049000 -10.077000
c<A>r<36>R<GLY> -11.801000 -1.474000 -9.819000
c<A>r<37>R<ALA> -14.232000 1.385000 -9.045000
c<A>r<38>R<GLY> -13.356000 4.766000 -7.478000
c<A>r<39>R<PHE> -14.155000 8.468000 -7.033000
c<A>r<40>R<ARG> -12.659000 11.905000 -6.255000
c<A>r<103>R<ARG> -2.194000 -0.560000 11.924000
c<A>r<104>R<ILE> -1.703000 3.257000 11.769000
c<A>r<106>R<ARG> 1.900000 0.367000 15.813000
c<A>r<107>R<HIS> 1.760000 -1.747000 12.607000
c<A>r<108>R<PRO> 2.021000 -5.579000 13.285000
c<A>r<109>R<ALA> 4.929000 -5.664000 10.763000
c<A>r<110>R<GLY> 7.717000 -4.319000 13.074000
c<A>r<111>R<GLY> 5.513000 -2.283000 15.526000
c<A>r<112>R<VAL> 6.008000 0.887000 13.369000
c<A>r<113>R<ASN> 4.160000 4.162000 14.034000
c<A>r<114>R<GLN> 3.360000 5.078000 10.422000
c<A>r<116>R<GLU> 4.986000 9.763000 12.660000
c<A>r<117>R<ASN> 6.902000 8.293000 9.657000
c<A>r<118>R<VAL> 4.379000 10.000000 7.243000
c<A>r<120>R<LYS> 8.497000 13.084000 8.876000
c<A>r<121>R<THR> 8.380000 11.917000 5.184000
c<A>r<124>R<ASP> 11.818000 15.943000 4.804000
c<A>r<125>R<ASP> 10.460000 16.009001 1.179000
c<A>r<126>R<PRO> 7.069000 17.884001 0.871000
c<A>r<127>R<ASP> 6.752000 16.693001 -2.757000
c<A>r<128>R<SER> 7.383000 13.070000 -1.568000
c<A>r<129>R<LYS> 5.651000 10.353000 -3.583000
c<A>r<130>R<ARG> 6.279000 7.969000 -0.545000
c<A>r<131>R<ALA> 4.040000 9.085000 2.388000
c<A>r<132>R<VAL> 1.912000 5.917000 2.952000
c<A>r<133>R<ILE> 0.157000 4.276000 5.930000
c<A>r<134>R<GLN> -0.096000 0.511000 5.277000
c<A>r<135>R<ILE> -3.275000 -1.100000 6.755000
c<A>r<136>R<PHE> -3.405000 -4.733000 5.415000
c<A>r<137>R<ASP> -0.894000 -7.383000 6.708000
c<A>r<138>R<PRO> 0.292000 -10.423000 4.591000
c<A>r<139>R<ARG> -0.306000 -12.791000 7.592000
c<A>r<140>R<GLU> -4.114000 -12.106000 7.614000
c<A>r<141>R<LEU> -4.582000 -14.741000 4.827000
c<A>r<142>R<ALA> -2.223000 -17.195000 6.668000
c<A>r<143>R<VAL> -4.852000 -17.497000 9.496000
c<A>r<144>R<ALA> -7.394000 -20.263000 8.762000
c<A>r<149>R<VAL> -9.341000 -9.478000 7.482000
c<A>r<150>R<ALA> -8.590000 -5.749000 6.834000
c<A>r<151>R<CYS> -10.392000 -4.351000 3.709000
c<A>r<153>R<LEU> -4.970000 -1.903000 1.827000
c<A>r<154>R<ALA> -3.304000 1.472000 2.560000
c<A>r<155>R<LEU> -3.842000 5.242000 2.952000
c<A>r<156>R<GLN> -1.575000 7.818000 1.184000
c<A>r<157>R<PHE> -0.988000 11.583000 1.544000
c<A>r<158>R<LEU> 0.754000 14.151000 -0.751000
c<A>r<159>R<ILE> 1.386000 17.930000 -0.306000
c<A>r<160>R<ARG> 0.547000 19.896000 -3.520000
c<A>r<161>R<ASP> 0.226000 23.715000 -3.850000
c<A>r<165>R<CYS> -4.241000 15.578000 -0.821000
c<A>r<166>R<GLY> -5.410000 12.127000 0.432000
c<A>r<167>R<ILE> -5.988000 8.643000 -1.086000
c<A>r<168>R<GLY> -7.713000 5.511000 0.314000
c<A>r<169>R<TYR> -6.961000 2.124000 -1.323000
c<A>r<170>R<MET> -9.299000 -0.819000 -0.513000
c<A>r<171>R<ARG> -9.450000 -4.443000 -1.776000
c<A>r<172>R<ALA> -13.230000 -4.376000 -1.099000
c<A>r<173>R<ASN> -15.915000 -1.971000 0.261000
c<A>r<203>R<THR> -8.792000 16.665001 -2.852000
c<A>r<204>R<TYR> -9.607000 13.111000 -1.606000
c<A>r<205>R<HIS> -9.491000 9.937000 -3.764000
c<A>r<206>R<HIS> -11.120000 6.549000 -2.983000
c<A>r<207>R<VAL> -10.369000 3.352000 -5.007000
c<A>r<208>R<VAL> -11.913000 -0.087000 -4.365000
c<A>r<209>R<GLY> -11.054000 -3.540000 -5.806000
c<A>r<210>R<SER> -14.554000 -5.043000 -5.330000
c<A>r<211>R<VAL> -17.191000 -2.367000 -4.539000
c<B>r<21>R<GLU> -2.451000 18.576000 -12.775000
c<B>r<22>R<PHE> 0.633000 19.370001 -10.648000
c<B>r<23>R<ARG> 4.350000 20.117001 -11.103000
c<B>r<24>R<ASN> 6.707000 18.854000 -8.367000
c<B>r<25>R<ALA> 10.431000 18.066999 -7.746000
c<B>r<26>R<PRO> 10.457000 15.176000 -5.137000
c<B>r<27>R<ARG> 14.093000 14.381000 -4.157000
c<B>r<28>R<GLY> 14.953000 17.235001 -6.634000
c<B>r<29>R<GLN> 13.487000 15.283000 -9.642000
c<B>r<30>R<ALA> 11.202000 17.702000 -11.565000
c<B>r<35>R<ILE> -3.098000 12.260000 -8.716000
c<B>r<36>R<GLY> -5.367000 9.202000 -8.158000
c<B>r<37>R<ALA> -5.153000 8.022000 -11.805000
c<B>r<38>R<GLY> -5.780000 4.600000 -13.417000
c<B>r<39>R<PHE> -7.058000 2.492000 -16.355000
c<B>r<40>R<ARG> -8.808000 -0.831000 -17.253000
c<B>r<103>R<ARG> 7.372000 -10.005000 -1.127000
c<B>r<104>R<ILE> 5.327000 -12.479000 -3.228000
c<B>r<107>R<HIS> 7.354000 -12.094000 2.792000
c<B>r<108>R<PRO> 9.810000 -10.448000 5.383000
c<B>r<109>R<ALA> 7.017000 -10.522000 8.060000
c<B>r<110>R<GLY> 6.324000 -14.185000 9.047000
c<B>r<111>R<GLY> 8.129000 -15.591000 5.908000
c<B>r<112>R<VAL> 4.687000 -16.084000 4.224000
c<B>r<113>R<ASN> 4.230000 -17.261999 0.620000
c<B>r<114>R<GLN> 1.424000 -14.891000 -0.453000
c<B>r<116>R<GLU> 0.153000 -19.865000 -2.123000
c<B>r<117>R<ASN> -2.286000 -17.910000 0.136000
c<B>r<118>R<VAL> -3.885000 -16.287001 -3.012000
c<B>r<120>R<LYS> -5.736000 -21.247000 -1.632000
c<B>r<121>R<THR> -8.055000 -18.214001 -0.977000
c<B>r<124>R<ASP> -11.623000 -22.157000 -0.885000
c<B>r<125>R<ASP> -13.954000 -19.301001 -2.047000
c<B>r<126>R<PRO> -13.756000 -18.461000 -5.835000
c<B>r<127>R<ASP> -15.928000 -15.349000 -5.233000
c<B>r<128>R<SER> -13.477000 -14.264000 -2.443000
c<B>r<129>R<LYS> -12.997000 -10.493000 -2.146000
c<B>r<130>R<ARG> -9.752000 -11.251000 -0.113000
c<B>r<131>R<ALA> -7.033000 -12.657000 -2.451000
c<B>r<132>R<VAL> -4.164000 -10.094000 -2.180000
c<B>r<133>R<ILE> -0.347000 -9.975000 -2.372000
c<B>r<134>R<GLN> 1.082000 -7.161000 -0.195000
c<B>r<135>R<ILE> 4.274000 -5.573000 -1.682000
c<B>r<136>R<PHE> 4.960000 -2.329000 0.298000
c<B>r<137>R<ASP> 6.212000 -2.547000 3.937000
c<B>r<138>R<PRO> 5.883000 0.091000 6.767000
c<B>r<139>R<ARG> 9.561000 -0.617000 7.686000
c<B>r<140>R<GLU> 10.754000 0.873000 4.323000
c<B>r<141>R<LEU> 9.888000 4.365000 5.730000
c<B>r<142>R<ALA> 11.563000 3.441000 9.092000
c<B>r<143>R<VAL> 15.011000 3.213000 7.336000
c<B>r<149>R<VAL> 11.018000 1.972000 -1.400000
c<B>r<150>R<ALA> 8.383000 -0.162000 -3.206000
c<B>r<151>R<CYS> 6.333000 1.759000 -5.833000
c<B>r<153>R<LEU> 1.466000 -1.237000 -2.677000
c<B>r<154>R<ALA> -0.366000 -4.510000 -3.451000
c<B>r<155>R<LEU> -1.696000 -6.831000 -6.200000
c<B>r<156>R<GLN> -5.267000 -8.299000 -6.024000
c<B>r<157>R<PHE> -6.925000 -11.190000 -7.919000
c<B>r<158>R<LEU> -10.648000 -12.129000 -8.312000
c<B>r<160>R<ARG> -15.410000 -13.722000 -12.111000
c<B>r<161>R<ASP> -17.396000 -15.690000 -14.757000
c<B>r<165>R<CYS> -9.453000 -10.461000 -13.048000
c<B>r<166>R<GLY> -6.357000 -8.619000 -11.683000
c<B>r<167>R<ILE> -5.716000 -5.235000 -9.967000
c<B>r<168>R<GLY> -2.361000 -3.437000 -9.427000
c<B>r<169>R<TYR> -2.171000 -0.708000 -6.722000
c<B>r<170>R<MET> 0.789000 1.752000 -6.747000
c<B>r<171>R<ARG> 1.633000 4.776000 -4.533000
c<B>r<172>R<ALA> 3.438000 6.249000 -7.571000
c<B>r<173>R<ASN> 4.496000 5.182000 -11.112000
c<B>r<203>R<THR> -9.962000 -7.508000 -17.156000
c<B>r<204>R<TYR> -6.865000 -5.900000 -15.585000
c<B>r<205>R<HIS> -7.110000 -2.653000 -13.547000
c<B>r<206>R<HIS> -4.218000 -0.249000 -12.787000
c<B>r<207>R<VAL> -4.376000 2.327000 -9.927000
c<B>r<208>R<VAL> -1.654000 4.963000 -9.265000
c<B>r<209>R<GLY> -1.560000 7.563000 -6.440000
c<B>r<210>R<SER> 0.962000 9.805000 -8.283000
c<B>r<211>R<VAL> 1.327000 9.118000 -12.034000
