c<A>r<21>R<GLU> 8.915000 -17.333000 -6.677000
c<A>r<22>R<PHE> 6.644000 -17.502001 -9.741000
c<A>r<23>R<ARG> 6.944000 -17.622000 -13.569000
c<A>r<24>R<ASN> 3.820000 -16.384001 -15.242000
c<A>r<25>R<ALA> 2.643000 -14.049000 -18.091999
c<A>r<26>R<PRO> 0.305000 -11.125000 -16.985001
c<A>r<27>R<ARG> -1.377000 -9.811000 -20.114000
c<A>r<28>R<GLY> 0.666000 -12.338000 -22.018000
c<A>r<29>R<GLN> 4.043000 -10.863000 -20.878000
c<A>r<30>R<ALA> 6.235000 -13.780000 -19.584999
c<A>r<35>R<ILE> 5.407000 -11.216000 -4.357000
c<A>r<36>R<GLY> 5.465000 -8.674000 -1.480000
c<A>r<37>R<ALA> 9.088000 -7.479000 -1.931000
c<A>r<38>R<GLY> 10.572000 -4.123000 -0.880000
c<A>r<39>R<PHE> 13.822000 -2.433000 0.373000
c<A>r<40>R<ARG> 14.841000 0.552000 2.518000
c<A>r<103>R<ARG> -2.620000 12.207000 -9.860000
c<A>r<104>R<ILE> -0.381000 14.257000 -7.530000
c<A>r<106>R<ARG> -5.306000 17.294001 -9.518000
c<A>r<107>R<HIS> -6.397000 13.689000 -8.770000
c<A>r<108>R<PRO> -9.368000 12.373000 -10.823000
c<A>r<109>R<ALA> -11.089000 11.955000 -7.487000
c<A>r<110>R<GLY> -12.397000 15.504000 -6.898000
c<A>r<111>R<GLY> -9.454000 17.332001 -8.704000
c<A>r<112>R<VAL> -7.639000 17.530001 -5.377000
c<A>r<113>R<ASN> -4.089000 18.865000 -5.241000
c<A>r<114>R<GLN> -2.708000 16.250999 -2.972000
c<A>r<116>R<GLU> -0.663000 20.933001 -1.163000
c<A>r<117>R<ASN> -2.935000 18.862000 1.186000
c<A>r<118>R<VAL> 0.083000 16.770000 2.280000
c<A>r<120>R<LYS> -0.652000 21.400000 4.979000
c<A>r<121>R<THR> -1.133000 18.103001 6.884000
c<A>r<124>R<ASP> -0.466000 21.242001 11.029000
c<A>r<125>R<ASP> 0.734000 17.931000 12.644000
c<A>r<126>R<PRO> 4.432000 17.209999 12.027000
c<A>r<127>R<ASP> 3.972000 13.724000 13.473000
c<A>r<128>R<SER> 1.089000 12.948000 11.054000
c<A>r<129>R<LYS> 0.757000 9.414000 9.703000
c<A>r<130>R<ARG> -1.896000 10.728000 7.204000
c<A>r<131>R<ALA> 0.387000 12.602000 4.697000
c<A>r<132>R<VAL> -0.467000 10.220000 1.769000
c<A>r<133>R<ILE> -0.587000 11.018000 -2.010000
c<A>r<134>R<GLN> -3.002000 8.563000 -3.641000
c<A>r<135>R<ILE> -1.959000 7.606000 -7.223000
c<A>r<136>R<PHE> -4.286000 4.574000 -8.211000
c<A>r<137>R<ASP> -8.004000 5.362000 -8.953000
c<A>r<138>R<PRO> -10.666000 2.615000 -8.469000
c<A>r<139>R<ARG> -12.256000 3.546000 -11.861000
c<A>r<140>R<GLU> -9.160000 2.354000 -13.773000
c<A>r<141>R<LEU> -10.345000 -1.281000 -13.626000
c<A>r<142>R<ALA> -13.729000 -0.274000 -14.954000
c<A>r<143>R<VAL> -12.191000 0.783000 -18.270000
c<A>r<149>R<VAL> -3.426000 1.177000 -15.370000
c<A>r<150>R<ALA> -1.386000 2.908000 -12.641000
c<A>r<151>R<CYS> 0.991000 0.536000 -10.991000
c<A>r<153>R<LEU> -0.802000 2.877000 -5.355000
c<A>r<154>R<ALA> 0.359000 5.742000 -3.068000
c<A>r<155>R<LEU> 3.282000 7.883000 -1.771000
c<A>r<156>R<GLN> 3.581000 8.629000 1.975000
c<A>r<157>R<PHE> 5.680000 11.302000 3.701000
c<A>r<158>R<LEU> 6.505000 11.314000 7.429000
c<A>r<160>R<ARG> 10.699000 11.997000 11.867000
c<A>r<161>R<ASP> 13.464000 13.579000 13.987000
c<A>r<165>R<CYS> 10.931000 9.898000 5.358000
c<A>r<166>R<GLY> 9.256000 8.586000 2.111000
c<A>r<167>R<ILE> 7.420000 5.386000 1.293000
c<A>r<168>R<GLY> 6.337000 4.256000 -2.234000
c<A>r<169>R<TYR> 3.557000 1.663000 -2.475000
c<A>r<170>R<MET> 3.235000 -0.139000 -5.816000
c<A>r<171>R<ARG> 0.978000 -3.022000 -6.896000
c<A>r<172>R<ALA> 3.580000 -3.996000 -9.473000
c<A>r<173>R<ASN> 7.117000 -2.845000 -10.457000
c<A>r<203>R<THR> 14.882000 6.927000 4.759000
c<A>r<204>R<TYR> 12.959000 5.830000 1.599000
c<A>r<205>R<HIS> 10.971000 2.621000 1.704000
c<A>r<206>R<HIS> 9.982000 0.879000 -1.537000
c<A>r<207>R<VAL> 7.231000 -1.725000 -1.187000
c<A>r<208>R<VAL> 5.858000 -3.630000 -4.154000
c<A>r<209>R<GLY> 3.097000 -6.311000 -4.584000
c<A>r<210>R<SER> 4.442000 -7.957000 -7.738000
c<A>r<211>R<VAL> 8.173000 -7.313000 -8.524000
c<B>r<21>R<GLU> 12.724000 3.578000 15.723000
c<B>r<22>R<PHE> 10.774000 6.699000 16.754000
c<B>r<23>R<ARG> 8.778000 8.022000 19.757999
c<B>r<24>R<ASN> 6.321000 10.668000 18.709999
c<B>r<25>R<ALA> 2.645000 11.727000 19.216999
c<B>r<26>R<PRO> 0.505000 11.922000 15.966000
c<B>r<27>R<ARG> -2.595000 13.940000 16.801001
c<B>r<28>R<GLY> -1.280000 14.116000 20.327999
c<B>r<29>R<GLN> -1.278000 10.301000 20.799999
c<B>r<30>R<ALA> 2.182000 9.280000 22.225000
c<B>r<35>R<ILE> 8.489000 2.858000 9.666000
c<B>r<36>R<GLY> 8.052000 0.588000 6.608000
c<B>r<37>R<ALA> 7.407000 -2.689000 8.511000
c<B>r<38>R<GLY> 5.515000 -5.763000 7.274000
c<B>r<39>R<PHE> 5.389000 -9.621000 7.512000
c<B>r<40>R<ARG> 4.329000 -12.575000 5.335000
c<B>r<103>R<ARG> -14.916000 1.400000 -0.018000
c<B>r<104>R<ILE> -14.905000 -2.223000 -1.256000
c<B>r<106>R<ARG> -19.306000 1.250000 -3.762000
c<B>r<107>R<HIS> -16.118999 3.400000 -3.504000
c<B>r<108>R<PRO> -16.674000 7.190000 -3.168000
c<B>r<109>R<ALA> -14.752000 7.461000 -6.404000
c<B>r<110>R<GLY> -17.514000 6.754000 -8.962000
c<B>r<111>R<GLY> -19.542000 4.278000 -6.705000
c<B>r<112>R<VAL> -17.535000 1.423000 -8.184000
c<B>r<113>R<ASN> -17.986000 -2.100000 -6.816000
c<B>r<114>R<GLN> -14.356000 -2.973000 -6.671000
c<B>r<116>R<GLU> -16.813999 -7.374000 -8.662000
c<B>r<117>R<ASN> -14.188000 -5.552000 -10.851000
c<B>r<118>R<VAL> -11.384000 -7.536000 -9.132000
c<B>r<120>R<LYS> -13.762000 -9.996000 -13.337000
c<B>r<121>R<THR> -10.084000 -8.926000 -13.705000
c<B>r<124>R<ASP> -10.198000 -12.439000 -17.591999
c<B>r<125>R<ASP> -6.412000 -12.613000 -16.799000
c<B>r<126>R<PRO> -5.556000 -15.058000 -13.990000
c<B>r<127>R<ASP> -1.997000 -13.745000 -13.929000
c<B>r<128>R<SER> -3.197000 -10.117000 -13.471000
c<B>r<129>R<LYS> -1.136000 -7.789000 -11.293000
c<B>r<130>R<ARG> -4.041000 -5.241000 -11.474000
c<B>r<131>R<ALA> -6.597000 -6.914000 -9.100000
c<B>r<132>R<VAL> -6.442000 -4.042000 -6.511000
c<B>r<133>R<ILE> -9.231000 -2.803000 -4.130000
c<B>r<134>R<GLN> -8.520000 0.854000 -3.333000
c<B>r<135>R<ILE> -9.595000 1.825000 0.239000
c<B>r<136>R<PHE> -8.064000 5.418000 0.835000
c<B>r<137>R<ASP> -9.721000 8.389000 -1.020000
c<B>r<138>R<PRO> -7.643000 11.542000 -1.789000
c<B>r<139>R<ARG> -10.564000 13.756000 -0.575000
c<B>r<140>R<GLU> -10.167000 12.516000 3.029000
c<B>r<141>R<LEU> -7.322000 14.999000 3.681000
c<B>r<142>R<ALA> -9.443000 17.820999 2.351000
c<B>r<143>R<VAL> -11.917000 17.403000 5.224000
c<B>r<149>R<VAL> -9.184000 8.996000 7.869000
c<B>r<150>R<ALA> -8.729000 5.516000 6.347000
c<B>r<151>R<CYS> -5.482000 3.989000 7.404000
c<B>r<153>R<LEU> -4.517000 2.203000 1.369000
c<B>r<154>R<ALA> -5.373000 -0.871000 -0.771000
c<B>r<155>R<LEU> -5.912000 -4.689000 -0.901000
c<B>r<156>R<GLN> -4.366000 -6.716000 -3.766000
c<B>r<157>R<PHE> -5.232000 -10.262000 -4.884000
c<B>r<158>R<LEU> -3.008000 -12.395000 -7.151000
c<B>r<160>R<ARG> -0.380000 -17.827000 -8.298000
c<B>r<161>R<ASP> -0.026000 -21.577999 -8.909000
c<B>r<165>R<CYS> -2.307000 -14.563000 -2.598000
c<B>r<166>R<GLY> -3.341000 -11.363000 -0.670000
c<B>r<167>R<ILE> -1.489000 -8.170000 0.161000
c<B>r<168>R<GLY> -2.737000 -5.407000 2.563000
c<B>r<169>R<TYR> -1.205000 -1.940000 2.197000
c<B>r<170>R<MET> -1.677000 0.411000 5.158000
c<B>r<171>R<ARG> -0.302000 3.919000 5.809000
c<B>r<172>R<ALA> -0.530000 3.227000 9.536000
c<B>r<173>R<ASN> -1.447000 0.245000 11.788000
c<B>r<203>R<THR> 0.401000 -16.253000 1.227000
c<B>r<204>R<TYR> -0.796000 -12.973000 2.866000
c<B>r<205>R<HIS> 1.564000 -10.010000 2.933000
c<B>r<206>R<HIS> 0.997000 -7.179000 5.423000
c<B>r<207>R<VAL> 2.879000 -3.968000 4.643000
c<B>r<208>R<VAL> 2.522000 -0.857000 6.780000
c<B>r<209>R<GLY> 4.017000 2.722000 6.608000
c<B>r<210>R<SER> 3.788000 3.557000 10.312000
c<B>r<211>R<VAL> 3.432000 0.562000 12.732000
