1764074638083 0.0 22
1764074638097 0.0 22
1764074647853 1.0 45
1764074647866 1.0 45
1764074657804 2.0 68
1764074657810 2.0 68
1764074667852 3.0 91
1764074667864 3.0 91
1764074677818 4.0 114
1764074677825 4.0 114
1764074687513 5.0 137
1764074687515 5.0 137
1764074697335 6.0 160
1764074697343 6.0 160
1764074707254 7.0 183
1764074707261 7.0 183
1764074717342 8.0 206
1764074717355 8.0 206
1764074727567 9.0 229
1764074727578 9.0 229
1764074737704 10.0 252
1764074737712 10.0 252
1764074747360 11.0 275
1764074747372 11.0 275
1764074757368 12.0 298
1764074757380 12.0 298
1764074767304 13.0 321
1764074767315 13.0 321
1764074777014 14.0 344
1764074777026 14.0 344
1764074787005 15.0 367
1764074787016 15.0 367
1764074797067 16.0 390
1764074797079 16.0 390
1764074807345 17.0 413
1764074807346 17.0 413
1764074817661 18.0 436
1764074817662 18.0 436
1764074827675 19.0 459
1764074827677 19.0 459
1764074838385 20.0 482
1764074838387 20.0 482
1764074849651 21.0 505
1764074849665 21.0 505
1764074860838 22.0 528
1764074860850 22.0 528
1764074871319 23.0 551
1764074871321 23.0 551
1764074881006 24.0 574
1764074881017 24.0 574
1764074890906 25.0 597
1764074890908 25.0 597
1764074900495 26.0 620
1764074900497 26.0 620
1764074910114 27.0 643
1764074910125 27.0 643
1764074919982 28.0 666
1764074919984 28.0 666
1764074929531 29.0 689
1764074929533 29.0 689
1764074939589 30.0 712
1764074939591 30.0 712
1764074949369 31.0 735
1764074949376 31.0 735
1764074959092 32.0 758
1764074959098 32.0 758
1764074968604 33.0 781
1764074968606 33.0 781
1764074978559 34.0 804
1764074978565 34.0 804
1764074988289 35.0 827
1764074988297 35.0 827
1764074997998 36.0 850
1764074998010 36.0 850
1764075007695 37.0 873
1764075007707 37.0 873
1764075017410 38.0 896
1764075017416 38.0 896
1764075027104 39.0 919
1764075027111 39.0 919
1764075036833 40.0 942
1764075036840 40.0 942
1764075046804 41.0 965
1764075046812 41.0 965
1764075056611 42.0 988
1764075056619 42.0 988
1764075066262 43.0 1011
1764075066270 43.0 1011
1764075076169 44.0 1034
1764075076172 44.0 1034
1764075085988 45.0 1057
1764075085995 45.0 1057
1764075095496 46.0 1080
1764075095498 46.0 1080
1764075105357 47.0 1103
1764075105365 47.0 1103
1764075115306 48.0 1126
1764075115313 48.0 1126
1764075124999 49.0 1149
1764075125001 49.0 1149
1764075135076 50.0 1172
1764075135078 50.0 1172
1764075144927 51.0 1195
1764075144939 51.0 1195
1764075154413 52.0 1218
1764075154420 52.0 1218
1764075164089 53.0 1241
1764075164096 53.0 1241
1764075173685 54.0 1264
1764075173696 54.0 1264
1764075183456 55.0 1287
1764075183463 55.0 1287
1764075193542 56.0 1310
1764075193549 56.0 1310
1764075203257 57.0 1333
1764075203260 57.0 1333
1764075212995 58.0 1356
1764075213007 58.0 1356
1764075222889 59.0 1379
1764075222897 59.0 1379
1764075232594 60.0 1402
1764075232596 60.0 1402
1764075242694 61.0 1425
1764075242700 61.0 1425
1764075252609 62.0 1448
1764075252616 62.0 1448
1764075262412 63.0 1471
1764075262419 63.0 1471
1764075272898 64.0 1494
1764075272906 64.0 1494
1764075282648 65.0 1517
1764075282657 65.0 1517
1764075292596 66.0 1540
1764075292598 66.0 1540
1764075302065 67.0 1563
1764075302067 67.0 1563
1764075311884 68.0 1586
1764075311885 68.0 1586
1764075322241 69.0 1609
1764075322243 69.0 1609
1764075332092 70.0 1632
1764075332102 70.0 1632
1764075342043 71.0 1655
1764075342050 71.0 1655
1764075351585 72.0 1678
1764075351586 72.0 1678
1764075361795 73.0 1701
1764075361802 73.0 1701
1764075371867 74.0 1724
1764075371873 74.0 1724
1764075381611 75.0 1747
1764075381613 75.0 1747
1764075391353 76.0 1770
1764075391355 76.0 1770
1764075401424 77.0 1793
1764075401426 77.0 1793
1764075411128 78.0 1816
1764075411130 78.0 1816
1764075421006 79.0 1839
1764075421013 79.0 1839
1764075430857 80.0 1862
1764075430863 80.0 1862
1764075440786 81.0 1885
1764075440788 81.0 1885
1764075450551 82.0 1908
1764075450557 82.0 1908
1764075460179 83.0 1931
1764075460181 83.0 1931
1764075469639 84.0 1954
1764075469642 84.0 1954
1764075479347 85.0 1977
1764075479349 85.0 1977
1764075489177 86.0 2000
1764075489185 86.0 2000
1764075499108 87.0 2023
1764075499120 87.0 2023
1764075509943 88.0 2046
1764075509945 88.0 2046
1764075519930 89.0 2069
1764075519938 89.0 2069
1764075529721 90.0 2092
1764075529728 90.0 2092
1764075539496 91.0 2115
1764075539502 91.0 2115
1764075549611 92.0 2138
1764075549613 92.0 2138
1764075559754 93.0 2161
1764075559756 93.0 2161
1764075569821 94.0 2184
1764075569823 94.0 2184
1764075579942 95.0 2207
1764075579944 95.0 2207
1764075590043 96.0 2230
1764075590045 96.0 2230
1764075599762 97.0 2253
1764075599763 97.0 2253
1764075609262 98.0 2276
1764075609264 98.0 2276
1764075619079 99.0 2299
1764075619086 99.0 2299
1764075629175 100.0 2322
1764075629177 100.0 2322
1764075638962 101.0 2345
1764075638964 101.0 2345
1764075648557 102.0 2368
1764075648559 102.0 2368
1764075658387 103.0 2391
1764075658389 103.0 2391
1764075667990 104.0 2414
1764075667992 104.0 2414
1764075678099 105.0 2437
1764075678101 105.0 2437
1764075688132 106.0 2460
1764075688134 106.0 2460
1764075697455 107.0 2483
1764075697456 107.0 2483
1764075707354 108.0 2506
1764075707357 108.0 2506
1764075717224 109.0 2529
1764075717231 109.0 2529
1764075727453 110.0 2552
1764075727454 110.0 2552
1764075738251 111.0 2575
1764075738253 111.0 2575
1764075748310 112.0 2598
1764075748312 112.0 2598
1764075758294 113.0 2621
1764075758296 113.0 2621
1764075768416 114.0 2644
1764075768418 114.0 2644
1764075778145 115.0 2667
1764075778147 115.0 2667
1764075788079 116.0 2690
1764075788081 116.0 2690
1764075798095 117.0 2713
1764075798097 117.0 2713
1764075807757 118.0 2736
1764075807759 118.0 2736
1764075817595 119.0 2759
1764075817597 119.0 2759
1764075827676 120.0 2782
1764075827677 120.0 2782
1764075837296 121.0 2805
1764075837298 121.0 2805
1764075847476 122.0 2828
1764075847478 122.0 2828
1764075857397 123.0 2851
1764075857399 123.0 2851
1764075867242 124.0 2874
1764075867244 124.0 2874
1764075877229 125.0 2897
1764075877231 125.0 2897
1764075887207 126.0 2920
1764075887209 126.0 2920
1764075896969 127.0 2943
1764075896972 127.0 2943
1764075906924 128.0 2966
1764075906927 128.0 2966
1764075917320 129.0 2989
1764075917321 129.0 2989
1764075927400 130.0 3012
1764075927401 130.0 3012
1764075937127 131.0 3035
1764075937129 131.0 3035
1764075947077 132.0 3058
1764075947079 132.0 3058
1764075949077 133.0 3059
