c<A>r<13>R<PHE> 0.941000 4.175000 -7.031000
c<A>r<14>R<TYR> -1.728000 5.280000 -4.511000
c<A>r<15>R<GLN> -4.719000 6.378000 -6.656000
c<A>r<16>R<SER> -6.455000 3.006000 -5.875000
c<A>r<17>R<LEU> -6.548000 4.017000 -2.134000
c<A>r<63>R<ASP> 1.699000 10.193000 3.971000
c<A>r<64>R<TYR> 1.077000 6.940000 2.126000
c<A>r<66>R<LYS> 6.162000 7.973000 3.822000
c<A>r<67>R<LYS> 4.672000 4.764000 5.218000
c<A>r<68>R<LEU> 4.964000 2.366000 2.240000
c<A>r<70>R<LEU> 6.340000 2.422000 -3.024000
c<A>r<74>R<PHE> 10.225000 1.487000 -7.375000
c<A>r<77>R<ARG> 14.675000 -1.154000 -8.304000
c<A>r<78>R<ARG> 14.587000 0.585000 -11.597000
c<A>r<80>R<ILE> 19.266001 -1.829000 -10.306000
c<A>r<81>R<TYR> 17.523001 -3.128000 -13.379000
c<A>r<82>R<ASP> 19.221001 -0.495000 -15.503000
c<A>r<84>R<LYS> 22.527000 -4.090000 -17.320000
c<A>r<86>R<HIS> 26.791000 -6.612000 -15.863000
c<A>r<87>R<LEU> 24.504999 -9.143000 -17.316000
c<A>r<88>R<SER> 27.452999 -11.453000 -18.099001
c<A>r<89>R<ASN> 28.872000 -11.165000 -14.578000
c<A>r<90>R<PRO> 27.259001 -13.814000 -12.431000
c<A>r<91>R<GLU> 28.816999 -12.426000 -9.215000
c<A>r<92>R<GLN> 27.500000 -9.003000 -9.885000
c<A>r<93>R<ILE> 24.107000 -10.347000 -10.786000
c<A>r<94>R<GLN> 24.018999 -12.165000 -7.490000
c<A>r<96>R<TYR> 22.077000 -7.122000 -7.536000
c<A>r<97>R<ILE> 19.594999 -9.849000 -6.536000
c<A>r<98>R<GLN> 20.723000 -9.505000 -2.960000
c<A>r<100>R<LEU> 16.799000 -6.251000 -4.530000
c<A>r<101>R<GLU> 15.866000 -8.719000 -1.753000
c<A>r<104>R<GLU> 11.750000 -5.793000 0.319000
c<B>r<13>R<PHE> 3.168000 -4.952000 4.513000
c<B>r<14>R<TYR> 0.189000 -2.826000 5.648000
c<B>r<15>R<GLN> 0.617000 -2.465000 9.449000
c<B>r<16>R<SER> 1.993000 1.110000 8.891000
c<B>r<17>R<LEU> -1.448000 2.129000 7.443000
c<B>r<63>R<ASP> -8.815000 -4.535000 0.758000
c<B>r<64>R<TYR> -5.406000 -2.879000 0.800000
c<B>r<66>R<LYS> -6.589000 -6.126000 -3.412000
c<B>r<67>R<LYS> -5.729000 -2.564000 -4.394000
c<B>r<68>R<LEU> -1.912000 -2.525000 -4.068000
c<B>r<70>R<LEU> 2.140000 -5.700000 -2.315000
c<B>r<74>R<PHE> 6.532000 -9.520000 -3.320000
c<B>r<77>R<ARG> 9.597000 -11.176000 -7.256000
c<B>r<78>R<ARG> 10.882000 -13.609000 -4.738000
c<B>r<80>R<ILE> 12.176000 -14.614000 -9.899000
c<B>r<81>R<TYR> 15.058000 -13.966000 -7.565000
c<B>r<82>R<ASP> 15.144000 -17.624001 -6.596000
c<B>r<84>R<LYS> 19.308001 -18.334000 -9.616000
c<B>r<86>R<HIS> 20.510000 -18.934999 -14.611000
c<B>r<87>R<LEU> 22.921000 -16.476000 -13.237000
c<B>r<88>R<SER> 25.437000 -17.313000 -15.989000
c<B>r<89>R<ASN> 22.849001 -16.924999 -18.753000
c<B>r<90>R<PRO> 22.777000 -13.303000 -19.815001
c<B>r<91>R<GLU> 19.708000 -13.822000 -22.051001
c<B>r<92>R<GLN> 17.754000 -15.372000 -19.278000
c<B>r<93>R<ILE> 18.815001 -12.695000 -16.865000
c<B>r<94>R<GLN> 17.563999 -10.099000 -19.288000
c<B>r<96>R<TYR> 14.006000 -11.994000 -15.681000
c<B>r<97>R<ILE> 14.696000 -8.243000 -15.517000
c<B>r<98>R<GLN> 11.996000 -7.666000 -18.066000
c<B>r<100>R<LEU> 10.447000 -7.798000 -12.958000
c<B>r<101>R<GLU> 9.890000 -4.467000 -14.766000
c<B>r<104>R<GLU> 5.833000 -2.691000 -11.569000
