1765937669937 187.0 6391
1765937669949 187.0 6391
1765937681166 188.0 6425
1765937681177 188.0 6425
1765937692815 189.0 6459
1765937692822 189.0 6459
1765937704400 190.0 6493
1765937704411 190.0 6493
1765937716370 191.0 6527
1765937716381 191.0 6527
1765937728266 192.0 6561
1765937728278 192.0 6561
1765937739714 193.0 6595
1765937739721 193.0 6595
1765937751663 194.0 6629
1765937751670 194.0 6629
1765937763288 195.0 6663
1765937763300 195.0 6663
1765937774848 196.0 6697
1765937774850 196.0 6697
1765937786649 197.0 6731
1765937786651 197.0 6731
1765937798389 198.0 6765
1765937798391 198.0 6765
1765937810289 199.0 6799
1765937810296 199.0 6799
1765937822232 200.0 6833
1765937822234 200.0 6833
1765937834055 201.0 6867
1765937834057 201.0 6867
1765937846073 202.0 6901
1765937846075 202.0 6901
1765937857950 203.0 6935
1765937857952 203.0 6935
1765937869735 204.0 6969
1765937869738 204.0 6969
1765937882189 205.0 7003
1765937882191 205.0 7003
1765937893949 206.0 7037
1765937893951 206.0 7037
1765937905905 207.0 7071
1765937905907 207.0 7071
1765937917791 208.0 7105
1765937917793 208.0 7105
1765937929764 209.0 7139
1765937929766 209.0 7139
1765937941584 210.0 7173
1765937941586 210.0 7173
1765937953745 211.0 7207
1765937953747 211.0 7207
1765937965726 212.0 7241
1765937965728 212.0 7241
1765937967915 213.0 7242
