c<A>r<1>R<PRO> -14.912000 -17.473000 13.123000
c<A>r<2>R<THR> -16.584999 -14.273000 12.280000
c<A>r<3>R<PRO> -16.604000 -11.925000 9.260000
c<A>r<4>R<VAL> -14.024000 -9.216000 9.151000
c<A>r<5>R<PRO> -15.606000 -5.809000 9.770000
c<A>r<6>R<LEU> -14.707000 -2.529000 8.224000
c<A>r<7>R<PRO> -15.013000 0.127000 10.856000
c<A>r<8>R<ASN> -15.465000 3.848000 10.068000
c<A>r<29>R<PRO> -10.436000 8.577000 10.218000
c<A>r<30>R<LEU> -10.508000 5.853000 12.816000
c<A>r<31>R<HIS> -10.452000 8.296000 15.753000
c<A>r<32>R<TRP> -13.800000 9.674000 14.708000
c<A>r<33>R<GLU> -16.747999 8.638000 16.816999
c<A>r<51>R<ASN> -12.875000 -2.429000 -5.829000
c<A>r<52>R<ALA> -9.081000 -2.639000 -6.212000
c<A>r<53>R<LEU> -7.966000 0.232000 -3.982000
c<A>r<54>R<PHE> -10.518000 1.028000 -1.212000
c<A>r<55>R<LEU> -8.897000 -1.223000 1.434000
c<A>r<56>R<THR> -5.350000 -0.141000 0.648000
c<A>r<57>R<ALA> -6.305000 3.598000 0.649000
c<A>r<58>R<THR> -8.279000 3.272000 3.854000
c<A>r<59>R<GLU> -5.664000 1.556000 5.814000
c<A>r<60>R<ALA> -2.907000 3.778000 4.458000
c<A>r<61>R<ALA> -4.874000 6.821000 5.683000
c<A>r<62>R<TRP> -5.476000 5.268000 9.120000
c<A>r<63>R<ARG> -1.746000 4.462000 9.641000
c<A>r<64>R<ARG> -0.892000 8.055000 9.234000
c<A>r<65>R<ALA> -2.282000 8.834000 12.598000
c<A>r<66>R<ALA> 0.970000 7.470000 14.025000
c<A>r<67>R<ALA> 3.039000 9.830000 11.926000
c<A>r<68>R<SER> 4.617000 13.050000 13.251000
c<A>r<69>R<HIS> 3.103000 15.107000 10.422000
c<A>r<84>R<LYS> -18.358999 -10.608000 -7.083000
c<A>r<85>R<GLY> -15.099000 -12.495000 -6.995000
c<A>r<86>R<LYS> -13.250000 -9.977000 -9.100000
c<A>r<87>R<LEU> -11.820000 -6.454000 -8.709000
c<A>r<88>R<TYR> -12.300000 -5.023000 -12.241000
c<A>r<206>R<ARG> 13.152000 -11.745000 -16.808001
c<A>r<207>R<TRP> 11.523000 -14.266000 -14.536000
c<A>r<208>R<ALA> 13.660000 -17.184999 -13.472000
c<A>r<209>R<ASP> 11.526000 -19.702000 -15.255000
c<A>r<210>R<GLU> 10.438000 -17.541000 -18.117001
c<A>r<218>R<ARG> 6.981000 -8.943000 -23.023001
c<A>r<250>R<THR> 7.702000 9.376000 -9.045000
c<A>r<251>R<GLU> 9.315000 6.315000 -10.454000
c<A>r<252>R<TYR> 9.048000 3.242000 -8.177000
c<A>r<253>R<GLU> 12.141000 1.103000 -8.789000
c<A>r<254>R<GLY> 11.354000 -2.585000 -9.185000
c<A>r<255>R<GLU> 7.605000 -2.213000 -9.345000
c<A>r<256>R<ASP> 5.441000 -3.534000 -12.133000
c<A>r<257>R<HIS> 2.129000 -2.207000 -13.481000
c<A>r<258>R<THR> 0.040000 -3.827000 -10.721000
c<A>r<259>R<SER> 2.483000 -3.675000 -7.735000
c<A>r<260>R<VAL> 3.011000 0.160000 -8.103000
c<A>r<261>R<MET> -0.633000 0.737000 -6.988000
c<A>r<262>R<SER> 0.072000 0.175000 -3.254000
c<A>r<263>R<CYS> 2.926000 2.683000 -3.285000
c<A>r<264>R<SER> 1.326000 5.297000 -5.551000
c<A>r<265>R<VAL> -2.054000 5.404000 -3.710000
c<A>r<266>R<SER> -0.391000 5.545000 -0.289000
c<A>r<267>R<ARG> 2.055000 8.290000 -1.280000
c<A>r<270>R<THR> -0.556000 11.072000 2.134000
c<A>r<274>R<GLU> -0.899000 16.374001 4.675000
c<A>r<275>R<ASP> -0.199000 19.031000 2.073000
c<A>r<276>R<TRP> 3.409000 17.878000 1.697000
c<A>r<277>R<PRO> 4.540000 19.913000 -1.387000
c<A>r<278>R<PHE> 2.308000 21.747999 -1.960000
c<A>r<279>R<HIS> 3.872000 24.202999 -0.455000
c<A>r<280>R<GLN> 6.558000 25.009001 -1.550000
c<A>r<281>R<SER> 8.290000 26.879999 0.923000
c<B>r<1>R<PRO> -18.275999 -7.716000 5.658000
c<B>r<2>R<LEU> -15.078000 -8.267000 3.815000
c<B>r<3>R<PRO> -15.311000 -11.165000 1.329000
c<B>r<4>R<ASN> -12.961000 -14.182000 1.347000
c<B>r<5>R<SER> -11.908000 -13.356000 4.750000
c<B>r<6>R<GLU> -12.540000 -14.233000 8.366000
c<B>r<7>R<GLN> -11.391000 -13.379000 11.815000
c<B>r<8>R<PHE> -11.130000 -15.097000 15.206000
c<B>r<9>R<TYR> -9.528000 -14.682000 18.598000
c<B>r<20>R<ILE> -6.282000 -13.275000 13.931000
c<B>r<21>R<GLN> -7.470000 -12.110000 10.570000
c<B>r<22>R<VAL> -7.239000 -14.402000 7.524000
c<B>r<23>R<SER> -7.857000 -13.747000 3.836000
c<B>r<25>R<PRO> -7.826000 -15.346000 -3.070000
c<B>r<26>R<LEU> -11.027000 -13.809000 -4.331000
c<B>r<27>R<HIS> -11.542000 -16.438999 -7.031000
c<B>r<28>R<TRP> -11.887000 -19.106001 -4.393000
c<B>r<29>R<GLU> -15.421000 -20.294001 -3.772000
c<B>r<47>R<ASN> -4.594000 -4.149000 12.703000
c<B>r<48>R<ALA> -2.418000 -1.829000 10.596000
c<B>r<49>R<LEU> -1.739000 -4.043000 7.587000
c<B>r<50>R<PHE> -4.463000 -6.706000 7.032000
c<B>r<51>R<LEU> -6.521000 -4.645000 4.552000
c<B>r<52>R<THR> -3.500000 -3.406000 2.631000
c<B>r<53>R<ALA> -2.016000 -6.951000 2.378000
c<B>r<54>R<THR> -5.326000 -8.464000 1.392000
c<B>r<55>R<GLU> -6.054000 -6.093000 -1.357000
c<B>r<56>R<ALA> -2.491000 -6.147000 -2.635000
c<B>r<57>R<ALA> -2.739000 -9.955000 -2.932000
c<B>r<58>R<TRP> -6.123000 -9.765000 -4.691000
c<B>r<59>R<ARG> -4.844000 -7.210000 -7.276000
c<B>r<60>R<ARG> -2.197000 -9.587000 -8.360000
c<B>r<61>R<ALA> -4.724000 -11.726000 -10.059000
c<B>r<62>R<ALA> -4.630000 -9.203000 -12.906000
c<B>r<63>R<ALA> -0.886000 -9.515000 -13.268000
c<B>r<64>R<SER> 0.785000 -11.567000 -16.024000
c<B>r<65>R<HIS> 2.923000 -13.425000 -13.464000
c<B>r<80>R<LYS> -11.096000 -0.192000 19.025999
c<B>r<81>R<GLY> -10.371000 3.045000 17.216000
c<B>r<82>R<LYS> -6.644000 2.437000 17.052000
c<B>r<83>R<LEU> -4.248000 0.340000 15.011000
c<B>r<84>R<TYR> -1.477000 -0.310000 17.562000
c<B>r<125>R<ARG> -9.305000 -23.395000 8.698000
c<B>r<200>R<PRO> 12.684000 16.666000 4.474000
c<B>r<201>R<ARG> 11.594000 19.888000 5.993000
c<B>r<202>R<TRP> 7.906000 20.541000 5.924000
c<B>r<203>R<ALA> 6.795000 23.818001 4.454000
c<B>r<204>R<ASP> 5.443000 25.075001 7.658000
c<B>r<205>R<GLU> 7.851000 23.407000 9.964000
c<B>r<213>R<ARG> 13.778000 15.660000 13.821000
c<B>r<245>R<THR> 14.980000 -1.985000 -0.981000
c<B>r<246>R<GLU> 15.134000 1.683000 -0.315000
c<B>r<247>R<TYR> 11.877000 3.546000 -1.114000
c<B>r<248>R<GLU> 12.815000 7.075000 -2.179000
c<B>r<249>R<GLY> 10.660000 9.738000 -0.555000
c<B>r<250>R<GLU> 8.921000 7.486000 1.906000
c<B>r<251>R<ASP> 8.861000 7.996000 5.644000
c<B>r<252>R<HIS> 8.645000 5.434000 8.484000
c<B>r<253>R<THR> 4.855000 5.025000 8.184000
c<B>r<254>R<SER> 4.355000 5.562000 4.383000
c<B>r<255>R<VAL> 6.893000 2.776000 3.447000
c<B>r<256>R<MET> 4.494000 0.107000 4.847000
c<B>r<257>R<SER> 2.173000 0.105000 1.784000
c<B>r<258>R<CYS> 5.106000 -0.411000 -0.585000
c<B>r<259>R<SER> 7.082000 -2.891000 1.544000
c<B>r<260>R<VAL> 4.095000 -5.190000 2.353000
c<B>r<261>R<SER> 2.889000 -5.191000 -1.270000
c<B>r<262>R<ARG> 6.352000 -5.902000 -2.677000
c<B>r<265>R<THR> 4.192000 -10.327000 -4.158000
c<B>r<269>R<GLU> 5.200000 -15.427000 -6.954000
c<B>r<270>R<ASP> 8.676000 -16.657000 -6.090000
c<B>r<271>R<TRP> 10.312000 -13.693000 -7.703000
c<B>r<272>R<PRO> 14.065000 -14.243000 -6.943000
c<B>r<273>R<PHE> 13.720000 -16.945000 -4.694000
c<B>r<274>R<HIS> 14.277000 -19.784000 -6.739000
c<B>r<275>R<GLN> 17.386000 -20.909000 -7.077000
