c<A>r<4>R<ILE> -11.295000 -2.744000 7.113000
c<A>r<6>R<GLU> -15.915000 -0.951000 3.107000
c<A>r<13>R<PRO> -15.406000 10.873000 -13.148000
c<A>r<14>R<GLY> -13.806000 12.564000 -10.085000
c<A>r<15>R<VAL> -15.407000 10.431000 -7.256000
c<A>r<16>R<MET> -11.996000 8.885000 -6.459000
c<A>r<17>R<THR> -10.533000 12.422000 -6.214000
c<A>r<18>R<HIS> -13.256000 13.459000 -3.789000
c<A>r<19>R<VAL> -12.918000 10.249000 -1.704000
c<A>r<20>R<CYS> -9.050000 10.364000 -1.676000
c<A>r<21>R<GLY> -9.197000 14.140000 -0.941000
c<A>r<22>R<LEU> -11.137000 13.447000 2.296000
c<A>r<23>R<PHE> -8.516000 10.967000 3.601000
c<A>r<24>R<ALA> -5.829000 13.504000 2.682000
c<A>r<25>R<ARG> -7.489000 16.584999 4.301000
c<A>r<27>R<ALA> -5.076000 13.268000 8.264000
c<A>r<28>R<PHE> -6.734000 9.851000 8.477000
c<A>r<29>R<ASN> -3.835000 7.421000 8.903000
c<A>r<30>R<VAL> -5.034000 5.011000 6.196000
c<A>r<31>R<GLU> -2.685000 2.008000 6.045000
c<A>r<32>R<GLY> -4.158000 0.699000 2.764000
c<A>r<33>R<ILE> -6.641000 1.469000 -0.021000
c<A>r<34>R<LEU> -8.279000 -0.940000 -2.458000
c<A>r<35>R<CYS> -10.791000 0.408000 -5.009000
c<A>r<36>R<LEU> -12.627000 -1.770000 -7.555000
c<A>r<37>R<PRO> -15.680000 -1.097000 -9.799000
c<A>r<38>R<ILE> -18.792999 -3.178000 -9.147000
c<A>r<39>R<GLN> -19.527000 -5.228000 -12.303000
c<A>r<44>R<SER> -17.281000 1.110000 -6.851000
c<A>r<45>R<HIS> -16.249001 -0.682000 -3.668000
c<A>r<46>R<ILE> -13.489000 0.996000 -1.655000
c<A>r<47>R<TRP> -11.810000 -1.007000 1.114000
c<A>r<48>R<LEU> -9.726000 1.040000 3.569000
c<A>r<49>R<LEU> -7.279000 -0.444000 6.055000
c<A>r<75>R<ASN> -16.021999 -5.172000 6.768000
c<A>r<76>R<GLN> -15.717000 -8.445000 8.781000
c<A>r<77>R<SER> -12.746000 -9.653000 6.664000
c<A>r<78>R<ASP> -9.324000 -10.267000 8.181000
c<A>r<81>R<MET> -5.907000 -9.764000 3.593000
c<A>r<82>R<PHE> -4.273000 -6.416000 2.575000
c<A>r<83>R<ASN> -0.818000 -7.883000 3.452000
c<A>r<84>R<LYS> -1.579000 -11.156000 1.552000
c<A>r<85>R<ILE> -2.531000 -9.067000 -1.518000
c<A>r<86>R<ALA> 0.722000 -7.030000 -1.152000
c<A>r<88>R<PHE> 0.835000 -11.411000 -4.458000
c<A>r<89>R<PHE> 1.756000 -8.143000 -6.293000
c<A>r<90>R<GLN> 5.281000 -7.560000 -4.811000
c<B>r<4>R<ILE> -1.152000 -3.092000 -14.070000
c<B>r<6>R<GLU> 3.219000 -0.378000 -10.270000
c<B>r<13>R<PRO> 1.257000 13.205000 4.619000
c<B>r<14>R<GLY> -0.590000 14.197000 1.408000
c<B>r<15>R<VAL> 1.038000 11.779000 -1.173000
c<B>r<16>R<MET> -2.371000 10.094000 -1.695000
c<B>r<17>R<THR> -3.868000 13.549000 -2.540000
c<B>r<18>R<HIS> -1.162000 14.136000 -5.148000
c<B>r<19>R<VAL> -1.406000 10.572000 -6.577000
c<B>r<20>R<CYS> -5.255000 10.606000 -6.697000
c<B>r<21>R<GLY> -5.200000 14.227000 -8.058000
c<B>r<22>R<LEU> -3.242000 13.051000 -11.149000
c<B>r<23>R<PHE> -5.851000 10.439000 -12.116000
c<B>r<24>R<ALA> -8.558000 13.028000 -11.332000
c<B>r<25>R<ARG> -7.178000 15.852000 -13.477000
c<B>r<27>R<ALA> -9.424000 11.791000 -16.812000
c<B>r<28>R<PHE> -7.431000 8.545000 -16.761000
c<B>r<29>R<ASN> -9.977000 5.718000 -16.695999
c<B>r<30>R<VAL> -8.490000 3.699000 -13.823000
c<B>r<31>R<GLU> -10.329000 0.363000 -13.480000
c<B>r<32>R<GLY> -8.720000 -0.316000 -10.053000
c<B>r<33>R<ILE> -6.379000 1.092000 -7.378000
c<B>r<34>R<LEU> -4.407000 -0.787000 -4.716000
c<B>r<35>R<CYS> -2.161000 1.225000 -2.346000
c<B>r<36>R<LEU> -0.070000 -0.397000 0.417000
c<B>r<37>R<PRO> 2.841000 0.862000 2.602000
c<B>r<38>R<ILE> 6.209000 -0.847000 2.260000
c<B>r<39>R<GLN> 7.170000 -2.409000 5.624000
c<B>r<44>R<SER> 4.160000 2.940000 -0.566000
c<B>r<45>R<HIS> 3.435000 0.677000 -3.528000
c<B>r<46>R<ILE> 0.517000 1.719000 -5.732000
c<B>r<47>R<TRP> -0.891000 -0.720000 -8.283000
c<B>r<48>R<LEU> -3.204000 0.767000 -10.914000
c<B>r<49>R<LEU> -5.391000 -1.238000 -13.278000
c<B>r<75>R<ASN> 3.851000 -4.849000 -13.432000
c<B>r<76>R<GLN> 4.158000 -8.342000 -15.030000
c<B>r<77>R<SER> 1.187000 -9.710000 -13.015000
c<B>r<78>R<ASP> -2.036000 -10.835000 -14.679000
c<B>r<81>R<MET> -5.446000 -10.343000 -10.162000
c<B>r<82>R<PHE> -7.514000 -7.179000 -9.347000
c<B>r<83>R<ASN> -10.755000 -9.172000 -9.951000
c<B>r<84>R<LYS> -9.422000 -12.108000 -7.836000
c<B>r<85>R<ILE> -8.699000 -9.637000 -4.986000
c<B>r<86>R<ALA> -12.346000 -8.415000 -4.968000
c<B>r<88>R<PHE> -11.492000 -11.952000 -0.840000
c<B>r<89>R<PHE> -13.615000 -9.045000 0.574000
c<B>r<90>R<GLN> -17.131001 -10.249000 -0.522000
