c<A>r<1>R<HIS> 17.277000 -7.445000 -7.275000
c<A>r<19>R<CYS> 2.556000 -6.072000 -0.595000
c<A>r<20>R<LYS> 2.749000 -4.654000 -4.150000
c<A>r<21>R<PHE> 0.880000 -7.298000 -6.282000
c<A>r<22>R<ALA> -2.533000 -8.979000 -5.744000
c<A>r<28>R<GLU> -5.641000 -10.615000 -1.698000
c<A>r<29>R<LYS> -2.786000 -8.250000 -0.688000
c<A>r<30>R<ASN> -0.661000 -8.067000 2.394000
c<A>r<31>R<THR> -1.501000 -4.820000 4.238000
c<A>r<32>R<HIS> 0.559000 -2.176000 6.141000
c<A>r<33>R<CYS> 3.882000 -3.427000 4.711000
c<A>r<34>R<GLY> 5.679000 -0.002000 4.967000
c<A>r<35>R<ALA> 8.075000 1.417000 2.402000
c<A>r<36>R<ILE> 9.050000 -1.982000 0.969000
c<A>r<37>R<GLN> 5.553000 -2.155000 -0.665000
c<A>r<38>R<TYR> 6.924000 0.094000 -3.430000
c<A>r<39>R<GLU> 10.081000 -1.925000 -4.161000
c<A>r<41>R<GLN> 12.578000 -6.540000 -5.275000
c<A>r<42>R<SER> 14.824000 -4.940000 -2.604000
c<A>r<44>R<GLU> 18.440001 -7.546000 0.454000
c<A>r<57>R<GLY> 13.745000 -11.637000 14.357000
c<A>r<58>R<LYS> 14.976000 -9.809000 11.239000
c<A>r<64>R<SER> 16.455000 -3.741000 5.620000
c<A>r<65>R<ALA> 15.124000 -0.536000 7.105000
c<A>r<66>R<LEU> 12.532000 -0.434000 4.239000
c<A>r<67>R<ALA> 11.129000 -3.842000 5.177000
c<A>r<68>R<ALA> 10.838000 -3.665000 8.979000
c<A>r<69>R<ALA> 7.081000 -4.401000 8.874000
c<A>r<70>R<LEU> 7.735000 -7.837000 7.353000
c<A>r<71>R<ASP> 9.268000 -9.006000 10.644000
c<A>r<72>R<GLU> 5.819000 -9.010000 12.432000
c<A>r<73>R<GLN> 4.782000 -12.553000 13.061000
c<A>r<74>R<THR> 1.310000 -13.759000 14.288000
c<A>r<75>R<ALA> -0.935000 -16.579000 13.186000
c<A>r<76>R<ASP> -3.279000 -14.094000 11.464000
c<A>r<95>R<THR> 14.645000 -6.534000 -11.815000
c<A>r<96>R<ALA> 18.506001 -6.320000 -11.880000
c<A>r<97>R<ASN> 21.018999 -8.807000 -13.448000
c<A>r<98>R<HIS> 23.236000 -10.116000 -10.509000
c<A>r<99>R<VAL> 25.775000 -13.028000 -10.836000
c<A>r<113>R<ASN> 5.369000 -21.039000 16.811001
c<A>r<114>R<PRO> 3.414000 -18.754999 14.333000
c<A>r<115>R<ASN> 3.215000 -16.041000 17.061001
c<A>r<116>R<GLN> 7.011000 -15.680000 17.615000
c<A>r<117>R<PRO> 9.408000 -13.681000 15.438000
c<A>r<137>R<GLN> 23.650999 -14.085000 -14.447000
c<A>r<165>R<ASP> 29.611000 -10.778000 -6.738000
c<A>r<166>R<THR> 28.566000 -8.977000 -3.453000
c<A>r<185>R<ALA> -16.885000 -13.663000 -1.248000
c<A>r<186>R<GLY> -15.375000 -10.521000 0.390000
c<A>r<187>R<GLN> -13.370000 -9.424000 3.330000
c<A>r<189>R<ILE> -10.050000 -5.024000 5.944000
c<A>r<190>R<PRO> -9.217000 -2.856000 8.927000
c<A>r<191>R<SER> -7.734000 0.088000 6.931000
c<A>r<192>R<MET> -9.349000 3.077000 8.791000
c<A>r<193>R<ASP> -10.065000 3.960000 12.411000
c<A>r<203>R<ARG> -23.527000 -4.768000 1.869000
c<A>r<204>R<VAL> -24.643000 -8.234000 0.719000
c<A>r<205>R<PHE> -25.431000 -9.002000 -2.952000
c<A>r<206>R<ASP> -27.726999 -11.853000 -4.234000
c<A>r<207>R<ASN> -28.950001 -12.721000 -7.835000
c<A>r<208>R<ASP> -31.155001 -9.593000 -7.891000
c<A>r<209>R<GLY> -28.461000 -7.173000 -6.494000
c<A>r<210>R<GLU> -27.958000 -5.626000 -3.098000
c<A>r<224>R<THR> -12.261000 0.510000 21.993000
c<A>r<227>R<LYS> -9.714000 1.067000 16.513000
c<A>r<229>R<ASN> -8.650000 -4.027000 14.209000
c<A>r<230>R<GLN> -11.292000 -3.962000 17.073000
c<A>r<233>R<TYR> -13.133000 -8.348000 14.934000
c<A>r<250>R<GLN> -9.784000 -16.600000 9.205000
c<A>r<252>R<ASN> -8.610000 -22.284000 11.461000
c<A>r<253>R<GLY> -9.429000 -26.003000 10.816000
c<A>r<257>R<VAL> -12.328000 -17.565001 13.664000
c<A>r<258>R<PRO> -12.735000 -13.704000 13.841000
c<A>r<259>R<VAL> -9.319000 -12.050000 14.364000
c<A>r<260>R<TYR> -8.242000 -8.476000 15.382000
c<A>r<274>R<LYS> -22.976999 -13.649000 -4.593000
c<A>r<275>R<SER> -20.580000 -11.078000 -2.844000
c<A>r<276>R<VAL> -20.245001 -8.886000 0.274000
c<A>r<277>R<GLU> -18.854000 -5.339000 0.343000
c<A>r<278>R<ILE> -18.163000 -3.158000 3.388000
c<A>r<279>R<GLY> -19.962000 0.183000 3.906000
c<A>r<280>R<TYR> -19.304001 3.055000 6.358000
c<A>r<282>R<ILE> -19.822001 8.366000 9.135000
c<A>r<286>R<GLN> -14.933000 15.800000 10.910000
c<A>r<324>R<THR> 5.593000 23.659000 -3.305000
c<A>r<326>R<TYR> 5.544000 25.862000 -9.486000
c<A>r<328>R<HIS> 3.785000 28.459999 -15.314000
c<A>r<329>R<HIS> 5.535000 25.493000 -17.038000
c<A>r<330>R<GLN> 4.699000 23.084000 -13.990000
c<A>r<331>R<LYS> 8.435000 23.135000 -12.959000
c<A>r<332>R<PRO> 8.768000 23.006001 -9.136000
c<A>r<333>R<LEU> 11.064000 25.770000 -7.964000
c<A>r<334>R<ALA> 10.939000 25.320000 -4.120000
c<A>r<335>R<SER> 9.342000 22.938999 -1.561000
c<A>r<336>R<TRP> 8.880000 22.882000 2.213000
c<A>r<337>R<SER> 7.130000 20.441999 4.601000
c<A>r<338>R<GLN> 6.867000 20.193001 8.401000
c<A>r<361>R<MET> 1.678000 29.162001 -8.020000
c<A>r<362>R<LEU> 2.106000 28.246000 -4.399000
c<A>r<363>R<VAL> 0.433000 24.884001 -3.680000
c<A>r<365>R<ARG> -1.467000 20.680000 1.056000
c<A>r<366>R<ILE> -2.799000 19.830999 4.544000
c<A>r<367>R<LYS> -2.521000 16.205999 5.732000
c<A>r<370>R<ASP> -2.811000 9.704000 9.386000
c<A>r<371>R<GLY> -1.466000 11.231000 6.179000
c<A>r<372>R<ASN> -4.874000 11.863000 4.515000
c<A>r<373>R<LEU> -5.363000 15.104000 2.492000
c<A>r<374>R<GLN> -7.699000 17.311001 4.356000
c<A>r<375>R<ASP> -7.341000 20.415001 2.165000
c<A>r<376>R<GLN> -5.344000 21.839001 -0.825000
c<A>r<377>R<GLN> -5.061000 25.549000 -1.640000
c<A>r<378>R<THR> -3.326000 27.139999 -4.698000
c<A>r<379>R<LEU> -2.354000 30.832001 -4.496000
c<B>r<1>R<HIS> -18.783001 -1.739000 -6.827000
c<B>r<19>R<CYS> -3.112000 2.333000 -5.881000
c<B>r<20>R<LYS> -3.714000 -1.444000 -5.620000
c<B>r<21>R<PHE> -2.546000 -2.783000 -9.068000
c<B>r<22>R<ALA> 0.682000 -2.126000 -11.040000
c<B>r<27>R<GLY> 4.692000 -1.592000 -13.538000
c<B>r<28>R<GLU> 4.206000 1.832000 -11.814000
c<B>r<29>R<LYS> 1.850000 2.331000 -8.814000
c<B>r<30>R<ASN> 0.296000 5.418000 -7.351000
c<B>r<31>R<THR> 1.798000 5.981000 -3.885000
c<B>r<32>R<HIS> 0.410000 7.140000 -0.480000
c<B>r<33>R<CYS> -3.224000 6.593000 -1.545000
c<B>r<34>R<GLY> -4.535000 5.909000 2.039000
c<B>r<35>R<ALA> -7.145000 3.321000 2.963000
c<B>r<36>R<ILE> -8.732000 3.207000 -0.511000
c<B>r<37>R<GLN> -5.591000 1.329000 -1.748000
c<B>r<38>R<TYR> -7.121000 -1.846000 -0.276000
c<B>r<39>R<GLU> -10.570000 -1.492000 -1.872000
c<B>r<41>R<GLN> -13.747000 -0.722000 -6.132000
c<B>r<42>R<SER> -15.321000 1.516000 -3.438000
c<B>r<44>R<GLU> -18.667000 5.662000 -4.341000
c<B>r<57>R<GLY> -12.267000 19.489000 -4.636000
c<B>r<58>R<LYS> -13.768000 16.111000 -3.689000
c<B>r<64>R<SER> -15.424000 9.019000 0.493000
c<B>r<65>R<ALA> -13.501000 9.191000 3.740000
c<B>r<66>R<LEU> -11.433000 6.169000 2.518000
c<B>r<67>R<ALA> -10.295000 8.012000 -0.604000
c<B>r<68>R<ALA> -9.365000 11.479000 0.686000
c<B>r<69>R<ALA> -5.792000 11.190000 -0.656000
c<B>r<70>R<LEU> -7.086000 10.972000 -4.234000
c<B>r<71>R<ASP> -8.186000 14.619000 -4.058000
c<B>r<72>R<GLU> -4.521000 15.889000 -4.075000
c<B>r<73>R<GLN> -3.812000 17.518999 -7.369000
c<B>r<74>R<THR> -0.354000 18.663000 -8.693000
c<B>r<75>R<ALA> 1.340000 18.294001 -12.039000
c<B>r<76>R<ASP> 3.632000 15.598000 -10.631000
c<B>r<95>R<THR> -16.847000 -6.612000 -7.814000
c<B>r<96>R<ALA> -20.611000 -6.289000 -7.007000
c<B>r<97>R<ASN> -23.625000 -6.640000 -9.394000
c<B>r<98>R<HIS> -25.474001 -3.194000 -9.370000
c<B>r<99>R<VAL> -28.343000 -2.232000 -11.785000
c<B>r<113>R<ASN> -4.758000 23.912001 -14.064000
c<B>r<114>R<PRO> -2.993000 20.607000 -13.010000
c<B>r<115>R<ASN> -2.024000 22.233999 -9.661000
c<B>r<116>R<GLN> -5.605000 23.080000 -8.521000
c<B>r<117>R<PRO> -8.078000 20.666000 -6.935000
c<B>r<137>R<GLN> -26.992001 -5.533000 -14.227000
c<B>r<165>R<ASP> -31.146999 1.284000 -7.751000
c<B>r<166>R<THR> -29.385000 3.670000 -5.230000
c<B>r<185>R<ALA> 14.924000 1.942000 -16.386999
c<B>r<186>R<GLY> 14.075000 2.611000 -12.686000
c<B>r<187>R<GLN> 12.735000 5.248000 -10.422000
c<B>r<189>R<ILE> 10.437000 6.634000 -4.948000
c<B>r<190>R<PRO> 10.359000 8.813000 -1.860000
c<B>r<191>R<SER> 8.923000 6.145000 0.515000
c<B>r<192>R<MET> 11.156000 6.714000 3.637000
c<B>r<193>R<ASP> 12.555000 9.730000 5.469000
c<B>r<203>R<ARG> 22.978001 1.136000 -8.177000
c<B>r<204>R<VAL> 23.483000 1.082000 -11.965000
c<B>r<205>R<PHE> 23.565001 -2.196000 -13.951000
c<B>r<206>R<ASP> 25.274000 -2.731000 -17.396999
c<B>r<207>R<ASN> 25.771999 -5.965000 -19.516001
c<B>r<208>R<ASP> 28.290001 -7.312000 -16.961000
c<B>r<209>R<GLY> 26.159000 -6.482000 -13.825000
c<B>r<210>R<GLU> 26.400000 -3.751000 -11.245000
c<B>r<224>R<THR> 15.876000 19.584000 4.830000
c<B>r<227>R<LYS> 12.545000 14.568000 4.084000
c<B>r<229>R<ASN> 10.530000 14.220000 -1.229000
c<B>r<230>R<GLN> 13.599000 16.563000 -0.718000
c<B>r<233>R<TYR> 14.536000 15.789000 -5.791000
c<B>r<250>R<GLN> 9.339000 13.535000 -14.738000
c<B>r<252>R<ASN> 7.898000 17.665001 -19.179001
c<B>r<253>R<GLY> 8.155000 18.184000 -22.996000
c<B>r<257>R<VAL> 12.447000 17.738001 -14.678000
c<B>r<258>R<PRO> 13.325000 16.576000 -11.075000
c<B>r<259>R<VAL> 10.263000 16.923000 -8.807000
c<B>r<260>R<TYR> 9.799000 16.827999 -4.968000
c<B>r<274>R<LYS> 20.344999 -1.918000 -18.408001
c<B>r<275>R<SER> 18.587000 -0.850000 -15.069000
c<B>r<276>R<VAL> 19.033001 1.389000 -12.000000
c<B>r<277>R<GLU> 18.087000 0.450000 -8.427000
c<B>r<278>R<ILE> 18.177000 2.663000 -5.327000
c<B>r<279>R<GLY> 20.403999 1.832000 -2.325000
c<B>r<280>R<TYR> 20.502001 3.262000 1.224000
c<B>r<282>R<ILE> 22.093000 4.051000 6.966000
c<B>r<286>R<GLN> 18.482000 3.811000 15.280000
c<B>r<324>R<THR> -3.037000 -9.661000 21.596001
c<B>r<326>R<TYR> -3.753000 -16.181999 21.742001
c<B>r<328>R<HIS> -2.682000 -22.705000 22.079000
c<B>r<329>R<HIS> -5.022000 -23.136999 19.052000
c<B>r<330>R<GLN> -3.988000 -19.582001 17.614000
c<B>r<331>R<LYS> -7.481000 -18.194000 18.587999
c<B>r<332>R<PRO> -7.191000 -14.539000 19.702999
c<B>r<333>R<LEU> -8.913000 -14.079000 23.037001
c<B>r<334>R<ALA> -8.214000 -10.348000 23.789000
c<B>r<335>R<SER> -6.515000 -7.349000 22.087999
c<B>r<336>R<TRP> -5.442000 -3.852000 23.121000
c<B>r<337>R<SER> -3.618000 -1.018000 21.285000
c<B>r<338>R<GLN> -2.769000 2.597000 22.181999
c<B>r<361>R<MET> 0.667000 -16.351999 24.664000
c<B>r<362>R<LEU> 0.735000 -12.613000 24.996000
c<B>r<363>R<VAL> 2.099000 -11.029000 21.790001
c<B>r<365>R<ARG> 4.242000 -5.426000 19.006001
c<B>r<366>R<ILE> 6.033000 -2.033000 19.077000
c<B>r<367>R<LYS> 5.535000 0.310000 16.091000
c<B>r<370>R<ASP> 5.647000 5.868000 11.110000
c<B>r<371>R<GLY> 3.972000 2.517000 11.761000
c<B>r<372>R<ASN> 7.100000 0.335000 11.265000
c<B>r<373>R<LEU> 7.644000 -2.699000 13.589000
c<B>r<374>R<GLN> 10.503000 -1.954000 15.844000
c<B>r<375>R<ASP> 10.157000 -4.991000 18.134001
c<B>r<376>R<GLN> 7.879000 -8.024000 18.872999
c<B>r<377>R<GLN> 7.901000 -9.979000 22.148001
c<B>r<378>R<THR> 5.887000 -13.165000 22.974001
c<B>r<379>R<LEU> 5.390000 -14.079000 26.650000
