c<A>r<299>R<TYR> 42.146999 56.573002 102.477997
c<A>r<300>R<LYS> 39.617001 55.340000 99.891998
c<A>r<301>R<ASN> 42.196999 55.842999 97.107002
c<A>r<302>R<PRO> 45.214001 54.372002 99.018997
c<A>r<303>R<LYS> 48.069000 54.393002 96.530998
c<A>r<326>R<PHE> 36.879002 56.151001 111.123001
c<A>r<327>R<ASP> 35.588001 54.146999 108.172997
c<A>r<328>R<PHE> 32.445000 55.659000 106.667999
c<A>r<329>R<THR> 30.047001 55.109001 103.782997
c<A>r<330>R<ASP> 27.725000 58.000999 104.573997
c<A>r<331>R<ASN> 28.791000 61.610001 105.074997
c<A>r<336>R<PRO> 31.452000 53.551998 115.929001
c<A>r<349>R<ASN> 45.035999 44.266998 115.913002
c<A>r<350>R<ASP> 47.952000 41.812000 115.918999
c<A>r<351>R<ASP> 49.323002 43.493000 112.794998
c<A>r<352>R<ASN> 49.278000 46.901001 114.508003
c<A>r<353>R<THR> 46.297001 48.199001 112.525002
c<A>r<354>R<CYS> 43.042999 49.259998 114.183998
c<A>r<355>R<SER> 39.910999 47.258999 114.750999
c<A>r<356>R<ASN> 36.324001 48.459000 115.334000
c<A>r<357>R<GLY> 35.995998 50.591000 112.248001
c<A>r<358>R<TYR> 38.933998 52.953999 112.595001
c<A>r<359>R<VAL> 41.168999 53.436001 109.563004
c<A>r<360>R<CYS> 44.160000 54.651001 111.608002
c<A>r<361>R<GLU> 46.112999 56.064999 108.670998
c<A>r<362>R<HIS> 48.729000 57.188000 111.172997
c<A>r<363>R<ARG> 49.471001 53.513000 111.834000
c<A>r<364>R<TRP> 50.119999 52.745998 108.180000
c<A>r<365>R<ARG> 53.782001 51.798000 107.693001
c<A>r<366>R<GLN> 54.063999 54.235001 104.789001
c<A>r<367>R<VAL> 52.787998 57.066002 106.984001
c<A>r<428>R<ILE> 57.674000 52.603001 102.498001
c<A>r<429>R<SER> 57.910999 48.881001 101.724998
c<A>r<430>R<GLY> 59.287998 47.984001 105.143997
c<A>r<438>R<THR> 61.960999 44.026001 106.228996
c<A>r<439>R<GLY> 61.285000 45.394001 102.741997
c<A>r<440>R<LYS> 63.308998 46.764999 99.858002
c<A>r<454>R<LEU> 60.389000 51.507999 91.634003
c<A>r<455>R<GLY> 57.918999 49.754002 89.375000
c<A>r<456>R<SER> 54.630001 51.442001 88.587997
c<A>r<457>R<ALA> 52.882999 48.196999 89.528999
c<A>r<458>R<GLU> 54.143002 48.025002 93.112999
c<A>r<459>R<ASP> 51.756001 48.561001 96.056000
c<A>r<460>R<ASP> 53.229000 52.033001 96.519997
c<B>r<24>R<VAL> 36.791000 45.883999 99.211998
c<B>r<25>R<SER> 33.636002 47.696999 98.004997
c<B>r<26>R<THR> 32.903000 49.358002 101.362000
c<B>r<27>R<ARG> 36.490002 50.462002 102.096001
c<B>r<28>R<THR> 37.139000 51.410000 98.454002
c<B>r<29>R<CYS> 34.007000 53.353001 97.503998
c<B>r<30>R<GLY> 32.279999 53.605999 100.873001
c<B>r<31>R<VAL> 29.527000 51.272999 99.672997
c<B>r<32>R<GLY> 28.223000 49.188999 102.578003
c<B>r<36>R<ALA> 30.329000 46.561001 109.478996
c<B>r<37>R<THR> 33.695999 47.437000 107.873001
c<B>r<38>R<GLN> 35.688999 45.986000 110.817001
c<B>r<39>R<GLU> 33.785000 42.696999 111.008003
c<B>r<40>R<MET> 34.139999 42.610001 107.217003
c<B>r<41>R<LYS> 37.862000 43.403999 107.362000
c<B>r<42>R<ALA> 38.448002 40.814999 110.078003
c<B>r<89>R<VAL> 38.223000 51.636002 92.111000
c<B>r<90>R<GLN> 38.041000 48.160999 93.713997
c<B>r<92>R<ALA> 42.925999 49.866001 92.528999
c<B>r<93>R<PHE> 42.541000 49.073002 96.237999
c<B>r<94>R<ALA> 42.543999 45.220001 96.283997
c<B>r<95>R<PRO> 46.330002 44.723000 96.026001
c<B>r<96>R<LYS> 46.591999 46.785000 99.223999
c<B>r<97>R<LEU> 44.848999 44.153000 101.321999
c<B>r<98>R<VAL> 48.269001 42.879002 102.338997
c<B>r<99>R<THR> 49.689999 46.235001 103.414001
c<B>r<100>R<GLU> 50.484001 47.039001 107.046997
c<B>r<101>R<VAL> 47.703999 49.624001 107.316002
c<B>r<102>R<GLU> 45.508999 46.854000 106.039001
c<B>r<103>R<CYS> 46.073002 43.146000 106.778000
c<B>r<104>R<ASN> 49.838001 43.595001 107.065002
c<B>r<105>R<LEU> 50.825001 40.154999 105.721001
c<B>r<106>R<ALA> 54.088001 39.056000 104.097000
c<B>r<109>R<HIS> 58.005001 39.391998 97.564003
c<B>r<110>R<GLY> 58.830002 39.089001 101.252998
c<B>r<111>R<GLY> 56.730000 41.866001 102.767998
c<B>r<112>R<PRO> 53.245998 43.423000 103.241997
c<B>r<113>R<PHE> 53.125999 44.566002 99.602997
c<B>r<114>R<CYS> 52.314999 43.028999 96.211998
c<B>r<115>R<LEU> 54.458000 44.199001 93.292999
c<B>r<116>R<SER> 52.964001 42.085999 90.519997
c<B>r<117>R<LEU> 49.316002 43.028999 91.071999
c<B>r<118>R<LEU> 47.085999 45.272999 88.948997
c<B>r<119>R<GLY> 46.118000 48.047001 91.330002
