c<A>r<298>R<THR> 41.603001 60.056000 101.030998
c<A>r<299>R<TYR> 42.146999 56.573002 102.477997
c<A>r<300>R<LYS> 39.617001 55.340000 99.891998
c<A>r<301>R<ASN> 42.196999 55.842999 97.107002
c<A>r<302>R<PRO> 45.214001 54.372002 99.018997
c<A>r<303>R<LYS> 48.069000 54.393002 96.530998
c<A>r<304>R<PRO> 48.051998 58.023998 95.366997
c<A>r<326>R<PHE> 36.879002 56.151001 111.123001
c<A>r<327>R<ASP> 35.588001 54.146999 108.172997
c<A>r<328>R<PHE> 32.445000 55.659000 106.667999
c<A>r<329>R<THR> 30.047001 55.109001 103.782997
c<A>r<330>R<ASP> 27.725000 58.000999 104.573997
c<A>r<331>R<ASN> 28.791000 61.610001 105.074997
c<A>r<333>R<GLN> 27.672001 58.804001 109.761002
c<A>r<336>R<PRO> 31.452000 53.551998 115.929001
c<A>r<346>R<PRO> 39.701000 51.643002 118.528000
c<A>r<347>R<GLY> 41.320000 48.310001 119.321999
c<A>r<348>R<ILE> 44.792000 47.389999 118.080002
c<A>r<349>R<ASN> 45.035999 44.266998 115.913002
c<A>r<350>R<ASP> 47.952000 41.812000 115.918999
c<A>r<351>R<ASP> 49.323002 43.493000 112.794998
c<A>r<352>R<ASN> 49.278000 46.901001 114.508003
c<A>r<353>R<THR> 46.297001 48.199001 112.525002
c<A>r<354>R<CYS> 43.042999 49.259998 114.183998
c<A>r<355>R<SER> 39.910999 47.258999 114.750999
c<A>r<356>R<ASN> 36.324001 48.459000 115.334000
c<A>r<357>R<GLY> 35.995998 50.591000 112.248001
c<A>r<358>R<TYR> 38.933998 52.953999 112.595001
c<A>r<359>R<VAL> 41.168999 53.436001 109.563004
c<A>r<360>R<CYS> 44.160000 54.651001 111.608002
c<A>r<361>R<GLU> 46.112999 56.064999 108.670998
c<A>r<362>R<HIS> 48.729000 57.188000 111.172997
c<A>r<363>R<ARG> 49.471001 53.513000 111.834000
c<A>r<364>R<TRP> 50.119999 52.745998 108.180000
c<A>r<365>R<ARG> 53.782001 51.798000 107.693001
c<A>r<366>R<GLN> 54.063999 54.235001 104.789001
c<A>r<367>R<VAL> 52.787998 57.066002 106.984001
c<A>r<368>R<TYR> 54.733002 56.514000 110.199997
c<A>r<428>R<ILE> 57.674000 52.603001 102.498001
c<A>r<429>R<SER> 57.910999 48.881001 101.724998
c<A>r<430>R<GLY> 59.287998 47.984001 105.143997
c<A>r<437>R<CYS> 65.426003 45.535000 106.251999
c<A>r<438>R<THR> 61.960999 44.026001 106.228996
c<A>r<439>R<GLY> 61.285000 45.394001 102.741997
c<A>r<440>R<LYS> 63.308998 46.764999 99.858002
c<A>r<454>R<LEU> 60.389000 51.507999 91.634003
c<A>r<455>R<GLY> 57.918999 49.754002 89.375000
c<A>r<456>R<SER> 54.630001 51.442001 88.587997
c<A>r<457>R<ALA> 52.882999 48.196999 89.528999
c<A>r<458>R<GLU> 54.143002 48.025002 93.112999
c<A>r<459>R<ASP> 51.756001 48.561001 96.056000
c<A>r<460>R<ASP> 53.229000 52.033001 96.519997
c<A>r<461>R<GLY> 54.493999 54.646999 94.109001
c<B>r<25>R<SER> 33.965000 47.395000 100.732002
c<B>r<26>R<THR> 33.625000 48.785999 104.268997
c<B>r<27>R<ARG> 37.256001 49.926998 104.639999
c<B>r<28>R<THR> 37.433998 51.153999 101.028999
c<B>r<29>R<CYS> 34.175999 53.080002 100.619003
c<B>r<30>R<GLY> 32.875999 53.041000 104.182999
c<B>r<31>R<VAL> 30.034000 50.730999 103.153999
c<B>r<32>R<GLY> 29.135000 48.407001 106.030998
c<B>r<35>R<LEU> 29.728001 42.917000 110.634003
c<B>r<36>R<ALA> 32.123001 45.337002 112.403999
c<B>r<37>R<THR> 35.250000 46.415001 110.470001
c<B>r<38>R<GLN> 37.616001 44.805000 113.029999
c<B>r<39>R<GLU> 35.806000 41.462002 113.202003
c<B>r<40>R<MET> 35.691002 41.661999 109.400002
c<B>r<41>R<LYS> 39.388000 42.540001 109.149002
c<B>r<42>R<ALA> 40.348999 39.775002 111.569000
c<B>r<45>R<CYS> 43.476002 38.731998 107.248001
c<B>r<83>R<PRO> 25.740000 51.305000 95.939003
c<B>r<84>R<GLY> 28.333000 53.918999 96.836998
c<B>r<85>R<CYS> 31.225000 51.492001 96.403000
c<B>r<88>R<GLN> 37.521000 50.514999 91.099998
c<B>r<89>R<VAL> 37.720001 51.873001 94.636002
c<B>r<90>R<GLN> 37.797001 48.285999 95.982002
c<B>r<91>R<ARG> 40.307999 47.235001 93.341003
c<B>r<92>R<ALA> 42.467999 50.199001 94.341003
c<B>r<93>R<PHE> 42.557999 49.126999 97.998001
c<B>r<94>R<ALA> 42.632000 45.283001 97.751999
c<B>r<95>R<PRO> 46.365002 44.904999 96.996002
c<B>r<96>R<LYS> 46.986000 46.734001 100.285004
c<B>r<97>R<LEU> 45.560001 43.910000 102.375000
c<B>r<98>R<VAL> 49.101002 42.654999 102.866997
c<B>r<99>R<THR> 50.588001 45.959000 104.012001
c<B>r<100>R<GLU> 51.811001 46.515999 107.570999
c<B>r<101>R<VAL> 49.042999 49.000000 108.373001
c<B>r<102>R<GLU> 46.752998 46.275002 107.167999
c<B>r<103>R<CYS> 47.466999 42.539001 107.547997
c<B>r<104>R<ASN> 51.230999 43.063000 107.406998
c<B>r<105>R<LEU> 52.101002 39.757999 105.695000
c<B>r<106>R<ALA> 55.155998 38.866001 103.606003
c<B>r<109>R<HIS> 58.228001 39.780998 96.688004
c<B>r<110>R<GLY> 59.507999 39.230999 100.214996
c<B>r<111>R<GLY> 57.564999 41.833000 102.181999
c<B>r<112>R<PRO> 54.140999 43.261002 103.194000
c<B>r<113>R<PHE> 53.553001 44.664001 99.694000
c<B>r<114>R<CYS> 52.354000 43.359001 96.320999
c<B>r<115>R<LEU> 54.099998 44.793999 93.259003
c<B>r<116>R<SER> 52.310001 42.851002 90.537003
c<B>r<117>R<LEU> 48.742001 43.655998 91.599998
c<B>r<118>R<LEU> 46.230000 45.991001 89.942001
c<B>r<119>R<GLY> 45.516998 48.556999 92.626999
