c<A>r<51>R<ALA> 21.931999 65.249001 117.547997
c<A>r<52>R<ASP> 19.757999 62.419998 116.272003
c<A>r<55>R<PRO> 26.610001 62.238998 113.693001
c<A>r<56>R<TRP> 30.243000 63.410000 113.726997
c<A>r<57>R<TRP> 29.000000 66.938004 113.010002
c<A>r<58>R<GLU> 27.160000 67.400002 116.304001
c<A>r<59>R<ARG> 30.580000 68.287003 117.762001
c<A>r<60>R<TYR> 30.533001 71.509003 115.764000
c<A>r<61>R<GLN> 27.465000 72.900002 117.467003
c<A>r<101>R<THR> 23.865000 75.625000 117.710999
c<A>r<102>R<GLY> 21.735001 75.658997 114.588997
c<A>r<103>R<MET> 18.808001 74.087997 116.399002
c<A>r<104>R<ASN> 17.232000 73.595001 119.799004
c<A>r<105>R<GLY> 18.391001 70.709000 121.927002
c<A>r<115>R<HIS> 18.590000 78.216003 119.337997
c<A>r<116>R<ASP> 15.237000 79.921997 118.885002
c<A>r<133>R<PRO> 20.302000 86.926003 112.428001
c<A>r<134>R<CYS> 21.087000 86.827003 108.717003
c<A>r<135>R<GLU> 22.283001 84.122002 106.351997
c<A>r<136>R<VAL> 25.805000 83.735001 105.055000
c<A>r<137>R<ASN> 25.131001 83.623001 101.334000
c<A>r<138>R<ASN> 27.671000 85.838997 99.623001
c<A>r<139>R<TYR> 31.351999 85.050003 99.810997
c<A>r<140>R<GLN> 32.074001 88.188004 97.790001
c<A>r<149>R<GLU> 24.885000 82.684998 110.436996
c<A>r<150>R<LEU> 26.723000 79.893997 108.704002
c<A>r<151>R<VAL> 23.973000 77.400002 107.878998
c<A>r<152>R<GLY> 21.705000 78.598999 110.691002
c<A>r<153>R<LEU> 24.341999 78.363998 113.439003
c<A>r<186>R<ALA> 35.693001 78.567001 110.876999
c<A>r<224>R<ILE> 39.116001 77.726997 103.421997
c<A>r<225>R<ASP> 40.529999 79.919998 100.683998
c<A>r<226>R<LEU> 40.748001 78.504997 97.190002
c<A>r<227>R<GLY> 40.875000 82.033997 95.772003
c<A>r<228>R<GLY> 38.359001 84.407997 94.236000
c<A>r<229>R<GLU> 36.500000 85.372002 97.418999
c<A>r<230>R<ALA> 36.258999 88.537003 99.466003
c<A>r<246>R<GLN> 45.091999 74.928001 98.268997
c<A>r<285>R<ASN> 40.820999 66.647003 106.632004
c<A>r<286>R<HIS> 37.632000 65.536003 108.377998
c<A>r<287>R<ASP> 35.448002 67.782997 106.240997
c<A>r<288>R<ASN> 36.882999 67.431000 102.755997
c<A>r<289>R<GLN> 37.316002 63.662998 102.933998
c<A>r<290>R<ARG> 33.491001 63.726002 102.912003
c<A>r<291>R<THR> 32.615002 66.664001 100.681000
c<A>r<292>R<GLY> 35.910999 67.737999 99.154999
c<A>r<293>R<GLY> 34.997002 66.611000 95.676003
c<A>r<294>R<SER> 37.080002 64.517998 93.304001
c<A>r<330>R<ASP> 27.725000 58.000999 104.573997
c<A>r<331>R<ASN> 28.791000 61.610001 105.074997
c<A>r<332>R<ASP> 26.563000 62.042999 108.147003
c<B>r<3>R<GLY> 31.820000 68.029999 106.700996
c<B>r<4>R<THR> 30.304001 70.403000 109.259003
c<B>r<5>R<SER> 30.070999 72.914001 106.422997
c<B>r<6>R<CYS> 27.136000 73.141998 104.024002
c<B>r<7>R<ILE> 29.306000 74.218002 101.108002
c<B>r<8>R<PRO> 28.976000 73.311996 97.418999
c<B>r<9>R<GLY> 31.445999 70.501999 96.890999
c<B>r<10>R<MET> 30.645000 67.573997 99.153999
c<B>r<11>R<ALA> 28.201000 68.549004 101.900002
c<B>r<12>R<ILE> 26.186001 70.198997 99.103996
c<B>r<13>R<PRO> 26.289000 69.175003 95.431999
c<B>r<14>R<HIS> 27.263000 71.497002 92.613998
c<B>r<51>R<ILE> 21.414000 66.214996 101.297997
c<B>r<52>R<PRO> 21.798000 65.811996 105.070999
c<B>r<53>R<ALA> 19.361000 67.361000 107.551003
c<B>r<54>R<TYR> 21.551001 70.332001 108.461998
c<B>r<55>R<CYS> 22.320999 71.348999 104.864998
c<B>r<56>R<ARG> 18.780001 71.167999 103.444000
c<B>r<57>R<CYS> 17.691000 74.721001 104.398003
c<B>r<58>R<GLU> 21.024000 76.146004 103.116997
c<B>r<59>R<ALA> 20.670000 74.185997 99.875000
c<B>r<61>R<ARG> 18.546000 79.277000 99.995003
c<B>r<62>R<ILE> 21.243000 78.602997 97.412003
c<B>r<65>R<ASP> 19.639000 83.401001 95.945999
c<B>r<66>R<GLY> 22.896000 81.683998 95.069000
c<B>r<67>R<VAL> 26.434999 81.218002 96.257004
c<B>r<68>R<VAL> 30.108999 81.499001 95.292000
c<B>r<69>R<THR> 31.962000 78.165001 95.327003
c<B>r<70>R<PRO> 35.280998 78.268997 97.247002
c<B>r<71>R<SER> 36.875999 77.980003 93.779999
c<B>r<72>R<GLY> 35.644001 81.489998 92.962997
c<B>r<73>R<GLN> 32.955002 80.025002 90.723999
c<B>r<74>R<HIS> 29.316999 80.820000 91.434998
c<B>r<107>R<THR> 16.309999 70.263000 108.653999
c<B>r<108>R<ILE> 18.896000 72.117996 110.755997
c<B>r<109>R<HIS> 16.066999 73.421997 112.961998
c<B>r<110>R<GLY> 14.928000 69.870003 113.650002
c<B>r<111>R<GLY> 11.746000 69.641998 111.591003
c<B>r<114>R<CYS> 13.143000 76.325996 107.444000
c<B>r<115>R<LEU> 13.234000 79.373001 109.723000
c<B>r<116>R<SER> 16.233000 81.175003 108.257004
c<B>r<117>R<LEU> 15.088000 81.193001 104.624001
c<B>r<118>R<LEU> 13.806000 84.114998 102.542999
