c<A>r<21>R<TRP> 40.709999 60.999001 125.864998
c<A>r<22>R<ASN> 41.654999 57.653999 127.490997
c<A>r<23>R<ASP> 42.421001 56.109001 124.114998
c<A>r<46>R<ASN> 33.561001 71.296997 125.050003
c<A>r<47>R<GLU> 29.900000 70.426003 125.478996
c<A>r<65>R<TYR> 32.428001 75.293999 127.376999
c<A>r<66>R<ILE> 32.006001 72.489998 129.917999
c<A>r<67>R<ILE> 34.556999 69.750999 129.218994
c<A>r<68>R<ASN> 32.186001 66.778999 129.078003
c<A>r<69>R<THR> 31.598000 65.052002 125.764999
c<A>r<70>R<ARG> 31.490000 61.534000 124.363998
c<A>r<71>R<SER> 35.306999 61.716999 124.445000
c<A>r<72>R<GLY> 35.224998 62.025002 128.218002
c<A>r<73>R<ASP> 35.099998 64.443001 131.130005
c<A>r<74>R<GLU> 37.702000 66.813004 132.546997
c<A>r<75>R<SER> 39.500000 64.239998 134.682999
c<A>r<76>R<ALA> 39.841000 61.993000 131.606995
c<A>r<77>R<PHE> 41.041000 65.055000 129.705994
c<A>r<78>R<THR> 43.744999 65.894997 132.248993
c<A>r<79>R<ASP> 44.887001 62.280998 132.410004
c<A>r<80>R<MET> 45.369999 62.551998 128.634995
c<A>r<82>R<ARG> 49.494999 64.629997 131.554001
c<A>r<108>R<THR> 26.370001 66.248001 126.100998
c<A>r<109>R<SER> 26.433001 67.470001 129.733994
c<A>r<110>R<GLY> 22.674999 68.091003 129.876999
c<A>r<111>R<SER> 22.826000 71.875000 129.242004
c<A>r<112>R<SER> 20.020000 73.538002 127.303001
c<A>r<121>R<PRO> 22.305000 79.066002 129.968002
c<A>r<122>R<ALA> 25.410999 77.036003 130.729004
c<A>r<123>R<VAL> 27.785000 79.681000 129.373993
c<A>r<124>R<PRO> 25.726999 81.846001 129.671005
c<A>r<173>R<HIS> 41.393002 76.966003 130.904007
c<A>r<176>R<ASP> 45.992001 75.442001 132.147003
c<A>r<177>R<LEU> 45.187000 71.813004 131.449005
c<A>r<337>R<GLN> 29.025999 53.529999 118.879997
c<A>r<338>R<ASP> 27.153000 51.043999 121.056000
c<A>r<339>R<GLY> 23.419001 50.823002 121.775002
c<A>r<340>R<SER> 23.548000 53.660000 124.293999
c<A>r<341>R<GLY> 25.395000 56.025002 121.978996
c<A>r<342>R<ASN> 28.743000 55.560001 123.700996
c<A>r<343>R<LEU> 31.848000 55.557999 121.494003
c<A>r<344>R<ILE> 33.504002 52.224998 120.778000
c<A>r<345>R<SER> 37.252998 52.541000 121.292999
c<B>r<8>R<PRO> 33.275002 71.404999 138.884995
c<B>r<9>R<GLY> 35.485001 73.552002 136.697006
c<B>r<10>R<MET> 39.140999 72.888000 137.427994
c<B>r<11>R<ALA> 39.597000 70.964996 140.677994
c<B>r<12>R<ILE> 36.832001 68.679001 139.362000
c<B>r<13>R<PRO> 35.995998 68.150002 135.679001
c<B>r<14>R<HIS> 32.610001 68.857002 134.156006
c<B>r<15>R<ASN> 30.511000 65.710999 134.589005
c<B>r<16>R<PRO> 33.155998 63.814999 136.653000
c<B>r<17>R<LEU> 33.604000 60.074001 136.384003
c<B>r<18>R<ASP> 31.226999 59.868000 133.438995
c<B>r<19>R<SER> 32.890999 56.568001 132.541000
c<B>r<22>R<TRP> 28.329000 52.535000 133.048004
c<B>r<33>R<PRO> 25.882000 48.125999 128.468002
c<B>r<34>R<ARG> 28.323000 47.331001 125.652000
c<B>r<35>R<LEU> 31.839001 47.466999 127.114998
c<B>r<39>R<GLU> 37.889999 48.036999 130.065002
c<B>r<42>R<ALA> 40.136002 50.874001 133.679993
c<B>r<43>R<ARG> 38.613998 54.040001 132.227005
c<B>r<44>R<CYS> 36.472000 54.768002 135.259003
c<B>r<45>R<CYS> 39.393002 54.446999 137.707001
c<B>r<46>R<ARG> 41.486000 56.505001 135.248993
c<B>r<47>R<GLN> 39.201000 59.456001 135.856995
c<B>r<48>R<LEU> 39.185001 59.077999 139.651001
c<B>r<49>R<GLU> 43.000000 59.105999 139.556000
c<B>r<50>R<ALA> 43.305000 62.245998 137.449005
c<B>r<51>R<ILE> 41.410999 64.012001 140.205002
c<B>r<52>R<PRO> 43.549000 64.930000 143.227005
c<B>r<69>R<THR> 27.990999 74.392998 138.837006
c<B>r<70>R<PRO> 28.788000 77.962997 139.992996
c<B>r<71>R<SER> 27.391001 78.988998 136.580002
c<B>r<72>R<GLY> 23.921000 77.912003 137.720001
c<B>r<73>R<GLN> 24.167999 74.814003 135.544006
c<B>r<74>R<HIS> 23.827000 71.393997 137.145004
c<B>r<75>R<GLU> 25.799999 68.242996 136.414001
c<B>r<76>R<GLY> 25.971001 64.876999 138.128998
