c<A>r<49>R<LEU> 24.677000 69.313004 120.861000
c<A>r<51>R<ALA> 21.931999 65.249001 117.547997
c<A>r<52>R<ASP> 19.757999 62.419998 116.272003
c<A>r<57>R<TRP> 29.000000 66.938004 113.010002
c<A>r<58>R<GLU> 27.160000 67.400002 116.304001
c<A>r<60>R<TYR> 30.533001 71.509003 115.764000
c<A>r<61>R<GLN> 27.465000 72.900002 117.467003
c<A>r<101>R<THR> 23.865000 75.625000 117.710999
c<A>r<102>R<GLY> 21.735001 75.658997 114.588997
c<A>r<103>R<MET> 18.808001 74.087997 116.399002
c<A>r<104>R<ASN> 17.232000 73.595001 119.799004
c<A>r<105>R<GLY> 18.391001 70.709000 121.927002
c<A>r<114>R<ASP> 17.830999 77.362000 122.952003
c<A>r<115>R<HIS> 18.590000 78.216003 119.337997
c<A>r<116>R<ASP> 15.237000 79.921997 118.885002
c<A>r<133>R<PRO> 20.302000 86.926003 112.428001
c<A>r<134>R<CYS> 21.087000 86.827003 108.717003
c<A>r<135>R<GLU> 22.283001 84.122002 106.351997
c<A>r<136>R<VAL> 25.805000 83.735001 105.055000
c<A>r<137>R<ASN> 25.131001 83.623001 101.334000
c<A>r<138>R<ASN> 27.671000 85.838997 99.623001
c<A>r<139>R<TYR> 31.351999 85.050003 99.810997
c<A>r<140>R<GLN> 32.074001 88.188004 97.790001
c<A>r<141>R<ASP> 30.809000 90.139000 100.806999
c<A>r<149>R<GLU> 24.885000 82.684998 110.436996
c<A>r<150>R<LEU> 26.723000 79.893997 108.704002
c<A>r<151>R<VAL> 23.973000 77.400002 107.878998
c<A>r<152>R<GLY> 21.705000 78.598999 110.691002
c<A>r<153>R<LEU> 24.341999 78.363998 113.439003
c<A>r<154>R<ARG> 23.854000 81.217003 115.903000
c<A>r<185>R<ASP> 37.368000 76.367996 113.527000
c<A>r<186>R<ALA> 35.693001 78.567001 110.876999
c<A>r<189>R<HIS> 33.763000 83.445999 109.551003
c<A>r<224>R<ILE> 39.116001 77.726997 103.421997
c<A>r<225>R<ASP> 40.529999 79.919998 100.683998
c<A>r<226>R<LEU> 40.748001 78.504997 97.190002
c<A>r<227>R<GLY> 40.875000 82.033997 95.772003
c<A>r<228>R<GLY> 38.359001 84.407997 94.236000
c<A>r<229>R<GLU> 36.500000 85.372002 97.418999
c<A>r<230>R<ALA> 36.258999 88.537003 99.466003
c<A>r<285>R<ASN> 40.820999 66.647003 106.632004
c<A>r<286>R<HIS> 37.632000 65.536003 108.377998
c<A>r<287>R<ASP> 35.448002 67.782997 106.240997
c<A>r<288>R<ASN> 36.882999 67.431000 102.755997
c<A>r<289>R<GLN> 37.316002 63.662998 102.933998
c<A>r<290>R<ARG> 33.491001 63.726002 102.912003
c<A>r<291>R<THR> 32.615002 66.664001 100.681000
c<A>r<292>R<GLY> 35.910999 67.737999 99.154999
c<A>r<293>R<GLY> 34.997002 66.611000 95.676003
c<A>r<294>R<SER> 37.080002 64.517998 93.304001
c<A>r<331>R<ASN> 28.791000 61.610001 105.074997
c<A>r<332>R<ASP> 26.563000 62.042999 108.147003
c<B>r<3>R<GLY> 32.609001 70.875999 105.517998
c<B>r<4>R<THR> 31.177999 73.114998 108.238998
c<B>r<5>R<SER> 30.187000 75.471001 105.433998
c<B>r<6>R<CYS> 26.926001 75.222000 103.503998
c<B>r<7>R<ILE> 28.473000 76.473000 100.278000
c<B>r<8>R<PRO> 27.726999 75.402000 96.695000
c<B>r<9>R<GLY> 30.452999 72.928001 95.841003
c<B>r<10>R<MET> 30.403999 70.001999 98.242996
c<B>r<11>R<ALA> 28.283001 70.738998 101.313004
c<B>r<12>R<ILE> 25.670000 72.007004 98.830002
c<B>r<50>R<ALA> 20.764999 64.210999 100.279999
c<B>r<51>R<ILE> 21.865999 67.502998 101.779999
c<B>r<52>R<PRO> 22.855000 67.288002 105.458000
c<B>r<53>R<ALA> 20.624001 68.584999 108.253998
c<B>r<54>R<TYR> 22.497000 71.852997 108.778999
c<B>r<55>R<CYS> 22.579000 72.834999 105.092003
c<B>r<56>R<ARG> 18.926001 72.134003 104.226997
c<B>r<57>R<CYS> 17.514000 75.542000 105.281998
c<B>r<58>R<GLU> 20.393999 77.351997 103.489998
c<B>r<59>R<ALA> 19.836000 75.250000 100.367996
c<B>r<61>R<ARG> 17.076000 80.013000 100.733002
c<B>r<62>R<ILE> 19.427999 79.613998 97.780998
c<B>r<65>R<ASP> 16.982000 84.100998 96.502998
c<B>r<66>R<GLY> 20.278000 82.802002 95.169998
c<B>r<67>R<VAL> 23.983999 82.852997 95.814003
c<B>r<68>R<VAL> 27.400999 83.585999 94.300003
c<B>r<69>R<THR> 29.677999 80.531998 94.102997
c<B>r<70>R<PRO> 33.199001 81.143997 95.497002
c<B>r<71>R<SER> 34.286999 80.947998 91.832001
c<B>r<72>R<GLY> 32.479000 84.232002 91.158997
c<B>r<74>R<HIS> 26.146999 82.671997 90.616997
c<B>r<106>R<ALA> 15.329000 67.973000 110.348999
c<B>r<107>R<THR> 17.400999 71.094002 109.763000
c<B>r<108>R<ILE> 19.992001 73.348999 111.420998
c<B>r<109>R<HIS> 17.368999 74.342003 114.011002
c<B>r<110>R<GLY> 16.841999 70.696999 114.917000
c<B>r<111>R<GLY> 13.452000 69.974998 113.366997
c<B>r<113>R<PHE> 11.090000 73.760002 110.142998
c<B>r<114>R<CYS> 13.291000 76.635002 108.957001
c<B>r<115>R<LEU> 13.300000 79.745003 111.151001
c<B>r<116>R<SER> 15.774000 81.876999 109.220001
c<B>r<117>R<LEU> 14.112000 81.613998 105.803001
