c<A>r<2>R<LYS> 53.502998 79.917000 114.830002
c<A>r<3>R<ASP> 55.680000 77.457001 116.772003
c<A>r<140>R<GLN> 32.074001 88.188004 97.790001
c<A>r<141>R<ASP> 30.809000 90.139000 100.806999
c<A>r<142>R<ALA> 33.252998 89.806999 103.757004
c<A>r<143>R<ASP> 30.812000 91.223999 106.309998
c<A>r<144>R<ASN> 28.124001 88.792999 105.209000
c<A>r<145>R<VAL> 30.563000 85.892998 105.649002
c<A>r<146>R<ARG> 31.674999 87.072998 109.084000
c<A>r<159>R<GLY> 33.389999 92.139000 118.973999
c<A>r<191>R<SER> 37.116001 89.019997 112.031998
c<A>r<192>R<PRO> 40.917000 89.040001 112.205002
c<A>r<193>R<GLY> 40.551998 92.099998 114.431000
c<A>r<194>R<ASP> 38.549999 90.227997 117.047997
c<A>r<195>R<LEU> 40.744999 87.154999 116.722000
c<A>r<196>R<SER> 43.974998 89.075996 117.373001
c<A>r<197>R<VAL> 42.551998 90.468002 120.620003
c<A>r<198>R<ILE> 41.359001 87.026001 121.738998
c<A>r<199>R<PHE> 44.646000 85.341003 120.837997
c<A>r<200>R<SER> 46.644001 88.108002 122.543999
c<A>r<201>R<GLY> 44.785000 87.392998 125.748001
c<A>r<202>R<LEU> 45.925999 83.779999 125.896004
c<A>r<203>R<LYS> 48.452999 82.954002 128.595001
c<A>r<204>R<ASN> 51.832001 81.280998 128.052994
c<A>r<214>R<GLY> 57.651001 81.709999 127.552002
c<A>r<215>R<ALA> 56.109001 79.240997 125.108002
c<A>r<216>R<ARG> 53.040001 80.665001 123.318001
c<A>r<217>R<PRO> 50.048000 78.557999 122.250999
c<A>r<218>R<PHE> 50.272999 77.373001 118.651001
c<A>r<219>R<ILE> 47.431999 78.830002 116.592003
c<A>r<228>R<GLY> 38.359001 84.407997 94.236000
c<A>r<229>R<GLU> 36.500000 85.372002 97.418999
c<A>r<230>R<ALA> 36.258999 88.537003 99.466003
c<A>r<231>R<ILE> 38.307999 87.002998 102.307999
c<A>r<232>R<SER> 41.931000 85.908997 102.004997
c<A>r<233>R<LYS> 44.042000 83.503998 104.027000
c<A>r<234>R<ASN> 46.660000 86.292000 104.046997
c<A>r<235>R<GLU> 44.441002 88.274002 106.415001
c<A>r<236>R<TYR> 45.071999 85.724998 109.160004
c<A>r<237>R<THR> 48.814999 85.056000 108.987999
c<A>r<238>R<GLY> 49.695000 87.967003 111.237000
c<A>r<239>R<PHE> 48.720001 86.181999 114.460999
c<A>r<240>R<GLY> 49.097000 82.481003 113.806000
c<A>r<241>R<CYS> 49.380001 79.819000 111.162003
c<A>r<242>R<VAL> 46.675999 79.130997 108.626999
c<A>r<268>R<GLY> 55.645000 76.207001 97.466003
c<A>r<269>R<PRO> 54.526001 79.890999 97.398003
c<A>r<270>R<GLU> 54.898998 79.891998 93.598999
c<A>r<272>R<GLY> 49.855999 80.282997 95.223999
c<A>r<273>R<LEU> 50.426998 78.742996 98.642998
c<A>r<274>R<LEU> 51.207001 80.639999 101.831001
c<A>r<275>R<GLU> 54.838001 80.913002 102.879997
c<A>r<276>R<GLY> 55.811001 77.623001 104.573997
c<A>r<277>R<LEU> 56.264000 79.056000 108.057999
c<A>r<278>R<ASP> 52.687000 80.322998 108.028999
c<A>r<279>R<ALA> 51.165001 77.081001 106.862999
c<B>r<3>R<GLY> 55.839001 85.664001 101.337997
c<B>r<4>R<THR> 52.247002 84.810997 100.417999
c<B>r<5>R<SER> 51.410999 85.515999 104.051003
c<B>r<6>R<CYS> 50.563999 88.960999 105.405998
c<B>r<7>R<ILE> 52.143002 88.275002 108.782997
c<B>r<8>R<PRO> 54.085999 90.654999 111.042999
c<B>r<9>R<GLY> 57.721001 89.902000 110.337997
c<B>r<11>R<ALA> 55.353001 90.730003 104.580002
c<B>r<12>R<ILE> 54.137001 93.140999 107.283997
c<B>r<14>R<HIS> 56.365002 95.000000 113.330002
c<B>r<54>R<TYR> 47.747002 92.239998 99.072998
c<B>r<55>R<CYS> 48.861000 93.028999 102.637001
c<B>r<56>R<ARG> 47.588001 96.623001 102.857002
c<B>r<57>R<CYS> 44.008999 95.804001 103.972000
c<B>r<58>R<GLU> 45.332001 93.266998 106.540001
c<B>r<59>R<ALA> 47.852001 95.809998 107.825996
c<B>r<60>R<VAL> 45.009998 98.277000 108.396004
c<B>r<61>R<ARG> 42.907001 95.697998 110.267998
c<B>r<62>R<ILE> 45.924000 95.029999 112.471001
c<B>r<63>R<LEU> 46.140999 98.765999 113.182999
c<B>r<64>R<MET> 42.580002 98.754997 114.419998
c<B>r<65>R<ASP> 42.111000 95.376999 116.087997
c<B>r<66>R<GLY> 45.523998 93.786003 116.471001
c<B>r<67>R<VAL> 47.361000 90.530998 116.051003
c<B>r<68>R<VAL> 49.583000 87.959999 117.773003
c<B>r<69>R<THR> 53.034000 87.608002 116.186996
c<B>r<70>R<PRO> 54.042000 83.973999 115.485001
c<B>r<71>R<SER> 56.515999 84.488998 118.359001
c<B>r<72>R<GLY> 53.592999 84.664001 120.792999
c<B>r<73>R<GLN> 54.056000 88.418999 121.078003
c<B>r<74>R<HIS> 51.168999 90.712997 120.195999
c<B>r<75>R<GLU> 51.262001 93.999001 118.310997
c<B>r<76>R<GLY> 48.542000 96.234001 116.931999
c<B>r<77>R<ARG> 45.287998 97.797997 118.119003
c<B>r<108>R<ILE> 44.056000 92.632004 97.761002
c<B>r<109>R<HIS> 40.654999 93.372002 96.194000
c<B>r<114>R<CYS> 39.098999 97.407997 101.553001
c<B>r<115>R<LEU> 36.020000 95.170998 101.598999
c<B>r<116>R<SER> 36.953999 92.862000 104.459999
c<B>r<117>R<LEU> 37.745998 95.546997 107.042000
c<B>r<118>R<LEU> 35.727001 96.583000 110.101997
