c<A>r<410>R<ASP> 58.910000 52.153999 85.989998
c<A>r<411>R<LEU> 61.653999 54.155998 87.583000
c<A>r<412>R<ASN> 64.994003 52.467999 86.959999
c<A>r<413>R<GLN> 67.759003 55.018002 87.233002
c<A>r<414>R<ASN> 71.050003 55.449001 88.988998
c<A>r<415>R<LEU> 70.511002 58.660999 90.935997
c<A>r<421>R<ALA> 77.559998 54.963001 101.262001
c<A>r<422>R<GLY> 75.638000 52.109001 102.834000
c<A>r<423>R<THR> 72.547997 49.910000 102.689003
c<A>r<424>R<TYR> 69.300003 51.666000 103.487999
c<A>r<425>R<CYS> 65.919998 50.153999 104.255997
c<A>r<426>R<ASP> 63.108002 51.592999 102.170998
c<A>r<427>R<VAL> 60.673000 52.830002 104.847000
c<A>r<428>R<ILE> 57.674000 52.603001 102.498001
c<A>r<429>R<SER> 57.910999 48.881001 101.724998
c<A>r<430>R<GLY> 59.287998 47.984001 105.143997
c<A>r<431>R<GLU> 61.547001 49.157001 107.936996
c<A>r<432>R<LEU> 64.806000 48.456001 109.731003
c<A>r<433>R<SER> 64.018997 45.632000 112.113998
c<A>r<434>R<GLY> 66.441002 43.487000 114.081001
c<A>r<435>R<GLY> 69.454002 44.685001 112.124001
c<A>r<436>R<SER> 67.871002 44.004002 108.732002
c<A>r<437>R<CYS> 65.426003 45.535000 106.251999
c<A>r<438>R<THR> 61.960999 44.026001 106.228996
c<A>r<439>R<GLY> 61.285000 45.394001 102.741997
c<A>r<440>R<LYS> 63.308998 46.764999 99.858002
c<A>r<441>R<SER> 66.839996 48.042999 100.499001
c<A>r<442>R<VAL> 68.928001 50.471001 98.504997
c<A>r<443>R<THR> 72.695000 50.339001 98.285004
c<A>r<444>R<VAL> 74.315002 53.757000 98.064003
c<A>r<445>R<GLY> 77.823997 53.903999 96.650002
c<A>r<446>R<ASP> 80.776001 56.098000 97.646004
c<A>r<447>R<ASN> 79.642998 58.883999 95.318001
c<A>r<448>R<GLY> 76.134003 58.903000 96.782997
c<A>r<449>R<SER> 74.769997 57.368000 93.581001
c<A>r<450>R<ALA> 72.406998 54.375999 93.762001
c<A>r<451>R<ASP> 70.316002 52.209999 91.462997
c<A>r<452>R<ILE> 66.765999 53.175999 92.194000
c<A>r<453>R<SER> 64.036003 50.925999 90.889999
c<A>r<454>R<LEU> 60.389000 51.507999 91.634003
c<A>r<455>R<GLY> 57.918999 49.754002 89.375000
c<A>r<456>R<SER> 54.630001 51.442001 88.587997
c<A>r<457>R<ALA> 52.882999 48.196999 89.528999
c<A>r<458>R<GLU> 54.143002 48.025002 93.112999
c<A>r<459>R<ASP> 51.756001 48.561001 96.056000
c<A>r<460>R<ASP> 53.229000 52.033001 96.519997
c<A>r<461>R<GLY> 54.493999 54.646999 94.109001
c<A>r<463>R<LEU> 60.467999 54.862000 97.846001
c<A>r<470>R<LYS> 70.581001 52.437000 107.595001
c<A>r<471>R<LEU> 72.119003 48.997002 108.040001
c<B>r<23>R<TYR> 65.744003 39.666000 97.502998
c<B>r<24>R<VAL> 64.514999 40.938999 94.112999
c<B>r<25>R<SER> 60.903999 41.042000 95.396004
c<B>r<26>R<THR> 61.729000 43.018002 98.555000
c<B>r<27>R<ARG> 64.031998 45.573002 96.882004
c<B>r<28>R<THR> 61.813000 45.820000 93.783997
c<B>r<29>R<CYS> 58.314999 46.108002 95.258003
c<B>r<30>R<GLY> 59.126999 46.445000 98.948997
c<B>r<31>R<VAL> 57.632999 43.013000 99.624001
c<B>r<32>R<GLY> 59.481998 41.326000 102.490997
c<B>r<33>R<PRO> 59.368999 37.498001 103.028000
c<B>r<34>R<ARG> 61.130001 36.817001 106.337997
c<B>r<35>R<LEU> 64.766998 37.881001 105.939003
c<B>r<36>R<ALA> 66.244003 41.417999 106.129997
c<B>r<37>R<THR> 67.077003 43.136002 102.808998
c<B>r<38>R<GLN> 70.825996 43.308998 103.624001
c<B>r<39>R<GLU> 71.164001 39.681000 104.722000
c<B>r<40>R<MET> 69.123001 38.856998 101.612999
c<B>r<41>R<LYS> 71.293999 41.049999 99.379997
c<B>r<83>R<PRO> 50.682999 39.986000 95.969002
c<B>r<84>R<GLY> 51.785999 43.555000 95.325996
c<B>r<85>R<CYS> 54.839001 42.466999 93.342003
c<B>r<86>R<PRO> 54.157001 41.728001 89.637001
c<B>r<87>R<ARG> 56.909000 39.847000 87.831001
c<B>r<88>R<GLN> 57.316002 42.800999 85.436996
c<B>r<89>R<VAL> 58.551998 44.964001 88.297997
c<B>r<90>R<GLN> 60.963001 42.172001 89.334000
c<B>r<91>R<ARG> 62.007000 41.590000 85.734001
c<B>r<92>R<ALA> 62.676998 45.319000 85.418999
c<B>r<93>R<PHE> 65.041000 45.327999 88.408997
c<B>r<94>R<ALA> 66.792000 41.908001 88.114998
c<B>r<96>R<LYS> 70.536003 45.568001 87.852997
c<B>r<97>R<LEU> 71.849998 43.033001 90.346001
c<B>r<99>R<THR> 75.365997 47.264000 88.973000
c<B>r<100>R<GLU> 77.741997 49.138000 91.278999
c<B>r<101>R<VAL> 74.931999 50.418999 93.502998
c<B>r<102>R<GLU> 73.953003 46.797001 93.722000
c<B>r<103>R<CYS> 76.429001 43.887001 93.599998
c<B>r<104>R<ASN> 78.867996 45.823002 91.417999
c<B>r<119>R<GLY> 64.847000 44.664001 82.289001
