c<A>r<24>R<GLU> 0.946000 4.798000 -14.227000
c<A>r<25>R<VAL> 1.261000 1.162000 -12.951000
c<A>r<26>R<TYR> -0.956000 0.153000 -15.902000
c<A>r<27>R<PRO> -1.314000 1.792000 -19.370001
c<A>r<29>R<GLY> -5.663000 2.559000 -22.386000
c<A>r<30>R<ILE> -7.325000 0.137000 -19.878000
c<A>r<46>R<HIS> -9.518000 -5.093000 -17.951000
c<A>r<47>R<PRO> -11.357000 -8.200000 -16.535999
c<A>r<48>R<GLU> -8.333000 -9.905000 -14.867000
c<A>r<49>R<LEU> -7.189000 -6.729000 -13.035000
c<A>r<50>R<ASN> -10.777000 -5.967000 -11.935000
c<A>r<51>R<GLN> -11.230000 -9.585000 -10.709000
c<A>r<52>R<TYR> -7.916000 -9.440000 -8.748000
c<A>r<53>R<ILE> -8.911000 -6.131000 -7.029000
c<A>r<55>R<ASP> -11.222000 -10.805000 -4.873000
c<A>r<56>R<THR> -8.623000 -8.952000 -2.738000
c<A>r<57>R<LEU> -11.255000 -6.583000 -1.250000
c<A>r<59>R<CYS> -11.156000 -11.139000 1.442000
c<A>r<60>R<VAL> -10.677000 -7.800000 3.360000
c<A>r<69>R<VAL> -8.323000 -3.968000 9.982000
c<A>r<70>R<GLU> -5.888000 -1.265000 11.163000
c<A>r<71>R<LYS> -4.432000 -0.420000 7.697000
c<A>r<72>R<VAL> -5.044000 -1.204000 4.025000
c<A>r<73>R<VAL> -1.895000 -0.460000 1.995000
c<A>r<126>R<GLY> 7.847000 -1.351000 -15.033000
c<A>r<127>R<CYS> 6.314000 -1.009000 -11.560000
c<A>r<128>R<THR> 3.780000 -3.554000 -10.264000
c<A>r<129>R<PHE> 1.624000 -3.451000 -7.098000
c<A>r<130>R<THR> 0.384000 -5.499000 -4.132000
c<A>r<131>R<VAL> -2.163000 -4.927000 -1.324000
c<A>r<132>R<LEU> -1.176000 -5.331000 2.337000
c<A>r<133>R<VAL> -3.694000 -5.580000 5.208000
c<A>r<134>R<HIS> -2.526000 -4.785000 8.736000
c<A>r<135>R<THR> -4.786000 -6.634000 11.195000
c<A>r<136>R<ARG> -5.196000 -6.132000 14.966000
c<A>r<137>R<ASP> -5.679000 -9.813000 15.992000
c<A>r<138>R<PHE> -6.016000 -12.491000 13.224000
c<A>r<139>R<PRO> -3.973000 -15.706000 12.472000
c<A>r<140>R<TRP> -3.178000 -15.502000 8.707000
c<A>r<141>R<ILE> -0.129000 -15.850000 6.373000
c<A>r<142>R<LEU> 2.390000 -13.076000 7.111000
c<A>r<143>R<ALA> 3.601000 -10.810000 4.306000
c<A>r<144>R<ASP> 7.267000 -11.357000 3.442000
c<A>r<145>R<GLU> 9.639000 -8.773000 5.045000
c<A>r<147>R<ASP> 7.050000 -6.573000 0.666000
c<A>r<148>R<VAL> 6.927000 -4.483000 3.900000
c<X>r<1>R<THR> 3.356000 -7.732000 15.601000
c<X>r<2>R<ALA> 0.399000 -6.441000 13.599000
c<X>r<3>R<ASN> -0.252000 -9.422000 11.289000
c<X>r<4>R<ILE> 0.422000 -8.005000 7.789000
c<X>r<5>R<LEU> -1.536000 -10.026000 5.194000
c<X>r<6>R<LYS> -1.132000 -10.214000 1.387000
c<X>r<7>R<PRO> -3.254000 -11.798000 -1.419000
c<X>r<8>R<LEU> -2.248000 -15.382000 -2.352000
c<X>r<9>R<MET> -2.269000 -14.436000 -6.068000
c<X>r<10>R<SER> -0.146000 -11.738000 -7.726000
c<X>r<11>R<PRO> -1.900000 -9.089000 -9.880000
c<X>r<12>R<PRO> -1.578000 -9.348000 -13.702000
c<X>r<13>R<SER> 1.697000 -7.735000 -14.905000
c<X>r<14>R<ARG> 1.804000 -4.637000 -17.150000
c<X>r<15>R<GLU> 3.088000 -6.927000 -19.961000
c<X>r<16>R<GLU> 0.171000 -9.432000 -19.552000
c<X>r<17>R<ILE> -2.323000 -6.502000 -19.683001
c<X>r<18>R<MET> -0.579000 -4.970000 -22.756001
c<X>r<20>R<THR> -4.705000 -8.209000 -24.402000
c<X>r<21>R<LEU> -5.103000 -4.592000 -25.733999
