1762691541831 54.0 1869
1762691541845 54.0 1869
1762691550710 55.0 1903
1762691550723 55.0 1903
1762691559976 56.0 1937
1762691559983 56.0 1937
1762691569262 57.0 1971
1762691569270 57.0 1971
1762691578172 58.0 2005
1762691578181 58.0 2005
1762691587467 59.0 2039
1762691587468 59.0 2039
1762691596721 60.0 2073
1762691596723 60.0 2073
1762691606573 61.0 2107
1762691606575 61.0 2107
1762691616022 62.0 2141
1762691616024 62.0 2141
1762691625655 63.0 2175
1762691625658 63.0 2175
1762691634464 64.0 2209
1762691634474 64.0 2209
1762691643660 65.0 2243
1762691643662 65.0 2243
1762691652682 66.0 2277
1762691652684 66.0 2277
1762691662038 67.0 2311
1762691662049 67.0 2311
1762691671483 68.0 2345
1762691671485 68.0 2345
1762691680816 69.0 2379
1762691680818 69.0 2379
1762691690204 70.0 2413
1762691690207 70.0 2413
1762691700279 71.0 2447
1762691700280 71.0 2447
1762691709612 72.0 2481
1762691709622 72.0 2481
1762691719326 73.0 2515
1762691719335 73.0 2515
1762691729677 74.0 2549
1762691729685 74.0 2549
1762691739127 75.0 2583
1762691739129 75.0 2583
1762691748926 76.0 2617
1762691748928 76.0 2617
1762691759401 77.0 2651
1762691759409 77.0 2651
1762691770045 78.0 2685
1762691770046 78.0 2685
1762691779663 79.0 2719
1762691779665 79.0 2719
1762691790042 80.0 2753
1762691790044 80.0 2753
1762691799521 81.0 2787
1762691799523 81.0 2787
1762691809227 82.0 2821
1762691809229 82.0 2821
1762691818748 83.0 2855
1762691818756 83.0 2855
1762691828546 84.0 2889
1762691828547 84.0 2889
1762691838369 85.0 2923
1762691838377 85.0 2923
1762691849599 86.0 2957
1762691849601 86.0 2957
1762691860725 87.0 2991
1762691860727 87.0 2991
1762691870873 88.0 3025
1762691870874 88.0 3025
1762691880821 89.0 3059
1762691880822 89.0 3059
1762691890407 90.0 3093
1762691890408 90.0 3093
1762691900312 91.0 3127
1762691900314 91.0 3127
1762691911045 92.0 3161
1762691911047 92.0 3161
1762691920935 93.0 3195
1762691920937 93.0 3195
1762691930593 94.0 3229
1762691930596 94.0 3229
1762691940412 95.0 3263
1762691940414 95.0 3263
1762691949922 96.0 3297
1762691949924 96.0 3297
1762691959657 97.0 3331
1762691959659 97.0 3331
1762691970740 98.0 3365
1762691970742 98.0 3365
1762691972532 99.0 3366
