1764464344283 0.052711836993694305 2141
1764464381565 0.05545087903738022 2175
1764464418143 0.05103077366948128 2209
1764464455131 0.04860920086503029 2243
1764464492317 0.06224559620022774 2277
1764464529608 0.05577051639556885 2311
1764464566581 0.0537429116666317 2345
1764464603482 0.04895784333348274 2379
1764464640398 0.04883856326341629 2413
1764464677989 0.05546638369560242 2447
1764464715260 0.055308252573013306 2481
1764464751987 0.05510678142309189 2515
1764464789030 0.050298046320676804 2549
1764464826297 0.056406546384096146 2583
1764464864000 0.04947520047426224 2617
1764464901438 0.05579429119825363 2651
1764464938242 0.04836997017264366 2685
1764464975263 0.05283213406801224 2719
1764465012362 0.0534193217754364 2753
1764465049469 0.04680195450782776 2787
1764465086595 0.050710756331682205 2821
1764465123804 0.05538371205329895 2855
1764465161124 0.04680822417140007 2889
1764465198125 0.05982644483447075 2923
