c<A>r<43>R<LEU> 6.819000 1.160000 11.107000
c<A>r<44>R<ILE> 9.594000 0.601000 8.579000
c<A>r<45>R<LYS> 13.294000 1.601000 8.939000
c<A>r<46>R<ASP> 15.976000 2.674000 6.576000
c<A>r<47>R<GLU> 19.666000 1.550000 6.762000
c<A>r<48>R<GLU> 20.533001 4.383000 9.075000
c<A>r<50>R<LYS> 15.421000 6.337000 10.507000
c<A>r<51>R<GLU> 11.857000 5.334000 11.165000
c<A>r<52>R<MET> 8.786000 5.966000 9.026000
c<A>r<53>R<ILE> 5.245000 5.399000 10.368000
c<A>r<54>R<LEU> 3.198000 3.627000 7.683000
c<A>r<65>R<GLU> -1.891000 -10.812000 7.898000
c<A>r<66>R<LEU> 0.433000 -10.171000 4.925000
c<A>r<67>R<GLY> 2.241000 -13.544000 5.346000
c<A>r<68>R<LEU> -0.995000 -15.611000 5.527000
c<A>r<69>R<PHE> -1.321000 -16.452000 1.800000
c<A>r<70>R<GLU> 2.140000 -17.695999 1.036000
c<A>r<75>R<ARG> 7.213000 -9.759000 8.501000
c<A>r<76>R<SER> 7.187000 -6.733000 6.196000
c<A>r<77>R<ALA> 7.205000 -4.020000 9.098000
c<A>r<96>R<ARG> -6.947000 -21.212999 7.089000
c<A>r<99>R<ILE> -11.712000 -19.711000 6.407000
c<A>r<100>R<GLN> -13.080000 -22.973000 4.996000
c<A>r<101>R<VAL> -15.722000 -23.129999 7.740000
c<A>r<102>R<ASN> -16.893000 -19.583000 7.295000
c<A>r<103>R<PRO> -15.300000 -17.474001 4.532000
c<A>r<104>R<ASP> -16.832001 -14.359000 6.027000
c<A>r<106>R<LEU> -11.509000 -13.840000 5.254000
c<A>r<107>R<MET> -13.923000 -11.246000 3.784000
c<A>r<108>R<ARG> -13.394000 -9.127000 6.947000
c<A>r<109>R<LEU> -9.623000 -9.513000 6.763000
c<A>r<110>R<SER> -9.548000 -8.737000 2.994000
c<A>r<111>R<ALA> -11.736000 -5.689000 3.520000
c<A>r<112>R<GLN> -9.099000 -4.230000 5.835000
c<A>r<113>R<MET> -6.274000 -5.094000 3.360000
c<A>r<114>R<ALA> -8.172000 -3.308000 0.558000
c<A>r<115>R<ARG> -8.516000 -0.193000 2.760000
c<A>r<116>R<ARG> -4.866000 -0.311000 3.754000
c<A>r<117>R<LEU> -3.831000 -0.538000 0.088000
c<A>r<118>R<GLN> -5.969000 2.574000 -0.701000
c<A>r<119>R<VAL> -4.536000 4.532000 2.197000
c<A>r<120>R<THR> -0.952000 3.520000 1.411000
c<A>r<121>R<SER> -1.378000 4.388000 -2.291000
c<A>r<122>R<GLU> -2.654000 7.819000 -1.296000
c<A>r<123>R<LYS> 0.422000 8.233000 0.871000
c<A>r<124>R<VAL> 2.601000 7.410000 -2.134000
c<A>r<125>R<GLY> 0.763000 10.119000 -4.018000
c<A>r<126>R<ASN> 1.284000 12.636000 -1.161000
c<A>r<127>R<LEU> 5.050000 11.911000 -0.970000
c<A>r<128>R<ALA> 5.466000 12.268000 -4.729000
c<A>r<129>R<PHE> 3.195000 15.260000 -5.434000
c<A>r<130>R<LEU> 3.353000 17.415001 -2.240000
c<A>r<167>R<GLN> 8.106000 10.026000 11.000000
c<A>r<168>R<ILE> 4.780000 10.057000 9.196000
c<A>r<169>R<VAL> 5.732000 12.610000 6.518000
c<A>r<170>R<GLY> 9.516000 11.723000 6.177000
c<A>r<171>R<CYS> 11.141000 14.937000 7.583000
c<B>r<43>R<LEU> -1.960000 5.335000 -12.245000
c<B>r<44>R<ILE> -2.938000 8.204000 -9.984000
c<B>r<45>R<LYS> -2.976000 11.949000 -10.876000
c<B>r<46>R<ASP> -2.391000 15.123000 -9.000000
c<B>r<47>R<GLU> -4.445000 18.357000 -9.419000
c<B>r<48>R<GLU> -2.225000 19.565001 -12.192000
c<B>r<50>R<LYS> 0.840000 14.929000 -13.308000
c<B>r<51>R<GLU> 0.731000 11.181000 -13.428000
c<B>r<52>R<MET> 2.369000 8.675000 -11.090000
c<B>r<53>R<ILE> 2.588000 4.958000 -11.922000
c<B>r<54>R<LEU> 1.708000 2.927000 -8.819000
c<B>r<65>R<GLU> -10.879000 -5.484000 -6.508000
c<B>r<66>R<LEU> -10.556000 -2.685000 -3.910000
c<B>r<67>R<GLY> -14.314000 -1.838000 -4.065000
c<B>r<68>R<LEU> -15.479000 -5.473000 -3.607000
c<B>r<69>R<PHE> -15.786000 -5.460000 0.227000
c<B>r<70>R<GLU> -17.816999 -2.345000 0.758000
c<B>r<75>R<ARG> -12.285000 3.439000 -8.217000
c<B>r<76>R<SER> -9.123000 4.476000 -6.386000
c<B>r<77>R<ALA> -6.834000 4.738000 -9.602000
c<B>r<96>R<ARG> -19.492001 -12.769000 -3.766000
c<B>r<99>R<ILE> -16.757000 -16.909000 -2.783000
c<B>r<100>R<GLN> -19.393000 -18.802999 -0.817000
c<B>r<101>R<VAL> -19.141001 -21.752001 -3.202000
c<B>r<102>R<ASN> -15.380000 -21.958000 -3.104000
c<B>r<103>R<PRO> -13.475000 -19.525999 -0.858000
c<B>r<104>R<ASP> -10.235000 -20.434999 -2.581000
c<B>r<106>R<LEU> -11.025000 -15.099000 -2.463000
c<B>r<107>R<MET> -7.748000 -16.570999 -1.115000
c<B>r<108>R<ARG> -6.194000 -15.979000 -4.579000
c<B>r<109>R<LEU> -7.510000 -12.428000 -4.737000
c<B>r<110>R<SER> -6.381000 -11.645000 -1.139000
c<B>r<111>R<ALA> -2.952000 -13.079000 -1.843000
c<B>r<112>R<GLN> -2.469000 -10.508000 -4.598000
c<B>r<113>R<MET> -3.751000 -7.666000 -2.345000
c<B>r<114>R<ALA> -1.248000 -8.665000 0.377000
c<B>r<115>R<ARG> 1.586000 -8.542000 -2.194000
c<B>r<116>R<ARG> 0.423000 -5.202000 -3.523000
c<B>r<117>R<LEU> 0.339000 -3.764000 0.010000
c<B>r<118>R<GLN> 3.954000 -4.951000 0.570000
c<B>r<119>R<VAL> 5.149000 -3.492000 -2.705000
c<B>r<120>R<THR> 3.354000 -0.194000 -2.176000
c<B>r<121>R<SER> 4.688000 0.115000 1.396000
c<B>r<122>R<GLU> 8.201000 -0.403000 0.061000
c<B>r<123>R<LYS> 7.568000 2.363000 -2.431000
c<B>r<124>R<VAL> 6.549000 4.654000 0.413000
c<B>r<125>R<GLY> 9.829000 3.795000 2.083000
c<B>r<126>R<ASN> 11.795000 4.543000 -1.138000
c<B>r<127>R<LEU> 10.096000 7.957000 -1.618000
c<B>r<128>R<ALA> 10.734000 8.951000 1.987000
c<B>r<129>R<PHE> 14.280000 7.597000 2.500000
c<B>r<130>R<LEU> 15.957000 7.843000 -0.960000
c<B>r<167>R<GLN> 6.234000 8.748000 -13.524000
c<B>r<168>R<ILE> 7.320000 5.812000 -11.391000
c<B>r<169>R<VAL> 9.803000 7.718000 -9.184000
c<B>r<170>R<GLY> 7.986000 11.176000 -9.150000
c<B>r<171>R<CYS> 10.493000 13.326000 -11.148000
