c<A>r<27>R<TYR> 4.487000 11.448000 6.118000
c<A>r<28>R<SER> 7.782000 13.422000 5.862000
c<A>r<30>R<ALA> 9.896000 17.688999 3.699000
c<A>r<31>R<CYS> 6.883000 16.510000 1.752000
c<A>r<32>R<PRO> 4.904000 19.459999 0.459000
c<A>r<33>R<TYR> 1.885000 17.319000 -0.241000
c<A>r<34>R<CYS> 1.854000 15.968000 3.278000
c<A>r<58>R<ILE> 9.408000 8.466000 8.015000
c<A>r<59>R<ALA> 12.466000 10.664000 8.630000
c<A>r<62>R<PRO> 12.872000 4.754000 8.392000
c<A>r<65>R<ALA> 8.693000 2.798000 6.246000
c<A>r<66>R<GLU> 10.971000 0.062000 4.864000
c<A>r<67>R<LYS> 9.024000 -2.709000 6.574000
c<A>r<68>R<TYR> 5.809000 -1.641000 4.856000
c<A>r<69>R<GLY> 7.343000 -0.773000 1.529000
c<A>r<70>R<VAL> 6.623000 2.970000 1.666000
c<A>r<71>R<GLN> 8.512000 4.566000 -1.152000
c<A>r<72>R<GLY> 6.685000 7.908000 -1.233000
c<A>r<73>R<THR> 4.931000 10.373000 0.991000
c<A>r<74>R<PRO> 2.161000 10.865000 2.030000
c<A>r<75>R<THR> 1.330000 7.124000 2.009000
c<A>r<76>R<PHE> -1.956000 6.130000 3.554000
c<A>r<77>R<LYS> -2.200000 2.639000 4.839000
c<A>r<78>R<PHE> -4.987000 0.719000 6.480000
c<A>r<82>R<GLY> -1.473000 -5.702000 12.198000
c<A>r<83>R<ARG> -1.317000 -6.378000 8.510000
c<A>r<84>R<PRO> -1.556000 -3.814000 5.754000
c<A>r<85>R<VAL> -4.670000 -4.268000 3.726000
c<A>r<86>R<TRP> -4.883000 -1.009000 1.657000
c<A>r<87>R<GLU> -2.565000 1.704000 0.474000
c<A>r<88>R<GLN> -2.866000 4.912000 -1.355000
c<A>r<89>R<VAL> 0.072000 7.153000 -2.165000
c<A>r<90>R<GLY> 0.088000 10.889000 -2.631000
c<A>r<91>R<GLN> -2.517000 13.614000 -2.240000
c<A>r<92>R<ILE> -5.873000 11.825000 -2.290000
c<A>r<110>R<CYS> -10.368000 -7.426000 6.853000
c<A>r<111>R<ILE> -8.102000 -10.476000 6.922000
c<A>r<112>R<ARG> -10.449000 -13.262000 5.964000
c<A>r<113>R<LYS> -9.588000 -13.578000 2.428000
c<A>r<114>R<SER> -5.825000 -13.242000 2.370000
c<A>r<115>R<THR> -3.265000 -15.819000 3.214000
c<A>r<116>R<PRO> -0.363000 -14.722000 5.273000
c<B>r<24>R<TYR> 0.263000 -14.353000 -5.295000
c<B>r<25>R<SER> 1.256000 -17.666000 -3.622000
c<B>r<27>R<ALA> -0.783000 -22.011999 -1.536000
c<B>r<28>R<CYS> -3.254000 -19.132999 -1.372000
c<B>r<29>R<PRO> -6.775000 -20.341000 -1.916000
c<B>r<30>R<TYR> -8.020000 -16.856001 -2.592000
c<B>r<31>R<CYS> -5.427000 -16.305000 -5.261000
c<B>r<62>R<ALA> 7.588000 -9.260000 -1.532000
c<B>r<63>R<GLU> 9.685000 -7.890000 1.344000
c<B>r<64>R<LYS> 10.743000 -4.839000 -0.643000
c<B>r<65>R<TYR> 7.156000 -3.818000 -1.227000
c<B>r<66>R<GLY> 5.844000 -4.796000 2.169000
c<B>r<67>R<VAL> 3.565000 -7.619000 1.011000
c<B>r<68>R<GLN> 2.423000 -9.490000 4.067000
c<B>r<69>R<GLY> -0.443000 -11.436000 2.495000
c<B>r<70>R<THR> -1.718000 -12.847000 -0.710000
c<B>r<71>R<PRO> -3.228000 -11.968000 -3.138000
c<B>r<72>R<THR> -1.839000 -8.419000 -2.903000
c<B>r<73>R<PHE> -2.630000 -6.136000 -5.799000
c<B>r<74>R<LYS> -0.281000 -3.281000 -6.387000
c<B>r<75>R<PHE> -0.190000 -0.503000 -8.924000
c<B>r<79>R<GLY> 8.579000 2.150000 -10.449000
c<B>r<80>R<ARG> 6.956000 3.146000 -7.213000
c<B>r<81>R<PRO> 3.935000 1.634000 -5.605000
c<B>r<82>R<VAL> 1.003000 3.992000 -5.624000
c<B>r<83>R<TRP> -1.944000 1.707000 -4.638000
c<B>r<84>R<GLU> -2.462000 -1.557000 -2.861000
c<B>r<85>R<GLN> -5.307000 -3.803000 -2.078000
c<B>r<86>R<VAL> -4.955000 -7.057000 -0.161000
c<B>r<87>R<GLY> -7.146000 -10.127000 -0.403000
c<B>r<88>R<GLN> -10.157000 -10.985000 -2.550000
c<B>r<89>R<ILE> -11.245000 -7.740000 -4.221000
c<B>r<107>R<CYS> 0.533000 9.201000 -10.889000
c<B>r<108>R<ILE> 3.664000 10.364000 -9.017000
c<B>r<109>R<ARG> 3.118000 14.141000 -9.107000
c<B>r<110>R<LYS> 1.647000 14.548000 -5.793000
c<B>r<111>R<SER> 4.009000 12.374000 -3.736000
c<B>r<112>R<THR> 7.573000 12.825000 -2.605000
c<B>r<113>R<PRO> 9.946000 9.953000 -2.996000
c<B>r<114>R<VAL> 11.265000 8.563000 0.216000
c<B>r<115>R<GLY> 14.941000 9.583000 0.448000
c<B>r<116>R<GLN> 14.583000 12.811000 -1.303000
