c<A>r<2>R<LEU> 7.151000 8.424000 10.324000
c<A>r<3>R<PRO> 9.056000 9.326000 13.462000
c<A>r<5>R<LEU> 4.450000 6.515000 13.957000
c<A>r<6>R<ARG> 7.591000 4.778000 15.244000
c<A>r<9>R<GLN> 4.272000 1.839000 17.739000
c<A>r<10>R<SER> 7.037000 1.499000 20.393000
c<A>r<12>R<THR> 1.946000 0.529000 22.056999
c<A>r<13>R<CYS> 4.355000 -2.430000 22.264000
c<A>r<39>R<GLY> 2.919000 5.642000 1.778000
c<A>r<40>R<PRO> 0.246000 3.445000 0.847000
c<A>r<41>R<ASP> -0.234000 1.805000 4.089000
c<A>r<42>R<ARG> 0.478000 4.582000 6.616000
c<A>r<44>R<LEU> -4.110000 1.823000 7.642000
c<A>r<45>R<LEU> -1.227000 1.411000 10.085000
c<A>r<46>R<THR> -2.264000 4.518000 11.964000
c<A>r<47>R<LEU> -5.904000 3.313000 12.119000
c<A>r<48>R<ALA> -4.701000 -0.080000 13.378000
c<A>r<49>R<GLY> -2.717000 1.643000 16.094999
c<A>r<51>R<ALA> -8.015000 0.749000 17.155001
c<A>r<52>R<VAL> -5.602000 -1.305000 19.308001
c<A>r<53>R<CYS> -5.102000 1.543000 21.827000
c<A>r<55>R<GLN> -9.607000 -1.305000 22.556999
c<A>r<59>R<ASP> -13.243000 2.470000 24.437000
c<A>r<60>R<PRO> -14.810000 -0.075000 22.193001
c<A>r<61>R<GLY> -16.781000 2.491000 20.304001
c<A>r<62>R<GLU> -13.745000 4.467000 19.233000
c<A>r<63>R<ALA> -11.988000 1.263000 18.399000
c<A>r<64>R<ARG> -14.886000 0.197000 16.184999
c<A>r<65>R<ALA> -14.904000 3.588000 14.451000
c<A>r<66>R<CYS> -11.282000 3.224000 13.595000
c<A>r<67>R<SER> -11.824000 -0.247000 12.174000
c<A>r<68>R<GLU> -14.779000 1.039000 10.141000
c<A>r<69>R<LYS> -12.656000 3.884000 8.686000
c<A>r<70>R<ALA> -9.955000 1.395000 7.821000
c<A>r<71>R<LEU> -12.531000 -0.897000 6.059000
c<A>r<73>R<LEU> -10.217000 2.900000 3.021000
c<A>r<74>R<LEU> -9.662000 -0.770000 2.093000
c<A>r<75>R<GLY> -12.916000 -0.856000 0.123000
c<A>r<79>R<PRO> -6.940000 2.197000 -8.890000
c<A>r<80>R<HIS> -3.448000 2.506000 -7.440000
c<A>r<82>R<PHE> 1.067000 3.763000 -10.095000
c<A>r<83>R<LEU> -1.331000 1.635000 -12.208000
c<A>r<84>R<ALA> -1.958000 4.029000 -15.043000
c<A>r<85>R<PRO> 1.724000 5.225000 -15.349000
c<A>r<86>R<PHE> 2.962000 1.612000 -15.455000
c<A>r<87>R<LEU> 0.331000 0.767000 -18.110001
c<A>r<88>R<GLU> 1.383000 3.765000 -20.122000
c<A>r<89>R<ALA> 5.100000 2.833000 -19.823999
c<A>r<90>R<HIS> 4.355000 -0.777000 -20.761000
c<A>r<91>R<VAL> 2.309000 0.251000 -23.891001
c<A>r<92>R<ARG> 5.024000 2.673000 -25.040001
c<A>r<93>R<LEU> 7.942000 0.247000 -24.422001
c<A>r<94>R<SER> 6.044000 -2.693000 -26.014000
c<A>r<96>R<ARG> 9.014000 0.379000 -29.311001
c<A>r<97>R<LEU> 10.150000 -3.144000 -28.980000
c<A>r<104>R<SER> -2.083000 -3.029000 -21.386999
c<A>r<123>R<SER> 4.804000 9.537000 -16.101000
c<A>r<124>R<LEU> 6.601000 7.150000 -13.755000
c<A>r<125>R<LYS> 9.431000 9.685000 -13.563000
c<A>r<126>R<GLU> 6.933000 12.386000 -12.372000
c<A>r<127>R<LEU> 5.441000 10.072000 -9.727000
c<A>r<128>R<LEU> 8.867000 8.960000 -8.570000
c<A>r<129>R<ILE> 10.108000 12.456000 -8.082000
c<A>r<130>R<LYS> 6.921000 13.430000 -6.184000
c<A>r<131>R<GLU> 6.987000 10.461000 -3.825000
c<A>r<132>R<VAL> 7.803000 11.526000 -0.348000
c<A>r<133>R<LEU> 10.067000 9.073000 1.320000
c<A>r<134>R<ASP> 9.989000 9.968000 4.818000
c<B>r<2>R<LEU> 14.347000 3.127000 2.825000
c<B>r<3>R<PRO> 17.700001 4.938000 3.054000
c<B>r<5>R<LEU> 15.504000 4.149000 -1.789000
c<B>r<6>R<ARG> 16.021000 7.739000 -0.809000
c<B>r<9>R<GLN> 15.436000 8.606000 -5.803000
c<B>r<10>R<SER> 17.774000 11.565000 -5.276000
c<B>r<12>R<THR> 17.450001 9.634000 -10.355000
c<B>r<13>R<CYS> 16.190001 13.206000 -9.863000
c<B>r<35>R<PRO> 6.016000 -3.135000 2.984000
c<B>r<36>R<ASP> 8.594000 -1.797000 1.274000
c<B>r<37>R<ARG> 7.602000 -0.114000 -1.683000
c<B>r<39>R<LEU> 5.994000 -0.504000 -6.893000
c<B>r<40>R<LEU> 8.162000 2.520000 -6.187000
c<B>r<41>R<THR> 11.289000 0.437000 -6.618000
c<B>r<42>R<LEU> 9.994000 -0.989000 -9.941000
c<B>r<43>R<ALA> 9.147000 2.532000 -11.100000
c<B>r<44>R<GLY> 12.679000 3.623000 -10.298000
c<B>r<46>R<ALA> 11.926000 1.264000 -15.161000
c<B>r<47>R<VAL> 12.801000 4.970000 -15.370000
c<B>r<48>R<CYS> 16.537001 4.316000 -15.097000
c<B>r<50>R<GLN> 14.537000 3.627000 -20.004999
c<B>r<54>R<ASP> 17.511000 -0.555000 -22.117001
c<B>r<55>R<PRO> 13.939000 -0.592000 -23.146000
c<B>r<56>R<GLY> 13.639000 -4.286000 -22.636999
c<B>r<57>R<GLU> 14.627000 -4.116000 -18.999001
c<B>r<58>R<ALA> 12.395000 -1.133000 -18.556999
c<B>r<59>R<ARG> 9.470000 -3.068000 -20.035999
c<B>r<60>R<ALA> 10.203000 -6.045000 -17.740000
c<B>r<61>R<CYS> 10.013000 -3.806000 -14.761000
c<B>r<62>R<SER> 6.679000 -2.353000 -15.880000
c<B>r<63>R<GLU> 5.348000 -5.883000 -16.495001
c<B>r<64>R<LYS> 6.377000 -7.011000 -12.991000
c<B>r<65>R<ALA> 4.699000 -3.908000 -11.567000
c<B>r<66>R<LEU> 1.448000 -4.652000 -13.499000
c<B>r<68>R<LEU> 1.872000 -6.916000 -8.647000
c<B>r<69>R<LEU> -0.958000 -4.413000 -9.238000
c<B>r<70>R<GLY> -3.182000 -7.150000 -10.696000
c<B>r<74>R<PRO> -6.550000 -8.958000 -0.143000
c<B>r<75>R<HIS> -4.559000 -6.391000 1.786000
c<B>r<77>R<PHE> -4.799000 -5.480000 7.069000
c<B>r<78>R<LEU> -8.202000 -6.400000 5.560000
c<B>r<79>R<ALA> -8.884000 -9.559000 7.496000
c<B>r<80>R<PRO> -7.627000 -8.189000 10.903000
c<B>r<81>R<PHE> -9.780000 -5.045000 10.554000
c<B>r<82>R<LEU> -12.822000 -7.211000 9.597000
c<B>r<83>R<GLU> -12.210000 -9.418000 12.576000
c<B>r<84>R<ALA> -11.836000 -6.358000 14.916000
c<B>r<85>R<HIS> -14.965000 -4.752000 13.483000
c<B>r<86>R<VAL> -17.076000 -7.996000 13.939000
c<B>r<87>R<ARG> -15.862000 -8.442000 17.518999
c<B>r<88>R<LEU> -16.347000 -4.747000 18.520000
c<B>r<89>R<SER> -19.789000 -4.596000 16.809000
c<B>r<91>R<ARG> -19.669001 -6.197000 21.972000
c<B>r<92>R<LEU> -21.462999 -2.974000 21.350000
c<B>r<99>R<SER> -18.169001 -7.427000 8.030000
c<B>r<118>R<SER> -4.955000 -9.612000 15.222000
c<B>r<119>R<LEU> -4.376000 -5.898000 14.550000
c<B>r<120>R<LYS> -2.092000 -5.831000 17.559000
c<B>r<121>R<GLU> 0.040000 -8.688000 16.051001
c<B>r<122>R<LEU> 0.301000 -6.967000 12.676000
c<B>r<123>R<LEU> 1.067000 -3.621000 14.231000
c<B>r<124>R<ILE> 3.914000 -4.898000 16.341999
c<B>r<125>R<LYS> 5.426000 -6.816000 13.380000
c<B>r<126>R<GLU> 5.388000 -3.873000 11.005000
c<B>r<127>R<VAL> 8.817000 -2.565000 10.331000
c<B>r<128>R<LEU> 8.846000 1.147000 10.086000
c<B>r<129>R<ASP> 11.961000 1.930000 8.507000
