c<A>r<18>R<TYR> -12.192000 -5.464000 -1.458000
c<A>r<19>R<ARG> -8.659000 -4.857000 -2.924000
c<A>r<20>R<GLU> -10.581000 -4.158000 -6.202000
c<A>r<21>R<TRP> -12.671000 -1.492000 -4.398000
c<A>r<22>R<VAL> -11.742000 2.209000 -4.445000
c<A>r<23>R<PHE> -8.648000 2.907000 -2.339000
c<A>r<24>R<ILE> -9.188000 6.136000 -0.336000
c<A>r<25>R<GLY> -5.945000 6.514000 1.673000
c<A>r<26>R<ALA> -2.934000 4.920000 3.374000
c<A>r<27>R<SER> -1.298000 5.918000 6.710000
c<A>r<28>R<VAL> 1.487000 4.442000 8.895000
c<A>r<29>R<THR> 1.760000 4.534000 12.737000
c<A>r<30>R<PRO> 5.187000 2.901000 13.378000
c<A>r<31>R<ASN> 6.049000 1.605000 16.900000
c<A>r<32>R<GLU> 9.371000 3.543000 17.045000
c<A>r<33>R<LEU> 7.446000 6.883000 16.870001
c<A>r<34>R<ASN> 5.093000 5.687000 19.684999
c<A>r<35>R<ASP> 7.468000 4.308000 22.421000
c<A>r<37>R<LYS> 2.967000 1.382000 22.261000
c<A>r<38>R<ALA> 1.291000 2.254000 18.944000
c<A>r<39>R<ALA> -2.356000 1.095000 19.186001
c<A>r<40>R<PHE> -2.056000 0.110000 15.488000
c<A>r<41>R<PRO> 1.705000 -0.305000 14.589000
c<A>r<42>R<GLU> 0.769000 -0.909000 10.894000
c<A>r<43>R<PHE> 0.183000 0.547000 7.496000
c<A>r<44>R<HIS> -3.566000 1.223000 7.103000
c<A>r<45>R<ASN> -4.833000 0.712000 3.512000
c<A>r<47>R<TYR> -11.011000 0.998000 0.690000
c<A>r<50>R<PRO> -17.695000 1.359000 -5.576000
c<A>r<53>R<TRP> -17.747999 6.020000 -3.950000
c<A>r<73>R<ALA> 0.058000 -4.412000 6.795000
c<A>r<75>R<VAL> 6.072000 -2.110000 8.695000
c<A>r<76>R<GLY> 8.565000 -3.909000 6.399000
c<A>r<77>R<SER> 11.712000 -2.103000 5.192000
c<A>r<78>R<LYS> 12.712000 1.359000 6.510000
c<A>r<79>R<ALA> 14.938000 2.040000 3.475000
c<A>r<80>R<SER> 14.539000 1.856000 -0.310000
c<A>r<81>R<PRO> 16.150999 3.405000 -3.441000
c<A>r<82>R<SER> 13.706000 6.360000 -2.910000
c<A>r<83>R<GLY> 15.270000 7.032000 0.559000
c<A>r<84>R<ASN> 14.587000 6.264000 4.232000
c<A>r<85>R<GLY> 10.955000 5.907000 5.283000
c<A>r<86>R<TYR> 8.332000 3.215000 5.749000
c<A>r<87>R<PHE> 7.526000 0.423000 3.292000
c<A>r<88>R<PRO> 4.668000 -2.098000 3.726000
c<A>r<89>R<GLY> 5.495000 -5.601000 4.979000
c<A>r<90>R<GLU> 3.103000 -8.563000 5.137000
c<A>r<91>R<PHE> -0.668000 -8.266000 5.610000
c<A>r<135>R<CYS> -13.171000 7.621000 18.989000
c<A>r<136>R<HIS> -14.605000 7.792000 15.430000
c<A>r<138>R<GLU> -15.072000 12.359000 18.518000
c<A>r<139>R<HIS> -12.177000 12.710000 16.024000
c<A>r<140>R<ALA> -13.439000 11.922000 12.476000
c<A>r<146>R<PHE> -11.492000 10.111000 9.002000
c<A>r<148>R<GLN> -9.096000 14.484000 6.821000
c<A>r<149>R<PHE> -6.583000 11.605000 6.154000
c<A>r<150>R<TYR> -8.257000 10.380000 2.890000
c<A>r<151>R<PRO> -7.035000 12.625000 -0.018000
c<A>r<152>R<VAL> -9.062000 10.566000 -2.567000
c<A>r<154>R<ARG> -11.291000 15.102000 -0.420000
c<A>r<155>R<ALA> -10.630000 15.251000 -4.199000
c<A>r<156>R<GLY> -13.832000 13.221000 -4.904000
c<B>r<18>R<TYR> -6.701000 5.860000 -12.116000
c<B>r<19>R<ARG> -8.004000 6.122000 -8.475000
c<B>r<20>R<GLU> -10.686000 3.588000 -9.584000
c<B>r<21>R<TRP> -7.896000 1.194000 -10.713000
c<B>r<22>R<VAL> -6.460000 -1.531000 -8.451000
c<B>r<23>R<PHE> -4.344000 -0.088000 -5.634000
c<B>r<24>R<ILE> -1.192000 -2.237000 -5.196000
c<B>r<25>R<GLY> 0.680000 -0.498000 -2.347000
c<B>r<26>R<ALA> 1.652000 2.675000 -0.505000
c<B>r<27>R<SER> 5.007000 3.793000 0.963000
c<B>r<28>R<VAL> 6.202000 7.063000 2.556000
c<B>r<29>R<THR> 9.662000 8.729000 2.350000
c<B>r<30>R<PRO> 9.504000 11.643000 4.887000
c<B>r<31>R<ASN> 12.028000 14.524000 4.462000
c<B>r<32>R<GLU> 12.950000 14.469000 8.196000
c<B>r<33>R<LEU> 14.190000 10.829000 7.875000
c<B>r<34>R<ASN> 16.405001 11.897000 4.902000
c<B>r<35>R<ASP> 18.214001 15.040000 6.267000
c<B>r<37>R<LYS> 17.000999 15.810000 1.094000
c<B>r<38>R<ALA> 14.478000 13.067000 0.248000
c<B>r<39>R<ALA> 14.338000 12.775000 -3.562000
c<B>r<40>R<PHE> 10.611000 11.894000 -3.169000
c<B>r<41>R<PRO> 9.323000 13.498000 0.126000
c<B>r<42>R<GLU> 5.824000 11.965000 -0.404000
c<B>r<43>R<PHE> 3.416000 9.126000 0.003000
c<B>r<44>R<HIS> 3.618000 6.875000 -3.087000
c<B>r<45>R<ASN> 0.098000 5.494000 -3.769000
c<B>r<47>R<TYR> -2.258000 1.738000 -8.915000
c<B>r<50>R<PRO> -7.560000 -3.752000 -14.026000
c<B>r<53>R<TRP> -4.176000 -6.973000 -12.442000
c<B>r<73>R<ALA> 0.715000 12.876000 -1.995000
c<B>r<74>R<GLY> 2.570000 15.140000 0.475000
c<B>r<75>R<VAL> 3.180000 14.240000 4.130000
c<B>r<76>R<GLY> 0.275000 15.875000 6.033000
c<B>r<77>R<SER> -0.259000 15.279000 9.770000
c<B>r<78>R<LYS> 2.327000 13.416000 11.903000
c<B>r<79>R<ALA> -0.266000 12.589000 14.589000
c<B>r<80>R<SER> -3.761000 11.075000 14.712000
c<B>r<81>R<PRO> -5.982000 9.243000 17.266001
c<B>r<82>R<SER> -4.093000 6.032000 16.207001
c<B>r<83>R<GLY> -0.763000 7.582000 17.402000
c<B>r<84>R<ASN> 2.271000 9.344000 15.901000
c<B>r<85>R<GLY> 3.179000 8.502000 12.305000
c<B>r<86>R<TYR> 2.616000 9.749000 8.767000
c<B>r<87>R<PHE> -0.755000 10.681000 7.250000
c<B>r<88>R<PRO> -1.366000 11.762000 3.596000
c<B>r<89>R<GLY> -1.488000 15.483000 2.859000
c<B>r<90>R<GLU> -2.471000 17.075001 -0.456000
c<B>r<91>R<PHE> -1.969000 15.739000 -3.989000
c<B>r<135>R<CYS> 17.440001 2.363000 -10.872000
c<B>r<136>R<HIS> 14.337000 0.211000 -11.576000
c<B>r<138>R<GLU> 19.002001 -2.507000 -10.433000
c<B>r<139>R<HIS> 16.573000 -2.538000 -7.474000
c<B>r<140>R<ALA> 13.119000 -3.812000 -8.607000
c<B>r<146>R<PHE> 9.170000 -2.874000 -6.960000
c<B>r<148>R<GLN> 8.862000 -6.231000 -2.718000
c<B>r<149>R<PHE> 7.011000 -3.012000 -1.599000
c<B>r<150>R<TYR> 3.593000 -3.967000 -3.146000
c<B>r<151>R<PRO> 1.932000 -6.529000 -0.788000
c<B>r<152>R<VAL> -1.232000 -6.647000 -3.003000
c<B>r<154>R<ARG> 2.675000 -10.445000 -3.653000
c<B>r<155>R<ALA> -0.677000 -11.698000 -2.287000
c<B>r<156>R<GLY> -2.167000 -11.791000 -5.843000
