c<A>r<43>R<LYS> 1.598000 -7.320000 -0.743000
c<A>r<45>R<ASP> -1.529000 -11.846000 -3.569000
c<A>r<46>R<TYR> -4.050000 -8.944000 -3.448000
c<A>r<47>R<ALA> -2.126000 -6.873000 -6.017000
c<A>r<49>R<ARG> -5.882000 -10.246000 -8.344000
c<A>r<50>R<ASP> -6.376000 -6.477000 -8.560000
c<A>r<52>R<ALA> -5.952000 -8.859000 -13.435000
c<A>r<53>R<ARG> -9.295000 -7.062000 -12.704000
c<A>r<54>R<ILE> -8.005000 -3.609000 -13.820000
c<A>r<55>R<ALA> -6.616000 -5.181000 -17.042000
c<A>r<56>R<ARG> -9.962000 -6.934000 -17.882000
c<A>r<57>R<GLN> -12.009000 -3.773000 -17.108000
c<A>r<152>R<GLY> 9.489000 11.669000 0.484000
c<A>r<153>R<ILE> 8.744000 9.826000 -2.831000
c<A>r<154>R<PHE> 7.620000 6.204000 -2.223000
c<A>r<164>R<GLU> 1.752000 18.393000 -4.522000
c<A>r<165>R<PRO> 2.307000 14.598000 -3.913000
c<A>r<166>R<PHE> -0.116000 11.863000 -5.121000
c<A>r<167>R<TRP> 0.527000 8.163000 -4.414000
c<A>r<170>R<ASP> -6.131000 5.101000 -7.854000
c<A>r<171>R<ARG> -5.334000 8.914000 -7.637000
c<A>r<175>R<TRP> -7.176000 14.506000 -8.743000
c<A>r<180>R<GLY> -5.456000 21.820000 -7.652000
c<A>r<181>R<TRP> -8.089000 23.815001 -5.753000
c<B>r<45>R<ASP> 2.927000 12.420000 6.570000
c<B>r<46>R<TYR> 1.378000 11.680000 3.125000
c<B>r<47>R<ALA> -1.857000 10.333000 4.659000
c<B>r<49>R<ARG> -2.099000 15.711000 3.571000
c<B>r<50>R<ASP> -4.362000 13.342000 1.581000
c<B>r<53>R<ARG> -7.495000 17.247999 0.657000
c<B>r<54>R<ILE> -10.292000 14.655000 0.663000
c<B>r<56>R<ARG> -12.063000 19.787001 1.580000
c<B>r<57>R<GLN> -13.255000 18.077999 -1.668000
c<B>r<152>R<GLY> -6.370000 -12.149000 4.033000
c<B>r<153>R<ILE> -8.100000 -8.929000 5.290000
c<B>r<154>R<PHE> -5.638000 -6.032000 5.822000
c<B>r<164>R<GLU> -14.193000 -10.410000 -3.947000
c<B>r<165>R<PRO> -11.635000 -8.231000 -2.005000
c<B>r<166>R<PHE> -11.238000 -4.418000 -2.403000
c<B>r<167>R<TRP> -8.592000 -2.552000 -0.356000
c<B>r<168>R<GLY> -8.726000 1.276000 -0.101000
c<B>r<169>R<TRP> -11.511000 3.912000 0.126000
c<B>r<170>R<ASP> -11.024000 4.751000 -3.610000
c<B>r<171>R<ARG> -11.992000 1.322000 -5.036000
c<B>r<172>R<GLU> -14.804000 1.444000 -7.571000
c<B>r<174>R<GLU> -18.396000 -0.747000 -10.686000
c<B>r<175>R<TRP> -17.708000 -4.404000 -9.656000
c<B>r<180>R<GLY> -17.827999 -8.692000 -11.808000
c<B>r<181>R<TRP> -15.404000 -8.684000 -14.778000
