c<A>r<79>R<TRP> 7.619000 12.786000 -2.389000
c<A>r<80>R<ASN> 9.557000 13.863000 0.734000
c<A>r<83>R<LEU> 6.994000 10.264000 2.922000
c<A>r<87>R<ILE> 4.148000 7.055000 5.445000
c<A>r<88>R<ILE> 6.481000 7.610000 8.436000
c<A>r<91>R<TYR> 3.636000 4.149000 10.972000
c<A>r<95>R<GLU> 3.113000 1.967000 16.527000
c<A>r<113>R<THR> -6.590000 5.207000 -3.603000
c<A>r<114>R<ILE> -8.758000 4.239000 -6.627000
c<A>r<115>R<GLY> -8.472000 7.387000 -8.694000
c<A>r<116>R<TYR> -7.780000 5.725000 -12.037000
c<A>r<125>R<THR> -14.227000 -1.717000 -1.379000
c<A>r<126>R<GLU> -12.590000 -4.942000 -2.633000
c<A>r<127>R<VAL> -11.437000 -3.800000 -6.087000
c<A>r<128>R<PRO> -7.683000 -3.612000 -6.656000
c<A>r<129>R<ARG> -6.399000 -0.239000 -5.776000
c<A>r<130>R<ARG> -5.381000 2.153000 -8.624000
c<A>r<131>R<PRO> -3.936000 5.228000 -6.859000
c<A>r<132>R<ASP> -3.834000 8.432000 -8.888000
c<A>r<133>R<SER> -1.035000 10.278000 -7.116000
c<A>r<134>R<LEU> 1.776000 10.078000 -4.552000
c<A>r<136>R<GLY> -3.225000 8.319000 -3.220000
c<A>r<137>R<LEU> -0.242000 5.984000 -2.965000
c<A>r<138>R<SER> 0.368000 7.036000 0.651000
c<A>r<140>R<CYS> -2.994000 2.933000 0.095000
c<A>r<141>R<PHE> -0.005000 2.424000 2.389000
c<A>r<142>R<GLY> -2.127000 3.532000 5.340000
c<A>r<143>R<GLU> -4.910000 1.026000 4.480000
c<A>r<144>R<ASP> -2.400000 -1.830000 4.247000
c<A>r<145>R<LEU> -0.755000 -0.701000 7.487000
c<A>r<146>R<ALA> -4.161000 -0.773000 9.162000
c<A>r<147>R<SER> -4.777000 -4.290000 7.848000
c<A>r<148>R<LEU> -1.399000 -5.568000 9.135000
c<A>r<149>R<TYR> -1.876000 -4.014000 12.619000
c<A>r<150>R<TYR> -5.429000 -5.440000 12.828000
c<A>r<151>R<HIS> -4.459000 -9.020000 11.935000
c<A>r<152>R<LYS> -1.208000 -9.003000 13.826000
c<A>r<153>R<PHE> -1.914000 -6.728000 16.799999
c<A>r<258>R<VAL> -5.197000 12.088000 -12.570000
c<A>r<259>R<ALA> -4.339000 14.986000 -14.829000
c<A>r<260>R<ALA> -1.606000 16.423000 -12.609000
c<A>r<261>R<GLY> 2.112000 15.666000 -13.341000
c<A>r<262>R<HIS> 4.661000 14.578000 -10.844000
c<B>r<79>R<TRP> 11.006000 -0.684000 10.281000
c<B>r<80>R<ASN> 13.977000 1.557000 9.384000
c<B>r<83>R<LEU> 11.722000 1.889000 5.012000
c<B>r<87>R<ILE> 9.913000 1.942000 0.383000
c<B>r<88>R<ILE> 12.465000 4.687000 -0.393000
c<B>r<91>R<TYR> 10.456000 4.855000 -5.128000
c<B>r<95>R<GLU> 11.600000 7.460000 -10.404000
c<B>r<113>R<THR> 1.333000 -9.318000 0.657000
c<B>r<114>R<ILE> -1.542000 -11.764000 1.395000
c<B>r<115>R<GLY> -0.049000 -13.709000 4.272000
c<B>r<116>R<TYR> -3.089000 -13.633000 6.549000
c<B>r<125>R<THR> -4.636000 -11.607000 -7.748000
c<B>r<126>R<GLU> -7.614000 -9.283000 -7.091000
c<B>r<127>R<VAL> -8.337000 -10.134000 -3.444000
c<B>r<128>R<PRO> -7.738000 -7.375000 -0.900000
c<B>r<129>R<ARG> -4.257000 -7.523000 0.390000
c<B>r<130>R<ARG> -3.654000 -8.812000 3.968000
c<B>r<131>R<PRO> 0.103000 -8.367000 4.566000
c<B>r<132>R<ASP> 1.628000 -10.478000 7.331000
c<B>r<133>R<SER> 4.666000 -8.373000 8.198000
c<B>r<134>R<LEU> 6.452000 -5.046000 7.719000
c<B>r<136>R<GLY> 4.748000 -7.828000 3.345000
c<B>r<137>R<LEU> 3.586000 -4.259000 3.919000
c<B>r<138>R<SER> 6.537000 -2.899000 1.924000
c<B>r<140>R<CYS> 2.212000 -3.999000 -1.006000
c<B>r<141>R<PHE> 3.654000 -0.498000 -1.299000
c<B>r<142>R<GLY> 5.736000 -1.634000 -4.266000
c<B>r<143>R<GLU> 2.660000 -3.090000 -6.058000
c<B>r<144>R<ASP> 0.716000 0.144000 -5.566000
c<B>r<145>R<LEU> 3.735000 2.171000 -6.696000
c<B>r<146>R<ALA> 3.902000 0.051000 -9.836000
c<B>r<147>R<SER> 0.196000 0.644000 -10.477000
c<B>r<148>R<LEU> 0.534000 4.440000 -10.079000
c<B>r<149>R<TYR> 3.601000 4.637000 -12.390000
c<B>r<150>R<TYR> 1.839000 2.468000 -15.010000
c<B>r<151>R<HIS> -1.361000 4.532000 -15.120000
c<B>r<152>R<LYS> 0.336000 7.865000 -14.770000
c<B>r<153>R<PHE> 3.674000 7.372000 -16.549999
c<B>r<258>R<VAL> 2.317000 -14.577000 10.703000
c<B>r<259>R<ALA> 3.616000 -16.021999 13.935000
c<B>r<260>R<ALA> 6.538000 -13.620000 14.291000
c<B>r<261>R<GLY> 6.261000 -10.513000 16.572001
c<B>r<262>R<HIS> 7.253000 -7.029000 15.689000
