c<E>r<140>R<ASP> 12.639000 18.844000 61.334999
c<E>r<141>R<ASN> 14.154000 19.978001 64.495003
c<E>r<143>R<TYR> 15.246000 23.419001 60.412998
c<E>r<144>R<ALA> 12.890000 24.607000 63.108002
c<E>r<165>R<ILE> 13.889000 10.671000 45.716999
c<E>r<169>R<ALA> 16.193001 14.613000 50.912998
c<E>r<170>R<LYS> 12.573000 13.571000 50.715000
c<E>r<171>R<TYR> 11.594000 15.129000 54.028000
c<E>r<172>R<ASP> 9.986000 18.450001 53.653000
c<E>r<173>R<SER> 12.284000 20.261999 55.945999
c<E>r<174>R<VAL> 15.269000 19.299999 53.757000
c<E>r<175>R<ILE> 16.219000 20.750000 50.332001
c<E>r<176>R<ALA> 16.509001 17.910999 47.747002
c<E>r<193>R<GLY> 10.012000 12.999000 42.132999
c<E>r<194>R<ALA> 7.492000 15.496000 43.549999
c<E>r<195>R<GLU> 9.983000 16.469000 46.214001
c<E>r<196>R<LEU> 12.823000 17.510000 43.953999
c<E>r<197>R<GLU> 13.585000 21.183001 44.723000
c<E>r<198>R<VAL> 16.563000 22.714001 42.917000
c<E>r<242>R<SER> 15.920000 32.879002 58.500000
c<E>r<243>R<ALA> 16.475000 29.351999 57.230000
c<E>r<244>R<SER> 13.242000 29.323000 55.417000
c<E>r<245>R<GLN> 13.853000 32.724998 53.935001
c<E>r<247>R<ARG> 15.506000 28.398001 51.277000
c<E>r<248>R<ASN> 12.881000 30.497999 49.569000
c<E>r<251>R<SER> 14.185000 28.226999 44.848999
c<E>r<252>R<SER> 12.368000 31.400999 43.759998
c<E>r<253>R<THR> 15.105000 32.861000 41.714001
c<E>r<254>R<ALA> 16.207001 29.551001 40.226002
c<E>r<255>R<THR> 16.606001 29.326000 36.424999
c<E>r<256>R<TYR> 13.757000 27.322001 34.937000
c<E>r<257>R<LEU> 14.897000 24.264000 32.884998
c<E>r<258>R<GLY> 11.677000 22.200001 32.540001
c<E>r<259>R<SER> 9.037000 20.292000 34.473000
c<E>r<260>R<SER> 9.440000 20.250000 38.278999
c<E>r<261>R<PHE> 9.298000 16.483000 38.451000
c<E>r<262>R<TYR> 12.778000 16.311001 36.849998
c<E>r<263>R<TYR> 14.186000 19.740000 37.583000
c<E>r<264>R<GLY> 12.346000 21.153000 40.645000
c<E>r<265>R<LYS> 12.352000 24.945000 40.265999
c<E>r<266>R<GLY> 15.590000 24.770000 38.202000
c<I>r<11>R<TYR> 0.953000 20.738001 42.264000
c<I>r<12>R<PRO> 3.865000 20.164000 42.094002
c<I>r<13>R<LYS> 4.691000 22.990000 39.653999
c<I>r<14>R<PRO> 8.208000 23.513000 38.346001
c<I>r<15>R<ALA> 8.186000 27.243000 39.084000
c<I>r<16>R<CYS> 6.370000 29.497000 41.511002
c<I>r<17>R<THR> 5.642000 33.167999 41.035000
c<I>r<18>R<LEU> 6.801000 36.009998 43.222000
c<I>r<27>R<ASP> 6.502000 22.929001 60.339001
c<I>r<28>R<ASN> 6.355000 26.597000 61.449001
c<I>r<29>R<LYS> 7.826000 27.790001 58.164001
c<I>r<30>R<THR> 6.102000 30.764000 56.561001
c<I>r<31>R<TYR> 5.845000 29.799999 52.907001
c<I>r<32>R<GLY> 5.748000 32.668999 50.439999
c<I>r<36>R<ASN> 5.681000 27.125999 47.423000
c<I>r<39>R<ASN> 5.283000 22.024000 46.338001
c<I>r<40>R<ALA> 6.593000 21.400000 49.888000
c<I>r<41>R<VAL> 3.503000 19.315001 50.717999
c<I>r<42>R<VAL> 4.298000 17.063000 47.766998
c<I>r<43>R<GLU> 8.027000 16.980000 48.698002
c<I>r<44>R<SER> 7.079000 15.963000 52.264000
c<I>r<45>R<ASN> 5.054000 12.949000 51.011002
c<I>r<46>R<GLY> 1.946000 14.541000 52.472000
c<I>r<47>R<THR> 3.298000 14.955000 56.007000
c<I>r<48>R<LEU> 3.194000 18.856001 55.903999
