c<E>r<32>R<ASP> 29.966000 12.554000 55.242001
c<E>r<33>R<THR> 32.924000 10.175000 55.195999
c<E>r<62>R<ASN> 37.158001 7.120000 51.071999
c<E>r<64>R<HIS> 33.936001 11.367000 49.155998
c<E>r<96>R<LEU> 29.667999 7.325000 56.831001
c<E>r<98>R<SER> 35.124001 4.019000 54.499001
c<E>r<99>R<SER> 32.890999 2.333000 52.077999
c<E>r<100>R<GLY> 30.603001 5.320000 51.959999
c<E>r<101>R<SER> 27.809000 3.739000 54.050999
c<E>r<102>R<GLY> 26.261000 4.765000 57.273998
c<E>r<124>R<MET> 24.143000 15.626000 53.658001
c<E>r<125>R<SER> 25.417000 14.058000 50.389000
c<E>r<126>R<LEU> 24.054001 10.775000 51.426998
c<E>r<127>R<GLY> 20.643999 9.064000 51.566002
c<E>r<128>R<GLY> 18.788000 5.860000 51.154999
c<E>r<129>R<ALA> 15.495000 4.380000 50.139999
c<E>r<130>R<SER> 14.125000 4.616000 53.674999
c<E>r<151>R<ALA> 20.730000 16.808001 50.909000
c<E>r<152>R<ALA> 21.450001 14.984000 47.646000
c<E>r<153>R<ALA> 18.171000 13.775000 46.014000
c<E>r<154>R<GLY> 19.612000 10.434000 44.877998
c<E>r<155>R<ASN> 21.299999 8.975000 41.803001
c<E>r<156>R<SER> 18.566000 6.709000 40.754002
c<E>r<157>R<GLY> 17.414000 8.324000 37.481998
c<E>r<158>R<ASN> 13.793000 8.052000 36.502998
c<E>r<159>R<SER> 11.413000 5.331000 35.588001
c<E>r<160>R<GLY> 8.143000 6.153000 34.277000
c<E>r<161>R<SER> 6.126000 8.115000 36.655998
c<E>r<162>R<THR> 7.857000 6.969000 39.803001
c<E>r<163>R<ASN> 9.567000 8.975000 42.648998
c<E>r<164>R<THR> 13.186000 7.958000 43.095001
c<E>r<165>R<ILE> 13.889000 10.671000 45.716999
c<E>r<166>R<GLY> 15.915000 9.285000 48.627998
c<E>r<167>R<TYR> 15.766000 10.116000 52.381001
c<E>r<168>R<PRO> 16.590000 12.476000 54.046001
c<E>r<169>R<ALA> 16.193001 14.613000 50.912998
c<E>r<170>R<LYS> 12.573000 13.571000 50.715000
c<E>r<187>R<ALA> 22.190001 14.392000 34.157001
c<E>r<188>R<SER> 20.686001 11.027000 33.612000
c<E>r<189>R<PHE> 21.417000 9.661000 36.988998
c<E>r<190>R<SER> 19.638000 12.423000 38.806000
c<E>r<191>R<SER> 16.658001 11.227000 40.736000
c<E>r<192>R<VAL> 13.136000 12.503000 40.098999
c<E>r<193>R<GLY> 10.012000 12.999000 42.132999
c<E>r<218>R<ASN> 29.618000 12.547000 39.320000
c<E>r<219>R<GLY> 26.584999 12.519000 41.542000
c<E>r<220>R<THR> 23.798000 14.372000 43.199001
c<E>r<221>R<SER> 26.278000 14.126000 46.040001
c<E>r<222>R<MET> 28.339001 16.679001 44.161999
c<I>r<6>R<VAL> 15.977000 6.119000 44.787998
c<I>r<7>R<ASP> 19.003000 7.897000 46.185001
c<I>r<8>R<CYS> 22.240000 6.212000 45.042000
c<I>r<9>R<SER> 24.511999 9.068000 46.172001
c<I>r<10>R<GLU> 26.584000 6.819000 48.498001
c<I>r<11>R<TYR> 27.478001 4.545000 45.611000
c<I>r<12>R<PRO> 29.417999 2.977000 43.993999
c<I>r<13>R<LYS> 30.718000 0.839000 46.884998
c<I>r<14>R<PRO> 33.465000 -1.721000 46.376999
c<I>r<15>R<ALA> 31.577999 -4.464000 48.214001
c<I>r<16>R<CYS> 27.945999 -5.225000 48.919998
c<I>r<25>R<GLY> 15.448000 -2.749000 37.866001
c<I>r<26>R<SER> 14.117000 -1.189000 34.648998
c<I>r<34>R<LYS> 20.145000 -1.622000 47.125000
c<I>r<35>R<CYS> 23.917999 -1.794000 47.042999
c<I>r<37>R<PHE> 21.264999 -2.039000 42.303001
c<I>r<38>R<CYS> 22.964001 1.295000 42.904999
c<I>r<41>R<VAL> 23.007999 2.330000 38.188000
c<I>r<42>R<VAL> 26.469999 3.883000 38.294998
c<I>r<44>R<SER> 25.000999 1.967000 33.464001
c<I>r<45>R<ASN> 25.892000 5.701000 33.356998
c<I>r<46>R<GLY> 22.509001 6.463000 34.875999
c<I>r<47>R<THR> 20.441999 4.629000 32.257999
c<I>r<48>R<LEU> 19.084000 1.967000 34.771000
c<I>r<49>R<THR> 16.208000 3.054000 37.063999
c<I>r<50>R<LEU> 14.179000 1.308000 39.724998
c<I>r<51>R<SER> 10.890000 -0.143000 38.577999
c<I>r<52>R<HIS> 9.716000 -1.286000 41.994999
c<I>r<53>R<PHE> 10.835000 -2.758000 45.257000
