c<E>r<62>R<ASN> 37.158001 7.120000 51.071999
c<E>r<64>R<HIS> 33.936001 11.367000 49.155998
c<E>r<99>R<SER> 32.890999 2.333000 52.077999
c<E>r<100>R<GLY> 30.603001 5.320000 51.959999
c<E>r<101>R<SER> 27.809000 3.739000 54.050999
c<E>r<125>R<SER> 25.417000 14.058000 50.389000
c<E>r<126>R<LEU> 24.054001 10.775000 51.426998
c<E>r<127>R<GLY> 20.643999 9.064000 51.566002
c<E>r<128>R<GLY> 18.788000 5.860000 51.154999
c<E>r<129>R<ALA> 15.495000 4.380000 50.139999
c<E>r<130>R<SER> 14.125000 4.616000 53.674999
c<E>r<151>R<ALA> 20.730000 16.808001 50.909000
c<E>r<152>R<ALA> 21.450001 14.984000 47.646000
c<E>r<153>R<ALA> 18.171000 13.775000 46.014000
c<E>r<154>R<GLY> 19.612000 10.434000 44.877998
c<E>r<155>R<ASN> 21.299999 8.975000 41.803001
c<E>r<156>R<SER> 18.566000 6.709000 40.754002
c<E>r<157>R<GLY> 17.414000 8.324000 37.481998
c<E>r<158>R<ASN> 13.793000 8.052000 36.502998
c<E>r<159>R<SER> 11.413000 5.331000 35.588001
c<E>r<160>R<GLY> 8.143000 6.153000 34.277000
c<E>r<162>R<THR> 7.857000 6.969000 39.803001
c<E>r<163>R<ASN> 9.567000 8.975000 42.648998
c<E>r<164>R<THR> 13.186000 7.958000 43.095001
c<E>r<165>R<ILE> 13.889000 10.671000 45.716999
c<E>r<166>R<GLY> 15.915000 9.285000 48.627998
c<E>r<167>R<TYR> 15.766000 10.116000 52.381001
c<E>r<168>R<PRO> 16.590000 12.476000 54.046001
c<E>r<169>R<ALA> 16.193001 14.613000 50.912998
c<E>r<170>R<LYS> 12.573000 13.571000 50.715000
c<E>r<178>R<GLY> 19.216999 17.250000 41.617001
c<E>r<187>R<ALA> 22.190001 14.392000 34.157001
c<E>r<188>R<SER> 20.686001 11.027000 33.612000
c<E>r<189>R<PHE> 21.417000 9.661000 36.988998
c<E>r<190>R<SER> 19.638000 12.423000 38.806000
c<E>r<191>R<SER> 16.658001 11.227000 40.736000
c<E>r<192>R<VAL> 13.136000 12.503000 40.098999
c<E>r<217>R<LEU> 33.271999 12.651000 40.480999
c<E>r<218>R<ASN> 29.618000 12.547000 39.320000
c<E>r<219>R<GLY> 26.584999 12.519000 41.542000
c<E>r<220>R<THR> 23.798000 14.372000 43.199001
c<E>r<221>R<SER> 26.278000 14.126000 46.040001
c<E>r<222>R<MET> 28.339001 16.679001 44.161999
c<I>r<6>R<VAL> 15.432000 3.593000 46.022999
c<I>r<7>R<ASP> 17.920000 6.288000 46.925999
c<I>r<8>R<CYS> 21.167999 5.881000 44.949001
c<I>r<9>R<SER> 22.544001 9.324000 45.866001
c<I>r<10>R<GLU> 25.739000 7.892000 47.448002
c<I>r<11>R<TYR> 26.638000 6.152000 44.213001
c<I>r<12>R<PRO> 28.552999 5.409000 42.063000
c<I>r<13>R<LYS> 31.141001 3.795000 44.368999
c<I>r<14>R<PRO> 34.387001 2.380000 43.021000
c<I>r<15>R<ALA> 34.025002 -0.896000 44.915001
c<I>r<16>R<CYS> 31.138000 -2.906000 46.292000
c<I>r<17>R<THR> 31.278000 -5.327000 49.181999
c<I>r<26>R<SER> 13.805000 -3.646000 35.793999
c<I>r<34>R<LYS> 22.389999 -2.239000 46.587002
c<I>r<35>R<CYS> 25.868000 -1.069000 45.688000
c<I>r<37>R<PHE> 22.413000 -2.114000 41.619999
c<I>r<38>R<CYS> 22.980000 1.589000 42.198002
c<I>r<39>R<ASN> 26.245001 1.553000 40.250000
c<I>r<40>R<ALA> 24.259001 0.016000 37.352001
c<I>r<41>R<VAL> 21.558001 2.691000 37.716000
c<I>r<42>R<VAL> 24.215000 5.361000 37.250000
c<I>r<43>R<GLU> 25.813000 3.415000 34.344002
c<I>r<44>R<SER> 22.382000 3.172000 32.666000
c<I>r<45>R<ASN> 21.910000 6.982000 32.769001
c<I>r<46>R<GLY> 18.929001 6.465000 35.042999
c<I>r<47>R<THR> 17.045000 4.085000 32.744999
c<I>r<48>R<LEU> 17.297001 1.054000 35.192001
c<I>r<49>R<THR> 14.851000 1.000000 38.146000
c<I>r<50>R<LEU> 14.219000 -1.415000 40.977001
