c<E>r<32>R<ASP> 29.966000 12.554000 55.242001
c<E>r<33>R<THR> 32.924000 10.175000 55.195999
c<E>r<61>R<GLY> 39.705002 7.048000 53.865002
c<E>r<62>R<ASN> 37.158001 7.120000 51.071999
c<E>r<63>R<GLY> 37.606998 10.565000 49.602001
c<E>r<64>R<HIS> 33.936001 11.367000 49.155998
c<E>r<65>R<GLY> 33.804001 13.659000 52.174000
c<E>r<66>R<THR> 36.813000 15.470000 51.117001
c<E>r<67>R<HIS> 35.488998 16.087999 47.638000
c<E>r<96>R<LEU> 29.667999 7.325000 56.831001
c<E>r<97>R<ASN> 32.230000 4.639000 56.886002
c<E>r<98>R<SER> 35.124001 4.019000 54.499001
c<E>r<99>R<SER> 32.890999 2.333000 52.077999
c<E>r<100>R<GLY> 30.603001 5.320000 51.959999
c<E>r<101>R<SER> 27.809000 3.739000 54.050999
c<E>r<102>R<GLY> 26.261000 4.765000 57.273998
c<E>r<124>R<MET> 24.143000 15.626000 53.658001
c<E>r<125>R<SER> 25.417000 14.058000 50.389000
c<E>r<126>R<LEU> 24.054001 10.775000 51.426998
c<E>r<127>R<GLY> 20.643999 9.064000 51.566002
c<E>r<128>R<GLY> 18.788000 5.860000 51.154999
c<E>r<129>R<ALA> 15.495000 4.380000 50.139999
c<E>r<130>R<SER> 14.125000 4.616000 53.674999
c<E>r<151>R<ALA> 20.730000 16.808001 50.909000
c<E>r<152>R<ALA> 21.450001 14.984000 47.646000
c<E>r<153>R<ALA> 18.171000 13.775000 46.014000
c<E>r<154>R<GLY> 19.612000 10.434000 44.877998
c<E>r<155>R<ASN> 21.299999 8.975000 41.803001
c<E>r<156>R<SER> 18.566000 6.709000 40.754002
c<E>r<157>R<GLY> 17.414000 8.324000 37.481998
c<E>r<158>R<ASN> 13.793000 8.052000 36.502998
c<E>r<159>R<SER> 11.413000 5.331000 35.588001
c<E>r<164>R<THR> 13.186000 7.958000 43.095001
c<E>r<165>R<ILE> 13.889000 10.671000 45.716999
c<E>r<166>R<GLY> 15.915000 9.285000 48.627998
c<E>r<167>R<TYR> 15.766000 10.116000 52.381001
c<E>r<168>R<PRO> 16.590000 12.476000 54.046001
c<E>r<169>R<ALA> 16.193001 14.613000 50.912998
c<E>r<176>R<ALA> 16.509001 17.910999 47.747002
c<E>r<177>R<VAL> 19.098000 18.771999 45.106998
c<E>r<178>R<GLY> 19.216999 17.250000 41.617001
c<E>r<186>R<ARG> 19.921000 17.299999 33.696999
c<E>r<187>R<ALA> 22.190001 14.392000 34.157001
c<E>r<188>R<SER> 20.686001 11.027000 33.612000
c<E>r<189>R<PHE> 21.417000 9.661000 36.988998
c<E>r<190>R<SER> 19.638000 12.423000 38.806000
c<E>r<191>R<SER> 16.658001 11.227000 40.736000
c<E>r<203>R<ALA> 28.319000 15.839000 36.587002
c<E>r<209>R<TYR> 40.507000 14.714000 46.974998
c<E>r<210>R<PRO> 42.727001 12.630000 49.243999
c<E>r<215>R<ALA> 39.557999 14.594000 41.179001
c<E>r<216>R<THR> 36.383999 14.460000 39.237000
c<E>r<217>R<LEU> 33.271999 12.651000 40.480999
c<E>r<218>R<ASN> 29.618000 12.547000 39.320000
c<E>r<219>R<GLY> 26.584999 12.519000 41.542000
c<E>r<220>R<THR> 23.798000 14.372000 43.199001
c<E>r<221>R<SER> 26.278000 14.126000 46.040001
c<E>r<222>R<MET> 28.339001 16.679001 44.161999
c<I>r<6>R<VAL> 16.993999 1.516000 45.472000
c<I>r<7>R<ASP> 18.191000 4.748000 47.020000
c<I>r<8>R<CYS> 21.608000 5.757000 45.631001
c<I>r<9>R<SER> 21.506001 9.301000 47.051998
c<I>r<10>R<GLU> 24.749001 8.847000 49.061001
c<I>r<11>R<TYR> 26.656000 7.986000 45.910999
c<I>r<12>R<PRO> 28.989000 8.250000 44.087002
c<I>r<13>R<LYS> 31.638000 7.318000 46.682999
c<I>r<14>R<PRO> 35.330002 7.303000 45.828999
c<I>r<15>R<ALA> 35.915001 3.872000 47.359001
c<I>r<16>R<CYS> 33.785999 0.825000 48.030998
c<I>r<17>R<THR> 34.387001 -1.778000 50.695999
c<I>r<18>R<LEU> 34.983002 -5.462000 50.172001
c<I>r<19>R<GLU> 31.643999 -6.534000 51.779999
c<I>r<34>R<LYS> 25.438000 -1.595000 46.805000
c<I>r<35>R<CYS> 28.348000 0.809000 46.640999
c<I>r<36>R<ASN> 29.621000 -0.654000 43.393002
c<I>r<38>R<CYS> 25.211000 2.772000 42.915001
c<I>r<39>R<ASN> 28.504999 4.128000 41.585999
c<I>r<40>R<ALA> 27.632000 2.420000 38.265999
c<I>r<41>R<VAL> 24.124001 3.929000 38.353001
c<I>r<42>R<VAL> 25.676001 7.385000 38.585999
c<I>r<43>R<GLU> 28.256001 6.527000 35.867001
c<I>r<44>R<SER> 25.413000 5.358000 33.587002
c<I>r<45>R<ASN> 23.587999 8.722000 33.909000
c<I>r<46>R<GLY> 20.709999 6.905000 35.563000
c<I>r<47>R<THR> 20.150999 4.366000 32.780998
c<I>r<48>R<LEU> 21.136999 1.297000 34.983002
c<I>r<49>R<THR> 18.490000 -0.000000 37.437000
c<I>r<50>R<LEU> 18.385000 -2.853000 39.905998
