c<E>r<25>R<ASN> 31.816999 33.452999 59.778999
c<E>r<27>R<LYS> 29.299999 27.570000 60.013000
c<E>r<34>R<GLY> 35.133999 12.659000 57.096001
c<E>r<35>R<ILE> 37.556000 15.100000 55.463001
c<E>r<36>R<GLN> 41.306000 14.919000 54.818001
c<E>r<37>R<ALA> 42.009998 17.784000 57.205002
c<E>r<38>R<SER> 45.643002 18.049000 56.155998
c<E>r<42>R<LEU> 40.967999 22.906000 52.958000
c<E>r<43>R<ASN> 40.791000 24.455000 56.453999
c<E>r<44>R<VAL> 38.699001 22.209999 58.886002
c<E>r<45>R<VAL> 37.917000 23.992001 62.043999
c<E>r<46>R<GLY> 36.375000 21.101000 64.106003
c<E>r<47>R<GLY> 33.897999 18.204000 63.879002
c<E>r<48>R<ALA> 32.938000 14.865000 65.404999
c<E>r<49>R<SER> 33.011002 11.223000 64.378998
c<E>r<50>R<PHE> 30.212000 8.894000 64.875000
c<E>r<51>R<VAL> 31.812000 5.950000 63.077000
c<E>r<52>R<ALA> 33.808998 3.490000 65.245003
c<E>r<53>R<GLY> 37.578999 3.444000 64.915001
c<E>r<54>R<GLU> 37.923000 6.556000 62.688999
c<E>r<55>R<ALA> 38.587002 10.141000 63.849998
c<E>r<57>R<TYR> 36.761002 12.874000 62.105000
c<E>r<58>R<ASN> 39.665001 14.496000 60.400002
c<E>r<59>R<THR> 40.707001 11.569000 58.120998
c<E>r<89>R<SER> 34.103001 27.834000 58.949001
c<E>r<90>R<LEU> 34.081001 24.223000 58.021999
c<E>r<91>R<TYR> 33.256001 21.267000 60.213001
c<E>r<92>R<ALA> 33.679001 17.621000 59.337002
c<E>r<93>R<VAL> 31.077000 15.390000 60.840000
c<E>r<94>R<LYS> 31.759001 11.743000 60.137001
c<E>r<95>R<VAL> 28.636999 9.628000 59.629002
c<E>r<106>R<GLY> 25.004000 7.355000 63.126999
c<E>r<109>R<SER> 23.730000 11.590000 65.813004
c<E>r<112>R<GLU> 21.898001 16.306999 66.309998
c<E>r<113>R<TRP> 25.537001 17.254000 66.935997
c<E>r<114>R<ALA> 25.283001 19.820000 64.253998
c<E>r<115>R<THR> 22.149000 21.396999 65.627998
c<E>r<116>R<THR> 23.535999 21.478001 69.162003
c<E>r<117>R<ASN> 26.837000 22.937000 68.182999
c<E>r<118>R<GLY> 25.311001 25.841999 66.380997
c<E>r<119>R<MET> 25.808001 25.077999 62.737999
c<I>r<11>R<TYR> 42.056000 12.350000 70.888000
c<I>r<12>R<PRO> 41.011002 11.943000 68.134003
c<I>r<13>R<LYS> 38.325001 9.396000 69.093002
c<I>r<14>R<PRO> 36.098999 7.787000 66.483002
c<I>r<15>R<ALA> 32.910000 8.463000 68.439003
c<I>r<16>R<CYS> 31.820000 10.997000 71.019997
c<I>r<17>R<THR> 29.124001 10.525000 73.616997
c<I>r<18>R<LEU> 25.976000 12.559000 74.012001
c<I>r<20>R<TYR> 26.368000 17.882000 76.802002
c<I>r<22>R<PRO> 29.483999 22.951000 76.220001
c<I>r<23>R<LEU> 32.757000 24.636999 75.490997
c<I>r<24>R<CYS> 33.500000 27.607000 73.327003
c<I>r<25>R<GLY> 36.171001 27.291000 70.688004
c<I>r<26>R<SER> 38.370998 30.117001 69.375000
c<I>r<27>R<ASP> 36.202000 29.851999 66.230003
c<I>r<28>R<ASN> 33.109001 30.910000 68.235001
c<I>r<29>R<LYS> 31.514000 27.493999 67.833000
c<I>r<30>R<THR> 30.002001 25.993000 70.973000
c<I>r<31>R<TYR> 31.169001 22.391001 70.905998
c<I>r<32>R<GLY> 28.937000 19.893000 72.669998
c<I>r<33>R<ASN> 31.608000 18.340000 74.835999
c<I>r<35>R<CYS> 35.382999 14.965000 72.771004
c<I>r<36>R<ASN> 33.842999 16.985001 69.968002
c<I>r<37>R<PHE> 36.119999 19.941000 70.704002
c<I>r<38>R<CYS> 39.303001 17.888000 70.855003
c<I>r<39>R<ASN> 38.437000 16.021000 67.657997
c<I>r<40>R<ALA> 38.063000 19.457001 65.997002
c<I>r<41>R<VAL> 41.414001 20.579000 67.445000
c<I>r<42>R<VAL> 43.074001 17.608999 65.762001
c<I>r<43>R<GLU> 41.117001 18.223000 62.509998
c<I>r<44>R<SER> 42.270000 21.872000 62.544998
c<I>r<45>R<ASN> 45.966000 20.844999 62.730999
c<I>r<46>R<GLY> 46.176998 22.538000 66.111000
c<I>r<47>R<THR> 44.902000 25.938000 64.967003
c<I>r<48>R<LEU> 41.660999 25.780001 67.136002
c<I>r<55>R<LYS> 28.552999 28.514000 75.653999
c<I>r<56>R<CYS> 30.129000 31.103001 73.358002
