c<E>r<20>R<GLY> 32.938000 40.653000 48.862000
c<E>r<22>R<LYS> 32.464001 34.537998 50.659000
c<E>r<23>R<GLY> 30.759001 32.936001 53.636002
c<E>r<24>R<ALA> 33.032001 34.389000 56.342999
c<E>r<25>R<ASN> 31.816999 33.452999 59.778999
c<E>r<26>R<VAL> 29.135000 31.070000 58.509998
c<E>r<27>R<LYS> 29.299999 27.570000 60.013000
c<E>r<36>R<GLN> 41.306000 14.919000 54.818001
c<E>r<37>R<ALA> 42.009998 17.784000 57.205002
c<E>r<38>R<SER> 45.643002 18.049000 56.155998
c<E>r<39>R<HIS> 44.770000 18.858999 52.577999
c<E>r<40>R<PRO> 46.362000 22.165001 51.685001
c<E>r<41>R<ASP> 43.341000 23.525999 50.001999
c<E>r<42>R<LEU> 40.967999 22.906000 52.958000
c<E>r<43>R<ASN> 40.791000 24.455000 56.453999
c<E>r<44>R<VAL> 38.699001 22.209999 58.886002
c<E>r<45>R<VAL> 37.917000 23.992001 62.043999
c<E>r<46>R<GLY> 36.375000 21.101000 64.106003
c<E>r<47>R<GLY> 33.897999 18.204000 63.879002
c<E>r<48>R<ALA> 32.938000 14.865000 65.404999
c<E>r<58>R<ASN> 39.665001 14.496000 60.400002
c<E>r<73>R<ALA> 34.870998 25.573000 50.612999
c<E>r<74>R<ALA> 38.174999 24.903999 48.938000
c<E>r<75>R<LEU> 40.368999 27.913000 49.865002
c<E>r<76>R<ASP> 40.547001 30.827999 47.528999
c<E>r<77>R<ASN> 44.266998 30.966999 46.964001
c<E>r<78>R<THR> 46.813999 30.166000 44.321999
c<E>r<79>R<THR> 46.502998 26.488001 44.165001
c<E>r<85>R<ALA> 32.064999 29.770000 49.817001
c<E>r<86>R<PRO> 35.764000 29.764999 50.433998
c<E>r<87>R<SER> 35.757000 31.625000 53.805000
c<E>r<88>R<VAL> 33.203999 29.506001 55.646000
c<E>r<89>R<SER> 34.103001 27.834000 58.949001
c<E>r<90>R<LEU> 34.081001 24.223000 58.021999
c<E>r<91>R<TYR> 33.256001 21.267000 60.213001
c<E>r<117>R<ASN> 26.837000 22.937000 68.182999
c<E>r<118>R<GLY> 25.311001 25.841999 66.380997
c<E>r<119>R<MET> 25.808001 25.077999 62.737999
c<I>r<12>R<PRO> 43.028999 23.474001 68.232002
c<I>r<13>R<LYS> 39.591000 23.909000 69.849998
c<I>r<14>R<PRO> 36.702999 21.603001 69.016998
c<I>r<15>R<ALA> 34.264999 24.466000 68.457001
c<I>r<16>R<CYS> 34.558998 28.097000 67.454002
c<I>r<17>R<THR> 32.123001 30.851999 68.295998
c<I>r<18>R<LEU> 30.187000 32.985001 65.864998
c<I>r<19>R<GLU> 32.078999 36.230000 66.745003
c<I>r<20>R<TYR> 33.023998 37.619999 63.270000
c<I>r<21>R<ARG> 36.424000 39.183998 63.386002
c<I>r<22>R<PRO> 37.956001 38.508999 60.007999
c<I>r<23>R<LEU> 41.570000 37.717999 59.380001
c<I>r<24>R<CYS> 43.348000 36.997002 56.160000
c<I>r<25>R<GLY> 45.421001 33.862000 55.909000
c<I>r<26>R<SER> 48.513000 33.387001 53.724998
c<I>r<27>R<ASP> 46.210999 31.209999 51.574001
c<I>r<28>R<ASN> 44.027000 34.258999 50.771000
c<I>r<29>R<LYS> 41.098999 32.842999 52.721001
c<I>r<30>R<THR> 39.331001 35.264999 55.042999
c<I>r<31>R<TYR> 38.837002 33.271000 58.224998
c<I>r<32>R<GLY> 35.889999 34.284000 60.374001
c<I>r<33>R<ASN> 37.792999 34.675999 63.609001
c<I>r<35>R<CYS> 39.597000 30.349001 66.426003
c<I>r<36>R<ASN> 38.862999 29.306000 62.865002
c<I>r<37>R<PHE> 42.234001 30.608000 61.676998
c<I>r<38>R<CYS> 44.235001 28.921000 64.418999
c<I>r<39>R<ASN> 42.417999 25.617001 63.929001
c<I>r<40>R<ALA> 43.425999 25.847000 60.236000
c<I>r<41>R<VAL> 47.033001 26.631001 61.216000
c<I>r<42>R<VAL> 47.132000 23.407000 63.217999
c<I>r<43>R<GLU> 45.389000 21.472000 60.389999
c<I>r<44>R<SER> 47.990002 22.806000 57.919998
c<I>r<45>R<ASN> 50.895000 21.461000 60.042999
c<I>r<47>R<THR> 52.280998 25.934000 56.858002
c<I>r<48>R<LEU> 49.456001 28.621000 57.048000
c<I>r<55>R<LYS> 39.452999 40.775002 55.033001
c<I>r<56>R<CYS> 41.807999 39.535999 52.317001
