c<E>r<32>R<ASP> 29.966000 12.554000 55.242001
c<E>r<33>R<THR> 32.924000 10.175000 55.195999
c<E>r<61>R<GLY> 39.705002 7.048000 53.865002
c<E>r<62>R<ASN> 37.158001 7.120000 51.071999
c<E>r<63>R<GLY> 37.606998 10.565000 49.602001
c<E>r<64>R<HIS> 33.936001 11.367000 49.155998
c<E>r<65>R<GLY> 33.804001 13.659000 52.174000
c<E>r<68>R<VAL> 32.137001 17.327000 48.854000
c<E>r<96>R<LEU> 29.667999 7.325000 56.831001
c<E>r<97>R<ASN> 32.230000 4.639000 56.886002
c<E>r<98>R<SER> 35.124001 4.019000 54.499001
c<E>r<99>R<SER> 32.890999 2.333000 52.077999
c<E>r<100>R<GLY> 30.603001 5.320000 51.959999
c<E>r<101>R<SER> 27.809000 3.739000 54.050999
c<E>r<102>R<GLY> 26.261000 4.765000 57.273998
c<E>r<124>R<MET> 24.143000 15.626000 53.658001
c<E>r<125>R<SER> 25.417000 14.058000 50.389000
c<E>r<126>R<LEU> 24.054001 10.775000 51.426998
c<E>r<127>R<GLY> 20.643999 9.064000 51.566002
c<E>r<128>R<GLY> 18.788000 5.860000 51.154999
c<E>r<129>R<ALA> 15.495000 4.380000 50.139999
c<E>r<130>R<SER> 14.125000 4.616000 53.674999
c<E>r<131>R<GLY> 14.090000 7.176000 56.377998
c<E>r<151>R<ALA> 20.730000 16.808001 50.909000
c<E>r<152>R<ALA> 21.450001 14.984000 47.646000
c<E>r<153>R<ALA> 18.171000 13.775000 46.014000
c<E>r<154>R<GLY> 19.612000 10.434000 44.877998
c<E>r<155>R<ASN> 21.299999 8.975000 41.803001
c<E>r<156>R<SER> 18.566000 6.709000 40.754002
c<E>r<157>R<GLY> 17.414000 8.324000 37.481998
c<E>r<158>R<ASN> 13.793000 8.052000 36.502998
c<E>r<159>R<SER> 11.413000 5.331000 35.588001
c<E>r<162>R<THR> 7.857000 6.969000 39.803001
c<E>r<163>R<ASN> 9.567000 8.975000 42.648998
c<E>r<164>R<THR> 13.186000 7.958000 43.095001
c<E>r<165>R<ILE> 13.889000 10.671000 45.716999
c<E>r<166>R<GLY> 15.915000 9.285000 48.627998
c<E>r<167>R<TYR> 15.766000 10.116000 52.381001
c<E>r<168>R<PRO> 16.590000 12.476000 54.046001
c<E>r<169>R<ALA> 16.193001 14.613000 50.912998
c<E>r<170>R<LYS> 12.573000 13.571000 50.715000
c<E>r<176>R<ALA> 16.509001 17.910999 47.747002
c<E>r<177>R<VAL> 19.098000 18.771999 45.106998
c<E>r<178>R<GLY> 19.216999 17.250000 41.617001
c<E>r<179>R<ALA> 22.201000 17.247999 39.188999
c<E>r<187>R<ALA> 22.190001 14.392000 34.157001
c<E>r<188>R<SER> 20.686001 11.027000 33.612000
c<E>r<189>R<PHE> 21.417000 9.661000 36.988998
c<E>r<190>R<SER> 19.638000 12.423000 38.806000
c<E>r<191>R<SER> 16.658001 11.227000 40.736000
c<E>r<202>R<GLY> 26.629999 17.384001 39.617001
c<E>r<217>R<LEU> 33.271999 12.651000 40.480999
c<E>r<218>R<ASN> 29.618000 12.547000 39.320000
c<E>r<219>R<GLY> 26.584999 12.519000 41.542000
c<E>r<220>R<THR> 23.798000 14.372000 43.199001
c<E>r<221>R<SER> 26.278000 14.126000 46.040001
c<E>r<222>R<MET> 28.339001 16.679001 44.161999
c<E>r<223>R<ALA> 25.412001 18.955999 43.404999
c<E>r<224>R<SER> 24.337000 19.166000 47.071999
c<I>r<6>R<VAL> 16.969000 6.229000 46.916000
c<I>r<7>R<ASP> 19.576000 8.888000 47.551998
c<I>r<8>R<CYS> 22.903999 7.975000 45.904999
c<I>r<9>R<SER> 24.452999 11.438000 46.354000
c<I>r<10>R<GLU> 27.438999 10.105000 48.372002
c<I>r<11>R<TYR> 28.415001 7.806000 45.530998
c<I>r<12>R<PRO> 30.403999 6.611000 43.673000
c<I>r<13>R<LYS> 32.728001 5.252000 46.388000
c<I>r<14>R<PRO> 35.946999 3.451000 45.521999
c<I>r<15>R<ALA> 35.244999 0.557000 47.887001
c<I>r<16>R<CYS> 32.146999 -1.029000 49.356998
c<I>r<17>R<THR> 31.941999 -2.945000 52.601002
c<I>r<18>R<LEU> 30.891001 -6.536000 53.048000
c<I>r<19>R<GLU> 27.634001 -5.661000 54.922001
c<I>r<23>R<LEU> 18.410999 -4.682000 47.143002
c<I>r<25>R<GLY> 17.735001 -3.248000 40.877998
c<I>r<26>R<SER> 15.486000 -2.490000 37.891998
c<I>r<33>R<ASN> 24.235001 -3.449000 49.588001
c<I>r<34>R<LYS> 23.464001 0.179000 48.909000
c<I>r<35>R<CYS> 27.063000 0.984000 48.087002
c<I>r<36>R<ASN> 27.205999 -1.589000 45.317001
c<I>r<37>R<PHE> 23.802000 -0.517000 44.001999
c<I>r<38>R<CYS> 24.584999 3.192000 44.016998
c<I>r<39>R<ASN> 27.954000 2.648000 42.340000
c<I>r<40>R<ALA> 26.049999 0.771000 39.591000
c<I>r<41>R<VAL> 23.521000 3.620000 39.325001
c<I>r<42>R<VAL> 26.379000 6.019000 38.629002
c<I>r<43>R<GLU> 28.014999 3.532000 36.196999
c<I>r<44>R<SER> 24.686001 3.214000 34.335999
c<I>r<45>R<ASN> 24.471001 7.009000 33.792000
c<I>r<46>R<GLY> 21.326000 7.046000 35.898998
c<I>r<47>R<THR> 19.429001 4.433000 33.882999
c<I>r<48>R<LEU> 19.322001 1.837000 36.796001
c<I>r<49>R<THR> 16.700001 2.411000 39.535999
c<I>r<50>R<LEU> 15.730000 0.536000 42.665001
c<I>r<51>R<SER> 12.828000 -1.847000 42.303001
c<I>r<52>R<HIS> 12.628000 -2.830000 45.957001
c<I>r<53>R<PHE> 14.660000 -3.553000 49.025002
