c<E>r<35>R<ILE> 37.556000 15.100000 55.463001
c<E>r<36>R<GLN> 41.306000 14.919000 54.818001
c<E>r<37>R<ALA> 42.009998 17.784000 57.205002
c<E>r<38>R<SER> 45.643002 18.049000 56.155998
c<E>r<39>R<HIS> 44.770000 18.858999 52.577999
c<E>r<40>R<PRO> 46.362000 22.165001 51.685001
c<E>r<41>R<ASP> 43.341000 23.525999 50.001999
c<E>r<42>R<LEU> 40.967999 22.906000 52.958000
c<E>r<43>R<ASN> 40.791000 24.455000 56.453999
c<E>r<44>R<VAL> 38.699001 22.209999 58.886002
c<E>r<45>R<VAL> 37.917000 23.992001 62.043999
c<E>r<46>R<GLY> 36.375000 21.101000 64.106003
c<E>r<47>R<GLY> 33.897999 18.204000 63.879002
c<E>r<48>R<ALA> 32.938000 14.865000 65.404999
c<E>r<49>R<SER> 33.011002 11.223000 64.378998
c<E>r<50>R<PHE> 30.212000 8.894000 64.875000
c<E>r<51>R<VAL> 31.812000 5.950000 63.077000
c<E>r<52>R<ALA> 33.808998 3.490000 65.245003
c<E>r<53>R<GLY> 37.578999 3.444000 64.915001
c<E>r<54>R<GLU> 37.923000 6.556000 62.688999
c<E>r<55>R<ALA> 38.587002 10.141000 63.849998
c<E>r<57>R<TYR> 36.761002 12.874000 62.105000
c<E>r<58>R<ASN> 39.665001 14.496000 60.400002
c<E>r<59>R<THR> 40.707001 11.569000 58.120998
c<E>r<60>R<ASP> 38.882000 10.455000 54.988998
c<E>r<61>R<GLY> 39.705002 7.048000 53.865002
c<E>r<75>R<LEU> 40.368999 27.913000 49.865002
c<E>r<89>R<SER> 34.103001 27.834000 58.949001
c<E>r<91>R<TYR> 33.256001 21.267000 60.213001
c<E>r<92>R<ALA> 33.679001 17.621000 59.337002
c<E>r<93>R<VAL> 31.077000 15.390000 60.840000
c<E>r<94>R<LYS> 31.759001 11.743000 60.137001
c<E>r<117>R<ASN> 26.837000 22.937000 68.182999
c<E>r<210>R<PRO> 42.727001 12.630000 49.243999
c<E>r<211>R<THR> 45.754002 12.670000 49.528000
c<E>r<212>R<ASN> 46.459999 16.166000 48.713001
c<I>r<11>R<TYR> 46.298000 11.332000 68.636002
c<I>r<12>R<PRO> 44.338001 10.501000 66.560997
c<I>r<13>R<LYS> 41.215000 11.464000 68.545998
c<I>r<14>R<PRO> 37.733002 10.877000 67.170998
c<I>r<15>R<ALA> 36.553001 14.395000 67.999001
c<I>r<16>R<CYS> 38.216000 17.756001 68.453003
c<I>r<17>R<THR> 36.917000 20.629999 70.525002
c<I>r<18>R<LEU> 36.040001 24.087000 69.306999
c<I>r<19>R<GLU> 38.938999 25.806999 71.184998
c<I>r<20>R<TYR> 40.521999 28.014999 68.442001
c<I>r<22>R<PRO> 45.612999 28.284000 65.316002
c<I>r<25>R<GLY> 51.070000 23.290001 59.037998
c<I>r<26>R<SER> 53.889999 22.639999 56.551998
c<I>r<27>R<ASP> 51.075001 22.472000 53.960999
c<I>r<28>R<ASN> 50.212002 26.152000 54.613998
c<I>r<29>R<LYS> 46.863998 25.235001 56.139000
c<I>r<30>R<THR> 45.980000 27.003000 59.375999
c<I>r<31>R<TYR> 44.609001 24.239000 61.571999
c<I>r<32>R<GLY> 42.123001 25.305000 64.220001
c<I>r<33>R<ASN> 43.851002 23.679001 67.153999
c<I>r<35>R<CYS> 43.778000 18.261000 67.892998
c<I>r<36>R<ASN> 42.915001 19.045000 64.293999
c<I>r<37>R<PHE> 46.590000 19.406000 63.381001
c<I>r<38>R<CYS> 47.673000 16.180000 65.051003
c<I>r<39>R<ASN> 44.800999 14.230000 63.500999
c<I>r<40>R<ALA> 46.030998 15.518000 60.105000
c<I>r<41>R<VAL> 49.612000 14.502000 60.958000
c<I>r<42>R<VAL> 48.407001 10.949000 61.539001
c<I>r<43>R<GLU> 46.237999 11.052000 58.366001
c<I>r<44>R<SER> 49.283001 12.221000 56.363998
c<I>r<47>R<THR> 54.474998 13.748000 56.182999
c<I>r<48>R<LEU> 52.827999 16.959999 57.667999
