c<E>r<1>R<ALA> 47.773998 27.591000 39.514000
c<E>r<2>R<GLN> 44.132000 27.788000 40.907001
c<E>r<3>R<THR> 41.448002 25.948000 38.875999
c<E>r<4>R<VAL> 37.962002 27.292000 38.761002
c<E>r<14>R<ASP> 31.760000 34.034000 41.452999
c<E>r<15>R<LYS> 29.721001 37.174000 41.016998
c<E>r<16>R<VAL> 28.783001 37.029999 44.667999
c<E>r<17>R<GLN> 32.256001 36.396000 45.804001
c<E>r<18>R<ALA> 33.337002 39.424999 43.792000
c<E>r<19>R<GLN> 30.804001 41.506001 45.785000
c<E>r<20>R<GLY> 32.938000 40.653000 48.862000
c<E>r<21>R<PHE> 30.705999 37.911999 50.308998
c<E>r<22>R<LYS> 32.464001 34.537998 50.659000
c<E>r<23>R<GLY> 30.759001 32.936001 53.636002
c<E>r<24>R<ALA> 33.032001 34.389000 56.342999
c<E>r<25>R<ASN> 31.816999 33.452999 59.778999
c<E>r<40>R<PRO> 46.362000 22.165001 51.685001
c<E>r<41>R<ASP> 43.341000 23.525999 50.001999
c<E>r<42>R<LEU> 40.967999 22.906000 52.958000
c<E>r<43>R<ASN> 40.791000 24.455000 56.453999
c<E>r<73>R<ALA> 34.870998 25.573000 50.612999
c<E>r<74>R<ALA> 38.174999 24.903999 48.938000
c<E>r<75>R<LEU> 40.368999 27.913000 49.865002
c<E>r<76>R<ASP> 40.547001 30.827999 47.528999
c<E>r<77>R<ASN> 44.266998 30.966999 46.964001
c<E>r<78>R<THR> 46.813999 30.166000 44.321999
c<E>r<79>R<THR> 46.502998 26.488001 44.165001
c<E>r<80>R<GLY> 44.058998 23.599001 43.751999
c<E>r<81>R<VAL> 40.362999 24.552000 43.284000
c<E>r<82>R<LEU> 37.957001 27.252001 44.543999
c<E>r<86>R<PRO> 35.764000 29.764999 50.433998
c<E>r<87>R<SER> 35.757000 31.625000 53.805000
c<E>r<88>R<VAL> 33.203999 29.506001 55.646000
c<E>r<236>R<SER> 27.169001 36.087002 54.759998
c<E>r<237>R<LYS> 25.471001 38.800999 52.813999
c<I>r<12>R<PRO> 40.494999 39.755001 56.021000
c<I>r<13>R<LYS> 37.410000 42.012001 55.944000
c<I>r<14>R<PRO> 33.922001 40.617001 56.435001
c<I>r<15>R<ALA> 32.506001 42.442001 53.415001
c<I>r<16>R<CYS> 33.915001 43.790001 50.180000
c<I>r<17>R<THR> 32.497002 46.626999 48.134998
c<I>r<18>R<LEU> 31.284000 46.465000 44.570999
c<I>r<19>R<GLU> 34.126999 48.679001 43.189999
c<I>r<20>R<TYR> 35.388000 46.638000 40.166000
c<I>r<22>R<PRO> 40.276001 43.588001 38.564999
c<I>r<25>R<GLY> 45.791000 36.009998 41.074001
c<I>r<26>R<SER> 48.525002 33.369999 40.738998
c<I>r<27>R<ASP> 45.605000 30.912001 40.428001
c<I>r<28>R<ASN> 44.484001 32.605999 37.174999
c<I>r<29>R<LYS> 41.300999 33.893002 38.785000
c<I>r<30>R<THR> 40.443001 37.521000 38.085999
c<I>r<31>R<TYR> 39.410999 38.875000 41.470001
c<I>r<32>R<GLY> 36.985001 41.779999 41.422001
c<I>r<33>R<ASN> 38.984001 44.084999 43.641998
c<I>r<34>R<LYS> 41.738998 44.145000 46.216999
c<I>r<35>R<CYS> 39.382999 43.252998 49.033001
c<I>r<36>R<ASN> 38.279999 40.049999 47.351002
c<I>r<37>R<PHE> 41.862999 39.182999 46.414001
c<I>r<38>R<CYS> 43.284000 39.837002 49.866001
c<I>r<39>R<ASN> 40.502998 37.870998 51.556000
c<I>r<40>R<ALA> 41.452000 34.951000 49.258999
c<I>r<41>R<VAL> 45.140999 35.387001 50.143002
c<I>r<42>R<VAL> 44.257000 34.964001 53.810001
c<I>r<43>R<GLU> 41.928001 32.008999 53.018002
c<I>r<44>R<SER> 44.764000 30.344000 51.060001
c<I>r<45>R<ASN> 47.138000 30.532000 54.073002
c<I>r<46>R<GLY> 49.384998 32.810001 52.051998
c<I>r<47>R<THR> 49.801998 30.471001 49.077000
c<I>r<48>R<LEU> 47.979000 32.851002 46.576000
c<I>r<49>R<THR> 49.997002 35.816002 45.216999
c<I>r<50>R<LEU> 49.243999 38.597000 42.778999
c<I>r<51>R<SER> 50.344002 37.988998 39.222000
