c<A>r<1>R<SER> 0.666000 24.316999 0.382000
c<A>r<2>R<HIS> 3.635000 22.746000 1.854000
c<A>r<3>R<MET> 4.220000 19.804001 -0.236000
c<A>r<4>R<ILE> 6.237000 17.188999 1.490000
c<A>r<5>R<ASN> 9.877000 17.129000 0.425000
c<A>r<6>R<ALA> 10.206000 14.524000 -2.441000
c<A>r<7>R<GLN> 13.267000 13.029000 -0.811000
c<A>r<8>R<LEU> 11.484000 12.529000 2.474000
c<A>r<9>R<LEU> 8.558000 10.861000 0.643000
c<A>r<10>R<GLN> 10.975000 8.641000 -1.240000
c<A>r<11>R<SER> 12.530000 7.518000 2.061000
c<A>r<12>R<MET> 9.074000 6.747000 3.426000
c<A>r<13>R<VAL> 8.252000 4.614000 0.366000
c<A>r<14>R<ASP> 11.592000 2.893000 0.581000
c<A>r<15>R<ALA> 10.875000 1.904000 4.167000
c<A>r<16>R<SER> 7.261000 0.842000 3.728000
c<A>r<17>R<ASN> 6.210000 -2.605000 4.954000
c<A>r<18>R<ASP> 4.134000 -2.969000 1.791000
c<A>r<20>R<ILE> 5.787000 -0.975000 -3.797000
c<A>r<21>R<VAL> 6.955000 -0.960000 -7.394000
c<A>r<22>R<VAL> 7.027000 1.480000 -10.326000
c<A>r<33>R<ILE> 12.221000 0.678000 -12.843000
c<A>r<34>R<TYR> 11.768000 0.836000 -9.027000
c<A>r<35>R<VAL> 11.176000 -1.554000 -6.192000
c<A>r<79>R<ARG> -7.838000 2.471000 -15.342000
c<A>r<80>R<PRO> -6.712000 1.409000 -11.902000
c<A>r<81>R<CYS> -7.308000 -2.222000 -10.884000
c<A>r<82>R<ARG> -6.919000 -4.586000 -7.815000
c<A>r<100>R<SER> -3.103000 -2.667000 -6.685000
c<A>r<101>R<ILE> -2.121000 -1.134000 -10.012000
c<A>r<102>R<THR> -2.523000 2.486000 -10.985000
c<A>r<103>R<PRO> -1.741000 3.858000 -14.460000
c<A>r<104>R<VAL> -0.131000 7.259000 -14.510000
c<A>r<105>R<LYS> 0.399000 9.261000 -17.672001
c<A>r<106>R<SER> 3.337000 11.622000 -17.301001
c<A>r<108>R<PHE> 6.433000 15.677000 -18.618999
c<A>r<113>R<TYR> 3.944000 4.676000 -15.738000
c<A>r<114>R<PHE> 2.343000 2.223000 -13.288000
c<A>r<115>R<ILE> 2.567000 2.203000 -9.467000
c<A>r<116>R<GLY> 1.936000 -1.199000 -7.886000
c<A>r<117>R<ILE> 1.200000 -1.905000 -4.210000
c<A>r<124>R<GLN> -7.002000 -14.306000 3.733000
c<A>r<127>R<LEU> -9.693000 -18.521999 5.219000
c<A>r<128>R<GLU> -12.108000 -17.780001 2.416000
c<A>r<130>R<GLU> -12.175000 -22.846001 4.209000
c<A>r<131>R<LEU> -15.382000 -21.025999 4.484000
c<A>r<132>R<ALA> -16.500999 -21.971001 0.986000
c<A>r<134>R<LEU> -18.349001 -25.188999 4.782000
c<C>r<1>R<MET> 17.621000 4.986000 -8.164000
c<C>r<2>R<ILE> 14.362000 6.507000 -9.457000
c<C>r<3>R<ASN> 13.992000 10.272000 -9.578000
c<C>r<4>R<ALA> 12.319000 11.444000 -6.240000
c<C>r<5>R<GLN> 9.967000 13.706000 -8.135000
c<C>r<6>R<LEU> 8.802000 10.900000 -10.382000
c<C>r<7>R<LEU> 8.209000 8.680000 -7.316000
c<C>r<8>R<GLN> 6.295000 11.475000 -5.633000
c<C>r<9>R<SER> 4.029000 11.771000 -8.700000
c<C>r<10>R<MET> 3.439000 8.024000 -8.638000
c<C>r<11>R<VAL> 2.437000 8.158000 -4.957000
c<C>r<12>R<ASP> 0.229000 11.138000 -5.577000
c<C>r<13>R<ALA> -1.644000 9.233000 -8.260000
c<C>r<14>R<SER> -1.955000 5.927000 -6.438000
c<C>r<15>R<ASN> -5.415000 4.387000 -6.096000
c<C>r<16>R<ASP> -4.500000 3.416000 -2.531000
c<C>r<18>R<ILE> -1.224000 6.917000 1.343000
c<C>r<19>R<VAL> -0.333000 9.207000 4.216000
c<C>r<20>R<VAL> 2.820000 10.368000 6.024000
c<C>r<31>R<ILE> 2.024000 16.058001 6.998000
c<C>r<32>R<TYR> 1.111000 14.375000 3.660000
c<C>r<33>R<VAL> -1.897000 12.772000 2.075000
c<C>r<45>R<ARG> -6.367000 17.705999 2.031000
c<C>r<46>R<ASP> -6.678000 20.990999 4.004000
c<C>r<77>R<ARG> 7.535000 -1.933000 14.566000
c<C>r<78>R<PRO> 5.330000 -2.061000 11.515000
c<C>r<79>R<CYS> 1.683000 -3.120000 11.985000
c<C>r<80>R<ARG> -1.497000 -3.901000 9.905000
c<C>r<98>R<SER> -0.596000 -0.573000 7.119000
c<C>r<99>R<ILE> 1.665000 1.519000 9.305000
c<C>r<100>R<THR> 5.436000 1.633000 9.099000
c<C>r<101>R<PRO> 7.624000 3.587000 11.538000
c<C>r<102>R<VAL> 10.602000 5.278000 9.998000
c<C>r<103>R<LYS> 13.331000 6.920000 12.017000
c<C>r<104>R<SER> 15.004000 9.674000 10.034000
c<C>r<106>R<PHE> 18.743999 13.249000 8.954000
c<C>r<111>R<TYR> 7.906000 9.411000 10.726000
c<C>r<112>R<PHE> 5.113000 6.972000 9.818000
c<C>r<113>R<ILE> 3.936000 5.922000 6.342000
c<C>r<114>R<GLY> 0.363000 4.628000 6.230000
c<C>r<115>R<ILE> -1.274000 2.694000 3.386000
c<C>r<122>R<GLN> -14.055000 -8.244000 2.766000
c<C>r<125>R<LEU> -18.061001 -11.483000 3.574000
c<C>r<126>R<GLU> -16.180000 -12.792000 6.549000
c<C>r<128>R<GLU> -21.479000 -13.772000 6.597000
c<C>r<129>R<LEU> -19.327999 -16.753000 6.556000
c<C>r<130>R<ALA> -18.936001 -16.785999 10.316000
c<C>r<132>R<LEU> -22.910999 -19.666000 8.329000
c<C>r<133>R<ARG> -20.558001 -21.653999 10.375000
