c<A>r<18>R<ASN> -11.918000 3.160000 -8.632000
c<A>r<19>R<GLN> -10.830000 0.192000 -6.424000
c<A>r<20>R<GLY> -14.278000 -0.095000 -4.759000
c<A>r<21>R<GLN> -14.073000 -2.327000 -1.631000
c<A>r<22>R<CYS> -10.703000 -4.015000 -2.521000
c<A>r<23>R<GLY> -7.058000 -3.034000 -1.578000
c<A>r<24>R<SER> -5.265000 -0.055000 -3.277000
c<A>r<25>R<TRP> -1.690000 -1.387000 -3.799000
c<A>r<26>R<ALA> -2.478000 -2.787000 -7.300000
c<A>r<28>R<SER> -0.433000 2.317000 -7.310000
c<A>r<61>R<ASN> 0.385000 -9.996000 -2.042000
c<A>r<62>R<GLU> -2.962000 -10.897000 -0.368000
c<A>r<63>R<GLY> -5.382000 -9.883000 -3.171000
c<A>r<64>R<CYS> -8.129000 -7.607000 -1.809000
c<A>r<65>R<ASN> -6.676000 -7.868000 1.778000
c<A>r<66>R<GLY> -3.597000 -5.763000 0.855000
c<A>r<67>R<GLY> -0.185000 -5.951000 -0.808000
c<A>r<68>R<LEU> 3.023000 -4.118000 -1.755000
c<A>r<69>R<MET> 3.764000 -2.303000 -5.025000
c<A>r<133>R<VAL> 4.100000 5.555000 -2.602000
c<A>r<134>R<ALA> 2.392000 4.430000 0.599000
c<A>r<135>R<ILE> 0.605000 6.994000 2.841000
c<A>r<136>R<ASP> -1.243000 7.034000 6.167000
c<A>r<137>R<ALA> -4.846000 7.481000 4.930000
c<A>r<138>R<GLY> -6.481000 6.076000 8.150000
c<A>r<139>R<HIS> -7.975000 9.506000 9.087000
c<A>r<140>R<GLU> -11.511000 10.866000 8.528000
c<A>r<143>R<LEU> -11.789000 10.356000 3.559000
c<A>r<144>R<PHE> -13.538000 13.788000 3.599000
c<A>r<145>R<TYR> -10.815000 15.550000 1.509000
c<A>r<158>R<GLU> 5.705000 5.004000 9.954000
c<A>r<159>R<ASP> 2.179000 3.399000 9.729000
c<A>r<160>R<MET> 1.205000 3.763000 6.039000
c<A>r<161>R<ASP> -2.010000 1.862000 5.119000
c<A>r<162>R<HIS> -2.836000 3.059000 1.547000
c<A>r<163>R<GLY> -1.015000 2.798000 -1.824000
c<A>r<164>R<VAL> -1.180000 5.892000 -4.109000
c<A>r<186>R<ASN> -5.807000 8.156000 -5.743000
c<A>r<187>R<SER> -7.937000 5.081000 -6.732000
c<A>r<188>R<TRP> -11.330000 6.132000 -5.184000
c<A>r<189>R<GLY> -13.028000 7.480000 -8.350000
c<A>r<191>R<GLU> -15.955000 11.971000 -7.084000
c<A>r<192>R<TRP> -13.336000 11.903000 -4.275000
c<A>r<213>R<ALA> 7.901000 3.483000 1.045000
c<D>r<1>R<MET> 2.532000 -1.870000 7.012000
c<D>r<2>R<ILE> 0.429000 -3.421000 4.194000
c<D>r<3>R<PRO> -1.111000 -0.846000 1.776000
c<D>r<4>R<GLY> -4.838000 -1.592000 1.378000
c<D>r<5>R<GLY> -4.588000 -4.146000 4.265000
c<D>r<6>R<LEU> -6.220000 -4.653000 7.672000
c<D>r<7>R<SER> -5.206000 -2.494000 10.641000
c<D>r<45>R<THR> -10.307000 -1.358000 9.639000
c<D>r<46>R<GLN> -9.223000 -1.417000 5.997000
c<D>r<47>R<VAL> -8.886000 1.775000 3.938000
c<D>r<48>R<VAL> -10.604000 1.335000 0.522000
c<D>r<49>R<ALA> -12.893000 3.634000 -1.567000
c<D>r<50>R<GLY> -14.618000 4.064000 1.843000
c<D>r<51>R<THR> -13.844000 1.890000 4.912000
c<D>r<52>R<ASN> -14.277000 -1.811000 5.576000
c<D>r<70>R<PHE> -18.643000 -1.208000 4.496000
c<D>r<71>R<LYS> -18.882000 2.561000 5.174000
c<D>r<72>R<SER> -19.158001 4.536000 1.911000
c<D>r<73>R<LEU> -17.289000 7.752000 1.037000
c<D>r<74>R<PRO> -18.868000 11.056000 2.227000
c<D>r<75>R<GLY> -21.795000 12.061000 -0.046000
c<D>r<76>R<GLN> -22.351000 8.581000 -1.574000
c<D>r<83>R<THR> -21.083000 -7.001000 3.139000
c<D>r<96>R<THR> -9.241000 -11.885000 9.390000
c<D>r<97>R<GLY> -10.111000 -10.687000 5.861000
c<D>r<98>R<PHE> -13.245000 -12.418000 4.434000
