1764464344268 62.0 2141
1764464344283 62.0 2141
1764464381551 63.0 2175
1764464381565 63.0 2175
1764464418134 64.0 2209
1764464418143 64.0 2209
1764464455116 65.0 2243
1764464455131 65.0 2243
1764464492313 66.0 2277
1764464492317 66.0 2277
1764464529599 67.0 2311
1764464529608 67.0 2311
1764464566577 68.0 2345
1764464566581 68.0 2345
1764464603471 69.0 2379
1764464603482 69.0 2379
1764464640387 70.0 2413
1764464640398 70.0 2413
1764464677985 71.0 2447
1764464677989 71.0 2447
1764464715256 72.0 2481
1764464715260 72.0 2481
1764464751983 73.0 2515
1764464751987 73.0 2515
1764464789026 74.0 2549
1764464789030 74.0 2549
1764464826293 75.0 2583
1764464826297 75.0 2583
1764464863996 76.0 2617
1764464864000 76.0 2617
1764464901434 77.0 2651
1764464901438 77.0 2651
1764464938238 78.0 2685
1764464938242 78.0 2685
1764464975259 79.0 2719
1764464975263 79.0 2719
1764465012358 80.0 2753
1764465012362 80.0 2753
1764465049465 81.0 2787
1764465049469 81.0 2787
1764465086591 82.0 2821
1764465086595 82.0 2821
1764465123800 83.0 2855
1764465123804 83.0 2855
1764465161120 84.0 2889
1764465161124 84.0 2889
1764465198121 85.0 2923
1764465198125 85.0 2923
1764465204789 86.0 2924
