c<P>r<2>R<TYR> 6.831000 -1.814000 37.477001
c<P>r<3>R<ALA> 3.609000 -0.049000 38.481998
c<P>r<4>R<PRO> 4.276000 3.214000 40.348000
c<P>r<5>R<GLN> 1.366000 2.667000 42.734001
c<P>r<6>R<THR> 0.411000 6.336000 42.609001
c<P>r<7>R<GLN> -3.198000 7.292000 42.831001
c<P>r<8>R<SER> -4.953000 6.617000 39.606998
c<P>r<9>R<GLY> -4.444000 9.428000 37.257000
c<P>r<10>R<ARG> -1.283000 10.802000 38.945999
c<P>r<11>R<THR> 1.687000 10.388000 36.667999
c<P>r<205>R<GLY> 20.018000 -11.843000 41.060001
c<P>r<208>R<LYS> 16.038000 -10.156000 43.089001
c<P>r<211>R<LEU> 13.049000 -8.078000 46.507999
c<P>r<212>R<ASP> 11.500000 -11.522000 46.844002
c<P>r<216>R<ASN> 2.954000 -6.138000 50.027000
c<P>r<217>R<LEU> 2.043000 -2.439000 50.500000
c<P>r<222>R<PHE> -3.156000 0.489000 48.807999
c<P>r<223>R<PRO> -5.194000 -2.357000 47.342999
c<P>r<224>R<ALA> -4.443000 -5.806000 48.681999
c<P>r<225>R<GLY> -1.698000 -7.608000 46.834000
c<P>r<226>R<SER> 0.160000 -4.455000 45.813999
c<P>r<227>R<ARG> 3.858000 -4.844000 45.180000
c<P>r<228>R<PRO> 6.344000 -2.041000 45.875000
c<P>r<229>R<PHE> 7.429000 0.089000 42.931000
c<P>r<245>R<SER> 18.421000 -4.575000 30.424000
c<P>r<247>R<TYR> 17.910000 -5.408000 35.550999
c<P>r<248>R<PHE> 14.511000 -5.494000 33.828999
c<P>r<249>R<GLY> 13.375000 -8.591000 35.687000
c<P>r<250>R<ASN> 13.470000 -6.696000 38.987999
c<P>r<251>R<GLY> 11.629000 -3.490000 38.193001
c<P>r<252>R<ARG> 12.119000 -0.273000 36.259998
c<P>r<279>R<ASN> 10.975000 9.348000 17.080999
c<P>r<280>R<TRP> 11.951000 9.972000 20.705000
c<P>r<281>R<GLY> 11.825000 6.909000 22.934000
c<P>r<282>R<GLU> 12.856000 3.500000 21.719999
c<P>r<283>R<GLY> 13.705000 5.126000 18.337999
c<P>r<286>R<PHE> 16.215000 3.757000 24.820000
c<P>r<287>R<MET> 14.852000 0.938000 26.957001
c<P>r<288>R<PRO> 11.178000 0.004000 26.687000
c<P>r<289>R<SER> 8.903000 2.725000 27.961000
c<P>r<290>R<ASP> 7.331000 0.311000 30.476000
c<P>r<291>R<ARG> 10.721000 -0.248000 32.068001
c<P>r<292>R<ALA> 11.900000 3.364000 32.209999
c<P>r<332>R<PRO> 4.282000 9.517000 26.584000
c<P>r<333>R<TYR> 7.665000 7.719000 27.055000
c<P>r<334>R<GLY> 8.533000 6.602000 30.566999
c<P>r<335>R<PHE> 7.457000 7.314000 34.105000
c<P>r<401>R<VAL> -3.494000 13.349000 28.794001
c<P>r<402>R<ASP> -2.696000 9.997000 30.457001
c<P>r<403>R<GLY> -3.383000 7.104000 28.132000
c<P>r<404>R<GLN> -3.624000 9.236000 24.955999
c<P>r<405>R<PRO> -1.267000 8.449000 22.128000
c<P>r<406>R<PHE> 1.465000 10.546000 20.590000
c<P>r<407>R<ALA> -0.175000 12.358000 17.648001
c<P>r<421>R<ARG> -1.662000 13.515000 23.023001
c<P>r<422>R<GLY> -4.757000 12.140000 21.350000
c<T>r<1>R<ASP> -2.845000 2.873000 39.563999
c<T>r<2>R<THR> -4.229000 -0.314000 41.180000
c<T>r<3>R<THR> -2.325000 -3.510000 41.960999
c<T>r<4>R<VAL> -5.248000 -5.862000 42.604000
c<T>r<5>R<SER> -3.965000 -8.351000 40.055000
c<T>r<6>R<GLU> -1.142000 -10.503000 41.331001
c<T>r<7>R<PRO> 2.248000 -9.642000 39.707001
c<T>r<9>R<PRO> 7.111000 -13.718000 38.955002
c<T>r<10>R<SER> 10.059000 -11.391000 38.623001
c<T>r<11>R<CYS> 11.763000 -13.802000 36.195000
c<T>r<12>R<VAL> 9.174000 -12.613000 33.650002
c<T>r<13>R<THR> 10.119000 -9.189000 32.349998
c<T>r<14>R<LEU> 7.969000 -6.630000 30.672001
c<T>r<15>R<TYR> 9.053000 -4.570000 27.673000
c<T>r<16>R<GLN> 6.865000 -1.933000 25.987000
c<T>r<17>R<SER> 7.782000 0.046000 22.878000
c<T>r<18>R<TRP> 5.512000 2.494000 21.103001
c<T>r<19>R<ARG> 4.015000 -0.463000 19.266001
c<T>r<20>R<TYR> 4.354000 -3.655000 21.379000
c<T>r<21>R<SER> 4.011000 -4.893000 24.969000
c<T>r<22>R<GLN> 6.079000 -8.047000 25.322001
c<T>r<24>R<ASP> 9.914000 -12.341000 28.284000
c<T>r<25>R<ASN> 9.857000 -15.521000 30.362000
c<T>r<26>R<GLY> 13.202000 -16.221001 32.036999
c<T>r<36>R<VAL> -1.864000 -4.251000 33.411999
c<T>r<37>R<TYR> -2.149000 -0.839000 31.746000
c<T>r<38>R<GLU> -2.006000 2.593000 33.365002
c<T>r<39>R<ASP> -5.783000 2.939000 32.965000
c<T>r<40>R<ASP> -6.241000 -0.164000 35.196999
c<T>r<59>R<GLY> 2.343000 -0.336000 22.565001
c<T>r<60>R<TYR> 2.250000 2.900000 24.555000
c<T>r<61>R<ILE> 0.779000 4.804000 21.568001
c<T>r<62>R<GLY> -2.496000 3.074000 22.368000
c<T>r<63>R<SER> -5.440000 4.330000 24.327000
c<T>r<64>R<HIS> -4.556000 2.244000 27.368999
c<T>r<65>R<GLY> -1.191000 3.958000 27.604000
c<T>r<66>R<HIS> 1.839000 2.660000 29.400999
c<T>r<67>R<ALA> 2.063000 -0.929000 30.556000
c<T>r<68>R<ARG> 2.682000 -0.875000 34.269001
c<T>r<69>R<TYR> 3.413000 -4.524000 35.057999
c<T>r<70>R<LEU> 2.639000 -8.070000 34.039001
