c<P>r<2>R<TYR> 6.831000 -1.814000 37.477001
c<P>r<3>R<ALA> 3.609000 -0.049000 38.481998
c<P>r<4>R<PRO> 4.276000 3.214000 40.348000
c<P>r<208>R<LYS> 16.038000 -10.156000 43.089001
c<P>r<212>R<ASP> 11.500000 -11.522000 46.844002
c<P>r<216>R<ASN> 2.954000 -6.138000 50.027000
c<P>r<225>R<GLY> -1.698000 -7.608000 46.834000
c<P>r<226>R<SER> 0.160000 -4.455000 45.813999
c<P>r<227>R<ARG> 3.858000 -4.844000 45.180000
c<P>r<228>R<PRO> 6.344000 -2.041000 45.875000
c<P>r<229>R<PHE> 7.429000 0.089000 42.931000
c<P>r<245>R<SER> 18.421000 -4.575000 30.424000
c<P>r<246>R<GLU> 20.173000 -6.920000 32.884998
c<P>r<247>R<TYR> 17.910000 -5.408000 35.550999
c<P>r<248>R<PHE> 14.511000 -5.494000 33.828999
c<P>r<249>R<GLY> 13.375000 -8.591000 35.687000
c<P>r<250>R<ASN> 13.470000 -6.696000 38.987999
c<P>r<251>R<GLY> 11.629000 -3.490000 38.193001
c<P>r<252>R<ARG> 12.119000 -0.273000 36.259998
c<P>r<279>R<ASN> 10.975000 9.348000 17.080999
c<P>r<280>R<TRP> 11.951000 9.972000 20.705000
c<P>r<281>R<GLY> 11.825000 6.909000 22.934000
c<P>r<282>R<GLU> 12.856000 3.500000 21.719999
c<P>r<283>R<GLY> 13.705000 5.126000 18.337999
c<P>r<284>R<TRP> 16.618000 6.765000 20.073999
c<P>r<285>R<GLY> 17.775999 3.367000 21.378000
c<P>r<286>R<PHE> 16.215000 3.757000 24.820000
c<P>r<287>R<MET> 14.852000 0.938000 26.957001
c<P>r<288>R<PRO> 11.178000 0.004000 26.687000
c<P>r<289>R<SER> 8.903000 2.725000 27.961000
c<P>r<290>R<ASP> 7.331000 0.311000 30.476000
c<P>r<291>R<ARG> 10.721000 -0.248000 32.068001
c<P>r<292>R<ALA> 11.900000 3.364000 32.209999
c<P>r<331>R<HIS> 5.774000 12.944000 25.747999
c<P>r<332>R<PRO> 4.282000 9.517000 26.584000
c<P>r<333>R<TYR> 7.665000 7.719000 27.055000
c<P>r<334>R<GLY> 8.533000 6.602000 30.566999
c<P>r<335>R<PHE> 7.457000 7.314000 34.105000
c<P>r<401>R<VAL> -3.494000 13.349000 28.794001
c<P>r<402>R<ASP> -2.696000 9.997000 30.457001
c<P>r<403>R<GLY> -3.383000 7.104000 28.132000
c<P>r<404>R<GLN> -3.624000 9.236000 24.955999
c<P>r<405>R<PRO> -1.267000 8.449000 22.128000
c<P>r<406>R<PHE> 1.465000 10.546000 20.590000
c<P>r<407>R<ALA> -0.175000 12.358000 17.648001
c<P>r<408>R<ASN> -0.035000 15.271000 15.250000
c<P>r<420>R<GLY> -0.254000 16.236000 20.802000
c<P>r<421>R<ARG> -1.662000 13.515000 23.023001
c<P>r<422>R<GLY> -4.757000 12.140000 21.350000
c<P>r<423>R<ASN> -7.571000 14.696000 21.613001
c<T>r<1>R<ASP> 18.875000 -12.013000 28.518000
c<T>r<2>R<THR> 18.306000 -11.782000 24.735001
c<T>r<3>R<THR> 16.860001 -8.846000 22.802000
c<T>r<6>R<GLU> 12.036000 -5.828000 18.521999
c<T>r<7>R<PRO> 11.057000 -3.542000 21.469000
c<T>r<8>R<ALA> 7.693000 -1.894000 21.392000
c<T>r<9>R<PRO> 7.674000 1.856000 20.973000
c<T>r<10>R<SER> 8.636000 3.694000 24.121000
c<T>r<11>R<CYS> 5.140000 5.220000 24.370001
c<T>r<12>R<VAL> 4.014000 1.739000 25.469000
c<T>r<13>R<THR> 5.006000 1.137000 29.069000
c<T>r<14>R<LEU> 5.370000 -2.102000 30.903000
c<T>r<15>R<TYR> 4.179000 -2.683000 34.460999
c<T>r<16>R<GLN> 4.587000 -5.982000 36.340000
c<T>r<17>R<SER> 3.270000 -6.723000 39.824001
c<T>r<18>R<TRP> 3.498000 -10.065000 41.576000
c<T>r<19>R<ARG> 0.342000 -11.072000 39.736000
c<T>r<20>R<TYR> 0.053000 -9.135000 36.429001
c<T>r<21>R<SER> 2.165000 -7.958000 33.480999
c<T>r<22>R<GLN> 0.395000 -5.018000 31.875000
c<T>r<23>R<ALA> 1.013000 -2.932000 28.771000
c<T>r<24>R<ASP> -0.116000 0.666000 28.816999
c<T>r<25>R<ASN> -0.400000 2.232000 25.367001
c<T>r<26>R<GLY> 0.287000 5.976000 25.412001
c<T>r<27>R<CYS> 0.951000 6.031000 21.664000
c<T>r<28>R<ALA> -1.382000 7.530000 19.038000
c<T>r<29>R<GLU> -1.929000 4.175000 17.347000
c<T>r<30>R<THR> -2.930000 0.674000 18.433001
c<T>r<36>R<VAL> 9.613000 -10.840000 26.968000
c<T>r<37>R<TYR> 10.387000 -12.658000 30.223000
c<T>r<38>R<GLU> 13.744000 -13.084000 31.944000
c<T>r<39>R<ASP> 13.879000 -16.714001 30.783001
c<T>r<49>R<ALA> -5.595000 0.487000 21.947001
c<T>r<50>R<PRO> -4.418000 4.053000 22.546000
c<T>r<51>R<GLY> -5.201000 4.952000 26.139999
c<T>r<52>R<GLN> -5.708000 1.369000 27.240999
c<T>r<53>R<ILE> -3.900000 -0.644000 29.943001
c<T>r<60>R<TYR> 6.686000 -12.062000 38.647999
c<T>r<61>R<ILE> 5.573000 -14.893000 40.986000
c<T>r<64>R<HIS> 8.950000 -17.121000 33.754002
c<T>r<65>R<GLY> 9.962000 -14.545000 36.334000
c<T>r<66>R<HIS> 10.402000 -10.864000 35.738998
c<T>r<67>R<ALA> 9.121000 -9.205000 32.598000
c<T>r<68>R<ARG> 12.053000 -7.519000 30.945000
c<T>r<69>R<TYR> 10.413000 -5.498000 28.171000
c<T>r<70>R<LEU> 7.500000 -5.420000 25.778000
c<T>r<71>R<ALA> 8.260000 -6.465000 22.212999
