c<P>r<2>R<TYR> 6.831000 -1.814000 37.477001
c<P>r<3>R<ALA> 3.609000 -0.049000 38.481998
c<P>r<4>R<PRO> 4.276000 3.214000 40.348000
c<P>r<5>R<GLN> 1.366000 2.667000 42.734001
c<P>r<6>R<THR> 0.411000 6.336000 42.609001
c<P>r<8>R<SER> -4.953000 6.617000 39.606998
c<P>r<9>R<GLY> -4.444000 9.428000 37.257000
c<P>r<10>R<ARG> -1.283000 10.802000 38.945999
c<P>r<11>R<THR> 1.687000 10.388000 36.667999
c<P>r<278>R<LYS> 10.010000 12.968000 16.261999
c<P>r<279>R<ASN> 10.975000 9.348000 17.080999
c<P>r<280>R<TRP> 11.951000 9.972000 20.705000
c<P>r<281>R<GLY> 11.825000 6.909000 22.934000
c<P>r<282>R<GLU> 12.856000 3.500000 21.719999
c<P>r<283>R<GLY> 13.705000 5.126000 18.337999
c<P>r<284>R<TRP> 16.618000 6.765000 20.073999
c<P>r<285>R<GLY> 17.775999 3.367000 21.378000
c<P>r<288>R<PRO> 11.178000 0.004000 26.687000
c<P>r<289>R<SER> 8.903000 2.725000 27.961000
c<P>r<290>R<ASP> 7.331000 0.311000 30.476000
c<P>r<291>R<ARG> 10.721000 -0.248000 32.068001
c<P>r<292>R<ALA> 11.900000 3.364000 32.209999
c<P>r<331>R<HIS> 5.774000 12.944000 25.747999
c<P>r<332>R<PRO> 4.282000 9.517000 26.584000
c<P>r<333>R<TYR> 7.665000 7.719000 27.055000
c<P>r<334>R<GLY> 8.533000 6.602000 30.566999
c<P>r<335>R<PHE> 7.457000 7.314000 34.105000
c<P>r<399>R<ASN> -2.267000 13.625000 34.205002
c<P>r<401>R<VAL> -3.494000 13.349000 28.794001
c<P>r<402>R<ASP> -2.696000 9.997000 30.457001
c<P>r<403>R<GLY> -3.383000 7.104000 28.132000
c<P>r<404>R<GLN> -3.624000 9.236000 24.955999
c<P>r<405>R<PRO> -1.267000 8.449000 22.128000
c<P>r<406>R<PHE> 1.465000 10.546000 20.590000
c<P>r<407>R<ALA> -0.175000 12.358000 17.648001
c<P>r<421>R<ARG> -1.662000 13.515000 23.023001
c<P>r<422>R<GLY> -4.757000 12.140000 21.350000
c<T>r<13>R<THR> 6.683000 -4.532000 20.157000
c<T>r<14>R<LEU> 4.074000 -3.811000 22.737000
c<T>r<15>R<TYR> 4.728000 -1.906000 25.955999
c<T>r<16>R<GLN> 2.066000 -1.206000 28.603001
c<T>r<17>R<SER> 2.571000 0.842000 31.761000
c<T>r<18>R<TRP> -0.136000 1.703000 34.257000
c<T>r<19>R<ARG> -1.048000 4.628000 32.027000
c<T>r<20>R<TYR> -0.092000 3.873000 28.382000
c<T>r<21>R<SER> -0.174000 1.059000 25.811001
c<T>r<22>R<GLN> 2.463000 1.793000 23.191000
c<T>r<23>R<ALA> 3.458000 0.172000 19.912001
c<T>r<24>R<ASP> 7.065000 0.433000 18.844999
c<T>r<25>R<ASN> 7.629000 -0.267000 15.153000
c<T>r<26>R<GLY> 11.056000 -1.776000 14.469000
c<T>r<46>R<TYR> -3.016000 3.303000 14.407000
c<T>r<49>R<ALA> 5.936000 4.499000 11.134000
c<T>r<50>R<PRO> 9.263000 2.659000 11.130000
c<T>r<51>R<GLY> 11.253000 3.839000 14.127000
c<T>r<52>R<GLN> 8.267000 5.343000 15.896000
c<T>r<53>R<ILE> 6.805000 4.554000 19.340000
c<T>r<54>R<THR> 3.094000 5.522000 19.410999
c<T>r<55>R<THR> 0.510000 5.437000 22.202000
c<T>r<56>R<VAL> -2.228000 3.119000 20.945000
c<T>r<57>R<GLY> -4.328000 2.365000 24.010000
c<T>r<58>R<ASP> -5.000000 2.501000 27.702000
c<T>r<59>R<GLY> -2.696000 1.654000 30.565001
c<T>r<60>R<TYR> -3.397000 -1.408000 32.703999
c<T>r<61>R<ILE> -5.221000 0.722000 35.320999
c<T>r<62>R<GLY> -8.100000 0.872000 32.861000
