c<P>r<66>R<SER> 22.850000 1.529000 60.442001
c<P>r<67>R<TYR> 19.247999 1.112000 59.299999
c<P>r<68>R<LYS> 17.872000 3.319000 62.132999
c<P>r<69>R<LEU> 15.598000 5.992000 60.700001
c<P>r<76>R<GLU> 11.520000 7.839000 62.987999
c<P>r<77>R<ASN> 8.514000 9.591000 64.467003
c<P>r<117>R<SER> 25.509001 4.660000 66.724998
c<P>r<126>R<PHE> 28.459999 -1.980000 62.466000
c<P>r<127>R<PRO> 26.933001 -3.214000 65.674004
c<P>r<128>R<ALA> 23.693001 -1.318000 65.253998
c<P>r<129>R<VAL> 22.697001 -3.540000 62.304001
c<P>r<130>R<PRO> 24.627001 -5.765000 63.119999
c<P>r<131>R<TYR> 27.278999 -6.422000 60.500000
c<P>r<173>R<ASP> 21.253000 -14.635000 53.007000
c<P>r<174>R<TYR> 22.204000 -12.902000 56.280998
c<P>r<175>R<VAL> 22.958000 -9.649000 54.423000
c<P>r<176>R<ARG> 19.962000 -9.976000 52.125999
c<P>r<177>R<SER> 17.771999 -10.467000 55.231998
c<P>r<178>R<MET> 19.190001 -7.450000 57.050999
c<P>r<179>R<ILE> 18.407000 -5.323000 53.994999
c<P>r<180>R<ALA> 14.937000 -6.806000 53.568001
c<P>r<181>R<ASP> 14.120000 -6.205000 57.210999
c<P>r<182>R<TYR> 14.906000 -2.512000 56.708000
c<P>r<183>R<LEU> 12.907000 -2.237000 53.513000
c<P>r<184>R<ASN> 9.959000 -4.138000 55.056999
c<P>r<185>R<LYS> 9.888000 -1.793000 58.040001
c<P>r<186>R<LEU> 9.556000 1.062000 55.540001
c<P>r<187>R<ILE> 6.836000 -0.726000 53.557999
c<P>r<188>R<ASP> 4.834000 -1.383000 56.696999
c<P>r<189>R<ILE> 5.150000 2.308000 57.652000
c<P>r<190>R<GLY> 3.482000 3.072000 54.306999
c<P>r<211>R<LEU> 13.049000 -8.078000 46.507999
c<P>r<212>R<ASP> 11.500000 -11.522000 46.844002
c<P>r<213>R<LYS> 11.464000 -11.004000 50.637001
c<P>r<214>R<LEU> 9.403000 -7.810000 50.453999
c<P>r<215>R<HIS> 5.981000 -7.274000 51.918999
c<P>r<216>R<ASN> 2.954000 -6.138000 50.027000
c<P>r<217>R<LEU> 2.043000 -2.439000 50.500000
c<P>r<218>R<ASN> 0.041000 -1.272000 53.504002
c<P>r<219>R<THR> -3.650000 -1.797000 52.883999
c<P>r<220>R<ASN> -4.621000 1.347000 54.768002
c<T>r<17>R<SER> 0.720000 -6.263000 63.660999
c<T>r<18>R<TRP> 0.181000 -6.877000 59.970001
c<T>r<19>R<ARG> 2.469000 -3.931000 59.303001
c<T>r<20>R<TYR> 4.945000 -3.481000 62.208000
c<T>r<21>R<SER> 7.171000 -5.501000 64.554001
c<T>r<22>R<GLN> 7.815000 -3.407000 67.643997
c<T>r<32>R<THR> 19.818001 -3.926000 71.793999
c<T>r<33>R<VAL> 17.372000 -6.229000 70.084000
c<T>r<34>R<LYS> 16.587000 -7.856000 66.766998
c<T>r<35>R<VAL> 13.542000 -9.721000 65.512001
c<T>r<37>R<TYR> 11.234000 -14.351000 62.215000
c<T>r<41>R<THR> 16.055000 -14.932000 59.473999
c<T>r<42>R<GLU> 16.594000 -11.944000 61.694000
c<T>r<43>R<GLY> 16.155001 -8.183000 61.459999
c<T>r<44>R<LEU> 18.643999 -5.441000 62.181000
c<T>r<45>R<CYS> 19.818001 -4.564000 65.697998
c<T>r<46>R<TYR> 18.121000 -1.618000 67.414001
c<T>r<47>R<ALA> 18.908001 0.058000 70.667000
c<T>r<54>R<THR> 10.486000 1.115000 68.652000
c<T>r<55>R<THR> 9.655000 -0.405000 65.264000
c<T>r<56>R<VAL> 12.295000 -3.082000 64.707001
c<T>r<57>R<GLY> 10.980000 -5.136000 61.805000
c<T>r<58>R<ASP> 8.319000 -6.081000 59.330002
c<T>r<59>R<GLY> 4.674000 -6.834000 59.937000
c<T>r<60>R<TYR> 3.379000 -10.376000 59.470001
c<T>r<61>R<ILE> 2.212000 -9.579000 55.903999
c<T>r<62>R<GLY> 5.867000 -9.739000 54.915001
c<T>r<63>R<SER> 7.806000 -12.573000 53.402000
c<T>r<64>R<HIS> 9.517000 -13.413000 56.681000
c<T>r<65>R<GLY> 6.158000 -14.009000 58.317001
c<T>r<73>R<CYS> 22.282000 -8.531000 69.898003
c<T>r<74>R<LEU> 25.694000 -9.293000 71.374001
