c<P>r<248>R<PHE> 14.511000 -5.494000 33.828999
c<P>r<278>R<LYS> 10.010000 12.968000 16.261999
c<P>r<279>R<ASN> 10.975000 9.348000 17.080999
c<P>r<280>R<TRP> 11.951000 9.972000 20.705000
c<P>r<281>R<GLY> 11.825000 6.909000 22.934000
c<P>r<282>R<GLU> 12.856000 3.500000 21.719999
c<P>r<283>R<GLY> 13.705000 5.126000 18.337999
c<P>r<286>R<PHE> 16.215000 3.757000 24.820000
c<P>r<287>R<MET> 14.852000 0.938000 26.957001
c<P>r<288>R<PRO> 11.178000 0.004000 26.687000
c<P>r<289>R<SER> 8.903000 2.725000 27.961000
c<P>r<290>R<ASP> 7.331000 0.311000 30.476000
c<P>r<291>R<ARG> 10.721000 -0.248000 32.068001
c<P>r<292>R<ALA> 11.900000 3.364000 32.209999
c<P>r<331>R<HIS> 5.774000 12.944000 25.747999
c<P>r<332>R<PRO> 4.282000 9.517000 26.584000
c<P>r<333>R<TYR> 7.665000 7.719000 27.055000
c<P>r<334>R<GLY> 8.533000 6.602000 30.566999
c<P>r<335>R<PHE> 7.457000 7.314000 34.105000
c<P>r<401>R<VAL> -3.494000 13.349000 28.794001
c<P>r<402>R<ASP> -2.696000 9.997000 30.457001
c<P>r<403>R<GLY> -3.383000 7.104000 28.132000
c<P>r<404>R<GLN> -3.624000 9.236000 24.955999
c<P>r<405>R<PRO> -1.267000 8.449000 22.128000
c<P>r<406>R<PHE> 1.465000 10.546000 20.590000
c<P>r<407>R<ALA> -0.175000 12.358000 17.648001
c<P>r<408>R<ASN> -0.035000 15.271000 15.250000
c<P>r<409>R<TRP> 3.717000 15.749000 15.152000
c<P>r<420>R<GLY> -0.254000 16.236000 20.802000
c<P>r<421>R<ARG> -1.662000 13.515000 23.023001
c<P>r<422>R<GLY> -4.757000 12.140000 21.350000
c<P>r<423>R<ASN> -7.571000 14.696000 21.613001
c<P>r<424>R<ARG> -6.612000 15.904000 25.083000
c<P>r<441>R<GLN> -3.406000 20.780001 13.663000
c<P>r<442>R<THR> -3.787000 20.291000 17.419001
c<P>r<443>R<GLY> -6.071000 17.257999 17.469999
c<P>r<444>R<LEU> -8.256000 19.120001 20.021999
c<P>r<445>R<PRO> -11.935000 20.059999 19.888000
c<P>r<446>R<GLY> -12.588000 23.610001 18.825001
c<P>r<472>R<ASP> -11.258000 21.688000 12.335000
c<P>r<473>R<GLY> -8.750000 21.527000 15.250000
c<T>r<1>R<ASP> -13.645000 14.959000 19.841999
c<T>r<2>R<THR> -14.696000 12.207000 22.292999
c<T>r<3>R<THR> -12.433000 10.158000 24.558001
c<T>r<5>R<SER> -12.420000 4.705000 24.406000
c<T>r<6>R<GLU> -9.652000 4.028000 26.878000
c<T>r<7>R<PRO> -6.217000 5.287000 25.658001
c<T>r<8>R<ALA> -3.524000 2.759000 25.028999
c<T>r<9>R<PRO> -0.574000 2.834000 27.382000
c<T>r<10>R<SER> 1.784000 5.694000 26.695999
c<T>r<11>R<CYS> 4.556000 3.252000 25.714001
c<T>r<12>R<VAL> 2.556000 2.724000 22.502001
c<T>r<13>R<THR> 3.058000 5.660000 20.171000
c<T>r<14>R<LEU> 0.942000 6.773000 17.295000
c<T>r<15>R<TYR> 2.327000 7.976000 13.970000
c<T>r<16>R<GLN> 0.161000 9.146000 11.050000
c<T>r<17>R<SER> 1.435000 10.190000 7.629000
c<T>r<21>R<SER> -1.609000 5.307000 10.771000
c<T>r<23>R<ALA> 1.186000 1.974000 16.233999
c<T>r<24>R<ASP> 4.638000 1.452000 17.658001
c<T>r<25>R<ASN> 4.707000 -0.748000 20.754999
c<T>r<26>R<GLY> 7.547000 0.164000 23.120001
c<T>r<27>R<CYS> 5.867000 -1.617000 26.034000
c<T>r<28>R<ALA> 7.028000 -4.921000 27.559999
c<T>r<29>R<GLU> 3.813000 -6.700000 26.604000
c<T>r<35>R<VAL> -7.150000 4.196000 16.004000
c<T>r<36>R<VAL> -9.537000 6.863000 17.169001
c<T>r<37>R<TYR> -10.088000 9.304000 14.297000
c<T>r<38>R<GLU> -11.127000 12.951000 14.472000
c<T>r<50>R<PRO> 6.740000 -5.460000 21.794001
c<T>r<51>R<GLY> 9.199000 -3.779000 19.457001
c<T>r<66>R<HIS> -6.463000 12.876000 11.515000
c<T>r<67>R<ALA> -5.795000 10.093000 13.980000
c<T>r<68>R<ARG> -6.226000 11.529000 17.434000
c<T>r<69>R<TYR> -4.969000 8.725000 19.677000
c<T>r<70>R<LEU> -4.659000 4.980000 19.981001
c<T>r<71>R<ALA> -7.218000 3.284000 22.207001
c<T>r<72>R<ARG> -6.747000 -0.079000 23.818001
