c<P>r<50>R<VAL> 28.907000 12.446000 59.679001
c<P>r<51>R<VAL> 31.457001 13.898000 57.280998
c<P>r<52>R<THR> 33.301998 16.909000 58.632999
c<P>r<53>R<ASN> 35.816002 17.388000 55.807999
c<P>r<54>R<PRO> 34.198002 18.944000 53.849998
c<P>r<55>R<SER> 31.488001 20.111000 56.175999
c<P>r<57>R<PRO> 28.253000 17.389999 52.209000
c<P>r<59>R<TRP> 26.858000 12.843000 49.896000
c<P>r<60>R<GLU> 27.393999 11.808000 53.487999
c<P>r<104>R<GLY> 33.848000 4.677000 53.507999
c<P>r<105>R<SER> 36.409000 1.997000 54.271999
c<P>r<106>R<GLY> 38.890999 4.682000 55.349998
c<P>r<107>R<ALA> 36.540001 6.324000 57.860001
c<P>r<108>R<ALA> 37.389000 6.683000 61.546001
c<P>r<143>R<THR> 41.657001 -6.102000 42.199001
c<P>r<144>R<ALA> 44.924999 -5.139000 43.895000
c<P>r<145>R<SER> 43.477001 -1.980000 45.339001
c<P>r<146>R<GLY> 40.139999 -3.405000 46.481998
c<P>r<147>R<GLY> 38.360001 -0.799000 44.411999
c<P>r<148>R<ILE> 36.847000 -0.688000 40.962002
c<P>r<149>R<GLU> 39.659000 -0.198000 38.493000
c<P>r<150>R<SER> 37.779999 -0.941000 35.272999
c<P>r<151>R<TYR> 34.108002 -0.581000 34.415001
c<P>r<152>R<ASN> 34.780998 -3.010000 31.556999
c<P>r<156>R<GLN> 34.806000 -5.787000 39.729000
c<P>r<157>R<VAL> 31.965000 -3.302000 39.337002
c<P>r<160>R<CYS> 34.800999 -4.230000 44.629002
c<P>r<161>R<GLN> 34.433998 -0.988000 46.445999
c<P>r<162>R<LEU> 32.688000 1.900000 44.744999
c<P>r<163>R<VAL> 34.728001 5.039000 45.688999
c<P>r<164>R<GLY> 36.077999 3.236000 48.721001
c<P>r<165>R<LEU> 32.716000 2.346000 50.224998
c<P>r<300>R<ASP> 24.139999 13.632000 40.980000
c<P>r<301>R<ASN> 24.346001 15.001000 37.472000
c<P>r<303>R<ARG> 26.247999 19.027000 40.028000
c<P>r<304>R<GLY> 28.563999 17.030001 37.790001
c<P>r<305>R<HIS> 28.514999 13.727000 39.716999
c<P>r<306>R<GLY> 27.349001 10.453000 38.040001
c<P>r<307>R<ALA> 26.847000 10.794000 34.236000
c<P>r<347>R<ASN> 32.949001 27.429001 41.583000
c<P>r<348>R<PHE> 34.227001 26.146000 38.300999
c<P>r<349>R<VAL> 37.935001 25.489000 38.004002
c<P>r<350>R<ASN> 38.966000 24.180000 34.630001
c<P>r<351>R<GLY> 35.358002 23.028000 34.070999
c<P>r<352>R<GLU> 35.000000 21.283001 37.452999
c<P>r<353>R<ASP> 32.721001 22.646999 40.175999
c<P>r<354>R<VAL> 34.974998 22.357000 43.245998
c<P>r<355>R<ASN> 31.948000 23.214001 45.362000
c<P>r<356>R<ASP> 29.941999 20.176001 44.118999
c<P>r<357>R<TRP> 29.941000 18.771000 47.683998
c<T>r<2>R<THR> 40.987999 30.711000 46.033001
c<T>r<3>R<THR> 39.994999 28.197001 43.360001
c<T>r<4>R<VAL> 42.915001 28.625999 40.955002
c<T>r<5>R<SER> 43.671001 24.917000 41.016998
c<T>r<6>R<GLU> 41.368000 22.868000 38.841999
c<T>r<7>R<PRO> 38.924000 20.693001 40.883999
c<T>r<8>R<ALA> 39.202000 16.968000 40.598000
c<T>r<9>R<PRO> 36.338001 15.200000 38.890999
c<T>r<10>R<SER> 33.271000 14.925000 41.066002
c<T>r<11>R<CYS> 33.594002 11.117000 41.139999
c<T>r<12>R<VAL> 36.533001 11.700000 43.509998
c<T>r<13>R<THR> 35.257000 12.576000 46.960999
c<T>r<14>R<LEU> 37.036999 14.293000 49.765999
c<T>r<15>R<TYR> 36.784000 13.249000 53.407001
c<T>r<16>R<GLN> 38.576000 15.030000 56.271000
c<T>r<17>R<SER> 38.537998 13.957000 59.914001
c<T>r<18>R<TRP> 40.494999 15.611000 62.694000
c<T>r<19>R<ARG> 43.451000 13.468000 61.680000
c<T>r<20>R<TYR> 43.215000 12.550000 57.955002
c<T>r<21>R<SER> 42.334999 14.069000 54.570999
c<T>r<22>R<GLN> 41.375000 11.245000 52.236000
c<T>r<23>R<ALA> 40.519001 11.035000 48.549000
c<T>r<24>R<ASP> 38.132000 8.332000 47.448002
c<T>r<25>R<ASN> 38.244999 7.606000 43.721001
c<T>r<26>R<GLY> 34.888000 6.424000 42.369999
c<T>r<27>R<CYS> 35.880001 7.270000 38.794998
c<T>r<28>R<ALA> 36.712002 4.717000 36.077999
c<T>r<29>R<GLU> 40.283001 5.965000 35.745998
c<T>r<30>R<THR> 43.183998 6.669000 38.096001
c<T>r<48>R<VAL> 44.465000 7.279000 43.522999
c<T>r<49>R<ALA> 43.321999 4.149000 41.717999
c<T>r<50>R<PRO> 39.679001 3.439000 40.893002
c<T>r<51>R<GLY> 38.028000 2.045000 44.002998
c<T>r<52>R<GLN> 40.757999 3.220000 46.341999
c<T>r<53>R<ILE> 40.558998 5.552000 49.367001
c<T>r<54>R<THR> 43.986000 7.165000 49.970001
c<T>r<55>R<THR> 45.231998 9.517000 52.688999
c<T>r<59>R<GLY> 43.415001 16.351999 59.361000
c<T>r<60>R<TYR> 41.661999 19.580999 60.328999
c<T>r<66>R<HIS> 39.998001 22.493999 56.799000
c<T>r<67>R<ALA> 40.393002 20.826000 53.432999
c<T>r<68>R<ARG> 38.250999 22.722000 50.985001
c<T>r<69>R<TYR> 38.390999 20.539000 47.873001
c<T>r<70>R<LEU> 40.556999 18.136000 45.937000
c<T>r<71>R<ALA> 42.326000 19.576000 42.908001
c<T>r<72>R<ARG> 43.588001 17.541000 40.009998
