c<A>r<32>R<PHE> 9.307000 -13.791000 24.087999
c<A>r<33>R<GLY> 11.525000 -15.807000 21.861000
c<A>r<34>R<LEU> 14.087000 -13.065000 21.865000
c<A>r<35>R<VAL> 16.606001 -15.003000 24.004000
c<A>r<36>R<GLY> 16.788000 -18.334999 25.679001
c<A>r<81>R<GLY> 15.877000 -19.493000 15.674000
c<A>r<82>R<ASP> 19.386000 -20.948000 15.266000
c<A>r<105>R<ARG> 19.434999 -17.313000 9.707000
c<A>r<106>R<GLU> 16.271999 -17.923000 11.689000
c<A>r<155>R<ASP> 15.103000 6.854000 -4.164000
c<A>r<157>R<LEU> 16.469999 7.970000 0.549000
c<A>r<158>R<ASN> 13.379000 5.897000 0.521000
c<A>r<160>R<ILE> 12.402000 0.748000 1.316000
c<A>r<163>R<LYS> 13.832000 -7.203000 3.541000
c<A>r<205>R<LEU> 2.657000 -7.569000 -4.908000
c<A>r<206>R<VAL> 0.153000 -8.385000 -2.124000
c<A>r<207>R<HIS> 0.230000 -5.564000 0.599000
c<A>r<208>R<SER> 0.820000 -2.237000 -1.036000
c<A>r<209>R<GLY> 4.546000 -2.191000 -0.526000
c<A>r<210>R<LEU> 4.394000 -3.296000 3.103000
c<A>r<211>R<GLU> 5.705000 -6.594000 4.459000
c<A>r<213>R<LEU> 3.814000 -11.885000 6.712000
c<A>r<229>R<GLY> 0.579000 -8.244000 6.155000
c<A>r<230>R<VAL> 1.810000 -5.293000 8.164000
c<A>r<231>R<ASP> -0.921000 -3.139000 6.524000
c<A>r<232>R<ASN> -3.375000 -4.791000 8.849000
c<A>r<233>R<ALA> -5.321000 -6.197000 5.771000
c<A>r<248>R<PRO> -9.078000 -3.903000 4.925000
c<A>r<249>R<ASN> -8.180000 -3.003000 8.548000
c<A>r<251>R<HIS> -6.828000 -5.902000 12.584000
c<A>r<252>R<GLY> -5.457000 -2.940000 14.531000
c<A>r<253>R<LEU> -1.881000 -4.091000 13.929000
c<A>r<254>R<ALA> 0.074000 -6.387000 11.658000
c<A>r<255>R<ILE> -1.418000 -9.791000 10.751000
c<A>r<273>R<TYR> -0.113000 -8.198000 16.983000
c<A>r<274>R<ASP> -3.268000 -6.502000 18.260000
c<A>r<289>R<SER> -14.718000 -3.894000 1.773000
c<A>r<290>R<THR> -18.322001 -2.833000 1.345000
c<C>r<1>R<GLY> 22.952000 -10.808000 17.829000
c<C>r<2>R<SER> 19.667999 -12.636000 16.761000
c<C>r<3>R<MET> 17.945000 -10.946000 19.618999
c<C>r<4>R<SER> 18.426001 -7.539000 18.389999
c<C>r<5>R<GLN> 17.268000 -8.447000 14.951000
c<C>r<6>R<ARG> 14.163000 -10.075000 16.150999
c<C>r<7>R<LEU> 13.091000 -7.355000 18.334000
c<C>r<9>R<SER> 11.705000 -6.798000 13.163000
c<C>r<10>R<ILE> 8.751000 -6.567000 15.574000
c<C>r<12>R<ASP> 9.469000 -2.347000 12.532000
c<C>r<13>R<HIS> 6.194000 -4.126000 12.079000
c<C>r<14>R<LEU> 4.581000 -2.128000 14.730000
c<C>r<15>R<VAL> 5.890000 1.020000 13.357000
c<C>r<16>R<GLU> 4.817000 0.054000 9.839000
c<C>r<17>R<SER> 1.328000 -0.882000 10.960000
c<C>r<18>R<ARG> 0.411000 2.538000 12.424000
c<C>r<19>R<SER> -0.987000 5.238000 10.136000
c<C>r<68>R<GLN> 6.605000 8.136000 -0.827000
c<C>r<69>R<VAL> 4.927000 9.420000 2.215000
c<C>r<71>R<ALA> 3.463000 4.390000 1.372000
c<C>r<72>R<THR> 4.611000 4.935000 5.020000
c<C>r<73>R<GLY> 1.101000 5.424000 6.238000
c<C>r<90>R<ALA> -3.991000 3.201000 -7.427000
c<C>r<91>R<GLN> -1.764000 0.514000 -8.754000
c<C>r<92>R<SER> 0.438000 0.930000 -5.633000
c<C>r<93>R<GLY> -2.586000 0.627000 -3.322000
c<C>r<94>R<LEU> -2.046000 4.208000 -2.120000
c<C>r<97>R<GLU> -11.715000 3.382000 -3.642000
c<C>r<99>R<THR> -18.259001 5.107000 -3.426000
c<C>r<287>R<ALA> -5.637000 4.613000 1.437000
c<C>r<288>R<ALA> -3.889000 4.995000 4.811000
