1762692938285 0.04790943115949631 2005
1762692948639 0.04946022853255272 2039
1762692959042 0.045021772384643555 2073
1762692969321 0.04501613602042198 2107
1762692978651 0.04867725819349289 2141
1762692988870 0.04447692260146141 2175
1762692998278 0.04599561169743538 2209
1762693008320 0.05077033489942551 2243
1762693020145 0.04325844347476959 2277
1762693030975 0.04241320863366127 2311
1762693040743 0.04374636709690094 2345
1762693050720 0.04787348583340645 2379
1762693060459 0.04137919098138809 2413
1762693070168 0.04434952884912491 2447
1762693079554 0.0439937487244606 2481
1762693088584 0.04076670855283737 2515
1762693098164 0.04132995009422302 2549
1762693107562 0.042182791978120804 2583
1762693117472 0.049399372190237045 2617
1762693127235 0.05058462172746658 2651
1762693136793 0.040496159344911575 2685
1762693145789 0.03970973193645477 2719
1762693155584 0.03999532014131546 2753
1762693165117 0.04959401860833168 2787
1762693174664 0.05129445344209671 2821
1762693184061 0.05005406588315964 2855
1762693193702 0.043962445110082626 2889
1762693214281 0.042305443435907364 2923
1762693236002 0.04537505656480789 2957
1762693259586 0.04941888898611069 2991
1762693281133 0.04267556592822075 3025
