c<B>r<12>R<GLU> -5.124000 6.100000 -1.773000
c<B>r<15>R<GLU> -0.780000 8.244000 -3.172000
c<B>r<16>R<ALA> -1.590000 6.879000 -6.570000
c<B>r<18>R<SER> 1.903000 11.108000 -6.254000
c<B>r<19>R<LEU> 3.346000 7.896000 -7.572000
c<B>r<20>R<PHE> 2.956000 8.997000 -11.076000
c<B>r<30>R<HIS> 1.835000 8.604000 -20.308001
c<B>r<31>R<GLU> 1.454000 8.962000 -16.603001
c<B>r<33>R<LYS> -1.450000 4.985000 -18.860001
c<B>r<34>R<VAL> 0.522000 3.955000 -15.967000
c<B>r<35>R<ALA> -2.455000 4.567000 -13.773000
c<B>r<36>R<LYS> -4.184000 1.507000 -15.358000
c<B>r<37>R<ALA> -1.721000 -0.384000 -13.441000
c<B>r<38>R<LEU> -3.421000 0.736000 -10.302000
c<B>r<39>R<GLY> -6.515000 -1.421000 -11.117000
c<B>r<40>R<PHE> -8.444000 1.240000 -12.931000
c<B>r<41>R<GLU> -9.500000 -0.855000 -15.896000
c<B>r<81>R<GLU> -8.187000 -5.243000 -1.869000
c<B>r<82>R<ILE> -6.823000 -6.192000 1.507000
c<B>r<84>R<ARG> -5.995000 -9.787000 -2.318000
c<B>r<85>R<ALA> -2.892000 -8.281000 -0.762000
c<B>r<86>R<PHE> -2.998000 -10.980000 1.881000
c<B>r<87>R<GLN> -2.876000 -13.658000 -0.822000
c<B>r<88>R<LEU> 0.048000 -11.913000 -2.368000
c<B>r<89>R<PHE> 1.962000 -12.049000 0.916000
c<B>r<102>R<LEU> 7.342000 -11.013000 5.105000
c<B>r<105>R<VAL> 8.002000 -9.308000 0.288000
c<B>r<106>R<ALA> 10.505000 -6.849000 1.862000
c<B>r<108>R<GLU> 11.090000 -7.929000 -3.462000
c<B>r<109>R<LEU> 10.323000 -4.335000 -2.595000
c<B>r<110>R<GLY> 14.009000 -3.559000 -2.080000
c<B>r<111>R<GLU> 13.571000 -3.157000 1.676000
c<B>r<113>R<LEU> 13.373000 -5.389000 7.859000
c<B>r<116>R<GLU> 13.008000 -5.060000 15.855000
c<B>r<117>R<GLU> 10.517000 -4.684000 12.967000
c<B>r<118>R<LEU> 10.353000 -8.444000 12.641000
c<B>r<119>R<ARG> 9.638000 -8.808000 16.422001
c<B>r<120>R<ALA> 6.793000 -6.419000 16.046000
c<B>r<121>R<ILE> 4.864000 -9.206000 14.387000
c<B>r<123>R<GLU> 2.066000 -7.159000 18.415001
c<B>r<124>R<PHE> -0.222000 -8.160000 15.604000
c<B>r<137>R<PHE> -3.826000 -8.849000 8.471000
c<B>r<138>R<ILE> -7.151000 -7.005000 7.949000
c<B>r<140>R<ILE> -3.218000 -4.419000 10.477000
c<B>r<141>R<CYS> -4.412000 -2.768000 7.262000
c<B>r<142>R<THR> -7.508000 -1.082000 8.801000
c<B>r<143>R<ASP> -6.014000 0.187000 12.089000
c<B>r<144>R<SER> -4.806000 3.831000 11.243000
c<D>r<15>R<ALA> 10.674000 5.021000 2.258000
c<D>r<16>R<LYS> 7.254000 5.199000 0.707000
c<D>r<17>R<LEU> 8.486000 7.416000 -2.013000
c<D>r<18>R<ARG> 11.348000 5.070000 -2.874000
c<D>r<19>R<VAL> 9.182000 2.096000 -3.105000
c<D>r<20>R<GLN> 6.768000 4.061000 -5.142000
c<D>r<21>R<GLU> 9.469000 5.095000 -7.477000
c<D>r<22>R<ALA> 10.741000 1.558000 -7.807000
c<D>r<23>R<VAL> 7.245000 0.206000 -8.541000
c<D>r<24>R<PHE> 6.800000 2.918000 -11.062000
c<D>r<25>R<TYR> 10.087000 2.240000 -12.710000
c<D>r<27>R<TRP> 6.125000 -0.865000 -14.392000
c<D>r<28>R<SER> 7.123000 1.849000 -16.757999
c<D>r<31>R<THR> 4.772000 -1.369000 -20.138000
c<D>r<37>R<ALA> -0.690000 -4.301000 -21.158001
c<D>r<38>R<ASN> -2.975000 -6.771000 -19.489000
c<D>r<39>R<ASP> -0.462000 -9.093000 -17.789000
c<D>r<40>R<GLU> 1.687000 -6.249000 -16.966999
c<D>r<41>R<ALA> -1.135000 -4.302000 -15.457000
c<D>r<42>R<GLU> -1.905000 -7.194000 -13.213000
c<D>r<43>R<SER> 1.697000 -7.511000 -12.123000
c<D>r<44>R<PHE> 1.820000 -3.921000 -11.295000
c<D>r<45>R<ARG> -1.377000 -3.994000 -9.461000
c<D>r<46>R<ASN> -0.059000 -6.843000 -7.440000
c<D>r<47>R<THR> 3.175000 -5.080000 -6.665000
c<D>r<48>R<TRP> 1.192000 -2.048000 -5.741000
c<D>r<49>R<LEU> -1.032000 -3.820000 -3.473000
c<D>r<50>R<LEU> 1.933000 -5.478000 -1.800000
c<D>r<51>R<PHE> 3.733000 -2.184000 -1.366000
c<D>r<52>R<ARG> 0.663000 -0.351000 0.108000
c<D>r<53>R<SER> -0.137000 -3.082000 2.559000
c<D>r<54>R<PHE> 3.538000 -3.530000 3.519000
c<D>r<55>R<GLN> 3.944000 0.240000 4.098000
c<D>r<56>R<GLN> 0.915000 0.295000 6.238000
c<D>r<57>R<TRP> 2.224000 -2.527000 8.250000
c<D>r<58>R<ILE> 5.660000 -0.885000 8.682000
c<D>r<59>R<THR> 4.053000 2.385000 9.671000
c<D>r<60>R<LEU> 2.105000 0.734000 12.347000
c<D>r<61>R<THR> 5.112000 -1.108000 13.592000
c<D>r<62>R<GLN> 6.954000 2.158000 13.810000
c<D>r<63>R<THR> 4.095000 3.760000 15.667000
c<D>r<64>R<PHE> 4.052000 1.070000 18.261999
c<D>r<65>R<LYS> 7.720000 1.236000 18.714001
