1762718111147 0.0 22
1762718111161 0.0 22
1762718128979 1.0 45
1762718128996 1.0 45
1762718146438 2.0 68
1762718146446 2.0 68
1762718164689 3.0 91
1762718164705 3.0 91
1762718183001 4.0 114
1762718183014 4.0 114
1762718203528 5.0 137
1762718203543 5.0 137
1762718224730 6.0 160
1762718224744 6.0 160
1762718246493 7.0 183
1762718246508 7.0 183
1762718268396 8.0 206
1762718268406 8.0 206
1762718289317 9.0 229
1762718289331 9.0 229
1762718310903 10.0 252
1762718310917 10.0 252
1762718332854 11.0 275
1762718332864 11.0 275
1762718354945 12.0 298
1762718354947 12.0 298
1762718377361 13.0 321
1762718377363 13.0 321
1762718398403 14.0 344
1762718398421 14.0 344
1762718420713 15.0 367
1762718420723 15.0 367
1762718443010 16.0 390
1762718443026 16.0 390
1762718466316 17.0 413
1762718466331 17.0 413
1762718489536 18.0 436
1762718489539 18.0 436
1762718512585 19.0 459
1762718512604 19.0 459
1762718535250 20.0 482
1762718535253 20.0 482
1762718558174 21.0 505
1762718558177 21.0 505
1762718581080 22.0 528
1762718581084 22.0 528
1762718605422 23.0 551
1762718605444 23.0 551
1762718629959 24.0 574
1762718629978 24.0 574
1762718652080 25.0 597
1762718652089 25.0 597
1762718674964 26.0 620
1762718674966 26.0 620
1762718697941 27.0 643
1762718697944 27.0 643
1762718719921 28.0 666
1762718719931 28.0 666
1762718742759 29.0 689
1762718742774 29.0 689
1762718764975 30.0 712
1762718764989 30.0 712
1762718788182 31.0 735
1762718788184 31.0 735
1762718809752 32.0 758
1762718809755 32.0 758
1762718832903 33.0 781
1762718832917 33.0 781
1762718856418 34.0 804
1762718856420 34.0 804
1762718879324 35.0 827
1762718879327 35.0 827
1762718901339 36.0 850
1762718901356 36.0 850
1762718925901 37.0 873
1762718925920 37.0 873
1762718950446 38.0 896
1762718950449 38.0 896
1762718972481 39.0 919
1762718972492 39.0 919
1762718994247 40.0 942
1762718994264 40.0 942
1762719017049 41.0 965
1762719017058 41.0 965
1762719039803 42.0 988
1762719039806 42.0 988
1762719061802 43.0 1011
1762719061812 43.0 1011
1762719083882 44.0 1034
1762719083892 44.0 1034
1762719107107 45.0 1057
1762719107116 45.0 1057
1762719129832 46.0 1080
1762719129835 46.0 1080
1762719152962 47.0 1103
1762719152978 47.0 1103
1762719175644 48.0 1126
1762719175660 48.0 1126
1762719198157 49.0 1149
1762719198167 49.0 1149
1762719221193 50.0 1172
1762719221201 50.0 1172
1762719242217 51.0 1195
1762719242219 51.0 1195
1762719261805 52.0 1218
1762719261816 52.0 1218
1762719284115 53.0 1241
1762719284125 53.0 1241
1762719306059 54.0 1264
1762719306064 54.0 1264
1762719330024 55.0 1287
1762719330029 55.0 1287
1762719353869 56.0 1310
1762719353879 56.0 1310
1762719378030 57.0 1333
1762719378032 57.0 1333
1762719401741 58.0 1356
1762719401751 58.0 1356
1762719424353 59.0 1379
1762719424355 59.0 1379
1762719447387 60.0 1402
1762719447398 60.0 1402
1762719468633 61.0 1425
1762719468642 61.0 1425
1762719485881 62.0 1448
1762719485897 62.0 1448
1762719502685 63.0 1471
1762719502698 63.0 1471
1762719522423 64.0 1494
1762719522439 64.0 1494
1762719543734 65.0 1517
1762719543744 65.0 1517
1762719566627 66.0 1540
1762719566629 66.0 1540
1762719587268 67.0 1563
1762719587270 67.0 1563
1762719607723 68.0 1586
1762719607826 68.0 1586
1762719628206 69.0 1609
1762719628208 69.0 1609
1762719649608 70.0 1632
1762719649610 70.0 1632
1762719670686 71.0 1655
1762719670688 71.0 1655
1762719690808 72.0 1678
1762719690818 72.0 1678
1762719712894 73.0 1701
1762719712897 73.0 1701
1762719733975 74.0 1724
1762719733986 74.0 1724
1762719756760 75.0 1747
1762719756763 75.0 1747
1762719779970 76.0 1770
1762719779973 76.0 1770
1762719802497 77.0 1793
1762719802509 77.0 1793
1762719826567 78.0 1816
1762719826578 78.0 1816
1762719849633 79.0 1839
1762719849635 79.0 1839
1762719871635 80.0 1862
1762719871638 80.0 1862
1762719893163 81.0 1885
1762719893176 81.0 1885
1762719914960 82.0 1908
1762719914963 82.0 1908
1762719936469 83.0 1931
1762719936478 83.0 1931
1762719959074 84.0 1954
1762719959084 84.0 1954
1762719983107 85.0 1977
1762719983109 85.0 1977
1762720006715 86.0 2000
1762720006718 86.0 2000
1762720029255 87.0 2023
1762720029258 87.0 2023
1762720050761 88.0 2046
1762720050765 88.0 2046
1762720073545 89.0 2069
1762720073548 89.0 2069
1762720095880 90.0 2092
1762720095882 90.0 2092
1762720117932 91.0 2115
1762720117935 91.0 2115
1762720139938 92.0 2138
1762720139941 92.0 2138
1762720162336 93.0 2161
1762720162339 93.0 2161
1762720185175 94.0 2184
1762720185179 94.0 2184
1762720207790 95.0 2207
1762720207792 95.0 2207
1762720230568 96.0 2230
1762720230572 96.0 2230
1762720253449 97.0 2253
1762720253451 97.0 2253
1762720277209 98.0 2276
1762720277212 98.0 2276
1762720301126 99.0 2299
1762720301129 99.0 2299
1762720324327 100.0 2322
1762720324330 100.0 2322
1762720347497 101.0 2345
1762720347500 101.0 2345
1762720370380 102.0 2368
1762720370382 102.0 2368
1762720392496 103.0 2391
1762720392499 103.0 2391
1762720415157 104.0 2414
1762720415159 104.0 2414
1762720437190 105.0 2437
1762720437192 105.0 2437
1762720459958 106.0 2460
1762720459961 106.0 2460
1762720482763 107.0 2483
1762720482766 107.0 2483
1762720506075 108.0 2506
1762720506078 108.0 2506
1762720528602 109.0 2529
1762720528606 109.0 2529
1762720551181 110.0 2552
1762720551183 110.0 2552
1762720572878 111.0 2575
1762720572880 111.0 2575
1762720595714 112.0 2598
1762720595717 112.0 2598
1762720614534 113.0 2621
1762720614537 113.0 2621
1762720630461 114.0 2644
1762720630463 114.0 2644
1762720651196 115.0 2667
1762720651198 115.0 2667
1762720669704 116.0 2690
1762720669706 116.0 2690
1762720688358 117.0 2713
1762720688362 117.0 2713
1762720708422 118.0 2736
1762720708425 118.0 2736
1762720730462 119.0 2759
1762720730465 119.0 2759
1762720746880 120.0 2782
1762720746882 120.0 2782
1762720762312 121.0 2805
1762720762314 121.0 2805
1762720779495 122.0 2828
1762720779497 122.0 2828
1762720794837 123.0 2851
1762720794839 123.0 2851
1762720796995 124.0 2852
