c<A>r<17>R<ALA> -15.592000 28.987000 36.319000
c<A>r<20>R<ASN> -12.611000 25.728001 33.944000
c<A>r<21>R<GLN> -14.877000 26.204000 30.913000
c<A>r<23>R<VAL> -10.019000 24.020000 29.650999
c<A>r<24>R<GLN> -13.113000 21.863001 29.671000
c<A>r<25>R<GLY> -12.590000 18.728001 27.618000
c<A>r<26>R<HIS> -8.893000 19.492001 27.014999
c<A>r<27>R<LYS> -7.140000 17.354000 29.732000
c<A>r<28>R<LEU> -4.301000 19.804001 30.525999
c<A>r<29>R<PRO> -1.446000 19.073999 32.976002
c<A>r<30>R<ALA> -1.768000 19.962000 36.653000
c<A>r<31>R<TRP> 0.925000 22.546000 36.473999
c<A>r<33>R<MET> -3.648000 25.462000 37.391998
c<A>r<81>R<LEU> -3.287000 28.193001 23.632000
c<A>r<82>R<PHE> -1.454000 25.101000 24.919001
c<A>r<83>R<SER> 1.758000 23.768999 23.287001
c<A>r<84>R<THR> 3.661000 20.490999 23.833000
c<A>r<85>R<ILE> 6.893000 19.676001 22.035000
c<A>r<86>R<ASP> 7.446000 16.013000 21.218000
c<A>r<87>R<GLU> 10.707000 14.709000 22.593000
c<A>r<88>R<LYS> 10.955000 12.269000 19.687000
c<A>r<89>R<THR> 10.323000 14.609000 16.691999
c<A>r<90>R<SER> 10.513000 18.106001 18.070000
c<A>r<91>R<GLN> 7.146000 18.525999 16.398001
c<A>r<92>R<GLU> 5.018000 21.059000 18.271999
c<A>r<93>R<LYS> 1.337000 20.231001 18.957001
c<A>r<94>R<LEU> -0.955000 23.256001 19.611000
c<A>r<95>R<THR> -4.360000 23.083000 21.285000
c<A>r<96>R<TRP> -6.517000 26.174000 20.884001
c<A>r<97>R<LEU> -8.669000 26.957001 23.971001
c<A>r<98>R<ASN> -11.534000 28.785999 22.174000
c<D>r<34>R<PHE> -18.351999 12.789000 31.556999
c<D>r<35>R<GLU> -15.602000 12.203000 29.032000
c<D>r<44>R<ASN> -13.381000 14.347000 19.648001
c<D>r<46>R<ASN> -9.468000 18.976999 18.094000
c<D>r<47>R<THR> -8.228000 22.000999 16.131001
c<D>r<48>R<ASP> -4.590000 21.468000 17.292000
c<D>r<49>R<GLY> -4.514000 18.393000 15.156000
c<D>r<50>R<SER> -4.914000 16.023001 18.056999
c<D>r<52>R<ASP> -9.352000 12.372000 21.941000
c<D>r<57>R<GLN> -11.021000 10.402000 25.681999
c<D>r<58>R<ILE> -7.278000 9.853000 25.656000
c<D>r<59>R<ASN> -5.386000 12.317000 23.493999
c<D>r<60>R<SER> -3.210000 11.593000 20.504999
c<D>r<61>R<ARG> -0.437000 14.098000 21.240999
c<D>r<62>R<TRP> 1.166000 12.389000 24.205999
c<D>r<69>R<THR> -0.927000 14.673000 15.440000
c<D>r<70>R<PRO> 2.008000 17.066000 15.787000
c<D>r<71>R<GLY> 4.395000 16.427000 18.604000
c<D>r<72>R<SER> 3.399000 12.783000 19.006001
c<D>r<73>R<ARG> 4.951000 10.862000 21.849001
c<D>r<74>R<ASN> 2.851000 7.697000 21.819000
c<D>r<102>R<GLY> 3.075000 11.347000 36.933998
c<D>r<103>R<ASN> -0.143000 12.889000 35.800999
c<D>r<104>R<GLY> -3.002000 12.654000 38.221001
c<D>r<105>R<MET> -6.531000 12.224000 37.091000
c<D>r<106>R<ASN> -6.268000 15.959000 36.558998
c<D>r<107>R<ALA> -5.164000 14.842000 33.089001
c<D>r<108>R<TRP> -8.813000 14.187000 32.312000
c<D>r<109>R<VAL> -10.550000 17.528999 31.983999
c<D>r<110>R<ALA> -13.893000 16.021999 32.672001
c<D>r<111>R<TRP> -12.678000 14.408000 35.840000
c<D>r<112>R<ARG> -11.156000 17.714001 36.986000
c<D>r<113>R<ASN> -14.195000 19.753000 36.056999
c<D>r<114>R<ARG> -16.940001 17.514000 37.020000
