c<A>r<83>R<SER> 1.758000 23.768999 23.287001
c<A>r<87>R<GLU> 10.707000 14.709000 22.593000
c<A>r<88>R<LYS> 10.955000 12.269000 19.687000
c<A>r<89>R<THR> 10.323000 14.609000 16.691999
c<A>r<90>R<SER> 10.513000 18.106001 18.070000
c<A>r<91>R<GLN> 7.146000 18.525999 16.398001
c<A>r<92>R<GLU> 5.018000 21.059000 18.271999
c<A>r<93>R<LYS> 1.337000 20.231001 18.957001
c<A>r<94>R<LEU> -0.955000 23.256001 19.611000
c<A>r<104>R<SER> -9.041000 36.074001 15.261000
c<A>r<105>R<ILE> -5.933000 35.452999 13.173000
c<A>r<106>R<ASP> -4.134000 38.236000 15.168000
c<A>r<107>R<GLY> -5.331000 36.825001 18.426001
c<A>r<108>R<LYS> -3.774000 33.438999 17.417000
c<A>r<109>R<THR> -0.517000 35.180000 16.607000
c<A>r<110>R<VAL> -0.467000 37.125000 19.906000
c<A>r<111>R<LEU> -1.051000 33.882999 21.921000
c<A>r<112>R<PHE> 1.729000 32.181000 20.041000
c<A>r<113>R<ALA> 4.062000 35.162998 20.625999
c<A>r<116>R<THR> 7.131000 31.424000 22.639000
c<A>r<118>R<SER> 8.433000 37.151001 21.806999
c<A>r<119>R<LEU> 5.756000 39.098999 23.580999
c<A>r<121>R<ASN> 10.931000 40.480999 24.556000
c<A>r<122>R<HIS> 8.848000 43.068001 22.693001
c<A>r<123>R<PRO> 6.105000 44.178001 25.153999
c<A>r<124>R<ASP> 4.621000 46.785000 22.860001
c<A>r<125>R<GLY> 5.285000 45.063999 19.556000
c<A>r<126>R<PHE> 2.051000 43.176998 19.261000
c<A>r<127>R<ASN> -0.525000 45.868999 19.368000
c<A>r<128>R<PHE> -2.877000 45.712002 16.326000
c<D>r<1>R<LYS> -5.535000 32.299000 8.455000
c<D>r<2>R<VAL> -4.068000 29.671000 10.702000
c<D>r<5>R<ARG> 0.269000 21.250000 9.180000
c<D>r<29>R<VAL> 6.441000 23.205999 7.618000
c<D>r<30>R<CYS> 8.558000 22.974001 10.774000
c<D>r<33>R<LYS> 5.207000 26.000999 12.938000
c<D>r<34>R<PHE> 7.827000 27.600000 15.134000
c<D>r<35>R<GLU> 8.083000 30.948000 13.401000
c<D>r<36>R<SER> 4.366000 31.754000 13.379000
c<D>r<37>R<ASN> 2.374000 28.799999 14.672000
c<D>r<38>R<PHE> 1.034000 28.618999 11.108000
c<D>r<39>R<ASN> -0.581000 32.055000 11.357000
c<D>r<40>R<THR> -0.421000 34.000999 8.126000
c<D>r<41>R<GLN> -0.913000 37.276001 9.991000
c<D>r<42>R<ALA> 1.824000 36.828999 12.557000
c<D>r<43>R<THR> 3.828000 39.987999 12.985000
c<D>r<44>R<ASN> 6.805000 40.556999 15.306000
c<D>r<45>R<ARG> 7.938000 44.153000 15.559000
c<D>r<46>R<ASN> 11.585000 44.403999 16.537001
c<D>r<47>R<THR> 13.471000 47.171001 18.358999
c<D>r<51>R<THR> 9.557000 43.665001 11.553000
c<D>r<54>R<GLY> 3.727000 36.365002 8.067000
c<D>r<55>R<ILE> 3.764000 32.624001 8.284000
c<D>r<86>R<SER> -4.020000 34.297001 3.627000
c<D>r<114>R<ARG> 14.133000 24.164000 16.745001
c<D>r<115>R<CYS> 13.980000 22.200001 13.382000
c<D>r<116>R<LYS> 17.584000 21.597000 12.278000
c<D>r<117>R<GLY> 18.764999 18.093000 13.062000
c<D>r<118>R<THR> 15.344000 16.764000 14.013000
c<D>r<119>R<ASP> 13.066000 14.339000 12.210000
c<D>r<120>R<VAL> 11.424000 17.118999 10.239000
c<D>r<121>R<GLN> 9.599000 14.684000 8.045000
c<D>r<122>R<ALA> 7.311000 14.112000 10.979000
c<D>r<123>R<TRP> 5.707000 17.445000 10.101000
