c<A>r<36>R<GLY> 4.068000 28.096001 38.903000
c<A>r<37>R<THR> 6.598000 29.357000 36.373001
c<A>r<38>R<TYR> 4.999000 32.271000 34.625999
c<A>r<39>R<THR> 5.870000 35.330002 32.638000
c<A>r<40>R<PRO> 4.433000 38.666000 33.747002
c<A>r<55>R<SER> 1.885000 32.702999 29.836000
c<A>r<56>R<ALA> 3.287000 29.919001 31.912001
c<A>r<57>R<CYS> 5.290000 26.778000 31.414000
c<A>r<58>R<LYS> 6.118000 23.427000 33.049999
c<A>r<59>R<PRO> 8.588000 23.971001 35.942001
c<A>r<60>R<HIS> 11.971000 22.415001 35.014999
c<A>r<61>R<ASP> 10.891000 21.577000 31.510000
c<A>r<62>R<CYS> 9.714000 24.975000 30.427999
c<A>r<63>R<GLY> 10.627000 24.672001 26.823999
c<A>r<64>R<SER> 8.601000 21.469000 26.443001
c<A>r<65>R<GLN> 5.128000 22.343000 27.688000
c<A>r<66>R<ARG> 3.749000 25.900999 27.864000
c<A>r<85>R<ILE> 6.893000 19.676001 22.035000
c<A>r<86>R<ASP> 7.446000 16.013000 21.218000
c<A>r<87>R<GLU> 10.707000 14.709000 22.593000
c<A>r<89>R<THR> 10.323000 14.609000 16.691999
c<A>r<90>R<SER> 10.513000 18.106001 18.070000
c<A>r<91>R<GLN> 7.146000 18.525999 16.398001
c<A>r<113>R<ALA> 4.062000 35.162998 20.625999
c<A>r<114>R<ALA> 3.231000 34.971001 24.291000
c<A>r<115>R<LEU> 3.985000 31.323999 24.840000
c<A>r<116>R<THR> 7.131000 31.424000 22.639000
c<A>r<117>R<GLY> 8.532000 34.459999 24.483000
c<A>r<118>R<SER> 8.433000 37.151001 21.806999
c<A>r<119>R<LEU> 5.756000 39.098999 23.580999
c<A>r<120>R<GLU> 7.980000 39.429001 26.688000
c<A>r<121>R<ASN> 10.931000 40.480999 24.556000
c<A>r<122>R<HIS> 8.848000 43.068001 22.693001
c<A>r<123>R<PRO> 6.105000 44.178001 25.153999
c<D>r<1>R<LYS> 9.280000 31.882999 33.646999
c<D>r<2>R<VAL> 10.393000 35.456001 33.963001
c<D>r<3>R<PHE> 13.215000 35.700001 36.446999
c<D>r<33>R<LYS> 18.254000 41.196999 30.843000
c<D>r<34>R<PHE> 18.823000 42.605999 27.388000
c<D>r<35>R<GLU> 18.625999 39.396000 25.405001
c<D>r<36>R<SER> 15.315000 38.168999 26.818001
c<D>r<37>R<ASN> 14.155000 40.451000 29.614000
c<D>r<38>R<PHE> 14.747000 37.410999 31.837000
c<D>r<39>R<ASN> 12.090000 35.365002 30.041000
c<D>r<40>R<THR> 12.995000 31.712999 29.732000
c<D>r<41>R<GLN> 10.578000 31.285000 26.830999
c<D>r<42>R<ALA> 11.804000 34.157001 24.705000
c<D>r<43>R<THR> 12.118000 33.147999 21.091000
c<D>r<44>R<ASN> 13.289000 35.305000 18.167000
c<D>r<45>R<ARG> 12.816000 33.733002 14.763000
c<D>r<53>R<TYR> 16.073000 30.599001 22.075001
c<D>r<54>R<GLY> 15.564000 31.193001 25.740999
c<D>r<55>R<ILE> 16.830999 33.462002 28.441000
c<D>r<65>R<ASN> 19.290001 21.792000 17.110001
c<D>r<66>R<ASP> 15.854000 22.834000 15.935000
c<D>r<67>R<GLY> 15.953000 20.900000 12.620000
c<D>r<79>R<PRO> 17.514000 20.388000 21.247999
c<D>r<80>R<CYS> 16.684000 24.061001 21.169001
c<D>r<81>R<SER> 13.578000 23.158001 23.198999
c<D>r<82>R<ALA> 15.889000 22.563000 26.173000
c<D>r<83>R<LEU> 16.757000 26.261999 26.021000
c<D>r<84>R<LEU> 13.090000 27.115999 26.697001
c<D>r<85>R<SER> 12.918000 25.330000 30.042999
c<D>r<86>R<SER> 11.999000 27.194000 33.178001
c<D>r<87>R<ASP> 15.097000 25.790001 34.837002
c<D>r<88>R<ILE> 18.232000 27.311001 33.345001
c<D>r<89>R<THR> 20.427999 24.149000 33.137001
