c<A>r<63>R<GLY> 10.627000 24.672001 26.823999
c<A>r<64>R<SER> 8.601000 21.469000 26.443001
c<A>r<83>R<SER> 1.758000 23.768999 23.287001
c<A>r<84>R<THR> 3.661000 20.490999 23.833000
c<A>r<85>R<ILE> 6.893000 19.676001 22.035000
c<A>r<86>R<ASP> 7.446000 16.013000 21.218000
c<A>r<87>R<GLU> 10.707000 14.709000 22.593000
c<A>r<88>R<LYS> 10.955000 12.269000 19.687000
c<A>r<89>R<THR> 10.323000 14.609000 16.691999
c<A>r<90>R<SER> 10.513000 18.106001 18.070000
c<A>r<91>R<GLN> 7.146000 18.525999 16.398001
c<A>r<92>R<GLU> 5.018000 21.059000 18.271999
c<A>r<93>R<LYS> 1.337000 20.231001 18.957001
c<A>r<94>R<LEU> -0.955000 23.256001 19.611000
c<A>r<95>R<THR> -4.360000 23.083000 21.285000
c<A>r<104>R<SER> -9.041000 36.074001 15.261000
c<A>r<105>R<ILE> -5.933000 35.452999 13.173000
c<A>r<106>R<ASP> -4.134000 38.236000 15.168000
c<A>r<107>R<GLY> -5.331000 36.825001 18.426001
c<A>r<108>R<LYS> -3.774000 33.438999 17.417000
c<A>r<109>R<THR> -0.517000 35.180000 16.607000
c<A>r<110>R<VAL> -0.467000 37.125000 19.906000
c<A>r<112>R<PHE> 1.729000 32.181000 20.041000
c<A>r<113>R<ALA> 4.062000 35.162998 20.625999
c<A>r<114>R<ALA> 3.231000 34.971001 24.291000
c<A>r<115>R<LEU> 3.985000 31.323999 24.840000
c<A>r<116>R<THR> 7.131000 31.424000 22.639000
c<A>r<117>R<GLY> 8.532000 34.459999 24.483000
c<A>r<118>R<SER> 8.433000 37.151001 21.806999
c<A>r<119>R<LEU> 5.756000 39.098999 23.580999
c<A>r<122>R<HIS> 8.848000 43.068001 22.693001
c<A>r<124>R<ASP> 4.621000 46.785000 22.860001
c<A>r<125>R<GLY> 5.285000 45.063999 19.556000
c<A>r<126>R<PHE> 2.051000 43.176998 19.261000
c<A>r<127>R<ASN> -0.525000 45.868999 19.368000
c<A>r<128>R<PHE> -2.877000 45.712002 16.326000
c<D>r<1>R<LYS> 13.609000 25.249001 18.000000
c<D>r<2>R<VAL> 10.199000 26.775999 18.374001
c<D>r<3>R<PHE> 10.120000 30.150000 16.698000
c<D>r<4>R<GLY> 8.141000 33.161999 17.601999
c<D>r<5>R<ARG> 5.988000 34.647999 14.859000
c<D>r<6>R<CYS> 8.083000 37.799999 14.485000
c<D>r<7>R<GLU> 11.398000 35.971001 14.706000
c<D>r<29>R<VAL> 4.291000 32.619999 8.746000
c<D>r<30>R<CYS> 0.646000 31.528000 8.864000
c<D>r<33>R<LYS> 1.977000 28.365000 12.512000
c<D>r<34>R<PHE> -0.616000 25.825001 11.478000
c<D>r<35>R<GLU> 1.671000 23.249001 9.925000
c<D>r<36>R<SER> 4.087000 22.938999 12.846000
c<D>r<37>R<ASN> 3.255000 25.499001 15.515000
c<D>r<38>R<PHE> 6.620000 27.024000 14.574000
c<D>r<39>R<ASN> 8.528000 23.919001 15.670000
c<D>r<40>R<THR> 11.510000 23.167999 13.481000
c<D>r<41>R<GLN> 11.514000 19.538000 14.609000
c<D>r<42>R<ALA> 7.882000 18.771999 13.907000
c<D>r<43>R<THR> 7.491000 15.441000 12.196000
c<D>r<44>R<ASN> 4.251000 13.780000 11.051000
c<D>r<45>R<ARG> 4.638000 10.201000 9.900000
c<D>r<53>R<TYR> 9.155000 17.285000 8.079000
c<D>r<54>R<GLY> 9.987000 20.492001 9.832000
c<D>r<55>R<ILE> 8.531000 23.910000 10.317000
c<D>r<57>R<GLN> 5.849000 20.066999 7.118000
c<D>r<84>R<LEU> 14.625000 19.452999 10.865000
c<D>r<114>R<ARG> -6.594000 27.753000 7.642000
c<D>r<115>R<CYS> -4.664000 30.737000 6.040000
c<D>r<118>R<THR> -7.766000 35.444000 5.864000
c<D>r<119>R<ASP> -5.943000 38.584999 6.931000
c<D>r<120>R<VAL> -2.586000 36.841999 6.842000
c<D>r<121>R<GLN> -0.733000 40.069000 7.319000
c<D>r<122>R<ALA> -1.811000 39.886002 10.921000
c<D>r<123>R<TRP> 0.897000 37.255001 11.370000
c<D>r<124>R<ILE> 3.595000 39.859001 10.731000
c<D>r<125>R<ARG> 1.904000 42.806999 12.407000
c<D>r<126>R<GLY> 4.018000 44.467999 15.015000
c<D>r<127>R<CYS> 7.150000 42.653000 13.945000
c<D>r<128>R<ARG> 10.527000 44.251999 13.301000
