c<A>r<1>R<SER> -13.054000 1.397000 8.863000
c<A>r<2>R<TRP> -10.591000 -0.104000 6.285000
c<A>r<3>R<VAL> -6.993000 1.073000 7.065000
c<A>r<4>R<TRP> -5.275000 1.713000 3.671000
c<A>r<5>R<ASN> -2.420000 4.236000 4.692000
c<A>r<6>R<GLN> -0.107000 1.270000 5.628000
c<A>r<7>R<MET> 2.669000 -0.253000 3.495000
c<A>r<8>R<PHE> 4.502000 -3.473000 4.045000
c<A>r<9>R<VAL> 8.158000 -4.407000 3.477000
c<A>r<10>R<LEU> 9.707000 -7.920000 3.955000
c<A>r<19>R<ILE> 13.027000 -3.059000 -2.605000
c<A>r<20>R<LEU> 9.988000 -1.109000 -3.726000
c<A>r<21>R<VAL> 7.872000 -0.515000 -0.597000
c<A>r<22>R<GLY> 5.061000 1.508000 -2.337000
c<A>r<23>R<ARG> 4.080000 4.676000 -4.224000
c<A>r<24>R<LEU> 2.564000 7.901000 -3.105000
c<A>r<25>R<HIS> -0.300000 9.090000 -5.297000
c<A>r<26>R<THR> -3.042000 11.708000 -5.261000
c<A>r<27>R<ASP> -6.114000 12.059000 -7.380000
c<A>r<28>R<LEU> -4.574000 15.226000 -8.952000
c<A>r<54>R<ASP> 8.005000 5.422000 -5.622000
c<A>r<73>R<ALA> 3.749000 12.296000 2.639000
c<A>r<74>R<GLN> 3.534000 15.739000 0.981000
c<A>r<75>R<ALA> 2.509000 16.653999 -2.514000
c<A>r<84>R<LEU> -1.363000 20.628000 -3.376000
c<A>r<85>R<GLU> -2.529000 18.194000 -0.640000
c<A>r<86>R<PRO> -2.434000 18.427000 3.079000
c<A>r<87>R<PRO> 0.403000 16.323000 4.552000
c<A>r<88>R<SER> -0.692000 12.732000 5.237000
c<A>r<90>R<PHE> 1.257000 6.743000 6.938000
c<A>r<95>R<GLN> 6.935000 -8.110000 7.863000
c<B>r<1>R<SER> -7.223000 13.525000 -2.111000
c<B>r<2>R<TRP> -4.435000 11.039000 -1.259000
c<B>r<3>R<VAL> -5.150000 7.637000 -2.923000
c<B>r<4>R<TRP> -4.146000 4.862000 -0.458000
c<B>r<5>R<ASN> -6.318000 1.807000 -1.734000
c<B>r<6>R<GLN> -3.618000 0.920000 -4.362000
c<B>r<7>R<MET> -0.909000 -1.740000 -3.996000
c<B>r<8>R<PHE> 2.140000 -2.253000 -6.132000
c<B>r<9>R<VAL> 3.852000 -5.462000 -7.273000
c<B>r<10>R<LEU> 7.144000 -5.722000 -9.310000
c<B>r<19>R<ILE> 5.806000 -12.145000 -3.457000
c<B>r<20>R<LEU> 3.963000 -10.280000 -0.708000
c<B>r<21>R<VAL> 1.849000 -7.618000 -2.471000
c<B>r<22>R<GLY> 0.196000 -6.161000 0.722000
c<B>r<23>R<ARG> -2.157000 -6.745000 3.634000
c<B>r<24>R<LEU> -5.781000 -6.017000 4.207000
c<B>r<25>R<HIS> -6.446000 -4.432000 7.578000
c<B>r<26>R<THR> -9.337000 -3.057000 9.595000
c<B>r<27>R<ASP> -9.340000 -1.793000 13.116000
c<B>r<28>R<LEU> -11.733000 -4.572000 14.191000
c<B>r<52>R<ASP> -1.631000 -10.978000 3.686000
c<B>r<71>R<ALA> -11.790000 -6.778000 0.053000
c<B>r<72>R<GLN> -14.356000 -8.091000 2.586000
c<B>r<73>R<ALA> -14.054000 -8.441000 6.293000
c<B>r<82>R<LEU> -18.138000 -6.400000 9.606000
c<B>r<83>R<GLU> -16.995001 -3.853000 6.979000
c<B>r<84>R<PRO> -18.601000 -2.903000 3.736000
c<B>r<85>R<PRO> -16.754000 -4.401000 0.777000
c<B>r<86>R<SER> -13.948000 -2.120000 -0.457000
c<B>r<88>R<PHE> -8.800000 -1.598000 -4.381000
c<B>r<93>R<GLN> 5.322000 -2.015000 -11.760000
