c<A>r<3>R<HIS> -23.702000 6.295000 3.896000
c<A>r<4>R<ARG> -19.865999 6.145000 4.200000
c<A>r<5>R<ARG> -18.230000 4.312000 7.132000
c<A>r<6>R<PHE> -14.443000 4.763000 7.471000
c<A>r<7>R<GLU> -12.611000 1.427000 7.749000
c<A>r<8>R<TYR> -9.381000 1.858000 9.750000
c<A>r<9>R<LYS> -8.403000 -1.895000 9.363000
c<A>r<11>R<SER> -6.530000 2.194000 5.817000
c<A>r<12>R<PHE> -3.207000 3.985000 6.459000
c<A>r<13>R<LYS> -2.164000 7.698000 6.637000
c<A>r<14>R<GLY> 0.622000 9.901000 8.063000
c<A>r<15>R<PRO> 1.940000 11.503000 10.255000
c<A>r<16>R<HIS> 2.284000 8.254000 12.347000
c<A>r<17>R<LEU> 1.970000 5.667000 9.528000
c<A>r<18>R<VAL> 4.803000 3.348000 10.738000
c<A>r<19>R<GLN> 5.112000 1.655000 14.156000
c<A>r<20>R<SER> 8.371000 1.586000 16.187000
c<A>r<25>R<PRO> -0.690000 -1.541000 11.348000
c<A>r<26>R<PHE> -3.096000 -3.983000 9.531000
c<A>r<225>R<PHE> -14.808000 3.320000 3.245000
c<A>r<226>R<GLN> -17.670000 0.825000 3.422000
c<B>r<17>R<TYR> -3.299000 14.459000 14.150000
c<B>r<18>R<ASP> -4.651000 15.528000 10.701000
c<B>r<24>R<ASP> -10.515000 7.778000 13.635000
c<B>r<25>R<GLY> -9.271000 4.245000 14.425000
c<B>r<26>R<LEU> -5.751000 5.099000 13.061000
c<B>r<27>R<GLU> -5.483000 8.177000 15.360000
c<B>r<28>R<LEU> -6.714000 6.090000 18.344000
c<B>r<29>R<SER> -4.087000 3.409000 17.447001
c<B>r<30>R<THR> -1.186000 5.932000 17.636000
c<B>r<33>R<THR> 1.986000 0.382000 22.025999
c<B>r<35>R<SER> -0.376000 -6.108000 19.945000
c<B>r<36>R<GLU> -2.520000 -5.705000 16.759001
c<B>r<37>R<ASP> -5.295000 -7.899000 18.319000
c<B>r<39>R<LEU> -5.424000 -2.551000 19.358000
c<B>r<40>R<ILE> -8.412000 -3.962000 17.391001
c<B>r<43>R<ILE> -10.572000 0.644000 18.818001
c<B>r<44>R<ASP> -13.673000 -1.477000 17.969999
c<B>r<53>R<ASN> -23.754000 7.874000 13.613000
c<B>r<54>R<ASN> -21.608999 4.761000 12.704000
c<B>r<55>R<ASP> -19.461000 6.778000 10.203000
c<B>r<56>R<GLY> -16.170000 5.335000 11.644000
c<B>r<57>R<TYR> -15.227000 8.696000 13.260000
