c<A>r<1>R<ASN> -17.753000 11.843000 62.097000
c<A>r<2>R<ARG> -14.545000 13.730000 61.007000
c<A>r<3>R<LYS> -14.325000 14.477000 57.186001
c<A>r<4>R<THR> -10.782000 14.287000 55.702999
c<A>r<5>R<VAL> -10.040000 16.966999 53.139000
c<A>r<7>R<ALA> -5.901000 17.580999 47.540001
c<A>r<8>R<PRO> -7.927000 16.360001 44.521999
c<A>r<9>R<ALA> -4.867000 16.988001 42.285999
c<A>r<155>R<ARG> 17.367001 -24.471001 -59.111000
c<A>r<156>R<ASN> 19.514000 -21.844000 -57.680000
c<A>r<157>R<ARG> 16.945999 -19.069000 -58.449001
c<A>r<158>R<TYR> 14.307000 -20.905001 -56.537998
c<A>r<159>R<LEU> 16.666000 -21.308001 -53.507000
c<A>r<160>R<GLU> 17.273001 -17.579000 -53.519001
c<A>r<161>R<VAL> 13.633000 -16.721001 -53.375999
c<A>r<162>R<GLN> 13.136000 -19.354000 -50.657001
c<A>r<163>R<ARG> 15.901000 -17.733000 -48.678001
c<A>r<164>R<GLN> 14.254000 -14.303000 -48.945000
c<A>r<165>R<PHE> 10.951000 -15.821000 -47.884998
c<A>r<166>R<ALA> 12.486000 -17.284000 -44.710999
c<A>r<167>R<GLU> 14.186000 -14.030000 -43.925999
c<A>r<168>R<VAL> 11.054000 -12.044000 -44.057999
c<A>r<169>R<ASN> 9.243000 -14.647000 -42.008999
c<A>r<170>R<SER> 11.944000 -14.498000 -39.327000
c<A>r<171>R<SER> 11.481000 -10.793000 -39.056999
c<A>r<172>R<ILE> 7.752000 -11.165000 -38.827000
c<A>r<173>R<ASP> 8.135000 -13.659000 -35.938999
c<A>r<174>R<GLU> 10.371000 -11.240000 -34.073002
c<A>r<175>R<THR> 7.914000 -8.451000 -34.554001
c<A>r<176>R<VAL> 5.036000 -10.586000 -33.293999
c<A>r<177>R<GLY> 7.024000 -11.417000 -30.181999
c<A>r<178>R<ARG> 7.698000 -7.825000 -29.554001
c<A>r<179>R<ILE> 4.021000 -6.893000 -30.033001
c<A>r<180>R<GLY> 3.034000 -9.491000 -27.444000
c<A>r<181>R<GLN> 5.584000 -8.225000 -25.014000
c<A>r<182>R<LEU> 4.436000 -4.593000 -25.346001
c<A>r<183>R<GLN> 0.823000 -5.588000 -24.864000
c<A>r<184>R<LYS> 1.709000 -7.210000 -21.549000
c<A>r<185>R<GLN> 3.735000 -4.246000 -20.646000
c<A>r<186>R<LEU> 0.539000 -2.132000 -20.961000
c<A>r<187>R<LEU> -1.243000 -4.397000 -18.575001
c<A>r<188>R<GLU> 1.692000 -4.351000 -16.223000
c<A>r<189>R<SER> 1.532000 -0.609000 -16.146999
c<A>r<190>R<GLN> -2.053000 -0.692000 -15.303000
c<A>r<191>R<GLN> -1.329000 -3.015000 -12.397000
c<A>r<192>R<ARG> 1.216000 -0.587000 -11.198000
c<A>r<193>R<ILE> -1.356000 2.140000 -11.170000
c<A>r<194>R<ASP> -3.675000 -0.083000 -9.171000
c<A>r<195>R<GLN> -0.977000 -0.998000 -6.823000
c<A>r<196>R<ARG> -0.161000 2.627000 -6.279000
c<A>r<197>R<PHE> -3.707000 3.460000 -5.452000
c<A>r<198>R<ALA> -3.903000 0.554000 -3.030000
c<A>r<199>R<ASP> -0.673000 1.584000 -1.365000
c<A>r<200>R<TYR> -1.945000 5.081000 -0.993000
c<A>r<201>R<GLN> -5.162000 3.821000 0.653000
c<A>r<202>R<ARG> -3.166000 1.489000 2.838000
c<A>r<203>R<GLU> -0.999000 4.377000 4.017000
c<A>r<204>R<VAL> -4.067000 6.657000 4.605000
c<A>r<205>R<ARG> -6.018000 4.053000 6.560000
c<A>r<206>R<THR> -2.961000 3.077000 8.615000
c<A>r<208>R<LEU> -6.136000 7.186000 10.160000
c<A>r<209>R<ALA> -6.219000 4.303000 12.632000
c<A>r<210>R<GLN> -3.283000 5.828000 14.630000
c<A>r<212>R<GLN> -8.075000 8.235000 15.829000
c<A>r<213>R<MET> -6.303000 6.467000 18.677999
c<A>r<214>R<ASP> -4.274000 9.625000 19.436001
c<A>r<216>R<SER> -9.182000 9.544000 21.827999
c<A>r<217>R<GLU> -6.157000 9.696000 24.114000
c<A>r<218>R<PHE> -5.757000 13.425000 23.945000
c<A>r<219>R<ARG> -9.489000 13.894000 24.493999
c<A>r<220>R<ASN> -9.343000 11.826000 27.663000
c<A>r<221>R<LYS> -6.225000 13.700000 28.917999
c<A>r<223>R<GLN> -10.933000 15.975000 30.198999
c<A>r<224>R<MET> -8.767000 15.066000 33.109001
c<A>r<225>R<ALA> -6.773000 18.287001 32.858002
c<A>r<227>R<PHE> -11.270000 18.488001 35.790001
c<A>r<228>R<ASP> -7.972000 19.434000 37.567001
c<A>r<231>R<ASN> -10.974000 21.862000 41.158001
c<A>r<237>R<PRO> -17.385000 19.229000 52.404999
c<A>r<256>R<ALA> -3.113000 14.190000 44.561001
c<A>r<257>R<GLY> -4.625000 12.600000 47.713001
c<A>r<262>R<ASP> -10.156000 17.506001 58.698002
c<A>r<263>R<VAL> -13.427000 19.136999 59.226002
c<A>r<264>R<VAL> -15.538000 18.084999 62.312000
c<B>r<6>R<GLN> -15.897000 12.971000 43.034000
c<B>r<7>R<ALA> -12.595000 13.493000 41.519001
c<B>r<8>R<PRO> -11.238000 10.077000 41.944000
c<B>r<10>R<VAL> -13.753000 10.738000 37.080002
c<B>r<11>R<GLN> -10.097000 9.836000 36.852001
c<B>r<12>R<ALA> -10.683000 6.197000 37.231998
c<B>r<13>R<GLN> -13.426000 6.185000 34.615002
c<B>r<14>R<ALA> -11.172000 8.141000 32.129002
c<B>r<15>R<GLN> -8.437000 5.571000 32.543999
c<B>r<17>R<ASP> -12.214000 4.282000 28.905001
c<B>r<18>R<SER> -8.782000 4.889000 27.393999
c<B>r<19>R<LEU> -7.551000 1.442000 28.065001
c<B>r<21>R<ASP> -10.279000 1.854000 23.471001
c<B>r<22>R<GLN> -6.634000 0.626000 23.084000
c<B>r<25>R<THR> -8.086000 -1.367000 18.625999
c<B>r<29>R<THR> -5.611000 -5.290000 14.431000
c<B>r<57>R<ARG> -16.292000 3.630000 18.385000
c<B>r<60>R<GLU> -15.412000 2.442000 13.438000
c<B>r<61>R<ILE> -12.407000 0.396000 14.605000
c<B>r<64>R<LEU> -11.205000 0.719000 9.445000
c<B>r<65>R<GLN> -9.366000 -2.594000 9.982000
c<B>r<67>R<GLN> -10.916000 -1.692000 4.872000
c<B>r<68>R<LEU> -7.257000 -1.821000 5.671000
c<B>r<69>R<PHE> -7.350000 -5.640000 5.118000
c<B>r<70>R<ALA> -8.843000 -5.059000 1.654000
c<B>r<71>R<SER> -6.368000 -2.434000 0.645000
c<B>r<72>R<ARG> -3.403000 -4.512000 1.687000
c<B>r<73>R<ARG> -4.698000 -7.479000 -0.126000
c<B>r<74>R<GLN> -5.362000 -5.466000 -3.220000
c<B>r<75>R<ALA> -1.862000 -3.959000 -3.202000
c<B>r<76>R<LEU> -0.225000 -7.342000 -2.940000
c<B>r<77>R<GLN> -2.385000 -8.770000 -5.582000
c<B>r<78>R<SER> -1.779000 -5.924000 -8.024000
c<B>r<79>R<GLU> 1.949000 -6.212000 -7.541000
c<B>r<80>R<ILE> 1.945000 -9.870000 -8.099000
c<B>r<81>R<ASP> -0.281000 -9.517000 -11.088000
c<B>r<82>R<GLY> 2.149000 -6.994000 -12.457000
c<B>r<83>R<TYR> 5.000000 -9.434000 -12.225000
c<B>r<84>R<LYS> 2.871000 -12.005000 -13.855000
c<B>r<85>R<GLN> 2.103000 -9.748000 -16.778999
c<B>r<86>R<SER> 5.842000 -9.018000 -17.169001
c<B>r<87>R<MET> 6.567000 -12.676000 -17.188000
c<B>r<88>R<ASP> 3.917000 -13.335000 -19.841000
c<B>r<89>R<GLY> 5.515000 -10.632000 -21.933001
c<B>r<90>R<ILE> 8.886000 -12.316000 -21.712999
c<B>r<91>R<ARG> 7.244000 -15.514000 -22.825001
c<B>r<92>R<PHE> 5.820000 -13.900000 -25.969000
c<B>r<93>R<GLN> 9.290000 -12.553000 -26.816999
c<B>r<94>R<LEU> 10.633000 -16.035999 -26.313000
c<B>r<95>R<LYS> 8.135000 -17.590000 -28.641001
c<B>r<96>R<GLY> 8.861000 -14.973000 -31.325001
c<B>r<97>R<LEU> 12.598000 -15.551000 -31.094000
c<B>r<98>R<GLN> 12.174000 -19.325001 -31.229000
c<B>r<99>R<ASP> 10.021000 -19.117001 -34.313999
c<B>r<100>R<SER> 12.607000 -16.743999 -35.873001
c<B>r<101>R<ARG> 15.319000 -19.117001 -35.186001
c<B>r<102>R<GLY> 13.466000 -21.830000 -37.025002
c<B>r<103>R<ASN> 13.189000 -19.649000 -40.073002
c<B>r<104>R<LYS> 16.868999 -18.825001 -39.924999
c<B>r<105>R<GLN> 17.563000 -22.466000 -40.014000
c<B>r<106>R<ILE> 15.541000 -22.788000 -43.186001
c<B>r<107>R<GLN> 17.726000 -19.943001 -44.616001
c<B>r<108>R<LEU> 20.771999 -21.879000 -43.702999
c<B>r<109>R<SER> 19.591999 -24.993999 -45.316002
c<B>r<110>R<SER> 18.860001 -23.188999 -48.542000
c<B>r<111>R<LEU> 22.358000 -21.636999 -48.511002
c<B>r<112>R<ARG> 23.907000 -24.929001 -47.985001
c<B>r<113>R<GLU> 22.124001 -26.475000 -50.856998
c<B>r<114>R<GLN> 23.159000 -23.427999 -53.009998
c<B>r<115>R<MET> 26.777000 -23.891001 -51.952000
c<B>r<117>R<SER> 25.274000 -26.809000 -56.191002
c<B>r<118>R<MET> 27.941999 -24.091999 -56.984001
c<B>r<142>R<VAL> 22.893000 -16.295000 -41.025002
c<B>r<149>R<THR> 19.101000 -15.190000 -31.249001
c<B>r<211>R<VAL> -16.724001 9.382000 53.165001
c<B>r<212>R<ASP> -16.693001 7.845000 55.948002
c<B>r<213>R<GLY> -14.876000 9.451000 57.395000
