1763924937702 88.0 3025
1763924937716 88.0 3025
1763924949301 89.0 3059
1763924949313 89.0 3059
1763924961335 90.0 3093
1763924961341 90.0 3093
1763924973418 91.0 3127
1763924973425 91.0 3127
1763924985454 92.0 3161
1763924985460 92.0 3161
1763924997710 93.0 3195
1763924997712 93.0 3195
1763925010293 94.0 3229
1763925010295 94.0 3229
1763925022710 95.0 3263
1763925022712 95.0 3263
1763925035883 96.0 3297
1763925035886 96.0 3297
1763925048617 97.0 3331
1763925048624 97.0 3331
1763925060697 98.0 3365
1763925060699 98.0 3365
1763925072938 99.0 3399
1763925072940 99.0 3399
1763925086092 100.0 3433
1763925086094 100.0 3433
1763925098827 101.0 3467
1763925098828 101.0 3467
1763925111194 102.0 3501
1763925111196 102.0 3501
1763925124776 103.0 3535
1763925124778 103.0 3535
1763925137943 104.0 3569
1763925137945 104.0 3569
1763925150736 105.0 3603
1763925150738 105.0 3603
1763925163165 106.0 3637
1763925163167 106.0 3637
1763925175858 107.0 3671
1763925175860 107.0 3671
1763925187952 108.0 3705
1763925187954 108.0 3705
1763925200736 109.0 3739
1763925200738 109.0 3739
1763925213686 110.0 3773
1763925213688 110.0 3773
1763925226269 111.0 3807
1763925226271 111.0 3807
1763925243034 112.0 3841
1763925243036 112.0 3841
1763925256525 113.0 3875
1763925256527 113.0 3875
1763925271701 114.0 3909
1763925271704 114.0 3909
1763925287624 115.0 3943
1763925287631 115.0 3943
1763925300773 116.0 3977
1763925300780 116.0 3977
1763925313212 117.0 4011
1763925313219 117.0 4011
1763925325907 118.0 4045
1763925325915 118.0 4045
1763925338871 119.0 4079
1763925338878 119.0 4079
1763925352637 120.0 4113
1763925352644 120.0 4113
1763925365248 121.0 4147
1763925365255 121.0 4147
1763925377857 122.0 4181
1763925377864 122.0 4181
1763925390657 123.0 4215
1763925390664 123.0 4215
1763925403305 124.0 4249
1763925403307 124.0 4249
1763925415739 125.0 4283
1763925415741 125.0 4283
1763925428497 126.0 4317
1763925428500 126.0 4317
1763925441035 127.0 4351
1763925441037 127.0 4351
1763925453801 128.0 4385
1763925453803 128.0 4385
1763925468809 129.0 4419
1763925468817 129.0 4419
1763925483046 130.0 4453
1763925483054 130.0 4453
1763925496105 131.0 4487
1763925496107 131.0 4487
1763925510760 132.0 4521
1763925510762 132.0 4521
1763925512975 133.0 4522
