c<A>r<1>R<MET> -13.565000 22.290001 -4.918000
c<A>r<2>R<HIS> -11.183000 20.570000 -7.360000
c<A>r<3>R<ASN> -11.970000 18.579000 -10.502000
c<A>r<4>R<TYR> -10.099000 15.335000 -11.131000
c<A>r<5>R<VAL> -9.822000 12.548000 -13.698000
c<A>r<6>R<ILE> -8.564000 8.982000 -13.228000
c<A>r<8>R<ASP> -5.345000 4.448000 -16.867001
c<A>r<14>R<PRO> -10.354000 1.082000 -18.857000
c<A>r<15>R<LEU> -9.409000 -1.185000 -15.881000
c<A>r<16>R<GLU> -6.027000 -2.004000 -17.563000
c<A>r<17>R<GLY> -2.785000 0.028000 -17.181000
c<A>r<18>R<ASN> -1.738000 2.011000 -14.080000
c<A>r<19>R<PRO> -4.290000 4.521000 -12.685000
c<A>r<20>R<VAL> -3.338000 8.128000 -11.812000
c<A>r<21>R<ALA> -5.647000 10.710000 -10.215000
c<A>r<33>R<GLN> -3.074000 18.816999 1.769000
c<A>r<36>R<ARG> -3.427000 13.860000 2.322000
c<A>r<37>R<ILE> -5.468000 13.837000 -0.943000
c<A>r<38>R<ALA> -2.957000 11.359000 -2.481000
c<A>r<39>R<ARG> -3.416000 9.164000 0.661000
c<A>r<40>R<GLU> -7.240000 9.504000 0.374000
c<A>r<41>R<MET> -7.262000 8.388000 -3.305000
c<A>r<42>R<ASN> -4.842000 5.524000 -2.382000
c<A>r<43>R<LEU> -3.687000 5.103000 -6.036000
c<A>r<44>R<SER> 0.068000 4.562000 -6.752000
c<A>r<66>R<VAL> 3.189000 8.609000 1.659000
c<A>r<172>R<ASP> 9.978000 -11.736000 0.250000
c<A>r<173>R<HIS> 8.559000 -8.160000 0.507000
c<A>r<174>R<ARG> 10.031000 -7.850000 4.061000
c<A>r<175>R<ALA> 13.509000 -8.709000 2.765000
c<A>r<242>R<ILE> -1.894000 -8.567000 -10.817000
c<A>r<243>R<GLY> -4.592000 -8.288000 -13.562000
c<A>r<244>R<ARG> -3.350000 -4.803000 -14.726000
c<A>r<269>R<VAL> -7.701000 6.195000 -21.250000
c<A>r<270>R<THR> -10.051000 7.980000 -18.830000
c<A>r<271>R<PHE> -11.560000 5.519000 -16.306999
c<A>r<272>R<GLY> -13.501000 8.200000 -14.380000
c<A>r<273>R<ARG> -13.993000 11.904000 -13.597000
c<A>r<274>R<GLY> -15.134000 13.726000 -10.457000
c<A>r<275>R<THR> -14.945000 16.660000 -8.036000
c<A>r<276>R<ILE> -13.650000 16.806000 -4.414000
c<A>r<277>R<VAL> -15.401000 18.972000 -1.755000
c<A>r<278>R<LEU> -12.171000 20.601999 -0.438000
c<B>r<1>R<MET> -21.695000 4.807000 -16.919001
c<B>r<2>R<HIS> -21.966999 4.673000 -13.106000
c<B>r<3>R<ASN> -22.091999 7.498000 -10.561000
c<B>r<4>R<TYR> -20.035000 7.140000 -7.380000
c<B>r<5>R<VAL> -19.320999 8.979000 -4.129000
c<B>r<6>R<ILE> -16.299999 8.645000 -1.827000
c<B>r<8>R<ASP> -15.101000 9.102000 4.695000
c<B>r<14>R<PRO> -12.971000 15.023000 4.892000
c<B>r<15>R<LEU> -9.509000 13.322000 4.756000
c<B>r<16>R<GLU> -10.212000 11.653000 8.175000
c<B>r<17>R<GLY> -12.023000 8.298000 8.710000
c<B>r<18>R<ASN> -11.988000 5.309000 6.312000
c<B>r<19>R<PRO> -12.845000 5.988000 2.603000
c<B>r<20>R<VAL> -15.425000 3.863000 0.746000
c<B>r<21>R<ALA> -16.325001 4.256000 -2.940000
c<B>r<33>R<GLN> -16.298000 -6.203000 -13.287000
c<B>r<36>R<ARG> -11.931000 -4.961000 -11.226000
c<B>r<37>R<ILE> -13.509000 -1.568000 -10.318000
c<B>r<38>R<ALA> -12.680000 -2.206000 -6.615000
c<B>r<39>R<ARG> -9.024000 -2.908000 -7.671000
c<B>r<40>R<GLU> -9.034000 0.260000 -9.864000
c<B>r<41>R<MET> -10.263000 2.489000 -6.984000
c<B>r<42>R<ASN> -7.717000 0.759000 -4.655000
c<B>r<43>R<LEU> -9.610000 1.867000 -1.484000
c<B>r<44>R<SER> -10.005000 -0.680000 1.390000
c<B>r<66>R<VAL> -8.841000 -8.649000 -4.187000
c<B>r<172>R<ASP> 5.872000 -8.183000 11.426000
c<B>r<173>R<HIS> 3.395000 -8.119000 8.461000
c<B>r<174>R<ARG> 4.957000 -11.237000 6.786000
c<B>r<175>R<ALA> 4.578000 -13.160000 10.085000
c<B>r<242>R<ILE> -1.553000 6.361000 9.870000
c<B>r<243>R<GLY> -2.975000 9.951000 9.827000
c<B>r<244>R<ARG> -6.619000 8.683000 9.425000
c<B>r<269>R<VAL> -18.757000 12.860000 5.172000
c<B>r<270>R<THR> -18.530001 13.042000 1.367000
c<B>r<271>R<PHE> -14.906000 13.570000 0.231000
c<B>r<272>R<GLY> -15.735000 13.457000 -3.506000
c<B>r<273>R<ARG> -18.211000 12.452000 -6.233000
c<B>r<274>R<GLY> -17.754999 11.288000 -9.833000
c<B>r<275>R<THR> -18.798000 9.127000 -12.793000
c<B>r<276>R<ILE> -16.964001 6.139000 -14.367000
c<B>r<277>R<VAL> -17.017000 5.536000 -18.173000
c<B>r<278>R<LEU> -18.180000 1.863000 -17.912001
