c<A>r<1>R<ARG> -4.434000 -21.476999 12.911000
c<A>r<2>R<THR> -4.087000 -18.032000 14.805000
c<A>r<3>R<ARG> -0.256000 -17.872000 14.234000
c<A>r<4>R<GLN> -0.604000 -18.431000 10.552000
c<A>r<5>R<LEU> -3.038000 -15.516000 10.252000
c<A>r<6>R<GLN> -0.724000 -13.207000 12.089000
c<A>r<7>R<GLN> 2.158000 -14.173000 9.871000
c<A>r<8>R<LEU> 0.074000 -13.566000 6.808000
c<A>r<9>R<GLN> -0.865000 -10.123000 8.071000
c<A>r<10>R<ASP> 2.782000 -9.279000 8.746000
c<A>r<11>R<ALA> 3.903000 -10.492000 5.355000
c<A>r<12>R<VAL> 1.253000 -8.542000 3.497000
c<A>r<13>R<ILE> 1.925000 -5.366000 5.419000
c<A>r<14>R<GLU> 5.633000 -5.619000 4.810000
c<A>r<15>R<ALA> 5.161000 -6.189000 1.158000
c<A>r<16>R<LEU> 2.782000 -3.243000 0.652000
c<A>r<17>R<ALA> 4.962000 -0.951000 2.746000
c<A>r<18>R<THR> 7.964000 -1.921000 0.647000
c<A>r<19>R<LEU> 6.057000 -1.330000 -2.547000
c<A>r<20>R<GLY> 5.113000 2.206000 -1.327000
c<A>r<21>R<ASP> 8.875000 3.048000 -1.029000
c<A>r<22>R<LEU> 9.727000 2.058000 -4.597000
c<A>r<23>R<ARG> 9.250000 5.525000 -6.037000
c<A>r<24>R<ASP> 11.906000 7.259000 -3.907000
c<A>r<26>R<PRO> 13.851000 1.216000 -5.240000
c<A>r<69>R<LEU> 4.037000 2.042000 7.897000
c<A>r<72>R<ILE> 3.112000 4.945000 3.941000
c<A>r<73>R<GLY> 1.561000 8.365000 3.198000
c<A>r<74>R<LYS> 4.299000 9.199000 0.817000
c<A>r<75>R<VAL> 2.458000 7.211000 -1.842000
c<A>r<76>R<ALA> 0.165000 10.254000 -2.101000
c<A>r<77>R<VAL> 2.988000 12.855000 -2.638000
c<A>r<78>R<PRO> 3.559000 14.021000 -6.231000
c<A>r<79>R<ASP> 6.845000 13.030000 -7.913000
c<A>r<80>R<ARG> 7.871000 16.611000 -8.581000
c<A>r<102>R<ALA> -2.372000 10.940000 4.382000
c<A>r<103>R<GLY> -0.872000 8.028000 6.259000
c<A>r<105>R<ASP> -6.119000 9.124000 7.529000
c<A>r<106>R<ALA> -5.594000 5.823000 5.813000
c<A>r<107>R<LEU> -4.907000 4.026000 9.031000
c<A>r<108>R<ALA> -7.726000 5.756000 10.795000
c<A>r<109>R<SER> -10.071000 4.527000 8.096000
c<A>r<110>R<ALA> -8.873000 0.999000 8.757000
c<A>r<111>R<GLU> -9.638000 1.464000 12.474000
c<A>r<112>R<ARG> -13.112000 2.635000 11.697000
c<A>r<113>R<ARG> -13.708000 -0.319000 9.447000
c<A>r<114>R<LEU> -12.425000 -2.752000 12.021000
c<A>r<115>R<GLY> -14.868000 -1.276000 14.562000
c<A>r<116>R<GLN> -12.751000 -2.418000 17.525000
c<A>r<117>R<PRO> -9.579000 -1.212000 19.169001
c<A>r<118>R<SER> -6.315000 -2.484000 17.663000
c<A>r<120>R<PHE> -1.321000 -2.378000 15.878000
c<A>r<121>R<LEU> -3.497000 0.232000 14.103000
c<B>r<1>R<ARG> -9.897000 -14.433000 18.391001
c<B>r<2>R<THR> -9.423000 -15.862000 14.713000
c<B>r<3>R<ARG> -12.295000 -13.678000 13.264000
c<B>r<4>R<GLN> -10.876000 -10.520000 14.713000
c<B>r<5>R<LEU> -7.506000 -11.158000 13.061000
c<B>r<6>R<GLN> -9.097000 -11.722000 9.712000
c<B>r<7>R<GLN> -11.079000 -8.539000 10.008000
c<B>r<8>R<LEU> -7.981000 -6.620000 10.928000
c<B>r<9>R<GLN> -6.178000 -7.988000 7.871000
c<B>r<10>R<ASP> -9.097000 -7.016000 5.622000
c<B>r<11>R<ALA> -9.296000 -3.532000 7.052000
c<B>r<12>R<VAL> -5.591000 -2.878000 6.683000
c<B>r<13>R<ILE> -5.486000 -4.183000 3.146000
c<B>r<14>R<GLU> -8.427000 -2.068000 2.127000
c<B>r<15>R<ALA> -6.944000 1.004000 3.628000
c<B>r<16>R<LEU> -3.521000 0.569000 1.979000
c<B>r<17>R<ALA> -5.095000 -0.283000 -1.360000
c<B>r<18>R<THR> -7.214000 2.857000 -1.150000
c<B>r<19>R<LEU> -4.205000 4.940000 -0.254000
c<B>r<20>R<GLY> -2.322000 3.576000 -3.325000
c<B>r<21>R<ASP> -5.156000 4.898000 -5.583000
c<B>r<22>R<LEU> -5.016000 8.462000 -4.279000
c<B>r<23>R<ARG> -2.548000 9.719000 -6.866000
c<B>r<24>R<ASP> -4.778000 9.005000 -9.887000
c<B>r<26>R<PRO> -8.483000 10.888000 -4.902000
c<B>r<69>R<LEU> -4.974000 -5.194000 -4.863000
c<B>r<72>R<ILE> -1.491000 -1.921000 -6.245000
c<B>r<73>R<GLY> 1.536000 -1.783000 -8.589000
c<B>r<74>R<LYS> 0.542000 1.570000 -9.848000
c<B>r<75>R<VAL> 2.219000 3.095000 -6.802000
c<B>r<76>R<ALA> 5.494000 2.447000 -8.679000
c<B>r<77>R<VAL> 4.457000 4.265000 -11.941000
c<B>r<78>R<PRO> 5.829000 7.804000 -12.402000
c<B>r<79>R<ASP> 3.325000 10.683000 -12.349000
c<B>r<80>R<ARG> 4.272000 11.902000 -15.798000
c<B>r<102>R<ALA> 5.437000 -4.453000 -9.707000
c<B>r<103>R<GLY> 2.260000 -5.601000 -8.049000
c<B>r<105>R<ASP> 6.555000 -8.980000 -7.363000
c<B>r<106>R<ALA> 5.359000 -7.351000 -4.202000
c<B>r<107>R<LEU> 2.819000 -10.020000 -3.555000
c<B>r<108>R<ALA> 5.217000 -12.755000 -4.456000
c<B>r<109>R<SER> 7.631000 -11.391000 -1.884000
c<B>r<110>R<ALA> 4.891000 -11.630000 0.706000
c<B>r<111>R<GLU> 4.322000 -15.285000 -0.260000
c<B>r<112>R<ARG> 7.968000 -16.039000 0.135000
c<B>r<113>R<ARG> 8.046000 -14.404000 3.522000
c<B>r<114>R<LEU> 4.991000 -16.289000 4.672000
c<B>r<115>R<GLY> 6.676000 -19.566999 3.652000
c<B>r<116>R<GLN> 3.337000 -21.363001 3.252000
c<B>r<117>R<PRO> 0.612000 -21.409000 0.644000
c<B>r<118>R<SER> -2.048000 -18.700001 0.928000
c<B>r<120>R<PHE> -5.436000 -14.910000 -0.618000
c<B>r<121>R<LEU> -1.865000 -14.142000 -1.772000
