1764614468701 0.0 15
1764614468714 0.0 15
1764614494821 1.0 31
1764614494834 1.0 31
1764614521554 2.0 47
1764614521567 2.0 47
1764614548163 3.0 63
1764614548172 3.0 63
1764614575167 4.0 79
1764614575181 4.0 79
1764614602531 5.0 95
1764614602544 5.0 95
1764614630256 6.0 111
1764614630269 6.0 111
1764614658227 7.0 127
1764614658240 7.0 127
1764614685700 8.0 143
1764614685713 8.0 143
1764614712975 9.0 159
1764614712978 9.0 159
1764614740556 10.0 175
1764614740565 10.0 175
1764614767601 11.0 191
1764614767610 11.0 191
1764614794943 12.0 207
1764614794955 12.0 207
1764614822273 13.0 223
1764614822286 13.0 223
1764614849668 14.0 239
1764614849681 14.0 239
1764614877437 15.0 255
1764614877440 15.0 255
1764614905022 16.0 271
1764614905030 16.0 271
1764614932533 17.0 287
1764614932546 17.0 287
1764614960571 18.0 303
1764614960584 18.0 303
1764614987976 19.0 319
1764614987983 19.0 319
1764615015849 20.0 335
1764615015862 20.0 335
1764615042901 21.0 351
1764615042904 21.0 351
1764615071205 22.0 367
1764615071218 22.0 367
1764615098591 23.0 383
1764615098604 23.0 383
1764615126004 24.0 399
1764615126006 24.0 399
1764615153601 25.0 415
1764615153603 25.0 415
1764615181156 26.0 431
1764615181159 26.0 431
1764615208652 27.0 447
1764615208655 27.0 447
1764615236018 28.0 463
1764615236032 28.0 463
1764615264495 29.0 479
1764615264508 29.0 479
1764615292390 30.0 495
1764615292393 30.0 495
1764615320138 31.0 511
1764615320153 31.0 511
1764615347547 32.0 527
1764615347561 32.0 527
1764615374947 33.0 543
1764615374950 33.0 543
1764615402176 34.0 559
1764615402185 34.0 559
1764615429858 35.0 575
1764615429872 35.0 575
1764615457330 36.0 591
1764615457333 36.0 591
1764615484681 37.0 607
1764615484684 37.0 607
1764615512125 38.0 623
1764615512135 38.0 623
1764615539856 39.0 639
1764615539859 39.0 639
1764615567415 40.0 655
1764615567418 40.0 655
1764615594753 41.0 671
1764615594755 41.0 671
1764615622592 42.0 687
1764615622595 42.0 687
1764615650475 43.0 703
1764615650478 43.0 703
1764615677850 44.0 719
1764615677853 44.0 719
1764615705703 45.0 735
1764615705713 45.0 735
1764615733741 46.0 751
1764615733743 46.0 751
1764615761415 47.0 767
1764615761418 47.0 767
1764615788889 48.0 783
1764615788891 48.0 783
1764615816667 49.0 799
1764615816682 49.0 799
1764615844309 50.0 815
1764615844311 50.0 815
1764615872796 51.0 831
1764615872799 51.0 831
1764615900175 52.0 847
1764615900190 52.0 847
1764615927807 53.0 863
1764615927810 53.0 863
1764615955520 54.0 879
1764615955523 54.0 879
1764615983456 55.0 895
1764615983458 55.0 895
1764616011083 56.0 911
1764616011096 56.0 911
1764616038913 57.0 927
1764616038915 57.0 927
1764616066610 58.0 943
1764616066612 58.0 943
1764616094491 59.0 959
1764616094500 59.0 959
1764616122377 60.0 975
1764616122389 60.0 975
1764616149867 61.0 991
1764616149880 61.0 991
1764616177676 62.0 1007
1764616177679 62.0 1007
1764616205205 63.0 1023
1764616205220 63.0 1023
1764616232864 64.0 1039
1764616232877 64.0 1039
1764616261188 65.0 1055
1764616261202 65.0 1055
1764616289130 66.0 1071
1764616289133 66.0 1071
1764616317861 67.0 1087
1764616317863 67.0 1087
1764616345757 68.0 1103
1764616345759 68.0 1103
1764616373386 69.0 1119
1764616373388 69.0 1119
1764616401182 70.0 1135
1764616401184 70.0 1135
1764616428967 71.0 1151
1764616428970 71.0 1151
1764616457023 72.0 1167
1764616457026 72.0 1167
1764616484884 73.0 1183
1764616484886 73.0 1183
1764616512712 74.0 1199
1764616512715 74.0 1199
1764616540565 75.0 1215
1764616540568 75.0 1215
1764616568643 76.0 1231
1764616568645 76.0 1231
1764616596830 77.0 1247
1764616596832 77.0 1247
1764616624587 78.0 1263
1764616624589 78.0 1263
1764616652131 79.0 1279
1764616652134 79.0 1279
1764616679905 80.0 1295
1764616679908 80.0 1295
1764616707634 81.0 1311
1764616707637 81.0 1311
1764616735430 82.0 1327
1764616735433 82.0 1327
1764616762791 83.0 1343
1764616762794 83.0 1343
1764616790207 84.0 1359
1764616790218 84.0 1359
1764616817869 85.0 1375
1764616817882 85.0 1375
1764616845721 86.0 1391
1764616845724 86.0 1391
1764616873595 87.0 1407
1764616873598 87.0 1407
1764616901088 88.0 1423
1764616901091 88.0 1423
1764616928939 89.0 1439
1764616928942 89.0 1439
1764616956775 90.0 1455
1764616956789 90.0 1455
1764616984091 91.0 1471
1764616984094 91.0 1471
1764617011620 92.0 1487
1764617011630 92.0 1487
1764617039261 93.0 1503
1764617039270 93.0 1503
1764617066955 94.0 1519
1764617066967 94.0 1519
1764617094675 95.0 1535
1764617094678 95.0 1535
1764617122559 96.0 1551
1764617122567 96.0 1551
1764617150515 97.0 1567
1764617150528 97.0 1567
1764617178265 98.0 1583
1764617178273 98.0 1583
1764617205537 99.0 1599
1764617205540 99.0 1599
1764617233670 100.0 1615
1764617233679 100.0 1615
1764617261135 101.0 1631
1764617261148 101.0 1631
1764617289101 102.0 1647
1764617289104 102.0 1647
1764617316877 103.0 1663
1764617316886 103.0 1663
1764617344563 104.0 1679
1764617344566 104.0 1679
1764617372905 105.0 1695
1764617372908 105.0 1695
1764617400642 106.0 1711
1764617400645 106.0 1711
1764617428874 107.0 1727
1764617428876 107.0 1727
1764617456584 108.0 1743
1764617456587 108.0 1743
1764617484728 109.0 1759
1764617484738 109.0 1759
1764617512697 110.0 1775
1764617512701 110.0 1775
1764617540737 111.0 1791
1764617540740 111.0 1791
1764617568945 112.0 1807
1764617568950 112.0 1807
1764617596968 113.0 1823
1764617596970 113.0 1823
1764617624883 114.0 1839
1764617624886 114.0 1839
1764617652828 115.0 1855
1764617652830 115.0 1855
1764617680142 116.0 1871
1764617680145 116.0 1871
1764617708165 117.0 1887
1764617708167 117.0 1887
1764617735870 118.0 1903
1764617735872 118.0 1903
1764617763871 119.0 1919
1764617763873 119.0 1919
1764617791349 120.0 1935
1764617791351 120.0 1935
1764617819164 121.0 1951
1764617819174 121.0 1951
1764617847556 122.0 1967
1764617847559 122.0 1967
1764617875410 123.0 1983
1764617875413 123.0 1983
1764617903184 124.0 1999
1764617903187 124.0 1999
1764617931014 125.0 2015
1764617931017 125.0 2015
1764617959445 126.0 2031
1764617959448 126.0 2031
1764617987184 127.0 2047
1764617987187 127.0 2047
1764618015410 128.0 2063
1764618015413 128.0 2063
1764618043408 129.0 2079
1764618043411 129.0 2079
1764618071994 130.0 2095
1764618072008 130.0 2095
1764618100441 131.0 2111
1764618100444 131.0 2111
1764618128337 132.0 2127
1764618128346 132.0 2127
1764618156272 133.0 2143
1764618156275 133.0 2143
1764618184199 134.0 2159
1764618184202 134.0 2159
1764618212627 135.0 2175
1764618212636 135.0 2175
1764618240442 136.0 2191
1764618240444 136.0 2191
1764618268522 137.0 2207
1764618268525 137.0 2207
1764618296495 138.0 2223
1764618296498 138.0 2223
1764618324446 139.0 2239
1764618324449 139.0 2239
1764618352519 140.0 2255
1764618352522 140.0 2255
1764618380094 141.0 2271
1764618380097 141.0 2271
1764618408408 142.0 2287
1764618408411 142.0 2287
1764618436463 143.0 2303
1764618436466 143.0 2303
1764618464601 144.0 2319
1764618464604 144.0 2319
1764618492552 145.0 2335
1764618492556 145.0 2335
1764618520351 146.0 2351
1764618520354 146.0 2351
1764618548006 147.0 2367
1764618548009 147.0 2367
1764618576958 148.0 2383
1764618576961 148.0 2383
1764618605260 149.0 2399
1764618605262 149.0 2399
1764618633499 150.0 2415
1764618633502 150.0 2415
1764618661466 151.0 2431
1764618661470 151.0 2431
1764618689459 152.0 2447
1764618689462 152.0 2447
1764618717340 153.0 2463
1764618717350 153.0 2463
1764618745009 154.0 2479
1764618745012 154.0 2479
1764618772791 155.0 2495
1764618772794 155.0 2495
1764618800614 156.0 2511
1764618800617 156.0 2511
1764618828295 157.0 2527
1764618828298 157.0 2527
1764618856226 158.0 2543
1764618856235 158.0 2543
1764618883792 159.0 2559
1764618883795 159.0 2559
1764618911583 160.0 2575
1764618911586 160.0 2575
1764618939691 161.0 2591
1764618939694 161.0 2591
1764618967641 162.0 2607
1764618967644 162.0 2607
1764618995739 163.0 2623
1764618995741 163.0 2623
1764619023743 164.0 2639
1764619023747 164.0 2639
1764619051300 165.0 2655
1764619051303 165.0 2655
1764619079286 166.0 2671
1764619079290 166.0 2671
1764619107138 167.0 2687
1764619107142 167.0 2687
1764619135007 168.0 2703
1764619135010 168.0 2703
1764619163018 169.0 2719
1764619163027 169.0 2719
1764619190816 170.0 2735
1764619190819 170.0 2735
1764619218853 171.0 2751
1764619218865 171.0 2751
1764619246724 172.0 2767
1764619246733 172.0 2767
1764619275005 173.0 2783
1764619275008 173.0 2783
1764619303632 174.0 2799
1764619303635 174.0 2799
1764619331942 175.0 2815
1764619331945 175.0 2815
1764619359746 176.0 2831
1764619359749 176.0 2831
1764619387697 177.0 2847
1764619387713 177.0 2847
1764619416178 178.0 2863
1764619416182 178.0 2863
1764619443746 179.0 2879
1764619443749 179.0 2879
1764619471378 180.0 2895
1764619471381 180.0 2895
1764619499356 181.0 2911
1764619499359 181.0 2911
1764619527366 182.0 2927
1764619527369 182.0 2927
1764619555508 183.0 2943
1764619555511 183.0 2943
1764619583769 184.0 2959
1764619583773 184.0 2959
1764619611189 185.0 2975
1764619611192 185.0 2975
1764619639262 186.0 2991
1764619639265 186.0 2991
1764619666723 187.0 3007
1764619666726 187.0 3007
1764619694025 188.0 3023
1764619694028 188.0 3023
1764619721923 189.0 3039
1764619721926 189.0 3039
1764619749711 190.0 3055
1764619749714 190.0 3055
1764619777696 191.0 3071
1764619777699 191.0 3071
1764619805404 192.0 3087
1764619805408 192.0 3087
1764619833077 193.0 3103
1764619833086 193.0 3103
1764619860850 194.0 3119
1764619860864 194.0 3119
1764619888772 195.0 3135
1764619888776 195.0 3135
1764619916701 196.0 3151
1764619916704 196.0 3151
1764619945032 197.0 3167
1764619945035 197.0 3167
1764619973583 198.0 3183
1764619973586 198.0 3183
1764620002781 199.0 3199
1764620002784 199.0 3199
1764620031615 200.0 3215
1764620031618 200.0 3215
1764620060217 201.0 3231
1764620060220 201.0 3231
1764620088490 202.0 3247
1764620088493 202.0 3247
1764620116235 203.0 3263
1764620116237 203.0 3263
1764620144949 204.0 3279
1764620144952 204.0 3279
1764620172900 205.0 3295
1764620172903 205.0 3295
1764620200623 206.0 3311
1764620200633 206.0 3311
1764620228462 207.0 3327
1764620228465 207.0 3327
1764620256371 208.0 3343
1764620256374 208.0 3343
1764620284366 209.0 3359
1764620284375 209.0 3359
1764620312317 210.0 3375
1764620312331 210.0 3375
1764620340294 211.0 3391
1764620340297 211.0 3391
1764620367796 212.0 3407
1764620367799 212.0 3407
1764620395292 213.0 3423
1764620395294 213.0 3423
1764620423429 214.0 3439
1764620423432 214.0 3439
1764620451848 215.0 3455
1764620451851 215.0 3455
1764620480032 216.0 3471
1764620480035 216.0 3471
1764620508413 217.0 3487
1764620508416 217.0 3487
1764620537283 218.0 3503
1764620537287 218.0 3503
1764620565323 219.0 3519
1764620565325 219.0 3519
1764620593053 220.0 3535
1764620593056 220.0 3535
1764620621087 221.0 3551
1764620621090 221.0 3551
1764620648769 222.0 3567
1764620648772 222.0 3567
1764620676705 223.0 3583
1764620676708 223.0 3583
1764620704734 224.0 3599
1764620704737 224.0 3599
1764620733273 225.0 3615
1764620733276 225.0 3615
1764620761490 226.0 3631
1764620761493 226.0 3631
1764620789771 227.0 3647
1764620789774 227.0 3647
1764620817645 228.0 3663
1764620817648 228.0 3663
1764620845718 229.0 3679
1764620845722 229.0 3679
1764620873527 230.0 3695
1764620873530 230.0 3695
1764620901427 231.0 3711
1764620901430 231.0 3711
1764620929329 232.0 3727
1764620929332 232.0 3727
1764620957043 233.0 3743
1764620957046 233.0 3743
1764620984714 234.0 3759
1764620984717 234.0 3759
1764621012663 235.0 3775
1764621012666 235.0 3775
1764621040647 236.0 3791
1764621040650 236.0 3791
1764621068646 237.0 3807
1764621068649 237.0 3807
1764621096557 238.0 3823
1764621096560 238.0 3823
1764621124026 239.0 3839
1764621124029 239.0 3839
1764621152114 240.0 3855
1764621152117 240.0 3855
1764621179658 241.0 3871
1764621179661 241.0 3871
1764621207758 242.0 3887
1764621207760 242.0 3887
1764621235433 243.0 3903
1764621235436 243.0 3903
1764621263038 244.0 3919
1764621263041 244.0 3919
1764621291412 245.0 3935
1764621291415 245.0 3935
1764621321278 246.0 3951
1764621321281 246.0 3951
1764621349976 247.0 3967
1764621349978 247.0 3967
1764621378568 248.0 3983
1764621378571 248.0 3983
1764621406940 249.0 3999
1764621406943 249.0 3999
1764621435510 250.0 4015
1764621435513 250.0 4015
1764621464266 251.0 4031
1764621464269 251.0 4031
1764621492662 252.0 4047
1764621492664 252.0 4047
1764621520845 253.0 4063
1764621520848 253.0 4063
1764621550364 254.0 4079
1764621550367 254.0 4079
1764621578702 255.0 4095
1764621578705 255.0 4095
1764621606661 256.0 4111
1764621606664 256.0 4111
1764621634576 257.0 4127
1764621634579 257.0 4127
1764621662470 258.0 4143
1764621662473 258.0 4143
1764621690918 259.0 4159
1764621690921 259.0 4159
1764621718651 260.0 4175
1764621718654 260.0 4175
1764621723958 261.0 4176
