c<A>r<29>R<GLU> 83.584000 67.924004 -26.577000
c<A>r<33>R<VAL> 84.399002 70.984001 -31.827999
c<A>r<37>R<GLY> 83.781998 75.406998 -30.533001
c<A>r<38>R<HIS> 84.466003 73.519997 -27.297001
c<A>r<39>R<LEU> 82.632004 72.563004 -24.127001
c<A>r<40>R<ALA> 82.132004 75.869003 -22.327999
c<A>r<41>R<SER> 84.973000 77.322998 -20.289000
c<A>r<42>R<ILE> 83.918999 79.866997 -17.632000
c<A>r<43>R<ASP> 86.346001 82.676003 -16.813000
c<A>r<44>R<SER> 84.389000 84.958000 -14.480000
c<A>r<45>R<LYS> 81.494003 84.995003 -12.016000
c<A>r<46>R<GLU> 79.528000 87.086998 -14.504000
c<A>r<47>R<GLU> 80.039001 84.574997 -17.320000
c<A>r<48>R<ALA> 79.179001 81.837997 -14.803000
c<A>r<56>R<SER> 68.264999 76.794998 -16.079000
c<A>r<59>R<LEU> 66.884003 72.219002 -18.987000
c<A>r<62>R<PHE> 66.348000 69.738998 -13.140000
c<A>r<63>R<VAL> 67.110001 66.019997 -13.553000
c<A>r<64>R<TYR> 70.508003 65.985001 -15.257000
c<A>r<65>R<ASP> 73.853996 67.612999 -14.609000
c<A>r<68>R<ILE> 81.276001 71.898003 -19.094000
c<A>r<69>R<GLY> 84.835999 71.827003 -20.462000
c<A>r<70>R<LEU> 86.779999 71.126999 -17.264999
c<A>r<71>R<ARG> 88.695999 67.867996 -16.673000
c<A>r<72>R<ASP> 91.181000 66.444000 -14.152000
c<A>r<73>R<GLU> 94.147003 65.568001 -16.379000
c<A>r<74>R<SER> 96.094002 63.473999 -13.853000
c<A>r<75>R<LYS> 96.982002 60.019001 -15.188000
c<A>r<78>R<GLN> 92.268997 59.912998 -8.392000
c<A>r<79>R<CYS> 94.291000 63.101002 -7.954000
c<A>r<80>R<SER> 96.680000 62.449001 -5.051000
c<A>r<81>R<PRO> 100.185997 61.478001 -6.240000
c<A>r<82>R<GLN> 101.168999 60.194000 -2.770000
c<A>r<83>R<TRP> 99.773003 58.584000 0.405000
c<A>r<84>R<THR> 100.123001 60.243999 3.804000
c<A>r<85>R<ASP> 102.991997 57.858002 4.625000
c<A>r<86>R<GLY> 104.848999 59.389999 1.705000
c<A>r<87>R<SER> 104.842003 56.418999 -0.642000
c<A>r<88>R<SER> 103.943001 57.013000 -4.287000
c<A>r<89>R<VAL> 100.487999 56.134998 -5.546000
c<A>r<90>R<VAL> 101.055000 53.379002 -8.108000
c<A>r<91>R<TYR> 98.435997 50.730000 -7.358000
c<A>r<92>R<GLU> 94.866997 52.132000 -7.315000
c<A>r<93>R<ASN> 91.421997 50.576000 -6.875000
c<A>r<94>R<VAL> 89.010002 53.527000 -7.081000
c<A>r<95>R<ASP> 85.417999 52.254002 -7.454000
c<A>r<96>R<GLU> 84.306999 54.882000 -9.976000
c<A>r<97>R<PRO> 86.794998 57.646000 -10.916000
c<A>r<98>R<THR> 85.216003 61.084999 -11.329000
c<A>r<99>R<LYS> 87.518997 63.208000 -13.501000
c<A>r<100>R<CYS> 85.092003 65.252998 -15.611000
c<A>r<101>R<PHE> 83.115997 68.278000 -14.389000
c<A>r<103>R<LEU> 77.051003 71.999001 -13.599000
c<A>r<104>R<ASP> 75.553001 70.473999 -10.422000
c<A>r<105>R<VAL> 71.791000 69.940002 -10.721000
c<A>r<106>R<HIS> 71.494003 70.045998 -6.923000
c<A>r<107>R<THR> 72.553001 73.696999 -6.748000
c<A>r<108>R<GLU> 70.443001 74.527000 -9.811000
c<A>r<109>R<TYR> 73.570999 74.660004 -11.954000
c<A>r<110>R<ARG> 75.174004 77.230003 -9.650000
c<A>r<111>R<THR> 78.255997 75.153999 -8.755000
c<A>r<112>R<TRP> 80.561996 72.573997 -10.329000
c<A>r<113>R<THR> 80.766998 68.873001 -9.433000
c<A>r<114>R<ASP> 83.049004 65.953003 -10.375000
c<A>r<115>R<LEU> 81.335999 63.166000 -12.328000
c<A>r<116>R<PRO> 82.117996 59.900002 -14.159000
c<A>r<119>R<GLU> 78.017998 59.307999 -17.809999
c<A>r<120>R<LYS> 75.550003 60.620998 -20.410000
c<A>r<121>R<ASN> 74.435997 64.208000 -19.774000
c<A>r<126>R<LYS> 80.883003 77.789001 -26.566000
c<A>r<127>R<SER> 82.430000 79.252998 -29.722000
c<B>r<29>R<GLU> 95.658997 60.188999 10.567000
c<B>r<33>R<LYS> 100.985001 59.325001 13.804000
c<B>r<38>R<GLY> 106.271004 56.162998 11.293000
c<B>r<39>R<GLY> 102.605003 55.466000 11.908000
c<B>r<40>R<HIS> 99.973999 56.588001 9.412000
c<B>r<41>R<LEU> 96.549004 55.855999 8.033000
c<B>r<42>R<MET> 97.025002 52.749001 5.912000
c<B>r<43>R<SER> 98.385002 52.936001 2.374000
c<B>r<44>R<VAL> 97.351997 50.198002 -0.084000
c<B>r<45>R<ASN> 100.222000 49.353001 -2.417000
c<B>r<46>R<SER> 99.072998 46.044998 -3.925000
c<B>r<47>R<ARG> 95.931999 43.976002 -4.468000
c<B>r<50>R<GLY> 94.182999 45.181000 0.105000
c<B>r<62>R<ARG> 82.858002 43.202999 11.320000
c<B>r<63>R<ILE> 83.886002 46.574001 9.879000
c<B>r<64>R<VAL> 82.865997 47.382000 6.283000
c<B>r<65>R<LEU> 84.374001 50.848000 5.762000
c<B>r<68>R<ILE> 92.772003 55.004002 4.078000
c<B>r<69>R<GLY> 95.622002 57.498001 3.706000
c<B>r<70>R<LEU> 94.391998 59.238998 0.568000
c<B>r<71>R<SER> 93.038002 62.804001 0.436000
c<B>r<72>R<HIS> 93.335999 65.913002 -1.741000
c<B>r<73>R<PHE> 91.917999 69.373001 -2.508000
c<B>r<74>R<TRP> 90.964996 70.330002 -6.078000
c<B>r<76>R<ILE> 96.221001 70.694000 -6.124000
c<B>r<77>R<CYS> 94.872002 68.806000 -9.156000
c<B>r<78>R<PRO> 95.749001 69.494003 -12.813000
c<B>r<79>R<LEU> 92.336998 70.845001 -13.838000
c<B>r<80>R<ARG> 92.355003 72.151001 -17.410999
c<B>r<81>R<TRP> 89.816002 73.799004 -19.709999
c<B>r<82>R<THR> 89.329002 72.004997 -22.997000
c<B>r<83>R<ASP> 89.876999 75.322998 -24.809000
c<B>r<84>R<GLY> 93.236000 76.109001 -23.205999
c<B>r<85>R<ALA> 91.883003 78.981003 -21.125999
c<B>r<86>R<ARG> 93.448997 79.464996 -17.702000
c<B>r<87>R<LEU> 91.547997 78.335999 -14.624000
c<B>r<88>R<ASP> 90.836998 81.682999 -12.961000
c<B>r<89>R<TYR> 87.275002 81.574997 -11.676000
c<B>r<90>R<ARG> 86.174004 78.311996 -10.062000
c<B>r<91>R<ALA> 82.892998 77.117996 -8.616000
c<B>r<92>R<LEU> 84.288002 73.970001 -7.032000
c<B>r<93>R<SER> 84.153999 72.875000 -3.412000
c<B>r<97>R<ILE> 88.153000 64.792000 -0.668000
c<B>r<99>R<PHE> 88.699997 57.970001 0.651000
c<B>r<100>R<VAL> 87.491997 54.887001 2.514000
c<B>r<101>R<ALA> 88.005997 51.290001 1.449000
c<B>r<102>R<GLU> 85.032997 48.886002 1.564000
c<B>r<103>R<SER> 85.606003 45.386002 2.948000
c<B>r<104>R<PHE> 83.627998 43.373001 0.372000
c<B>r<105>R<HIS> 85.473999 44.215000 -2.864000
c<B>r<106>R<ASN> 88.394997 46.292999 -1.556000
c<B>r<107>R<LYS> 87.346001 49.230000 -3.755000
c<B>r<108>R<TRP> 87.971001 52.841999 -2.692000
c<B>r<109>R<ILE> 85.070999 55.327999 -2.427000
c<B>r<110>R<GLN> 85.094002 59.132000 -2.128000
c<B>r<111>R<TRP> 83.723000 60.227001 1.241000
c<B>r<112>R<THR> 83.151001 63.486000 3.114000
c<B>r<114>R<ASN> 84.360001 65.402000 8.390000
c<B>r<115>R<ARG> 82.322998 62.215000 8.890000
c<B>r<116>R<LYS> 83.306999 59.584999 11.467000
c<B>r<117>R<LYS> 84.559998 56.202000 10.302000
c<B>r<122>R<LYS> 100.105003 50.962002 9.477000
c<B>r<123>R<TYR> 103.860001 51.247002 10.114000
c<C>r<511>R<ARG> 65.733002 74.207001 0.512000
c<C>r<512>R<LEU> 63.965000 72.859001 -2.582000
c<C>r<513>R<LEU> 63.944000 69.112000 -2.119000
c<C>r<609>R<ILE> 58.318001 65.526001 -12.637000
c<C>r<611>R<ARG> 58.812000 69.920998 -9.653000
c<C>r<612>R<PRO> 61.903999 70.396004 -11.849000
c<C>r<613>R<GLU> 63.213001 73.025002 -9.412000
c<C>r<614>R<ALA> 63.837002 70.526001 -6.601000
c<C>r<615>R<SER> 66.601997 67.998001 -6.045000
c<C>r<616>R<ARG> 65.421997 64.402000 -5.696000
c<C>r<641>R<LEU> 67.084999 56.834999 -11.122000
c<C>r<642>R<LYS> 70.567001 58.202999 -11.789000
c<C>r<643>R<LYS> 69.428001 59.370998 -15.224000
c<C>r<644>R<LYS> 66.606003 61.352001 -13.614000
c<C>r<645>R<LYS> 69.059998 62.851002 -11.121000
c<C>r<646>R<VAL> 67.386002 60.973000 -8.282000
c<C>r<647>R<ILE> 70.150002 60.625000 -5.711000
c<C>r<655>R<PRO> 74.732002 42.417000 9.120000
c<C>r<659>R<LEU> 76.055000 45.355999 1.231000
c<C>r<660>R<LYS> 76.647003 44.224998 -2.357000
c<C>r<663>R<ARG> 78.146004 49.202999 -3.082000
c<C>r<664>R<LEU> 76.523003 49.029999 -6.537000
c<C>r<666>R<GLU> 77.403000 54.113998 -4.561000
c<C>r<667>R<LYS> 79.163002 53.284000 -7.830000
c<C>r<668>R<GLN> 76.367996 54.658001 -10.038000
c<C>r<669>R<ALA> 76.703003 58.341999 -9.101000
c<C>r<670>R<PRO> 79.091003 60.443001 -6.981000
c<C>r<671>R<GLU> 76.251999 61.861000 -4.856000
c<C>r<673>R<LYS> 76.646004 58.158001 -0.605000
c<C>r<674>R<ALA> 76.277000 55.144001 1.668000
c<C>r<675>R<PHE> 75.924004 55.112000 5.453000
c<C>r<676>R<VAL> 76.698997 51.709000 6.959000
c<C>r<677>R<LEU> 75.469002 51.279999 10.536000
c<C>r<678>R<SER> 75.702003 48.370998 12.968000
c<C>r<686>R<GLN> 74.254997 59.977001 12.426000
c<C>r<689>R<GLU> 75.128998 64.342003 9.467000
c<C>r<690>R<ILE> 72.723999 62.650002 7.051000
c<C>r<693>R<TYR> 74.556000 65.931999 3.535000
c<C>r<694>R<LEU> 71.275002 65.755997 1.645000
c<C>r<695>R<CYS> 70.245003 69.341003 2.394000
c<C>r<696>R<ASP> 73.580002 70.528999 0.963000
c<C>r<697>R<LEU> 72.693001 68.669998 -2.236000
c<C>r<698>R<ALA> 69.488998 70.657997 -2.784000
c<C>r<699>R<PRO> 69.139999 74.102997 -4.410000
c<C>r<700>R<GLU> 68.458000 77.175003 -2.280000
c<C>r<701>R<ALA> 65.196999 78.992996 -3.011000
