c<A>r<1>R<MET> 24.662001 2.066000 16.648001
c<A>r<2>R<THR> 22.396000 5.224000 16.323000
c<A>r<3>R<ALA> 22.409000 5.250000 12.467000
c<A>r<4>R<GLU> 21.871000 1.426000 12.263000
c<A>r<5>R<ALA> 18.962999 1.683000 14.767000
c<A>r<6>R<LEU> 17.441999 4.541000 12.681000
c<A>r<7>R<GLU> 17.780001 2.466000 9.472000
c<A>r<8>R<LEU> 16.334000 -0.656000 11.149000
c<A>r<9>R<GLY> 13.461000 1.561000 12.437000
c<A>r<10>R<ARG> 12.685000 2.726000 8.852000
c<A>r<11>R<GLN> 12.601000 -0.899000 7.594000
c<A>r<12>R<GLN> 10.324000 -1.892000 10.567000
c<A>r<13>R<ALA> 7.651000 0.841000 10.039000
c<A>r<14>R<GLN> 5.466000 -1.160000 7.597000
c<A>r<15>R<LEU> 6.102000 -4.417000 9.547000
c<A>r<16>R<LEU> 4.312000 -2.947000 12.626000
c<A>r<17>R<ARG> 1.093000 -2.726000 10.534000
c<A>r<18>R<ARG> -1.439000 -5.483000 11.382000
c<A>r<19>R<SER> -5.143000 -5.822000 10.564000
c<A>r<34>R<GLU> -4.884000 14.044000 12.873000
c<A>r<35>R<ALA> -1.071000 13.582000 12.694000
c<A>r<36>R<ALA> -1.481000 10.100000 11.116000
c<A>r<37>R<VAL> -3.897000 11.547000 8.470000
c<A>r<38>R<ALA> -1.416000 14.385000 7.718000
c<A>r<39>R<GLU> 1.331000 11.745000 7.167000
c<A>r<40>R<ALA> -1.048000 9.500000 5.119000
c<A>r<41>R<LEU> -1.719000 12.393000 2.679000
c<A>r<42>R<THR> 2.021000 12.185000 1.686000
c<A>r<43>R<ALA> 1.004000 9.093000 -0.410000
c<A>r<44>R<PRO> 1.381000 9.363000 -4.243000
c<A>r<45>R<ALA> -1.413000 10.978000 -6.266000
c<A>r<46>R<PRO> -1.748000 11.774000 -10.017000
c<A>r<47>R<HIS> -0.240000 15.137000 -11.009000
c<A>r<50>R<ARG> -6.142000 15.462000 -4.461000
c<A>r<51>R<PRO> -8.212000 12.237000 -4.855000
c<A>r<52>R<THR> -8.323000 11.369000 -1.119000
c<A>r<53>R<ARG> -10.620000 12.643000 1.617000
c<A>r<54>R<PHE> -10.785000 11.100000 5.110000
c<A>r<55>R<VAL> -14.154000 11.275000 6.942000
c<A>r<56>R<TRP> -13.736000 10.811000 10.718000
c<A>r<57>R<LEU> -16.995001 9.647000 12.376000
c<A>r<58>R<GLN> -16.518999 11.404000 15.763000
c<A>r<59>R<THR> -20.316000 11.570000 16.443001
c<A>r<60>R<PRO> -21.285000 8.124000 17.940001
c<A>r<62>R<ILE> -24.062000 9.160000 13.232000
c<A>r<63>R<ARG> -21.653999 6.157000 13.304000
c<A>r<77>R<ASP> -28.656000 -8.694000 0.036000
c<A>r<80>R<SER> -31.893000 -12.287000 -1.597000
c<A>r<81>R<ASP> -28.919001 -14.620000 -2.340000
c<A>r<105>R<VAL> -12.374000 6.796000 9.547000
c<A>r<106>R<ILE> -13.909000 6.390000 6.044000
c<A>r<107>R<PRO> -11.394000 6.906000 3.168000
c<A>r<108>R<MET> -13.184000 8.540000 0.200000
c<A>r<117>R<TYR> -12.311000 12.545000 -21.152000
c<A>r<118>R<PRO> -14.837000 12.392000 -24.065001
c<A>r<119>R<ASP> -15.013000 8.529000 -23.874001
c<A>r<121>R<ALA> -12.868000 3.960000 -21.283001
c<A>r<122>R<ARG> -10.484000 6.847000 -20.348000
c<A>r<123>R<THR> -13.030000 8.138000 -17.777000
c<A>r<124>R<ASP> -13.049000 4.668000 -16.091000
c<A>r<125>R<ALA> -9.207000 4.528000 -16.320000
c<A>r<126>R<GLU> -8.991000 7.983000 -14.607000
c<A>r<127>R<HIS> -11.441000 6.752000 -11.896000
c<A>r<128>R<THR> -9.373000 3.528000 -11.415000
c<A>r<129>R<MET> -6.169000 5.636000 -11.148000
c<A>r<130>R<PHE> -7.883000 7.741000 -8.414000
c<A>r<131>R<THR> -8.989000 4.512000 -6.577000
c<A>r<132>R<VAL> -5.329000 3.269000 -6.606000
c<A>r<133>R<ALA> -4.192000 6.649000 -5.166000
c<A>r<134>R<VAL> -6.800000 6.406000 -2.337000
c<A>r<135>R<GLY> -5.632000 2.788000 -1.693000
c<A>r<136>R<ALA> -2.078000 4.170000 -1.407000
c<A>r<137>R<ALA> -3.322000 6.757000 1.165000
c<A>r<138>R<VAL> -5.178000 3.929000 3.054000
c<A>r<139>R<GLN> -1.877000 1.994000 3.482000
c<A>r<140>R<ALA> -0.076000 5.224000 4.463000
c<A>r<141>R<LEU> -2.728000 5.883000 7.197000
c<A>r<142>R<LEU> -2.559000 2.284000 8.543000
c<A>r<143>R<VAL> 1.282000 2.590000 8.814000
c<A>r<144>R<ALA> 1.160000 6.163000 10.256000
c<A>r<145>R<LEU> -1.211000 4.819000 12.983000
c<A>r<146>R<ALA> 1.016000 1.751000 13.658000
c<A>r<147>R<VAL> 4.190000 3.905000 14.160000
c<A>r<148>R<ARG> 2.137000 5.897000 16.782000
c<A>r<153>R<CYS> -8.121000 -2.490000 10.289000
c<A>r<154>R<TRP> -9.357000 -1.483000 6.825000
c<A>r<155>R<ILE> -12.651000 -3.177000 5.769000
c<A>r<156>R<GLY> -14.283000 -2.669000 2.293000
c<A>r<157>R<SER> -17.830999 -2.614000 3.857000
c<A>r<158>R<THR> -18.846001 0.968000 2.826000
c<A>r<159>R<ILE> -18.049999 0.235000 -0.884000
c<A>r<160>R<PHE> -21.139999 -2.081000 -0.913000
c<A>r<161>R<ALA> -23.319000 0.732000 0.590000
c<A>r<162>R<ALA> -22.009001 3.935000 -1.096000
c<A>r<169>R<LEU> -23.268000 11.804000 6.009000
c<A>r<170>R<ASP> -24.798000 14.570000 3.761000
c<A>r<178>R<LEU> -13.483000 3.174000 -0.287000
c<A>r<179>R<GLY> -14.012000 1.111000 2.910000
c<A>r<193>R<ARG> 5.599000 -9.060000 10.318000
c<A>r<194>R<ASP> 8.323000 -11.187000 8.749000
c<A>r<195>R<PRO> 7.682000 -10.886000 4.956000
c<A>r<196>R<VAL> 7.968000 -14.144000 2.973000
c<A>r<197>R<PRO> 9.850000 -14.099000 -0.395000
c<A>r<198>R<ALA> 7.629000 -12.800000 -3.239000
c<A>r<199>R<ALA> 7.928000 -16.075001 -5.271000
c<A>r<200>R<ASP> 5.005000 -16.334000 -7.817000
c<A>r<201>R<LEU> 3.779000 -12.844000 -6.720000
c<A>r<202>R<LEU> 6.785000 -11.254000 -8.561000
c<A>r<203>R<ILE> 6.649000 -12.101000 -12.301000
c<A>r<204>R<LEU> 9.858000 -11.609000 -14.293000
c<A>r<205>R<LYS> 9.056000 -10.692000 -17.943001
c<B>r<1>R<MET> 20.294001 0.127000 19.947001
c<B>r<2>R<THR> 18.684000 3.294000 21.379000
c<B>r<3>R<ALA> 14.896000 2.707000 21.377001
c<B>r<4>R<GLU> 14.575000 6.444000 20.454000
c<B>r<5>R<ALA> 16.535999 6.014000 17.165001
c<B>r<6>R<LEU> 14.434000 2.946000 16.228001
c<B>r<7>R<GLU> 11.232000 4.938000 16.961000
c<B>r<8>R<LEU> 12.476000 7.992000 15.008000
c<B>r<9>R<GLY> 13.298000 5.613000 12.104000
c<B>r<10>R<ARG> 9.708000 4.255000 12.069000
c<B>r<11>R<GLN> 8.223000 7.793000 12.037000
c<B>r<12>R<GLN> 10.560000 8.783000 9.123000
c<B>r<13>R<ALA> 9.815000 5.758000 6.852000
c<B>r<14>R<GLN> 6.706000 7.162000 5.058000
c<B>r<15>R<LEU> 8.323000 10.659000 4.921000
c<B>r<16>R<LEU> 11.417000 9.326000 3.026000
c<B>r<17>R<ARG> 9.175000 8.380000 0.067000
c<B>r<18>R<ARG> 9.425000 10.924000 -2.813000
c<B>r<19>R<SER> 8.189000 10.833000 -6.432000
c<B>r<33>R<VAL> 13.625000 -4.907000 -5.517000
c<B>r<34>R<GLU> 12.736000 -8.469000 -4.371000
c<B>r<35>R<ALA> 12.980000 -7.449000 -0.670000
c<B>r<36>R<ALA> 10.860000 -4.307000 -1.306000
c<B>r<37>R<VAL> 8.187000 -6.411000 -3.134000
c<B>r<38>R<ALA> 8.139000 -8.989000 -0.279000
c<B>r<39>R<GLU> 7.531000 -6.101000 2.199000
c<B>r<40>R<ALA> 4.893000 -4.524000 -0.133000
c<B>r<41>R<LEU> 2.896000 -7.814000 -0.215000
c<B>r<42>R<THR> 2.271000 -7.295000 3.552000
c<B>r<43>R<ALA> -0.260000 -4.516000 2.609000
c<B>r<44>R<PRO> -3.973000 -5.040000 3.583000
c<B>r<45>R<ALA> -5.970000 -7.351000 1.265000
c<B>r<46>R<PRO> -9.675000 -8.424000 1.256000
c<B>r<47>R<HIS> -10.771000 -12.000000 2.139000
c<B>r<50>R<ARG> -3.387000 -11.937000 -2.660000
c<B>r<51>R<PRO> -4.981000 -9.597000 -5.259000
c<B>r<52>R<THR> -1.589000 -8.066000 -6.234000
c<B>r<53>R<ARG> 1.006000 -9.336000 -8.681000
c<B>r<54>R<PHE> 4.136000 -7.309000 -9.538000
c<B>r<55>R<VAL> 5.395000 -7.658000 -13.146000
c<B>r<56>R<TRP> 9.095000 -6.713000 -13.446000
c<B>r<57>R<LEU> 10.229000 -5.667000 -16.966000
c<B>r<58>R<GLN> 13.788000 -7.111000 -17.018000
c<B>r<59>R<THR> 14.273000 -7.274000 -20.853001
c<B>r<62>R<ILE> 10.184000 -5.940000 -24.176001
c<B>r<63>R<ARG> 10.022000 -2.696000 -22.145000
c<B>r<77>R<ASP> -6.091000 9.329000 -28.497999
c<B>r<81>R<ASP> -9.463000 14.698000 -29.018000
c<B>r<105>R<VAL> 7.604000 -2.725000 -12.168000
c<B>r<106>R<ILE> 3.875000 -2.945000 -13.103000
c<B>r<107>R<PRO> 1.423000 -3.631000 -10.208000
c<B>r<108>R<MET> -1.401000 -5.899000 -11.466000
c<B>r<117>R<TYR> -22.093000 -11.759000 -6.935000
c<B>r<118>R<PRO> -25.354000 -12.245000 -8.934000
c<B>r<119>R<ASP> -25.674000 -8.436000 -9.504000
c<B>r<121>R<ALA> -23.349001 -3.387000 -8.283000
c<B>r<122>R<ARG> -21.808001 -5.876000 -5.762000
c<B>r<123>R<THR> -19.447001 -7.168000 -8.509000
c<B>r<124>R<ASP> -18.186001 -3.583000 -9.151000
c<B>r<125>R<ALA> -17.875000 -3.026000 -5.354000
c<B>r<126>R<GLU> -15.754000 -6.236000 -5.051000
c<B>r<127>R<HIS> -13.534000 -5.079000 -7.976000
c<B>r<128>R<THR> -13.183000 -1.583000 -6.388000
c<B>r<129>R<MET> -12.187000 -3.220000 -3.053000
c<B>r<130>R<PHE> -9.449000 -5.251000 -4.858000
c<B>r<131>R<THR> -8.251000 -2.033000 -6.648000
c<B>r<132>R<VAL> -7.911000 -0.265000 -3.224000
c<B>r<133>R<ALA> -5.838000 -3.255000 -1.964000
c<B>r<134>R<VAL> -3.461000 -3.007000 -4.983000
c<B>r<135>R<GLY> -3.143000 0.770000 -4.286000
c<B>r<136>R<ALA> -2.188000 -0.158000 -0.701000
c<B>r<137>R<ALA> 0.503000 -2.544000 -2.095000
c<B>r<138>R<VAL> 1.751000 0.281000 -4.438000
c<B>r<139>R<GLN> 2.300000 2.623000 -1.437000
c<B>r<140>R<ALA> 3.975000 -0.208000 0.463000
c<B>r<141>R<LEU> 6.411000 -0.862000 -2.442000
c<B>r<142>R<LEU> 7.265000 2.867000 -2.856000
c<B>r<143>R<VAL> 8.062000 3.185000 0.905000
c<B>r<144>R<ALA> 9.987000 -0.144000 0.971000
c<B>r<145>R<LEU> 12.138000 1.167000 -1.955000
c<B>r<146>R<ALA> 12.677000 4.581000 -0.261000
c<B>r<147>R<VAL> 13.901000 3.049000 3.056000
c<B>r<148>R<ARG> 16.430000 1.000000 0.939000
c<B>r<153>R<CYS> 7.657000 7.170000 -9.155000
c<B>r<154>R<TRP> 4.238000 5.610000 -9.803000
c<B>r<155>R<ILE> 2.664000 6.581000 -13.183000
c<B>r<156>R<GLY> -0.947000 5.522000 -14.040000
c<B>r<157>R<SER> -0.225000 5.228000 -17.834000
c<B>r<158>R<THR> -0.701000 1.403000 -18.065001
c<B>r<159>R<ILE> -4.334000 1.774000 -16.790001
c<B>r<160>R<PHE> -5.170000 3.685000 -20.045000
c<B>r<161>R<ALA> -3.614000 0.860000 -22.157000
c<B>r<162>R<ALA> -4.614000 -2.326000 -20.240000
c<B>r<169>R<LEU> 3.462000 -9.039000 -21.874001
c<B>r<170>R<ASP> 1.484000 -12.305000 -22.551001
c<B>r<171>R<LEU> -0.623000 -11.838000 -19.377001
c<B>r<178>R<LEU> -2.710000 -0.479000 -12.075000
c<B>r<179>R<GLY> 0.127000 1.835000 -13.250000
c<B>r<193>R<ARG> 8.726000 15.165000 3.318000
c<B>r<194>R<ASP> 6.815000 17.408001 5.618000
c<B>r<195>R<PRO> 3.353000 15.937000 6.429000
c<B>r<196>R<VAL> 0.451000 17.488001 4.456000
c<B>r<197>R<PRO> -1.821000 19.655001 6.698000
c<B>r<198>R<ALA> -5.138000 17.766001 6.936000
c<B>r<199>R<ALA> -7.204000 21.031000 6.496000
c<B>r<200>R<ASP> -10.133000 20.448000 3.987000
c<B>r<201>R<LEU> -8.902000 16.811001 3.456000
c<B>r<202>R<LEU> -10.107000 15.596000 6.924000
c<B>r<203>R<ILE> -13.901000 15.894000 7.401000
c<B>r<204>R<LEU> -15.308000 15.628000 10.950000
c<B>r<205>R<LYS> -18.781000 13.973000 11.246000
