c<A>r<105>R<TRP> -7.271000 4.542000 -16.952999
c<A>r<106>R<ALA> -6.965000 8.151000 -15.795000
c<A>r<107>R<ASP> -4.347000 10.215000 -13.947000
c<A>r<108>R<ASN> -1.810000 7.368000 -13.757000
c<A>r<109>R<ASN> -4.240000 5.276000 -11.657000
c<A>r<110>R<SER> -3.197000 1.792000 -12.945000
c<A>r<111>R<TYR> -1.577000 0.913000 -9.563000
c<A>r<112>R<LEU> -4.807000 1.967000 -7.791000
c<A>r<113>R<SER> -6.814000 -0.168000 -10.192000
c<A>r<159>R<GLY> -1.632000 11.947000 -11.000000
c<A>r<160>R<GLU> 1.408000 10.615000 -9.120000
c<A>r<161>R<LEU> 2.872000 7.295000 -10.165000
c<A>r<162>R<GLY> 2.680000 4.619000 -7.541000
c<A>r<163>R<ASP> 3.750000 1.207000 -6.393000
c<A>r<164>R<VAL> 1.134000 -1.508000 -5.696000
c<A>r<165>R<ARG> 3.203000 -3.202000 -2.968000
c<A>r<166>R<GLU> 3.829000 0.115000 -1.202000
c<A>r<169>R<THR> 1.541000 -1.950000 2.832000
c<A>r<184>R<LEU> 9.915000 -18.549000 9.265000
c<A>r<186>R<VAL> 16.403999 -19.775000 8.566000
c<A>r<196>R<THR> 11.292000 -15.727000 13.446000
c<A>r<198>R<LEU> 5.979000 -12.255000 12.228000
c<A>r<201>R<VAL> 1.220000 -6.787000 7.687000
c<A>r<202>R<GLU> 4.589000 -8.577000 7.934000
c<A>r<203>R<ALA> 2.816000 -11.937000 8.305000
c<A>r<205>R<MET> 3.610000 -9.751000 2.752000
c<A>r<206>R<TYR> 6.878000 -11.312000 1.533000
c<A>r<207>R<MET> 9.494000 -9.724000 -0.745000
c<A>r<208>R<GLY> 12.019000 -12.048000 -2.546000
c<A>r<209>R<THR> 10.029000 -14.549000 -4.560000
c<A>r<221>R<ILE> 18.830000 -15.571000 1.423000
c<A>r<222>R<PRO> 22.172001 -14.032000 2.268000
c<A>r<223>R<CYS> 23.481001 -14.865000 5.794000
c<A>r<224>R<VAL> 25.468000 -12.496000 7.956000
c<A>r<225>R<CYS> 28.375999 -14.901000 7.545000
c<A>r<226>R<GLY> 28.649000 -14.240000 3.864000
c<A>r<231>R<GLN> 14.639000 -19.607000 4.596000
c<A>r<244>R<SER> 6.416000 -9.944000 -4.354000
c<A>r<245>R<ALA> 9.607000 -9.649000 -6.356000
c<A>r<246>R<PRO> 11.193000 -7.091000 -8.801000
c<A>r<247>R<PRO> 9.460000 -7.316000 -12.170000
c<A>r<263>R<TYR> 4.394000 -4.339000 -14.284000
c<A>r<264>R<THR> 5.591000 -3.235000 -17.721001
c<A>r<265>R<GLY> 8.315000 -0.577000 -17.823999
c<A>r<266>R<ASN> 11.338000 0.391000 -15.732000
c<A>r<267>R<TYR> 11.801000 1.924000 -12.222000
c<A>r<268>R<GLN> 11.207000 5.425000 -13.569000
c<A>r<269>R<CYS> 8.031000 4.764000 -15.398000
c<A>r<270>R<GLY> 5.709000 1.789000 -15.926000
c<A>r<271>R<HIS> 2.233000 0.390000 -16.235001
c<A>r<272>R<TYR> 0.289000 -2.035000 -13.970000
c<A>r<273>R<THR> -2.122000 -4.683000 -15.234000
c<A>r<300>R<THR> 5.721000 -8.247000 -9.583000
c<B>r<3>R<ILE> 26.570000 -3.891000 7.569000
c<B>r<4>R<PHE> 26.158001 -5.002000 3.963000
c<B>r<6>R<LYS> 22.996000 -5.931000 -1.473000
c<B>r<8>R<LEU> 19.309000 -5.817000 -7.234000
c<B>r<40>R<GLN> 13.066000 5.172000 -4.081000
c<B>r<42>R<ARG> 13.133000 -0.189000 0.009000
c<B>r<44>R<ILE> 14.419000 -5.549000 3.196000
c<B>r<45>R<PHE> 15.695000 -7.751000 5.929000
c<B>r<46>R<ALA> 14.514000 -11.303000 6.638000
c<B>r<47>R<GLY> 11.687000 -10.929000 4.020000
c<B>r<48>R<LYS> 10.507000 -7.766000 5.833000
c<B>r<49>R<GLN> 10.453000 -4.223000 4.484000
c<B>r<61>R<ILE> 20.233000 -6.117000 12.666000
c<B>r<62>R<GLN> 23.857000 -6.849000 13.898000
c<B>r<63>R<LYS> 27.379999 -6.444000 12.608000
c<B>r<64>R<GLU> 27.913000 -7.979000 9.149000
c<B>r<65>R<SER> 24.243999 -8.345000 8.496000
c<B>r<66>R<THR> 23.110001 -8.120000 4.845000
c<B>r<67>R<LEU> 20.136999 -5.883000 3.862000
c<B>r<68>R<HIS> 18.468000 -6.136000 0.455000
c<B>r<70>R<VAL> 14.817000 -2.940000 -3.792000
c<B>r<71>R<LEU> 13.766000 0.105000 -5.783000
c<B>r<72>R<ARG> 10.174000 1.477000 -5.674000
c<B>r<73>R<LEU> 8.154000 0.919000 -8.898000
c<B>r<74>R<ARG> 6.526000 3.920000 -10.425000
c<B>r<75>R<GLY> 3.417000 2.735000 -12.268000
c<B>r<76>R<GLY> 0.535000 4.883000 -13.392000
