c<A>r<1>R<LEU> 8.555000 16.937000 -27.962000
c<A>r<2>R<LYS> 7.248000 19.056000 -25.018999
c<A>r<3>R<VAL> 7.247000 16.858999 -21.806999
c<A>r<4>R<GLU> 3.690000 16.622999 -20.136000
c<A>r<5>R<ASP> 5.428000 15.804000 -16.844999
c<A>r<6>R<GLY> 5.134000 19.201000 -15.053000
c<A>r<8>R<PHE> -0.677000 19.094999 -13.013000
c<A>r<9>R<GLY> 0.693000 17.583000 -16.295000
c<A>r<77>R<ILE> 0.460000 11.077000 -7.110000
c<A>r<78>R<GLY> 3.144000 13.187000 -8.954000
c<A>r<79>R<ALA> 0.711000 16.152000 -9.409000
c<A>r<81>R<GLY> 5.462000 17.548000 -11.233000
c<A>r<82>R<ASP> 7.208000 14.298000 -12.273000
c<A>r<83>R<ARG> 9.771000 15.925000 -14.588000
c<A>r<84>R<GLY> 12.552000 13.898000 -16.204000
c<A>r<85>R<ARG> 13.335000 10.171000 -15.805000
c<A>r<111>R<PHE> -3.629000 8.826000 5.926000
c<A>r<115>R<GLY> -6.903000 9.461000 10.900000
c<A>r<126>R<GLN> -5.048000 3.144000 14.208000
c<A>r<127>R<LEU> -3.148000 0.022000 12.973000
c<A>r<129>R<ILE> -7.828000 -1.014000 15.674000
c<A>r<130>R<GLU> -7.973000 -1.510000 11.874000
c<A>r<131>R<THR> -6.086000 -4.888000 11.931000
c<A>r<132>R<GLY> -7.417000 -6.293000 15.247000
c<B>r<1>R<LEU> 4.362000 9.694000 -29.038000
c<B>r<2>R<LYS> 3.305000 10.493000 -25.478001
c<B>r<4>R<GLU> -2.088000 9.459000 -21.923000
c<B>r<7>R<LEU> -2.267000 7.607000 -13.308000
c<B>r<8>R<PHE> -5.511000 9.588000 -13.996000
c<B>r<9>R<GLY> -4.580000 9.653000 -17.745001
c<B>r<10>R<THR> -1.145000 11.329000 -17.242001
c<B>r<11>R<SER> 1.397000 10.877000 -20.080999
c<B>r<12>R<GLY> 4.325000 11.015000 -17.559999
c<B>r<13>R<GLY> 4.761000 7.180000 -17.497999
c<B>r<14>R<ILE> 3.418000 7.204000 -13.870000
c<B>r<15>R<GLY> 0.940000 4.601000 -12.599000
c<B>r<51>R<ASN> -15.376000 -9.764000 12.087000
c<B>r<52>R<LEU> -15.852000 -6.338000 10.422000
c<B>r<62>R<GLU> -13.281000 0.841000 8.666000
c<B>r<63>R<PRO> -11.066000 3.419000 6.821000
c<B>r<64>R<LEU> -8.813000 0.580000 5.491000
c<B>r<65>R<LEU> -11.871000 -1.204000 4.003000
c<B>r<67>R<PHE> -9.472000 2.581000 1.005000
c<B>r<80>R<LEU> -4.350000 4.024000 -11.257000
