c<A>r<1>R<LEU> 12.480000 -5.802000 -10.761000
c<A>r<2>R<CYS> 14.732000 -4.374000 -8.026000
c<A>r<3>R<ASP> 13.092000 -5.051000 -4.563000
c<A>r<4>R<LYS> 12.903000 -1.210000 -4.241000
c<A>r<5>R<GLU> 10.685000 -0.873000 -7.363000
c<A>r<6>R<PHE> 8.703000 -4.016000 -6.413000
c<A>r<7>R<ILE> 7.488000 -2.982000 -2.901000
c<A>r<8>R<GLY> 5.621000 0.183000 -4.067000
c<A>r<9>R<LYS> 3.882000 -1.893000 -6.791000
c<A>r<10>R<ALA> 2.949000 -4.688000 -4.315000
c<A>r<11>R<ILE> 1.456000 -2.179000 -1.763000
c<A>r<12>R<SER> -0.578000 -0.579000 -4.615000
c<A>r<13>R<TYR> -1.931000 -4.020000 -5.673000
c<A>r<14>R<LEU> -2.794000 -5.011000 -2.071000
c<A>r<15>R<TYR> -4.574000 -1.656000 -1.592000
c<A>r<16>R<ARG> -6.615000 -1.970000 -4.865000
c<A>r<17>R<TYR> -7.633000 -5.605000 -4.163000
c<A>r<18>R<GLY> -8.632000 -4.445000 -0.649000
c<A>r<19>R<GLN> -10.747000 -1.624000 -2.211000
c<A>r<20>R<ILE> -12.484000 -4.166000 -4.548000
c<A>r<22>R<ILE> -14.269000 -3.973000 0.855000
c<A>r<37>R<PRO> -11.983000 4.291000 6.413000
c<A>r<55>R<TYR> -5.459000 10.637000 10.723000
c<A>r<56>R<LEU> -6.573000 8.801000 7.551000
c<A>r<57>R<LYS> -4.191000 10.819000 5.254000
c<A>r<58>R<ILE> -7.225000 11.658000 3.039000
c<A>r<98>R<LYS> -14.723000 -5.184000 12.338000
c<A>r<101>R<ALA> -11.663000 -6.069000 8.001000
c<A>r<102>R<SER> -11.080000 -9.324000 9.968000
c<A>r<103>R<GLU> -12.248000 -11.329000 6.891000
c<A>r<104>R<TRP> -9.905000 -9.200000 4.697000
c<A>r<105>R<GLY> -7.045000 -9.848000 7.185000
c<A>r<106>R<GLU> -7.625000 -13.635000 6.970000
c<A>r<107>R<ILE> -7.717000 -13.476000 3.118000
c<A>r<108>R<LEU> -4.373000 -11.619000 3.206000
c<A>r<109>R<PHE> -2.872000 -14.144000 5.683000
c<A>r<110>R<SER> -4.445000 -17.253000 3.991000
c<A>r<111>R<SER> -1.095000 -18.228001 2.337000
c<A>r<112>R<PHE> 1.065000 -17.518000 5.447000
c<A>r<116>R<GLN> 5.301000 -15.416000 8.621000
c<A>r<117>R<ARG> 2.106000 -13.768000 10.068000
c<A>r<118>R<ARG> 4.194000 -12.582000 13.093000
c<A>r<119>R<GLU> 7.099000 -11.413000 10.859000
c<A>r<120>R<ILE> 4.688000 -9.345000 8.648000
c<A>r<121>R<THR> 2.955000 -7.884000 11.761000
c<A>r<122>R<ASN> 6.326000 -6.880000 13.303000
c<A>r<123>R<SER> 7.394000 -5.263000 9.977000
c<A>r<124>R<LEU> 4.128000 -3.225000 9.891000
c<A>r<125>R<GLU> 4.730000 -2.052000 13.515000
c<A>r<126>R<ILE> 8.284000 -0.914000 12.489000
c<A>r<127>R<PHE> 6.739000 0.934000 9.482000
c<A>r<128>R<GLU> 4.151000 2.631000 11.763000
c<A>r<129>R<ASN> 6.866000 3.823000 14.187000
c<A>r<130>R<GLY> 9.107000 5.120000 11.331000
c<A>r<131>R<LEU> 6.167000 7.149000 9.884000
c<B>r<1>R<LEU> -2.188000 0.716000 14.267000
c<B>r<2>R<CYS> -1.591000 -2.196000 16.796000
c<B>r<4>R<LYS> -3.157000 -6.556000 15.295000
c<B>r<5>R<GLU> -6.436000 -7.449000 13.444000
c<B>r<6>R<PHE> -6.154000 -4.693000 10.688000
c<B>r<7>R<ILE> -3.282000 -5.360000 8.159000
c<B>r<8>R<GLY> -5.594000 -3.685000 5.547000
c<B>r<9>R<LYS> -5.297000 -0.399000 7.536000
c<B>r<10>R<ALA> -1.458000 -0.517000 7.447000
c<B>r<11>R<ILE> -1.534000 -1.239000 3.645000
c<B>r<12>R<SER> -3.944000 1.740000 3.205000
c<B>r<13>R<TYR> -1.563000 4.042000 5.153000
c<B>r<14>R<LEU> 1.513000 2.886000 3.158000
c<B>r<15>R<TYR> -0.448000 3.389000 -0.099000
c<B>r<16>R<ARG> -1.623000 6.947000 0.869000
c<B>r<17>R<TYR> 1.878000 8.016000 2.016000
c<B>r<18>R<GLY> 3.198000 6.588000 -1.289000
c<B>r<19>R<GLN> 0.559000 8.640000 -3.207000
c<B>r<20>R<ILE> 1.570000 11.851000 -1.309000
c<B>r<37>R<PRO> 0.904000 3.611000 -12.365000
c<B>r<55>R<TYR> -3.003000 -5.314000 -14.919000
c<B>r<56>R<LEU> -3.212000 -2.225000 -12.669000
c<B>r<57>R<LYS> -6.631000 -3.251000 -11.140000
c<B>r<58>R<ILE> -7.880000 0.295000 -12.008000
c<B>r<97>R<ASP> 9.280000 6.132000 -12.886000
c<B>r<98>R<LYS> 12.373000 4.000000 -11.987000
c<B>r<99>R<LYS> 14.044000 6.808000 -9.971000
c<B>r<100>R<ILE> 10.864000 7.788000 -8.043000
c<B>r<101>R<ALA> 9.952000 4.099000 -7.421000
c<B>r<102>R<SER> 13.519000 3.321000 -6.206000
c<B>r<103>R<GLU> 13.624000 6.411000 -3.895000
c<B>r<104>R<TRP> 10.199000 5.404000 -2.464000
c<B>r<105>R<GLY> 11.497000 1.820000 -1.966000
c<B>r<106>R<GLU> 14.518000 3.216000 -0.032000
c<B>r<107>R<ILE> 12.213000 5.338000 2.195000
c<B>r<108>R<LEU> 10.120000 2.219000 2.917000
c<B>r<109>R<PHE> 13.229000 0.112000 3.673000
c<B>r<110>R<SER> 15.139000 2.857000 5.629000
c<B>r<111>R<SER> 14.211000 1.284000 9.020000
c<B>r<112>R<PHE> 14.902000 -2.344000 7.930000
c<B>r<116>R<GLN> 14.072000 -7.916000 7.151000
c<B>r<117>R<ARG> 14.178000 -6.430000 3.581000
c<B>r<118>R<ARG> 14.359000 -9.997000 2.123000
c<B>r<119>R<GLU> 11.593000 -11.274000 4.485000
c<B>r<120>R<ILE> 9.303000 -8.371000 3.365000
c<B>r<121>R<THR> 10.129000 -8.916000 -0.378000
c<B>r<122>R<ASN> 9.404000 -12.686000 -0.061000
c<B>r<123>R<SER> 6.114000 -11.939000 1.780000
c<B>r<124>R<LEU> 5.045000 -9.473000 -0.974000
c<B>r<125>R<GLU> 5.820000 -12.111000 -3.670000
c<B>r<126>R<ILE> 3.616000 -14.656000 -1.783000
c<B>r<127>R<PHE> 0.859000 -11.968000 -1.650000
c<B>r<128>R<GLU> 1.163000 -11.193000 -5.415000
c<B>r<129>R<ASN> 0.859000 -14.939000 -6.229000
c<B>r<130>R<GLY> -2.022000 -15.603000 -3.746000
c<B>r<131>R<LEU> -4.123000 -12.616000 -5.035000
c<B>r<132>R<LYS> -3.937000 -13.615000 -8.791000
