c<E>r<33>R<LEU> -9.227000 9.696000 -2.812000
c<E>r<34>R<GLN> -6.736000 7.302000 -1.211000
c<E>r<35>R<ASP> -7.296000 4.296000 1.057000
c<E>r<36>R<LYS> -5.320000 3.819000 4.285000
c<E>r<37>R<THR> -2.377000 2.266000 2.424000
c<E>r<38>R<GLY> -2.003000 5.467000 0.391000
c<E>r<39>R<PHE> -3.362000 3.887000 -2.803000
c<E>r<40>R<HIS> -5.114000 6.354000 -5.142000
c<E>r<41>R<PHE> -8.408000 4.856000 -6.330000
c<E>r<42>R<CYS> -10.635000 7.786000 -7.320000
c<E>r<43>R<GLY> -10.726000 11.499000 -8.003000
c<E>r<55>R<ALA> -18.768999 9.194000 -7.948000
c<E>r<56>R<ALA> -21.039000 6.872000 -6.000000
c<E>r<57>R<HIS> -19.407000 3.798000 -7.557000
c<E>r<58>R<CYS> -16.052999 4.773000 -6.021000
c<E>r<59>R<GLY> -17.302000 3.115000 -2.834000
c<E>r<60>R<VAL> -15.695000 5.577000 -0.425000
c<E>r<61>R<THR> -15.736000 4.767000 3.306000
c<E>r<63>R<SER> -11.539000 5.103000 6.583000
c<E>r<64>R<ASP> -10.465000 6.566000 3.227000
c<E>r<99>R<ILE> -24.721001 3.224000 -12.910000
c<E>r<141>R<TRP> -4.522000 10.385000 -12.028000
c<E>r<142>R<GLY> -6.175000 7.498000 -13.875000
c<E>r<143>R<LEU> -4.296000 5.118000 -16.176001
c<E>r<144>R<THR> -2.574000 6.806000 -19.131001
c<E>r<145>R<ARG> -2.365000 3.538000 -21.052999
c<E>r<146>R<TYR> -4.438000 0.364000 -20.856001
c<E>r<151>R<THR> -1.378000 5.156000 -12.427000
c<E>r<152>R<PRO> 0.813000 8.205000 -13.253000
c<E>r<191>R<CYS> -9.690000 5.622000 -17.707001
c<E>r<192>R<MET> -9.574000 3.544000 -14.508000
c<E>r<193>R<GLY> -8.604000 5.734000 -11.571000
c<E>r<194>R<ASP> -10.130000 8.865000 -13.100000
c<E>r<195>R<SER> -13.570000 7.976000 -11.716000
c<E>r<196>R<GLY> -15.144000 10.555000 -9.428000
c<E>r<213>R<VAL> -16.141001 10.696000 -14.457000
c<E>r<214>R<SER> -18.393000 7.638000 -14.302000
c<E>r<215>R<TRP> -17.861000 4.868000 -16.850000
c<E>r<216>R<GLY> -16.952000 3.920000 -20.393000
c<E>r<217>R<SER> -15.006000 1.524000 -22.608000
c<E>r<218>R<SER> -13.470000 -1.403000 -20.716999
c<E>r<219>R<THR> -10.257000 -0.749000 -22.653999
c<E>r<220>R<CYS> -10.413000 3.046000 -22.420000
c<I>r<1>R<LEU> -4.468000 -5.661000 -28.086000
c<I>r<2>R<ALA> -6.573000 -7.430000 -25.427000
c<I>r<5>R<SER> -11.164000 -8.545000 -20.617001
c<I>r<6>R<VAL> -13.152000 -7.812000 -17.506001
c<I>r<7>R<ASP> -15.228000 -4.873000 -16.500000
c<I>r<8>R<CYS> -12.775000 -2.686000 -14.527000
c<I>r<9>R<SER> -14.866000 0.467000 -15.149000
c<I>r<10>R<GLU> -15.592000 1.244000 -11.535000
c<I>r<11>R<TYR> -12.060000 0.757000 -10.248000
c<I>r<12>R<PRO> -9.945000 1.620000 -8.133000
c<I>r<13>R<LYS> -11.592000 0.225000 -4.935000
c<I>r<14>R<PRO> -10.276000 0.358000 -1.305000
c<I>r<15>R<ALA> -11.190000 -3.240000 -0.525000
c<I>r<38>R<CYS> -8.974000 -4.772000 -11.475000
c<I>r<39>R<ASN> -7.160000 -3.155000 -8.534000
c<I>r<41>R<VAL> -4.852000 -3.133000 -13.592000
c<I>r<42>R<VAL> -5.228000 0.329000 -12.075000
c<I>r<43>R<GLU> -2.092000 0.074000 -9.976000
c<I>r<44>R<SER> -0.094000 -0.972000 -13.077000
c<I>r<45>R<ASN> -1.319000 1.997000 -15.038000
c<I>r<46>R<GLY> -3.099000 -0.410000 -17.389000
c<I>r<47>R<THR> 0.036000 -2.442000 -18.242001
c<I>r<48>R<LEU> -1.649000 -5.541000 -16.709000
c<I>r<49>R<THR> -4.068000 -7.345000 -19.031000
