c<E>r<33>R<LEU> -9.227000 9.696000 -2.812000
c<E>r<34>R<GLN> -6.736000 7.302000 -1.211000
c<E>r<35>R<ASP> -7.296000 4.296000 1.057000
c<E>r<36>R<LYS> -5.320000 3.819000 4.285000
c<E>r<37>R<THR> -2.377000 2.266000 2.424000
c<E>r<38>R<GLY> -2.003000 5.467000 0.391000
c<E>r<39>R<PHE> -3.362000 3.887000 -2.803000
c<E>r<40>R<HIS> -5.114000 6.354000 -5.142000
c<E>r<41>R<PHE> -8.408000 4.856000 -6.330000
c<E>r<42>R<CYS> -10.635000 7.786000 -7.320000
c<E>r<43>R<GLY> -10.726000 11.499000 -8.003000
c<E>r<55>R<ALA> -18.768999 9.194000 -7.948000
c<E>r<56>R<ALA> -21.039000 6.872000 -6.000000
c<E>r<57>R<HIS> -19.407000 3.798000 -7.557000
c<E>r<58>R<CYS> -16.052999 4.773000 -6.021000
c<E>r<59>R<GLY> -17.302000 3.115000 -2.834000
c<E>r<60>R<VAL> -15.695000 5.577000 -0.425000
c<E>r<61>R<THR> -15.736000 4.767000 3.306000
c<E>r<63>R<SER> -11.539000 5.103000 6.583000
c<E>r<64>R<ASP> -10.465000 6.566000 3.227000
c<E>r<88>R<VAL> -20.555000 9.580000 3.138000
c<E>r<89>R<PHE> -23.757999 10.675000 1.393000
c<E>r<90>R<LYS> -24.542999 8.326000 -1.477000
c<E>r<94>R<TYR> -28.004000 5.903000 -7.433000
c<E>r<95>R<ASN> -28.636999 2.698000 -9.379000
c<E>r<96>R<SER> -25.586000 0.415000 -9.253000
c<E>r<97>R<LEU> -27.002001 -1.839000 -11.978000
c<E>r<98>R<THR> -27.270000 0.934000 -14.583000
c<E>r<99>R<ILE> -24.721001 3.224000 -12.910000
c<E>r<102>R<ASP> -23.502001 8.201000 -10.029000
c<E>r<142>R<GLY> -6.175000 7.498000 -13.875000
c<E>r<143>R<LEU> -4.296000 5.118000 -16.176001
c<E>r<146>R<TYR> -4.438000 0.364000 -20.856001
c<E>r<190>R<SER> -10.789000 8.983000 -19.128000
c<E>r<191>R<CYS> -9.690000 5.622000 -17.707001
c<E>r<192>R<MET> -9.574000 3.544000 -14.508000
c<E>r<193>R<GLY> -8.604000 5.734000 -11.571000
c<E>r<194>R<ASP> -10.130000 8.865000 -13.100000
c<E>r<195>R<SER> -13.570000 7.976000 -11.716000
c<E>r<196>R<GLY> -15.144000 10.555000 -9.428000
c<E>r<213>R<VAL> -16.141001 10.696000 -14.457000
c<E>r<214>R<SER> -18.393000 7.638000 -14.302000
c<E>r<215>R<TRP> -17.861000 4.868000 -16.850000
c<E>r<216>R<GLY> -16.952000 3.920000 -20.393000
c<E>r<217>R<SER> -15.006000 1.524000 -22.608000
c<E>r<218>R<SER> -13.470000 -1.403000 -20.716999
c<E>r<219>R<THR> -10.257000 -0.749000 -22.653999
c<E>r<220>R<CYS> -10.413000 3.046000 -22.420000
c<E>r<227>R<VAL> -19.795000 8.621000 -19.839001
c<I>r<1>R<LEU> -22.403999 1.020000 1.372000
c<I>r<2>R<ALA> -22.080999 -1.643000 -1.355000
c<I>r<3>R<ALA> -25.157000 -2.119000 -3.626000
c<I>r<4>R<VAL> -23.778000 -5.300000 -5.245000
c<I>r<22>R<PRO> -15.778000 -8.752000 -17.087999
c<I>r<23>R<LEU> -16.642000 -6.793000 -13.940000
c<I>r<24>R<CYS> -16.711000 -3.065000 -13.590000
c<I>r<25>R<GLY> -15.030000 -1.636000 -10.456000
c<I>r<26>R<SER> -16.009001 1.495000 -8.562000
c<I>r<27>R<ASP> -12.703000 2.852000 -9.725000
c<I>r<28>R<ASN> -14.080000 2.809000 -13.360000
c<I>r<29>R<LYS> -11.810000 -0.066000 -14.399000
c<I>r<30>R<THR> -12.973000 -3.141000 -16.160999
c<I>r<31>R<TYR> -11.497000 -6.251000 -14.449000
c<I>r<32>R<GLY> -11.182000 -9.247000 -16.847000
c<I>r<43>R<GLU> -4.710000 -5.034000 -2.730000
c<I>r<44>R<SER> -6.738000 -1.818000 -2.221000
c<I>r<45>R<ASN> -7.389000 -2.637000 1.394000
c<I>r<46>R<GLY> -11.096000 -2.899000 0.568000
c<I>r<47>R<THR> -11.360000 0.608000 -0.954000
c<I>r<48>R<LEU> -12.349000 -1.004000 -4.303000
c<I>r<49>R<THR> -16.025999 -1.955000 -4.583000
c<I>r<50>R<LEU> -18.063000 -3.457000 -7.396000
c<I>r<51>R<SER> -19.906000 -0.848000 -9.481000
c<I>r<52>R<HIS> -21.650000 -3.356000 -11.716000
c<I>r<53>R<PHE> -21.462999 -6.637000 -13.499000
c<I>r<54>R<GLY> -20.177000 -6.466000 -17.098000
c<I>r<55>R<LYS> -17.613001 -4.165000 -18.666000
c<I>r<56>R<CYS> -17.598000 -0.561000 -17.600000
