1766154720288 54.0 1869
1766154720304 54.0 1869
1766154741355 55.0 1903
1766154741370 55.0 1903
1766154762167 56.0 1937
1766154762183 56.0 1937
1766154783835 57.0 1971
1766154783848 57.0 1971
1766154804244 58.0 2005
1766154804252 58.0 2005
1766154825056 59.0 2039
1766154825059 59.0 2039
1766154847343 60.0 2073
1766154847352 60.0 2073
1766154869539 61.0 2107
1766154869542 61.0 2107
1766154893100 62.0 2141
1766154893103 62.0 2141
1766154915828 63.0 2175
1766154915832 63.0 2175
1766154937974 64.0 2209
1766154937983 64.0 2209
1766154960246 65.0 2243
1766154960256 65.0 2243
1766154983087 66.0 2277
1766154983091 66.0 2277
1766155005008 67.0 2311
1766155005010 67.0 2311
1766155026485 68.0 2345
1766155026487 68.0 2345
1766155049777 69.0 2379
1766155049789 69.0 2379
1766155075846 70.0 2413
1766155075862 70.0 2413
1766155098485 71.0 2447
1766155098488 71.0 2447
1766155120207 72.0 2481
1766155120210 72.0 2481
1766155141531 73.0 2515
1766155141538 73.0 2515
1766155163511 74.0 2549
1766155163514 74.0 2549
1766155185869 75.0 2583
1766155185872 75.0 2583
1766155207363 76.0 2617
1766155207366 76.0 2617
1766155229080 77.0 2651
1766155229083 77.0 2651
1766155252112 78.0 2685
1766155252115 78.0 2685
1766155274517 79.0 2719
1766155274521 79.0 2719
1766155294664 80.0 2753
1766155294667 80.0 2753
1766155315188 81.0 2787
1766155315190 81.0 2787
1766155319583 82.0 2788
