c<A>r<1>R<THR> 0.915000 -10.419000 23.076000
c<A>r<2>R<GLN> 4.780000 -10.381000 23.059000
c<A>r<3>R<LEU> 5.241000 -13.712000 21.141001
c<A>r<4>R<LEU> 3.027000 -12.425000 18.289000
c<A>r<5>R<ALA> 4.573000 -8.918000 18.219000
c<A>r<6>R<ASP> 7.928000 -10.794000 17.913000
c<A>r<7>R<LYS> 6.473000 -13.015000 15.092000
c<A>r<8>R<LEU> 5.088000 -9.895000 13.296000
c<A>r<9>R<LYS> 8.496000 -8.135000 13.551000
c<A>r<10>R<LYS> 10.052000 -11.222000 11.837000
c<A>r<30>R<TYR> -1.983000 7.190000 -22.145000
c<A>r<33>R<ILE> -3.060000 4.547000 -17.896999
c<A>r<34>R<CYS> -4.209000 1.625000 -20.139999
c<A>r<36>R<MET> -2.663000 0.388000 -15.064000
c<A>r<37>R<PHE> -6.349000 -0.427000 -15.835000
c<A>r<40>R<ASP> -5.779000 -3.466000 -12.203000
c<A>r<41>R<VAL> -2.902000 -1.816000 -10.256000
c<A>r<42>R<GLY> -2.437000 1.398000 -8.208000
c<A>r<59>R<ARG> -2.837000 6.764000 -10.038000
c<A>r<60>R<LYS> -2.291000 10.226000 -8.381000
c<A>r<62>R<LEU> -1.521000 9.903000 -13.969000
c<A>r<63>R<LEU> -4.698000 11.698000 -12.749000
c<A>r<64>R<ARG> -2.694000 14.958000 -12.346000
c<A>r<65>R<ALA> -1.275000 14.567000 -15.880000
c<A>r<66>R<SER> -4.756000 13.780000 -17.356001
c<A>r<67>R<ILE> -6.317000 17.108999 -16.187000
c<A>r<68>R<GLY> -3.568000 19.070999 -18.018999
c<A>r<71>R<GLU> -1.922000 15.141000 -25.480000
c<A>r<72>R<LEU> -1.394000 12.104000 -23.150999
c<A>r<96>R<VAL> 7.060000 -6.129000 6.608000
c<A>r<97>R<MET> 6.522000 -3.896000 9.696000
c<A>r<98>R<ASP> 9.162000 -1.372000 8.492000
c<A>r<99>R<ILE> 7.514000 -1.397000 5.018000
c<A>r<100>R<ALA> 4.079000 -0.860000 6.649000
c<A>r<101>R<LYS> 5.531000 2.203000 8.500000
c<A>r<103>R<LEU> 3.662000 3.173000 3.435000
c<A>r<104>R<ILE> 1.951000 5.231000 6.223000
c<A>r<107>R<GLN> 1.633000 8.451000 2.314000
c<A>r<108>R<ILE> 2.344000 6.005000 -0.594000
c<A>r<109>R<ASP> 0.307000 2.943000 -1.682000
c<A>r<128>R<THR> 1.186000 -2.617000 -1.165000
c<A>r<129>R<LYS> -1.417000 -1.708000 1.504000
c<A>r<130>R<THR> -3.460000 -4.634000 0.029000
c<A>r<131>R<ASN> -0.612000 -6.983000 1.140000
c<A>r<132>R<MET> -0.818000 -5.437000 4.675000
c<A>r<133>R<THR> -4.624000 -5.966000 4.685000
c<A>r<134>R<LYS> -4.153000 -9.662000 3.644000
c<A>r<135>R<ILE> -1.592000 -10.156000 6.469000
c<A>r<136>R<LEU> -4.055000 -8.630000 8.982000
c<A>r<137>R<VAL> -6.892000 -10.982000 7.824000
c<A>r<138>R<SER> -4.598000 -14.082000 7.914000
c<A>r<139>R<LEU> -3.646000 -13.335000 11.576000
c<A>r<140>R<SER> -7.360000 -13.313000 12.558000
c<A>r<141>R<GLU> -7.967000 -16.709000 10.836000
c<A>r<142>R<ASN> -4.802000 -18.660000 11.853000
c<B>r<1>R<THR> -1.875000 -16.663000 19.176001
c<B>r<2>R<GLN> -5.521000 -17.617001 19.933001
c<B>r<3>R<LEU> -5.978000 -14.648000 22.339001
c<B>r<4>R<LEU> -4.795000 -12.170000 19.665001
c<B>r<5>R<ALA> -6.955000 -13.607000 16.850000
c<B>r<6>R<ASP> -9.886000 -13.297000 19.322001
c<B>r<7>R<LYS> -8.849000 -9.631000 19.992001
c<B>r<8>R<LEU> -8.598000 -8.902000 16.216000
c<B>r<9>R<LYS> -12.086000 -10.388000 15.609000
c<B>r<10>R<LYS> -13.446000 -7.937000 18.264999
c<B>r<30>R<TYR> -12.967000 18.546000 -12.386000
c<B>r<33>R<ILE> -10.479000 15.835000 -8.804000
c<B>r<34>R<CYS> -9.499000 19.152000 -7.103000
c<B>r<36>R<MET> -9.508000 14.709000 -3.957000
c<B>r<37>R<PHE> -6.041000 16.347000 -4.328000
c<B>r<40>R<ASP> -5.246000 14.038000 -0.216000
c<B>r<41>R<VAL> -7.752000 11.135000 -0.443000
c<B>r<42>R<GLY> -8.264000 8.027000 -2.633000
c<B>r<59>R<ARG> -9.180000 7.794000 -8.180000
c<B>r<60>R<LYS> -9.857000 4.938000 -10.703000
c<B>r<62>R<LEU> -11.834000 10.012000 -12.038000
c<B>r<63>R<LEU> -8.788000 8.769000 -14.051000
c<B>r<64>R<ARG> -11.144000 6.833000 -16.379999
c<B>r<65>R<ALA> -13.279000 9.973000 -16.865999
c<B>r<66>R<SER> -10.202000 12.224000 -17.488001
c<B>r<67>R<ILE> -8.939000 10.133000 -20.472000
c<B>r<68>R<GLY> -12.326000 10.736000 -22.191999
c<B>r<71>R<GLU> -14.949000 18.684000 -20.746000
c<B>r<72>R<LEU> -14.526000 17.539000 -17.080000
c<B>r<96>R<VAL> -12.753000 -4.469000 11.189000
c<B>r<97>R<MET> -11.879000 -8.005000 9.950000
c<B>r<98>R<ASP> -15.103000 -8.220000 7.865000
c<B>r<99>R<ILE> -14.291000 -4.757000 6.405000
c<B>r<100>R<ALA> -10.712000 -5.912000 5.631000
c<B>r<101>R<LYS> -12.195000 -8.926000 3.728000
c<B>r<103>R<LEU> -11.654000 -4.316000 0.815000
c<B>r<104>R<ILE> -9.703000 -7.354000 -0.562000
c<B>r<107>R<GLN> -10.693000 -4.818000 -4.846000
c<B>r<108>R<ILE> -11.658000 -1.379000 -3.365000
c<B>r<109>R<ASP> -9.538000 1.039000 -1.275000
c<B>r<128>R<THR> -9.448000 2.350000 4.188000
c<B>r<129>R<LYS> -6.485000 0.011000 3.555000
c<B>r<130>R<THR> -4.385000 2.736000 5.314000
c<B>r<131>R<ASN> -6.460000 2.059000 8.491000
c<B>r<132>R<MET> -5.667000 -1.700000 8.094000
c<B>r<133>R<THR> -1.914000 -0.925000 7.751000
c<B>r<134>R<LYS> -2.071000 1.276000 10.930000
c<B>r<135>R<ILE> -3.807000 -1.562000 12.846000
c<B>r<136>R<LEU> -1.134000 -4.035000 11.643000
c<B>r<137>R<VAL> 1.719000 -1.707000 12.805000
c<B>r<138>R<SER> 0.034000 -1.149000 16.229000
c<B>r<139>R<LEU> -0.010000 -4.970000 16.818001
c<B>r<140>R<SER> 3.819000 -5.068000 16.448000
c<B>r<141>R<GLU> 4.307000 -2.274000 19.049000
c<B>r<142>R<ASN> 2.066000 -3.863000 21.802999
