c<A>r<16>R<ALA> -0.650000 -16.141001 13.848000
c<A>r<19>R<ASN> 3.131000 -12.703000 14.020000
c<A>r<20>R<TYR> 2.187000 -12.414000 17.721001
c<A>r<23>R<ALA> 5.030000 -7.829000 17.149000
c<A>r<31>R<LEU> -1.706000 -8.564000 19.673000
c<A>r<32>R<ASP> -5.109000 -10.094000 20.299000
c<A>r<33>R<ASP> -7.737000 -12.210000 18.601999
c<A>r<34>R<VAL> -7.935000 -9.746000 15.824000
c<A>r<35>R<LEU> -4.610000 -11.112000 14.542000
c<A>r<36>R<THR> -5.994000 -14.598000 13.893000
c<A>r<37>R<LYS> -8.898000 -13.156000 11.913000
c<A>r<38>R<GLY> -6.487000 -10.859000 9.992000
c<A>r<39>R<VAL> -4.133000 -13.725000 9.077000
c<A>r<40>R<LYS> -7.105000 -15.973000 8.089000
c<A>r<41>R<ALA> -8.550000 -13.273000 5.833000
c<A>r<42>R<LEU> -5.180000 -12.876000 4.075000
c<A>r<43>R<LEU> -4.781000 -16.698000 3.642000
c<A>r<47>R<ARG> -5.459000 -10.391000 -3.629000
c<A>r<48>R<LYS> -4.588000 -9.128000 -0.117000
c<A>r<49>R<GLY> -1.074000 -10.584000 -0.137000
c<A>r<64>R<ILE> 4.342000 -12.172000 4.476000
c<A>r<65>R<TYR> 4.134000 -9.444000 1.775000
c<A>r<66>R<THR> 1.177000 -7.249000 0.683000
c<A>r<67>R<TYR> 0.522000 -5.326000 -2.569000
c<A>r<68>R<GLU> -0.002000 -1.682000 -3.356000
c<A>r<69>R<TRP> -0.909000 -0.742000 -6.899000
c<A>r<70>R<SER> 1.051000 2.119000 -8.411000
c<A>r<71>R<ASP> -0.881000 3.608000 -11.447000
c<A>r<72>R<TRP> 2.126000 5.723000 -12.448000
c<A>r<73>R<ARG> 4.241000 2.617000 -12.840000
c<A>r<74>R<ASN> 1.582000 0.253000 -14.035000
c<A>r<75>R<GLY> 2.750000 -2.176000 -11.459000
c<A>r<76>R<ASN> 2.669000 -3.287000 -7.771000
c<A>r<77>R<PHE> 4.739000 -2.364000 -4.826000
c<A>r<78>R<LEU> 5.345000 -5.602000 -3.016000
c<A>r<79>R<TRP> 5.508000 -4.501000 0.675000
c<A>r<80>R<ILE> 7.452000 -7.002000 2.758000
c<A>r<81>R<GLN> 5.533000 -6.772000 6.067000
c<A>r<99>R<PHE> 14.275000 -12.408000 2.092000
c<A>r<100>R<ASN> 16.236000 -13.405000 -1.061000
c<A>r<102>R<ILE> 11.019000 -12.573000 -2.135000
c<A>r<103>R<LYS> 13.695000 -10.477000 -3.811000
c<A>r<104>R<ASN> 13.921000 -13.045000 -6.564000
c<A>r<105>R<ILE> 10.126000 -12.916000 -7.044000
c<A>r<106>R<CYS> 10.491000 -9.163000 -7.518000
c<A>r<107>R<ASP> 13.450000 -9.468000 -9.883000
c<A>r<110>R<GLU> 9.044000 -6.333000 -14.215000
c<A>r<112>R<ILE> 6.835000 -5.435000 -9.192000
c<A>r<113>R<VAL> 8.964000 -3.225000 -6.971000
c<A>r<114>R<GLY> 9.793000 -4.615000 -3.594000
c<A>r<115>R<ARG> 9.719000 -2.286000 -0.572000
c<A>r<116>R<LEU> 9.586000 -2.395000 3.153000
c<A>r<117>R<TYR> 9.203000 0.112000 5.971000
c<A>r<118>R<VAL> 10.667000 -0.027000 9.447000
c<A>r<119>R<GLU> 9.617000 2.123000 12.515000
c<A>r<120>R<LYS> 12.276000 4.768000 13.169000
c<A>r<121>R<GLU> 12.613000 3.407000 16.736000
c<A>r<122>R<ASN> 13.195000 -0.283000 15.479000
c<A>r<126>R<LYS> 17.240000 -1.034000 10.751000
c<A>r<129>R<TYR> 18.341000 -4.118000 6.581000
c<A>r<130>R<GLU> 21.444000 -1.940000 6.494000
c<A>r<132>R<LEU> 21.754999 -6.337000 3.494000
c<A>r<133>R<ASN> 22.783001 -3.118000 1.727000
c<A>r<134>R<TYR> 19.406000 -1.845000 0.776000
c<A>r<135>R<GLU> 18.822001 1.793000 -0.146000
c<A>r<136>R<CYS> 17.139000 3.633000 2.686000
c<A>r<137>R<ASP> 14.986000 6.676000 2.403000
c<A>r<138>R<TYR> 12.023000 8.077000 4.292000
c<A>r<139>R<ASN> 8.847000 9.737000 3.418000
c<A>r<140>R<TYR> 6.562000 11.609000 5.697000
c<A>r<141>R<GLU> 3.554000 9.641000 6.638000
c<A>r<142>R<TYR> 0.256000 11.193000 7.637000
c<A>r<143>R<GLU> -2.625000 9.313000 9.380000
c<A>r<144>R<VAL> -5.971000 10.747000 8.336000
c<A>r<145>R<ILE> -8.181000 9.030000 10.587000
c<A>r<146>R<HIS> -7.598000 7.182000 13.256000
c<B>r<16>R<ALA> -4.373000 10.119000 -16.862000
c<B>r<19>R<ASN> -1.975000 12.348000 -12.934000
c<B>r<20>R<TYR> 0.525000 13.499000 -15.611000
c<B>r<23>R<ALA> 3.528000 14.271000 -11.153000
c<B>r<31>R<LEU> 5.234000 10.376000 -17.000000
c<B>r<32>R<ASP> 4.829000 8.360000 -20.156000
c<B>r<33>R<ASP> 2.437000 5.905000 -21.787001
c<B>r<34>R<VAL> 2.814000 3.615000 -18.892000
c<B>r<35>R<LEU> 0.555000 5.972000 -16.899000
c<B>r<36>R<THR> -2.452000 5.421000 -19.167999
c<B>r<37>R<LYS> -2.092000 1.645000 -18.861000
c<B>r<38>R<GLY> -1.665000 1.967000 -15.051000
c<B>r<39>R<VAL> -4.782000 4.131000 -14.665000
c<B>r<40>R<LYS> -6.799000 1.801000 -16.981001
c<B>r<41>R<ALA> -5.761000 -1.275000 -14.988000
c<B>r<42>R<LEU> -6.892000 0.390000 -11.752000
c<B>r<43>R<LEU> -10.270000 1.488000 -13.291000
c<B>r<47>R<ARG> -9.320000 -4.592000 -5.840000
c<B>r<48>R<LYS> -6.376000 -2.353000 -6.844000
c<B>r<49>R<GLY> -7.999000 0.842000 -5.554000
c<B>r<64>R<ILE> -7.259000 8.084000 -6.087000
c<B>r<65>R<TYR> -6.606000 5.751000 -3.106000
c<B>r<66>R<THR> -5.116000 2.214000 -2.959000
c<B>r<67>R<TYR> -5.363000 -0.542000 -0.300000
c<B>r<68>R<GLU> -2.816000 -2.322000 1.819000
c<B>r<69>R<TRP> -4.001000 -5.195000 3.983000
c<B>r<70>R<SER> -2.829000 -5.189000 7.565000
c<B>r<71>R<ASP> -3.155000 -8.744000 9.115000
c<B>r<72>R<TRP> -2.419000 -7.409000 12.589000
c<B>r<73>R<ARG> -5.399000 -5.117000 12.390000
c<B>r<74>R<ASN> -7.657000 -7.268000 10.329000
c<B>r<75>R<GLY> -8.249000 -4.322000 8.134000
c<B>r<76>R<ASN> -6.995000 -2.128000 5.229000
c<B>r<77>R<PHE> -4.812000 0.869000 5.109000
c<B>r<78>R<LEU> -6.441000 3.162000 2.628000
c<B>r<79>R<TRP> -3.442000 4.995000 1.016000
c<B>r<80>R<ILE> -4.499000 8.324000 -0.446000
c<B>r<81>R<GLN> -2.147000 8.511000 -3.484000
c<B>r<99>R<PHE> -10.064000 14.866000 1.028000
c<B>r<100>R<ASN> -12.945000 15.006000 3.563000
c<B>r<102>R<ILE> -12.245000 10.021000 1.644000
c<B>r<103>R<LYS> -11.851000 10.740000 5.341000
c<B>r<104>R<ASN> -15.546000 10.114000 5.800000
c<B>r<105>R<ILE> -15.257000 6.770000 3.975000
c<B>r<106>R<CYS> -12.557000 5.843000 6.484000
c<B>r<107>R<ASP> -14.539000 7.035000 9.481000
c<B>r<110>R<GLU> -13.988000 0.359000 11.286000
c<B>r<112>R<ILE> -10.055000 1.030000 7.402000
c<B>r<113>R<VAL> -7.255000 3.360000 8.434000
c<B>r<114>R<GLY> -6.536000 6.191000 6.094000
c<B>r<115>R<ARG> -2.895000 7.139000 5.420000
c<B>r<116>R<LEU> -0.809000 9.048000 2.991000
c<B>r<117>R<TYR> 2.898000 9.603000 2.378000
c<B>r<118>R<VAL> 4.627000 12.673000 1.024000
c<B>r<119>R<GLU> 8.270000 12.889000 -0.339000
c<B>r<120>R<LYS> 10.447000 14.678000 2.216000
c<B>r<121>R<GLU> 11.387000 17.209999 -0.499000
c<B>r<122>R<ASN> 7.613000 17.981001 -1.357000
c<B>r<126>R<LYS> 3.749000 18.900999 3.477000
c<B>r<129>R<TYR> -1.295000 18.375999 5.021000
c<B>r<130>R<GLU> 0.026000 20.250999 8.044000
c<B>r<132>R<LEU> -5.288000 20.061001 7.730000
c<B>r<133>R<ASN> -3.842000 19.104000 11.128000
c<B>r<134>R<TYR> -2.958000 15.540000 10.435000
c<B>r<135>R<GLU> -0.490000 13.633000 12.615000
c<B>r<136>R<CYS> 2.842000 13.288000 10.868000
c<B>r<137>R<ASP> 5.396000 10.616000 11.418000
c<B>r<138>R<TYR> 7.981000 8.866000 9.280000
c<B>r<139>R<ASN> 9.194000 5.422000 8.855000
c<B>r<140>R<TYR> 12.310000 4.309000 7.129000
c<B>r<141>R<GLU> 11.652000 2.910000 3.751000
c<B>r<142>R<TYR> 13.881000 0.390000 2.053000
c<B>r<143>R<GLU> 13.731000 -0.519000 -1.686000
c<B>r<144>R<VAL> 14.713000 -4.131000 -2.218000
c<B>r<145>R<ILE> 14.896000 -4.271000 -5.798000
c<B>r<146>R<HIS> 14.987000 -1.944000 -8.099000
