c<A>r<19>R<ALA> 5.454000 8.031000 11.323000
c<A>r<22>R<THR> 2.464000 10.736000 14.483000
c<A>r<23>R<VAL> 2.054000 7.631000 16.617001
c<A>r<81>R<LYS> 4.620000 -3.958000 -9.382000
c<A>r<82>R<THR> 6.766000 -1.798000 -7.191000
c<A>r<83>R<PHE> 6.446000 -1.721000 -3.406000
c<A>r<84>R<ALA> 8.495000 -1.423000 -0.246000
c<A>r<85>R<TRP> 8.787000 -3.611000 2.885000
c<A>r<94>R<GLY> 6.483000 -5.180000 13.297000
c<A>r<95>R<GLU> 6.288000 -5.390000 9.572000
c<A>r<96>R<SER> 4.234000 -3.934000 6.672000
c<A>r<97>R<ARG> 4.359000 -3.893000 2.911000
c<A>r<98>R<SER> 3.491000 -0.607000 1.185000
c<A>r<99>R<ALA> 0.808000 -0.185000 -1.443000
c<A>r<100>R<CYS> 2.011000 -1.205000 -4.856000
c<A>r<101>R<LEU> 1.872000 0.595000 -8.164000
c<A>r<102>R<LEU> 2.379000 -0.402000 -11.732000
c<A>r<103>R<PRO> 5.467000 1.034000 -13.146000
c<A>r<104>R<PRO> 5.264000 2.969000 -16.315001
c<A>r<105>R<LEU> 6.059000 1.161000 -19.492001
c<A>r<106>R<VAL> 8.688000 3.102000 -20.014999
c<A>r<107>R<LEU> 10.162000 3.362000 -17.069000
c<A>r<109>R<ARG> 12.420000 5.966000 -20.141001
c<A>r<110>R<LEU> 11.484000 7.679000 -17.312000
c<A>r<127>R<ILE> 5.023000 8.052000 -7.210000
c<A>r<129>R<LEU> 5.101000 12.156000 -10.748000
c<A>r<130>R<LEU> 2.740000 9.429000 -11.619000
c<A>r<131>R<THR> 0.154000 10.658000 -9.241000
c<A>r<132>R<ARG> 0.578000 14.375000 -10.079000
c<A>r<133>R<HIS> 1.783000 14.790000 -6.539000
c<A>r<134>R<HIS> -1.364000 13.608000 -4.888000
c<A>r<135>R<LEU> 0.901000 11.070000 -3.328000
c<A>r<139>R<THR> 3.289000 9.624000 2.113000
c<A>r<140>R<VAL> 3.078000 6.011000 0.737000
c<A>r<141>R<TYR> 5.865000 4.891000 3.079000
c<A>r<143>R<GLN> 1.204000 4.731000 5.894000
c<A>r<144>R<ALA> 3.164000 1.487000 5.710000
c<A>r<145>R<LEU> 5.331000 2.602000 8.627000
c<A>r<146>R<ILE> 2.276000 3.339000 10.813000
c<A>r<147>R<LEU> 0.952000 -0.140000 9.984000
c<A>r<148>R<ALA> 4.342000 -1.653000 10.873000
c<A>r<149>R<LEU> 4.127000 0.035000 14.328000
c<A>r<150>R<ILE> 0.809000 -1.733000 15.136000
c<A>r<151>R<PRO> 2.557000 -4.422000 17.430000
c<A>r<152>R<PHE> 4.204000 -1.670000 19.398001
c<A>r<153>R<ILE> 0.998000 0.387000 19.701000
c<A>r<154>R<ASN> -0.871000 -2.706000 20.908001
c<A>r<155>R<PRO> 1.461000 -4.700000 23.080000
c<A>r<156>R<GLU> -1.493000 -6.505000 24.655001
c<A>r<157>R<HIS> -2.566000 -7.943000 21.355000
c<A>r<158>R<TYR> 0.961000 -8.725000 20.104000
c<A>r<159>R<PRO> 2.976000 -10.575000 22.614000
c<B>r<19>R<ALA> -10.024000 8.926000 -4.588000
c<B>r<22>R<THR> -9.018000 13.874000 -5.373000
c<B>r<23>R<VAL> -7.531000 12.965000 -8.745000
c<B>r<81>R<LYS> -1.149000 -10.289000 6.495000
c<B>r<82>R<THR> -4.294000 -8.523000 5.470000
c<B>r<83>R<PHE> -4.540000 -6.320000 2.374000
c<B>r<84>R<ALA> -6.913000 -5.365000 -0.395000
c<B>r<85>R<TRP> -6.619000 -5.394000 -4.188000
c<B>r<94>R<GLY> -5.270000 -0.005000 -13.391000
c<B>r<95>R<GLU> -4.512000 -2.040000 -10.357000
c<B>r<96>R<SER> -2.962000 -1.615000 -6.878000
c<B>r<97>R<ARG> -2.584000 -3.630000 -3.707000
c<B>r<98>R<SER> -3.065000 -1.805000 -0.401000
c<B>r<99>R<ALA> -0.518000 -1.704000 2.391000
c<B>r<100>R<CYS> -0.622000 -4.795000 4.538000
c<B>r<101>R<LEU> -0.873000 -5.152000 8.276000
c<B>r<102>R<LEU> -0.369000 -7.975000 10.681000
c<B>r<103>R<PRO> -3.546000 -9.019000 12.189000
c<B>r<104>R<PRO> -3.864000 -9.144000 15.893000
c<B>r<105>R<LEU> -3.480000 -12.454000 17.552000
c<B>r<106>R<VAL> -6.801000 -12.149000 18.309000
c<B>r<107>R<LEU> -8.090000 -11.948000 15.120000
c<B>r<127>R<ILE> -7.087000 -0.774000 10.999000
c<B>r<129>R<LEU> -8.527000 0.250000 16.120001
c<B>r<130>R<LEU> -5.092000 -1.095000 15.724000
c<B>r<131>R<THR> -3.689000 2.229000 14.742000
c<B>r<132>R<ARG> -5.611000 4.240000 17.356001
c<B>r<133>R<HIS> -7.342000 5.901000 14.468000
c<B>r<134>R<HIS> -4.259000 7.336000 12.907000
c<B>r<135>R<LEU> -5.329000 5.324000 9.934000
c<B>r<139>R<THR> -7.569000 6.125000 4.277000
c<B>r<140>R<VAL> -5.569000 2.900000 3.542000
c<B>r<141>R<TYR> -7.863000 2.087000 0.602000
c<B>r<143>R<GLN> -4.053000 5.560000 -1.201000
c<B>r<144>R<ALA> -4.309000 2.250000 -3.024000
c<B>r<145>R<LEU> -7.116000 3.630000 -5.193000
c<B>r<146>R<ILE> -5.052000 6.692000 -6.203000
c<B>r<147>R<LEU> -2.202000 4.340000 -7.151000
c<B>r<148>R<ALA> -4.638000 2.206000 -9.181000
c<B>r<149>R<LEU> -5.675000 5.349000 -11.148000
c<B>r<150>R<ILE> -2.048000 6.000000 -12.293000
c<B>r<151>R<PRO> -2.704000 4.505000 -15.883000
c<B>r<152>R<PHE> -5.656000 6.800000 -16.309000
c<B>r<153>R<ILE> -3.774000 9.860000 -15.023000
c<B>r<154>R<ASN> -0.902000 9.129000 -17.410000
c<B>r<155>R<PRO> -2.369000 7.788000 -20.615000
c<B>r<156>R<GLU> 0.861000 8.608000 -22.493000
c<B>r<157>R<HIS> 2.889000 6.298000 -20.350000
c<B>r<158>R<TYR> 0.273000 3.534000 -20.165001
c<B>r<159>R<PRO> -1.039000 2.633000 -23.539000
