c<A>r<4>R<SER> -0.982000 -14.377000 -14.636000
c<A>r<5>R<PHE> 2.300000 -12.777000 -13.568000
c<A>r<6>R<PRO> 4.238000 -11.454000 -15.375000
c<A>r<7>R<TYR> 1.650000 -9.311000 -17.066999
c<A>r<8>R<GLY> 2.107000 -8.292000 -20.723000
c<A>r<9>R<SER> -0.114000 -5.224000 -20.773001
c<A>r<10>R<PRO> -1.007000 -2.201000 -18.655001
c<A>r<11>R<GLY> -4.567000 -3.517000 -18.334000
c<A>r<12>R<GLU> -3.439000 -6.847000 -17.094999
c<A>r<13>R<LEU> -1.118000 -5.280000 -14.549000
c<A>r<14>R<ASN> -4.124000 -3.218000 -13.343000
c<A>r<15>R<SER> -5.775000 -6.495000 -12.433000
c<A>r<16>R<PHE> -2.923000 -7.440000 -10.102000
c<A>r<17>R<LEU> -4.139000 -6.722000 -6.559000
c<A>r<18>R<PRO> -0.619000 -6.261000 -4.967000
c<A>r<19>R<TYR> 0.224000 -3.724000 -7.699000
c<A>r<20>R<LEU> -2.948000 -1.704000 -7.037000
c<A>r<21>R<LEU> -2.533000 -1.841000 -3.250000
c<A>r<22>R<THR> 1.043000 -0.636000 -3.339000
c<A>r<23>R<ARG> 0.339000 2.196000 -5.836000
c<A>r<24>R<ILE> -2.658000 3.508000 -4.023000
c<A>r<25>R<THR> -0.951000 3.221000 -0.612000
c<A>r<26>R<HIS> 2.000000 5.148000 -1.926000
c<A>r<27>R<ILE> -0.289000 7.878000 -3.291000
c<A>r<28>R<TRP> -2.148000 8.122000 -0.093000
c<A>r<29>R<SER> 0.950000 8.206000 2.110000
c<A>r<47>R<ARG> -1.015000 5.719000 12.574000
c<A>r<49>R<LEU> -2.745000 7.385000 17.566999
c<A>r<50>R<SER> -5.438000 6.134000 15.202000
c<A>r<51>R<SER> -4.779000 2.563000 16.327999
c<A>r<52>R<LEU> -5.000000 3.524000 19.945000
c<A>r<53>R<SER> -8.180000 5.426000 19.254999
c<A>r<54>R<ALA> -9.786000 2.392000 17.700001
c<A>r<55>R<TYR> -8.472000 -0.358000 20.000000
c<A>r<56>R<GLY> -8.162000 1.707000 23.261000
c<A>r<65>R<THR> 1.715000 -4.711000 13.855000
c<A>r<66>R<LEU> -1.180000 -2.266000 13.281000
c<A>r<67>R<GLY> 1.048000 0.734000 12.560000
c<A>r<68>R<VAL> 3.140000 -0.899000 9.813000
c<A>r<69>R<GLU> 6.515000 0.319000 10.926000
c<A>r<104>R<LYS> -7.702000 12.574000 21.511000
c<A>r<107>R<LEU> -6.649000 13.435000 16.530001
c<A>r<108>R<ALA> -9.812000 15.503000 16.554001
c<A>r<110>R<ILE> -6.493000 16.566000 12.222000
c<A>r<111>R<SER> -9.715000 14.579000 11.511000
c<A>r<112>R<PRO> -11.200000 17.055000 9.029000
c<A>r<113>R<LEU> -8.070000 16.881001 6.988000
c<A>r<114>R<ILE> -7.957000 13.042000 6.967000
c<A>r<115>R<ASN> -11.652000 12.803000 6.162000
c<A>r<116>R<ASP> -11.243000 15.235000 3.340000
c<A>r<118>R<HIS> -10.205000 10.014000 2.267000
c<A>r<120>R<GLU> -10.882000 12.673000 -2.335000
c<A>r<121>R<LEU> -9.243000 9.247000 -2.566000
c<A>r<122>R<VAL> -12.501000 7.377000 -2.989000
c<A>r<123>R<GLY> -13.844000 10.096000 -5.225000
c<A>r<124>R<ASN> -16.885000 9.167000 -7.130000
c<A>r<125>R<VAL> -16.728001 5.438000 -6.780000
c<A>r<126>R<ASP> -20.061001 3.765000 -6.376000
c<A>r<127>R<PRO> -20.787001 3.479000 -2.623000
c<A>r<129>R<LYS> -19.056999 -1.252000 -4.906000
c<A>r<130>R<LEU> -16.797001 0.589000 -2.485000
c<A>r<131>R<GLN> -18.437000 -1.237000 0.415000
c<A>r<132>R<THR> -17.827999 -4.539000 -1.413000
c<A>r<133>R<CYS> -14.169000 -3.610000 -1.916000
c<A>r<134>R<ILE> -13.787000 -2.738000 1.814000
c<A>r<135>R<GLU> -15.401000 -6.053000 2.736000
c<A>r<136>R<VAL> -13.084000 -7.982000 0.379000
c<A>r<137>R<LEU> -9.986000 -6.200000 1.744000
c<A>r<138>R<GLY> -11.265000 -6.856000 5.297000
c<A>r<139>R<GLU> -11.605000 -10.589000 4.475000
c<A>r<140>R<ILE> -8.100000 -10.643000 3.000000
c<A>r<141>R<LEU> -6.609000 -8.962000 6.035000
c<A>r<142>R<LYS> -8.449000 -11.356000 8.371000
c<A>r<143>R<GLY> -7.100000 -14.365000 6.361000
c<A>r<144>R<LYS> -3.521000 -13.077000 6.576000
c<A>r<145>R<THR> -3.452000 -12.215000 10.246000
c<B>r<2>R<SER> -15.625000 9.137000 10.282000
c<B>r<3>R<PHE> -12.008000 9.442000 11.435000
c<B>r<4>R<PRO> -10.919000 8.990000 14.132000
c<B>r<5>R<TYR> -12.495000 5.618000 14.603000
c<B>r<6>R<GLY> -13.513000 4.406000 18.104000
c<B>r<7>R<SER> -13.588000 0.666000 17.454000
c<B>r<8>R<PRO> -11.619000 -2.042000 15.678000
c<B>r<9>R<GLY> -14.595000 -2.656000 13.345000
c<B>r<10>R<GLU> -14.826000 0.935000 12.360000
c<B>r<11>R<LEU> -11.115000 1.145000 11.669000
c<B>r<12>R<ASN> -11.526000 -1.953000 9.438000
c<B>r<13>R<SER> -13.845000 0.127000 7.286000
c<B>r<14>R<PHE> -11.145000 2.722000 6.670000
c<B>r<15>R<LEU> -9.776000 2.061000 3.180000
c<B>r<16>R<PRO> -6.264000 3.671000 3.762000
c<B>r<17>R<TYR> -5.847000 1.528000 6.889000
c<B>r<18>R<LEU> -6.678000 -1.692000 5.006000
c<B>r<19>R<LEU> -4.480000 -0.788000 2.016000
c<B>r<20>R<THR> -1.449000 -0.043000 4.133000
c<B>r<21>R<ARG> -1.830000 -3.188000 6.302000
c<B>r<22>R<ILE> -2.296000 -5.532000 3.422000
c<B>r<23>R<THR> 0.528000 -3.907000 1.399000
c<B>r<24>R<HIS> 2.839000 -4.271000 4.353000
c<B>r<25>R<ILE> 1.914000 -7.956000 4.738000
c<B>r<26>R<TRP> 2.421000 -8.586000 1.081000
c<B>r<27>R<SER> 5.753000 -6.768000 0.879000
c<B>r<45>R<ARG> 8.622000 -3.964000 -9.386000
c<B>r<47>R<LEU> 10.837000 -5.504000 -14.232000
c<B>r<48>R<SER> 7.131000 -6.159000 -13.811000
c<B>r<49>R<SER> 6.367000 -2.601000 -14.964000
c<B>r<50>R<LEU> 8.564000 -2.983000 -18.000000
c<B>r<51>R<SER> 6.950000 -6.318000 -18.756001
c<B>r<52>R<ALA> 3.507000 -4.748000 -18.760000
c<B>r<53>R<TYR> 4.241000 -1.385000 -20.448000
c<B>r<54>R<GLY> 7.178000 -2.524000 -22.728001
c<B>r<63>R<THR> 5.952000 6.374000 -10.607000
c<B>r<64>R<LEU> 4.869000 2.757000 -11.302000
c<B>r<65>R<GLY> 7.547000 1.176000 -9.092000
c<B>r<66>R<VAL> 6.777000 3.325000 -5.975000
c<B>r<67>R<GLU> 10.413000 4.102000 -5.272000
c<B>r<103>R<LYS> 12.065000 -11.795000 -19.370001
c<B>r<106>R<LEU> 10.632000 -12.775000 -14.471000
c<B>r<107>R<ALA> 9.494000 -16.112000 -15.831000
c<B>r<109>R<ILE> 10.044000 -16.031000 -10.269000
c<B>r<110>R<SER> 6.454000 -16.099001 -11.684000
c<B>r<111>R<PRO> 5.371000 -19.311001 -9.998000
c<B>r<112>R<LEU> 6.394000 -17.914000 -6.654000
c<B>r<113>R<ILE> 4.555000 -14.589000 -7.146000
c<B>r<114>R<ASN> 1.451000 -16.346001 -8.461000
c<B>r<117>R<HIS> -0.963000 -13.859000 -4.844000
c<B>r<119>R<GLU> -2.511000 -17.188000 -0.921000
c<B>r<120>R<LEU> -3.200000 -13.497000 -0.394000
c<B>r<121>R<VAL> -6.614000 -13.582000 -2.033000
c<B>r<122>R<GLY> -7.354000 -16.934000 -0.431000
c<B>r<123>R<ASN> -10.936000 -17.948999 -0.564000
c<B>r<124>R<VAL> -12.490000 -14.635000 -1.352000
c<B>r<125>R<ASP> -15.437000 -14.799000 -3.704000
c<B>r<128>R<LYS> -16.455999 -9.790000 -5.179000
c<B>r<129>R<LEU> -12.702000 -9.861000 -5.752000
c<B>r<130>R<GLN> -13.234000 -8.687000 -9.320000
c<B>r<131>R<THR> -15.418000 -5.839000 -7.974000
c<B>r<132>R<CYS> -12.695000 -4.888000 -5.491000
c<B>r<133>R<ILE> -10.033000 -4.856000 -8.275000
c<B>r<134>R<GLU> -12.320000 -2.698000 -10.410000
c<B>r<135>R<VAL> -12.922000 -0.254000 -7.526000
c<B>r<136>R<LEU> -9.184000 -0.030000 -6.765000
c<B>r<137>R<GLY> -8.513000 0.432000 -10.513000
c<B>r<138>R<GLU> -11.036000 3.319000 -10.582000
c<B>r<139>R<ILE> -9.441000 4.893000 -7.513000
c<B>r<140>R<LEU> -5.968000 4.669000 -9.010000
c<B>r<141>R<LYS> -7.149000 6.155000 -12.330000
c<B>r<142>R<GLY> -8.727000 9.106000 -10.418000
c<B>r<143>R<LYS> -5.488000 9.820000 -8.584000
c<B>r<144>R<THR> -2.848000 9.453000 -11.337000
c<B>r<146>R<TYR> -0.748000 6.333000 -15.369000
