c<A>r<4>R<GLU> -8.305000 12.727000 6.586000
c<A>r<7>R<SER> -4.083000 10.154000 7.980000
c<A>r<8>R<LEU> -2.689000 12.690000 10.419000
c<A>r<9>R<ALA> -2.604000 10.341000 13.409000
c<A>r<10>R<SER> 0.748000 10.033000 15.134000
c<A>r<11>R<VAL> 2.740000 6.906000 15.369000
c<A>r<21>R<ILE> -12.753000 -5.221000 4.772000
c<A>r<22>R<VAL> -13.116000 -4.569000 1.055000
c<A>r<23>R<GLY> -9.847000 -5.651000 -0.341000
c<A>r<24>R<MET> -6.603000 -7.535000 0.108000
c<A>r<25>R<ASN> -3.182000 -7.401000 -1.529000
c<A>r<26>R<PRO> -1.794000 -9.758000 -2.707000
c<A>r<27>R<PRO> -5.126000 -11.157000 -3.702000
c<A>r<28>R<GLN> -3.972000 -14.717000 -4.088000
c<A>r<29>R<PHE> -1.252000 -16.813000 -2.384000
c<A>r<34>R<GLU> 5.401000 -16.951000 -0.995000
c<A>r<35>R<PHE> 5.499000 -13.534000 0.564000
c<A>r<36>R<LYS> 9.060000 -13.480000 1.352000
c<A>r<37>R<TYR> 9.265000 -9.924000 0.765000
c<A>r<38>R<CYS> 5.782000 -8.783000 0.433000
c<A>r<39>R<THR> 3.418000 -7.292000 2.963000
c<A>r<40>R<LEU> -0.218000 -8.169000 3.394000
c<A>r<42>R<LEU> -5.936000 -4.877000 3.786000
c<A>r<43>R<TYR> -8.383000 -2.223000 2.746000
c<A>r<52>R<PRO> -20.600000 -0.675000 -3.447000
c<A>r<53>R<ASP> -19.865999 1.155000 -6.379000
c<A>r<54>R<LYS> -17.365999 3.604000 -5.480000
c<A>r<55>R<VAL> -13.822000 3.326000 -6.476000
c<A>r<56>R<LEU> -11.628000 2.793000 -3.361000
c<A>r<57>R<VAL> -9.163000 5.535000 -2.635000
c<A>r<58>R<PRO> -6.854000 5.037000 0.371000
c<A>r<59>R<GLY> -7.006000 8.005000 2.723000
c<A>r<60>R<VAL> -10.170000 9.289000 1.107000
c<A>r<62>R<CYS> -10.882000 3.749000 2.887000
c<A>r<84>R<SER> -5.223000 -16.173000 0.876000
c<A>r<88>R<SER> -10.319000 -13.921000 2.835000
c<A>r<93>R<LEU> -14.075000 -10.459000 1.832000
c<A>r<94>R<GLU> -16.431999 -12.448000 -0.492000
c<A>r<95>R<LYS> -19.521999 -11.373000 1.482000
c<A>r<96>R<PRO> -18.555000 -8.228000 3.165000
c<A>r<107>R<LEU> 6.659000 3.107000 12.034000
c<A>r<108>R<TRP> 7.208000 0.651000 9.168000
c<A>r<109>R<ASP> 10.978000 0.383000 8.591000
c<A>r<110>R<ASN> 11.265000 -1.006000 5.021000
c<A>r<111>R<ASP> 15.014000 -1.431000 4.400000
c<A>r<112>R<LYS> 14.528000 0.473000 1.315000
c<A>r<113>R<THR> 12.686000 3.454000 2.603000
c<A>r<114>R<ALA> 14.429000 6.674000 3.374000
c<A>r<115>R<SER> 15.022000 7.106000 7.097000
c<A>r<116>R<PRO> 13.067000 7.237000 9.617000
c<A>r<117>R<GLY> 10.514000 5.111000 7.701000
c<A>r<118>R<MET> 6.912000 5.101000 6.759000
c<A>r<119>R<ALA> 3.936000 5.592000 9.034000
c<A>r<120>R<VAL> 1.311000 3.016000 8.265000
c<B>r<4>R<GLU> -4.365000 16.308001 -0.693000
c<B>r<7>R<SER> -5.531000 12.233000 -3.601000
c<B>r<8>R<LEU> -8.698000 13.596000 -5.158000
c<B>r<10>R<SER> -9.821000 11.270000 -11.020000
c<B>r<11>R<VAL> -8.927000 8.084000 -12.683000
c<B>r<21>R<ILE> 11.959000 8.353000 -4.804000
c<B>r<22>R<VAL> 12.364000 7.629000 -1.110000
c<B>r<23>R<GLY> 11.235000 4.131000 -0.781000
c<B>r<24>R<MET> 10.362000 0.855000 -2.454000
c<B>r<25>R<ASN> 8.281000 -2.147000 -1.488000
c<B>r<26>R<PRO> 9.307000 -4.944000 -1.539000
c<B>r<27>R<PRO> 12.718000 -3.684000 -0.576000
c<B>r<28>R<GLN> 14.605000 -6.715000 -1.719000
c<B>r<29>R<PHE> 14.028000 -9.285000 -4.500000
c<B>r<34>R<GLU> 9.362000 -13.666000 -7.031000
c<B>r<35>R<PHE> 6.505000 -11.203000 -7.269000
c<B>r<36>R<LYS> 3.956000 -13.487000 -8.490000
c<B>r<37>R<TYR> 1.309000 -11.722000 -6.753000
c<B>r<38>R<CYS> 2.923000 -8.714000 -5.384000
c<B>r<39>R<THR> 3.058000 -5.186000 -6.746000
c<B>r<40>R<LEU> 6.041000 -2.918000 -6.794000
c<B>r<42>R<LEU> 7.362000 3.262000 -4.946000
c<B>r<43>R<TYR> 7.229000 6.182000 -2.598000
c<B>r<52>R<PRO> 15.202000 13.669000 5.446000
c<B>r<53>R<ASP> 14.038000 13.153000 8.742000
c<B>r<54>R<LYS> 10.442000 13.032000 8.525000
c<B>r<55>R<VAL> 8.432000 9.952000 8.758000
c<B>r<56>R<LEU> 6.810000 9.172000 5.343000
c<B>r<57>R<VAL> 3.060000 9.278000 5.306000
c<B>r<58>R<PRO> 1.371000 8.413000 1.981000
c<B>r<59>R<GLY> -1.064000 11.128000 0.942000
c<B>r<60>R<VAL> 0.392000 13.572000 3.422000
c<B>r<62>R<CYS> 4.572000 11.530000 -0.120000
c<B>r<84>R<SER> 15.620000 -4.870000 -6.594000
c<B>r<88>R<SER> 16.976999 0.871000 -6.646000
c<B>r<93>R<LEU> 17.136000 5.221000 -3.825000
c<B>r<94>R<GLU> 20.540001 4.918000 -2.045000
c<B>r<95>R<LYS> 21.466999 8.501000 -2.937000
c<B>r<96>R<PRO> 18.230000 10.236000 -3.467000
c<B>r<107>R<LEU> -8.246000 1.820000 -11.654000
c<B>r<108>R<TRP> -6.326000 -1.048000 -10.034000
c<B>r<109>R<ASP> -8.536000 -4.169000 -10.206000
c<B>r<110>R<ASN> -7.049000 -6.528000 -7.572000
c<B>r<111>R<ASP> -9.133000 -9.745000 -7.728000
c<B>r<112>R<LYS> -9.709000 -9.391000 -4.102000
c<B>r<113>R<THR> -10.898000 -5.853000 -3.950000
c<B>r<114>R<ALA> -14.517000 -4.942000 -3.816000
c<B>r<115>R<SER> -15.935000 -3.687000 -7.144000
c<B>r<116>R<PRO> -15.158000 -1.263000 -9.077000
c<B>r<117>R<GLY> -11.575000 -1.395000 -7.604000
c<B>r<118>R<MET> -8.991000 0.871000 -6.153000
c<B>r<119>R<ALA> -7.712000 4.134000 -7.564000
c<B>r<120>R<VAL> -3.955000 4.240000 -7.354000
