c<B>r<31>R<ARG> -12.333000 -1.935000 -30.082001
c<B>r<32>R<LYS> -13.767000 -5.503000 -30.205999
c<B>r<34>R<LEU> -8.648000 -5.054000 -28.476000
c<B>r<35>R<SER> -11.177000 -6.306000 -25.879000
c<B>r<36>R<ARG> -10.533000 -9.905000 -26.316999
c<B>r<37>R<GLU> -9.245000 -11.701000 -23.170000
c<B>r<40>R<PRO> -5.262000 -8.727000 -28.132000
c<B>r<72>R<TRP> -12.231000 2.294000 -25.437000
c<B>r<73>R<ALA> -9.763000 1.187000 -28.115999
c<B>r<75>R<THR> -7.885000 2.557000 -23.174999
c<B>r<76>R<ASN> -7.103000 -1.061000 -23.995001
c<B>r<77>R<ILE> -3.854000 -0.108000 -25.934999
c<B>r<78>R<ALA> -2.845000 2.001000 -22.892000
c<B>r<79>R<SER> -3.444000 -1.014000 -20.570000
c<B>r<80>R<GLY> -0.564000 -2.979000 -22.211000
c<B>r<81>R<THR> 3.259000 -2.632000 -21.951000
c<B>r<111>R<GLN> -14.032000 5.937000 -20.649000
c<B>r<114>R<TRP> -10.342000 4.888000 -17.313000
c<B>r<115>R<ALA> -7.889000 5.784000 -20.117001
c<B>r<117>R<GLY> -5.952000 5.888000 -15.140000
c<B>r<118>R<ASN> -4.145000 3.397000 -17.393000
c<B>r<119>R<ILE> -1.736000 6.131000 -18.605000
c<B>r<120>R<ALA> -1.130000 7.353000 -15.020000
c<B>r<121>R<GLY> -0.725000 3.745000 -13.852000
c<B>r<122>R<ASP> 2.232000 3.145000 -16.250000
c<B>r<123>R<GLY> 4.699000 4.899000 -13.925000
c<B>r<161>R<TRP> -9.177000 3.945000 -9.138000
c<B>r<162>R<THR> -7.903000 6.681000 -11.535000
c<B>r<164>R<SER> -5.513000 6.262000 -6.701000
c<B>r<165>R<ASN> -3.095000 5.921000 -9.707000
c<B>r<168>R<ARG> 0.851000 6.024000 -6.864000
c<B>r<169>R<ASN> 4.634000 5.376000 -7.602000
c<B>r<199>R<ALA> -10.370000 -0.449000 -1.159000
c<B>r<200>R<ASP> -8.994000 1.876000 -3.860000
c<B>r<203>R<TRP> -4.657000 2.089000 -1.473000
c<B>r<204>R<ALA> -4.408000 5.770000 -2.442000
c<B>r<206>R<SER> -1.284000 3.897000 1.549000
c<B>r<207>R<TYR> 0.705000 5.316000 -1.422000
c<B>r<210>R<ASP> 4.663000 5.645000 1.881000
c<B>r<238>R<PRO> -9.434000 -6.135000 -0.042000
c<B>r<241>R<THR> -5.105000 -5.060000 3.280000
c<B>r<242>R<PRO> -4.572000 -1.459000 2.117000
c<B>r<245>R<ARG> -0.655000 -0.901000 4.866000
c<B>r<249>R<ASN> 3.231000 3.425000 6.841000
c<B>r<280>R<ASN> 0.252000 -11.450000 4.496000
c<B>r<283>R<LYS> 3.118000 -10.268000 8.435000
c<B>r<284>R<GLU> 2.018000 -6.619000 7.825000
c<B>r<287>R<TRP> 5.722000 -5.230000 10.968000
c<C>r<1>R<ASN> 9.945000 -2.853000 2.787000
c<C>r<2>R<ARG> 6.858000 -4.198000 1.740000
c<C>r<3>R<LYS> 4.518000 -3.123000 -0.207000
c<C>r<4>R<ARG> 1.017000 -4.557000 -2.027000
c<C>r<5>R<ARG> -0.337000 -2.689000 -4.428000
c<C>r<6>R<GLY> -3.308000 -2.599000 -6.498000
c<C>r<7>R<MET> -3.172000 -3.199000 -10.225000
c<C>r<8>R<PRO> -1.785000 -0.175000 -11.912000
c<C>r<9>R<LYS> -3.368000 -0.893000 -15.255000
c<C>r<10>R<ARG> -6.605000 -2.568000 -16.392000
c<C>r<11>R<GLN> -7.897000 -3.979000 -19.742001
c<C>r<12>R<ARG> -11.481000 -3.392000 -20.441000
c<C>r<13>R<ILE> -13.361000 -6.528000 -21.613001
c<C>r<14>R<PRO> -16.926001 -6.904000 -23.273001
