c<A>r<38>R<ILE> -33.090000 3.315000 -3.636000
c<A>r<39>R<GLY> -33.049999 -0.335000 -4.873000
c<A>r<40>R<VAL> -32.506001 -0.661000 -8.671000
c<A>r<41>R<GLU> -33.428001 1.726000 -11.521000
c<A>r<42>R<VAL> -33.563999 0.608000 -15.221000
c<A>r<43>R<HIS> -32.504002 3.041000 -17.878000
c<A>r<44>R<PRO> -32.839001 2.170000 -21.603001
c<A>r<57>R<ASP> -31.507999 -1.936000 -20.450001
c<A>r<59>R<TRP> -30.051001 -2.039000 -14.182000
c<A>r<97>R<PRO> -13.906000 -8.760000 -5.575000
c<A>r<120>R<ASP> -11.304000 14.001000 -13.150000
c<A>r<121>R<VAL> -10.572000 14.239000 -9.357000
c<A>r<122>R<LYS> -6.849000 14.896000 -8.622000
c<A>r<148>R<SER> -15.853000 15.147000 -18.018000
c<A>r<150>R<TYR> -13.749000 10.861000 -20.386000
c<B>r<21>R<ASN> -41.303001 -4.413000 -14.826000
c<B>r<22>R<ILE> -38.473000 -2.116000 -13.781000
c<B>r<23>R<GLU> -39.550999 0.737000 -16.153000
c<B>r<24>R<ASN> -42.874001 0.687000 -14.249000
c<B>r<25>R<LYS> -40.938999 0.638000 -10.899000
c<B>r<26>R<ASN> -38.890999 3.660000 -12.089000
c<B>r<27>R<LEU> -42.000000 5.592000 -13.185000
c<B>r<29>R<GLN> -40.352001 5.839000 -7.907000
c<B>r<376>R<ASP> -10.718000 -16.333000 -0.831000
c<B>r<764>R<PRO> -9.897000 19.320999 -19.035000
c<B>r<765>R<GLU> -6.690000 17.155001 -18.917999
c<B>r<766>R<ALA> -4.152000 18.344000 -16.306000
c<B>r<812>R<SER> -8.577000 23.061001 -11.792000
c<B>r<813>R<ARG> -7.352000 24.693001 -8.474000
c<B>r<814>R<SER> -3.702000 23.534000 -9.106000
