1763918927768 0.0 22
1763918927781 0.0 22
1763918936912 1.0 45
1763918936923 1.0 45
1763918946059 2.0 68
1763918946066 2.0 68
1763918956413 3.0 91
1763918956421 3.0 91
1763918966918 4.0 114
1763918966930 4.0 114
1763918977380 5.0 137
1763918977392 5.0 137
1763918986186 6.0 160
1763918986198 6.0 160
1763918994880 7.0 183
1763918994891 7.0 183
1763919003685 8.0 206
1763919003687 8.0 206
1763919012831 9.0 229
1763919012832 9.0 229
1763919021520 10.0 252
1763919021523 10.0 252
1763919030316 11.0 275
1763919030328 11.0 275
1763919039135 12.0 298
1763919039146 12.0 298
1763919047959 13.0 321
1763919047962 13.0 321
1763919056702 14.0 344
1763919056714 14.0 344
1763919065732 15.0 367
1763919065743 15.0 367
1763919074344 16.0 390
1763919074355 16.0 390
1763919083194 17.0 413
1763919083205 17.0 413
1763919092262 18.0 436
1763919092272 18.0 436
1763919101276 19.0 459
1763919101287 19.0 459
1763919110368 20.0 482
1763919110379 20.0 482
1763919119455 21.0 505
1763919119466 21.0 505
1763919128432 22.0 528
1763919128434 22.0 528
1763919137279 23.0 551
1763919137281 23.0 551
1763919146268 24.0 574
1763919146279 24.0 574
1763919155076 25.0 597
1763919155083 25.0 597
1763919163764 26.0 620
1763919163775 26.0 620
1763919172857 27.0 643
1763919172869 27.0 643
1763919181855 28.0 666
1763919181857 28.0 666
1763919190845 29.0 689
1763919190852 29.0 689
1763919200101 30.0 712
1763919200103 30.0 712
1763919209342 31.0 735
1763919209353 31.0 735
1763919218442 32.0 758
1763919218450 32.0 758
1763919227462 33.0 781
1763919227463 33.0 781
1763919236593 34.0 804
1763919236605 34.0 804
1763919245678 35.0 827
1763919245685 35.0 827
1763919254758 36.0 850
1763919254759 36.0 850
1763919263472 37.0 873
1763919263474 37.0 873
1763919272506 38.0 896
1763919272508 38.0 896
1763919281509 39.0 919
1763919281511 39.0 919
1763919290425 40.0 942
1763919290433 40.0 942
1763919299563 41.0 965
1763919299571 41.0 965
1763919308882 42.0 988
1763919308889 42.0 988
1763919317945 43.0 1011
1763919317952 43.0 1011
1763919326967 44.0 1034
1763919326973 44.0 1034
1763919336091 45.0 1057
1763919336093 45.0 1057
1763919345488 46.0 1080
1763919345496 46.0 1080
1763919354522 47.0 1103
1763919354530 47.0 1103
1763919363805 48.0 1126
1763919363812 48.0 1126
1763919372822 49.0 1149
1763919372824 49.0 1149
1763919381834 50.0 1172
1763919381836 50.0 1172
1763919390844 51.0 1195
1763919390846 51.0 1195
1763919400214 52.0 1218
1763919400222 52.0 1218
1763919409342 53.0 1241
1763919409343 53.0 1241
1763919418366 54.0 1264
1763919418373 54.0 1264
1763919427413 55.0 1287
1763919427421 55.0 1287
1763919436486 56.0 1310
1763919436494 56.0 1310
1763919445382 57.0 1333
1763919445389 57.0 1333
1763919454233 58.0 1356
1763919454235 58.0 1356
1763919463584 59.0 1379
1763919463586 59.0 1379
1763919472531 60.0 1402
1763919472533 60.0 1402
1763919481887 61.0 1425
1763919481888 61.0 1425
1763919491191 62.0 1448
1763919491198 62.0 1448
1763919500849 63.0 1471
1763919500857 63.0 1471
1763919510110 64.0 1494
1763919510117 64.0 1494
1763919519163 65.0 1517
1763919519165 65.0 1517
1763919528311 66.0 1540
1763919528313 66.0 1540
1763919537510 67.0 1563
1763919537513 67.0 1563
1763919546956 68.0 1586
1763919546958 68.0 1586
1763919555828 69.0 1609
1763919555830 69.0 1609
1763919565187 70.0 1632
1763919565189 70.0 1632
1763919574447 71.0 1655
1763919574449 71.0 1655
1763919583769 72.0 1678
1763919583771 72.0 1678
1763919592964 73.0 1701
1763919592966 73.0 1701
1763919602211 74.0 1724
1763919602212 74.0 1724
1763919611209 75.0 1747
1763919611212 75.0 1747
1763919620442 76.0 1770
1763919620443 76.0 1770
1763919629182 77.0 1793
1763919629184 77.0 1793
1763919637375 78.0 1816
1763919637377 78.0 1816
1763919645751 79.0 1839
1763919645753 79.0 1839
1763919653792 80.0 1862
1763919653794 80.0 1862
1763919662095 81.0 1885
1763919662097 81.0 1885
1763919670710 82.0 1908
1763919670712 82.0 1908
1763919679859 83.0 1931
1763919679862 83.0 1931
1763919689085 84.0 1954
1763919689087 84.0 1954
1763919698419 85.0 1977
1763919698420 85.0 1977
1763919707431 86.0 2000
1763919707433 86.0 2000
1763919716540 87.0 2023
1763919716542 87.0 2023
1763919725660 88.0 2046
1763919725662 88.0 2046
1763919734917 89.0 2069
1763919734919 89.0 2069
1763919744188 90.0 2092
1763919744190 90.0 2092
1763919753284 91.0 2115
1763919753286 91.0 2115
1763919762599 92.0 2138
1763919762601 92.0 2138
1763919771808 93.0 2161
1763919771810 93.0 2161
1763919781334 94.0 2184
1763919781336 94.0 2184
1763919790651 95.0 2207
1763919790653 95.0 2207
1763919799745 96.0 2230
1763919799747 96.0 2230
1763919809093 97.0 2253
1763919809096 97.0 2253
1763919818458 98.0 2276
1763919818460 98.0 2276
1763919827780 99.0 2299
1763919827782 99.0 2299
1763919837278 100.0 2322
1763919837280 100.0 2322
1763919846205 101.0 2345
1763919846207 101.0 2345
1763919848126 102.0 2346
