c<A>r<4>R<PRO> -3.480000 10.269000 -5.555000
c<A>r<5>R<ARG> 0.110000 9.855000 -4.193000
c<A>r<6>R<VAL> 2.765000 8.888000 -6.776000
c<A>r<7>R<ASP> 6.399000 7.812000 -6.805000
c<A>r<8>R<ILE> 8.499000 7.947000 -10.007000
c<A>r<9>R<LYS> 11.578000 5.741000 -10.298000
c<A>r<10>R<GLU> 14.115000 5.885000 -13.115000
c<A>r<11>R<GLU> 15.682000 2.467000 -13.846000
c<A>r<12>R<VAL> 18.365000 1.623000 -16.500999
c<A>r<15>R<PHE> 10.706000 4.572000 -15.912000
c<A>r<16>R<VAL> 8.393000 3.106000 -13.249000
c<A>r<17>R<LEU> 5.475000 5.054000 -11.771000
c<A>r<18>R<TYR> 3.659000 3.788000 -8.661000
c<A>r<19>R<ALA> 0.239000 5.375000 -7.874000
c<A>r<20>R<ASP> -1.826000 4.946000 -4.658000
c<A>r<21>R<LEU> -5.330000 4.429000 -6.159000
c<A>r<22>R<PRO> -7.201000 2.534000 -3.354000
c<A>r<23>R<GLY> -10.790000 1.459000 -4.155000
c<A>r<24>R<ILE> -10.393000 1.718000 -7.985000
c<A>r<25>R<ASP> -10.342000 -1.276000 -10.344000
c<A>r<26>R<PRO> -7.177000 -1.023000 -12.576000
c<A>r<46>R<SER> -17.098000 6.679000 -1.950000
c<A>r<47>R<GLU> -19.483000 4.951000 0.449000
c<A>r<48>R<SER> -19.629000 8.343000 2.303000
c<A>r<51>R<GLU> -26.242001 8.398000 4.024000
c<A>r<52>R<THR> -23.355000 10.711000 5.113000
c<A>r<53>R<GLU> -25.233000 11.362000 8.433000
c<A>r<54>R<ARG> -24.483000 7.698000 9.400000
c<A>r<55>R<PHE> -20.716999 8.341000 9.262000
c<A>r<56>R<SER> -19.077000 9.065000 12.633000
c<A>r<57>R<ARG> -15.811000 9.551000 10.657000
c<A>r<58>R<ILE> -14.856000 10.518000 7.080000
c<A>r<59>R<GLU> -11.150000 10.768000 6.056000
c<A>r<60>R<ARG> -10.939000 8.870000 2.704000
c<A>r<61>R<ARG> -10.578000 11.090000 -0.374000
c<A>r<69>R<PHE> 4.101000 13.883000 -15.199000
c<A>r<71>R<LEU> 9.068000 12.282000 -18.485001
c<A>r<84>R<GLY> -2.708000 -2.813000 -10.602000
c<A>r<85>R<ARG> -2.342000 -4.736000 -7.308000
c<A>r<86>R<ASN> -3.856000 -3.958000 -3.869000
c<A>r<87>R<GLY> -4.845000 -0.370000 -4.877000
c<A>r<88>R<VAL> -1.387000 0.465000 -6.357000
c<A>r<89>R<LEU> -1.074000 1.049000 -10.109000
c<B>r<4>R<PRO> -3.912000 5.240000 6.744000
c<B>r<5>R<ARG> -7.185000 7.097000 5.947000
c<B>r<6>R<VAL> -10.343000 5.667000 7.551000
c<B>r<7>R<ASP> -14.113000 6.125000 7.279000
c<B>r<8>R<ILE> -16.542000 4.704000 9.901000
c<B>r<9>R<LYS> -20.256001 4.142000 9.124000
c<B>r<10>R<GLU> -22.912001 3.063000 11.616000
c<B>r<11>R<GLU> -25.622999 0.787000 10.129000
c<B>r<12>R<VAL> -28.750000 -0.635000 11.880000
c<B>r<15>R<PHE> -20.542000 -0.812000 12.117000
c<B>r<16>R<VAL> -18.451000 -0.659000 8.915000
c<B>r<17>R<LEU> -14.894000 0.686000 8.794000
c<B>r<18>R<TYR> -13.156000 1.377000 5.458000
c<B>r<19>R<ALA> -9.330000 1.800000 5.552000
c<B>r<20>R<ASP> -7.111000 2.980000 2.644000
c<B>r<21>R<LEU> -4.181000 0.496000 2.782000
c<B>r<22>R<PRO> -2.698000 0.626000 -0.785000
c<B>r<23>R<GLY> 0.119000 -1.879000 -1.459000
c<B>r<24>R<ILE> -0.578000 -4.088000 1.622000
c<B>r<25>R<ASP> -1.764000 -7.688000 1.338000
c<B>r<26>R<PRO> -4.944000 -8.022000 3.526000
c<B>r<47>R<GLU> 10.067000 0.458000 -2.877000
c<B>r<49>R<SER> 16.351999 1.495000 -4.795000
c<B>r<50>R<THR> 19.570999 -0.188000 -5.981000
c<B>r<52>R<THR> 21.510000 2.394000 -10.276000
c<B>r<53>R<GLU> 17.941000 3.475000 -9.405000
c<B>r<54>R<ARG> 16.934999 7.105000 -8.824000
c<B>r<55>R<PHE> 13.650000 8.504000 -7.588000
c<B>r<56>R<SER> 12.665000 11.699000 -9.430000
c<B>r<57>R<ARG> 9.547000 11.834000 -7.173000
c<B>r<58>R<ILE> 8.553000 10.338000 -3.786000
c<B>r<59>R<GLU> 5.063000 10.967000 -2.313000
c<B>r<60>R<ARG> 3.764000 7.504000 -1.222000
c<B>r<61>R<ARG> 3.882000 6.865000 2.542000
c<B>r<69>R<PHE> -10.979000 3.728000 17.186001
c<B>r<71>R<LEU> -16.634001 1.949000 19.181999
c<B>r<84>R<GLY> -9.610000 -6.388000 1.467000
c<B>r<85>R<ARG> -10.367000 -5.211000 -2.104000
c<B>r<86>R<ASN> -8.261000 -2.932000 -4.361000
c<B>r<87>R<GLY> -6.215000 -1.586000 -1.373000
c<B>r<88>R<VAL> -9.307000 -0.836000 0.810000
c<B>r<89>R<LEU> -9.873000 -2.943000 3.944000
