c<A>r<66>R<LEU> -22.899000 2.283000 1.628000
c<A>r<75>R<ILE> -27.889999 2.473000 -0.676000
c<A>r<76>R<ARG> -27.087000 -0.865000 1.038000
c<A>r<83>R<GLU> -31.591999 -1.325000 0.460000
c<A>r<84>R<ASN> -32.223000 2.206000 -0.984000
c<A>r<122>R<SER> -2.193000 14.918000 11.235000
c<A>r<123>R<ASN> -3.081000 16.254999 7.769000
c<A>r<124>R<ASN> -3.178000 12.779000 6.177000
c<A>r<125>R<PHE> -4.157000 9.650000 8.162000
c<A>r<136>R<LEU> -11.302000 2.028000 6.318000
c<A>r<137>R<SER> -11.705000 5.785000 6.259000
c<A>r<138>R<VAL> -8.947000 8.068000 4.923000
c<A>r<140>R<ILE> -6.586000 13.726000 2.962000
c<A>r<141>R<ASN> -5.639000 17.363001 3.797000
c<A>r<145>R<TYR> -12.007000 11.138000 1.362000
c<A>r<146>R<TYR> -15.377000 9.799000 0.125000
c<A>r<147>R<GLY> -14.355000 8.776000 -3.450000
c<A>r<148>R<ALA> -16.263000 9.794000 -6.619000
c<A>r<149>R<GLN> -19.559000 8.133000 -5.537000
c<A>r<150>R<GLY> -19.330000 8.321000 -1.682000
c<A>r<151>R<GLY> -18.114000 4.702000 -1.172000
c<A>r<152>R<ALA> -14.301000 4.971000 -0.707000
c<A>r<153>R<GLY> -12.734000 2.761000 2.022000
c<A>r<154>R<GLU> -14.167000 -0.754000 1.227000
c<A>r<155>R<PHE> -10.714000 -2.028000 2.317000
c<A>r<156>R<GLY> -12.110000 -5.191000 4.008000
c<A>r<157>R<HIS> -13.281000 -6.186000 0.470000
c<A>r<158>R<THR> -9.773000 -5.954000 -1.072000
c<A>r<159>R<THR> -8.346000 -9.311000 -2.273000
c<A>r<160>R<ILE> -5.411000 -10.383000 -0.017000
c<A>r<161>R<GLN> -5.589000 -14.139000 -0.885000
c<A>r<162>R<PRO> -6.724000 -14.931000 -4.511000
c<A>r<169>R<CYS> -19.687000 -9.431000 -0.998000
c<A>r<170>R<GLY> -19.780001 -12.460000 -3.426000
c<A>r<171>R<GLN> -15.986000 -12.421000 -4.071000
c<A>r<173>R<GLY> -9.993000 -13.838000 -0.780000
c<A>r<174>R<CYS> -11.216000 -10.542000 0.772000
c<A>r<175>R<LEU> -9.026000 -9.229000 3.655000
c<A>r<225>R<GLU> -0.410000 -11.107000 10.375000
c<A>r<226>R<TYR> -3.199000 -10.616000 7.759000
c<A>r<229>R<TYR> -0.509000 -7.006000 5.470000
c<A>r<230>R<GLY> -3.687000 -4.911000 5.134000
c<A>r<231>R<ILE> -2.185000 -1.932000 7.061000
c<A>r<232>R<ARG> 1.020000 -2.275000 4.964000
c<A>r<233>R<ASN> -1.195000 -2.044000 1.845000
c<A>r<234>R<ILE> -2.735000 1.213000 3.223000
c<A>r<235>R<ILE> 0.803000 2.571000 3.911000
c<A>r<236>R<ASN> 2.146000 1.659000 0.406000
c<A>r<237>R<THR> -1.049000 3.002000 -1.275000
c<A>r<238>R<PHE> -1.723000 6.243000 0.661000
c<A>r<239>R<ASN> 1.587000 7.094000 2.417000
c<A>r<240>R<PRO> -0.318000 8.553000 5.468000
c<A>r<241>R<GLU> 1.333000 10.296000 8.475000
c<A>r<242>R<LYS> -0.645000 7.939000 10.773000
c<A>r<263>R<ILE> 4.540000 -6.780000 9.276000
c<A>r<266>R<GLN> 8.204000 -3.663000 6.799000
c<A>r<267>R<ASN> 6.546000 -1.447000 4.126000
c<A>r<268>R<PHE> 7.915000 0.152000 0.918000
c<A>r<269>R<PHE> 9.094000 3.353000 2.728000
c<A>r<270>R<SER> 11.066000 1.511000 5.478000
c<A>r<271>R<GLY> 14.522000 3.172000 5.722000
c<A>r<272>R<ALA> 13.487000 6.195000 3.508000
c<A>r<273>R<GLY> 13.889000 8.659000 6.478000
c<A>r<274>R<PHE> 10.102000 8.946000 7.112000
c<A>r<275>R<GLU> 7.722000 6.448000 8.790000
c<A>r<276>R<THR> 3.939000 6.160000 9.151000
c<E>r<66>R<LEU> 10.661000 7.293000 -4.569000
c<E>r<75>R<ILE> 15.295000 9.101000 -2.243000
c<E>r<76>R<ARG> 15.514000 5.609000 -3.804000
c<E>r<83>R<GLU> 19.972000 6.486000 -3.253000
c<E>r<84>R<ASN> 19.493000 10.089000 -1.931000
c<E>r<122>R<SER> -13.199000 13.046000 -15.392000
c<E>r<123>R<ASN> -12.519000 14.770000 -12.058000
c<E>r<124>R<ASN> -11.519000 11.509000 -10.289000
c<E>r<125>R<PHE> -9.530000 8.715000 -12.002000
c<E>r<136>R<LEU> -0.541000 3.680000 -9.626000
c<E>r<137>R<SER> -1.394000 7.371000 -9.595000
c<E>r<138>R<VAL> -4.788000 8.701000 -8.425000
c<E>r<140>R<ILE> -8.851000 13.391000 -6.819000
c<E>r<141>R<ASN> -10.747000 16.579000 -7.850000
c<E>r<145>R<TYR> -2.689000 12.495000 -4.768000
c<E>r<146>R<TYR> 0.849000 12.341000 -3.294000
c<E>r<147>R<GLY> 0.381000 11.275000 0.384000
c<E>r<148>R<ALA> 2.181000 12.810000 3.396000
c<E>r<149>R<GLN> 5.764000 12.785000 1.986000
c<E>r<150>R<GLY> 5.151000 12.510000 -1.801000
c<E>r<151>R<GLY> 5.307000 8.678000 -1.650000
c<E>r<152>R<ALA> 1.651000 7.687000 -2.426000
c<E>r<153>R<GLY> 0.874000 5.222000 -5.277000
c<E>r<154>R<GLU> 3.293000 2.310000 -4.414000
c<E>r<155>R<PHE> 0.248000 0.054000 -5.071000
c<E>r<156>R<GLY> 2.393000 -2.473000 -7.034000
c<E>r<157>R<HIS> 4.016000 -3.165000 -3.618000
c<E>r<158>R<THR> 0.665000 -4.085000 -1.963000
c<E>r<159>R<THR> 0.535000 -7.694000 -0.708000
c<E>r<160>R<ILE> -1.903000 -9.970000 -2.566000
c<E>r<161>R<GLN> -0.243000 -13.324000 -1.739000
c<E>r<162>R<PRO> 1.120000 -13.637000 1.846000
c<E>r<169>R<CYS> 11.432000 -3.835000 -2.594000
c<E>r<170>R<GLY> 12.360000 -6.465000 0.103000
c<E>r<171>R<GLN> 8.731000 -7.577000 0.822000
c<E>r<173>R<GLY> 3.762000 -11.320000 -2.147000
c<E>r<174>R<CYS> 3.719000 -7.860000 -3.838000
c<E>r<175>R<LEU> 1.078000 -7.386000 -6.614000
c<E>r<225>R<GLU> -6.321000 -12.462000 -13.397000
c<E>r<226>R<TYR> -3.988000 -10.938000 -10.725000
c<E>r<229>R<TYR> -7.834000 -8.365000 -8.592000
c<E>r<230>R<GLY> -5.419000 -5.377000 -8.299000
c<E>r<231>R<ILE> -7.762000 -3.056000 -10.285000
c<E>r<232>R<ARG> -10.778000 -4.296000 -8.227000
c<E>r<233>R<ASN> -8.794000 -3.418000 -5.062000
c<E>r<234>R<ILE> -8.115000 0.121000 -6.475000
c<E>r<235>R<ILE> -11.885000 0.468000 -7.144000
c<E>r<236>R<ASN> -12.907000 -0.773000 -3.636000
c<E>r<237>R<THR> -10.215000 1.424000 -1.958000
c<E>r<238>R<PHE> -10.526000 4.738000 -3.865000
c<E>r<239>R<ASN> -13.929000 4.537000 -5.623000
c<E>r<240>R<PRO> -12.609000 6.402000 -8.739000
c<E>r<241>R<GLU> -14.958000 7.491000 -11.571000
c<E>r<242>R<LYS> -12.564000 5.868000 -14.093000
c<E>r<263>R<ILE> -12.871000 -9.514000 -12.490000
c<E>r<266>R<GLN> -17.313999 -7.409000 -10.125000
c<E>r<267>R<ASN> -16.278000 -4.873000 -7.434000
c<E>r<268>R<PHE> -18.107000 -3.926000 -4.175000
c<E>r<269>R<PHE> -20.184000 -1.136000 -5.852000
c<E>r<271>R<GLY> -24.264999 -4.677000 -7.062000
c<E>r<272>R<ALA> -25.278000 -1.153000 -5.831000
c<E>r<273>R<GLY> -25.759001 0.206000 -9.426000
c<E>r<274>R<PHE> -22.424999 2.106000 -9.510000
c<E>r<275>R<GLU> -20.056000 1.245000 -12.355000
c<E>r<276>R<THR> -16.416000 2.373000 -12.550000
