c<A>r<12>R<TYR> -1.888000 -3.165000 -23.048000
c<A>r<13>R<SER> 0.144000 -0.045000 -24.042999
c<A>r<15>R<ALA> -4.484000 0.633000 -20.985001
c<A>r<16>R<ARG> -1.193000 1.384000 -19.190001
c<A>r<17>R<ARG> -0.881000 4.923000 -20.698999
c<A>r<18>R<TYR> -4.439000 5.950000 -19.722000
c<A>r<19>R<GLY> -4.838000 4.244000 -16.282000
c<A>r<20>R<THR> -7.383000 1.639000 -17.534000
c<A>r<21>R<THR> -7.618000 -2.157000 -18.108999
c<A>r<22>R<VAL> -7.730000 -4.253000 -21.299000
c<A>r<45>R<GLU> -13.317000 7.890000 -18.157000
c<A>r<46>R<PRO> -11.501000 6.927000 -14.962000
c<A>r<47>R<GLU> -14.753000 7.594000 -13.003000
c<A>r<48>R<ALA> -13.195000 10.839000 -11.983000
c<A>r<49>R<LEU> -11.602000 9.636000 -8.760000
c<A>r<50>R<ASP> -11.545000 13.413000 -8.201000
c<A>r<55>R<LEU> -13.284000 8.105000 -2.679000
c<A>r<56>R<ARG> -12.834000 11.707000 -1.401000
c<A>r<57>R<ALA> -14.252000 10.495000 1.950000
c<A>r<59>R<LEU> -8.839000 9.578000 1.106000
c<A>r<60>R<ARG> -9.324000 11.822000 4.214000
c<A>r<61>R<TYR> -8.706000 8.720000 6.378000
c<A>r<62>R<LEU> -5.907000 7.229000 4.239000
c<A>r<63>R<GLY> -2.836000 6.529000 6.440000
c<A>r<64>R<VAL> -4.752000 7.334000 9.705000
c<A>r<65>R<PRO> -3.538000 4.874000 12.433000
c<A>r<67>R<LYS> -6.192000 2.500000 17.104000
c<A>r<68>R<TYR> -9.731000 3.351000 18.261000
c<A>r<69>R<GLY> -8.703000 3.666000 21.971001
c<A>r<132>R<LEU> -13.449000 0.919000 -4.685000
c<A>r<133>R<GLY> -13.601000 -1.012000 -7.999000
c<A>r<134>R<ARG> -10.817000 -2.781000 -9.993000
c<A>r<135>R<GLY> -10.334000 -5.506000 -7.310000
c<A>r<136>R<VAL> -9.195000 -2.998000 -4.590000
c<A>r<137>R<PHE> -10.803000 -2.025000 -1.275000
c<A>r<138>R<ALA> -10.238000 0.576000 1.449000
c<A>r<141>R<SER> -5.707000 -2.589000 8.243000
c<A>r<142>R<SER> -5.001000 -4.778000 11.275000
c<A>r<143>R<TYR> -1.535000 -5.572000 9.806000
c<A>r<144>R<GLY> -0.650000 -2.088000 8.445000
c<A>r<145>R<SER> -1.981000 -0.422000 11.650000
c<A>r<146>R<ARG> -3.498000 2.202000 9.229000
c<A>r<147>R<VAL> -6.275000 2.886000 6.718000
c<A>r<148>R<VAL> -4.951000 1.478000 3.396000
c<A>r<149>R<ILE> -6.188000 0.394000 -0.065000
c<A>r<150>R<GLU> -5.266000 -3.261000 -0.746000
c<A>r<151>R<SER> -6.030000 -5.866000 -3.454000
c<A>r<152>R<LEU> -8.912000 -8.349000 -2.990000
c<A>r<153>R<GLU> -6.759000 -10.731000 -5.119000
c<A>r<154>R<ALA> -4.069000 -11.032000 -2.415000
c<A>r<155>R<PRO> -3.971000 -14.782000 -1.405000
c<B>r<15>R<ALA> -10.530000 17.726000 11.849000
c<B>r<16>R<ARG> -12.669000 18.187000 8.728000
c<B>r<18>R<TYR> -7.322000 20.100000 8.121000
c<B>r<19>R<GLY> -7.992000 16.613001 6.610000
c<B>r<20>R<THR> -7.387000 14.997000 10.041000
c<B>r<21>R<THR> -9.542000 12.982000 12.457000
c<B>r<23>R<GLU> -8.878000 11.197000 17.212000
c<B>r<24>R<GLU> -5.595000 12.476000 15.682000
c<B>r<44>R<PRO> -0.829000 15.724000 12.412000
c<B>r<47>R<ALA> -3.255000 15.026000 5.513000
c<B>r<48>R<LEU> -3.329000 13.681000 1.957000
c<B>r<49>R<ASP> -4.472000 16.686001 -0.096000
c<B>r<50>R<PRO> -7.148000 15.139000 -2.445000
c<B>r<51>R<GLU> -6.427000 18.080000 -4.822000
c<B>r<55>R<LEU> -2.305000 12.053000 -5.576000
c<B>r<56>R<ARG> -4.675000 12.567000 -8.567000
c<B>r<57>R<ALA> -2.002000 11.001000 -10.831000
c<B>r<58>R<VAL> -1.574000 7.985000 -8.485000
c<B>r<59>R<LEU> -5.358000 7.565000 -8.148000
c<B>r<60>R<ARG> -5.887000 7.211000 -11.974000
c<B>r<61>R<TYR> -3.942000 3.919000 -11.672000
c<B>r<62>R<LEU> -5.625000 2.663000 -8.447000
c<B>r<63>R<GLY> -6.474000 -1.065000 -8.872000
c<B>r<64>R<VAL> -5.062000 -1.142000 -12.474000
c<B>r<65>R<PRO> -2.900000 -4.307000 -13.006000
c<B>r<66>R<TYR> 0.202000 -2.322000 -14.032000
c<B>r<67>R<LYS> 2.240000 -4.823000 -16.104000
c<B>r<68>R<TYR> 5.042000 -3.256000 -18.198000
c<B>r<69>R<GLY> 4.775000 -6.341000 -20.482000
c<B>r<70>R<ALA> 2.928000 -9.704000 -20.392000
c<B>r<80>R<ALA> 7.445000 1.805000 -14.764000
c<B>r<81>R<PHE> 4.352000 2.727000 -12.646000
c<B>r<84>R<GLN> 4.355000 6.959000 -15.565000
c<B>r<85>R<VAL> 2.928000 8.914000 -12.566000
c<B>r<88>R<GLU> 2.080000 13.061000 -16.044001
c<B>r<132>R<LEU> 2.058000 9.872000 -0.185000
c<B>r<133>R<GLY> 2.358000 10.977000 3.479000
c<B>r<134>R<ARG> 0.940000 9.516000 6.753000
c<B>r<135>R<GLY> 3.181000 6.397000 6.531000
c<B>r<136>R<VAL> 1.425000 5.197000 3.296000
c<B>r<137>R<PHE> 2.836000 4.688000 -0.206000
c<B>r<138>R<ALA> 1.487000 3.849000 -3.681000
c<B>r<141>R<SER> 1.747000 -4.779000 -5.741000
c<B>r<142>R<SER> 3.216000 -8.302000 -6.034000
c<B>r<143>R<TYR> -0.457000 -9.444000 -6.426000
c<B>r<144>R<GLY> -1.318000 -9.059000 -10.137000
c<B>r<145>R<SER> 0.792000 -5.825000 -10.396000
c<B>r<146>R<ARG> -2.276000 -3.905000 -9.090000
c<B>r<147>R<VAL> -1.628000 -0.355000 -7.938000
c<B>r<148>R<VAL> -2.417000 -0.251000 -4.191000
c<B>r<149>R<ILE> -1.763000 2.137000 -1.265000
c<B>r<150>R<GLU> -0.145000 0.242000 1.636000
c<B>r<151>R<SER> 1.377000 1.084000 5.054000
c<B>r<152>R<LEU> 5.163000 1.595000 5.374000
c<B>r<153>R<GLU> 4.621000 0.530000 9.038000
c<B>r<154>R<ALA> 3.476000 -2.980000 7.994000
c<B>r<155>R<PRO> 6.008000 -5.517000 9.492000
c<B>r<156>R<PHE> 7.004000 -6.775000 6.006000
c<B>r<157>R<TYR> 7.709000 -3.274000 4.550000
