c<E>r<128>R<GLY> 22.572001 20.458000 19.919001
c<E>r<129>R<PRO> 23.912001 17.680000 22.104000
c<E>r<130>R<SER> 27.037001 17.298000 19.962999
c<E>r<131>R<GLY> 29.766001 19.832001 19.202000
c<E>r<132>R<SER> 32.469002 19.867001 16.541000
c<E>r<133>R<ALA> 36.028000 21.229000 16.395000
c<E>r<134>R<ALA> 34.918999 23.461000 13.482000
c<E>r<135>R<LEU> 31.999001 24.830999 15.567000
c<E>r<136>R<LYS> 34.305000 25.587000 18.503000
c<E>r<137>R<ALA> 36.841999 27.221001 16.176001
c<E>r<139>R<VAL> 32.833000 30.725000 18.101000
c<E>r<140>R<ASP> 36.383999 31.139000 19.349001
c<E>r<141>R<LYS> 37.299999 33.112999 16.247999
c<E>r<142>R<ALA> 34.290001 35.428001 16.709000
c<E>r<143>R<VAL> 35.327999 36.101002 20.327999
c<E>r<144>R<ALA> 38.979000 36.671001 19.318001
c<E>r<145>R<SER> 37.675999 39.041000 16.645000
c<E>r<159>R<SER> 20.148001 14.478000 33.847000
c<E>r<160>R<GLY> 21.572001 13.150000 37.146000
c<E>r<161>R<SER> 24.917000 14.858000 37.783001
c<E>r<162>R<SER> 25.674999 15.516000 34.091000
c<E>r<163>R<SER> 25.881001 18.861000 32.358002
c<E>r<164>R<THR> 23.007000 19.243999 29.936001
c<E>r<165>R<VAL> 24.281000 22.525000 28.381001
c<E>r<166>R<GLY> 24.132000 22.177000 24.597000
c<E>r<167>R<TYR> 26.591000 23.347000 21.959000
c<E>r<168>R<PRO> 27.669001 25.987000 21.281000
c<E>r<169>R<GLY> 26.615999 27.162001 24.752001
c<E>r<170>R<LYS> 28.990999 24.627001 26.327000
c<E>r<171>R<TYR> 32.117001 26.389000 24.989000
c<E>r<172>R<PRO> 33.858002 28.725000 27.408001
c<E>r<173>R<SER> 34.048000 31.537001 24.829000
c<E>r<174>R<VAL> 30.223000 31.674000 24.642000
c<E>r<175>R<ILE> 27.861000 33.209000 27.176001
c<E>r<193>R<GLY> 25.924000 22.441000 34.360001
c<E>r<194>R<PRO> 29.212000 24.212000 35.021000
c<E>r<195>R<GLU> 29.087999 25.889000 31.586000
c<E>r<196>R<LEU> 25.900000 27.827000 32.394001
c<E>r<197>R<ASP> 26.827000 31.476999 32.764999
c<E>r<198>R<VAL> 23.816999 33.706001 33.400002
c<E>r<244>R<THR> 35.700001 40.879002 27.306000
c<E>r<247>R<ARG> 30.950001 39.907001 29.301001
c<E>r<248>R<SER> 32.653000 40.636002 32.639000
c<E>r<251>R<GLU> 28.632000 38.333000 34.827000
c<E>r<260>R<SER> 25.648001 27.948000 40.067001
c<E>r<261>R<PHE> 25.099001 24.499001 38.516998
c<E>r<264>R<GLY> 25.195999 30.186001 36.793999
c<E>r<265>R<LYS> 26.035999 33.645000 38.124001
c<I>r<16>R<VAL> 33.390999 12.077000 32.547001
c<I>r<17>R<GLY> 32.084999 12.431000 36.077000
c<I>r<18>R<LYS> 32.102001 15.114000 38.769001
c<I>r<26>R<ALA> 31.261000 8.143000 39.242001
c<I>r<27>R<PRO> 31.087000 7.819000 35.408001
c<I>r<28>R<GLU> 28.049000 9.907000 34.505001
c<I>r<29>R<ARG> 28.504999 10.026000 30.745001
c<I>r<43>R<HIS> 30.789000 10.409000 20.368999
c<I>r<44>R<PRO> 28.724001 13.499000 19.249001
c<I>r<45>R<ALA> 31.549000 14.604000 16.958000
c<I>r<46>R<ALA> 33.414001 11.435000 15.918000
c<I>r<47>R<GLY> 34.963001 13.136000 12.901000
c<I>r<48>R<SER> 36.379002 16.289000 14.508000
c<I>r<49>R<ALA> 37.341999 14.409000 17.673000
c<I>r<50>R<CYS> 39.304001 11.951000 15.450000
c<I>r<51>R<ALA> 40.937000 14.919000 13.733000
c<I>r<52>R<ASP> 41.797001 16.497999 17.063000
c<I>r<66>R<GLY> 41.722000 27.671000 23.271000
c<I>r<67>R<GLU> 43.275002 31.041000 24.171000
c<I>r<68>R<ASP> 40.095001 32.926998 23.301001
c<I>r<69>R<VAL> 37.702000 30.466999 25.024000
c<I>r<70>R<MET> 36.526001 32.124001 28.247999
c<I>r<71>R<CYS> 35.125000 30.143999 31.173000
c<I>r<72>R<PRO> 33.481998 31.368000 34.415001
c<I>r<73>R<MET> 35.652000 30.951000 37.521000
c<I>r<74>R<VAL> 33.762001 28.077000 39.140999
c<I>r<75>R<TYR> 35.487000 25.268000 41.022999
c<I>r<76>R<ASP> 33.297001 22.254999 40.269001
c<I>r<77>R<PRO> 35.852001 19.493999 39.296001
c<I>r<78>R<VAL> 35.202000 16.916000 36.612000
c<I>r<98>R<SER> 38.422001 22.660999 37.283001
c<I>r<99>R<ASN> 35.027000 22.570999 35.587002
c<I>r<100>R<GLU> 33.320000 21.157000 32.436001
c<I>r<101>R<CYS> 33.742001 24.452000 30.549000
c<I>r<102>R<GLU> 37.444000 24.007000 31.066000
c<I>r<103>R<MET> 37.400002 20.379000 29.969000
c<I>r<104>R<ASN> 35.438999 21.260000 26.839001
c<I>r<105>R<ALA> 38.030998 23.973000 26.141001
c<I>r<107>R<GLY> 40.764000 20.577000 21.951000
c<I>r<108>R<SER> 37.777000 21.702000 19.931999
c<I>r<109>R<SER> 35.665001 18.504999 20.110001
c<I>r<110>R<VAL> 37.582001 15.586000 21.691000
c<I>r<111>R<PHE> 36.147999 16.158001 25.172001
c<I>r<112>R<ALA> 33.040001 18.073000 24.155001
c<I>r<113>R<PHE> 30.552999 15.271000 24.819000
