c<E>r<33>R<SER> 15.458000 30.832001 11.150000
c<E>r<60>R<ASP> 10.838000 33.361000 8.490000
c<E>r<61>R<ASN> 9.054000 30.045000 7.867000
c<E>r<62>R<ASN> 9.661000 28.826000 11.403000
c<E>r<63>R<SER> 8.715000 31.860001 13.544000
c<E>r<64>R<HIS> 11.636000 31.431999 15.932000
c<E>r<65>R<GLY> 14.042000 33.967999 14.496000
c<E>r<66>R<THR> 11.311000 36.666000 14.412000
c<E>r<67>R<HIS> 10.410000 36.056000 18.052999
c<E>r<97>R<GLY> 14.928000 26.023001 7.640000
c<E>r<98>R<ALA> 11.177000 26.052000 8.097000
c<E>r<99>R<ASP> 11.574000 22.789000 10.095000
c<E>r<100>R<GLY> 13.901000 24.591000 12.521000
c<E>r<101>R<SER> 16.747999 22.277000 11.502000
c<E>r<102>R<GLY> 20.184999 23.282000 10.324000
c<E>r<125>R<SER> 19.105000 30.625999 20.190001
c<E>r<126>R<LEU> 20.042999 27.122999 19.073999
c<E>r<127>R<GLY> 21.912001 24.124001 20.385000
c<E>r<128>R<GLY> 22.572001 20.458000 19.919001
c<E>r<129>R<PRO> 23.912001 17.680000 22.104000
c<E>r<130>R<SER> 27.037001 17.298000 19.962999
c<E>r<152>R<ALA> 20.791000 29.517000 24.694000
c<E>r<153>R<ALA> 21.978001 26.992001 27.277000
c<E>r<154>R<GLY> 19.487000 24.351000 26.055000
c<E>r<155>R<ASN> 16.139999 22.982000 27.152000
c<E>r<156>R<GLU> 17.368999 19.636000 28.389000
c<E>r<157>R<GLY> 16.573000 20.059999 32.076000
c<E>r<158>R<THR> 18.478001 17.837999 34.466999
c<E>r<159>R<SER> 20.148001 14.478000 33.847000
c<E>r<160>R<GLY> 21.572001 13.150000 37.146000
c<E>r<161>R<SER> 24.917000 14.858000 37.783001
c<E>r<162>R<SER> 25.674999 15.516000 34.091000
c<E>r<163>R<SER> 25.881001 18.861000 32.358002
c<E>r<164>R<THR> 23.007000 19.243999 29.936001
c<E>r<165>R<VAL> 24.281000 22.525000 28.381001
c<E>r<166>R<GLY> 24.132000 22.177000 24.597000
c<E>r<167>R<TYR> 26.591000 23.347000 21.959000
c<E>r<179>R<ALA> 15.861000 30.590000 31.752001
c<E>r<187>R<ALA> 12.405000 26.877001 34.521000
c<E>r<188>R<SER> 12.331000 23.061001 34.757999
c<E>r<189>R<PHE> 13.406000 22.701000 31.134001
c<E>r<190>R<SER> 16.497999 24.931000 31.547001
c<E>r<191>R<SER> 19.771000 23.084999 30.927999
c<E>r<202>R<GLY> 12.542000 32.570000 29.398001
c<E>r<203>R<VAL> 8.985000 31.600000 30.405001
c<E>r<204>R<SER> 5.953000 32.992001 28.568001
c<E>r<205>R<ILE> 7.974000 35.592999 26.646999
c<E>r<206>R<GLN> 5.790000 37.775002 24.483000
c<E>r<207>R<SER> 7.448000 38.918999 21.257000
c<E>r<209>R<LEU> 5.736000 36.639999 15.225000
c<E>r<210>R<PRO> 5.651000 36.576000 11.405000
c<E>r<211>R<GLY> 2.702000 38.174000 9.670000
c<E>r<212>R<ASN> 2.109000 41.068001 12.054000
c<E>r<213>R<LYS> 1.413000 38.842999 15.033000
c<E>r<214>R<TYR> 2.595000 38.549000 18.636000
c<E>r<215>R<GLY> 2.896000 35.487000 20.834999
c<E>r<216>R<ALA> 4.536000 33.976002 23.858000
c<E>r<217>R<TYR> 7.124000 31.216000 23.879000
c<E>r<218>R<ASN> 9.106000 29.275000 26.452999
c<E>r<219>R<GLY> 12.756000 28.330000 26.167999
c<E>r<220>R<THR> 16.337000 29.233000 26.718000
c<E>r<221>R<SER> 16.046000 30.525000 23.138000
c<I>r<6>R<LEU> 2.585000 31.815001 10.541000
c<I>r<7>R<TYR> 5.181000 29.913000 12.530000
c<I>r<8>R<ALA> 6.720000 26.468000 12.071000
c<I>r<9>R<PRO> 4.269000 24.240999 13.949000
c<I>r<10>R<SER> 5.130000 22.233999 17.122999
c<I>r<35>R<CYS> 5.358000 24.400000 22.007000
c<I>r<36>R<ALA> 4.635000 27.106001 19.392000
c<I>r<37>R<PRO> 3.867000 29.889000 19.761000
c<I>r<38>R<GLY> 3.794000 28.906000 23.410000
c<I>r<39>R<PRO> 3.778000 25.792999 25.656000
c<I>r<40>R<SER> 0.317000 24.384001 26.285999
c<I>r<45>R<ALA> 4.392000 20.121000 32.528999
c<I>r<46>R<ALA> 3.882000 21.743000 29.106001
c<I>r<47>R<GLY> 6.479000 24.420000 29.801001
c<I>r<48>R<SER> 9.404000 22.285000 30.990000
c<I>r<49>R<ALA> 8.580000 19.525999 28.502001
c<I>r<50>R<CYS> 8.731000 22.183001 25.718000
c<I>r<51>R<ALA> 12.064000 23.351999 27.113001
c<I>r<52>R<ASP> 13.368000 19.801001 27.242001
c<I>r<53>R<LEU> 12.609000 19.260000 23.594000
c<I>r<54>R<ALA> 13.930000 22.638000 22.438000
c<I>r<55>R<ALA> 17.223000 22.108999 24.174000
c<I>r<56>R<VAL> 17.723000 18.790001 22.420000
c<I>r<57>R<GLY> 16.589001 20.246000 19.122999
c<I>r<58>R<GLY> 13.417000 18.181000 19.018000
c<I>r<59>R<ASP> 15.601000 15.090000 18.854000
c<I>r<62>R<ALA> 19.115000 12.618000 22.396999
c<I>r<63>R<LEU> 17.260000 13.212000 25.667999
c<I>r<64>R<THR> 19.667999 12.111000 28.424000
c<I>r<65>R<ARG> 19.218000 9.832000 31.416000
c<I>r<66>R<GLY> 19.815001 11.667000 34.701000
c<I>r<67>R<GLU> 23.061001 10.190000 36.064999
c<I>r<68>R<ASP> 21.957001 10.663000 39.667999
c<I>r<69>R<VAL> 18.372999 9.386000 39.146000
c<I>r<70>R<MET> 18.195000 5.900000 40.675999
c<I>r<85>R<VAL> 5.222000 17.972000 14.283000
c<I>r<86>R<TRP> 8.306000 19.548000 15.840000
c<I>r<87>R<GLN> 9.167000 22.941999 14.301000
c<I>r<88>R<GLY> 7.592000 22.177000 10.942000
c<I>r<89>R<LYS> 9.086000 18.709999 10.743000
c<I>r<90>R<ARG> 7.006000 15.515000 11.106000
c<I>r<105>R<ALA> 14.327000 9.471000 33.936001
c<I>r<106>R<HIS> 14.994000 10.476000 30.337999
c<I>r<107>R<GLY> 14.673000 14.242000 30.238001
c<I>r<108>R<SER> 13.352000 15.985000 33.317001
c<I>r<109>R<SER> 9.676000 16.365000 32.287998
c<I>r<110>R<VAL> 9.080000 15.364000 28.636000
