c<E>r<33>R<SER> 15.458000 30.832001 11.150000
c<E>r<60>R<ASP> 10.838000 33.361000 8.490000
c<E>r<61>R<ASN> 9.054000 30.045000 7.867000
c<E>r<62>R<ASN> 9.661000 28.826000 11.403000
c<E>r<63>R<SER> 8.715000 31.860001 13.544000
c<E>r<64>R<HIS> 11.636000 31.431999 15.932000
c<E>r<96>R<LEU> 17.700001 27.025999 10.014000
c<E>r<97>R<GLY> 14.928000 26.023001 7.640000
c<E>r<98>R<ALA> 11.177000 26.052000 8.097000
c<E>r<99>R<ASP> 11.574000 22.789000 10.095000
c<E>r<100>R<GLY> 13.901000 24.591000 12.521000
c<E>r<101>R<SER> 16.747999 22.277000 11.502000
c<E>r<102>R<GLY> 20.184999 23.282000 10.324000
c<E>r<125>R<SER> 19.105000 30.625999 20.190001
c<E>r<126>R<LEU> 20.042999 27.122999 19.073999
c<E>r<127>R<GLY> 21.912001 24.124001 20.385000
c<E>r<128>R<GLY> 22.572001 20.458000 19.919001
c<E>r<129>R<PRO> 23.912001 17.680000 22.104000
c<E>r<154>R<GLY> 19.487000 24.351000 26.055000
c<E>r<155>R<ASN> 16.139999 22.982000 27.152000
c<E>r<156>R<GLU> 17.368999 19.636000 28.389000
c<E>r<157>R<GLY> 16.573000 20.059999 32.076000
c<E>r<158>R<THR> 18.478001 17.837999 34.466999
c<E>r<159>R<SER> 20.148001 14.478000 33.847000
c<E>r<160>R<GLY> 21.572001 13.150000 37.146000
c<E>r<162>R<SER> 25.674999 15.516000 34.091000
c<E>r<164>R<THR> 23.007000 19.243999 29.936001
c<E>r<181>R<ASP> 10.380000 32.992001 35.186001
c<E>r<187>R<ALA> 12.405000 26.877001 34.521000
c<E>r<188>R<SER> 12.331000 23.061001 34.757999
c<E>r<189>R<PHE> 13.406000 22.701000 31.134001
c<E>r<190>R<SER> 16.497999 24.931000 31.547001
c<E>r<191>R<SER> 19.771000 23.084999 30.927999
c<E>r<202>R<GLY> 12.542000 32.570000 29.398001
c<E>r<203>R<VAL> 8.985000 31.600000 30.405001
c<E>r<204>R<SER> 5.953000 32.992001 28.568001
c<E>r<205>R<ILE> 7.974000 35.592999 26.646999
c<E>r<206>R<GLN> 5.790000 37.775002 24.483000
c<E>r<209>R<LEU> 5.736000 36.639999 15.225000
c<E>r<210>R<PRO> 5.651000 36.576000 11.405000
c<E>r<211>R<GLY> 2.702000 38.174000 9.670000
c<E>r<213>R<LYS> 1.413000 38.842999 15.033000
c<E>r<214>R<TYR> 2.595000 38.549000 18.636000
c<E>r<215>R<GLY> 2.896000 35.487000 20.834999
c<E>r<216>R<ALA> 4.536000 33.976002 23.858000
c<E>r<217>R<TYR> 7.124000 31.216000 23.879000
c<E>r<218>R<ASN> 9.106000 29.275000 26.452999
c<E>r<219>R<GLY> 12.756000 28.330000 26.167999
c<E>r<220>R<THR> 16.337000 29.233000 26.718000
c<E>r<221>R<SER> 16.046000 30.525000 23.138000
c<E>r<222>R<MET> 13.874000 33.291000 24.628000
c<I>r<20>R<VAL> 0.850000 29.813999 32.888000
c<I>r<21>R<SER> 3.260000 27.799999 35.076000
c<I>r<22>R<ALA> 3.426000 24.267000 36.500999
c<I>r<52>R<ASP> 8.686000 15.056000 14.610000
c<I>r<55>R<ALA> 13.815000 15.261000 12.810000
c<I>r<56>R<VAL> 14.501000 18.052999 15.274000
c<I>r<57>R<GLY> 17.013000 15.931000 17.135000
c<I>r<58>R<GLY> 14.864000 15.669000 20.240999
c<I>r<59>R<ASP> 15.196000 19.424000 20.617001
c<I>r<60>R<LEU> 11.659000 20.440001 21.580999
c<I>r<61>R<ASN> 12.583000 24.114000 21.389999
c<I>r<62>R<ALA> 13.399000 23.801001 17.680000
c<I>r<63>R<LEU> 9.988000 22.499001 16.599001
c<I>r<64>R<THR> 8.668000 25.052999 14.082000
c<I>r<65>R<ARG> 5.348000 26.856001 13.811000
c<I>r<66>R<GLY> 3.548000 26.034000 10.556000
c<I>r<67>R<GLU> 3.667000 29.271000 8.534000
c<I>r<68>R<ASP> 0.337000 28.542999 6.859000
c<I>r<73>R<MET> -6.365000 35.678001 18.261999
c<I>r<75>R<TYR> -5.470000 34.713001 24.809000
c<I>r<77>R<PRO> -2.856000 30.209999 27.865999
c<I>r<79>R<LEU> 1.080000 25.066000 29.739000
c<I>r<80>R<LEU> 2.811000 22.209000 27.947001
c<I>r<81>R<THR> 5.262000 20.003000 29.855000
c<I>r<82>R<VAL> 7.480000 17.139999 28.569000
c<I>r<83>R<ASP> 9.600000 14.880000 30.785000
c<I>r<84>R<GLY> 11.584000 11.678000 30.403999
c<I>r<85>R<VAL> 14.436000 10.524000 28.176001
c<I>r<86>R<TRP> 15.223000 11.249000 24.533001
c<I>r<88>R<GLY> 19.589001 8.306000 26.452000
c<I>r<89>R<LYS> 19.483999 11.945000 27.473000
c<I>r<90>R<ARG> 17.181000 13.276000 30.226999
c<I>r<91>R<VAL> 14.487000 15.703000 29.073000
c<I>r<92>R<SER> 12.648000 18.298000 31.191999
c<I>r<93>R<TYR> 10.818000 20.980000 29.197001
c<I>r<94>R<GLU> 7.773000 23.194000 29.621000
c<I>r<95>R<ARG> 6.401000 26.047001 27.563000
c<I>r<96>R<VAL> 3.295000 28.246000 27.797001
c<I>r<97>R<PHE> 1.394000 28.790001 24.576000
c<I>r<98>R<SER> -1.069000 31.666000 23.945999
c<I>r<99>R<ASN> -3.762000 29.100000 23.191999
c<I>r<102>R<GLU> -0.974000 27.700001 18.878000
c<I>r<103>R<MET> 0.420000 24.756001 20.816999
c<I>r<106>R<HIS> 4.251000 23.723000 16.709000
c<I>r<107>R<GLY> 5.285000 20.523001 14.981000
