c<E>r<60>R<ASP> 10.838000 33.361000 8.490000
c<E>r<61>R<ASN> 9.054000 30.045000 7.867000
c<E>r<62>R<ASN> 9.661000 28.826000 11.403000
c<E>r<63>R<SER> 8.715000 31.860001 13.544000
c<E>r<64>R<HIS> 11.636000 31.431999 15.932000
c<E>r<98>R<ALA> 11.177000 26.052000 8.097000
c<E>r<99>R<ASP> 11.574000 22.789000 10.095000
c<E>r<100>R<GLY> 13.901000 24.591000 12.521000
c<E>r<101>R<SER> 16.747999 22.277000 11.502000
c<E>r<126>R<LEU> 20.042999 27.122999 19.073999
c<E>r<127>R<GLY> 21.912001 24.124001 20.385000
c<E>r<128>R<GLY> 22.572001 20.458000 19.919001
c<E>r<129>R<PRO> 23.912001 17.680000 22.104000
c<E>r<154>R<GLY> 19.487000 24.351000 26.055000
c<E>r<155>R<ASN> 16.139999 22.982000 27.152000
c<E>r<156>R<GLU> 17.368999 19.636000 28.389000
c<E>r<157>R<GLY> 16.573000 20.059999 32.076000
c<E>r<158>R<THR> 18.478001 17.837999 34.466999
c<E>r<159>R<SER> 20.148001 14.478000 33.847000
c<E>r<160>R<GLY> 21.572001 13.150000 37.146000
c<E>r<164>R<THR> 23.007000 19.243999 29.936001
c<E>r<181>R<ASP> 10.380000 32.992001 35.186001
c<E>r<185>R<GLN> 12.757000 30.620001 39.530998
c<E>r<186>R<ARG> 14.680000 28.400000 37.159000
c<E>r<187>R<ALA> 12.405000 26.877001 34.521000
c<E>r<188>R<SER> 12.331000 23.061001 34.757999
c<E>r<189>R<PHE> 13.406000 22.701000 31.134001
c<E>r<190>R<SER> 16.497999 24.931000 31.547001
c<E>r<191>R<SER> 19.771000 23.084999 30.927999
c<E>r<202>R<GLY> 12.542000 32.570000 29.398001
c<E>r<203>R<VAL> 8.985000 31.600000 30.405001
c<E>r<204>R<SER> 5.953000 32.992001 28.568001
c<E>r<205>R<ILE> 7.974000 35.592999 26.646999
c<E>r<206>R<GLN> 5.790000 37.775002 24.483000
c<E>r<209>R<LEU> 5.736000 36.639999 15.225000
c<E>r<210>R<PRO> 5.651000 36.576000 11.405000
c<E>r<211>R<GLY> 2.702000 38.174000 9.670000
c<E>r<213>R<LYS> 1.413000 38.842999 15.033000
c<E>r<214>R<TYR> 2.595000 38.549000 18.636000
c<E>r<215>R<GLY> 2.896000 35.487000 20.834999
c<E>r<216>R<ALA> 4.536000 33.976002 23.858000
c<E>r<217>R<TYR> 7.124000 31.216000 23.879000
c<E>r<218>R<ASN> 9.106000 29.275000 26.452999
c<E>r<219>R<GLY> 12.756000 28.330000 26.167999
c<I>r<19>R<GLY> 3.779000 23.167000 37.924000
c<I>r<20>R<VAL> 7.205000 24.525000 37.127998
c<I>r<21>R<SER> 9.689000 21.761999 38.049000
c<I>r<22>R<ALA> 9.568000 17.993000 38.615002
c<I>r<23>R<THR> 9.748000 18.635000 42.352001
c<I>r<24>R<THR> 6.704000 20.974001 42.262001
c<I>r<25>R<ALA> 4.539000 19.474001 39.494999
c<I>r<55>R<ALA> 11.575000 13.930000 11.601000
c<I>r<56>R<VAL> 13.382000 15.926000 14.263000
c<I>r<57>R<GLY> 15.857000 13.128000 14.826000
c<I>r<59>R<ASP> 15.687000 15.846000 19.322001
c<I>r<60>R<LEU> 12.773000 17.007000 21.475000
c<I>r<61>R<ASN> 14.276000 20.478001 21.766001
c<I>r<62>R<ALA> 14.023000 20.993000 17.997999
c<I>r<63>R<LEU> 10.269000 20.413000 17.736000
c<I>r<64>R<THR> 8.832000 23.648001 16.295000
c<I>r<65>R<ARG> 5.948000 25.844000 17.389999
c<I>r<66>R<GLY> 3.241000 26.070000 14.719000
c<I>r<67>R<GLU> 3.423000 29.667000 13.451000
c<I>r<68>R<ASP> -0.304000 29.775999 12.727000
c<I>r<69>R<VAL> -1.384000 28.076000 15.997000
c<I>r<70>R<MET> -2.829000 30.792999 18.243999
c<I>r<71>R<CYS> -3.084000 30.407000 22.016001
c<I>r<72>R<PRO> -4.787000 32.657001 24.613001
c<I>r<73>R<MET> -2.367000 34.627998 26.799999
c<I>r<74>R<VAL> -2.832000 32.689999 30.037001
c<I>r<75>R<TYR> 0.011000 31.980000 32.451000
c<I>r<76>R<ASP> -0.881000 28.562000 33.851002
c<I>r<77>R<PRO> 2.456000 26.584999 33.618999
c<I>r<78>R<VAL> 2.637000 22.908001 32.768002
c<I>r<79>R<LEU> 5.728000 20.707001 33.160000
c<I>r<80>R<LEU> 6.375000 18.195000 30.396000
c<I>r<81>R<THR> 8.788000 15.310000 31.004999
c<I>r<91>R<VAL> 16.535000 10.269000 26.671000
c<I>r<92>R<SER> 15.823000 12.461000 29.719999
c<I>r<93>R<TYR> 14.062000 15.751000 28.943001
c<I>r<94>R<GLU> 11.695000 18.139000 30.688000
c<I>r<95>R<ARG> 10.384000 21.552999 29.750999
c<I>r<96>R<VAL> 7.906000 23.980000 31.334000
c<I>r<97>R<PHE> 5.364000 25.523001 29.000999
c<I>r<98>R<SER> 3.396000 28.738001 29.725000
c<I>r<99>R<ASN> 0.174000 26.775999 29.299000
c<I>r<102>R<GLU> 1.433000 26.160000 24.163000
c<I>r<103>R<MET> 2.718000 22.684999 24.965000
