c<E>r<32>R<ASP> 18.337999 31.622999 13.557000
c<E>r<33>R<SER> 15.458000 30.832001 11.150000
c<E>r<59>R<GLN> 11.266000 35.323002 5.335000
c<E>r<60>R<ASP> 10.838000 33.361000 8.490000
c<E>r<61>R<ASN> 9.054000 30.045000 7.867000
c<E>r<62>R<ASN> 9.661000 28.826000 11.403000
c<E>r<63>R<SER> 8.715000 31.860001 13.544000
c<E>r<64>R<HIS> 11.636000 31.431999 15.932000
c<E>r<65>R<GLY> 14.042000 33.967999 14.496000
c<E>r<96>R<LEU> 17.700001 27.025999 10.014000
c<E>r<97>R<GLY> 14.928000 26.023001 7.640000
c<E>r<98>R<ALA> 11.177000 26.052000 8.097000
c<E>r<99>R<ASP> 11.574000 22.789000 10.095000
c<E>r<100>R<GLY> 13.901000 24.591000 12.521000
c<E>r<101>R<SER> 16.747999 22.277000 11.502000
c<E>r<102>R<GLY> 20.184999 23.282000 10.324000
c<E>r<125>R<SER> 19.105000 30.625999 20.190001
c<E>r<126>R<LEU> 20.042999 27.122999 19.073999
c<E>r<127>R<GLY> 21.912001 24.124001 20.385000
c<E>r<128>R<GLY> 22.572001 20.458000 19.919001
c<E>r<129>R<PRO> 23.912001 17.680000 22.104000
c<E>r<154>R<GLY> 19.487000 24.351000 26.055000
c<E>r<155>R<ASN> 16.139999 22.982000 27.152000
c<E>r<156>R<GLU> 17.368999 19.636000 28.389000
c<E>r<157>R<GLY> 16.573000 20.059999 32.076000
c<E>r<158>R<THR> 18.478001 17.837999 34.466999
c<E>r<159>R<SER> 20.148001 14.478000 33.847000
c<E>r<160>R<GLY> 21.572001 13.150000 37.146000
c<E>r<162>R<SER> 25.674999 15.516000 34.091000
c<E>r<164>R<THR> 23.007000 19.243999 29.936001
c<E>r<180>R<VAL> 14.033000 31.889000 34.820000
c<E>r<181>R<ASP> 10.380000 32.992001 35.186001
c<E>r<182>R<SER> 9.054000 36.268002 36.631001
c<E>r<185>R<GLN> 12.757000 30.620001 39.530998
c<E>r<186>R<ARG> 14.680000 28.400000 37.159000
c<E>r<187>R<ALA> 12.405000 26.877001 34.521000
c<E>r<188>R<SER> 12.331000 23.061001 34.757999
c<E>r<189>R<PHE> 13.406000 22.701000 31.134001
c<E>r<190>R<SER> 16.497999 24.931000 31.547001
c<E>r<191>R<SER> 19.771000 23.084999 30.927999
c<E>r<202>R<GLY> 12.542000 32.570000 29.398001
c<E>r<203>R<VAL> 8.985000 31.600000 30.405001
c<E>r<204>R<SER> 5.953000 32.992001 28.568001
c<E>r<205>R<ILE> 7.974000 35.592999 26.646999
c<E>r<206>R<GLN> 5.790000 37.775002 24.483000
c<E>r<209>R<LEU> 5.736000 36.639999 15.225000
c<E>r<210>R<PRO> 5.651000 36.576000 11.405000
c<E>r<211>R<GLY> 2.702000 38.174000 9.670000
c<E>r<213>R<LYS> 1.413000 38.842999 15.033000
c<E>r<214>R<TYR> 2.595000 38.549000 18.636000
c<E>r<215>R<GLY> 2.896000 35.487000 20.834999
c<E>r<216>R<ALA> 4.536000 33.976002 23.858000
c<E>r<217>R<TYR> 7.124000 31.216000 23.879000
c<E>r<218>R<ASN> 9.106000 29.275000 26.452999
c<E>r<219>R<GLY> 12.756000 28.330000 26.167999
c<E>r<220>R<THR> 16.337000 29.233000 26.718000
c<E>r<221>R<SER> 16.046000 30.525000 23.138000
c<E>r<222>R<MET> 13.874000 33.291000 24.628000
c<I>r<19>R<GLY> -0.531000 27.979000 33.136002
c<I>r<20>R<VAL> 2.820000 29.670000 32.775002
c<I>r<21>R<SER> 5.329000 27.483000 34.665001
c<I>r<22>R<ALA> 5.496000 23.878000 35.898998
c<I>r<23>R<THR> 4.794000 25.139000 39.410000
c<I>r<52>R<ASP> 8.739000 15.651000 13.238000
c<I>r<53>R<LEU> 11.339000 15.103000 15.905000
c<I>r<54>R<ALA> 13.727000 13.133000 13.690000
c<I>r<55>R<ALA> 13.716000 15.807000 11.047000
c<I>r<56>R<VAL> 14.678000 18.450001 13.582000
c<I>r<57>R<GLY> 17.261000 16.169001 15.132000
c<I>r<58>R<GLY> 15.354000 15.808000 18.382999
c<I>r<59>R<ASP> 15.831000 19.528999 18.913000
c<I>r<60>R<LEU> 12.414000 20.591000 20.202999
c<I>r<61>R<ASN> 13.435000 24.243000 20.118000
c<I>r<62>R<ALA> 13.948000 24.097000 16.344000
c<I>r<63>R<LEU> 10.424000 22.945000 15.476000
c<I>r<64>R<THR> 8.992000 25.659000 13.199000
c<I>r<65>R<ARG> 5.720000 27.563999 13.280000
c<I>r<66>R<GLY> 3.646000 26.959000 10.143000
c<I>r<67>R<GLU> 3.708000 30.289000 8.277000
c<I>r<68>R<ASP> 0.236000 29.739000 6.839000
c<I>r<70>R<MET> -3.516000 31.264000 11.471000
c<I>r<71>R<CYS> -4.535000 31.464001 15.125000
c<I>r<72>R<PRO> -6.992000 33.835999 16.871000
c<I>r<73>R<MET> -5.328000 36.466000 19.070999
c<I>r<74>R<VAL> -6.269000 35.034000 22.465000
c<I>r<75>R<TYR> -3.955000 35.145000 25.472000
c<I>r<77>R<PRO> -1.253000 30.423000 28.090000
c<I>r<78>R<VAL> -0.498000 26.722000 28.000999
c<I>r<79>R<LEU> 2.655000 25.084000 29.392000
c<I>r<80>R<LEU> 4.150000 22.275999 27.330999
c<I>r<81>R<THR> 6.672000 19.909000 28.929001
c<I>r<82>R<VAL> 8.693000 17.055000 27.333000
c<I>r<83>R<ASP> 10.907000 14.628000 29.261000
c<I>r<84>R<GLY> 12.754000 11.397000 28.569000
c<I>r<85>R<VAL> 15.385000 10.280000 26.068001
c<I>r<89>R<LYS> 20.406000 11.596000 25.035000
c<I>r<90>R<ARG> 18.367001 12.848000 28.025000
c<I>r<91>R<VAL> 15.668000 15.404000 27.207001
c<I>r<92>R<SER> 14.083000 17.937000 29.590000
c<I>r<93>R<TYR> 12.187000 20.766001 27.879999
c<I>r<94>R<GLU> 9.256000 23.038000 28.650999
c<I>r<95>R<ARG> 7.818000 26.028999 26.850000
c<I>r<96>R<VAL> 4.809000 28.297001 27.436001
c<I>r<97>R<PHE> 2.680000 29.056000 24.406000
c<I>r<98>R<SER> 0.268000 32.027000 24.115000
c<I>r<99>R<ASN> -2.555000 29.577000 23.454000
c<I>r<102>R<GLU> -0.158000 28.322001 18.868999
c<I>r<103>R<MET> 1.290000 25.247000 20.546000
c<I>r<106>R<HIS> 4.755000 24.319000 16.101000
c<I>r<107>R<GLY> 5.550000 21.184000 14.143000
c<I>r<108>R<SER> 2.709000 19.441000 12.367000
