c<E>r<1>R<ALA> -0.700000 50.793999 22.281000
c<E>r<2>R<GLN> 2.706000 49.312000 23.099001
c<E>r<17>R<HIS> 16.195999 53.588001 27.896000
c<E>r<18>R<SER> 15.365000 56.271999 30.466999
c<E>r<19>R<GLN> 19.017000 57.464001 30.361000
c<E>r<20>R<GLY> 18.834000 57.529999 26.546000
c<E>r<21>R<TYR> 20.688999 54.265999 25.813000
c<E>r<22>R<THR> 18.764999 52.051998 23.485001
c<E>r<23>R<GLY> 21.389999 50.132999 21.511000
c<E>r<24>R<SER> 21.875000 52.680000 18.705999
c<E>r<25>R<ASN> 24.577999 51.807999 16.166000
c<E>r<35>R<ILE> 13.493000 37.424999 10.534000
c<E>r<36>R<ASP> 10.217000 38.597000 9.046000
c<E>r<37>R<SER> 11.435000 42.013000 7.885000
c<E>r<38>R<SER> 7.867000 43.058998 7.052000
c<E>r<39>R<HIS> 6.759000 43.120998 10.698000
c<E>r<40>R<PRO> 5.669000 46.634998 11.663000
c<E>r<41>R<ASP> 7.440000 46.278000 14.976000
c<E>r<42>R<LEU> 10.862000 45.445000 13.569000
c<E>r<43>R<LYS> 13.516000 47.132000 11.467000
c<E>r<44>R<VAL> 15.961000 44.654999 9.855000
c<E>r<45>R<ALA> 19.186001 46.349998 8.673000
c<E>r<46>R<GLY> 20.458000 43.476002 6.541000
c<E>r<47>R<GLY> 21.243000 39.778999 6.623000
c<E>r<48>R<ALA> 22.247999 36.729000 4.659000
c<E>r<56>R<ASN> 15.940000 34.811001 1.555000
c<E>r<57>R<PRO> 16.819000 35.570000 5.189000
c<E>r<58>R<PHE> 13.909000 38.029999 5.343000
c<E>r<59>R<GLN> 11.266000 35.323002 5.335000
c<E>r<73>R<ALA> 14.958000 44.972000 19.233999
c<E>r<74>R<ALA> 11.171000 45.396000 18.827000
c<E>r<75>R<LEU> 10.752000 49.073002 18.112000
c<E>r<76>R<ASN> 9.912000 51.770000 20.604000
c<E>r<77>R<ASN> 6.690000 53.210999 19.163000
c<E>r<78>R<SER> 2.901000 53.004002 19.707001
c<E>r<79>R<ILE> 2.451000 49.370998 18.770000
c<E>r<80>R<GLY> 3.298000 45.821999 19.731001
c<E>r<82>R<LEU> 9.438000 46.730000 23.167000
c<E>r<85>R<ALA> 17.767000 47.356998 22.645000
c<E>r<86>R<PRO> 15.083000 48.971001 20.502001
c<E>r<87>R<SER> 17.542999 51.012001 18.452000
c<E>r<88>R<ALA> 19.966000 48.144001 17.649000
c<E>r<89>R<SER> 20.785000 47.300999 14.025000
c<E>r<90>R<LEU> 19.299999 43.863998 13.531000
c<E>r<91>R<TYR> 20.718000 41.396000 11.044000
c<E>r<92>R<ALA> 18.954000 38.222000 9.977000
c<E>r<117>R<ASN> 30.362000 41.922001 8.487000
c<I>r<14>R<LEU> 6.669000 61.075001 14.040000
c<I>r<15>R<THR> 4.084000 58.499001 12.943000
c<I>r<16>R<VAL> 4.498000 55.341000 10.825000
c<I>r<17>R<GLY> 1.830000 53.161999 9.266000
c<I>r<18>R<LYS> 1.653000 50.590000 6.474000
c<I>r<27>R<PRO> -0.954000 55.743999 12.147000
c<I>r<28>R<GLU> 0.060000 52.542000 13.914000
c<I>r<29>R<ARG> 2.923000 53.891998 15.997000
c<I>r<30>R<ALA> 3.706000 57.499001 17.017000
c<I>r<31>R<VAL> 6.598000 59.013000 19.009001
c<I>r<32>R<THR> 7.253000 62.584000 20.202999
c<I>r<39>R<PRO> 16.781000 65.515999 23.888000
c<I>r<40>R<SER> 13.691000 63.925999 25.396999
c<I>r<41>R<GLY> 10.325000 62.410999 24.402000
c<I>r<42>R<THR> 8.695000 59.000000 23.813000
c<I>r<43>R<HIS> 11.183000 58.284000 21.047001
c<I>r<44>R<PRO> 13.293000 55.147999 21.927000
c<I>r<45>R<ALA> 16.496000 57.028000 21.120001
c<I>r<46>R<ALA> 15.793000 60.723000 21.798000
c<I>r<47>R<GLY> 19.486000 61.549000 22.066999
c<I>r<48>R<SER> 20.811001 59.945000 18.872999
c<I>r<49>R<ALA> 17.688000 60.915001 16.927000
c<I>r<66>R<GLY> 23.583000 53.432999 5.279000
c<I>r<68>R<ASP> 26.403000 48.813000 4.287000
c<I>r<69>R<VAL> 22.870001 48.298000 5.703000
c<I>r<70>R<MET> 21.290001 45.432999 3.749000
c<I>r<71>R<CYS> 17.530001 44.921001 3.551000
c<I>r<72>R<PRO> 15.515000 42.018002 2.061000
c<I>r<73>R<MET> 13.745000 42.860001 -1.208000
c<I>r<74>R<VAL> 10.180000 42.994999 0.104000
c<I>r<75>R<TYR> 7.605000 45.486000 -1.152000
c<I>r<76>R<ASP> 5.527000 46.213001 1.944000
c<I>r<77>R<PRO> 5.254000 50.089001 1.967000
c<I>r<78>R<VAL> 5.293000 52.155998 5.130000
c<I>r<99>R<ASN> 9.566000 48.578999 3.708000
c<I>r<100>R<GLU> 10.344000 49.285999 7.415000
c<I>r<101>R<CYS> 13.905000 47.944000 7.076000
c<I>r<102>R<GLU> 14.420000 50.623001 4.482000
c<I>r<103>R<MET> 12.864000 53.332001 6.629000
c<I>r<104>R<ASN> 15.012000 52.332001 9.596000
c<I>r<105>R<ALA> 18.047001 52.511002 7.289000
c<I>r<108>R<SER> 20.886000 55.691002 12.348000
c<I>r<109>R<SER> 18.059000 56.318001 14.864000
c<I>r<110>R<VAL> 15.688000 59.103001 13.717000
c<I>r<111>R<PHE> 13.154000 56.706001 12.190000
c<I>r<112>R<ALA> 14.114000 53.605000 14.145000
c<I>r<113>R<PHE> 11.079000 53.568001 16.440001
