1762079976816 0.0 34
1762079976825 0.0 34
1762080011639 1.0 69
1762080011648 1.0 69
1762080045014 2.0 104
1762080045023 2.0 104
1762080077812 3.0 139
1762080077820 3.0 139
1762080111177 4.0 174
1762080111186 4.0 174
1762080145544 5.0 209
1762080145554 5.0 209
1762080179216 6.0 244
1762080179225 6.0 244
1762080213212 7.0 279
1762080213222 7.0 279
1762080251219 8.0 314
1762080251229 8.0 314
1762080288557 9.0 349
1762080288560 9.0 349
1762080323435 10.0 384
1762080323448 10.0 384
1762080358670 11.0 419
1762080358673 11.0 419
1762080396114 12.0 454
1762080396125 12.0 454
1762080433094 13.0 489
1762080433106 13.0 489
1762080475993 14.0 524
1762080476003 14.0 524
1762080521657 15.0 559
1762080521667 15.0 559
1762080557794 16.0 594
1762080557803 16.0 594
1762080594930 17.0 629
1762080594939 17.0 629
1762080637026 18.0 664
1762080637036 18.0 664
1762080677167 19.0 699
1762080677176 19.0 699
1762080714734 20.0 734
1762080714743 20.0 734
1762080753610 21.0 769
1762080753619 21.0 769
1762080791844 22.0 804
1762080791846 22.0 804
1762080831097 23.0 839
1762080831105 23.0 839
1762080872282 24.0 874
1762080872292 24.0 874
1762080917434 25.0 909
1762080917444 25.0 909
1762080962034 26.0 944
1762080962044 26.0 944
1762081002323 27.0 979
1762081002332 27.0 979
1762081038986 28.0 1014
1762081038995 28.0 1014
1762081076240 29.0 1049
1762081076250 29.0 1049
1762081114344 30.0 1084
1762081114347 30.0 1084
1762081151062 31.0 1119
1762081151071 31.0 1119
1762081190127 32.0 1154
1762081190135 32.0 1154
1762081227137 33.0 1189
1762081227148 33.0 1189
1762081264679 34.0 1224
1762081264682 34.0 1224
1762081303054 35.0 1259
1762081303064 35.0 1259
1762081341314 36.0 1294
1762081341327 36.0 1294
1762081379733 37.0 1329
1762081379738 37.0 1329
1762081419595 38.0 1364
1762081419599 38.0 1364
1762081456273 39.0 1399
1762081456283 39.0 1399
1762081493544 40.0 1434
1762081493547 40.0 1434
1762081529212 41.0 1469
1762081529223 41.0 1469
1762081565488 42.0 1504
1762081565499 42.0 1504
1762081601438 43.0 1539
1762081601449 43.0 1539
1762081638134 44.0 1574
1762081638144 44.0 1574
1762081673721 45.0 1609
1762081673731 45.0 1609
1762081710961 46.0 1644
1762081710971 46.0 1644
1762081747587 47.0 1679
1762081747598 47.0 1679
1762081784875 48.0 1714
1762081784886 48.0 1714
1762081820416 49.0 1749
1762081820424 49.0 1749
1762081855247 50.0 1784
1762081855257 50.0 1784
1762081891244 51.0 1819
1762081891254 51.0 1819
1762081927102 52.0 1854
1762081927105 52.0 1854
1762081963117 53.0 1889
1762081963120 53.0 1889
1762081998600 54.0 1924
1762081998610 54.0 1924
1762082038448 55.0 1959
1762082038460 55.0 1959
1762082076258 56.0 1994
1762082076270 56.0 1994
1762082114046 57.0 2029
1762082114058 57.0 2029
1762082152017 58.0 2064
1762082152028 58.0 2064
1762082187739 59.0 2099
1762082187749 59.0 2099
1762082223611 60.0 2134
1762082223615 60.0 2134
1762082259260 61.0 2169
1762082259275 61.0 2169
1762082296033 62.0 2204
1762082296036 62.0 2204
1762082332301 63.0 2239
1762082332305 63.0 2239
1762082369950 64.0 2274
1762082369953 64.0 2274
1762082406636 65.0 2309
1762082406647 65.0 2309
1762082442905 66.0 2344
1762082442917 66.0 2344
1762082480814 67.0 2379
1762082480824 67.0 2379
1762082517793 68.0 2414
1762082517805 68.0 2414
1762082555145 69.0 2449
1762082555156 69.0 2449
1762082592155 70.0 2484
1762082592157 70.0 2484
1762082627340 71.0 2519
1762082627343 71.0 2519
1762082662068 72.0 2554
1762082662081 72.0 2554
1762082697789 73.0 2589
1762082697801 73.0 2589
1762082732633 74.0 2624
1762082732643 74.0 2624
1762082768324 75.0 2659
1762082768328 75.0 2659
1762082802806 76.0 2694
1762082802817 76.0 2694
1762082837933 77.0 2729
1762082837937 77.0 2729
1762082872768 78.0 2764
1762082872771 78.0 2764
1762082908518 79.0 2799
1762082908521 79.0 2799
1762082943605 80.0 2834
1762082943608 80.0 2834
1762082977933 81.0 2869
1762082977945 81.0 2869
1762083013803 82.0 2904
1762083013814 82.0 2904
1762083047994 83.0 2939
1762083048005 83.0 2939
1762083083067 84.0 2974
1762083083070 84.0 2974
1762083121181 85.0 3009
1762083121191 85.0 3009
1762083160012 86.0 3044
1762083160015 86.0 3044
1762083198438 87.0 3079
1762083198449 87.0 3079
1762083236458 88.0 3114
1762083236461 88.0 3114
1762083273458 89.0 3149
1762083273468 89.0 3149
1762083311801 90.0 3184
1762083311813 90.0 3184
1762083350212 91.0 3219
1762083350223 91.0 3219
1762083387342 92.0 3254
1762083387351 92.0 3254
1762083424598 93.0 3289
1762083424602 93.0 3289
1762083459621 94.0 3324
1762083459624 94.0 3324
1762083495864 95.0 3359
1762083495868 95.0 3359
1762083531436 96.0 3394
1762083531439 96.0 3394
1762083566771 97.0 3429
1762083566774 97.0 3429
1762083601369 98.0 3464
1762083601373 98.0 3464
1762083636542 99.0 3499
1762083636545 99.0 3499
1762083671821 100.0 3534
1762083671824 100.0 3534
1762083705802 101.0 3569
1762083705813 101.0 3569
1762083741452 102.0 3604
1762083741462 102.0 3604
1762083777295 103.0 3639
1762083777305 103.0 3639
1762083813182 104.0 3674
1762083813186 104.0 3674
1762083847693 105.0 3709
1762083847703 105.0 3709
1762083882776 106.0 3744
1762083882786 106.0 3744
1762083918244 107.0 3779
1762083918248 107.0 3779
1762083952969 108.0 3814
1762083952972 108.0 3814
1762083987960 109.0 3849
1762083987963 109.0 3849
1762084023510 110.0 3884
1762084023515 110.0 3884
1762084059104 111.0 3919
1762084059108 111.0 3919
1762084094250 112.0 3954
1762084094254 112.0 3954
1762084129068 113.0 3989
1762084129072 113.0 3989
1762084163381 114.0 4024
1762084163385 114.0 4024
1762084198579 115.0 4059
1762084198583 115.0 4059
1762084233915 116.0 4094
1762084233918 116.0 4094
1762084267385 117.0 4129
1762084267388 117.0 4129
1762084302689 118.0 4164
1762084302693 118.0 4164
1762084337326 119.0 4199
1762084337329 119.0 4199
1762084371909 120.0 4234
1762084371913 120.0 4234
1762084407816 121.0 4269
1762084407820 121.0 4269
1762084443831 122.0 4304
1762084443834 122.0 4304
1762084480477 123.0 4339
1762084480481 123.0 4339
1762084515450 124.0 4374
1762084515454 124.0 4374
1762084550986 125.0 4409
1762084550989 125.0 4409
1762084586478 126.0 4444
1762084586482 126.0 4444
1762084621332 127.0 4479
1762084621336 127.0 4479
1762084657304 128.0 4514
1762084657307 128.0 4514
1762084696785 129.0 4549
1762084696789 129.0 4549
1762084735996 130.0 4584
1762084736002 130.0 4584
1762084773869 131.0 4619
1762084773872 131.0 4619
1762084810299 132.0 4654
1762084810303 132.0 4654
1762084845658 133.0 4689
1762084845661 133.0 4689
1762084881604 134.0 4724
1762084881608 134.0 4724
1762084917240 135.0 4759
1762084917243 135.0 4759
1762084922555 136.0 4760
