c<A>r<6>R<LEU> 21.504999 -2.373000 41.356998
c<A>r<7>R<SER> 18.743000 0.119000 40.884998
c<A>r<8>R<TYR> 20.160000 3.342000 39.457001
c<A>r<9>R<MET> 17.841999 6.034000 38.154999
c<A>r<10>R<ASP> 15.641000 4.192000 35.598999
c<A>r<11>R<SER> 18.132000 1.275000 35.362999
c<A>r<12>R<LEU> 17.646000 -2.040000 37.084000
c<A>r<30>R<HIS> 20.674999 -2.680000 30.415001
c<A>r<32>R<ILE> 24.700001 0.455000 28.031000
c<A>r<33>R<GLY> 21.625999 2.236000 29.299000
c<A>r<34>R<PHE> 23.097000 2.234000 32.758999
c<A>r<35>R<ALA> 26.392000 3.711000 31.490000
c<A>r<36>R<PHE> 24.400999 6.427000 29.672001
c<A>r<37>R<GLU> 22.375000 7.236000 32.813999
c<A>r<38>R<TYR> 25.593000 7.242000 34.866001
c<A>r<39>R<PHE> 27.129999 9.692000 32.360001
c<A>r<40>R<ALA> 23.955000 11.818000 32.603001
c<A>r<41>R<ASN> 23.458000 11.808000 36.313999
c<A>r<42>R<SER> 26.875999 11.319000 37.881001
c<A>r<45>R<HIS> 25.750000 15.872000 35.466000
c<A>r<48>R<SER> 23.440001 18.527000 31.385000
c<A>r<51>R<VAL> 24.495001 17.024000 26.395000
c<A>r<52>R<SER> 21.837999 14.302000 26.093000
c<A>r<53>R<PHE> 22.400999 10.581000 26.291000
c<A>r<54>R<ILE> 19.326000 9.035000 24.622999
c<A>r<55>R<SER> 18.309000 5.740000 26.240999
c<A>r<56>R<PRO> 18.973000 2.604000 24.086000
c<A>r<57>R<GLU> 15.231000 1.802000 24.458000
c<A>r<58>R<VAL> 14.175000 5.171000 22.993000
c<A>r<59>R<THR> 16.844000 4.873000 20.268999
c<A>r<73>R<MET> 7.138000 11.461000 21.820000
c<A>r<74>R<PHE> 10.114000 10.430000 23.995001
c<A>r<75>R<LEU> 12.433000 13.156000 22.646000
c<A>r<76>R<GLU> 10.145000 16.094999 23.257999
c<A>r<77>R<PRO> 10.763000 16.396999 27.055000
c<A>r<78>R<LEU> 14.582000 16.316000 26.525000
c<A>r<79>R<ASP> 14.946000 19.851999 25.077999
c<A>r<86>R<VAL> 23.433001 14.099000 21.650000
c<A>r<87>R<PHE> 24.599001 10.450000 21.951000
c<A>r<88>R<LEU> 22.648001 7.380000 20.797001
c<A>r<210>R<ALA> 25.437000 -1.640000 44.744999
c<B>r<4>R<LYS> 6.892000 8.329000 33.090000
c<B>r<5>R<VAL> 9.982000 9.581000 34.909000
c<B>r<6>R<LYS> 12.790000 10.073000 32.384998
c<B>r<7>R<THR> 16.511999 10.639000 32.950001
c<B>r<8>R<LEU> 19.115000 12.314000 30.740999
c<B>r<9>R<THR> 20.773001 9.022000 29.745001
c<B>r<10>R<GLY> 17.471001 7.801000 28.278999
c<B>r<11>R<LYS> 16.104000 5.285000 30.806000
c<B>r<12>R<GLU> 12.441000 5.662000 31.796000
c<B>r<13>R<ILE> 10.401000 4.221000 34.646000
c<B>r<14>R<GLU> 6.633000 3.968000 35.042000
c<B>r<30>R<VAL> 11.158000 6.258000 42.515999
c<B>r<31>R<GLU> 13.092000 5.315000 45.676998
c<B>r<32>R<GLU> 11.157000 2.039000 45.914001
c<B>r<33>R<LYS> 12.311000 0.931000 42.474998
c<B>r<34>R<GLU> 15.635000 2.753000 42.082001
c<B>r<35>R<GLY> 16.945999 3.299000 45.608002
c<B>r<36>R<ILE> 17.589001 7.037000 45.077000
c<B>r<41>R<GLN> 16.021000 13.695000 43.528000
c<B>r<44>R<ILE> 11.023000 18.691000 36.708000
c<B>r<45>R<TYR> 7.756000 19.114000 34.808998
c<B>r<46>R<SER> 7.272000 21.555000 31.923000
c<B>r<47>R<GLY> 10.506000 23.309999 32.889000
c<B>r<65>R<SER> 2.773000 12.755000 31.566000
c<B>r<66>R<VAL> 6.551000 12.774000 31.448000
c<B>r<67>R<LEU> 8.505000 14.078000 34.424999
c<B>r<68>R<HIS> 12.269000 14.523000 34.270000
c<B>r<69>R<LEU> 14.496000 13.239000 37.061001
c<B>r<70>R<VAL> 17.972000 14.638000 37.764000
c<B>r<71>R<LEU> 20.329000 14.188000 40.716999
c<B>r<72>R<ALA> 20.806000 17.023001 43.189999
c<B>r<73>R<LEU> 23.707001 16.396000 45.574001
