c<A>r<2>R<ASP> 19.792000 -14.071000 39.439999
c<A>r<4>R<VAL> 18.615999 -7.574000 41.311001
c<A>r<12>R<LEU> 17.646000 -2.040000 37.084000
c<A>r<13>R<LEU> 20.603001 -4.380000 36.845001
c<A>r<14>R<ARG> 20.458000 -8.061000 37.756001
c<A>r<15>R<GLN> 23.507000 -10.232000 38.277000
c<A>r<16>R<SER> 23.261999 -11.650000 34.757999
c<A>r<17>R<ASP> 23.476000 -8.116000 33.337002
c<A>r<18>R<VAL> 26.493000 -7.292000 35.542999
c<A>r<19>R<SER> 28.188999 -10.575000 34.591000
c<A>r<20>R<LEU> 28.058001 -9.405000 30.978001
c<A>r<25>R<SER> 30.049000 -11.694000 27.108000
c<A>r<26>R<TRP> 28.334000 -9.240000 24.780001
c<A>r<27>R<LEU> 26.938000 -6.183000 26.532000
c<A>r<28>R<ASN> 23.142000 -5.730000 26.528999
c<A>r<29>R<ASP> 20.834000 -2.702000 26.608999
c<A>r<30>R<HIS> 20.674999 -2.680000 30.415001
c<A>r<31>R<ILE> 24.426001 -2.228000 30.738001
c<A>r<33>R<GLY> 21.625999 2.236000 29.299000
c<A>r<55>R<SER> 18.309000 5.740000 26.240999
c<A>r<56>R<PRO> 18.973000 2.604000 24.086000
c<A>r<57>R<GLU> 15.231000 1.802000 24.458000
c<A>r<58>R<VAL> 14.175000 5.171000 22.993000
c<A>r<59>R<THR> 16.844000 4.873000 20.268999
c<A>r<60>R<GLN> 15.702000 1.379000 19.326000
c<A>r<61>R<PHE> 12.069000 2.647000 19.231001
c<A>r<62>R<ILE> 13.094000 5.458000 16.792999
c<A>r<63>R<LYS> 14.979000 2.878000 14.726000
c<A>r<64>R<CYS> 11.717000 0.943000 14.465000
c<A>r<89>R<ALA> 23.577999 3.755000 21.205999
c<A>r<90>R<ILE> 22.504000 2.078000 17.921000
c<A>r<91>R<ASN> 21.891001 -1.627000 18.058001
c<A>r<92>R<ASP> 21.216000 -4.317000 15.473000
c<A>r<93>R<ASN> 21.032000 -8.099000 15.428000
c<A>r<94>R<SER> 21.676001 -8.842000 11.716000
c<A>r<95>R<ASN> 24.427999 -11.366000 11.080000
c<A>r<96>R<GLN> 24.971001 -12.336000 14.700000
c<A>r<97>R<ALA> 25.892000 -16.086000 14.484000
c<A>r<98>R<ALA> 26.021999 -16.558001 18.277000
c<A>r<100>R<GLY> 25.486000 -11.514000 19.878000
c<A>r<101>R<SER> 23.985001 -8.036000 19.264999
c<A>r<102>R<HIS> 25.907000 -5.211000 17.593000
c<A>r<103>R<TRP> 26.240000 -1.771000 19.231001
c<B>r<19>R<PRO> 15.370000 -16.893999 32.303001
c<B>r<42>R<ARG> 11.100000 -8.793000 15.569000
c<B>r<44>R<ILE> 12.251000 -5.315000 20.969000
c<B>r<45>R<TYR> 13.055000 -4.729000 24.639000
c<B>r<46>R<SER> 14.134000 -1.367000 26.070999
c<B>r<47>R<GLY> 14.799000 -0.099000 22.546000
c<B>r<48>R<LYS> 16.983999 -3.068000 21.599001
c<B>r<49>R<GLN> 16.235001 -5.695000 18.944000
c<B>r<50>R<MET> 16.382000 -9.072000 20.683001
c<B>r<51>R<ASN> 18.882999 -11.633000 19.351999
c<B>r<52>R<ASP> 17.408001 -15.100000 18.643999
c<B>r<53>R<GLU> 20.466000 -16.889999 20.059999
c<B>r<54>R<LYS> 20.438000 -14.993000 23.368000
c<B>r<57>R<ALA> 18.268000 -13.443000 31.207001
c<B>r<58>R<ASP> 20.620001 -11.507000 28.870001
c<B>r<59>R<TYR> 17.989000 -8.777000 28.621000
c<B>r<60>R<LYS> 17.201000 -8.971000 32.340000
c<B>r<61>R<ILE> 13.562000 -9.849000 31.631001
c<B>r<62>R<LEU> 11.330000 -10.251000 34.688000
c<B>r<68>R<HIS> 7.320000 -5.157000 21.697001
c<B>r<70>R<VAL> 6.702000 -5.875000 15.076000
