c<A>r<6>R<LEU> 21.504999 -2.373000 41.356998
c<A>r<7>R<SER> 18.743000 0.119000 40.884998
c<A>r<8>R<TYR> 20.160000 3.342000 39.457001
c<A>r<9>R<MET> 17.841999 6.034000 38.154999
c<A>r<10>R<ASP> 15.641000 4.192000 35.598999
c<A>r<11>R<SER> 18.132000 1.275000 35.362999
c<A>r<12>R<LEU> 17.646000 -2.040000 37.084000
c<A>r<32>R<ILE> 24.700001 0.455000 28.031000
c<A>r<33>R<GLY> 21.625999 2.236000 29.299000
c<A>r<34>R<PHE> 23.097000 2.234000 32.758999
c<A>r<35>R<ALA> 26.392000 3.711000 31.490000
c<A>r<36>R<PHE> 24.400999 6.427000 29.672001
c<A>r<37>R<GLU> 22.375000 7.236000 32.813999
c<A>r<38>R<TYR> 25.593000 7.242000 34.866001
c<A>r<39>R<PHE> 27.129999 9.692000 32.360001
c<A>r<40>R<ALA> 23.955000 11.818000 32.603001
c<A>r<41>R<ASN> 23.458000 11.808000 36.313999
c<A>r<42>R<SER> 26.875999 11.319000 37.881001
c<A>r<43>R<GLN> 29.825001 11.831000 35.606998
c<A>r<44>R<PHE> 28.639999 14.714000 33.366001
c<A>r<45>R<HIS> 25.750000 15.872000 35.466000
c<A>r<46>R<ASP> 27.184000 19.458000 35.563999
c<A>r<48>R<SER> 23.440001 18.527000 31.385000
c<A>r<49>R<ASP> 22.549000 21.850000 29.653000
c<A>r<51>R<VAL> 24.495001 17.024000 26.395000
c<A>r<52>R<SER> 21.837999 14.302000 26.093000
c<A>r<53>R<PHE> 22.400999 10.581000 26.291000
c<A>r<54>R<ILE> 19.326000 9.035000 24.622999
c<A>r<55>R<SER> 18.309000 5.740000 26.240999
c<A>r<56>R<PRO> 18.973000 2.604000 24.086000
c<A>r<57>R<GLU> 15.231000 1.802000 24.458000
c<A>r<58>R<VAL> 14.175000 5.171000 22.993000
c<A>r<59>R<THR> 16.844000 4.873000 20.268999
c<A>r<74>R<PHE> 10.114000 10.430000 23.995001
c<A>r<75>R<LEU> 12.433000 13.156000 22.646000
c<A>r<76>R<GLU> 10.145000 16.094999 23.257999
c<A>r<77>R<PRO> 10.763000 16.396999 27.055000
c<A>r<78>R<LEU> 14.582000 16.316000 26.525000
c<A>r<79>R<ASP> 14.946000 19.851999 25.077999
c<A>r<86>R<VAL> 23.433001 14.099000 21.650000
c<A>r<87>R<PHE> 24.599001 10.450000 21.951000
c<A>r<88>R<LEU> 22.648001 7.380000 20.797001
c<A>r<89>R<ALA> 23.577999 3.755000 21.205999
c<B>r<4>R<LYS> 6.942000 13.414000 33.085999
c<B>r<5>R<VAL> 10.337000 12.988000 34.735001
c<B>r<6>R<LYS> 12.980000 12.548000 32.029999
c<B>r<7>R<THR> 16.597000 11.396000 32.313000
c<B>r<8>R<LEU> 19.582001 12.064000 30.052999
c<B>r<9>R<THR> 19.607000 8.533000 28.600000
c<B>r<10>R<GLY> 16.048000 9.033000 27.323000
c<B>r<11>R<LYS> 13.823000 7.045000 29.705999
c<B>r<12>R<GLU> 10.728000 8.821000 31.049999
c<B>r<13>R<ILE> 8.376000 8.042000 33.917000
c<B>r<30>R<VAL> 10.245000 8.553000 41.848999
c<B>r<31>R<GLU> 11.698000 6.485000 44.719002
c<B>r<33>R<LYS> 8.968000 3.296000 41.188999
c<B>r<34>R<GLU> 12.736000 3.559000 40.680000
c<B>r<35>R<GLY> 14.289000 3.044000 44.112000
c<B>r<36>R<ILE> 16.469999 6.185000 43.889999
c<B>r<37>R<PRO> 16.663000 7.899000 47.312000
c<B>r<40>R<GLN> 20.464001 11.348000 45.410999
c<B>r<41>R<GLN> 17.889000 13.012000 43.139000
c<B>r<42>R<ARG> 18.145000 16.448999 41.580002
c<B>r<46>R<SER> 12.980000 25.243999 33.175999
c<B>r<47>R<GLY> 16.690001 25.315001 34.014999
c<B>r<64>R<GLY> 2.270000 17.315001 30.749001
c<B>r<65>R<SER> 5.098000 19.327000 32.369999
c<B>r<66>R<VAL> 8.501000 17.747000 31.919001
c<B>r<67>R<LEU> 10.941000 17.707001 34.821999
c<B>r<68>R<HIS> 14.515000 16.518999 34.375999
c<B>r<69>R<LEU> 16.070000 14.068000 36.820000
c<B>r<70>R<VAL> 19.832001 13.749000 37.341999
c<B>r<71>R<LEU> 21.872000 11.970000 40.015999
c<B>r<72>R<ALA> 23.628000 13.994000 42.699001
c<B>r<73>R<LEU> 26.058001 11.895000 44.743999
