c<A>r<1>R<MET> 19.962000 -17.487000 41.213001
c<A>r<2>R<ASP> 19.792000 -14.071000 39.439999
c<A>r<3>R<PRO> 19.132000 -11.276000 41.948002
c<A>r<4>R<VAL> 18.615999 -7.574000 41.311001
c<A>r<5>R<VAL> 22.042999 -6.067000 42.074001
c<A>r<6>R<LEU> 21.504999 -2.373000 41.356998
c<A>r<12>R<LEU> 17.646000 -2.040000 37.084000
c<A>r<13>R<LEU> 20.603001 -4.380000 36.845001
c<A>r<14>R<ARG> 20.458000 -8.061000 37.756001
c<A>r<15>R<GLN> 23.507000 -10.232000 38.277000
c<A>r<16>R<SER> 23.261999 -11.650000 34.757999
c<A>r<17>R<ASP> 23.476000 -8.116000 33.337002
c<A>r<18>R<VAL> 26.493000 -7.292000 35.542999
c<A>r<19>R<SER> 28.188999 -10.575000 34.591000
c<A>r<20>R<LEU> 28.058001 -9.405000 30.978001
c<A>r<22>R<ASP> 33.104000 -10.265000 32.015999
c<A>r<24>R<PRO> 33.585999 -13.050000 26.528999
c<A>r<25>R<SER> 30.049000 -11.694000 27.108000
c<A>r<26>R<TRP> 28.334000 -9.240000 24.780001
c<A>r<27>R<LEU> 26.938000 -6.183000 26.532000
c<A>r<28>R<ASN> 23.142000 -5.730000 26.528999
c<A>r<29>R<ASP> 20.834000 -2.702000 26.608999
c<A>r<30>R<HIS> 20.674999 -2.680000 30.415001
c<A>r<31>R<ILE> 24.426001 -2.228000 30.738001
c<A>r<56>R<PRO> 18.973000 2.604000 24.086000
c<A>r<57>R<GLU> 15.231000 1.802000 24.458000
c<A>r<58>R<VAL> 14.175000 5.171000 22.993000
c<A>r<60>R<GLN> 15.702000 1.379000 19.326000
c<A>r<61>R<PHE> 12.069000 2.647000 19.231001
c<A>r<63>R<LYS> 14.979000 2.878000 14.726000
c<A>r<64>R<CYS> 11.717000 0.943000 14.465000
c<A>r<91>R<ASN> 21.891001 -1.627000 18.058001
c<A>r<92>R<ASP> 21.216000 -4.317000 15.473000
c<A>r<93>R<ASN> 21.032000 -8.099000 15.428000
c<A>r<96>R<GLN> 24.971001 -12.336000 14.700000
c<A>r<97>R<ALA> 25.892000 -16.086000 14.484000
c<A>r<98>R<ALA> 26.021999 -16.558001 18.277000
c<A>r<100>R<GLY> 25.486000 -11.514000 19.878000
c<A>r<101>R<SER> 23.985001 -8.036000 19.264999
c<A>r<161>R<TYR> 31.971001 -9.122000 22.132999
c<B>r<1>R<MET> 26.731001 -18.714001 30.787001
c<B>r<2>R<LEU> 25.461000 -15.354000 29.518999
c<B>r<3>R<ILE> 22.434000 -15.491000 27.230000
c<B>r<4>R<LYS> 20.098000 -12.890000 25.724001
c<B>r<5>R<VAL> 16.320000 -12.831000 26.117001
c<B>r<9>R<THR> 9.735000 -4.418000 20.705000
c<B>r<10>R<GLY> 13.533000 -4.758000 20.615000
c<B>r<11>R<LYS> 14.649000 -4.673000 24.266001
c<B>r<12>R<GLU> 17.115999 -7.362000 25.370001
c<B>r<13>R<ILE> 18.226999 -8.564000 28.788000
c<B>r<14>R<GLU> 21.271999 -10.613000 29.764000
c<B>r<15>R<ILE> 20.556999 -13.677000 31.855000
c<B>r<16>R<ASP> 23.233000 -15.817000 33.499001
c<B>r<17>R<ILE> 22.405001 -19.532000 33.514000
c<B>r<21>R<ASP> 19.415001 -25.042000 35.014999
c<B>r<25>R<ARG> 14.908000 -20.975000 36.507000
c<B>r<26>R<ILE> 15.529000 -18.879999 33.386002
c<B>r<28>R<GLU> 12.681000 -16.857000 37.449001
c<B>r<29>R<ARG> 15.767000 -14.810000 36.474998
c<B>r<30>R<VAL> 13.624000 -12.775000 34.055000
c<B>r<31>R<GLU> 11.138000 -12.276000 36.917000
c<B>r<32>R<GLU> 13.947000 -11.034000 39.174999
c<B>r<33>R<LYS> 14.824000 -8.217000 36.792000
c<B>r<34>R<GLU> 11.514000 -7.565000 35.015999
c<B>r<62>R<LEU> 25.384001 -21.712000 24.677999
c<B>r<63>R<GLY> 26.973000 -18.393000 25.563000
c<B>r<64>R<GLY> 25.464001 -15.729000 23.346001
c<B>r<65>R<SER> 22.330999 -17.799000 22.593000
c<B>r<66>R<VAL> 19.260000 -15.684000 21.974001
