c<A>r<26>R<TRP> 28.334000 -9.240000 24.780001
c<A>r<27>R<LEU> 26.938000 -6.183000 26.532000
c<A>r<28>R<ASN> 23.142000 -5.730000 26.528999
c<A>r<29>R<ASP> 20.834000 -2.702000 26.608999
c<A>r<30>R<HIS> 20.674999 -2.680000 30.415001
c<A>r<32>R<ILE> 24.700001 0.455000 28.031000
c<A>r<33>R<GLY> 21.625999 2.236000 29.299000
c<A>r<55>R<SER> 18.309000 5.740000 26.240999
c<A>r<56>R<PRO> 18.973000 2.604000 24.086000
c<A>r<57>R<GLU> 15.231000 1.802000 24.458000
c<A>r<58>R<VAL> 14.175000 5.171000 22.993000
c<A>r<59>R<THR> 16.844000 4.873000 20.268999
c<A>r<60>R<GLN> 15.702000 1.379000 19.326000
c<A>r<61>R<PHE> 12.069000 2.647000 19.231001
c<A>r<62>R<ILE> 13.094000 5.458000 16.792999
c<A>r<63>R<LYS> 14.979000 2.878000 14.726000
c<A>r<64>R<CYS> 11.717000 0.943000 14.465000
c<A>r<65>R<THR> 9.235000 3.705000 13.683000
c<A>r<66>R<SER> 8.836000 6.207000 10.870000
c<A>r<67>R<ASN> 5.716000 7.846000 12.449000
c<A>r<70>R<GLU> 6.235000 8.429000 17.795000
c<A>r<73>R<MET> 7.138000 11.461000 21.820000
c<A>r<89>R<ALA> 23.577999 3.755000 21.205999
c<A>r<90>R<ILE> 22.504000 2.078000 17.921000
c<A>r<91>R<ASN> 21.891001 -1.627000 18.058001
c<A>r<92>R<ASP> 21.216000 -4.317000 15.473000
c<A>r<93>R<ASN> 21.032000 -8.099000 15.428000
c<A>r<94>R<SER> 21.676001 -8.842000 11.716000
c<A>r<95>R<ASN> 24.427999 -11.366000 11.080000
c<A>r<96>R<GLN> 24.971001 -12.336000 14.700000
c<A>r<97>R<ALA> 25.892000 -16.086000 14.484000
c<A>r<100>R<GLY> 25.486000 -11.514000 19.878000
c<A>r<101>R<SER> 23.985001 -8.036000 19.264999
c<A>r<102>R<HIS> 25.907000 -5.211000 17.593000
c<A>r<103>R<TRP> 26.240000 -1.771000 19.231001
c<A>r<104>R<SER> 27.610001 1.349000 17.621000
c<A>r<127>R<VAL> 22.294001 1.651000 7.543000
c<A>r<128>R<HIS> 20.542000 1.899000 10.879000
c<A>r<131>R<GLN> 18.061001 6.121000 9.216000
c<A>r<164>R<GLY> 29.187000 -2.340000 23.555000
c<B>r<3>R<ILE> 3.611000 -2.458000 19.370001
c<B>r<4>R<LYS> 5.352000 -1.852000 16.040001
c<B>r<5>R<VAL> 7.589000 -4.339000 14.239000
c<B>r<6>R<LYS> 9.724000 -2.469000 11.700000
c<B>r<7>R<THR> 11.855000 -3.806000 8.844000
c<B>r<8>R<LEU> 14.876000 -2.290000 7.102000
c<B>r<10>R<GLY> 10.574000 0.771000 5.981000
c<B>r<11>R<LYS> 7.344000 -1.243000 6.293000
c<B>r<12>R<GLU> 5.814000 -1.504000 9.776000
c<B>r<13>R<ILE> 3.156000 -3.777000 11.236000
c<B>r<42>R<ARG> 15.053000 -12.343000 14.386000
c<B>r<43>R<LEU> 13.505000 -9.692000 16.618999
c<B>r<44>R<ILE> 15.720000 -6.963000 18.018999
c<B>r<45>R<TYR> 14.874000 -4.485000 20.775999
c<B>r<46>R<SER> 17.235001 -1.745000 21.974001
c<B>r<47>R<GLY> 20.113001 -3.462000 20.173000
c<B>r<48>R<LYS> 19.440001 -6.855000 21.761999
c<B>r<49>R<GLN> 18.344000 -10.033000 19.972000
c<B>r<50>R<MET> 15.129000 -11.174000 21.650000
c<B>r<59>R<TYR> 12.514000 -6.402000 27.656000
c<B>r<60>R<LYS> 10.279000 -3.806000 29.315001
c<B>r<61>R<ILE> 8.149000 -3.478000 26.173000
c<B>r<64>R<GLY> 4.280000 2.109000 21.105000
c<B>r<65>R<SER> 7.538000 0.141000 21.528999
c<B>r<66>R<VAL> 9.328000 -0.501000 18.263000
c<B>r<67>R<LEU> 10.897000 -3.896000 17.629000
c<B>r<68>R<HIS> 13.057000 -4.529000 14.577000
c<B>r<69>R<LEU> 12.528000 -7.608000 12.424000
c<B>r<70>R<VAL> 15.248000 -9.091000 10.204000
c<B>r<71>R<LEU> 15.481000 -12.416000 8.368000
c<B>r<72>R<ALA> 17.777000 -15.133000 9.681000
c<B>r<73>R<LEU> 18.198000 -17.997999 7.210000
