c<A>r<6>R<LEU> 21.504999 -2.373000 41.356998
c<A>r<7>R<SER> 18.743000 0.119000 40.884998
c<A>r<8>R<TYR> 20.160000 3.342000 39.457001
c<A>r<9>R<MET> 17.841999 6.034000 38.154999
c<A>r<10>R<ASP> 15.641000 4.192000 35.598999
c<A>r<11>R<SER> 18.132000 1.275000 35.362999
c<A>r<12>R<LEU> 17.646000 -2.040000 37.084000
c<A>r<33>R<GLY> 21.625999 2.236000 29.299000
c<A>r<34>R<PHE> 23.097000 2.234000 32.758999
c<A>r<35>R<ALA> 26.392000 3.711000 31.490000
c<A>r<36>R<PHE> 24.400999 6.427000 29.672001
c<A>r<37>R<GLU> 22.375000 7.236000 32.813999
c<A>r<38>R<TYR> 25.593000 7.242000 34.866001
c<A>r<39>R<PHE> 27.129999 9.692000 32.360001
c<A>r<40>R<ALA> 23.955000 11.818000 32.603001
c<A>r<41>R<ASN> 23.458000 11.808000 36.313999
c<A>r<42>R<SER> 26.875999 11.319000 37.881001
c<A>r<43>R<GLN> 29.825001 11.831000 35.606998
c<A>r<44>R<PHE> 28.639999 14.714000 33.366001
c<A>r<45>R<HIS> 25.750000 15.872000 35.466000
c<A>r<46>R<ASP> 27.184000 19.458000 35.563999
c<A>r<48>R<SER> 23.440001 18.527000 31.385000
c<A>r<51>R<VAL> 24.495001 17.024000 26.395000
c<A>r<52>R<SER> 21.837999 14.302000 26.093000
c<A>r<53>R<PHE> 22.400999 10.581000 26.291000
c<A>r<54>R<ILE> 19.326000 9.035000 24.622999
c<A>r<55>R<SER> 18.309000 5.740000 26.240999
c<A>r<56>R<PRO> 18.973000 2.604000 24.086000
c<A>r<57>R<GLU> 15.231000 1.802000 24.458000
c<A>r<58>R<VAL> 14.175000 5.171000 22.993000
c<A>r<59>R<THR> 16.844000 4.873000 20.268999
c<A>r<74>R<PHE> 10.114000 10.430000 23.995001
c<A>r<75>R<LEU> 12.433000 13.156000 22.646000
c<A>r<77>R<PRO> 10.763000 16.396999 27.055000
c<A>r<78>R<LEU> 14.582000 16.316000 26.525000
c<A>r<79>R<ASP> 14.946000 19.851999 25.077999
c<A>r<87>R<PHE> 24.599001 10.450000 21.951000
c<A>r<88>R<LEU> 22.648001 7.380000 20.797001
c<A>r<209>R<LEU> 27.118000 1.599000 43.721001
c<A>r<210>R<ALA> 25.437000 -1.640000 44.744999
c<B>r<5>R<VAL> 10.089000 11.899000 36.699001
c<B>r<6>R<LYS> 12.342000 11.862000 33.627998
c<B>r<7>R<THR> 16.108999 11.389000 33.368000
c<B>r<8>R<LEU> 18.556999 12.516000 30.684999
c<B>r<9>R<THR> 19.011999 9.006000 29.252001
c<B>r<10>R<GLY> 15.273000 8.818000 28.521999
c<B>r<11>R<LYS> 13.824000 6.533000 31.216999
c<B>r<12>R<GLU> 10.689000 7.763000 33.006001
c<B>r<13>R<ILE> 8.966000 6.658000 36.195999
c<B>r<30>R<VAL> 11.856000 7.733000 43.756001
c<B>r<31>R<GLU> 14.069000 6.046000 46.380001
c<B>r<33>R<LYS> 11.478000 2.314000 43.307999
c<B>r<34>R<GLU> 15.018000 3.236000 42.238998
c<B>r<35>R<GLY> 17.125999 3.112000 45.398998
c<B>r<36>R<ILE> 18.641001 6.586000 44.846001
c<B>r<40>R<GLN> 21.805000 12.427000 45.737999
c<B>r<41>R<GLN> 18.663000 13.532000 43.873001
c<B>r<42>R<ARG> 18.055000 16.910999 42.285999
c<B>r<66>R<VAL> 7.022000 16.163000 34.179001
c<B>r<67>R<LEU> 9.828000 16.649000 36.682999
c<B>r<68>R<HIS> 13.454000 16.112000 35.709000
c<B>r<69>R<LEU> 15.773000 14.055000 37.896999
c<B>r<70>R<VAL> 19.565001 14.435000 37.848999
c<B>r<71>R<LEU> 22.266001 13.132000 40.191002
c<B>r<72>R<ALA> 23.997999 15.518000 42.576000
c<B>r<73>R<LEU> 27.045000 13.953000 44.237999
