c<A>r<4>R<VAL> 18.615999 -7.574000 41.311001
c<A>r<6>R<LEU> 21.504999 -2.373000 41.356998
c<A>r<7>R<SER> 18.743000 0.119000 40.884998
c<A>r<8>R<TYR> 20.160000 3.342000 39.457001
c<A>r<9>R<MET> 17.841999 6.034000 38.154999
c<A>r<10>R<ASP> 15.641000 4.192000 35.598999
c<A>r<11>R<SER> 18.132000 1.275000 35.362999
c<A>r<12>R<LEU> 17.646000 -2.040000 37.084000
c<A>r<13>R<LEU> 20.603001 -4.380000 36.845001
c<A>r<29>R<ASP> 20.834000 -2.702000 26.608999
c<A>r<30>R<HIS> 20.674999 -2.680000 30.415001
c<A>r<32>R<ILE> 24.700001 0.455000 28.031000
c<A>r<33>R<GLY> 21.625999 2.236000 29.299000
c<A>r<34>R<PHE> 23.097000 2.234000 32.758999
c<A>r<35>R<ALA> 26.392000 3.711000 31.490000
c<A>r<36>R<PHE> 24.400999 6.427000 29.672001
c<A>r<37>R<GLU> 22.375000 7.236000 32.813999
c<A>r<38>R<TYR> 25.593000 7.242000 34.866001
c<A>r<39>R<PHE> 27.129999 9.692000 32.360001
c<A>r<40>R<ALA> 23.955000 11.818000 32.603001
c<A>r<41>R<ASN> 23.458000 11.808000 36.313999
c<A>r<42>R<SER> 26.875999 11.319000 37.881001
c<A>r<45>R<HIS> 25.750000 15.872000 35.466000
c<A>r<48>R<SER> 23.440001 18.527000 31.385000
c<A>r<51>R<VAL> 24.495001 17.024000 26.395000
c<A>r<52>R<SER> 21.837999 14.302000 26.093000
c<A>r<53>R<PHE> 22.400999 10.581000 26.291000
c<A>r<54>R<ILE> 19.326000 9.035000 24.622999
c<A>r<55>R<SER> 18.309000 5.740000 26.240999
c<A>r<56>R<PRO> 18.973000 2.604000 24.086000
c<A>r<57>R<GLU> 15.231000 1.802000 24.458000
c<A>r<58>R<VAL> 14.175000 5.171000 22.993000
c<A>r<59>R<THR> 16.844000 4.873000 20.268999
c<A>r<73>R<MET> 7.138000 11.461000 21.820000
c<A>r<74>R<PHE> 10.114000 10.430000 23.995001
c<A>r<75>R<LEU> 12.433000 13.156000 22.646000
c<A>r<76>R<GLU> 10.145000 16.094999 23.257999
c<A>r<77>R<PRO> 10.763000 16.396999 27.055000
c<A>r<78>R<LEU> 14.582000 16.316000 26.525000
c<A>r<87>R<PHE> 24.599001 10.450000 21.951000
c<A>r<88>R<LEU> 22.648001 7.380000 20.797001
c<A>r<89>R<ALA> 23.577999 3.755000 21.205999
c<B>r<4>R<LYS> 6.135000 5.849000 31.934999
c<B>r<5>R<VAL> 8.907000 7.382000 34.032001
c<B>r<6>R<LYS> 11.844000 8.239000 31.764999
c<B>r<7>R<THR> 15.421000 9.189000 32.655998
c<B>r<8>R<LEU> 17.997999 11.193000 30.705999
c<B>r<9>R<THR> 20.086000 8.126000 29.802999
c<B>r<10>R<GLY> 17.072001 6.592000 28.039000
c<B>r<11>R<LYS> 15.784000 3.879000 30.399000
c<B>r<12>R<GLU> 12.032000 3.833000 31.077000
c<B>r<13>R<ILE> 9.932000 2.107000 33.717999
c<B>r<30>R<VAL> 9.802000 4.013000 41.655998
c<B>r<31>R<GLU> 11.558000 3.204000 44.956001
c<B>r<32>R<GLU> 9.982000 -0.267000 44.973000
c<B>r<33>R<LYS> 11.533000 -1.155000 41.626999
c<B>r<34>R<GLU> 14.658000 1.025000 41.549999
c<B>r<35>R<GLY> 15.603000 1.620000 45.183998
c<B>r<36>R<ILE> 15.873000 5.418000 44.771000
c<B>r<40>R<GLN> 16.318001 11.993000 45.993000
c<B>r<41>R<GLN> 13.716000 11.905000 43.201000
c<B>r<44>R<ILE> 8.785000 16.503000 36.061001
c<B>r<45>R<TYR> 5.661000 16.617001 33.896000
c<B>r<46>R<SER> 5.154000 19.063999 31.020000
c<B>r<47>R<GLY> 8.083000 21.134001 32.286999
c<B>r<66>R<VAL> 5.445000 10.272000 30.341999
c<B>r<67>R<LEU> 6.990000 11.704000 33.495998
c<B>r<68>R<HIS> 10.681000 12.557000 33.671001
c<B>r<69>R<LEU> 12.796000 11.451000 36.620998
c<B>r<70>R<VAL> 16.025000 13.199000 37.641998
c<B>r<71>R<LEU> 18.163000 12.932000 40.778000
c<B>r<72>R<ALA> 18.118000 15.738000 43.327999
