c<A>r<6>R<LEU> 21.504999 -2.373000 41.356998
c<A>r<7>R<SER> 18.743000 0.119000 40.884998
c<A>r<8>R<TYR> 20.160000 3.342000 39.457001
c<A>r<9>R<MET> 17.841999 6.034000 38.154999
c<A>r<10>R<ASP> 15.641000 4.192000 35.598999
c<A>r<11>R<SER> 18.132000 1.275000 35.362999
c<A>r<12>R<LEU> 17.646000 -2.040000 37.084000
c<A>r<33>R<GLY> 21.625999 2.236000 29.299000
c<A>r<34>R<PHE> 23.097000 2.234000 32.758999
c<A>r<35>R<ALA> 26.392000 3.711000 31.490000
c<A>r<36>R<PHE> 24.400999 6.427000 29.672001
c<A>r<37>R<GLU> 22.375000 7.236000 32.813999
c<A>r<38>R<TYR> 25.593000 7.242000 34.866001
c<A>r<39>R<PHE> 27.129999 9.692000 32.360001
c<A>r<40>R<ALA> 23.955000 11.818000 32.603001
c<A>r<41>R<ASN> 23.458000 11.808000 36.313999
c<A>r<42>R<SER> 26.875999 11.319000 37.881001
c<A>r<43>R<GLN> 29.825001 11.831000 35.606998
c<A>r<44>R<PHE> 28.639999 14.714000 33.366001
c<A>r<45>R<HIS> 25.750000 15.872000 35.466000
c<A>r<46>R<ASP> 27.184000 19.458000 35.563999
c<A>r<47>R<SER> 27.157000 19.495001 31.732000
c<A>r<48>R<SER> 23.440001 18.527000 31.385000
c<A>r<49>R<ASP> 22.549000 21.850000 29.653000
c<A>r<50>R<HIS> 24.778000 20.781000 26.784000
c<A>r<51>R<VAL> 24.495001 17.024000 26.395000
c<A>r<52>R<SER> 21.837999 14.302000 26.093000
c<A>r<53>R<PHE> 22.400999 10.581000 26.291000
c<A>r<54>R<ILE> 19.326000 9.035000 24.622999
c<A>r<55>R<SER> 18.309000 5.740000 26.240999
c<A>r<74>R<PHE> 10.114000 10.430000 23.995001
c<A>r<75>R<LEU> 12.433000 13.156000 22.646000
c<A>r<76>R<GLU> 10.145000 16.094999 23.257999
c<A>r<77>R<PRO> 10.763000 16.396999 27.055000
c<A>r<78>R<LEU> 14.582000 16.316000 26.525000
c<A>r<79>R<ASP> 14.946000 19.851999 25.077999
c<A>r<80>R<LEU> 17.218000 18.430000 22.351999
c<A>r<86>R<VAL> 23.433001 14.099000 21.650000
c<A>r<87>R<PHE> 24.599001 10.450000 21.951000
c<A>r<209>R<LEU> 27.118000 1.599000 43.721001
c<A>r<210>R<ALA> 25.437000 -1.640000 44.744999
c<B>r<6>R<LYS> 15.033000 14.888000 35.373001
c<B>r<7>R<THR> 18.535000 13.586000 34.647999
c<B>r<8>R<LEU> 21.038000 14.601000 31.972000
c<B>r<9>R<THR> 20.504000 11.439000 29.899000
c<B>r<10>R<GLY> 16.806000 12.302000 29.534000
c<B>r<11>R<LYS> 14.973000 9.945000 31.914000
c<B>r<12>R<GLU> 12.357000 11.511000 34.205002
c<B>r<13>R<ILE> 10.588000 10.244000 37.306999
c<B>r<30>R<VAL> 14.067000 9.076000 44.601002
c<B>r<31>R<GLU> 15.916000 6.423000 46.641998
c<B>r<32>R<GLU> 12.696000 4.414000 46.995998
c<B>r<33>R<LYS> 12.295000 4.105000 43.237999
c<B>r<34>R<GLU> 15.889000 4.344000 41.992001
c<B>r<35>R<GLY> 18.065001 3.095000 44.847000
c<B>r<36>R<ILE> 20.382999 6.143000 44.768002
c<B>r<37>R<PRO> 21.396999 7.121000 48.331001
c<B>r<40>R<GLN> 24.976999 10.759000 46.355000
c<B>r<41>R<GLN> 22.124001 12.932000 45.049000
c<B>r<42>R<ARG> 22.311001 16.603001 44.159000
c<B>r<68>R<HIS> 17.305000 18.249001 38.050999
c<B>r<69>R<LEU> 19.139000 15.304000 39.589001
c<B>r<70>R<VAL> 22.893999 14.765000 39.221001
c<B>r<71>R<LEU> 25.298000 12.415000 41.004002
c<B>r<72>R<ALA> 27.709000 13.795000 43.584999
c<B>r<73>R<LEU> 30.341999 11.248000 44.619999
