c<A>r<1>R<MET> 19.962000 -17.487000 41.213001
c<A>r<2>R<ASP> 19.792000 -14.071000 39.439999
c<A>r<3>R<PRO> 19.132000 -11.276000 41.948002
c<A>r<4>R<VAL> 18.615999 -7.574000 41.311001
c<A>r<5>R<VAL> 22.042999 -6.067000 42.074001
c<A>r<6>R<LEU> 21.504999 -2.373000 41.356998
c<A>r<7>R<SER> 18.743000 0.119000 40.884998
c<A>r<10>R<ASP> 15.641000 4.192000 35.598999
c<A>r<11>R<SER> 18.132000 1.275000 35.362999
c<A>r<12>R<LEU> 17.646000 -2.040000 37.084000
c<A>r<13>R<LEU> 20.603001 -4.380000 36.845001
c<A>r<14>R<ARG> 20.458000 -8.061000 37.756001
c<A>r<15>R<GLN> 23.507000 -10.232000 38.277000
c<A>r<16>R<SER> 23.261999 -11.650000 34.757999
c<A>r<17>R<ASP> 23.476000 -8.116000 33.337002
c<A>r<18>R<VAL> 26.493000 -7.292000 35.542999
c<A>r<19>R<SER> 28.188999 -10.575000 34.591000
c<A>r<20>R<LEU> 28.058001 -9.405000 30.978001
c<A>r<22>R<ASP> 33.104000 -10.265000 32.015999
c<A>r<24>R<PRO> 33.585999 -13.050000 26.528999
c<A>r<25>R<SER> 30.049000 -11.694000 27.108000
c<A>r<26>R<TRP> 28.334000 -9.240000 24.780001
c<A>r<28>R<ASN> 23.142000 -5.730000 26.528999
c<A>r<29>R<ASP> 20.834000 -2.702000 26.608999
c<A>r<30>R<HIS> 20.674999 -2.680000 30.415001
c<A>r<56>R<PRO> 18.973000 2.604000 24.086000
c<A>r<57>R<GLU> 15.231000 1.802000 24.458000
c<A>r<58>R<VAL> 14.175000 5.171000 22.993000
c<A>r<59>R<THR> 16.844000 4.873000 20.268999
c<A>r<60>R<GLN> 15.702000 1.379000 19.326000
c<A>r<61>R<PHE> 12.069000 2.647000 19.231001
c<A>r<62>R<ILE> 13.094000 5.458000 16.792999
c<A>r<63>R<LYS> 14.979000 2.878000 14.726000
c<A>r<64>R<CYS> 11.717000 0.943000 14.465000
c<A>r<90>R<ILE> 22.504000 2.078000 17.921000
c<A>r<91>R<ASN> 21.891001 -1.627000 18.058001
c<A>r<92>R<ASP> 21.216000 -4.317000 15.473000
c<A>r<93>R<ASN> 21.032000 -8.099000 15.428000
c<A>r<98>R<ALA> 26.021999 -16.558001 18.277000
c<A>r<100>R<GLY> 25.486000 -11.514000 19.878000
c<A>r<101>R<SER> 23.985001 -8.036000 19.264999
c<A>r<102>R<HIS> 25.907000 -5.211000 17.593000
c<B>r<1>R<MET> 10.058000 -7.411000 16.921000
c<B>r<2>R<LEU> 13.324000 -9.153000 17.818001
c<B>r<3>R<ILE> 14.167000 -9.274000 21.518999
c<B>r<4>R<LYS> 16.827999 -11.027000 23.601999
c<B>r<6>R<LYS> 19.320000 -13.654000 28.622999
c<B>r<7>R<THR> 20.198999 -16.122999 31.384001
c<B>r<8>R<LEU> 22.632999 -15.811000 34.289001
c<B>r<9>R<THR> 25.208000 -18.158001 32.727001
c<B>r<10>R<GLY> 25.480000 -15.850000 29.702999
c<B>r<11>R<LYS> 23.549999 -17.600000 26.910000
c<B>r<12>R<GLU> 21.070999 -15.474000 24.943001
c<B>r<13>R<ILE> 18.247999 -16.368999 22.577999
c<B>r<14>R<GLU> 16.430000 -14.201000 20.045000
c<B>r<44>R<ILE> 12.177000 -10.116000 34.328999
c<B>r<45>R<TYR> 12.314000 -6.727000 32.611000
c<B>r<46>R<SER> 13.808000 -3.598000 34.191002
c<B>r<47>R<GLY> 13.767000 -5.315000 37.585999
c<B>r<48>R<LYS> 10.101000 -6.311000 37.340000
c<B>r<60>R<LYS> 7.211000 -0.921000 26.716999
c<B>r<61>R<ILE> 9.332000 -3.624000 25.070999
c<B>r<62>R<LEU> 11.072000 -2.624000 21.837000
c<B>r<63>R<GLY> 13.411000 -4.152000 19.285000
c<B>r<64>R<GLY> 16.646000 -5.040000 21.025999
c<B>r<65>R<SER> 15.029000 -5.123000 24.497000
c<B>r<66>R<VAL> 16.686001 -7.568000 26.856001
c<B>r<67>R<LEU> 14.541000 -9.720000 29.125000
c<B>r<68>R<HIS> 16.090000 -11.907000 31.808001
c<B>r<69>R<LEU> 15.033000 -15.529000 32.216000
c<B>r<70>R<VAL> 15.430000 -17.459999 35.478001
c<B>r<71>R<LEU> 14.025000 -20.806000 36.623001
c<B>r<72>R<ALA> 11.216000 -20.893999 39.167999
