c<A>r<165>R<GLY> -10.386000 -1.588000 -0.547000
c<A>r<166>R<ASP> -10.986000 0.121000 -3.928000
c<A>r<167>R<PHE> -9.634000 3.663000 -3.582000
c<A>r<168>R<TYR> -10.101000 4.318000 -7.330000
c<A>r<171>R<GLU> -12.571000 8.586000 -5.640000
c<A>r<172>R<ARG> -14.943000 8.031000 -8.642000
c<A>r<174>R<ARG> -16.982000 10.862000 -4.303000
c<A>r<175>R<LYS> -16.531000 12.833000 -7.537000
c<A>r<176>R<ALA> -19.820999 11.693000 -9.136000
c<A>r<186>R<PHE> -10.517000 -0.859000 6.106000
c<A>r<188>R<GLU> -5.779000 0.017000 8.510000
c<A>r<189>R<MET> -6.368000 2.445000 5.583000
c<A>r<191>R<LEU> -5.814000 8.121000 6.278000
c<A>r<192>R<PRO> -5.654000 7.495000 2.452000
c<A>r<193>R<ALA> -9.485000 7.077000 2.407000
c<A>r<194>R<THR> -9.942000 10.429000 4.298000
c<A>r<195>R<VAL> -7.835000 12.414000 1.759000
c<A>r<196>R<LEU> -10.089000 11.008000 -1.021000
c<A>r<197>R<GLY> -13.034000 12.620000 0.821000
c<A>r<220>R<ALA> -6.434000 14.321000 7.834000
c<A>r<221>R<LYS> -9.544000 16.601999 7.423000
c<A>r<222>R<ASN> -7.408000 19.451000 8.858000
c<A>r<223>R<SER> -4.489000 18.705999 6.431000
c<A>r<224>R<LYS> -2.215000 17.448999 9.320000
c<A>r<225>R<ILE> -0.973000 14.503000 7.225000
c<A>r<226>R<ASP> 2.379000 13.744000 8.959000
c<A>r<228>R<ALA> -2.214000 11.403000 10.938000
c<A>r<229>R<LEU> 0.354000 9.049000 9.263000
c<A>r<230>R<LYS> 2.226000 8.498000 12.601000
c<A>r<232>R<GLN> -1.976000 5.229000 11.194000
c<A>r<233>R<HIS> 1.474000 3.507000 11.485000
c<A>r<234>R<THR> 0.858000 2.717000 15.201000
c<A>r<236>R<ASN> -1.589000 -0.758000 11.760000
c<A>r<237>R<ASP> 0.744000 -2.540000 14.262000
c<B>r<165>R<GLY> -2.344000 -1.557000 -5.919000
c<B>r<166>R<ASP> -1.734000 -2.609000 -2.258000
c<B>r<167>R<PHE> -1.916000 0.520000 -0.062000
c<B>r<168>R<TYR> -1.643000 -1.591000 3.132000
c<B>r<171>R<GLU> 2.272000 1.655000 4.311000
c<B>r<172>R<ARG> 4.013000 -1.419000 5.877000
c<B>r<174>R<ARG> 7.347000 2.694000 4.149000
c<B>r<175>R<LYS> 7.201000 2.086000 7.913000
c<B>r<176>R<ALA> 9.678000 -0.841000 7.916000
c<B>r<186>R<PHE> -1.126000 3.646000 -10.208000
c<B>r<188>R<GLU> -5.061000 7.258000 -10.737000
c<B>r<189>R<MET> -3.997000 6.821000 -7.055000
c<B>r<191>R<LEU> -2.718000 11.422000 -4.028000
c<B>r<192>R<PRO> -3.405000 8.584000 -1.481000
c<B>r<193>R<ALA> 0.068000 7.121000 -2.246000
c<B>r<194>R<THR> 1.723000 10.535000 -1.569000
c<B>r<195>R<VAL> 0.067000 10.844000 1.901000
c<B>r<196>R<LEU> 1.562000 7.412000 2.790000
c<B>r<197>R<GLY> 5.008000 8.981000 2.131000
c<B>r<220>R<ALA> -0.007000 16.620001 -1.077000
c<B>r<221>R<LYS> 3.576000 16.921000 0.365000
c<B>r<222>R<ASN> 2.648000 20.487000 1.426000
c<B>r<223>R<SER> -0.636000 19.253000 3.060000
c<B>r<224>R<LYS> -2.814000 21.042000 0.383000
c<B>r<225>R<ILE> -5.114000 17.996000 0.132000
c<B>r<226>R<ASP> -8.328000 19.636999 -1.198000
c<B>r<228>R<ALA> -4.501000 17.950001 -4.785000
c<B>r<229>R<LEU> -7.850000 16.014999 -4.784000
c<B>r<230>R<LYS> -9.376000 18.417999 -7.404000
c<B>r<232>R<GLN> -6.604000 13.962000 -8.997000
c<B>r<233>R<HIS> -10.337000 14.142000 -9.965000
c<B>r<234>R<THR> -9.415000 15.840000 -13.297000
c<B>r<236>R<ASN> -8.812000 10.345000 -13.204000
c<B>r<237>R<ASP> -11.319000 11.542000 -15.878000
c<B>r<240>R<GLU> -10.726000 6.692000 -17.445999
