c<A>r<17>R<THR> 11.800000 14.247000 0.204000
c<A>r<18>R<PRO> 9.571000 11.419000 -1.158000
c<A>r<19>R<ALA> 6.540000 13.612000 -0.191000
c<A>r<20>R<HIS> 7.773000 16.277000 -2.691000
c<A>r<21>R<SER> 8.109000 13.533000 -5.374000
c<A>r<22>R<LEU> 4.479000 12.402000 -4.767000
c<A>r<23>R<GLN> 3.277000 16.049999 -5.026000
c<A>r<45>R<HIS> 9.652000 0.239000 -6.565000
c<A>r<46>R<HIS> 10.585000 -1.180000 -3.115000
c<A>r<47>R<ALA> 13.443000 -0.201000 -0.745000
c<A>r<48>R<GLU> 14.846000 2.369000 -3.229000
c<A>r<49>R<ILE> 15.728000 5.763000 -1.682000
c<A>r<50>R<PHE> 15.599000 7.404000 -5.168000
c<A>r<51>R<ASN> 12.006000 6.223000 -6.043000
c<A>r<52>R<ALA> 9.077000 7.347000 -3.846000
c<A>r<53>R<VAL> 6.332000 4.784000 -4.747000
c<A>r<54>R<PRO> 6.146000 1.198000 -3.326000
c<A>r<55>R<ALA> 2.287000 1.377000 -3.485000
c<A>r<56>R<PRO> 1.242000 2.721000 -6.964000
c<A>r<57>R<GLU> -2.464000 2.057000 -6.099000
c<A>r<58>R<ILE> -2.374000 4.864000 -3.449000
c<A>r<59>R<LEU> -0.902000 7.468000 -5.834000
c<A>r<60>R<ILE> -3.355000 6.288000 -8.590000
c<A>r<61>R<ALA> -6.327000 6.919000 -6.217000
c<A>r<62>R<ARG> -5.056000 10.487000 -5.574000
c<A>r<63>R<ILE> -4.176000 11.264000 -9.248000
c<A>r<64>R<ALA> -7.519000 9.916000 -10.586000
c<A>r<65>R<ALA> -9.394000 12.375000 -8.266000
c<A>r<66>R<GLU> -7.147000 15.243000 -9.557000
c<A>r<81>R<LEU> 4.510000 -10.194000 -4.811000
c<A>r<82>R<TYR> 0.720000 -10.243000 -4.190000
c<A>r<83>R<SER> -2.442000 -12.342000 -4.084000
c<A>r<84>R<PRO> -4.136000 -11.962000 -7.529000
c<A>r<85>R<LEU> -7.472000 -11.652000 -5.638000
c<A>r<86>R<LYS> -6.205000 -8.653000 -3.578000
c<A>r<87>R<VAL> -4.920000 -6.995000 -6.811000
c<A>r<88>R<ALA> -8.345000 -7.584000 -8.455000
c<A>r<89>R<GLU> -10.208000 -6.076000 -5.422000
c<A>r<90>R<VAL> -7.872000 -3.001000 -5.246000
c<A>r<91>R<PHE> -8.298000 -2.173000 -8.960000
c<A>r<92>R<ARG> -12.071000 -2.926000 -8.893000
c<A>r<93>R<THR> -12.295000 -0.443000 -5.952000
c<A>r<94>R<LEU> -10.332000 2.097000 -8.062000
c<A>r<95>R<HIS> -12.652000 1.384000 -11.057000
c<A>r<96>R<ALA> -15.789000 1.860000 -8.869000
c<A>r<97>R<LEU> -14.430000 5.334000 -7.840000
c<A>r<98>R<TYR> -13.181000 6.209000 -11.391000
c<A>r<99>R<PRO> -15.405000 4.314000 -13.896000
c<A>r<113>R<LYS> 16.296000 -7.240000 -3.955000
c<A>r<115>R<PRO> 15.575000 -9.623000 1.281000
c<A>r<116>R<VAL> 12.709000 -7.296000 0.192000
c<A>r<117>R<PHE> 11.162000 -9.983000 -2.060000
c<A>r<118>R<ALA> 11.199000 -12.460000 0.894000
c<A>r<119>R<ALA> 9.595000 -9.819000 3.196000
c<A>r<120>R<LEU> 6.819000 -9.092000 0.609000
c<A>r<121>R<ARG> 6.218000 -12.822000 -0.100000
c<A>r<122>R<ASP> 6.502000 -15.964000 2.069000
c<A>r<123>R<ASP> 7.629000 -17.983999 -1.090000
c<A>r<134>R<GLN> -5.764000 -16.190001 -11.856000
c<A>r<145>R<LEU> -15.841000 -18.618999 -8.823000
c<A>r<146>R<PRO> -17.368999 -19.908001 -5.500000
c<A>r<147>R<PHE> -17.353001 -16.257999 -4.228000
c<A>r<148>R<THR> -17.714001 -12.715000 -5.655000
c<A>r<149>R<VAL> -14.802000 -10.305000 -6.278000
c<A>r<150>R<SER> -15.993000 -6.989000 -4.765000
c<A>r<151>R<PRO> -16.896999 -4.284000 -5.794000
c<A>r<152>R<ARG> -19.162001 -5.006000 -8.884000
c<A>r<153>R<PRO> -19.990999 -4.189000 -11.768000
c<B>r<17>R<THR> -24.448999 -0.120000 -6.398000
c<B>r<18>R<PRO> -21.118000 -0.347000 -4.473000
c<B>r<19>R<ALA> -20.021999 2.828000 -6.378000
c<B>r<20>R<HIS> -22.909000 4.745000 -4.685000
c<B>r<21>R<SER> -21.754000 3.374000 -1.273000
c<B>r<22>R<LEU> -18.179001 4.650000 -1.917000
c<B>r<23>R<GLN> -19.566999 8.110000 -2.886000
c<B>r<45>R<HIS> -14.830000 -6.795000 3.974000
c<B>r<46>R<HIS> -14.258000 -9.437000 1.241000
c<B>r<47>R<ALA> -16.790001 -11.241000 -1.006000
c<B>r<48>R<GLU> -19.780001 -9.543000 0.707000
c<B>r<49>R<ILE> -22.382000 -8.088000 -1.703000
c<B>r<50>R<PHE> -23.709000 -5.810000 1.107000
c<B>r<51>R<ASN> -20.288000 -4.161000 1.915000
c<B>r<52>R<ALA> -18.464001 -2.149000 -0.792000
c<B>r<53>R<VAL> -14.843000 -2.013000 0.556000
c<B>r<54>R<PRO> -12.323000 -4.924000 0.275000
c<B>r<55>R<ALA> -9.464000 -2.344000 -0.077000
c<B>r<56>R<PRO> -9.865000 0.306000 2.721000
c<B>r<57>R<GLU> -6.490000 1.884000 1.715000
c<B>r<58>R<ILE> -8.024000 3.072000 -1.623000
c<B>r<59>R<LEU> -11.060000 4.731000 0.009000
c<B>r<60>R<ILE> -8.738000 6.249000 2.710000
c<B>r<61>R<ALA> -6.520000 7.725000 -0.070000
c<B>r<62>R<ARG> -9.638000 9.403000 -1.583000
c<B>r<63>R<ILE> -11.272000 10.548000 1.717000
c<B>r<64>R<ALA> -8.007000 12.088000 3.034000
c<B>r<65>R<ALA> -7.875000 14.359000 -0.099000
c<B>r<66>R<GLU> -11.564000 15.334000 0.510000
c<B>r<81>R<LEU> -4.102000 -11.621000 4.838000
c<B>r<82>R<TYR> -1.068000 -9.481000 3.864000
c<B>r<83>R<SER> 2.693000 -9.023000 4.058000
c<B>r<84>R<PRO> 3.374000 -6.669000 7.039000
c<B>r<85>R<LEU> 5.963000 -4.917000 4.797000
c<B>r<86>R<LYS> 3.341000 -4.157000 2.081000
c<B>r<87>R<VAL> 0.951000 -2.804000 4.787000
c<B>r<88>R<ALA> 3.781000 -0.588000 6.156000
c<B>r<89>R<GLU> 4.607000 0.741000 2.623000
c<B>r<90>R<VAL> 0.901000 1.456000 1.805000
c<B>r<91>R<PHE> 0.315000 3.430000 5.037000
c<B>r<92>R<ARG> 3.714000 5.221000 4.794000
c<B>r<93>R<THR> 2.652000 6.275000 1.241000
c<B>r<94>R<LEU> -0.680000 7.522000 2.696000
c<B>r<95>R<HIS> 1.248000 9.371000 5.473000
c<B>r<96>R<ALA> 3.622000 10.982000 2.900000
c<B>r<97>R<LEU> 0.518000 12.349000 1.038000
c<B>r<98>R<TYR> -1.378000 13.251000 4.276000
c<B>r<99>R<PRO> 1.242000 14.002000 6.992000
c<B>r<113>R<LYS> -14.962000 -17.139999 4.504000
c<B>r<115>R<PRO> -12.371000 -19.990000 0.175000
c<B>r<116>R<VAL> -11.739000 -16.191999 0.175000
c<B>r<117>R<PHE> -9.090000 -16.489000 2.931000
c<B>r<118>R<ALA> -7.258000 -19.191999 0.884000
c<B>r<119>R<ALA> -7.438000 -16.990999 -2.272000
c<B>r<120>R<LEU> -6.007000 -13.955000 -0.358000
c<B>r<121>R<ARG> -3.279000 -16.041000 1.361000
c<B>r<122>R<ASP> -1.276000 -19.141001 0.344000
c<B>r<123>R<ASP> -1.059000 -20.270000 4.083000
c<B>r<134>R<GLN> 6.805000 -7.404000 12.215000
c<B>r<145>R<LEU> 16.412001 -3.779000 9.022000
c<B>r<146>R<PRO> 18.764000 -4.751000 6.095000
c<B>r<147>R<PHE> 16.635000 -2.495000 3.785000
c<B>r<148>R<THR> 14.552000 0.721000 4.002000
c<B>r<149>R<VAL> 10.726000 0.828000 4.172000
c<B>r<150>R<SER> 9.735000 3.530000 1.637000
c<B>r<151>R<PRO> 8.617000 6.344000 1.713000
c<B>r<152>R<ARG> 10.475000 8.178000 4.607000
c<B>r<153>R<PRO> 10.298000 10.163000 6.994000
