c<A>r<29>R<LYS> -3.955000 -13.596000 -2.550000
c<A>r<32>R<HIS> -8.244000 -11.621000 -2.787000
c<A>r<33>R<ASN> -6.832000 -8.634000 -0.862000
c<A>r<36>R<ALA> -11.623000 -7.192000 -0.212000
c<A>r<37>R<GLY> -10.377000 -3.596000 -0.243000
c<A>r<38>R<ILE> -7.331000 -4.331000 1.895000
c<A>r<39>R<PHE> -4.844000 -3.425000 -0.841000
c<A>r<40>R<LYS> -5.414000 -0.151000 -2.635000
c<A>r<41>R<ASN> -1.995000 0.565000 -3.928000
c<A>r<63>R<LYS> 11.627000 -9.057000 6.366000
c<A>r<64>R<TYR> 9.325000 -7.685000 3.643000
c<A>r<65>R<ALA> 5.664000 -8.524000 3.742000
c<A>r<66>R<THR> 4.362000 -10.317000 0.654000
c<A>r<67>R<VAL> 1.475000 -12.343000 -0.616000
c<A>r<76>R<MET> 5.048000 -6.933000 -1.990000
c<A>r<77>R<PHE> 2.052000 -4.821000 -1.042000
c<A>r<78>R<ARG> 3.760000 -1.887000 0.820000
c<A>r<79>R<VAL> 5.635000 0.844000 -1.109000
c<A>r<80>R<LYS> 7.982000 1.268000 1.896000
c<A>r<81>R<ASP> 8.970000 -2.416000 1.619000
c<A>r<119>R<TRP> 1.319000 11.227000 0.962000
c<A>r<120>R<LEU> 0.134000 9.387000 4.064000
c<A>r<121>R<ASP> -0.515000 6.059000 2.321000
c<A>r<122>R<ALA> 2.911000 5.829000 0.550000
c<A>r<123>R<THR> 6.419000 6.900000 1.249000
c<B>r<5>R<ASP> 2.763000 12.078000 12.144000
c<B>r<6>R<ILE> 1.708000 8.442000 11.441000
c<B>r<7>R<SER> 5.181000 7.358000 12.423000
c<B>r<18>R<TRP> -6.535000 0.261000 10.563000
c<B>r<22>R<ARG> -11.677000 -0.445000 7.806000
c<B>r<25>R<GLY> -15.800000 1.663000 5.558000
c<B>r<35>R<GLU> -13.790000 5.439000 -0.177000
c<B>r<38>R<ASP> -10.666000 2.658000 2.816000
c<B>r<39>R<ALA> -8.121000 5.250000 1.787000
c<B>r<40>R<SER> -7.508000 5.998000 5.463000
c<B>r<41>R<ALA> -7.101000 2.298000 6.253000
c<B>r<42>R<ALA> -4.563000 2.067000 3.378000
c<B>r<43>R<ALA> -2.395000 4.726000 5.083000
c<B>r<44>R<TRP> -2.271000 2.667000 8.260000
c<B>r<45>R<LEU> -1.518000 -0.521000 6.228000
c<B>r<46>R<GLU> 1.456000 1.247000 4.570000
c<B>r<47>R<ALA> 2.796000 2.185000 8.044000
c<B>r<48>R<SER> 2.310000 -1.274000 9.502000
c<B>r<49>R<ASN> 4.880000 -4.075000 9.813000
c<B>r<50>R<LEU> 2.454000 -6.921000 10.130000
c<B>r<51>R<PRO> 1.916000 -9.643000 7.574000
c<B>r<52>R<ALA> -1.107000 -9.593000 5.313000
c<B>r<53>R<GLU> -2.661000 -12.456000 7.212000
c<B>r<55>R<PHE> -5.208000 -7.811000 8.240000
c<B>r<56>R<GLU> -7.141000 -10.511000 6.555000
c<B>r<59>R<ASP> -11.256000 -8.034000 8.290000
