c<A>r<7>R<GLU> 7.955000 -7.066000 -13.377000
c<A>r<8>R<LEU> 7.555000 -9.345000 -10.415000
c<A>r<9>R<LYS> 4.595000 -9.251000 -8.047000
c<A>r<10>R<VAL> 5.183000 -7.732000 -4.591000
c<A>r<11>R<PRO> 1.844000 -7.538000 -2.692000
c<A>r<12>R<ARG> 3.539000 -6.443000 0.471000
c<A>r<13>R<ASP> 5.388000 -3.158000 -0.075000
c<A>r<14>R<PHE> 8.232000 -2.383000 2.405000
c<A>r<15>R<VAL> 7.581000 1.345000 1.728000
c<A>r<16>R<PRO> 5.029000 2.719000 4.225000
c<A>r<17>R<SER> 2.055000 4.683000 2.856000
c<A>r<18>R<PRO> 0.952000 8.226000 4.021000
c<A>r<19>R<GLY> -1.267000 6.251000 6.474000
c<A>r<20>R<THR> -4.361000 8.476000 5.902000
c<A>r<21>R<PHE> -6.899000 9.035000 3.088000
c<A>r<22>R<HIS> -5.196000 12.301000 2.417000
c<A>r<43>R<VAL> 5.238000 12.161000 5.055000
c<A>r<45>R<ASN> -0.872000 14.948000 6.372000
c<A>r<57>R<ILE> 9.707000 7.903000 8.346000
c<A>r<67>R<ASP> 8.275000 -18.364000 -0.528000
c<A>r<78>R<THR> 9.856000 1.476000 11.540000
c<A>r<79>R<GLN> 10.078000 4.782000 13.407000
c<A>r<80>R<GLN> 8.389000 8.092000 12.828000
c<A>r<321>R<LEU> 5.454000 2.057000 -17.301001
c<A>r<322>R<GLY> 1.881000 2.979000 -18.434000
c<A>r<323>R<ASN> 0.750000 5.491000 -20.973000
c<A>r<325>R<ASP> 0.627000 10.758000 -19.750000
c<A>r<326>R<VAL> 1.470000 8.918000 -16.575001
c<A>r<327>R<PHE> 3.132000 11.232000 -13.981000
c<A>r<352>R<LEU> 3.447000 8.589000 -8.104000
c<A>r<353>R<ASP> 0.393000 10.862000 -8.447000
c<A>r<354>R<ASN> -2.193000 9.536000 -6.040000
c<A>r<355>R<MET> -5.053000 12.054000 -6.182000
c<A>r<356>R<PRO> -7.851000 12.402000 -5.209000
c<A>r<357>R<TYR> -6.626000 10.573000 -2.196000
c<A>r<358>R<SER> -3.048000 11.350000 -1.193000
c<A>r<363>R<ARG> 5.727000 2.664000 -4.182000
c<A>r<364>R<SER> 8.329000 0.027000 -4.774000
c<A>r<365>R<PHE> 8.382000 -2.222000 -7.873000
c<A>r<366>R<LEU> 10.528000 -5.313000 -8.353000
c<A>r<367>R<TYR> 12.059000 -6.357000 -11.738000
c<B>r<8>R<GLU> -8.934000 9.325000 11.122000
c<B>r<9>R<LEU> -5.902000 7.697000 12.618000
c<B>r<10>R<LYS> -2.622000 7.202000 10.764000
c<B>r<11>R<VAL> -1.829000 3.640000 9.626000
c<B>r<12>R<PRO> 1.346000 3.655000 7.463000
c<B>r<13>R<ARG> 1.465000 -0.092000 7.341000
c<B>r<14>R<ASP> -1.696000 -1.458000 5.726000
c<B>r<15>R<PHE> -2.564000 -5.128000 6.505000
c<B>r<16>R<VAL> -4.346000 -5.256000 3.086000
c<B>r<17>R<PRO> -1.939000 -6.444000 0.370000
c<B>r<18>R<SER> -1.702000 -4.371000 -2.838000
c<B>r<19>R<PRO> -2.055000 -5.725000 -6.459000
c<B>r<20>R<GLY> 1.776000 -6.066000 -6.237000
c<B>r<21>R<THR> 2.416000 -4.730000 -9.804000
c<B>r<22>R<PHE> 2.245000 -1.336000 -11.583000
c<B>r<23>R<HIS> -0.837000 -2.589000 -13.249000
c<B>r<24>R<GLY> -3.494000 -4.804000 -11.796000
c<B>r<44>R<VAL> -6.198000 -9.825000 -7.380000
c<B>r<46>R<ASN> -2.808000 -8.728000 -13.273000
c<B>r<58>R<ILE> -5.232000 -13.551000 -1.542000
c<B>r<68>R<ASP> 3.609000 1.598000 19.840000
c<B>r<79>R<THR> -0.398000 -14.462000 3.673000
c<B>r<80>R<GLN> -1.106000 -17.033001 0.965000
c<B>r<81>R<GLN> -1.942000 -16.655001 -2.709000
c<B>r<332>R<LEU> -14.025000 11.306000 2.659000
c<B>r<333>R<GLY> -12.555000 13.678000 -0.018000
c<B>r<334>R<ASN> -14.351000 15.748000 -2.569000
c<B>r<336>R<ASP> -16.051001 13.467000 -7.169000
c<B>r<337>R<VAL> -14.110000 10.827000 -5.278000
c<B>r<338>R<PHE> -14.966000 7.267000 -6.443000
c<B>r<363>R<LEU> -10.535000 2.907000 -4.595000
c<B>r<364>R<ASP> -9.854000 4.062000 -8.176000
c<B>r<365>R<ASN> -6.136000 3.656000 -8.661000
c<B>r<366>R<MET> -5.554000 4.500000 -12.331000
c<B>r<367>R<PRO> -3.292000 4.943000 -14.254000
c<B>r<368>R<TYR> -1.517000 2.358000 -12.225000
c<B>r<369>R<SER> -3.793000 -0.433000 -11.012000
c<B>r<374>R<ARG> -7.049000 0.142000 1.315000
c<B>r<375>R<SER> -7.865000 0.082000 4.992000
c<B>r<376>R<PHE> -8.522000 3.242000 7.049000
c<B>r<377>R<LEU> -8.722000 3.429000 10.837000
c<B>r<378>R<TYR> -11.121000 5.768000 12.752000
