c<A>r<1>R<LYS> 21.223000 3.374000 1.661000
c<A>r<2>R<HIS> 18.705999 3.075000 -1.187000
c<A>r<3>R<ALA> 15.737000 5.248000 -0.314000
c<A>r<4>R<GLY> 13.481000 3.386000 -2.768000
c<A>r<5>R<THR> 11.768000 6.268000 -4.670000
c<A>r<6>R<THR> 9.014000 7.490000 -2.306000
c<A>r<7>R<LEU> 6.431000 6.155000 -4.851000
c<A>r<8>R<GLU> 7.682000 2.685000 -3.606000
c<A>r<9>R<ALA> 6.347000 3.682000 -0.154000
c<A>r<10>R<TYR> 3.041000 3.722000 -2.122000
c<A>r<11>R<ARG> 3.203000 -0.092000 -2.648000
c<A>r<12>R<PHE> -0.283000 -1.435000 -3.194000
c<A>r<13>R<SER> 0.118000 -4.843000 -1.467000
c<A>r<14>R<ALA> 0.939000 -8.207000 -3.177000
c<A>r<15>R<LYS> -2.586000 -9.431000 -2.143000
c<A>r<16>R<LEU> -3.984000 -7.763000 -5.327000
c<A>r<17>R<SER> -2.481000 -10.706000 -7.366000
c<A>r<18>R<GLU> -4.078000 -13.376000 -5.172000
c<A>r<19>R<ALA> -7.412000 -11.622000 -5.917000
c<A>r<20>R<LYS> -6.710000 -11.804000 -9.737000
c<A>r<21>R<ASP> -6.064000 -15.572000 -9.621000
c<A>r<27>R<TYR> -11.530000 -9.265000 -9.263000
c<A>r<28>R<GLU> -13.534000 -6.527000 -11.123000
c<A>r<30>R<PHE> -13.237000 -6.468000 -5.616000
c<A>r<31>R<THR> -11.255000 -3.627000 -7.293000
c<A>r<32>R<LYS> -14.465000 -1.534000 -7.674000
c<A>r<34>R<LEU> -11.497000 -1.358000 -3.030000
c<A>r<35>R<LYS> -11.511000 1.851000 -5.136000
c<A>r<37>R<LEU> -12.415000 2.393000 0.259000
c<A>r<38>R<THR> -9.150000 3.934000 -1.043000
c<A>r<39>R<ASN> -10.970000 7.120000 -2.140000
c<A>r<41>R<LYS> -9.216000 6.932000 3.071000
c<A>r<42>R<LEU> -7.748000 9.698000 0.844000
c<A>r<43>R<ALA> -10.670000 12.047000 1.706000
c<A>r<45>R<GLY> -8.316000 9.388000 6.709000
c<A>r<46>R<ASP> -6.017000 10.483000 9.537000
c<A>r<47>R<SER> -2.181000 10.443000 9.167000
c<A>r<48>R<ASN> -2.297000 6.648000 8.807000
c<A>r<49>R<GLY> -5.305000 6.584000 6.401000
c<A>r<50>R<ASN> -7.665000 5.428000 9.225000
c<A>r<66>R<VAL> -17.132999 -1.067000 2.704000
c<A>r<69>R<LEU> -14.808000 -6.144000 0.825000
c<A>r<70>R<GLN> -14.852000 -8.360000 3.948000
c<A>r<71>R<PRO> -15.570000 -11.700000 2.096000
c<A>r<72>R<TYR> -12.672000 -10.969000 -0.318000
c<A>r<73>R<PHE> -10.301000 -10.158000 2.537000
c<A>r<74>R<ASP> -11.403000 -13.326000 4.424000
c<A>r<75>R<LYS> -10.716000 -15.421000 1.268000
c<A>r<76>R<LEU> -7.339000 -13.683000 0.561000
c<A>r<77>R<ASN> -6.374000 -14.401000 4.212000
c<A>r<96>R<ALA> -14.058000 -3.377000 11.086000
c<A>r<97>R<LEU> -14.912000 0.353000 11.614000
c<A>r<99>R<HIS> -10.870000 -1.003000 15.120000
c<A>r<100>R<GLU> -10.228000 1.763000 12.521000
c<A>r<109>R<THR> -0.242000 1.783000 13.732000
c<A>r<111>R<ALA> -0.964000 -3.399000 18.406000
c<A>r<128>R<ALA> -15.253000 -5.952000 19.118999
c<A>r<129>R<GLU> -12.092000 -7.916000 20.219999
c<A>r<130>R<GLN> -14.257000 -10.390000 22.226999
c<A>r<131>R<PHE> -16.252001 -10.712000 18.969999
c<A>r<132>R<GLU> -13.006000 -12.321000 17.570000
c<A>r<133>R<TYR> -14.935000 -15.591000 17.931000
c<A>r<134>R<VAL> -14.760000 -14.979000 14.120000
c<A>r<135>R<ASP> -11.109000 -16.252001 13.879000
c<B>r<1>R<LYS> -1.878000 -11.644000 16.709000
c<B>r<2>R<HIS> -5.332000 -11.896000 15.124000
c<B>r<3>R<ALA> -8.099000 -9.141000 14.779000
c<B>r<4>R<GLY> -6.968000 -6.552000 12.098000
c<B>r<5>R<THR> -6.070000 -8.661000 9.048000
c<B>r<6>R<THR> -8.629000 -7.493000 6.401000
c<B>r<7>R<LEU> -8.147000 -3.664000 6.120000
c<B>r<8>R<GLU> -4.607000 -3.389000 7.610000
c<B>r<9>R<ALA> -3.081000 -5.107000 4.552000
c<B>r<10>R<TYR> -4.316000 -1.993000 2.610000
c<B>r<11>R<ARG> -2.703000 0.707000 4.793000
c<B>r<12>R<PHE> -2.272000 3.862000 2.783000
c<B>r<13>R<SER> 1.190000 5.227000 3.680000
c<B>r<14>R<ALA> 1.295000 7.189000 6.994000
c<B>r<15>R<LYS> 2.144000 10.498000 5.180000
c<B>r<16>R<LEU> -1.452000 11.547000 4.297000
c<B>r<17>R<SER> -1.812000 13.992000 7.280000
c<B>r<18>R<GLU> 1.603000 15.671000 6.870000
c<B>r<19>R<ALA> 0.402000 16.441999 3.315000
c<B>r<20>R<LYS> -2.776000 18.146000 4.800000
c<B>r<28>R<GLU> -5.727000 18.896000 -3.304000
c<B>r<30>R<PHE> -1.447000 15.528000 -4.217000
c<B>r<31>R<THR> -4.725000 13.690000 -3.385000
c<B>r<32>R<LYS> -5.967000 14.070000 -7.015000
c<B>r<34>R<LEU> -2.562000 9.894000 -5.723000
c<B>r<35>R<LYS> -6.185000 8.927000 -6.570000
c<B>r<37>R<LEU> -2.136000 6.493000 -9.348000
c<B>r<38>R<THR> -4.347000 4.312000 -7.073000
c<B>r<39>R<ASN> -6.924000 3.849000 -9.855000
c<B>r<41>R<LYS> -2.606000 0.410000 -10.112000
c<B>r<42>R<LEU> -6.012000 -1.211000 -9.375000
c<B>r<43>R<ALA> -6.791000 -1.377000 -13.135000
c<B>r<45>R<GLY> -0.941000 -3.163000 -11.854000
c<B>r<46>R<ASP> 0.753000 -6.592000 -11.908000
c<B>r<47>R<SER> 0.946000 -8.894000 -8.857000
c<B>r<48>R<ASN> 3.286000 -6.356000 -7.185000
c<B>r<49>R<GLY> 1.093000 -3.295000 -8.043000
c<B>r<50>R<ASN> 3.554000 -2.175000 -10.817000
c<B>r<69>R<LEU> 3.632000 13.245000 -6.610000
c<B>r<70>R<GLN> 7.385000 12.922000 -6.136000
c<B>r<71>R<PRO> 8.010000 16.540001 -4.844000
c<B>r<72>R<TYR> 5.270000 16.007000 -2.194000
c<B>r<73>R<PHE> 6.811000 12.758000 -1.166000
c<B>r<74>R<ASP> 10.264000 14.441000 -0.936000
c<B>r<76>R<LEU> 7.040000 14.425000 3.466000
c<B>r<77>R<ASN> 10.451000 12.705000 3.970000
c<B>r<94>R<TYR> 13.044000 10.830000 -12.608000
c<B>r<95>R<GLU> 9.193000 10.655000 -12.777000
c<B>r<99>R<HIS> 11.129000 1.895000 -12.890000
c<B>r<100>R<GLU> 7.614000 0.307000 -12.789000
c<B>r<109>R<THR> 10.242000 -6.953000 -5.381000
c<B>r<110>R<GLY> 13.692000 -5.717000 -4.173000
c<B>r<111>R<ALA> 16.759001 -3.926000 -5.535000
c<B>r<132>R<GLU> 20.552999 8.541000 -7.927000
c<B>r<134>R<VAL> 18.746000 12.892000 -6.285000
c<B>r<135>R<ASP> 19.632000 11.272000 -2.876000
