c<A>r<7>R<ARG> 15.403000 16.634001 -35.895000
c<A>r<8>R<GLN> 13.830000 18.044001 -32.730000
c<A>r<9>R<LEU> 15.960000 16.511000 -29.965000
c<A>r<10>R<PRO> 14.255000 15.742000 -26.608000
c<A>r<11>R<VAL> 15.027000 17.997000 -23.599001
c<A>r<12>R<GLY> 15.544000 16.694000 -20.073999
c<A>r<13>R<GLU> 12.526000 17.420000 -17.879000
c<A>r<14>R<GLN> 11.144000 16.344000 -14.509000
c<A>r<15>R<LEU> 8.814000 13.346000 -14.694000
c<A>r<16>R<PRO> 5.067000 14.281000 -14.993000
c<A>r<17>R<LEU> 3.337000 14.090000 -11.569000
c<A>r<18>R<SER> 0.764000 11.584000 -12.923000
c<A>r<19>R<ARG> 3.688000 9.293000 -13.766000
c<A>r<20>R<LEU> 5.557000 9.678000 -10.434000
c<A>r<21>R<LEU> 2.295000 8.714000 -8.646000
c<A>r<22>R<GLN> 1.968000 5.493000 -10.764000
c<A>r<23>R<TYR> 5.112000 4.166000 -9.014000
c<A>r<24>R<SER> 3.453000 4.752000 -5.615000
c<A>r<25>R<ASP> 1.560000 1.960000 -3.816000
c<A>r<26>R<LYS> -1.951000 2.379000 -2.262000
c<A>r<27>R<GLN> -0.455000 3.104000 1.205000
c<A>r<28>R<GLN> 1.941000 5.791000 -0.121000
c<A>r<29>R<LEU> -0.900000 7.481000 -2.102000
c<A>r<30>R<PHE> -3.136000 7.277000 1.008000
c<A>r<31>R<THR> -0.412000 8.833000 3.224000
c<A>r<32>R<ILE> 0.422000 11.625000 0.714000
c<A>r<33>R<LEU> -3.275000 12.509000 0.287000
c<A>r<34>R<LEU> -3.747000 12.741000 4.099000
c<A>r<35>R<GLN> -0.640000 14.985000 4.420000
c<A>r<36>R<CYS> -2.047000 17.197001 1.605000
c<A>r<37>R<VAL> -5.399000 17.507000 3.495000
c<A>r<39>R<LYS> -1.698000 21.083000 5.040000
c<A>r<40>R<HIS> -4.747000 22.284000 3.005000
c<A>r<43>R<LEU> -9.251000 19.820000 0.053000
c<A>r<44>R<ALA> -11.244000 17.697001 2.552000
c<A>r<45>R<ARG> -14.516000 19.194000 1.175000
c<A>r<46>R<ASP> -13.544000 18.643999 -2.479000
c<A>r<47>R<ILE> -12.355000 15.036000 -1.854000
c<A>r<48>R<ARG> -15.599000 14.210000 0.079000
c<A>r<50>R<ILE> -15.708000 12.988000 -5.267000
c<A>r<51>R<LEU> -15.692000 9.931000 -2.947000
c<A>r<52>R<PRO> -18.650000 7.505000 -3.097000
c<A>r<53>R<ALA> -20.611000 7.030000 0.125000
c<A>r<54>R<PRO> -19.518999 3.833000 1.978000
c<A>r<55>R<SER> -21.511999 0.909000 0.489000
c<A>r<57>R<THR> -17.851999 -2.384000 1.555000
c<A>r<58>R<CYS> -17.924000 -1.421000 5.306000
c<A>r<61>R<THR> -14.133000 -4.830000 5.535000
c<A>r<96>R<HIS> -10.814000 0.718000 14.887000
c<A>r<97>R<ALA> -13.183000 -0.306000 12.045000
c<A>r<99>R<ASN> -15.537000 3.381000 15.008000
c<A>r<100>R<ASP> -17.340000 3.587000 11.608000
c<A>r<101>R<VAL> -20.691000 2.894000 13.472000
c<A>r<102>R<PRO> -21.513000 6.685000 13.821000
c<A>r<103>R<CYS> -22.007999 6.937000 10.000000
c<A>r<104>R<TYR> -25.146999 4.726000 10.432000
c<A>r<105>R<LEU> -26.568001 6.751000 13.391000
c<A>r<106>R<PRO> -28.975000 9.745000 13.611000
c<A>r<107>R<PRO> -28.851000 12.656000 12.839000
c<A>r<108>R<TYR> -26.424999 11.760000 9.986000
c<A>r<109>R<SER> -28.212000 8.580000 8.732000
c<A>r<110>R<THR> -32.058998 8.743000 8.688000
c<A>r<146>R<TYR> -21.493000 -1.204000 25.570999
c<A>r<147>R<GLU> -21.007999 1.200000 22.591999
c<A>r<148>R<LEU> -23.194000 -0.938000 20.259001
c<A>r<149>R<THR> -25.962999 -0.961000 22.938000
c<A>r<150>R<GLY> -25.841999 2.878000 22.809000
c<A>r<151>R<ALA> -25.888000 2.808000 18.965000
c<A>r<152>R<TRP> -28.971001 0.487000 18.899000
c<A>r<153>R<LEU> -30.788000 2.811000 21.381001
c<A>r<154>R<VAL> -30.197001 5.910000 19.157000
c<A>r<155>R<VAL> -31.326000 4.044000 15.990000
c<B>r<7>R<ARG> -25.341999 6.907000 29.472000
c<B>r<8>R<GLN> -23.903000 9.333000 26.929001
c<B>r<9>R<LEU> -25.486000 8.143000 23.676001
c<B>r<10>R<PRO> -23.431999 8.221000 20.436001
c<B>r<11>R<VAL> -24.275000 10.883000 17.808001
c<B>r<12>R<GLY> -24.339001 10.179000 14.081000
c<B>r<13>R<GLU> -21.353001 11.680000 12.276000
c<B>r<14>R<GLN> -19.707001 11.667000 8.857000
c<B>r<15>R<LEU> -17.047001 9.006000 8.441000
c<B>r<16>R<PRO> -13.486000 10.433000 8.942000
c<B>r<17>R<LEU> -11.804000 11.261000 5.593000
c<B>r<18>R<SER> -8.906000 8.883000 6.452000
c<B>r<19>R<ARG> -11.449000 6.050000 6.689000
c<B>r<20>R<LEU> -13.279000 6.924000 3.422000
c<B>r<21>R<LEU> -9.882000 6.912000 1.625000
c<B>r<22>R<GLN> -9.036000 3.508000 3.188000
c<B>r<23>R<TYR> -12.038000 2.005000 1.307000
c<B>r<24>R<SER> -10.747000 3.456000 -1.986000
c<B>r<25>R<ASP> -8.591000 1.356000 -4.345000
c<B>r<26>R<LYS> -5.172000 2.486000 -5.747000
c<B>r<27>R<GLN> -6.750000 3.848000 -8.998000
c<B>r<28>R<GLN> -9.434000 5.827000 -7.117000
c<B>r<29>R<LEU> -6.790000 7.394000 -4.794000
c<B>r<30>R<PHE> -4.571000 8.107000 -7.836000
c<B>r<31>R<THR> -7.480000 9.764000 -9.745000
c<B>r<32>R<ILE> -8.541000 11.861000 -6.701000
c<B>r<33>R<LEU> -4.958000 13.077000 -6.147000
c<B>r<34>R<LEU> -4.709000 14.159000 -9.828000
c<B>r<35>R<GLN> -8.095000 15.965000 -9.657000
c<B>r<36>R<CYS> -6.876000 17.764000 -6.484000
c<B>r<37>R<VAL> -3.662000 18.858999 -8.312000
c<B>r<39>R<LYS> -7.805000 22.231001 -9.090000
c<B>r<40>R<HIS> -4.861000 23.336000 -6.876000
c<B>r<43>R<LEU> -0.094000 20.923000 -4.452000
c<B>r<44>R<ALA> 2.083000 19.596001 -7.319000
c<B>r<45>R<ARG> 5.192000 21.096001 -5.614000
c<B>r<46>R<ASP> 4.232000 19.757999 -2.159000
c<B>r<47>R<ILE> 3.549000 16.214001 -3.496000
c<B>r<48>R<ARG> 6.894000 16.215000 -5.432000
c<B>r<50>R<ILE> 7.189000 13.930000 -0.486000
c<B>r<51>R<LEU> 7.657000 11.529000 -3.444000
c<B>r<52>R<PRO> 10.940000 9.598000 -3.876000
c<B>r<53>R<ALA> 13.061000 10.506000 -6.908000
c<B>r<54>R<PRO> 12.703000 8.073000 -9.889000
c<B>r<55>R<SER> 15.013000 5.150000 -8.999000
c<B>r<57>R<THR> 12.230000 1.078000 -10.251000
c<B>r<58>R<CYS> 11.622000 2.704000 -13.703000
c<B>r<61>R<THR> 8.531000 -1.199000 -14.384000
c<B>r<96>R<HIS> 3.515000 5.164000 -22.316000
c<B>r<97>R<ALA> 6.275000 4.268000 -19.794001
c<B>r<99>R<ASN> 7.683000 8.898000 -21.829000
c<B>r<100>R<ASP> 9.878000 8.629000 -18.677000
c<B>r<101>R<VAL> 13.048000 8.965000 -20.889000
c<B>r<102>R<PRO> 13.191000 12.834000 -20.475000
c<B>r<103>R<CYS> 13.834000 12.427000 -16.687000
c<B>r<104>R<TYR> 17.179001 10.732000 -17.608999
c<B>r<105>R<LEU> 18.219000 13.539000 -20.042000
c<B>r<106>R<PRO> 20.082001 16.863001 -19.523001
c<B>r<107>R<PRO> 19.731001 19.500000 -18.235001
c<B>r<108>R<TYR> 17.507000 17.660999 -15.671000
c<B>r<109>R<SER> 19.771000 14.566000 -15.201000
c<B>r<110>R<THR> 23.549999 15.291000 -15.240000
c<B>r<146>R<TYR> 13.224000 7.374000 -33.160999
c<B>r<147>R<GLU> 12.719000 9.040000 -29.730000
c<B>r<148>R<LEU> 15.412000 6.838000 -28.090000
c<B>r<149>R<THR> 17.881001 7.717000 -30.923000
c<B>r<150>R<GLY> 17.233999 11.411000 -30.091000
c<B>r<151>R<ALA> 17.716000 10.670000 -26.354000
c<B>r<152>R<TRP> 21.056000 8.841000 -27.000999
c<B>r<153>R<LEU> 22.301001 11.833000 -29.087000
c<B>r<154>R<VAL> 21.378000 14.280000 -26.250999
c<B>r<155>R<VAL> 23.253000 12.228000 -23.587000
