c<A>r<7>R<ARG> 4.291000 -21.976000 31.454000
c<A>r<8>R<GLN> 4.129000 -22.386000 27.716999
c<A>r<9>R<LEU> 7.418000 -20.757000 26.716000
c<A>r<10>R<PRO> 7.372000 -18.702000 23.521999
c<A>r<11>R<VAL> 9.233000 -20.016001 20.517000
c<A>r<12>R<GLY> 11.409000 -17.702999 18.548000
c<A>r<13>R<GLU> 10.313000 -17.177000 14.934000
c<A>r<14>R<GLN> 10.760000 -14.821000 12.047000
c<A>r<15>R<LEU> 8.461000 -11.740000 11.948000
c<A>r<16>R<PRO> 5.149000 -12.620000 10.505000
c<A>r<17>R<LEU> 4.844000 -11.350000 7.018000
c<A>r<18>R<SER> 1.858000 -9.319000 8.008000
c<A>r<19>R<ARG> 3.947000 -7.427000 10.477000
c<A>r<20>R<LEU> 6.778000 -7.002000 8.125000
c<A>r<21>R<LEU> 4.462000 -5.515000 5.514000
c<A>r<22>R<GLN> 3.179000 -2.963000 8.011000
c<A>r<23>R<TYR> 6.522000 -1.184000 7.876000
c<A>r<24>R<SER> 6.028000 -0.583000 4.184000
c<A>r<25>R<ASP> 4.492000 2.569000 2.751000
c<A>r<26>R<LYS> 1.695000 2.622000 0.174000
c<A>r<27>R<GLN> 3.973000 2.927000 -2.738000
c<A>r<28>R<GLN> 6.124000 -0.033000 -1.686000
c<A>r<29>R<LEU> 3.065000 -2.234000 -1.210000
c<A>r<30>R<PHE> 1.773000 -1.033000 -4.589000
c<A>r<31>R<THR> 4.950000 -2.052000 -6.341000
c<A>r<32>R<ILE> 5.173000 -5.456000 -4.527000
c<A>r<33>R<LEU> 1.604000 -6.233000 -5.386000
c<A>r<34>R<LEU> 2.175000 -5.534000 -9.093000
c<A>r<35>R<GLN> 5.184000 -7.809000 -9.025000
c<A>r<36>R<CYS> 3.090000 -10.529000 -7.544000
c<A>r<37>R<VAL> 0.623000 -10.195000 -10.386000
c<A>r<39>R<LYS> 4.558000 -13.741000 -11.428000
c<A>r<40>R<HIS> 1.034000 -15.079000 -10.952000
c<A>r<43>R<LEU> -4.108000 -12.913000 -9.241000
c<A>r<44>R<ALA> -5.146000 -10.016000 -11.533000
c<A>r<45>R<ARG> -8.584000 -11.392000 -11.943000
c<A>r<46>R<ASP> -9.014000 -11.830000 -8.193000
c<A>r<47>R<ILE> -7.876000 -8.401000 -7.409000
c<A>r<48>R<ARG> -10.043000 -6.726000 -10.095000
c<A>r<50>R<ILE> -12.372000 -6.971000 -5.204000
c<A>r<51>R<LEU> -11.682000 -3.484000 -6.265000
c<A>r<52>R<PRO> -14.568000 -1.049000 -6.885000
c<A>r<53>R<ALA> -14.874000 0.148000 -10.438000
c<A>r<54>R<PRO> -13.942000 3.815000 -10.751000
c<A>r<57>R<THR> -15.050000 9.327000 -9.329000
c<A>r<61>R<THR> -10.315000 12.942000 -9.699000
c<A>r<96>R<HIS> -1.522000 10.535000 -16.410000
c<A>r<97>R<ALA> -5.085000 10.700000 -15.317000
c<A>r<99>R<ASN> -4.913000 7.522000 -19.287001
c<A>r<100>R<ASP> -8.281000 6.506000 -18.004999
c<A>r<101>R<VAL> -9.928000 7.679000 -21.281000
c<A>r<102>R<PRO> -9.802000 4.175000 -22.874001
c<A>r<103>R<CYS> -12.261000 3.009000 -20.099001
c<A>r<104>R<TYR> -14.889000 5.097000 -21.854000
c<A>r<105>R<LEU> -14.187000 3.999000 -25.406000
c<A>r<106>R<PRO> -15.523000 1.107000 -27.462999
c<A>r<107>R<PRO> -15.420000 -1.966000 -27.407000
c<A>r<108>R<TYR> -14.947000 -1.741000 -23.593000
c<A>r<109>R<SER> -17.625999 0.911000 -23.153999
c<A>r<110>R<THR> -20.493999 0.841000 -25.554001
c<A>r<146>R<TYR> -4.601000 15.058000 -30.273001
c<A>r<147>R<GLU> -5.314000 11.982000 -28.172001
c<A>r<148>R<LEU> -8.758000 13.237000 -27.170000
c<A>r<149>R<THR> -9.589000 13.878000 -30.784000
c<A>r<150>R<GLY> -8.901000 10.265000 -31.509001
c<A>r<151>R<ALA> -11.019000 9.239000 -28.524000
c<A>r<152>R<TRP> -13.993000 11.309000 -29.815001
c<A>r<153>R<LEU> -13.618000 9.753000 -33.243999
c<A>r<154>R<VAL> -13.804000 6.245000 -31.907000
c<A>r<155>R<VAL> -16.888000 6.971000 -29.874001
c<B>r<8>R<ARG> -4.347000 8.333000 -37.210999
c<B>r<9>R<GLN> -3.993000 5.323000 -35.002998
c<B>r<10>R<LEU> -7.309000 5.411000 -33.165001
c<B>r<11>R<PRO> -7.273000 4.396000 -29.500999
c<B>r<12>R<VAL> -8.940000 1.149000 -28.510000
c<B>r<13>R<GLY> -11.168000 1.074000 -25.511999
c<B>r<14>R<GLU> -9.976000 -1.205000 -22.679001
c<B>r<15>R<GLN> -10.434000 -1.832000 -19.000000
c<B>r<16>R<LEU> -8.294000 0.307000 -16.601999
c<B>r<17>R<PRO> -4.913000 -1.145000 -16.188999
c<B>r<18>R<LEU> -4.603000 -2.859000 -12.890000
c<B>r<19>R<SER> -1.814000 -0.565000 -11.947000
c<B>r<20>R<ARG> -4.103000 2.394000 -12.262000
c<B>r<21>R<LEU> -6.899000 0.730000 -10.460000
c<B>r<22>R<LEU> -4.620000 -0.070000 -7.527000
c<B>r<23>R<GLN> -3.591000 3.568000 -7.237000
c<B>r<24>R<TYR> -7.049000 4.436000 -5.943000
c<B>r<25>R<SER> -6.503000 2.094000 -3.029000
c<B>r<26>R<ASP> -5.158000 3.238000 0.324000
c<B>r<27>R<LYS> -2.286000 1.551000 2.177000
c<B>r<28>R<GLN> -4.502000 -0.557000 4.286000
c<B>r<29>R<GLN> -6.483000 -1.897000 1.314000
c<B>r<30>R<LEU> -3.302000 -2.800000 -0.554000
c<B>r<31>R<PHE> -1.970000 -4.433000 2.632000
c<B>r<32>R<THR> -5.023000 -6.629000 2.955000
c<B>r<33>R<ILE> -5.072000 -7.560000 -0.795000
c<B>r<34>R<LEU> -1.447000 -8.475000 -0.688000
c<B>r<35>R<LEU> -1.935000 -10.788000 2.305000
c<B>r<36>R<GLN> -4.767000 -12.484000 0.473000
c<B>r<37>R<CYS> -2.541000 -13.034000 -2.474000
c<B>r<38>R<VAL> -0.003000 -14.745000 -0.255000
c<B>r<40>R<LYS> -3.640000 -18.156000 -2.317000
c<B>r<41>R<HIS> -0.074000 -18.452999 -3.535000
c<B>r<44>R<LEU> 4.861000 -15.383000 -2.896000
c<B>r<45>R<ALA> 5.788000 -15.084000 0.814000
c<B>r<46>R<ARG> 9.309000 -16.058001 0.168000
c<B>r<47>R<ASP> 9.633000 -13.541000 -2.675000
c<B>r<48>R<ILE> 8.260000 -10.754000 -0.679000
c<B>r<49>R<ARG> 10.397000 -11.478000 2.407000
c<B>r<51>R<ILE> 12.622000 -7.864000 -0.986000
c<B>r<52>R<LEU> 11.673000 -6.343000 2.266000
c<B>r<53>R<PRO> 14.377000 -4.948000 4.604000
c<B>r<54>R<ALA> 14.598000 -6.686000 7.923000
c<B>r<55>R<PRO> 13.538000 -4.398000 10.751000
c<B>r<58>R<THR> 14.119000 -0.013000 13.961000
c<B>r<62>R<THR> 9.267000 1.821000 16.805000
c<B>r<97>R<HIS> 0.871000 -5.303000 19.259001
c<B>r<98>R<ALA> 4.388000 -4.147000 18.728001
c<B>r<100>R<ASN> 4.585000 -9.218000 18.962000
c<B>r<101>R<ASP> 7.991000 -8.714000 17.497000
c<B>r<102>R<VAL> 9.611000 -10.269000 20.628000
c<B>r<103>R<PRO> 9.768000 -13.800000 19.080999
c<B>r<104>R<CYS> 12.242000 -12.346000 16.451000
c<B>r<105>R<TYR> 14.758000 -12.109000 19.281000
c<B>r<106>R<LEU> 14.203000 -15.519000 20.789000
c<B>r<107>R<PRO> 15.768000 -18.888000 20.058001
c<B>r<108>R<PRO> 15.879000 -20.903000 17.736000
c<B>r<109>R<TYR> 15.324000 -17.938000 15.351000
c<B>r<110>R<SER> 17.806000 -15.683000 17.127001
c<B>r<111>R<THR> 20.712000 -17.348000 18.805000
c<B>r<147>R<TYR> 3.983000 -12.375000 31.921000
c<B>r<148>R<GLU> 4.858000 -12.818000 28.259001
c<B>r<149>R<LEU> 8.197000 -11.021000 28.632000
c<B>r<150>R<THR> 9.059000 -13.231000 31.572001
c<B>r<151>R<GLY> 8.637000 -16.216999 29.340000
c<B>r<152>R<ALA> 10.750000 -14.544000 26.659000
c<B>r<153>R<TRP> 13.614000 -13.956000 29.174000
c<B>r<154>R<LEU> 13.399000 -17.559000 30.294001
c<B>r<155>R<VAL> 13.800000 -18.889000 26.792999
c<B>r<156>R<VAL> 16.785000 -16.709999 26.080999
