c<C>r<2>R<MET> 1.747000 8.981000 12.893000
c<C>r<3>R<ASP> 0.995000 5.481000 13.351000
c<C>r<44>R<GLU> -9.390000 11.983000 -10.478000
c<C>r<45>R<ILE> -11.520000 10.326000 -7.907000
c<C>r<48>R<SER> -10.712000 5.950000 -10.374000
c<C>r<49>R<VAL> -13.604000 4.959000 -8.109000
c<C>r<73>R<VAL> -9.128000 1.532000 -0.228000
c<C>r<74>R<LEU> -7.601000 4.548000 -1.861000
c<C>r<75>R<THR> -4.660000 6.343000 -0.363000
c<C>r<76>R<ASP> -4.324000 10.036000 -0.434000
c<C>r<77>R<ILE> -1.293000 12.299000 -0.666000
c<C>r<78>R<GLU> -0.757000 12.078000 3.077000
c<C>r<79>R<SER> -0.875000 8.361000 2.965000
c<C>r<80>R<LYS> -4.211000 8.275000 4.597000
c<C>r<81>R<GLN> -6.701000 5.637000 3.644000
c<C>r<82>R<ARG> -10.014000 6.425000 1.962000
c<C>r<187>R<HIS> 8.423000 -10.017000 7.666000
c<C>r<188>R<GLU> 6.800000 -7.266000 5.473000
c<C>r<189>R<ARG> 6.580000 -9.508000 2.442000
c<C>r<190>R<ARG> 4.877000 -8.858000 -0.843000
c<C>r<218>R<GLN> 2.691000 0.629000 6.649000
c<C>r<219>R<HIS> 3.382000 -0.334000 3.067000
c<C>r<220>R<ILE> 1.253000 -0.674000 -0.079000
c<C>r<221>R<TYR> -2.221000 -1.594000 0.965000
c<C>r<222>R<ILE> -4.734000 -2.393000 -1.838000
c<C>r<225>R<LEU> -6.698000 -4.394000 -7.274000
c<C>r<228>R<HIS> -5.845000 -1.797000 -15.266000
c<C>r<229>R<LEU> -3.488000 -1.723000 -12.204000
c<C>r<231>R<ASP> 1.421000 -4.060000 -13.017000
c<C>r<232>R<TYR> 1.538000 -2.902000 -9.423000
c<C>r<234>R<CYS> 5.495000 -6.083000 -9.643000
c<C>r<235>R<ALA> 6.356000 -3.505000 -7.091000
c<C>r<236>R<PRO> 9.659000 -4.198000 -5.337000
c<C>r<237>R<MET> 8.337000 -2.806000 -2.064000
c<C>r<238>R<PRO> 6.313000 -4.721000 0.608000
c<C>r<256>R<LEU> 6.478000 -11.793000 -9.991000
c<C>r<257>R<GLU> 9.351000 -12.852000 -7.869000
c<C>r<258>R<ASP> 9.343000 -13.742000 -4.195000
c<C>r<343>R<THR> 14.677000 -8.638000 11.864000
c<C>r<345>R<ILE> 13.943000 -3.760000 14.320000
c<C>r<346>R<ASN> 14.028000 -3.283000 10.581000
c<C>r<347>R<LEU> 10.345000 -3.520000 9.988000
c<C>r<348>R<GLN> 8.601000 -0.247000 9.021000
c<C>r<349>R<LEU> 5.518000 -1.346000 11.031000
c<C>r<351>R<LYS> 9.507000 1.521000 13.595000
c<C>r<352>R<GLN> 6.348000 3.453000 13.137000
c<D>r<7>R<LYS> 13.267000 -2.039000 -12.447000
c<D>r<8>R<LEU> 14.462000 1.244000 -10.926000
c<D>r<9>R<LEU> 13.842000 2.522000 -7.469000
c<D>r<32>R<SER> -0.621000 6.391000 -15.698000
c<D>r<34>R<ILE> -2.239000 6.957000 -10.116000
c<D>r<35>R<THR> -2.022000 8.958000 -7.051000
c<D>r<36>R<THR> -4.902000 7.288000 -5.389000
c<D>r<37>R<ILE> -3.182000 4.095000 -4.485000
c<D>r<38>R<GLY> -0.223000 5.582000 -2.687000
c<D>r<39>R<VAL> 2.418000 4.352000 -5.157000
c<D>r<40>R<ASP> 4.007000 6.031000 -8.122000
c<D>r<41>R<PHE> 5.011000 3.958000 -10.983000
c<D>r<43>R<ILE> 6.975000 2.880000 -17.486000
c<D>r<56>R<GLN> 9.826000 0.417000 -14.598000
c<D>r<57>R<ILE> 10.491000 3.262000 -12.169000
c<D>r<58>R<TRP> 9.009000 2.973000 -8.690000
c<D>r<59>R<ASP> 8.590000 5.601000 -6.116000
c<D>r<60>R<THR> 7.135000 4.917000 -2.515000
c<D>r<61>R<ALA> 4.738000 7.808000 -2.539000
c<D>r<62>R<GLY> 5.297000 9.621000 0.555000
c<D>r<63>R<GLN> 5.862000 8.033000 2.919000
c<D>r<64>R<GLU> 8.443000 9.520000 4.805000
c<D>r<65>R<ARG> 8.043000 7.168000 6.844000
c<D>r<66>R<PHE> 9.882000 4.634000 4.952000
c<D>r<67>R<ARG> 13.056000 4.658000 6.472000
c<D>r<68>R<THR> 13.680000 1.035000 6.270000
c<D>r<69>R<ILE> 14.154000 -0.679000 3.202000
c<D>r<70>R<THR> 14.218000 -4.177000 3.871000
c<D>r<71>R<SER> 16.497999 -6.314000 2.100000
c<D>r<72>R<THR> 13.681000 -7.519000 0.451000
c<D>r<73>R<TYR> 13.103000 -4.450000 -1.113000
c<D>r<74>R<TYR> 15.909000 -4.469000 -3.202000
c<D>r<75>R<ARG> 15.658000 -7.836000 -4.510000
c<D>r<76>R<GLY> 14.717000 -7.533000 -7.955000
c<D>r<77>R<THR> 15.809000 -3.957000 -8.358000
