c<A>r<1>R<MET> -2.652000 0.291000 2.397000
c<A>r<2>R<ILE> -0.827000 -2.215000 0.366000
c<A>r<3>R<ILE> 0.796000 -1.620000 -3.023000
c<A>r<4>R<SER> 2.358000 -4.438000 -5.018000
c<A>r<5>R<SER> 2.389000 -6.152000 -8.434000
c<A>r<6>R<LEU> 0.930000 -9.523000 -9.381000
c<A>r<7>R<THR> 4.136000 -10.036000 -11.372000
c<A>r<8>R<ASN> 6.373000 -9.652000 -8.310000
c<A>r<9>R<PRO> 7.507000 -13.147000 -7.344000
c<A>r<10>R<ASN> 7.279000 -12.115000 -3.694000
c<A>r<11>R<PHE> 3.984000 -10.236000 -3.740000
c<A>r<13>R<VAL> 5.050000 -11.886000 1.466000
c<A>r<14>R<GLY> 3.313000 -10.127000 4.346000
c<A>r<15>R<LEU> -0.144000 -10.296000 2.682000
c<A>r<16>R<PRO> -3.219000 -11.422000 4.609000
c<A>r<17>R<LYS> -4.035000 -14.985000 3.599000
c<A>r<19>R<ILE> -5.849000 -11.344000 -0.152000
c<A>r<80>R<ASN> -3.269000 7.632000 -10.985000
c<A>r<83>R<VAL> -4.647000 8.130000 -1.589000
c<A>r<84>R<GLY> -4.540000 8.925000 2.175000
c<A>r<85>R<ALA> -2.854000 6.937000 4.865000
c<A>r<86>R<THR> -3.951000 9.145000 7.754000
c<A>r<87>R<TYR> -7.357000 8.450000 9.363000
c<A>r<88>R<PRO> -9.897000 10.687000 7.548000
c<A>r<110>R<ASP> -2.161000 14.314000 3.480000
c<A>r<111>R<LYS> -2.710000 12.790000 0.109000
c<A>r<112>R<PHE> -0.099000 11.405000 -2.278000
c<A>r<113>R<THR> -0.532000 9.837000 -5.719000
c<A>r<114>R<VAL> -0.086000 6.198000 -6.550000
c<A>r<115>R<THR> 0.695000 5.625000 -10.226000
c<A>r<116>R<MET> -0.577000 2.182000 -11.193000
c<A>r<117>R<LYS> 0.877000 0.144000 -14.113000
c<A>r<118>R<PRO> -0.618000 -3.093000 -15.504000
c<A>r<119>R<LYS> -0.641000 -5.940000 -12.918000
c<A>r<120>R<MET> -0.020000 -3.580000 -10.032000
c<A>r<121>R<PHE> -2.578000 -3.921000 -7.246000
c<A>r<122>R<ALA> -3.530000 -1.598000 -4.385000
c<A>r<123>R<VAL> -5.329000 -2.634000 -1.247000
c<A>r<125>R<TYR> -8.644000 -1.081000 4.014000
c<A>r<126>R<PRO> -11.811000 0.423000 5.566000
c<A>r<127>R<TYR> -11.406000 4.155000 6.115000
c<A>r<128>R<GLU> -8.451000 4.464000 3.755000
c<A>r<147>R<VAL> -12.815000 -6.767000 6.397000
c<A>r<149>R<LEU> -12.085000 -11.997000 6.670000
c<A>r<150>R<ILE> -8.788000 -10.348000 7.419000
c<D>r<1>R<MET> 4.807000 -2.289000 0.310000
c<D>r<2>R<ILE> 2.741000 -1.092000 3.151000
c<D>r<3>R<ILE> 1.868000 2.503000 3.858000
c<D>r<4>R<SER> -0.035000 3.537000 6.996000
c<D>r<5>R<SER> 0.016000 5.918000 9.991000
c<D>r<6>R<LEU> 0.702000 5.092000 13.614000
c<D>r<7>R<THR> -2.142000 7.487000 14.402000
c<D>r<8>R<ASN> -4.694000 5.444000 12.428000
c<D>r<9>R<PRO> -6.739000 3.452000 14.917000
c<D>r<10>R<ASN> -6.821000 0.591000 12.451000
c<D>r<11>R<PHE> -3.197000 0.586000 11.303000
c<D>r<13>R<VAL> -5.393000 -4.435000 10.342000
c<D>r<14>R<GLY> -3.739000 -6.749000 7.823000
c<D>r<15>R<LEU> -0.229000 -6.161000 9.207000
c<D>r<16>R<PRO> 2.157000 -9.036000 9.839000
c<D>r<17>R<LYS> 2.251000 -9.755000 13.558000
c<D>r<19>R<ILE> 5.425000 -5.445000 12.239000
c<D>r<72>R<ASN> 9.121000 12.307000 -0.258000
c<D>r<75>R<VAL> 9.160000 3.896000 -4.597000
c<D>r<76>R<GLY> 8.630000 0.934000 -6.980000
c<D>r<77>R<ALA> 6.135000 -1.872000 -6.688000
c<D>r<78>R<THR> 7.292000 -3.865000 -9.711000
c<D>r<79>R<TYR> 10.134000 -6.349000 -9.306000
c<D>r<80>R<PRO> 13.360000 -4.442000 -10.146000
c<D>r<102>R<ASP> 7.493000 2.474000 -12.642000
c<D>r<103>R<LYS> 8.206000 4.740000 -9.769000
c<D>r<104>R<PHE> 5.723000 6.901000 -7.889000
c<D>r<105>R<THR> 6.284000 9.206000 -4.902000
c<D>r<106>R<VAL> 5.049000 8.537000 -1.404000
c<D>r<107>R<THR> 4.725000 11.746000 0.603000
c<D>r<108>R<MET> 5.206000 10.914000 4.258000
c<D>r<109>R<LYS> 3.807000 13.040000 7.138000
c<D>r<110>R<PRO> 4.700000 12.634000 10.851000
c<D>r<111>R<LYS> 3.645000 9.194000 12.228000
c<D>r<112>R<MET> 3.169000 7.738000 8.783000
c<D>r<113>R<PHE> 5.139000 4.535000 8.277000
c<D>r<114>R<ALA> 6.203000 2.658000 5.138000
c<D>r<115>R<VAL> 7.159000 -0.951000 4.959000
c<D>r<117>R<TYR> 9.895000 -5.766000 1.700000
c<D>r<118>R<PRO> 13.055000 -7.291000 0.121000
c<D>r<119>R<TYR> 13.430000 -6.208000 -3.479000
c<D>r<120>R<GLU> 11.029000 -3.264000 -3.133000
c<D>r<137>R<VAL> 12.128000 -11.168000 6.297000
c<D>r<138>R<LYS> 12.165000 -14.685000 7.806000
c<D>r<139>R<LEU> 10.203000 -13.315000 10.724000
c<D>r<140>R<ILE> 7.328000 -12.510000 8.429000
