c<A>r<46>R<TRP> -4.553000 5.144000 -10.895000
c<A>r<47>R<THR> -1.550000 6.515000 -8.893000
c<A>r<48>R<THR> 0.999000 8.147000 -11.247000
c<A>r<49>R<ASP> 3.690000 10.837000 -11.276000
c<A>r<50>R<SER> 1.304000 13.030000 -13.395000
c<A>r<51>R<GLY> -1.638000 12.658000 -10.922000
c<A>r<54>R<ILE> -2.965000 5.482000 -16.989000
c<A>r<55>R<ALA> -6.195000 3.760000 -18.143000
c<A>r<56>R<ILE> -5.998000 1.280000 -21.073999
c<A>r<57>R<ARG> -9.474000 0.929000 -22.670000
c<A>r<61>R<LYS> -5.522000 -2.565000 -26.184999
c<A>r<62>R<LEU> -5.138000 -4.474000 -22.892000
c<A>r<63>R<GLY> -3.578000 -7.231000 -25.094000
c<A>r<64>R<GLU> -1.109000 -4.704000 -26.643000
c<A>r<65>R<HIS> -0.359000 -3.449000 -23.084000
c<A>r<66>R<ALA> 0.356000 -7.060000 -21.962999
c<A>r<67>R<VAL> 3.185000 -7.237000 -24.605000
c<A>r<68>R<TRP> 4.711000 -3.897000 -23.462999
c<A>r<69>R<SER> 4.221000 -4.869000 -19.775999
c<A>r<72>R<CYS> 9.200000 -3.766000 -19.188999
c<A>r<83>R<ILE> -8.591000 -10.791000 -1.725000
c<A>r<84>R<PHE> -11.451000 -8.829000 -0.091000
c<A>r<85>R<GLU> -15.015000 -9.725000 -1.117000
c<A>r<86>R<THR> -17.215000 -6.623000 -0.738000
c<A>r<87>R<GLN> -20.943001 -6.250000 0.003000
c<A>r<88>R<ASP> -21.266001 -6.130000 -3.850000
c<A>r<91>R<TRP> -16.683001 -5.538000 -6.576000
c<A>r<92>R<PHE> -13.418000 -6.844000 -5.069000
c<A>r<93>R<TRP> -10.390000 -5.261000 -3.431000
c<A>r<104>R<PHE> 11.804000 1.186000 -19.134001
c<A>r<105>R<PRO> 13.480000 2.583000 -22.306000
c<A>r<106>R<GLY> 15.930000 5.400000 -21.417999
c<A>r<107>R<TYR> 16.360001 4.244000 -17.750000
c<A>r<114>R<ASN> 6.082000 -1.976000 -4.154000
c<A>r<115>R<HIS> 2.871000 -2.343000 -2.122000
c<A>r<116>R<PHE> -0.279000 -2.502000 -4.274000
c<A>r<117>R<LEU> -4.014000 -2.167000 -3.940000
c<A>r<133>R<PHE> -2.829000 1.832000 -6.752000
c<A>r<134>R<MET> 0.816000 2.026000 -5.575000
c<A>r<135>R<ASN> 3.431000 4.452000 -4.191000
c<A>r<136>R<PRO> 5.033000 6.196000 -7.285000
c<A>r<137>R<CYS> 8.117000 7.024000 -5.124000
c<A>r<138>R<GLU> 9.179000 3.328000 -5.266000
c<A>r<139>R<GLN> 8.988000 3.482000 -9.104000
c<A>r<140>R<PHE> 11.198000 6.634000 -9.112000
c<A>r<141>R<ARG> 13.760000 4.856000 -6.863000
c<A>r<143>R<LEU> 14.296000 3.817000 -12.228000
c<A>r<145>R<ILE> 15.210000 8.879000 -10.343000
c<A>r<146>R<GLU> 15.836000 10.994000 -7.218000
c<A>r<147>R<VAL> 12.783000 10.959000 -4.888000
c<A>r<148>R<PRO> 11.696000 14.407000 -3.566000
c<A>r<149>R<GLU> 11.676000 14.630000 0.262000
c<A>r<150>R<VAL> 8.728000 16.031000 2.291000
c<A>r<151>R<ARG> 9.879000 17.747999 5.504000
c<A>r<152>R<ARG> 7.268000 17.028000 8.247000
c<A>r<153>R<ASP> 8.506000 19.316000 11.037000
c<A>r<154>R<GLY> 6.799000 18.955000 14.457000
c<A>r<155>R<LEU> 5.273000 15.531000 13.613000
c<A>r<156>R<PRO> 5.283000 13.516000 16.912001
c<A>r<157>R<SER> 7.993000 10.808000 16.754999
c<B>r<46>R<TRP> 1.521000 3.995000 4.279000
c<B>r<47>R<THR> 2.446000 5.822000 0.992000
c<B>r<48>R<THR> 5.438000 8.131000 1.710000
c<B>r<49>R<ASP> 8.454000 9.627000 -0.127000
c<B>r<50>R<SER> 10.789000 7.486000 2.084000
c<B>r<51>R<GLY> 8.900000 4.251000 1.167000
c<B>r<54>R<ILE> 4.565000 6.922000 9.130000
c<B>r<55>R<ALA> 2.919000 4.768000 11.838000
c<B>r<56>R<ILE> 1.479000 6.552000 14.932000
c<B>r<57>R<ARG> 1.353000 3.878000 17.676001
c<B>r<61>R<LYS> 0.184000 9.390000 20.360001
c<B>r<62>R<LEU> -2.787000 9.532000 17.943001
c<B>r<64>R<GLU> -0.760000 14.246000 20.011999
c<B>r<65>R<HIS> -0.691000 13.696000 16.204000
c<B>r<66>R<ALA> -4.241000 15.142000 15.907000
c<B>r<67>R<VAL> -2.875000 18.521000 17.219000
c<B>r<68>R<TRP> -0.116000 18.580000 14.541000
c<B>r<69>R<SER> -2.630000 17.433001 11.867000
c<B>r<72>R<CYS> -0.992000 21.479000 9.128000
c<B>r<83>R<ILE> -17.305000 2.404000 2.476000
c<B>r<84>R<PHE> -16.601000 -1.242000 1.572000
c<B>r<85>R<GLU> -17.545000 -3.926000 4.044000
c<B>r<86>R<THR> -15.521000 -7.146000 3.604000
c<B>r<87>R<GLN> -16.031000 -10.860000 4.328000
c<B>r<88>R<ASP> -14.257000 -10.024000 7.649000
c<B>r<91>R<TRP> -11.978000 -5.204000 8.168000
c<B>r<92>R<PHE> -13.192000 -2.244000 6.070000
c<B>r<93>R<TRP> -11.890000 -0.369000 3.044000
c<B>r<104>R<PHE> 3.797000 22.614000 6.464000
c<B>r<105>R<PRO> 6.723000 24.559000 8.032000
c<B>r<106>R<GLY> 9.343000 25.497999 5.393000
c<B>r<107>R<TYR> 6.827000 25.357000 2.452000
c<B>r<114>R<ASN> -5.841000 13.726000 -3.336000
c<B>r<115>R<HIS> -7.478000 10.348000 -3.891000
c<B>r<116>R<PHE> -7.348000 8.116000 -0.792000
c<B>r<117>R<LEU> -7.785000 4.494000 0.166000
c<B>r<133>R<PHE> -2.831000 5.167000 0.930000
c<B>r<134>R<MET> -2.590000 8.184000 -1.408000
c<B>r<135>R<ASN> -0.500000 9.528000 -4.312000
c<B>r<136>R<PRO> 2.515000 11.417000 -2.730000
c<B>r<137>R<CYS> 2.983000 13.299000 -6.058000
c<B>r<138>R<GLU> -0.186000 15.358000 -5.327000
c<B>r<139>R<GLN> 1.309000 16.233000 -1.897000
c<B>r<140>R<PHE> 4.572000 17.326000 -3.646000
c<B>r<141>R<ARG> 2.517000 19.608000 -5.989000
c<B>r<143>R<LEU> 3.872000 21.987000 -1.275000
c<B>r<145>R<ILE> 7.886000 20.510000 -4.740000
c<B>r<146>R<GLU> 8.784000 19.556999 -8.344000
c<B>r<147>R<VAL> 7.482000 16.080999 -9.330000
c<B>r<148>R<PRO> 9.801000 13.809000 -11.373000
c<B>r<149>R<GLU> 8.228000 12.606000 -14.655000
c<B>r<150>R<VAL> 8.388000 8.889000 -15.629000
c<B>r<151>R<ARG> 8.743000 8.331000 -19.386999
c<B>r<152>R<ARG> 6.788000 5.187000 -20.431999
c<B>r<153>R<ASP> 7.903000 4.903000 -24.065001
c<B>r<154>R<GLY> 5.814000 2.469000 -26.181999
c<B>r<155>R<LEU> 2.936000 2.295000 -23.635000
c<B>r<156>R<PRO> -0.342000 1.800000 -25.638000
c<B>r<157>R<SER> -2.940000 4.646000 -25.582001
