c<A>r<1>R<LYS> -8.105000 6.791000 17.972000
c<A>r<2>R<ALA> -6.270000 7.440000 14.648000
c<A>r<3>R<LYS> -7.318000 4.873000 11.968000
c<A>r<4>R<ARG> -4.138000 2.958000 11.066000
c<A>r<5>R<VAL> -4.357000 2.303000 7.290000
c<A>r<6>R<GLN> -1.338000 0.708000 5.630000
c<A>r<7>R<ALA> -0.538000 0.819000 1.883000
c<A>r<8>R<LYS> 2.328000 -1.188000 0.203000
c<A>r<9>R<ILE> 2.762000 -0.439000 -3.509000
c<A>r<10>R<GLU> 4.584000 -0.752000 -6.356000
c<A>r<11>R<GLU> 6.862000 -3.442000 -7.967000
c<A>r<12>R<PHE> 8.987000 -1.947000 -10.807000
c<A>r<13>R<PRO> 10.535000 -3.673000 -13.908000
c<A>r<50>R<LEU> 4.242000 3.448000 1.360000
c<A>r<51>R<ASP> 3.145000 2.839000 4.957000
c<A>r<53>R<LYS> -1.415000 6.168000 8.904000
c<A>r<56>R<ASP> -9.656000 9.695000 8.906000
c<A>r<57>R<SER> -10.580000 8.076000 5.535000
c<A>r<58>R<SER> -10.481000 11.462000 3.699000
c<A>r<60>R<LEU> -5.892000 8.610000 3.772000
c<A>r<61>R<ARG> -7.655000 9.004000 0.377000
c<A>r<62>R<GLY> -5.930000 12.395000 -0.104000
c<A>r<64>R<VAL> -2.819000 7.835000 -1.375000
c<A>r<65>R<ASN> -4.031000 9.918000 -4.369000
c<A>r<68>R<LEU> -0.040000 7.567000 -6.817000
c<A>r<69>R<ARG> -0.011000 10.839000 -8.847000
c<A>r<71>R<ILE> 4.674000 7.829000 -8.776000
c<A>r<72>R<LYS> 2.714000 7.990000 -12.078000
c<B>r<1>R<LYS> 3.364000 -7.330000 -17.533001
c<B>r<2>R<ALA> 0.825000 -6.952000 -14.662000
c<B>r<3>R<LYS> 1.980000 -4.329000 -12.091000
c<B>r<4>R<ARG> 0.972000 -5.876000 -8.703000
c<B>r<5>R<VAL> -0.397000 -3.238000 -6.345000
c<B>r<6>R<GLN> -1.519000 -4.197000 -2.770000
c<B>r<7>R<ALA> -3.458000 -1.698000 -0.516000
c<B>r<8>R<LYS> -4.369000 -3.225000 2.917000
c<B>r<9>R<ILE> -5.966000 -2.831000 6.447000
c<B>r<10>R<GLU> -8.537000 -0.605000 8.091000
c<B>r<11>R<GLU> -8.568000 -1.166000 11.902000
c<B>r<12>R<PHE> -11.965000 -0.665000 13.638000
c<B>r<13>R<PRO> -12.830000 0.152000 17.327000
c<B>r<47>R<LYS> -9.232000 -5.445000 10.672000
c<B>r<48>R<ILE> -10.648000 -5.254000 7.151000
c<B>r<49>R<ILE> -8.027000 -6.443000 4.675000
c<B>r<50>R<LEU> -8.193000 -5.290000 1.092000
c<B>r<51>R<ASP> -5.697000 -6.941000 -1.295000
c<B>r<52>R<ILE> -5.919000 -5.224000 -4.693000
c<B>r<53>R<LYS> -4.047000 -6.060000 -7.892000
c<B>r<56>R<ASP> -2.444000 0.186000 -14.109000
c<B>r<57>R<SER> -2.304000 3.085000 -11.579000
c<B>r<58>R<SER> -5.709000 4.463000 -12.766000
c<B>r<60>R<LEU> -5.887000 0.920000 -8.737000
c<B>r<61>R<ARG> -6.803000 4.547000 -7.877000
c<B>r<62>R<GLY> -10.398000 3.905000 -9.037000
c<B>r<64>R<VAL> -9.131000 2.130000 -3.799000
c<B>r<65>R<ASN> -11.408000 5.214000 -4.040000
c<B>r<68>R<LEU> -12.736000 3.785000 0.814000
c<B>r<69>R<ARG> -16.090000 5.402000 -0.178000
c<B>r<71>R<ILE> -16.186001 1.715000 3.972000
c<B>r<72>R<LYS> -16.826000 5.405000 4.850000
