c<A>r<1>R<LEU> 5.561000 18.958000 17.790001
c<A>r<3>R<HIS> 6.901000 13.813000 18.986000
c<A>r<4>R<GLN> 8.597000 14.960000 15.788000
c<A>r<45>R<ARG> 5.698000 3.502000 16.284000
c<A>r<46>R<GLU> 6.787000 5.653000 13.411000
c<A>r<49>R<ILE> 6.495000 1.439000 10.550000
c<A>r<50>R<ASP> 9.500000 2.912000 8.749000
c<A>r<66>R<LYS> 12.749000 -3.767000 4.677000
c<A>r<68>R<ARG> 11.853000 -4.966000 -1.388000
c<A>r<69>R<GLN> 9.342000 -6.836000 -3.535000
c<A>r<70>R<PRO> 8.700000 -5.944000 -7.119000
c<A>r<71>R<LEU> 5.041000 -5.804000 -7.991000
c<A>r<72>R<GLY> 4.477000 -8.549000 -10.536000
c<A>r<73>R<MET> 2.273000 -11.434000 -11.757000
c<A>r<74>R<GLY> 4.582000 -14.106000 -10.163000
c<A>r<164>R<ALA> -0.209000 -20.790001 -17.865000
c<A>r<165>R<PHE> -0.707000 -17.499001 -16.040001
c<A>r<166>R<THR> -1.478000 -14.922000 -18.679001
c<A>r<167>R<ARG> -3.142000 -12.029000 -16.754000
c<A>r<168>R<THR> -3.634000 -10.801000 -13.145000
c<A>r<169>R<VAL> -6.019000 -8.257000 -11.678000
c<A>r<170>R<ASP> -4.942000 -6.772000 -8.379000
c<A>r<171>R<THR> -6.268000 -4.424000 -5.765000
c<A>r<172>R<ILE> -3.886000 -2.986000 -3.255000
c<A>r<173>R<ASP> -5.278000 -1.661000 -0.000000
c<A>r<174>R<THR> -4.029000 -0.620000 3.459000
c<A>r<175>R<ALA> -5.261000 -2.684000 6.322000
c<A>r<176>R<LEU> -4.740000 -3.634000 9.950000
c<A>r<177>R<PRO> -4.340000 -7.229000 10.947000
c<A>r<178>R<ASP> -6.944000 -8.956000 12.991000
c<A>r<190>R<ARG> -1.589000 -1.748000 15.036000
c<A>r<191>R<THR> 0.886000 -2.394000 12.305000
c<A>r<192>R<PRO> -0.235000 -0.992000 8.920000
c<A>r<193>R<MET> -0.417000 -3.770000 6.346000
c<A>r<194>R<PHE> -0.625000 -4.211000 2.617000
c<A>r<195>R<LEU> -3.780000 -6.050000 1.613000
c<A>r<196>R<LEU> -3.507000 -7.471000 -1.871000
c<A>r<197>R<ASN> -6.435000 -9.136000 -3.631000
c<A>r<198>R<ARG> -5.574000 -10.952000 -6.816000
c<A>r<199>R<VAL> -7.440000 -12.922000 -9.457000
c<A>r<200>R<SER> -5.234000 -14.794000 -11.936000
c<A>r<201>R<TYR> -6.355000 -15.823000 -15.376000
c<A>r<202>R<ASP> -5.106000 -18.400999 -17.837999
c<A>r<203>R<GLN> -4.675000 -18.160000 -21.813999
c<A>r<216>R<ARG> 3.670000 -6.593000 6.879000
c<A>r<217>R<GLY> 4.018000 -2.936000 5.941000
c<A>r<218>R<ASP> 6.753000 -2.583000 8.543000
c<A>r<219>R<ARG> 8.929000 -5.209000 6.832000
c<A>r<220>R<MET> 7.999000 -4.916000 3.202000
c<A>r<221>R<THR> 8.273000 -2.357000 0.471000
c<A>r<222>R<PHE> 6.742000 -2.832000 -2.958000
c<A>r<223>R<THR> 8.565000 -1.531000 -5.984000
c<A>r<224>R<ALA> 7.331000 -0.661000 -9.468000
c<A>r<225>R<VAL> 9.369000 0.245000 -12.554000
c<A>r<226>R<MET> 7.238000 1.527000 -15.430000
c<A>r<227>R<HIS> 8.118000 2.501000 -19.013000
c<A>r<228>R<ALA> 6.209000 4.694000 -21.389000
c<A>r<229>R<LYS> 4.719000 2.649000 -24.139999
c<A>r<230>R<ASN> 6.712000 3.676000 -27.368000
c<B>r<38>R<GLN> -11.883000 -1.473000 17.163000
c<B>r<41>R<ARG> -11.767000 1.469000 12.984000
c<B>r<42>R<GLU> -11.738000 -1.555000 10.743000
c<B>r<45>R<ILE> -10.041000 1.560000 7.054000
c<B>r<46>R<ASP> -12.191000 -0.637000 4.800000
c<B>r<62>R<LYS> -13.144000 4.067000 -2.146000
c<B>r<64>R<ARG> -9.891000 3.259000 -7.403000
c<B>r<65>R<GLN> -6.607000 4.447000 -8.890000
c<B>r<66>R<PRO> -4.699000 2.440000 -11.434000
c<B>r<67>R<LEU> -1.012000 2.278000 -10.723000
c<B>r<68>R<GLY> 0.678000 4.074000 -13.592000
c<B>r<69>R<MET> 3.428000 6.495000 -14.728000
c<B>r<70>R<GLY> 0.931000 9.424000 -15.142000
c<B>r<160>R<ALA> 8.784000 13.380000 -22.157000
c<B>r<161>R<PHE> 8.287000 10.942000 -19.309000
c<B>r<162>R<THR> 9.826000 7.681000 -20.393999
c<B>r<163>R<ARG> 10.400000 5.737000 -17.132000
c<B>r<164>R<THR> 9.325000 5.833000 -13.455000
c<B>r<165>R<VAL> 10.767000 4.102000 -10.407000
c<B>r<166>R<ASP> 8.389000 3.761000 -7.493000
c<B>r<167>R<THR> 8.440000 2.515000 -3.940000
c<B>r<168>R<ILE> 5.164000 1.848000 -2.237000
c<B>r<169>R<ASP> 5.092000 1.789000 1.545000
c<B>r<170>R<THR> 2.512000 1.868000 4.372000
c<B>r<171>R<ALA> 2.680000 4.872000 6.611000
c<B>r<172>R<LEU> 0.863000 6.930000 9.195000
c<B>r<173>R<PRO> 0.379000 10.624000 8.701000
c<B>r<174>R<ASP> 2.084000 13.109000 10.905000
c<B>r<175>R<ALA> 0.047000 15.762000 12.623000
c<B>r<176>R<ARG> 0.584000 18.278999 9.856000
c<B>r<186>R<ARG> -4.126000 6.688000 12.954000
c<B>r<187>R<THR> -5.299000 6.184000 9.434000
c<B>r<188>R<PRO> -3.058000 3.788000 7.449000
c<B>r<189>R<MET> -1.694000 5.547000 4.382000
c<B>r<190>R<PHE> -0.017000 4.726000 1.111000
c<B>r<191>R<LEU> 3.397000 6.345000 0.877000
c<B>r<192>R<LEU> 4.608000 6.498000 -2.701000
c<B>r<193>R<ASN> 8.106000 7.669000 -3.616000
c<B>r<194>R<ARG> 8.694000 8.246000 -7.291000
c<B>r<195>R<VAL> 11.578000 9.315000 -9.492000
c<B>r<196>R<SER> 10.642000 10.091000 -13.099000
c<B>r<197>R<TYR> 13.081000 9.966000 -15.964000
c<B>r<198>R<ASP> 13.087000 11.475000 -19.417000
c<B>r<199>R<GLN> 14.237000 9.863000 -22.888000
c<B>r<212>R<ARG> -5.446000 8.104000 2.308000
c<B>r<213>R<GLY> -5.657000 4.321000 2.588000
c<B>r<214>R<ASP> -9.206000 4.663000 3.888000
c<B>r<215>R<ARG> -10.382000 6.429000 0.714000
c<B>r<216>R<MET> -8.171000 5.002000 -1.976000
c<B>r<217>R<THR> -7.491000 1.659000 -3.560000
c<B>r<218>R<PHE> -4.719000 1.057000 -6.067000
c<B>r<219>R<THR> -5.318000 -1.322000 -8.929000
c<B>r<220>R<ALA> -2.921000 -3.216000 -11.174000
c<B>r<221>R<VAL> -3.642000 -5.266000 -14.305000
c<B>r<222>R<MET> -0.661000 -7.262000 -15.502000
c<B>r<223>R<HIS> -0.125000 -9.452000 -18.607000
c<B>r<224>R<ALA> 2.370000 -12.153000 -19.165001
c<B>r<225>R<LYS> 5.042000 -11.049000 -21.681000
