c<A>r<1>R<CYS> 20.598000 -40.542999 104.344002
c<A>r<1>i<A>R<ASP> 20.083000 -43.105000 101.587997
c<A>r<1>i<B>R<ALA> 19.230000 -46.083000 103.786003
c<A>r<2>R<GLY> 23.120001 -37.882000 103.633003
c<A>r<3>R<LEU> 23.368999 -38.421001 99.869003
c<A>r<4>R<ARG> 21.943001 -35.355999 98.112000
c<A>r<5>R<PRO> 19.822001 -35.896000 94.980003
c<A>r<6>R<LEU> 21.413000 -32.939999 93.165001
c<A>r<7>R<PHE> 24.974001 -33.750000 94.259003
c<A>r<8>R<GLU> 26.156000 -37.169998 95.491997
c<A>r<9>R<LYS> 23.340000 -39.069000 93.766998
c<A>r<10>R<LYS> 24.495001 -37.667999 90.384003
c<A>r<11>R<SER> 28.224001 -37.426998 91.182999
c<A>r<12>R<LEU> 28.268999 -33.606998 91.221001
c<A>r<13>R<GLU> 30.164000 -31.660999 93.835999
c<A>r<14>R<ASP> 29.097000 -28.377001 95.401001
c<A>r<14>i<A>R<LYS> 31.284000 -25.275000 95.300003
c<A>r<14>i<B>R<THR> 32.938000 -25.605000 98.694000
c<A>r<14>i<C>R<GLU> 32.777000 -29.240000 99.779999
c<A>r<14>i<D>R<ARG> 36.417000 -29.617001 98.723999
c<A>r<14>i<E>R<GLU> 37.370998 -27.158001 101.505997
c<A>r<14>i<F>R<LEU> 35.893002 -29.627001 104.003998
c<A>r<14>i<G>R<LEU> 37.724998 -32.591000 102.461998
c<A>r<14>i<H>R<GLU> 41.055000 -30.753000 102.472000
c<A>r<14>i<I>R<SER> 40.655998 -30.098000 106.196999
c<A>r<14>i<J>R<TYR> 40.270000 -33.847000 106.964996
c<A>r<14>i<K>R<ILE> 44.032001 -34.419998 107.259003
c<A>r<14>i<L>R<ASP> 44.474998 -37.210999 109.866997
c<B>r<22>R<ALA> 23.777000 -21.796000 99.046997
c<B>r<23>R<GLU> 23.400999 -23.705000 95.806000
c<B>r<24>R<ILE> 20.018000 -25.240999 94.974998
c<B>r<25>R<GLY> 19.645000 -28.570999 96.704002
c<B>r<26>R<MET> 22.919001 -28.124001 98.641998
c<B>r<27>R<SER> 21.275000 -28.635000 102.069000
c<B>r<28>R<PRO> 18.139000 -30.646000 101.360001
c<B>r<29>R<TRP> 17.778000 -31.532000 105.050003
c<B>r<46>R<LEU> 15.231000 -33.403000 108.571999
c<B>r<47>R<ILE> 16.382999 -36.743000 109.983002
c<B>r<48>R<SER> 13.647000 -38.964001 108.539001
c<B>r<49>R<ASP> 10.251000 -38.612999 106.844002
c<B>r<50>R<ARG> 8.644000 -37.997002 110.204002
c<B>r<51>R<TRP> 11.299000 -36.415001 112.496002
c<B>r<78>R<ASN> 5.673000 -26.693001 93.789001
c<B>r<79>R<ILE> 9.008000 -26.990999 95.804001
c<B>r<81>R<LYS> 6.520000 -28.541000 101.781998
c<B>r<110>R<LYS> 2.294000 -36.708000 108.352997
c<B>r<111>R<PRO> 5.381000 -38.055000 106.647003
c<B>r<112>R<VAL> 7.009000 -35.671001 104.103996
c<B>r<113>R<ALA> 7.780000 -36.942001 100.601997
c<B>r<114>R<PHE> 11.450000 -36.709000 99.558998
c<B>r<115>R<SER> 12.421000 -34.859001 96.369003
c<B>r<116>R<ASP> 15.436000 -33.180000 94.773003
c<B>r<117>R<TYR> 15.016000 -30.481001 97.452003
c<B>r<118>R<ILE> 14.005000 -32.549999 100.482002
c<B>r<119>R<HIS> 16.184000 -35.358002 101.815002
c<B>r<120>R<PRO> 17.343000 -36.441002 105.327003
c<B>r<121>R<VAL> 20.818001 -35.997002 106.824997
c<B>r<122>R<CYS> 22.584000 -38.889000 108.610001
c<B>r<123>R<LEU> 23.180000 -38.973000 112.325996
c<B>r<129>i<B>R<SER> 36.830002 -39.811001 113.134003
c<B>r<129>i<C>R<LEU> 35.424999 -36.398998 112.272003
c<B>r<130>R<LEU> 35.133999 -34.323002 115.484001
c<B>r<131>R<GLN> 38.805000 -33.219002 115.512001
c<B>r<132>R<ALA> 40.264999 -29.754999 115.945999
c<B>r<133>R<GLY> 40.828999 -28.103001 112.573997
c<B>r<134>R<TYR> 38.404999 -30.347000 110.710999
c<B>r<135>R<LYS> 35.735001 -28.228001 109.055000
c<B>r<136>R<GLY> 31.986000 -28.511000 109.097000
c<B>r<137>R<ARG> 29.243000 -26.520000 107.484001
c<B>r<157>R<VAL> 26.260000 -21.351999 103.945000
c<B>r<158>R<VAL> 29.600000 -21.128000 105.692001
c<B>r<159>R<ASN> 32.289001 -23.695999 106.467003
c<B>r<160>R<LEU> 34.056000 -23.403000 109.852997
c<B>r<161>R<PRO> 36.813000 -25.364000 111.656998
c<B>r<200>R<VAL> 27.250999 -31.011999 109.075996
c<B>r<201>R<MET> 30.423000 -32.793999 107.902000
c<B>r<202>R<LYS> 30.921000 -34.985001 104.792999
c<B>r<203>R<SER> 32.540001 -38.257999 105.681999
c<B>r<204>R<PRO> 35.568001 -38.919998 103.490997
c<B>r<204>i<B>R<ASN> 31.521999 -43.109001 102.697998
c<B>r<205>R<ASN> 30.778000 -39.731998 101.107002
c<B>r<206>R<ARG> 27.665001 -39.091000 103.208000
c<B>r<207>R<TRP> 26.743000 -35.973999 105.147003
c<B>r<208>R<TYR> 26.393999 -36.325001 108.936996
c<B>r<209>R<GLN> 24.888000 -33.827000 111.373001
c<B>r<239>R<GLN> 17.114000 -43.117001 119.747002
c<B>r<242>R<ILE> 12.198000 -42.307999 118.244003
c<B>r<243>R<ASP> 11.965000 -45.931999 119.508003
c<G>r<109>R<PHE> 15.141000 -32.784000 85.233002
c<G>r<111>R<ARG> 9.804000 -28.561001 85.216003
c<G>r<112>R<LEU> 6.956000 -31.066000 85.013000
c<G>r<113>R<THR> 4.322000 -30.889000 87.738998
c<G>r<132>R<LYS> 13.524000 -38.376999 87.217003
c<G>r<133>R<GLY> 13.950000 -35.030998 88.932999
c<G>r<134>R<ASN> 10.658000 -33.346001 88.101997
c<G>r<135>R<GLU> 7.943000 -32.410999 90.615997
c<G>r<136>R<LEU> 5.233000 -34.957001 89.872002
c<G>r<137>R<LYS> 2.879000 -35.445999 92.834999
c<G>r<156>R<ALA> 12.879000 -41.094002 90.997002
c<G>r<157>R<ASN> 13.274000 -37.804001 92.842003
c<G>r<158>R<ASN> 9.821000 -36.426998 92.134003
c<G>r<159>R<ASN> 7.168000 -35.535999 94.726997
c<G>r<160>R<LEU> 4.971000 -38.637001 94.490997
c<G>r<161>R<THR> 2.843000 -39.449001 97.531998
c<G>r<162>R<GLU> 1.123000 -42.472000 96.008003
c<G>r<180>R<GLN> 13.637000 -43.632000 95.167999
c<G>r<181>R<GLU> 13.525000 -40.209999 96.819000
c<G>r<182>R<ASN> 9.806000 -39.507000 96.530998
c<G>r<183>R<SER> 7.231000 -39.118000 99.305000
c<G>r<184>R<LEU> 5.634000 -42.556999 98.897003
c<G>r<185>R<TYR> 3.809000 -43.903000 101.957001
c<G>r<202>R<LEU> 12.515000 -47.930000 96.625999
c<G>r<203>R<HIS> 14.751000 -46.220001 99.184998
c<G>r<204>R<GLY> 14.440000 -42.630001 100.344002
c<G>r<205>R<ASN> 10.653000 -42.813000 100.775002
c<G>r<206>R<PRO> 8.786000 -42.221001 104.065002
c<G>r<207>R<TRP> 7.002000 -45.583000 104.055000
c<G>r<208>R<LEU> 4.150000 -45.689999 106.558998
c<G>r<229>R<VAL> 20.264000 -48.437000 96.260002
c<G>r<230>R<TRP> 20.964001 -45.922001 93.496002
c<G>r<231>R<LYS> 24.552000 -44.784000 92.973999
c<G>r<232>R<GLN> 25.214001 -42.063999 90.412003
c<G>r<233>R<GLY> 27.271999 -43.084999 87.393997
c<G>r<234>R<VAL> 27.447001 -46.764999 88.295998
c<G>r<242>R<ASN> 20.106001 -54.042999 99.897003
c<G>r<243>R<VAL> 16.507000 -54.686001 100.917000
c<G>r<244>R<ALA> 17.195000 -52.988998 104.249001
c<G>r<245>R<SER> 17.323999 -49.688000 102.330002
c<G>r<246>R<VAL> 13.499000 -49.617001 102.183998
c<G>r<247>R<GLN> 12.581000 -48.095001 105.545998
c<G>r<248>R<CYS> 9.612000 -47.124001 107.699997
c<G>r<249>R<ASP> 9.540000 -43.306999 107.734001
c<G>r<250>R<ASN> 12.911000 -43.590000 105.967003
c<G>r<251>R<SER> 14.398000 -44.515999 109.352997
c<G>r<252>R<ASP> 17.589001 -46.590000 109.041000
c<G>r<253>R<LYS> 16.934999 -48.826000 112.051003
c<G>r<254>R<PHE> 13.454000 -49.844002 110.907997
c<G>r<255>R<PRO> 13.491000 -51.563999 107.497002
