c<A>r<1>R<CYS> 20.598000 -40.542999 104.344002
c<A>r<1>i<A>R<ASP> 20.083000 -43.105000 101.587997
c<A>r<1>i<B>R<ALA> 19.230000 -46.083000 103.786003
c<A>r<2>R<GLY> 23.120001 -37.882000 103.633003
c<A>r<3>R<LEU> 23.368999 -38.421001 99.869003
c<A>r<4>R<ARG> 21.943001 -35.355999 98.112000
c<A>r<5>R<PRO> 19.822001 -35.896000 94.980003
c<A>r<6>R<LEU> 21.413000 -32.939999 93.165001
c<A>r<7>R<PHE> 24.974001 -33.750000 94.259003
c<A>r<8>R<GLU> 26.156000 -37.169998 95.491997
c<A>r<9>R<LYS> 23.340000 -39.069000 93.766998
c<A>r<13>R<GLU> 30.164000 -31.660999 93.835999
c<A>r<14>R<ASP> 29.097000 -28.377001 95.401001
c<A>r<14>i<A>R<LYS> 31.284000 -25.275000 95.300003
c<A>r<14>i<B>R<THR> 32.938000 -25.605000 98.694000
c<A>r<14>i<C>R<GLU> 32.777000 -29.240000 99.779999
c<A>r<14>i<D>R<ARG> 36.417000 -29.617001 98.723999
c<A>r<14>i<E>R<GLU> 37.370998 -27.158001 101.505997
c<A>r<14>i<F>R<LEU> 35.893002 -29.627001 104.003998
c<A>r<14>i<G>R<LEU> 37.724998 -32.591000 102.461998
c<A>r<14>i<H>R<GLU> 41.055000 -30.753000 102.472000
c<A>r<14>i<I>R<SER> 40.655998 -30.098000 106.196999
c<A>r<14>i<J>R<TYR> 40.270000 -33.847000 106.964996
c<A>r<14>i<K>R<ILE> 44.032001 -34.419998 107.259003
c<A>r<14>i<L>R<ASP> 44.474998 -37.210999 109.866997
c<B>r<22>R<ALA> 23.777000 -21.796000 99.046997
c<B>r<23>R<GLU> 23.400999 -23.705000 95.806000
c<B>r<24>R<ILE> 20.018000 -25.240999 94.974998
c<B>r<25>R<GLY> 19.645000 -28.570999 96.704002
c<B>r<26>R<MET> 22.919001 -28.124001 98.641998
c<B>r<27>R<SER> 21.275000 -28.635000 102.069000
c<B>r<28>R<PRO> 18.139000 -30.646000 101.360001
c<B>r<29>R<TRP> 17.778000 -31.532000 105.050003
c<B>r<41>R<LEU> 12.057000 -18.657000 114.546997
c<B>r<42>R<CYS> 14.954000 -21.035000 114.026001
c<B>r<46>R<LEU> 15.231000 -33.403000 108.571999
c<B>r<47>R<ILE> 16.382999 -36.743000 109.983002
c<B>r<48>R<SER> 13.647000 -38.964001 108.539001
c<B>r<57>R<HIS> 16.139999 -23.177000 123.098000
c<B>r<58>R<CYS> 14.139000 -22.680000 119.888000
c<B>r<60>i<A>R<TYR> 13.623000 -20.612000 127.164001
c<B>r<60>i<B>R<PRO> 11.818000 -19.443001 130.337997
c<B>r<60>i<C>R<PRO> 14.091000 -16.443001 131.001007
c<B>r<60>i<D>R<TRP> 12.633000 -14.787000 127.833000
c<B>r<60>i<E>R<ASP> 9.132000 -16.333000 128.330994
c<B>r<95>R<ASN> 19.903999 -26.936001 131.302994
c<B>r<96>R<TRP> 18.327999 -23.608000 130.380005
c<B>r<97>R<ARG> 19.098000 -22.195000 133.832001
c<B>r<97>i<A>R<GLU> 22.889000 -22.191000 133.473007
c<B>r<98>R<ASN> 24.747999 -23.056000 130.274002
c<B>r<99>R<LEU> 22.299000 -24.624001 127.776001
c<B>r<114>R<PHE> 11.450000 -36.709000 99.558998
c<B>r<115>R<SER> 12.421000 -34.859001 96.369003
c<B>r<116>R<ASP> 15.436000 -33.180000 94.773003
c<B>r<117>R<TYR> 15.016000 -30.481001 97.452003
c<B>r<118>R<ILE> 14.005000 -32.549999 100.482002
c<B>r<119>R<HIS> 16.184000 -35.358002 101.815002
c<B>r<120>R<PRO> 17.343000 -36.441002 105.327003
c<B>r<121>R<VAL> 20.818001 -35.997002 106.824997
c<B>r<122>R<CYS> 22.584000 -38.889000 108.610001
c<B>r<123>R<LEU> 23.180000 -38.973000 112.325996
c<B>r<129>i<B>R<SER> 36.830002 -39.811001 113.134003
c<B>r<129>i<C>R<LEU> 35.424999 -36.398998 112.272003
c<B>r<130>R<LEU> 35.133999 -34.323002 115.484001
c<B>r<131>R<GLN> 38.805000 -33.219002 115.512001
c<B>r<132>R<ALA> 40.264999 -29.754999 115.945999
c<B>r<133>R<GLY> 40.828999 -28.103001 112.573997
c<B>r<134>R<TYR> 38.404999 -30.347000 110.710999
c<B>r<135>R<LYS> 35.735001 -28.228001 109.055000
c<B>r<136>R<GLY> 31.986000 -28.511000 109.097000
c<B>r<137>R<ARG> 29.243000 -26.520000 107.484001
c<B>r<143>R<ASN> 20.882000 -12.359000 110.134003
c<B>r<146>R<GLU> 25.181999 -9.031000 114.504997
c<B>r<147>R<THR> 23.648001 -5.565000 114.246002
c<B>r<157>R<VAL> 26.260000 -21.351999 103.945000
c<B>r<158>R<VAL> 29.600000 -21.128000 105.692001
c<B>r<159>R<ASN> 32.289001 -23.695999 106.467003
c<B>r<160>R<LEU> 34.056000 -23.403000 109.852997
c<B>r<161>R<PRO> 36.813000 -25.364000 111.656998
c<B>r<166>R<PRO> 40.888000 -25.408001 125.777000
c<B>r<172>R<THR> 33.971001 -17.518000 127.487999
c<B>r<173>R<ARG> 32.883999 -17.325001 131.143997
c<B>r<174>R<ILE> 30.136999 -19.895000 130.528000
c<B>r<176>R<ILE> 31.365000 -25.726999 128.791000
c<B>r<177>R<THR> 30.368999 -29.400000 128.925995
c<B>r<178>R<ASP> 31.226999 -32.547001 126.984001
c<B>r<190>R<ALA> 25.860001 -18.398001 112.758003
c<B>r<191>R<CYS> 23.591000 -15.631000 114.043999
c<B>r<192>R<GLU> 20.007999 -14.830000 115.098000
c<B>r<193>R<GLY> 17.624001 -16.969000 113.001999
c<B>r<194>R<ASP> 20.169001 -19.747999 112.407997
c<B>r<195>R<SER> 20.021000 -21.403000 115.778000
c<B>r<196>R<GLY> 18.643000 -24.909000 115.898003
c<B>r<200>R<VAL> 27.250999 -31.011999 109.075996
c<B>r<201>R<MET> 30.423000 -32.793999 107.902000
c<B>r<202>R<LYS> 30.921000 -34.985001 104.792999
c<B>r<203>R<SER> 32.540001 -38.257999 105.681999
c<B>r<204>R<PRO> 35.568001 -38.919998 103.490997
c<B>r<204>i<B>R<ASN> 31.521999 -43.109001 102.697998
c<B>r<205>R<ASN> 30.778000 -39.731998 101.107002
c<B>r<206>R<ARG> 27.665001 -39.091000 103.208000
c<B>r<207>R<TRP> 26.743000 -35.973999 105.147003
c<B>r<208>R<TYR> 26.393999 -36.325001 108.936996
c<B>r<209>R<GLN> 24.888000 -33.827000 111.373001
c<B>r<213>R<VAL> 23.658001 -24.344000 116.456001
c<B>r<214>R<SER> 23.238001 -23.698999 120.155998
c<B>r<215>R<TRP> 24.683001 -20.469999 121.487999
c<B>r<216>R<GLY> 27.191999 -17.718000 121.262001
c<B>r<217>R<GLU> 28.118999 -14.261000 122.348000
c<B>r<219>R<GLY> 27.275000 -11.863000 119.586998
c<B>r<220>R<CYS> 28.014999 -13.081000 116.070999
c<B>r<221>i<A>R<ARG> 33.255001 -11.520000 116.977997
c<G>r<6>R<VAL> 27.767000 -7.230000 126.487999
c<G>r<7>R<SER> 27.106001 -10.078000 124.029999
c<G>r<8>R<LYS> 23.705999 -10.867000 122.480003
c<G>r<9>R<VAL> 22.228001 -13.119000 119.758003
c<G>r<10>R<ALA> 19.912001 -16.129000 120.033997
c<G>r<11>R<SER> 20.537001 -17.955000 123.319000
c<G>r<12>R<HIS> 20.465000 -14.816000 125.470001
c<G>r<13>R<LEU> 22.180000 -11.640000 126.685997
c<G>r<14>R<GLU> 25.417000 -12.106000 128.638000
c<G>r<15>R<VAL> 26.940001 -9.174000 130.531998
c<G>r<16>R<ASN> 30.594999 -9.379000 131.570999
c<G>r<18>R<ASP> 34.594002 -9.000000 135.598999
c<G>r<32>R<ASP> 16.938999 -7.934000 129.792999
c<G>r<33>R<THR> 20.282000 -9.360000 130.962006
c<G>r<34>R<THR> 20.063000 -13.145000 131.371994
c<G>r<35>R<ILE> 23.625000 -13.946000 132.511002
c<G>r<36>R<LEU> 25.667999 -11.579000 134.675995
c<G>r<37>R<HIS> 29.351000 -11.969000 135.511993
c<G>r<39>R<SER> 33.719002 -12.030000 139.177002
c<G>r<55>R<THR> 13.483000 -10.120000 135.440002
c<G>r<56>R<ARG> 15.189000 -12.424000 132.919998
c<G>r<57>R<LEU> 18.368000 -13.013000 134.955994
c<G>r<58>R<THR> 18.969999 -16.768000 135.205994
c<G>r<59>R<GLN> 22.694000 -16.954000 136.037003
c<G>r<60>R<LEU> 24.752001 -14.843000 138.434006
c<G>r<61>R<ASN> 28.483999 -15.218000 139.039001
c<G>r<77>R<PRO> 12.101000 -15.956000 140.723007
c<G>r<78>R<VAL> 14.007000 -17.176001 137.666000
c<G>r<79>R<LEU> 17.600000 -17.301001 138.912003
c<G>r<80>R<GLY> 18.837000 -20.811001 138.190002
c<G>r<81>R<THR> 22.583000 -20.624001 138.841995
c<G>r<82>R<LEU> 24.493000 -18.844000 141.606995
c<G>r<101>R<ALA> 14.110000 -21.906000 141.072006
c<G>r<102>R<LEU> 17.794001 -22.372999 141.875000
c<G>r<103>R<THR> 19.278000 -25.507000 140.296005
c<G>r<104>R<VAL> 23.013000 -24.848000 140.774002
c<G>r<233>R<GLY> 40.147999 -29.136999 134.591003
c<G>r<235>R<ASP> 35.858002 -33.912998 132.322006
c<G>r<236>R<VAL> 35.136002 -37.551998 133.158005
c<G>r<237>R<LYS> 34.820000 -38.071999 129.393005
