c<A>r<1>R<CYS> 20.598000 -40.542999 104.344002
c<A>r<1>i<A>R<ASP> 20.083000 -43.105000 101.587997
c<A>r<1>i<B>R<ALA> 19.230000 -46.083000 103.786003
c<A>r<2>R<GLY> 23.120001 -37.882000 103.633003
c<A>r<3>R<LEU> 23.368999 -38.421001 99.869003
c<A>r<4>R<ARG> 21.943001 -35.355999 98.112000
c<A>r<5>R<PRO> 19.822001 -35.896000 94.980003
c<A>r<6>R<LEU> 21.413000 -32.939999 93.165001
c<A>r<7>R<PHE> 24.974001 -33.750000 94.259003
c<A>r<8>R<GLU> 26.156000 -37.169998 95.491997
c<A>r<9>R<LYS> 23.340000 -39.069000 93.766998
c<A>r<13>R<GLU> 30.164000 -31.660999 93.835999
c<A>r<14>R<ASP> 29.097000 -28.377001 95.401001
c<A>r<14>i<A>R<LYS> 31.284000 -25.275000 95.300003
c<A>r<14>i<B>R<THR> 32.938000 -25.605000 98.694000
c<A>r<14>i<C>R<GLU> 32.777000 -29.240000 99.779999
c<A>r<14>i<D>R<ARG> 36.417000 -29.617001 98.723999
c<A>r<14>i<E>R<GLU> 37.370998 -27.158001 101.505997
c<A>r<14>i<F>R<LEU> 35.893002 -29.627001 104.003998
c<A>r<14>i<G>R<LEU> 37.724998 -32.591000 102.461998
c<A>r<14>i<H>R<GLU> 41.055000 -30.753000 102.472000
c<A>r<14>i<I>R<SER> 40.655998 -30.098000 106.196999
c<A>r<14>i<J>R<TYR> 40.270000 -33.847000 106.964996
c<A>r<14>i<K>R<ILE> 44.032001 -34.419998 107.259003
c<A>r<14>i<L>R<ASP> 44.474998 -37.210999 109.866997
c<B>r<22>R<ALA> 23.777000 -21.796000 99.046997
c<B>r<23>R<GLU> 23.400999 -23.705000 95.806000
c<B>r<24>R<ILE> 20.018000 -25.240999 94.974998
c<B>r<25>R<GLY> 19.645000 -28.570999 96.704002
c<B>r<26>R<MET> 22.919001 -28.124001 98.641998
c<B>r<27>R<SER> 21.275000 -28.635000 102.069000
c<B>r<28>R<PRO> 18.139000 -30.646000 101.360001
c<B>r<29>R<TRP> 17.778000 -31.532000 105.050003
c<B>r<34>R<PHE> 8.175000 -20.761000 111.070000
c<B>r<35>R<ARG> 6.060000 -18.969999 113.640999
c<B>r<36>R<LYS> 2.366000 -18.833000 112.598000
c<B>r<36>i<A>R<SER> 1.306000 -15.582000 114.319000
c<B>r<37>R<PRO> 3.098000 -13.243000 113.759003
c<B>r<38>R<GLN> 4.689000 -14.727000 110.634003
c<B>r<39>R<GLU> 8.430000 -14.917000 111.224998
c<B>r<46>R<LEU> 15.231000 -33.403000 108.571999
c<B>r<47>R<ILE> 16.382999 -36.743000 109.983002
c<B>r<48>R<SER> 13.647000 -38.964001 108.539001
c<B>r<62>R<ASN> 0.079000 -25.433001 117.287003
c<B>r<63>R<ASP> 2.276000 -22.296000 117.393997
c<B>r<64>R<LEU> 4.623000 -23.219000 114.574997
c<B>r<65>R<LEU> 5.030000 -24.864000 111.196999
c<B>r<66>R<VAL> 7.974000 -26.671000 109.586998
c<B>r<67>R<ARG> 8.913000 -25.542000 106.040001
c<B>r<72>R<SER> 14.331000 -18.334000 99.324997
c<B>r<74>R<THR> 10.550000 -15.102000 102.343002
c<B>r<75>R<ARG> 8.871000 -16.493999 99.248001
c<B>r<76>R<TYR> 6.265000 -19.243000 99.235001
c<B>r<77>R<GLU> 8.172000 -21.627001 96.958000
c<B>r<77>i<A>R<ARG> 5.207000 -23.051001 95.013000
c<B>r<78>R<ASN> 5.673000 -26.693001 93.789001
c<B>r<81>R<LYS> 6.520000 -28.541000 101.781998
c<B>r<82>R<ILE> 4.813000 -27.240000 104.869003
c<B>r<83>R<SER> 4.321000 -29.648001 107.767998
c<B>r<84>R<MET> 2.418000 -29.417000 111.079002
c<B>r<114>R<PHE> 11.450000 -36.709000 99.558998
c<B>r<115>R<SER> 12.421000 -34.859001 96.369003
c<B>r<116>R<ASP> 15.436000 -33.180000 94.773003
c<B>r<117>R<TYR> 15.016000 -30.481001 97.452003
c<B>r<118>R<ILE> 14.005000 -32.549999 100.482002
c<B>r<119>R<HIS> 16.184000 -35.358002 101.815002
c<B>r<120>R<PRO> 17.343000 -36.441002 105.327003
c<B>r<121>R<VAL> 20.818001 -35.997002 106.824997
c<B>r<122>R<CYS> 22.584000 -38.889000 108.610001
c<B>r<123>R<LEU> 23.180000 -38.973000 112.325996
c<B>r<129>i<B>R<SER> 36.830002 -39.811001 113.134003
c<B>r<129>i<C>R<LEU> 35.424999 -36.398998 112.272003
c<B>r<130>R<LEU> 35.133999 -34.323002 115.484001
c<B>r<131>R<GLN> 38.805000 -33.219002 115.512001
c<B>r<132>R<ALA> 40.264999 -29.754999 115.945999
c<B>r<133>R<GLY> 40.828999 -28.103001 112.573997
c<B>r<134>R<TYR> 38.404999 -30.347000 110.710999
c<B>r<135>R<LYS> 35.735001 -28.228001 109.055000
c<B>r<136>R<GLY> 31.986000 -28.511000 109.097000
c<B>r<137>R<ARG> 29.243000 -26.520000 107.484001
c<B>r<157>R<VAL> 26.260000 -21.351999 103.945000
c<B>r<158>R<VAL> 29.600000 -21.128000 105.692001
c<B>r<159>R<ASN> 32.289001 -23.695999 106.467003
c<B>r<160>R<LEU> 34.056000 -23.403000 109.852997
c<B>r<161>R<PRO> 36.813000 -25.364000 111.656998
c<B>r<200>R<VAL> 27.250999 -31.011999 109.075996
c<B>r<201>R<MET> 30.423000 -32.793999 107.902000
c<B>r<202>R<LYS> 30.921000 -34.985001 104.792999
c<B>r<203>R<SER> 32.540001 -38.257999 105.681999
c<B>r<204>R<PRO> 35.568001 -38.919998 103.490997
c<B>r<204>i<B>R<ASN> 31.521999 -43.109001 102.697998
c<B>r<205>R<ASN> 30.778000 -39.731998 101.107002
c<B>r<206>R<ARG> 27.665001 -39.091000 103.208000
c<B>r<207>R<TRP> 26.743000 -35.973999 105.147003
c<B>r<208>R<TYR> 26.393999 -36.325001 108.936996
c<B>r<209>R<GLN> 24.888000 -33.827000 111.373001
c<G>r<151>R<GLU> -3.670000 -27.823000 96.235001
c<G>r<172>R<GLU> -3.906000 -29.839001 104.490997
c<G>r<173>R<ASN> -2.154000 -29.489000 101.122002
c<G>r<174>R<LEU> -3.813000 -26.268999 99.917000
c<G>r<175>R<ASP> -1.303000 -23.759001 98.545998
c<G>r<176>R<THR> -3.363000 -21.396000 96.391998
c<G>r<194>R<SER> -3.944000 -23.945000 111.483002
c<G>r<195>R<HIS> -2.894000 -24.528999 107.891998
c<G>r<196>R<LEU> -0.297000 -22.285999 106.271004
c<G>r<197>R<LEU> -1.798000 -20.948999 103.028000
c<G>r<198>R<PRO> 1.064000 -19.458000 100.945999
c<G>r<199>R<PHE> -0.954000 -17.809000 98.181999
c<G>r<218>R<ARG> -6.001000 -11.003000 112.783997
c<G>r<219>R<TRP> -5.413000 -13.662000 110.130997
c<G>r<220>R<LEU> -4.407000 -10.978000 107.600998
c<G>r<221>R<GLN> -1.907000 -9.478000 110.039001
c<G>r<222>R<ASP> -0.398000 -12.897000 110.759003
c<G>r<223>R<ASN> -0.386000 -13.779000 107.043999
c<G>r<224>R<ALA> 0.448000 -10.446000 105.406998
c<G>r<225>R<GLU> 3.188000 -12.081000 103.309998
c<G>r<226>R<ASN> 0.750000 -14.650000 101.906998
c<G>r<235>R<ASP> 3.234000 -16.410000 87.816002
c<G>r<236>R<VAL> 3.589000 -15.647000 91.524002
c<G>r<237>R<LYS> 7.345000 -16.007000 90.961998
c<G>r<238>R<ALA> 8.140000 -13.815000 93.952003
c<G>r<239>R<MET> 5.440000 -11.244000 93.251999
c<G>r<240>R<THR> 5.369000 -8.807000 96.139000
c<G>r<241>R<SER> 2.591000 -9.590000 98.599998
