c<A>r<1>R<CYS> 20.598000 -40.542999 104.344002
c<A>r<1>i<A>R<ASP> 20.083000 -43.105000 101.587997
c<A>r<1>i<B>R<ALA> 19.230000 -46.083000 103.786003
c<A>r<2>R<GLY> 23.120001 -37.882000 103.633003
c<A>r<3>R<LEU> 23.368999 -38.421001 99.869003
c<A>r<4>R<ARG> 21.943001 -35.355999 98.112000
c<A>r<5>R<PRO> 19.822001 -35.896000 94.980003
c<A>r<6>R<LEU> 21.413000 -32.939999 93.165001
c<A>r<7>R<PHE> 24.974001 -33.750000 94.259003
c<A>r<8>R<GLU> 26.156000 -37.169998 95.491997
c<A>r<9>R<LYS> 23.340000 -39.069000 93.766998
c<A>r<12>R<LEU> 28.268999 -33.606998 91.221001
c<A>r<13>R<GLU> 30.164000 -31.660999 93.835999
c<A>r<14>R<ASP> 29.097000 -28.377001 95.401001
c<A>r<14>i<A>R<LYS> 31.284000 -25.275000 95.300003
c<A>r<14>i<B>R<THR> 32.938000 -25.605000 98.694000
c<A>r<14>i<C>R<GLU> 32.777000 -29.240000 99.779999
c<A>r<14>i<D>R<ARG> 36.417000 -29.617001 98.723999
c<A>r<14>i<E>R<GLU> 37.370998 -27.158001 101.505997
c<A>r<14>i<F>R<LEU> 35.893002 -29.627001 104.003998
c<A>r<14>i<G>R<LEU> 37.724998 -32.591000 102.461998
c<A>r<14>i<H>R<GLU> 41.055000 -30.753000 102.472000
c<A>r<14>i<I>R<SER> 40.655998 -30.098000 106.196999
c<A>r<14>i<J>R<TYR> 40.270000 -33.847000 106.964996
c<A>r<14>i<K>R<ILE> 44.032001 -34.419998 107.259003
c<A>r<14>i<L>R<ASP> 44.474998 -37.210999 109.866997
c<B>r<17>R<VAL> 27.617001 -13.792000 108.926003
c<B>r<18>R<GLU> 30.341999 -13.832000 106.251999
c<B>r<19>R<GLY> 28.913000 -16.783001 104.353996
c<B>r<20>R<SER> 27.639000 -17.143000 100.807999
c<B>r<21>R<ASP> 24.476000 -18.090000 98.959999
c<B>r<22>R<ALA> 23.777000 -21.796000 99.046997
c<B>r<23>R<GLU> 23.400999 -23.705000 95.806000
c<B>r<24>R<ILE> 20.018000 -25.240999 94.974998
c<B>r<25>R<GLY> 19.645000 -28.570999 96.704002
c<B>r<26>R<MET> 22.919001 -28.124001 98.641998
c<B>r<27>R<SER> 21.275000 -28.635000 102.069000
c<B>r<28>R<PRO> 18.139000 -30.646000 101.360001
c<B>r<29>R<TRP> 17.778000 -31.532000 105.050003
c<B>r<46>R<LEU> 15.231000 -33.403000 108.571999
c<B>r<47>R<ILE> 16.382999 -36.743000 109.983002
c<B>r<48>R<SER> 13.647000 -38.964001 108.539001
c<B>r<70>R<LYS> 13.288000 -24.020000 100.873001
c<B>r<71>R<HIS> 15.866000 -21.770000 99.293999
c<B>r<72>R<SER> 14.331000 -18.334000 99.324997
c<B>r<75>R<ARG> 8.871000 -16.493999 99.248001
c<B>r<77>R<GLU> 8.172000 -21.627001 96.958000
c<B>r<78>R<ASN> 5.673000 -26.693001 93.789001
c<B>r<79>R<ILE> 9.008000 -26.990999 95.804001
c<B>r<114>R<PHE> 11.450000 -36.709000 99.558998
c<B>r<115>R<SER> 12.421000 -34.859001 96.369003
c<B>r<116>R<ASP> 15.436000 -33.180000 94.773003
c<B>r<117>R<TYR> 15.016000 -30.481001 97.452003
c<B>r<118>R<ILE> 14.005000 -32.549999 100.482002
c<B>r<119>R<HIS> 16.184000 -35.358002 101.815002
c<B>r<120>R<PRO> 17.343000 -36.441002 105.327003
c<B>r<121>R<VAL> 20.818001 -35.997002 106.824997
c<B>r<122>R<CYS> 22.584000 -38.889000 108.610001
c<B>r<123>R<LEU> 23.180000 -38.973000 112.325996
c<B>r<129>i<B>R<SER> 36.830002 -39.811001 113.134003
c<B>r<129>i<C>R<LEU> 35.424999 -36.398998 112.272003
c<B>r<130>R<LEU> 35.133999 -34.323002 115.484001
c<B>r<131>R<GLN> 38.805000 -33.219002 115.512001
c<B>r<132>R<ALA> 40.264999 -29.754999 115.945999
c<B>r<133>R<GLY> 40.828999 -28.103001 112.573997
c<B>r<134>R<TYR> 38.404999 -30.347000 110.710999
c<B>r<135>R<LYS> 35.735001 -28.228001 109.055000
c<B>r<136>R<GLY> 31.986000 -28.511000 109.097000
c<B>r<137>R<ARG> 29.243000 -26.520000 107.484001
c<B>r<144>R<LEU> 23.830000 -11.389000 107.964996
c<B>r<152>R<PRO> 19.266001 -12.791000 103.289001
c<B>r<153>R<SER> 17.235001 -13.367000 100.146004
c<B>r<154>R<VAL> 18.264999 -17.041000 100.083000
c<B>r<155>R<LEU> 19.775000 -19.729000 102.315002
c<B>r<156>R<GLN> 23.355000 -18.955000 103.414001
c<B>r<157>R<VAL> 26.260000 -21.351999 103.945000
c<B>r<158>R<VAL> 29.600000 -21.128000 105.692001
c<B>r<159>R<ASN> 32.289001 -23.695999 106.467003
c<B>r<160>R<LEU> 34.056000 -23.403000 109.852997
c<B>r<161>R<PRO> 36.813000 -25.364000 111.656998
c<B>r<185>R<LYS> 40.708000 -17.576000 115.290001
c<B>r<186>R<PRO> 41.724998 -13.907000 115.066002
c<B>r<186>i<A>R<ASP> 45.120998 -14.853000 113.570999
c<B>r<186>i<B>R<GLU> 43.539001 -17.059999 110.835999
c<B>r<186>i<C>R<GLY> 42.105000 -14.209000 108.695000
c<B>r<186>i<D>R<LYS> 38.938999 -16.062000 107.567001
c<B>r<187>R<ARG> 35.581001 -15.284000 109.209999
c<B>r<188>R<GLY> 32.053001 -16.636000 109.550003
c<B>r<200>R<VAL> 27.250999 -31.011999 109.075996
c<B>r<201>R<MET> 30.423000 -32.793999 107.902000
c<B>r<202>R<LYS> 30.921000 -34.985001 104.792999
c<B>r<203>R<SER> 32.540001 -38.257999 105.681999
c<B>r<204>R<PRO> 35.568001 -38.919998 103.490997
c<B>r<204>i<B>R<ASN> 31.521999 -43.109001 102.697998
c<B>r<205>R<ASN> 30.778000 -39.731998 101.107002
c<B>r<206>R<ARG> 27.665001 -39.091000 103.208000
c<B>r<207>R<TRP> 26.743000 -35.973999 105.147003
c<B>r<208>R<TYR> 26.393999 -36.325001 108.936996
c<B>r<209>R<GLN> 24.888000 -33.827000 111.373001
c<B>r<222>R<ASP> 37.027000 -11.805000 117.047997
c<G>r<19>R<LYS> 52.285999 -18.608000 110.667000
c<G>r<21>R<ASN> 52.946999 -14.657000 115.049004
c<G>r<22>R<LEU> 54.532001 -11.731000 113.219002
c<G>r<39>R<SER> 50.000000 -15.331000 105.505997
c<G>r<40>R<GLU> 48.514000 -16.480000 108.822998
c<G>r<41>R<ASN> 50.188999 -13.776000 110.913002
c<G>r<42>R<LEU> 48.852001 -10.984000 113.134003
c<G>r<43>R<LEU> 49.097000 -7.969000 110.852997
c<G>r<44>R<TYR> 46.139000 -5.955000 112.135002
c<G>r<62>R<LEU> 49.097000 -10.861000 103.208000
c<G>r<63>R<ASP> 46.144001 -13.265000 103.385002
c<G>r<64>R<ARG> 44.613998 -14.723000 106.561996
c<G>r<65>R<ALA> 46.576000 -12.192000 108.612000
c<G>r<66>R<GLU> 43.874001 -10.233000 110.471001
c<G>r<67>R<LEU> 44.595001 -7.256000 108.211998
c<G>r<68>R<THR> 42.412998 -4.352000 109.311996
c<G>r<84>R<LEU> 44.667999 -9.602000 100.741997
c<G>r<85>R<SER> 42.095001 -12.402000 100.970001
c<G>r<86>R<HIS> 40.584999 -13.602000 104.240997
c<G>r<87>R<ASN> 41.242001 -10.425000 106.176003
c<G>r<88>R<GLN> 39.097000 -7.837000 107.977997
c<G>r<108>R<SER> 38.096001 -11.879000 98.647003
c<G>r<109>R<PHE> 36.562000 -12.722000 102.012001
c<G>r<110>R<ASN> 37.046001 -9.387000 103.731003
c<G>r<111>R<ARG> 34.328999 -7.098000 105.126999
c<G>r<132>R<LYS> 34.393002 -13.073000 96.266998
c<G>r<133>R<GLY> 32.805000 -13.490000 99.677002
c<G>r<134>R<ASN> 32.230000 -9.878000 100.674004
c<G>r<135>R<GLU> 28.826000 -8.214000 101.135002
c<G>r<156>R<ALA> 30.794001 -14.453000 93.578003
c<G>r<157>R<ASN> 29.077999 -14.901000 96.931000
c<G>r<158>R<ASN> 28.343000 -11.249000 97.597000
c<G>r<159>R<ASN> 24.893000 -9.680000 98.029999
c<G>r<161>R<THR> 20.848000 -7.583000 93.433998
c<G>r<180>R<GLN> 27.361000 -17.216999 91.345001
c<G>r<181>R<GLU> 25.624001 -17.108000 94.723999
c<G>r<182>R<ASN> 24.434999 -13.504000 94.690002
c<G>r<183>R<SER> 20.871000 -12.169000 94.649002
c<G>r<203>R<HIS> 24.209000 -20.254000 89.126999
c<G>r<204>R<GLY> 22.841999 -19.743999 92.619003
c<G>r<205>R<ASN> 21.007000 -16.521000 91.723000
c<G>r<206>R<PRO> 17.228001 -15.987000 92.031998
c<G>r<229>R<VAL> 29.125999 -24.530001 87.935997
c<G>r<230>R<TRP> 31.816999 -23.627001 90.463997
c<G>r<231>R<LYS> 33.612999 -26.455999 92.258003
c<G>r<232>R<GLN> 36.094002 -25.559999 94.985001
c<G>r<233>R<GLY> 39.716000 -26.452000 94.300003
c<G>r<234>R<VAL> 39.133999 -27.648001 90.747002
c<G>r<245>R<SER> 22.462999 -24.440001 86.305000
c<G>r<247>R<GLN> 17.604000 -21.089001 87.039001
c<G>r<249>R<ASP> 14.184000 -18.282000 91.209000
c<G>r<250>R<ASN> 17.115999 -20.702999 91.532997
c<G>r<251>R<SER> 14.606000 -23.523001 91.000999
c<G>r<252>R<ASP> 16.216999 -26.677000 89.571999
c<G>r<253>R<LYS> 13.301000 -27.660999 87.333000
