c<A>r<1>R<CYS> 20.598000 -40.542999 104.344002
c<A>r<1>i<A>R<ASP> 20.083000 -43.105000 101.587997
c<A>r<1>i<B>R<ALA> 19.230000 -46.083000 103.786003
c<A>r<2>R<GLY> 23.120001 -37.882000 103.633003
c<A>r<3>R<LEU> 23.368999 -38.421001 99.869003
c<A>r<4>R<ARG> 21.943001 -35.355999 98.112000
c<A>r<5>R<PRO> 19.822001 -35.896000 94.980003
c<A>r<6>R<LEU> 21.413000 -32.939999 93.165001
c<A>r<7>R<PHE> 24.974001 -33.750000 94.259003
c<A>r<8>R<GLU> 26.156000 -37.169998 95.491997
c<A>r<9>R<LYS> 23.340000 -39.069000 93.766998
c<A>r<10>R<LYS> 24.495001 -37.667999 90.384003
c<A>r<11>R<SER> 28.224001 -37.426998 91.182999
c<A>r<12>R<LEU> 28.268999 -33.606998 91.221001
c<A>r<13>R<GLU> 30.164000 -31.660999 93.835999
c<A>r<14>R<ASP> 29.097000 -28.377001 95.401001
c<A>r<14>i<A>R<LYS> 31.284000 -25.275000 95.300003
c<A>r<14>i<B>R<THR> 32.938000 -25.605000 98.694000
c<A>r<14>i<C>R<GLU> 32.777000 -29.240000 99.779999
c<A>r<14>i<D>R<ARG> 36.417000 -29.617001 98.723999
c<A>r<14>i<E>R<GLU> 37.370998 -27.158001 101.505997
c<A>r<14>i<F>R<LEU> 35.893002 -29.627001 104.003998
c<A>r<14>i<G>R<LEU> 37.724998 -32.591000 102.461998
c<A>r<14>i<H>R<GLU> 41.055000 -30.753000 102.472000
c<A>r<14>i<I>R<SER> 40.655998 -30.098000 106.196999
c<A>r<14>i<J>R<TYR> 40.270000 -33.847000 106.964996
c<A>r<14>i<K>R<ILE> 44.032001 -34.419998 107.259003
c<A>r<14>i<L>R<ASP> 44.474998 -37.210999 109.866997
c<B>r<22>R<ALA> 23.777000 -21.796000 99.046997
c<B>r<23>R<GLU> 23.400999 -23.705000 95.806000
c<B>r<24>R<ILE> 20.018000 -25.240999 94.974998
c<B>r<25>R<GLY> 19.645000 -28.570999 96.704002
c<B>r<26>R<MET> 22.919001 -28.124001 98.641998
c<B>r<27>R<SER> 21.275000 -28.635000 102.069000
c<B>r<28>R<PRO> 18.139000 -30.646000 101.360001
c<B>r<29>R<TRP> 17.778000 -31.532000 105.050003
c<B>r<46>R<LEU> 15.231000 -33.403000 108.571999
c<B>r<47>R<ILE> 16.382999 -36.743000 109.983002
c<B>r<48>R<SER> 13.647000 -38.964001 108.539001
c<B>r<49>R<ASP> 10.251000 -38.612999 106.844002
c<B>r<50>R<ARG> 8.644000 -37.997002 110.204002
c<B>r<111>R<PRO> 5.381000 -38.055000 106.647003
c<B>r<112>R<VAL> 7.009000 -35.671001 104.103996
c<B>r<113>R<ALA> 7.780000 -36.942001 100.601997
c<B>r<114>R<PHE> 11.450000 -36.709000 99.558998
c<B>r<115>R<SER> 12.421000 -34.859001 96.369003
c<B>r<116>R<ASP> 15.436000 -33.180000 94.773003
c<B>r<117>R<TYR> 15.016000 -30.481001 97.452003
c<B>r<118>R<ILE> 14.005000 -32.549999 100.482002
c<B>r<119>R<HIS> 16.184000 -35.358002 101.815002
c<B>r<120>R<PRO> 17.343000 -36.441002 105.327003
c<B>r<121>R<VAL> 20.818001 -35.997002 106.824997
c<B>r<122>R<CYS> 22.584000 -38.889000 108.610001
c<B>r<123>R<LEU> 23.180000 -38.973000 112.325996
c<B>r<125>R<ASP> 27.563000 -43.214001 115.282997
c<B>r<129>i<B>R<SER> 36.830002 -39.811001 113.134003
c<B>r<129>i<C>R<LEU> 35.424999 -36.398998 112.272003
c<B>r<130>R<LEU> 35.133999 -34.323002 115.484001
c<B>r<131>R<GLN> 38.805000 -33.219002 115.512001
c<B>r<132>R<ALA> 40.264999 -29.754999 115.945999
c<B>r<133>R<GLY> 40.828999 -28.103001 112.573997
c<B>r<134>R<TYR> 38.404999 -30.347000 110.710999
c<B>r<135>R<LYS> 35.735001 -28.228001 109.055000
c<B>r<136>R<GLY> 31.986000 -28.511000 109.097000
c<B>r<137>R<ARG> 29.243000 -26.520000 107.484001
c<B>r<157>R<VAL> 26.260000 -21.351999 103.945000
c<B>r<158>R<VAL> 29.600000 -21.128000 105.692001
c<B>r<159>R<ASN> 32.289001 -23.695999 106.467003
c<B>r<160>R<LEU> 34.056000 -23.403000 109.852997
c<B>r<161>R<PRO> 36.813000 -25.364000 111.656998
c<B>r<200>R<VAL> 27.250999 -31.011999 109.075996
c<B>r<201>R<MET> 30.423000 -32.793999 107.902000
c<B>r<202>R<LYS> 30.921000 -34.985001 104.792999
c<B>r<203>R<SER> 32.540001 -38.257999 105.681999
c<B>r<204>R<PRO> 35.568001 -38.919998 103.490997
c<B>r<204>i<A>R<PHE> 35.033001 -42.646999 104.108002
c<B>r<204>i<B>R<ASN> 31.521999 -43.109001 102.697998
c<B>r<205>R<ASN> 30.778000 -39.731998 101.107002
c<B>r<206>R<ARG> 27.665001 -39.091000 103.208000
c<B>r<207>R<TRP> 26.743000 -35.973999 105.147003
c<B>r<208>R<TYR> 26.393999 -36.325001 108.936996
c<B>r<209>R<GLN> 24.888000 -33.827000 111.373001
c<B>r<239>R<GLN> 17.114000 -43.117001 119.747002
c<B>r<240>R<LYS> 15.039000 -43.547001 122.933998
c<B>r<241>R<VAL> 12.480000 -40.978001 121.800003
c<B>r<242>R<ILE> 12.198000 -42.307999 118.244003
c<B>r<243>R<ASP> 11.965000 -45.931999 119.508003
c<B>r<244>R<GLN> 9.201000 -45.117001 122.011002
c<B>r<245>R<PHE> 7.127000 -42.651001 119.976997
c<G>r<19>R<LYS> -0.737000 -44.984001 124.026001
c<G>r<39>R<SER> 2.320000 -49.935001 121.068001
c<G>r<40>R<GLU> 3.460000 -46.778000 122.875999
c<G>r<41>R<ASN> 2.794000 -48.118000 126.375999
c<G>r<42>R<LEU> 5.014000 -48.713001 129.414001
c<G>r<63>R<ASP> 6.569000 -51.816002 119.639999
c<G>r<64>R<ARG> 7.648000 -48.487000 121.158997
c<G>r<65>R<ALA> 6.654000 -49.785000 124.592003
c<G>r<66>R<GLU> 9.892000 -49.598000 126.610001
c<G>r<67>R<LEU> 10.089000 -53.396999 126.489998
c<G>r<85>R<SER> 10.609000 -52.875999 117.290001
c<G>r<86>R<HIS> 11.755000 -49.701000 119.028000
c<G>r<87>R<ASN> 12.199000 -51.250000 122.444000
c<G>r<88>R<GLN> 15.108000 -51.726002 124.864998
c<G>r<108>R<SER> 14.497000 -53.629002 114.845001
c<G>r<109>R<PHE> 15.781000 -50.673000 116.845001
c<G>r<110>R<ASN> 16.434000 -52.426998 120.133003
c<G>r<133>R<GLY> 19.028999 -50.480000 113.750999
c<G>r<156>R<ALA> 20.450001 -52.707001 107.820000
c<G>r<157>R<ASN> 22.031000 -50.023998 109.983002
c<G>r<159>R<ASN> 27.690001 -52.464001 112.814003
c<G>r<178>R<LEU> 18.667999 -55.200001 103.375000
c<G>r<179>R<LEU> 22.323999 -54.709000 104.334999
c<G>r<180>R<GLN> 22.759001 -50.969002 103.811996
c<G>r<181>R<GLU> 24.539000 -48.702999 106.290001
c<G>r<183>R<SER> 30.611000 -51.452000 107.889999
c<G>r<201>R<PHE> 20.216000 -53.014000 99.308998
c<G>r<202>R<LEU> 23.995001 -52.813999 99.696999
c<G>r<203>R<HIS> 24.715000 -49.078999 99.728996
c<G>r<204>R<GLY> 26.275000 -47.152000 102.588997
c<G>r<205>R<ASN> 29.013000 -49.740002 103.195999
c<G>r<206>R<PRO> 32.772999 -49.056000 102.961998
c<G>r<207>R<TRP> 33.457001 -51.780998 100.392998
c<G>r<228>R<TYR> 18.309000 -50.550999 95.092003
c<G>r<229>R<VAL> 18.662001 -47.611000 97.475998
c<G>r<230>R<TRP> 16.472000 -47.537998 100.582001
c<G>r<231>R<LYS> 13.924000 -44.738998 100.914001
c<G>r<232>R<GLN> 11.938000 -44.495998 104.138000
c<G>r<233>R<GLY> 8.202000 -45.076000 103.839996
c<G>r<234>R<VAL> 8.268000 -46.021000 100.166000
c<G>r<242>R<ASN> 20.740999 -48.129002 91.143997
c<G>r<244>R<ALA> 26.035999 -47.429001 91.186996
c<G>r<245>R<SER> 24.955999 -46.977001 94.822998
c<G>r<247>R<GLN> 30.648001 -47.992001 96.220001
c<G>r<248>R<CYS> 34.313000 -48.563999 97.018997
c<G>r<249>R<ASP> 34.903999 -46.978001 100.441002
c<G>r<250>R<ASN> 31.365000 -45.613998 100.015999
c<G>r<251>R<SER> 32.831001 -43.090000 97.564003
c<G>r<252>R<ASP> 30.260000 -41.827000 95.039001
c<G>r<253>R<LYS> 32.645000 -41.616001 92.080002
c<G>r<254>R<PHE> 33.887001 -45.189999 92.447998
