c<A>r<1>R<CYS> 20.598000 -40.542999 104.344002
c<A>r<1>i<A>R<ASP> 20.083000 -43.105000 101.587997
c<A>r<1>i<B>R<ALA> 19.230000 -46.083000 103.786003
c<A>r<2>R<GLY> 23.120001 -37.882000 103.633003
c<A>r<3>R<LEU> 23.368999 -38.421001 99.869003
c<A>r<4>R<ARG> 21.943001 -35.355999 98.112000
c<A>r<5>R<PRO> 19.822001 -35.896000 94.980003
c<A>r<6>R<LEU> 21.413000 -32.939999 93.165001
c<A>r<7>R<PHE> 24.974001 -33.750000 94.259003
c<A>r<8>R<GLU> 26.156000 -37.169998 95.491997
c<A>r<9>R<LYS> 23.340000 -39.069000 93.766998
c<A>r<13>R<GLU> 30.164000 -31.660999 93.835999
c<A>r<14>R<ASP> 29.097000 -28.377001 95.401001
c<A>r<14>i<A>R<LYS> 31.284000 -25.275000 95.300003
c<A>r<14>i<B>R<THR> 32.938000 -25.605000 98.694000
c<A>r<14>i<C>R<GLU> 32.777000 -29.240000 99.779999
c<A>r<14>i<D>R<ARG> 36.417000 -29.617001 98.723999
c<A>r<14>i<E>R<GLU> 37.370998 -27.158001 101.505997
c<A>r<14>i<F>R<LEU> 35.893002 -29.627001 104.003998
c<A>r<14>i<G>R<LEU> 37.724998 -32.591000 102.461998
c<A>r<14>i<H>R<GLU> 41.055000 -30.753000 102.472000
c<A>r<14>i<I>R<SER> 40.655998 -30.098000 106.196999
c<A>r<14>i<J>R<TYR> 40.270000 -33.847000 106.964996
c<A>r<14>i<K>R<ILE> 44.032001 -34.419998 107.259003
c<A>r<14>i<L>R<ASP> 44.474998 -37.210999 109.866997
c<B>r<22>R<ALA> 23.777000 -21.796000 99.046997
c<B>r<23>R<GLU> 23.400999 -23.705000 95.806000
c<B>r<24>R<ILE> 20.018000 -25.240999 94.974998
c<B>r<25>R<GLY> 19.645000 -28.570999 96.704002
c<B>r<26>R<MET> 22.919001 -28.124001 98.641998
c<B>r<27>R<SER> 21.275000 -28.635000 102.069000
c<B>r<28>R<PRO> 18.139000 -30.646000 101.360001
c<B>r<29>R<TRP> 17.778000 -31.532000 105.050003
c<B>r<46>R<LEU> 15.231000 -33.403000 108.571999
c<B>r<47>R<ILE> 16.382999 -36.743000 109.983002
c<B>r<48>R<SER> 13.647000 -38.964001 108.539001
c<B>r<49>R<ASP> 10.251000 -38.612999 106.844002
c<B>r<50>R<ARG> 8.644000 -37.997002 110.204002
c<B>r<51>R<TRP> 11.299000 -36.415001 112.496002
c<B>r<108>R<LEU> 5.469000 -34.313999 112.038002
c<B>r<109>R<LYS> 1.716000 -34.971001 111.702003
c<B>r<110>R<LYS> 2.294000 -36.708000 108.352997
c<B>r<111>R<PRO> 5.381000 -38.055000 106.647003
c<B>r<112>R<VAL> 7.009000 -35.671001 104.103996
c<B>r<113>R<ALA> 7.780000 -36.942001 100.601997
c<B>r<114>R<PHE> 11.450000 -36.709000 99.558998
c<B>r<115>R<SER> 12.421000 -34.859001 96.369003
c<B>r<116>R<ASP> 15.436000 -33.180000 94.773003
c<B>r<117>R<TYR> 15.016000 -30.481001 97.452003
c<B>r<118>R<ILE> 14.005000 -32.549999 100.482002
c<B>r<119>R<HIS> 16.184000 -35.358002 101.815002
c<B>r<120>R<PRO> 17.343000 -36.441002 105.327003
c<B>r<121>R<VAL> 20.818001 -35.997002 106.824997
c<B>r<122>R<CYS> 22.584000 -38.889000 108.610001
c<B>r<123>R<LEU> 23.180000 -38.973000 112.325996
c<B>r<124>R<PRO> 26.676001 -40.035999 113.467003
c<B>r<125>R<ASP> 27.563000 -43.214001 115.282997
c<B>r<126>R<ARG> 30.469999 -43.481998 117.716003
c<B>r<127>R<GLU> 32.966999 -44.188000 114.946999
c<B>r<128>R<THR> 31.740000 -41.219002 112.899002
c<B>r<129>i<A>R<ALA> 35.646999 -40.173000 116.745003
c<B>r<129>i<B>R<SER> 36.830002 -39.811001 113.134003
c<B>r<129>i<C>R<LEU> 35.424999 -36.398998 112.272003
c<B>r<130>R<LEU> 35.133999 -34.323002 115.484001
c<B>r<131>R<GLN> 38.805000 -33.219002 115.512001
c<B>r<132>R<ALA> 40.264999 -29.754999 115.945999
c<B>r<133>R<GLY> 40.828999 -28.103001 112.573997
c<B>r<134>R<TYR> 38.404999 -30.347000 110.710999
c<B>r<135>R<LYS> 35.735001 -28.228001 109.055000
c<B>r<136>R<GLY> 31.986000 -28.511000 109.097000
c<B>r<137>R<ARG> 29.243000 -26.520000 107.484001
c<B>r<157>R<VAL> 26.260000 -21.351999 103.945000
c<B>r<158>R<VAL> 29.600000 -21.128000 105.692001
c<B>r<159>R<ASN> 32.289001 -23.695999 106.467003
c<B>r<160>R<LEU> 34.056000 -23.403000 109.852997
c<B>r<161>R<PRO> 36.813000 -25.364000 111.656998
c<B>r<200>R<VAL> 27.250999 -31.011999 109.075996
c<B>r<201>R<MET> 30.423000 -32.793999 107.902000
c<B>r<202>R<LYS> 30.921000 -34.985001 104.792999
c<B>r<203>R<SER> 32.540001 -38.257999 105.681999
c<B>r<204>R<PRO> 35.568001 -38.919998 103.490997
c<B>r<204>i<A>R<PHE> 35.033001 -42.646999 104.108002
c<B>r<204>i<B>R<ASN> 31.521999 -43.109001 102.697998
c<B>r<205>R<ASN> 30.778000 -39.731998 101.107002
c<B>r<206>R<ARG> 27.665001 -39.091000 103.208000
c<B>r<207>R<TRP> 26.743000 -35.973999 105.147003
c<B>r<208>R<TYR> 26.393999 -36.325001 108.936996
c<B>r<209>R<GLN> 24.888000 -33.827000 111.373001
c<B>r<231>R<VAL> 24.719999 -34.735001 118.496002
c<B>r<232>R<PHE> 26.568001 -38.000999 118.957001
c<B>r<233>R<ARG> 26.775000 -37.493999 122.721001
c<B>r<234>R<LEU> 22.973000 -37.147999 122.839996
c<B>r<235>R<LYS> 22.190001 -39.993999 120.431000
c<B>r<236>R<LYS> 20.992001 -42.401001 123.140999
c<B>r<237>R<TRP> 18.240999 -39.896000 123.975998
c<B>r<238>R<ILE> 17.392000 -39.358002 120.288002
c<B>r<239>R<GLN> 17.114000 -43.117001 119.747002
c<B>r<240>R<LYS> 15.039000 -43.547001 122.933998
c<B>r<241>R<VAL> 12.480000 -40.978001 121.800003
c<B>r<242>R<ILE> 12.198000 -42.307999 118.244003
c<B>r<243>R<ASP> 11.965000 -45.931999 119.508003
c<B>r<244>R<GLN> 9.201000 -45.117001 122.011002
c<B>r<245>R<PHE> 7.127000 -42.651001 119.976997
c<G>r<19>R<LYS> 47.300999 -39.805000 117.837997
c<G>r<21>R<ASN> 51.648998 -38.872002 113.902000
c<G>r<39>R<SER> 44.229000 -45.259998 115.990997
c<G>r<40>R<GLU> 44.352001 -41.680000 114.684998
c<G>r<41>R<ASN> 47.784000 -42.013000 113.071999
c<G>r<42>R<LEU> 49.039001 -41.645000 109.494003
c<G>r<43>R<LEU> 49.261002 -45.251999 108.357002
c<G>r<63>R<ASP> 41.048000 -47.296001 112.930000
c<G>r<64>R<ARG> 40.941002 -43.633999 111.862999
c<G>r<65>R<ALA> 44.500000 -43.958000 110.564003
c<G>r<66>R<GLU> 44.201000 -43.084999 106.857002
c<G>r<85>R<SER> 37.085999 -48.808998 110.696999
c<G>r<86>R<HIS> 37.146999 -45.230999 109.428001
c<G>r<87>R<ASN> 39.918999 -45.743000 106.914001
c<G>r<88>R<GLN> 40.264000 -45.405998 103.129997
c<G>r<89>R<LEU> 40.325001 -49.026001 101.956001
c<G>r<90>R<GLN> 38.780998 -49.452000 98.500000
c<G>r<108>R<SER> 33.073002 -50.061001 108.699997
c<G>r<109>R<PHE> 33.307999 -46.615002 107.134003
c<G>r<110>R<ASN> 35.900002 -47.351002 104.478996
c<G>r<111>R<ARG> 35.483002 -47.029999 100.697998
c<G>r<112>R<LEU> 34.222000 -50.492001 99.777000
c<G>r<113>R<THR> 31.965000 -50.738998 96.736000
c<G>r<132>R<LYS> 28.563999 -50.408001 108.109001
c<G>r<133>R<GLY> 28.952000 -47.166000 106.194000
c<G>r<134>R<ASN> 30.483000 -48.398998 102.952003
c<G>r<135>R<GLU> 28.813000 -48.286999 99.522003
c<G>r<156>R<ALA> 23.900000 -50.905998 107.821999
c<G>r<157>R<ASN> 24.149000 -47.664001 105.871002
c<G>r<158>R<ASN> 25.403999 -49.143002 102.621002
c<G>r<159>R<ASN> 23.646999 -48.987000 99.238998
c<G>r<160>R<LEU> 22.105000 -52.467999 99.155998
c<G>r<161>R<THR> 19.059000 -52.925999 96.930000
c<G>r<179>R<LEU> 20.479000 -53.727001 107.795998
c<G>r<180>R<GLN> 19.040001 -50.269001 108.443001
c<G>r<181>R<GLU> 19.510000 -47.331001 106.079002
c<G>r<182>R<ASN> 20.041000 -49.228001 102.834999
c<G>r<183>R<SER> 17.860001 -49.278999 99.717003
c<G>r<184>R<LEU> 16.295000 -52.699001 100.339996
c<G>r<202>R<LEU> 15.454000 -53.141998 109.309998
c<G>r<203>R<HIS> 14.290000 -49.521000 109.421997
c<G>r<204>R<GLY> 15.260000 -46.811001 106.964996
c<G>r<205>R<ASN> 14.705000 -49.014000 103.900002
c<G>r<206>R<PRO> 12.219000 -48.272999 101.084000
c<G>r<228>R<TYR> 14.602000 -52.486000 116.892998
c<G>r<229>R<VAL> 15.678000 -48.985001 115.876999
c<G>r<230>R<TRP> 19.381001 -48.132999 115.996002
c<G>r<231>R<LYS> 20.527000 -45.456001 118.438004
c<G>r<232>R<GLN> 24.171000 -44.400002 118.359001
c<G>r<233>R<GLY> 26.200001 -45.188000 121.463997
c<G>r<234>R<VAL> 23.448000 -47.119999 123.221001
c<G>r<235>R<ASP> 23.374001 -50.832001 124.018997
c<G>r<239>R<MET> 15.574000 -51.016998 124.500000
c<G>r<240>R<THR> 11.915000 -51.173000 123.571999
c<G>r<241>R<SER> 11.346000 -53.028000 120.313004
c<G>r<242>R<ASN> 9.577000 -51.171001 117.513000
c<G>r<243>R<VAL> 8.282000 -53.304001 114.652000
c<G>r<244>R<ALA> 6.424000 -50.277000 113.293999
c<G>r<245>R<SER> 9.831000 -48.868000 112.291000
c<G>r<250>R<ASN> 9.981000 -45.853001 104.496002
c<G>r<251>R<SER> 6.674000 -44.060001 105.112000
c<G>r<252>R<ASP> 5.888000 -43.657001 108.827003
c<G>r<253>R<LYS> 2.132000 -44.188000 108.524002
c<G>r<254>R<PHE> 2.451000 -47.465000 106.621002
