c<A>r<1>R<CYS> 20.598000 -40.542999 104.344002
c<A>r<1>i<A>R<ASP> 20.083000 -43.105000 101.587997
c<A>r<1>i<B>R<ALA> 19.230000 -46.083000 103.786003
c<A>r<2>R<GLY> 23.120001 -37.882000 103.633003
c<A>r<3>R<LEU> 23.368999 -38.421001 99.869003
c<A>r<4>R<ARG> 21.943001 -35.355999 98.112000
c<A>r<5>R<PRO> 19.822001 -35.896000 94.980003
c<A>r<6>R<LEU> 21.413000 -32.939999 93.165001
c<A>r<7>R<PHE> 24.974001 -33.750000 94.259003
c<A>r<8>R<GLU> 26.156000 -37.169998 95.491997
c<A>r<9>R<LYS> 23.340000 -39.069000 93.766998
c<A>r<10>R<LYS> 24.495001 -37.667999 90.384003
c<A>r<11>R<SER> 28.224001 -37.426998 91.182999
c<A>r<12>R<LEU> 28.268999 -33.606998 91.221001
c<A>r<13>R<GLU> 30.164000 -31.660999 93.835999
c<A>r<14>R<ASP> 29.097000 -28.377001 95.401001
c<A>r<14>i<A>R<LYS> 31.284000 -25.275000 95.300003
c<A>r<14>i<B>R<THR> 32.938000 -25.605000 98.694000
c<A>r<14>i<C>R<GLU> 32.777000 -29.240000 99.779999
c<A>r<14>i<D>R<ARG> 36.417000 -29.617001 98.723999
c<A>r<14>i<E>R<GLU> 37.370998 -27.158001 101.505997
c<A>r<14>i<F>R<LEU> 35.893002 -29.627001 104.003998
c<A>r<14>i<G>R<LEU> 37.724998 -32.591000 102.461998
c<A>r<14>i<H>R<GLU> 41.055000 -30.753000 102.472000
c<A>r<14>i<I>R<SER> 40.655998 -30.098000 106.196999
c<A>r<14>i<J>R<TYR> 40.270000 -33.847000 106.964996
c<A>r<14>i<K>R<ILE> 44.032001 -34.419998 107.259003
c<A>r<14>i<L>R<ASP> 44.474998 -37.210999 109.866997
c<B>r<21>R<ASP> 24.476000 -18.090000 98.959999
c<B>r<22>R<ALA> 23.777000 -21.796000 99.046997
c<B>r<23>R<GLU> 23.400999 -23.705000 95.806000
c<B>r<24>R<ILE> 20.018000 -25.240999 94.974998
c<B>r<25>R<GLY> 19.645000 -28.570999 96.704002
c<B>r<26>R<MET> 22.919001 -28.124001 98.641998
c<B>r<27>R<SER> 21.275000 -28.635000 102.069000
c<B>r<28>R<PRO> 18.139000 -30.646000 101.360001
c<B>r<29>R<TRP> 17.778000 -31.532000 105.050003
c<B>r<46>R<LEU> 15.231000 -33.403000 108.571999
c<B>r<47>R<ILE> 16.382999 -36.743000 109.983002
c<B>r<48>R<SER> 13.647000 -38.964001 108.539001
c<B>r<49>R<ASP> 10.251000 -38.612999 106.844002
c<B>r<50>R<ARG> 8.644000 -37.997002 110.204002
c<B>r<51>R<TRP> 11.299000 -36.415001 112.496002
c<B>r<111>R<PRO> 5.381000 -38.055000 106.647003
c<B>r<112>R<VAL> 7.009000 -35.671001 104.103996
c<B>r<113>R<ALA> 7.780000 -36.942001 100.601997
c<B>r<114>R<PHE> 11.450000 -36.709000 99.558998
c<B>r<115>R<SER> 12.421000 -34.859001 96.369003
c<B>r<116>R<ASP> 15.436000 -33.180000 94.773003
c<B>r<117>R<TYR> 15.016000 -30.481001 97.452003
c<B>r<118>R<ILE> 14.005000 -32.549999 100.482002
c<B>r<119>R<HIS> 16.184000 -35.358002 101.815002
c<B>r<120>R<PRO> 17.343000 -36.441002 105.327003
c<B>r<121>R<VAL> 20.818001 -35.997002 106.824997
c<B>r<122>R<CYS> 22.584000 -38.889000 108.610001
c<B>r<123>R<LEU> 23.180000 -38.973000 112.325996
c<B>r<124>R<PRO> 26.676001 -40.035999 113.467003
c<B>r<125>R<ASP> 27.563000 -43.214001 115.282997
c<B>r<129>i<B>R<SER> 36.830002 -39.811001 113.134003
c<B>r<129>i<C>R<LEU> 35.424999 -36.398998 112.272003
c<B>r<130>R<LEU> 35.133999 -34.323002 115.484001
c<B>r<131>R<GLN> 38.805000 -33.219002 115.512001
c<B>r<132>R<ALA> 40.264999 -29.754999 115.945999
c<B>r<133>R<GLY> 40.828999 -28.103001 112.573997
c<B>r<134>R<TYR> 38.404999 -30.347000 110.710999
c<B>r<135>R<LYS> 35.735001 -28.228001 109.055000
c<B>r<136>R<GLY> 31.986000 -28.511000 109.097000
c<B>r<137>R<ARG> 29.243000 -26.520000 107.484001
c<B>r<157>R<VAL> 26.260000 -21.351999 103.945000
c<B>r<158>R<VAL> 29.600000 -21.128000 105.692001
c<B>r<159>R<ASN> 32.289001 -23.695999 106.467003
c<B>r<160>R<LEU> 34.056000 -23.403000 109.852997
c<B>r<161>R<PRO> 36.813000 -25.364000 111.656998
c<B>r<200>R<VAL> 27.250999 -31.011999 109.075996
c<B>r<201>R<MET> 30.423000 -32.793999 107.902000
c<B>r<202>R<LYS> 30.921000 -34.985001 104.792999
c<B>r<203>R<SER> 32.540001 -38.257999 105.681999
c<B>r<204>R<PRO> 35.568001 -38.919998 103.490997
c<B>r<204>i<A>R<PHE> 35.033001 -42.646999 104.108002
c<B>r<204>i<B>R<ASN> 31.521999 -43.109001 102.697998
c<B>r<205>R<ASN> 30.778000 -39.731998 101.107002
c<B>r<206>R<ARG> 27.665001 -39.091000 103.208000
c<B>r<207>R<TRP> 26.743000 -35.973999 105.147003
c<B>r<208>R<TYR> 26.393999 -36.325001 108.936996
c<B>r<209>R<GLN> 24.888000 -33.827000 111.373001
c<B>r<232>R<PHE> 26.568001 -38.000999 118.957001
c<B>r<235>R<LYS> 22.190001 -39.993999 120.431000
c<B>r<236>R<LYS> 20.992001 -42.401001 123.140999
c<B>r<238>R<ILE> 17.392000 -39.358002 120.288002
c<B>r<239>R<GLN> 17.114000 -43.117001 119.747002
c<B>r<240>R<LYS> 15.039000 -43.547001 122.933998
c<B>r<242>R<ILE> 12.198000 -42.307999 118.244003
c<B>r<243>R<ASP> 11.965000 -45.931999 119.508003
c<G>r<7>R<SER> 15.900000 -22.615000 88.056000
c<G>r<8>R<LYS> 19.465000 -21.243999 88.000999
c<G>r<9>R<VAL> 22.014999 -19.739000 90.428001
c<G>r<10>R<ALA> 25.323999 -21.125999 91.706001
c<G>r<11>R<SER> 25.167999 -24.930000 91.859001
c<G>r<12>R<HIS> 23.714001 -25.350000 88.366997
c<G>r<13>R<LEU> 20.725000 -25.129999 86.016998
c<G>r<14>R<GLU> 17.783001 -27.419001 86.799004
c<G>r<34>R<THR> 22.771999 -29.709999 84.139000
c<G>r<35>R<ILE> 19.760000 -31.478001 85.696999
c<G>r<37>R<HIS> 13.449000 -33.827000 85.098999
c<G>r<58>R<THR> 24.855000 -34.641998 84.737999
c<G>r<59>R<GLN> 21.474001 -35.870998 86.025002
c<G>r<60>R<LEU> 18.492001 -37.221001 84.098000
c<G>r<78>R<VAL> 29.257999 -36.443001 81.871002
c<G>r<79>R<LEU> 25.927000 -37.993000 82.862999
c<G>r<80>R<GLY> 26.330000 -39.130001 86.457001
c<G>r<81>R<THR> 22.795000 -40.029999 87.543999
c<G>r<82>R<LEU> 20.044001 -41.841000 85.643997
c<G>r<83>R<ASP> 16.673000 -42.521999 87.255997
c<G>r<101>R<ALA> 30.759001 -41.647999 84.028000
c<G>r<102>R<LEU> 27.533001 -42.978001 85.531998
c<G>r<103>R<THR> 27.648001 -43.213001 89.334000
c<G>r<104>R<VAL> 23.945999 -43.740002 90.126999
c<G>r<105>R<LEU> 21.530001 -46.022999 88.276001
c<G>r<125>R<GLU> 32.367001 -45.536999 88.264999
c<G>r<126>R<LEU> 29.016001 -46.870998 89.502998
c<G>r<127>R<GLN> 28.423000 -46.152000 93.199997
c<G>r<128>R<GLU> 24.688000 -46.784000 93.638000
c<G>r<151>R<GLU> 28.569000 -48.217999 97.822998
c<G>r<152>R<LYS> 24.830000 -48.931999 97.787003
c<G>r<154>R<SER> 19.299000 -52.526001 96.425003
c<G>r<173>R<ASN> 33.415001 -49.673000 99.652000
c<G>r<174>R<LEU> 29.937000 -51.164001 100.153999
c<G>r<175>R<ASP> 27.974001 -49.397999 102.892998
c<G>r<176>R<THR> 24.337000 -50.280998 102.211998
c<G>r<177>R<LEU> 22.837000 -53.605000 101.135002
c<G>r<178>R<LEU> 19.066999 -53.938000 100.757004
c<G>r<199>R<PHE> 23.731001 -50.941002 106.802002
c<G>r<200>R<ALA> 22.212999 -54.300999 105.904999
c<G>r<201>R<PHE> 18.506001 -55.049999 105.464996
c<G>r<228>R<TYR> 18.146000 -52.699001 110.137001
c<G>r<229>R<VAL> 14.485000 -52.716999 109.117996
c<G>r<230>R<TRP> 13.440000 -50.631001 106.116997
c<G>r<231>R<LYS> 11.048000 -47.734001 106.692001
c<G>r<232>R<GLN> 9.779000 -45.830002 103.664001
c<G>r<233>R<GLY> 10.852000 -42.202000 103.410004
c<G>r<234>R<VAL> 13.158000 -42.287998 106.420998
c<G>r<235>R<ASP> 16.941000 -41.957001 106.447998
c<G>r<236>R<VAL> 19.007000 -44.304001 108.611000
c<G>r<237>R<LYS> 19.900999 -41.205002 110.646004
c<G>r<238>R<ALA> 20.621000 -43.275002 113.738998
c<G>r<239>R<MET> 17.645000 -45.591999 113.332001
c<G>r<240>R<THR> 17.892000 -48.286999 115.969002
