c<A>r<2>R<GLU> -3.154000 -29.176001 0.563000
c<A>r<5>R<ALA> -3.917000 -24.025000 -0.066000
c<A>r<6>R<GLN> -7.689000 -24.797001 -0.105000
c<A>r<7>R<GLU> -8.261000 -22.670000 3.048000
c<A>r<8>R<ARG> -6.384000 -19.695999 1.471000
c<A>r<9>R<GLN> -8.420000 -20.122000 -1.749000
c<A>r<11>R<GLN> -10.273000 -16.872000 2.080000
c<A>r<12>R<LEU> -9.581000 -15.141000 -1.309000
c<A>r<15>R<MET> -12.666000 -11.568000 0.587000
c<A>r<17>R<ILE> -10.168000 -10.887000 -4.194000
c<A>r<18>R<SER> -9.389000 -11.662000 -7.840000
c<A>r<19>R<LEU> -5.740000 -11.886000 -8.918000
c<A>r<20>R<GLU> -4.899000 -10.609000 -12.402000
c<A>r<21>R<THR> -1.479000 -10.893000 -14.133000
c<A>r<22>R<SER> -0.850000 -7.137000 -13.585000
c<A>r<23>R<GLY> -2.386000 -6.773000 -10.076000
c<A>r<24>R<ILE> -5.204000 -7.192000 -7.512000
c<A>r<25>R<LYS> -8.961000 -6.649000 -8.005000
c<A>r<26>R<VAL> -11.297000 -6.487000 -4.963000
c<A>r<28>R<ASP> -17.495001 -4.475000 -5.626000
c<A>r<32>R<TYR> -12.851000 -1.998000 2.785000
c<A>r<33>R<LEU> -10.283000 0.680000 3.669000
c<A>r<34>R<VAL> -7.248000 1.311000 1.437000
c<A>r<35>R<ASN> -4.168000 2.456000 3.366000
c<A>r<36>R<LEU> -2.699000 5.605000 1.766000
c<A>r<37>R<ASN> 0.160000 6.047000 4.274000
c<A>r<38>R<ALA> 3.713000 6.534000 2.912000
c<A>r<39>R<ASP> 5.643000 4.966000 5.771000
c<A>r<40>R<PRO> 6.527000 1.260000 5.160000
c<A>r<41>R<ALA> 7.670000 1.171000 8.844000
c<A>r<43>R<ASN> 3.186000 -2.572000 9.804000
c<A>r<44>R<GLU> -0.180000 -1.820000 8.169000
c<A>r<45>R<LEU> -2.232000 -3.779000 5.645000
c<A>r<46>R<LEU> -2.703000 -2.159000 2.224000
c<A>r<47>R<VAL> -6.396000 -3.205000 2.386000
c<A>r<48>R<TYR> -8.482000 -3.626000 5.568000
c<A>r<49>R<TYR> -11.839000 -5.423000 5.319000
c<A>r<50>R<LEU> -14.674000 -3.845000 7.289000
c<A>r<51>R<LYS> -16.961000 -6.082000 9.357000
c<A>r<63>R<ASP> -9.768000 -5.005000 14.850000
c<A>r<64>R<ILE> -7.650000 -2.476000 12.905000
c<A>r<111>R<HIS> -17.905001 5.534000 -1.179000
c<A>r<112>R<GLY> -14.520000 7.220000 -1.809000
c<A>r<113>R<ASP> -14.464000 9.204000 1.485000
c<A>r<124>R<ARG> -9.835000 5.793000 1.573000
c<A>r<125>R<ILE> -13.090000 3.876000 2.065000
c<A>r<126>R<ASN> -14.617000 1.676000 -0.657000
c<A>r<127>R<LEU> -18.341000 0.859000 -0.277000
c<A>r<128>R<PRO> -20.719000 -1.209000 -2.503000
c<B>r<1>R<THR> -8.585000 -27.961000 -8.268000
c<B>r<2>R<GLU> -5.057000 -28.634001 -6.868000
c<B>r<4>R<ILE> -5.156000 -24.202000 -10.054000
c<B>r<5>R<ALA> -4.767000 -23.603001 -6.270000
c<B>r<6>R<GLN> -0.960000 -24.184999 -6.378000
c<B>r<8>R<ARG> -2.603000 -19.107000 -7.656000
c<B>r<9>R<GLN> -0.463000 -19.582001 -4.505000
c<B>r<11>R<GLN> 1.262000 -16.114000 -8.210000
c<B>r<12>R<LEU> 0.512000 -14.567000 -4.741000
c<B>r<15>R<MET> 3.560000 -10.816000 -6.385000
c<B>r<17>R<ILE> 1.059000 -10.727000 -1.565000
c<B>r<18>R<SER> 0.291000 -12.011000 1.914000
c<B>r<19>R<LEU> -3.356000 -12.517000 2.868000
c<B>r<20>R<GLU> -4.302000 -11.829000 6.484000
c<B>r<21>R<THR> -7.773000 -12.486000 8.009000
c<B>r<22>R<SER> -8.325000 -8.682000 8.233000
c<B>r<23>R<GLY> -6.859000 -7.713000 4.813000
c<B>r<24>R<ILE> -4.095000 -7.704000 2.168000
c<B>r<25>R<LYS> -0.379000 -7.027000 2.791000
c<B>r<26>R<VAL> 2.044000 -6.435000 -0.117000
c<B>r<27>R<GLY> 5.818000 -7.050000 0.212000
c<B>r<28>R<ASP> 8.093000 -4.058000 0.930000
c<B>r<32>R<TYR> 3.349000 -1.097000 -7.259000
c<B>r<33>R<LEU> 0.658000 1.531000 -7.914000
c<B>r<34>R<VAL> -2.414000 1.842000 -5.659000
c<B>r<35>R<ASN> -5.521000 3.007000 -7.536000
c<B>r<36>R<LEU> -7.171000 5.950000 -5.729000
c<B>r<37>R<ASN> -10.146000 6.313000 -8.139000
c<B>r<38>R<ALA> -13.649000 6.570000 -6.600000
c<B>r<39>R<ASP> -15.551000 5.750000 -9.772000
c<B>r<40>R<PRO> -16.892000 2.134000 -9.928000
c<B>r<43>R<ASN> -13.129000 -1.251000 -13.919000
c<B>r<44>R<GLU> -9.485000 -0.933000 -12.783000
c<B>r<45>R<LEU> -7.263000 -2.973000 -10.452000
c<B>r<46>R<LEU> -6.826000 -1.725000 -6.878000
c<B>r<47>R<VAL> -3.092000 -2.594000 -7.103000
c<B>r<48>R<TYR> -0.919000 -2.623000 -10.252000
c<B>r<49>R<TYR> 2.516000 -4.305000 -10.141000
c<B>r<50>R<LEU> 5.339000 -2.450000 -11.872000
c<B>r<51>R<LYS> 7.674000 -4.387000 -14.178000
c<B>r<63>R<ASP> 0.721000 -3.280000 -19.509001
c<B>r<64>R<ILE> -1.626000 -1.032000 -17.475000
c<B>r<65>R<GLN> -4.785000 -0.442000 -19.507000
c<B>r<111>R<HIS> 7.982000 6.246000 -2.517000
c<B>r<112>R<GLY> 4.518000 7.738000 -1.836000
c<B>r<113>R<ASP> 4.456000 9.986000 -4.948000
c<B>r<124>R<ARG> -0.055000 6.440000 -5.371000
c<B>r<125>R<ILE> 3.273000 4.703000 -6.005000
c<B>r<126>R<ASN> 4.781000 2.325000 -3.437000
c<B>r<127>R<LEU> 8.531000 1.753000 -3.851000
c<B>r<128>R<PRO> 11.117000 -0.052000 -1.634000
