c<A>r<8>R<SER> -11.525000 -5.868000 -1.975000
c<A>r<9>R<HIS> -11.303000 -8.381000 -4.803000
c<A>r<10>R<SER> -7.851000 -9.479000 -3.556000
c<A>r<11>R<LYS> -6.094000 -10.222000 -0.234000
c<A>r<12>R<ILE> -4.847000 -6.563000 -0.082000
c<A>r<13>R<THR> -7.157000 -6.164000 2.982000
c<A>r<14>R<ASP> -5.038000 -8.660000 5.011000
c<A>r<15>R<GLY> -1.982000 -6.401000 4.504000
c<A>r<16>R<ILE> -3.993000 -3.296000 5.641000
c<A>r<17>R<LYS> -5.244000 -5.162000 8.768000
c<A>r<18>R<GLU> -1.575000 -5.967000 9.650000
c<A>r<19>R<ILE> -0.400000 -2.285000 9.575000
c<A>r<60>R<PHE> -13.919000 0.809000 2.680000
c<A>r<61>R<ALA> -13.907000 -0.669000 -0.825000
c<A>r<62>R<ASP> -11.311000 -0.637000 -3.633000
c<A>r<63>R<LEU> -13.105000 -0.688000 -7.027000
c<A>r<64>R<GLY> -15.817000 -2.305000 -9.171000
c<A>r<67>R<VAL> -18.122000 -1.123000 -4.211000
c<A>r<68>R<LEU> -21.235001 -2.929000 -5.558000
c<A>r<71>R<GLU> -23.834999 -1.097000 -1.642000
c<A>r<85>R<HIS> -21.407000 3.720000 6.775000
c<A>r<86>R<LEU> -20.176001 3.550000 3.182000
c<A>r<87>R<VAL> -16.957001 5.648000 3.377000
c<A>r<88>R<ASP> -16.184000 7.733000 0.238000
c<A>r<89>R<ALA> -12.404000 7.380000 0.724000
c<A>r<90>R<PRO> -9.411000 5.406000 -0.611000
c<A>r<91>R<LEU> -9.127000 1.809000 0.656000
c<A>r<92>R<VAL> -5.649000 1.993000 2.323000
c<A>r<93>R<GLU> -5.312000 5.659000 3.325000
c<A>r<94>R<GLY> -8.960000 6.147000 4.373000
c<A>r<96>R<PHE> -5.680000 3.943000 8.213000
c<A>r<97>R<ALA> -6.814000 7.561000 8.867000
c<A>r<115>R<GLN> -12.060000 11.432000 2.932000
c<A>r<117>R<ALA> -6.294000 10.817000 3.542000
c<A>r<118>R<GLY> -5.622000 10.112000 -0.204000
c<A>r<119>R<LYS> -3.348000 13.195000 -0.713000
c<A>r<120>R<LYS> 0.436000 13.053000 0.026000
c<A>r<121>R<GLY> 0.899000 16.775000 -0.764000
c<A>r<122>R<TRP> 2.949000 16.011000 -3.916000
c<A>r<123>R<ASN> 1.393000 18.958000 -5.839000
c<B>r<8>R<SER> 4.355000 0.609000 1.367000
c<B>r<9>R<HIS> 5.403000 -0.765000 4.774000
c<B>r<10>R<SER> 3.343000 -3.910000 3.969000
c<B>r<11>R<LYS> 2.817000 -6.628000 1.324000
c<B>r<12>R<ILE> -0.351000 -4.671000 0.278000
c<B>r<13>R<THR> 1.742000 -3.924000 -2.866000
c<B>r<14>R<ASP> 1.871000 -7.669000 -3.805000
c<B>r<15>R<GLY> -1.954000 -7.745000 -4.054000
c<B>r<16>R<ILE> -1.927000 -4.555000 -6.229000
c<B>r<18>R<GLU> -1.913000 -8.795000 -9.461000
c<B>r<38>R<LEU> 7.015000 -4.605000 7.846000
c<B>r<39>R<GLY> 9.149000 -1.614000 6.684000
c<B>r<60>R<PHE> 2.745000 5.488000 -5.475000
c<B>r<61>R<ALA> 3.133000 5.516000 -1.697000
c<B>r<62>R<ASP> 0.609000 4.908000 1.094000
c<B>r<63>R<LEU> 1.650000 6.795000 4.264000
c<B>r<64>R<GLY> 4.410000 8.066000 6.547000
c<B>r<67>R<VAL> 6.170000 8.798000 1.305000
c<B>r<68>R<LEU> 9.494000 9.937000 2.876000
c<B>r<71>R<GLU> 10.935000 11.659000 -1.660000
c<B>r<85>R<HIS> 7.048000 11.024000 -11.059000
c<B>r<86>R<LEU> 5.814000 11.237000 -7.464000
c<B>r<87>R<VAL> 2.051000 10.645000 -7.979000
c<B>r<88>R<ASP> -0.248000 12.500000 -5.507000
c<B>r<89>R<ALA> -2.806000 9.689000 -5.540000
c<B>r<90>R<PRO> -4.064000 6.845000 -3.319000
c<B>r<91>R<LEU> -1.833000 3.733000 -3.406000
c<B>r<92>R<VAL> -4.471000 1.201000 -4.647000
c<B>r<93>R<GLU> -6.911000 3.303000 -6.696000
c<B>r<94>R<GLY> -4.267000 5.660000 -8.161000
c<B>r<96>R<PHE> -5.078000 0.940000 -10.809000
c<B>r<115>R<GLN> -5.156000 12.022000 -8.786000
c<B>r<116>R<ASN> -8.956000 11.793000 -9.338000
c<B>r<117>R<ALA> -9.036000 8.132000 -8.173000
c<B>r<118>R<GLY> -10.215000 6.948000 -4.702000
c<B>r<119>R<LYS> -13.757000 8.474000 -4.861000
c<B>r<120>R<LYS> -16.664000 5.941000 -4.988000
c<B>r<121>R<GLY> -19.523001 8.516000 -5.102000
c<B>r<122>R<TRP> -20.982000 7.578000 -1.665000
c<B>r<123>R<ASN> -21.273001 11.281000 -0.522000
