c<A>r<91>R<PRO> 17.129000 2.754000 3.907000
c<A>r<95>R<ARG> 20.150000 -2.278000 5.779000
c<A>r<98>R<GLN> 20.082001 -5.448000 9.757000
c<A>r<99>R<ARG> 23.497999 -6.863000 8.823000
c<A>r<101>R<GLN> 21.908001 -7.373000 13.907000
c<A>r<102>R<ALA> 22.507000 -10.596000 12.246000
c<A>r<103>R<GLN> 25.783001 -10.467000 14.014000
c<A>r<104>R<THR> 24.523001 -9.318000 17.570000
c<A>r<105>R<THR> 21.844000 -10.859000 20.129999
c<A>r<106>R<GLU> 20.291000 -7.923000 22.511000
c<A>r<107>R<ALA> 17.681000 -4.651000 23.448000
c<A>r<108>R<CYS> 17.770000 -2.753000 20.754000
c<A>r<110>R<ASP> 16.117001 1.732000 16.197001
c<A>r<111>R<PRO> 17.187000 3.869000 13.127000
c<A>r<112>R<PRO> 14.815000 6.735000 14.032000
c<A>r<144>R<PHE> 19.658001 -2.719000 17.733000
c<A>r<145>R<HIS> 16.179001 -3.294000 16.379999
c<A>r<146>R<THR> 15.433000 -2.240000 12.733000
c<A>r<147>R<LEU> 12.156000 -2.221000 10.869000
c<A>r<148>R<PRO> 12.009000 -3.202000 7.155000
c<A>r<149>R<THR> 12.269000 -0.225000 4.843000
c<A>r<150>R<PRO> 9.363000 0.712000 2.563000
c<A>r<151>R<GLN> 11.345000 -0.540000 -0.384000
c<A>r<152>R<TYR> 11.826000 -3.942000 1.289000
c<A>r<153>R<PHE> 8.081000 -4.584000 1.112000
c<A>r<154>R<VAL> 7.994000 -4.258000 -2.615000
c<A>r<155>R<ASP> 11.306000 -6.021000 -3.135000
c<A>r<156>R<PHE> 10.082000 -8.948000 -1.146000
c<A>r<157>R<VAL> 7.234000 -9.651000 -3.599000
c<A>r<160>R<GLN> 9.446000 -14.199000 -4.320000
c<A>r<176>R<LEU> -0.680000 -13.564000 -5.651000
c<A>r<179>R<ARG> -3.085000 -16.216999 -2.143000
c<A>r<180>R<LEU> -4.466000 -13.118000 -0.798000
c<A>r<181>R<GLY> -8.077000 -14.249000 -0.956000
c<A>r<187>R<VAL> -17.287001 -6.781000 -7.681000
c<A>r<189>R<LEU> -11.689000 -7.773000 -9.851000
c<A>r<193>R<ASP> -8.992000 -5.981000 -14.332000
c<A>r<194>R<VAL> -6.608000 -4.666000 -11.653000
c<A>r<196>R<ALA> -6.507000 -2.313000 -16.441999
c<A>r<197>R<VAL> -7.481000 -0.092000 -13.528000
c<A>r<198>R<TYR> -3.901000 1.193000 -13.380000
c<A>r<199>R<GLY> -3.392000 1.367000 -17.164000
c<A>r<211>R<TRP> 2.937000 -2.991000 -7.616000
c<A>r<212>R<ALA> 3.154000 -0.264000 -5.061000
c<A>r<213>R<GLN> 0.428000 1.566000 -6.952000
c<A>r<214>R<LEU> -1.920000 -1.349000 -7.083000
c<A>r<215>R<SER> -1.365000 -2.575000 -3.526000
c<A>r<216>R<PRO> -4.264000 -0.506000 -2.147000
c<A>r<217>R<ALA> -6.553000 -2.226000 -4.598000
c<A>r<218>R<LEU> -5.462000 -5.585000 -3.411000
c<A>r<219>R<LEU> -6.077000 -4.679000 0.184000
c<A>r<220>R<GLN> -9.374000 -3.254000 -0.640000
c<A>r<221>R<GLN> -10.363000 -6.390000 -2.414000
c<A>r<222>R<GLN> -9.503000 -8.351000 0.717000
c<A>r<223>R<LEU> -11.216000 -6.080000 3.077000
c<A>r<224>R<SER> -14.294000 -5.621000 0.946000
c<B>r<103>R<PRO> -11.731000 3.546000 -21.577999
c<B>r<131>R<THR> -16.681000 0.200000 -15.163000
c<B>r<132>R<LEU> -13.651000 -0.697000 -13.164000
c<B>r<133>R<PRO> -13.044000 1.065000 -9.849000
c<B>r<134>R<THR> -10.681000 3.961000 -10.026000
c<B>r<135>R<PRO> -7.395000 3.794000 -8.163000
c<B>r<136>R<GLN> -8.651000 6.378000 -5.722000
c<B>r<137>R<TYR> -11.696000 4.160000 -4.960000
c<B>r<138>R<PHE> -9.451000 1.598000 -3.430000
c<B>r<139>R<VAL> -8.047000 3.987000 -0.883000
c<B>r<140>R<ASP> -11.349000 5.771000 -0.305000
c<B>r<141>R<PHE> -12.945000 2.484000 0.526000
c<B>r<142>R<VAL> -10.826000 2.189000 3.601000
c<B>r<158>R<LEU> -7.507000 -3.471000 9.725000
c<B>r<159>R<MET> -4.282000 -5.388000 10.058000
c<B>r<161>R<ARG> -8.585000 -8.388000 9.514000
c<B>r<162>R<LEU> -5.872000 -9.012000 7.136000
c<B>r<169>R<SER> 8.563000 -9.443000 17.143999
c<B>r<170>R<SER> 11.837000 -9.956000 17.992001
c<B>r<171>R<SER> 13.025000 -11.679000 15.062000
c<B>r<172>R<ASP> 16.129000 -10.973000 13.713000
c<B>r<173>R<THR> 15.373000 -11.450000 10.192000
c<B>r<174>R<TRP> 13.222000 -9.035000 8.159000
c<B>r<175>R<ASP> 11.476000 -11.860000 6.415000
c<B>r<177>R<VAL> 9.234000 -10.289000 11.552000
c<B>r<179>R<LEU> 5.185000 -5.917000 12.341000
c<B>r<183>R<ASP> 5.914000 -0.639000 13.664000
c<B>r<184>R<VAL> 4.298000 -0.134000 10.244000
c<B>r<186>R<ALA> 7.266000 3.885000 12.220000
c<B>r<187>R<VAL> 8.546000 2.374000 8.999000
c<B>r<188>R<TYR> 6.887000 5.218000 7.073000
c<B>r<189>R<GLY> 7.748000 7.974000 9.518000
c<B>r<201>R<TRP> -2.319000 4.295000 3.411000
c<B>r<202>R<ALA> -1.362000 4.006000 -0.261000
c<B>r<203>R<GLN> 2.262000 4.146000 0.756000
c<B>r<204>R<LEU> 1.999000 1.457000 3.401000
c<B>r<205>R<SER> -0.185000 -0.931000 1.475000
c<B>r<206>R<PRO> 2.764000 -2.864000 0.024000
c<B>r<207>R<ALA> 3.937000 -3.521000 3.575000
c<B>r<208>R<LEU> 0.664000 -5.002000 4.494000
c<B>r<209>R<LEU> 0.698000 -7.281000 1.570000
c<B>r<210>R<GLN> 4.182000 -8.335000 2.243000
c<B>r<211>R<GLN> 3.311000 -9.163000 5.801000
c<B>r<212>R<GLN> 0.565000 -11.441000 4.471000
c<B>r<213>R<LEU> 2.595000 -13.074000 1.895000
c<B>r<214>R<SER> 5.666000 -13.499000 4.101000
