c<A>r<235>R<THR> 6.732 4.562 55.702
c<A>r<236>R<ASN> 4.608 1.425 55.833
c<A>r<237>R<GLN> 3.597 1.494 52.173
c<A>r<238>R<LEU> 7.298 1.525 51.271
c<A>r<240>R<LYS> 5.612 -3.693 52.153
c<A>r<241>R<ALA> 6.81 -2.944 48.624
c<A>r<246>R<PRO> 12.53 -10.707 43.881
c<A>r<308>R<GLU> 13.362 1.427 42.864
c<A>r<309>R<ASN> 15.368 -0.369 40.185
c<A>r<310>R<LYS> 14.979 -3.815 41.735
c<A>r<312>R<LYS> 11.202 -2.912 37.906
c<A>r<313>R<GLY> 9.304 -5.731 36.229
c<A>r<314>R<THR> 7.353 -6.452 39.427
c<A>r<315>R<CYS> 3.829 -5.897 40.713
c<A>r<316>R<VAL> 5.273 -3.228 42.951
c<A>r<317>R<GLU> 7.272 -1.327 40.284
c<A>r<318>R<GLY> 7.155 2.466 40.51
c<A>r<319>R<THR> 6.314 2.528 44.21
c<A>r<320>R<ILE> 9.234 4.869 44.845
c<A>r<321>R<PRO> 8.119 7.605 42.362
c<A>r<322>R<LYS> 4.481 7.266 43.46
c<A>r<323>R<LEU> 5.548 8.134 47.009
c<A>r<324>R<PHE> 8.486 10.553 46.694
c<A>r<325>R<ARG> 8.588 12.152 43.241
c<A>r<326>R<GLY> 7.12 15.589 42.607
c<A>r<327>R<LYS> 6.972 17.931 39.611
c<A>r<329>R<VAL> 9.167 23.996 36.59
c<A>r<342>R<ASP> 10.758 26.413 30.322
c<A>r<343>R<ARG> 12.099 23.203 31.81
c<A>r<344>R<ARG> 9.958 20.816 33.894
c<A>r<345>R<GLU> 11.814 18.929 36.616
c<A>r<346>R<ASP> 11.286 15.935 38.883
c<A>r<347>R<TYR> 12.38 15.841 42.525
c<A>r<348>R<TYR> 12.335 13.297 45.315
c<A>r<349>R<ASP> 13.147 15.832 48.038
c<A>r<394>R<LYS> 7.256 27.016 40.618
c<A>r<395>R<PHE> 5.803 23.827 42.083
c<A>r<396>R<LEU> 3.61 21.64 39.866
c<A>r<397>R<THR> 3.054 18.805 42.355
c<A>r<398>R<LEU> 3.944 17.815 45.905
c<A>r<399>R<PRO> 4.367 14.066 46.728
c<A>r<400>R<PRO> 2.497 11.98 49.333
c<A>r<401>R<VAL> 5.687 11.723 51.399
c<A>r<402>R<LEU> 7.665 14.982 51.646
c<A>r<403>R<HIS> 11.365 14.762 52.366
c<A>r<432>R<PRO> -0.2 24.08 54.298
c<A>r<433>R<LEU> 1.653 24.274 50.99
c<A>r<434>R<ASP> -1.376 24.845 48.734
c<A>r<435>R<GLU> -0.228 28.368 47.98
c<A>r<436>R<PHE> 3.202 27.549 46.516
c<A>r<437>R<LEU> 1.525 25.492 43.807
c<A>r<438>R<GLN> 0.634 26.741 40.33
c<A>r<439>R<LYS> -2.901 25.41 40.188
c<A>r<440>R<THR> -4.577 24.23 43.383
c<A>r<441>R<ASP> -7.301 21.651 43.278
c<A>r<442>R<PRO> -9.973 21.273 45.948
c<A>r<443>R<LYS> -10.542 17.64 46.938
c<A>r<444>R<ASP> -6.867 17.553 47.838
c<A>r<445>R<PRO> -5.575 20.727 49.473
c<A>r<446>R<ALA> -1.773 20.451 49.836
c<A>r<447>R<ASN> -1.939 20.183 53.636
c<A>r<448>R<TYR> 0.842 18.089 55.19
c<A>r<449>R<ILE> 1.119 16.272 58.536
c<A>r<517>R<VAL> 9.202 14.306 56.859
c<A>r<518>R<TYR> 5.609 15.282 56.128
c<A>r<519>R<ILE> 2.848 13.054 54.774
c<A>r<520>R<ARG> -0.083 14.483 52.811
c<A>r<521>R<GLU> -3.271 14.548 54.861
c<A>r<522>R<SER> -5.147 12.749 52.052
c<A>r<523>R<LYS> -2.491 10.05 51.701
c<A>r<524>R<LEU> -1.956 9.353 55.395
c<A>r<525>R<SER> -4.124 6.205 55.559
c<A>r<526>R<GLU> -2.561 4.424 52.614
c<A>r<527>R<VAL> 1.019 5.474 53.439
c<A>r<528>R<LEU> 0.563 4.299 57.005
c<A>r<529>R<GLN> -1.113 0.99 56.012
c<A>r<530>R<ALA> -1.075 -1.567 58.811
c<D>r<3>R<ILE> -0.592 11.691 30.373
c<D>r<4>R<PHE> 0.663 8.349 31.647
c<D>r<5>R<VAL> -1.038 5.952 34.006
c<D>r<6>R<LYS> 0.878 3.236 35.79
c<D>r<7>R<THR> -1.027 0.073 36.729
c<D>r<8>R<LEU> -0.447 -1.912 39.923
c<D>r<9>R<THR> 2.166 -4.007 37.997
c<D>r<10>R<GLY> 3.969 -0.881 36.705
c<D>r<11>R<LYS> 2.545 -1.272 33.157
c<D>r<12>R<THR> 2.452 2.156 31.468
c<D>r<13>R<ILE> -0.848 3.274 29.849
c<D>r<19>R<PRO> -6.966 19.557 30.502
c<D>r<20>R<SER> -10.549 19.778 31.842
c<D>r<21>R<ASP> -11.326 16.06 31.499
c<D>r<22>R<THR> -12.796 14.67 34.635
c<D>r<23>R<ILE> -11.204 11.765 36.518
c<D>r<42>R<ARG> -8.095 4.582 42.692
c<D>r<43>R<LEU> -5.835 7.151 41.084
c<D>r<44>R<ILE> -3.027 9.202 42.743
c<D>r<45>R<PHE> -1.016 12.126 41.315
c<D>r<46>R<ALA> 1.89 13.509 43.363
c<D>r<47>R<GLY> 0.49 11.889 46.556
c<D>r<48>R<LYS> -3.007 13.338 46.024
c<D>r<49>R<GLN> -6.056 11.033 45.737
c<D>r<50>R<LEU> -8.031 12.061 42.648
c<D>r<51>R<GLU> -11.801 12.339 42.862
c<D>r<52>R<ASP> -14.09 11.178 40.006
c<D>r<53>R<GLY> -16.044 14.472 39.675
c<D>r<54>R<ARG> -12.999 16.746 39.599
c<D>r<55>R<THR> -10.857 17.64 36.575
c<D>r<56>R<LEU> -7.182 17.119 35.69
c<D>r<57>R<SER> -6.731 20.935 35.793
c<D>r<58>R<ASP> -8.118 20.969 39.374
c<D>r<59>R<TYR> -5.025 18.917 40.33
c<D>r<60>R<ASN> -2.518 20.816 38.218
c<D>r<61>R<ILE> -1.918 17.74 36.046
c<D>r<62>R<GLN> 0.089 18.748 32.937
c<D>r<63>R<LYS> 1.829 17.34 29.848
c<D>r<64>R<GLU> 3.458 13.968 30.611
c<D>r<65>R<SER> 2.309 13.849 34.228
c<D>r<66>R<THR> 2.152 10.271 35.598
c<D>r<67>R<LEU> -0.871 9.021 37.547
c<D>r<68>R<HIS> -0.734 5.811 39.594
c<D>r<69>R<LEU> -3.413 3.178 40.094
c<D>r<70>R<VAL> -3.316 2.05 43.737
c<D>r<71>R<LEU> -5.231 -0.224 46.131
