c<A>r<224>R<TYR> 22.502 9.919 60.124
c<A>r<285>R<TRP> 30.48 2.637 52.804
c<A>r<287>R<THR> 35.789 3.477 55.795
c<A>r<288>R<LEU> 36.07 5.148 59.204
c<A>r<289>R<ASP> 34.728 8.464 57.864
c<A>r<290>R<SER> 32.696 7.122 54.932
c<A>r<291>R<PHE> 29.463 8.442 56.409
c<A>r<293>R<GLN> 31.86 12.657 53.9
c<A>r<294>R<HIS> 28.221 12.147 52.856
c<A>r<295>R<ASP> 24.843 13.685 53.795
c<A>r<296>R<VAL> 21.416 12.017 54.283
c<A>r<297>R<GLN> 20.265 13.304 50.88
c<A>r<298>R<GLU> 22.905 11.033 49.341
c<A>r<299>R<LEU> 22.344 7.987 51.508
c<A>r<300>R<CYS> 18.649 8.152 50.658
c<A>r<301>R<ARG> 19.305 8.143 46.899
c<A>r<302>R<VAL> 21.604 5.138 47.376
c<A>r<325>R<ARG> 8.588 12.152 43.241
c<A>r<326>R<GLY> 7.12 15.589 42.607
c<A>r<327>R<LYS> 6.972 17.931 39.611
c<A>r<329>R<VAL> 9.167 23.996 36.59
c<A>r<330>R<SER> 12.261 26.188 36.21
c<A>r<331>R<TYR> 11.871 29.204 33.956
c<A>r<332>R<ILE> 13.89 32.093 32.528
c<A>r<333>R<GLN> 12.395 35.343 31.213
c<A>r<334>R<CYS> 14.435 37.963 29.36
c<A>r<340>R<ARG> 11.479 32.527 27.834
c<A>r<341>R<SER> 12.795 29.025 28.461
c<A>r<342>R<ASP> 10.758 26.413 30.322
c<A>r<343>R<ARG> 12.099 23.203 31.81
c<A>r<344>R<ARG> 9.958 20.816 33.894
c<A>r<345>R<GLU> 11.814 18.929 36.616
c<A>r<346>R<ASP> 11.286 15.935 38.883
c<A>r<347>R<TYR> 12.38 15.841 42.525
c<A>r<348>R<TYR> 12.335 13.297 45.315
c<A>r<349>R<ASP> 13.147 15.832 48.038
c<A>r<350>R<ILE> 13.589 19.535 48.792
c<A>r<351>R<GLN> 16.648 21.359 50.115
c<A>r<352>R<LEU> 15.491 24.406 52.079
c<A>r<353>R<SER> 17.613 27.464 52.914
c<A>r<354>R<ILE> 17.625 28.108 56.654
c<A>r<355>R<LYS> 20.11 30.911 57.339
c<A>r<356>R<GLY> 18.21 34.168 57.657
c<A>r<357>R<LYS> 14.797 32.483 57.806
c<A>r<358>R<LYS> 12.386 32.096 60.749
c<A>r<360>R<ILE> 9.474 26.757 56.93
c<A>r<362>R<GLU> 9.942 31.821 54.614
c<A>r<363>R<SER> 12.23 29.046 53.328
c<A>r<364>R<PHE> 9.492 28.259 50.833
c<A>r<365>R<VAL> 9.008 31.972 50.123
c<A>r<366>R<ASP> 12.712 32.254 49.37
c<A>r<367>R<TYR> 12.781 28.995 47.369
c<A>r<368>R<VAL> 10.355 30.252 44.737
c<A>r<369>R<ALA> 11.671 33.827 44.786
c<A>r<370>R<VAL> 12.618 35.364 41.412
c<A>r<371>R<GLU> 16.371 35.538 40.686
c<A>r<372>R<GLN> 18.015 38.419 38.805
c<A>r<373>R<LEU> 20.577 37.609 36.122
c<A>r<374>R<ASP> 22.659 40.754 35.255
c<A>r<375>R<GLY> 26.102 41.886 34.049
c<A>r<376>R<ASP> 28.385 38.761 34.352
c<A>r<377>R<ASN> 25.311 36.86 35.449
c<A>r<378>R<LYS> 23.678 37.752 32.121
c<A>r<379>R<TYR> 21.941 34.787 30.53
c<A>r<380>R<ASP> 23.182 33.204 27.307
c<A>r<381>R<ALA> 20.006 33.637 25.248
c<A>r<382>R<GLY> 21.635 32.059 22.215
c<A>r<385>R<GLY> 23.36 36.929 22.929
c<A>r<386>R<LEU> 23.897 37.616 26.641
c<A>r<387>R<GLN> 20.872 39.277 28.254
c<A>r<388>R<GLU> 19.394 40.419 31.55
c<A>r<389>R<ALA> 16.574 38.183 32.773
c<A>r<390>R<GLU> 14.945 36.545 35.79
c<A>r<391>R<LYS> 15.023 32.929 36.933
c<A>r<392>R<GLY> 12.71 31.262 39.435
c<A>r<393>R<VAL> 10.924 28.044 40.307
c<A>r<394>R<LYS> 7.256 27.016 40.618
c<A>r<395>R<PHE> 5.803 23.827 42.083
c<A>r<403>R<HIS> 11.365 14.762 52.366
c<A>r<404>R<LEU> 12.571 18.211 53.404
c<A>r<405>R<GLN> 16.239 18.694 54.287
c<A>r<406>R<LEU> 17.098 21.779 56.274
c<A>r<408>R<ARG> 21.983 23.621 58.334
c<A>r<409>R<PHE> 25.269 22.155 57.091
c<A>r<419>R<ILE> 29.602 24.51 59.048
c<A>r<420>R<LYS> 26.49 23.819 61.096
c<A>r<421>R<ILE> 23.97 26.602 61.522
c<A>r<422>R<ASN> 22.202 26.423 64.892
c<A>r<423>R<ASP> 19.927 29.445 64.556
c<A>r<425>R<PHE> 14.024 27.669 62.815
c<A>r<460>R<ASN> 29.691 20.354 62.498
c<A>r<461>R<HIS> 31.864 17.305 63.248
c<A>r<514>R<TYR> 18.146 18.864 59.869
c<D>r<1>R<LEU> 34.391 13.418 48.21
c<D>r<2>R<GLN> 31.65 15.421 49.968
c<D>r<3>R<ILE> 31.592 19.142 49.152
c<D>r<4>R<PHE> 29.193 21.949 50.003
c<D>r<5>R<VAL> 27.751 24.575 47.715
c<D>r<6>R<LYS> 26.199 27.738 49.061
c<D>r<7>R<THR> 23.473 29.382 46.967
c<D>r<8>R<LEU> 22.995 33.143 46.641
c<D>r<9>R<THR> 20.617 32.977 49.682
c<D>r<10>R<GLY> 23.157 31.013 51.775
c<D>r<11>R<LYS> 21.236 27.707 51.385
c<D>r<12>R<THR> 23.68 24.794 51.766
c<D>r<13>R<ILE> 23.686 22.084 49.042
c<D>r<14>R<THR> 25.67 18.908 49.925
c<D>r<15>R<LEU> 27.12 17.021 46.915
c<D>r<16>R<GLU> 28.874 13.72 46.452
c<D>r<17>R<VAL> 31.607 13.978 43.833
c<D>r<18>R<GLU> 34.901 12.367 42.716
c<D>r<19>R<PRO> 38.095 14.411 43
c<D>r<28>R<ALA> 24.562 19.347 36.724
c<D>r<29>R<LYS> 24.393 18.108 40.321
c<D>r<30>R<ILE> 23.43 21.633 41.507
c<D>r<31>R<GLN> 20.792 21.838 38.777
c<D>r<32>R<ASP> 19.249 18.548 39.901
c<D>r<33>R<LYS> 19.119 19.648 43.539
c<D>r<34>R<GLU> 17.86 23.196 43.071
c<D>r<36>R<ILE> 19.373 26.447 38.81
c<D>r<37>R<PRO> 20.398 26.335 35.109
c<D>r<38>R<PRO> 24.115 25.573 34.575
c<D>r<39>R<ASP> 24.587 28.602 32.285
c<D>r<40>R<GLN> 23.53 30.862 35.185
c<D>r<41>R<GLN> 25.836 29.199 37.707
c<D>r<42>R<ARG> 29.148 30.968 38.533
c<D>r<43>R<LEU> 31.107 29.071 41.152
c<D>r<44>R<ILE> 33.95 30.386 43.396
c<D>r<49>R<GLN> 36.462 31.492 39.661
c<D>r<50>R<LEU> 35.953 27.866 38.616
c<D>r<51>R<GLU> 35.867 26.989 34.934
c<D>r<61>R<ILE> 39.202 21.286 46.319
c<D>r<62>R<GLN> 39.116 18.653 49.108
c<D>r<63>R<LYS> 36.805 16.966 51.631
c<D>r<64>R<GLU> 34.218 19.433 52.983
c<D>r<65>R<SER> 35.412 22.36 50.88
c<D>r<66>R<THR> 32.677 24.994 50.347
c<D>r<67>R<LEU> 31.97 26.454 46.902
c<D>r<68>R<HIS> 29.87 29.603 46.466
c<D>r<69>R<LEU> 27.367 30.451 43.75
c<D>r<70>R<VAL> 27.793 34.129 42.836
c<D>r<71>R<LEU> 26.453 36.68 40.332
