c<A>r<223>R<CYS> 25.888 9.117 61.57
c<A>r<224>R<TYR> 22.502 9.919 60.124
c<A>r<283>R<PHE> 26.536 -0.24 49.29
c<A>r<284>R<GLY> 30.238 -0.054 50.126
c<A>r<285>R<TRP> 30.48 2.637 52.804
c<A>r<287>R<THR> 35.789 3.477 55.795
c<A>r<289>R<ASP> 34.728 8.464 57.864
c<A>r<290>R<SER> 32.696 7.122 54.932
c<A>r<291>R<PHE> 29.463 8.442 56.409
c<A>r<293>R<GLN> 31.86 12.657 53.9
c<A>r<294>R<HIS> 28.221 12.147 52.856
c<A>r<295>R<ASP> 24.843 13.685 53.795
c<A>r<296>R<VAL> 21.416 12.017 54.283
c<A>r<297>R<GLN> 20.265 13.304 50.88
c<A>r<298>R<GLU> 22.905 11.033 49.341
c<A>r<299>R<LEU> 22.344 7.987 51.508
c<A>r<300>R<CYS> 18.649 8.152 50.658
c<A>r<301>R<ARG> 19.305 8.143 46.899
c<A>r<302>R<VAL> 21.604 5.138 47.376
c<A>r<303>R<LEU> 18.963 2.992 49.104
c<A>r<304>R<LEU> 15.891 4.206 47.252
c<A>r<305>R<ASP> 17.549 4.201 43.848
c<A>r<306>R<ASN> 18.643 0.595 44.457
c<A>r<326>R<GLY> 7.12 15.589 42.607
c<A>r<327>R<LYS> 6.972 17.931 39.611
c<A>r<329>R<VAL> 9.167 23.996 36.59
c<A>r<330>R<SER> 12.261 26.188 36.21
c<A>r<331>R<TYR> 11.871 29.204 33.956
c<A>r<332>R<ILE> 13.89 32.093 32.528
c<A>r<333>R<GLN> 12.395 35.343 31.213
c<A>r<334>R<CYS> 14.435 37.963 29.36
c<A>r<335>R<LYS> 13.902 41.574 30.449
c<A>r<340>R<ARG> 11.479 32.527 27.834
c<A>r<341>R<SER> 12.795 29.025 28.461
c<A>r<342>R<ASP> 10.758 26.413 30.322
c<A>r<343>R<ARG> 12.099 23.203 31.81
c<A>r<344>R<ARG> 9.958 20.816 33.894
c<A>r<345>R<GLU> 11.814 18.929 36.616
c<A>r<346>R<ASP> 11.286 15.935 38.883
c<A>r<347>R<TYR> 12.38 15.841 42.525
c<A>r<348>R<TYR> 12.335 13.297 45.315
c<A>r<349>R<ASP> 13.147 15.832 48.038
c<A>r<350>R<ILE> 13.589 19.535 48.792
c<A>r<351>R<GLN> 16.648 21.359 50.115
c<A>r<352>R<LEU> 15.491 24.406 52.079
c<A>r<353>R<SER> 17.613 27.464 52.914
c<A>r<354>R<ILE> 17.625 28.108 56.654
c<A>r<355>R<LYS> 20.11 30.911 57.339
c<A>r<356>R<GLY> 18.21 34.168 57.657
c<A>r<357>R<LYS> 14.797 32.483 57.806
c<A>r<360>R<ILE> 9.474 26.757 56.93
c<A>r<361>R<PHE> 7.181 29.292 55.296
c<A>r<362>R<GLU> 9.942 31.821 54.614
c<A>r<363>R<SER> 12.23 29.046 53.328
c<A>r<364>R<PHE> 9.492 28.259 50.833
c<A>r<365>R<VAL> 9.008 31.972 50.123
c<A>r<366>R<ASP> 12.712 32.254 49.37
c<A>r<367>R<TYR> 12.781 28.995 47.369
c<A>r<368>R<VAL> 10.355 30.252 44.737
c<A>r<369>R<ALA> 11.671 33.827 44.786
c<A>r<370>R<VAL> 12.618 35.364 41.412
c<A>r<371>R<GLU> 16.371 35.538 40.686
c<A>r<372>R<GLN> 18.015 38.419 38.805
c<A>r<373>R<LEU> 20.577 37.609 36.122
c<A>r<374>R<ASP> 22.659 40.754 35.255
c<A>r<375>R<GLY> 26.102 41.886 34.049
c<A>r<376>R<ASP> 28.385 38.761 34.352
c<A>r<377>R<ASN> 25.311 36.86 35.449
c<A>r<378>R<LYS> 23.678 37.752 32.121
c<A>r<379>R<TYR> 21.941 34.787 30.53
c<A>r<380>R<ASP> 23.182 33.204 27.307
c<A>r<381>R<ALA> 20.006 33.637 25.248
c<A>r<382>R<GLY> 21.635 32.059 22.215
c<A>r<383>R<GLU> 20.498 34.117 19.219
c<A>r<384>R<HIS> 19.933 37.234 21.36
c<A>r<385>R<GLY> 23.36 36.929 22.929
c<A>r<386>R<LEU> 23.897 37.616 26.641
c<A>r<387>R<GLN> 20.872 39.277 28.254
c<A>r<388>R<GLU> 19.394 40.419 31.55
c<A>r<389>R<ALA> 16.574 38.183 32.773
c<A>r<390>R<GLU> 14.945 36.545 35.79
c<A>r<391>R<LYS> 15.023 32.929 36.933
c<A>r<392>R<GLY> 12.71 31.262 39.435
c<A>r<393>R<VAL> 10.924 28.044 40.307
c<A>r<394>R<LYS> 7.256 27.016 40.618
c<A>r<395>R<PHE> 5.803 23.827 42.083
c<A>r<396>R<LEU> 3.61 21.64 39.866
c<A>r<404>R<LEU> 12.571 18.211 53.404
c<A>r<405>R<GLN> 16.239 18.694 54.287
c<A>r<406>R<LEU> 17.098 21.779 56.274
c<A>r<408>R<ARG> 21.983 23.621 58.334
c<A>r<409>R<PHE> 25.269 22.155 57.091
c<A>r<419>R<ILE> 29.602 24.51 59.048
c<A>r<420>R<LYS> 26.49 23.819 61.096
c<A>r<421>R<ILE> 23.97 26.602 61.522
c<A>r<422>R<ASN> 22.202 26.423 64.892
c<A>r<436>R<PHE> 3.202 27.549 46.516
c<A>r<459>R<ASP> 28.554 21.29 66.028
c<A>r<460>R<ASN> 29.691 20.354 62.498
c<A>r<461>R<HIS> 31.864 17.305 63.248
c<A>r<462>R<GLY> 30.689 16.847 66.815
c<A>r<514>R<TYR> 18.146 18.864 59.869
c<D>r<2>R<GLN> 24.657 14.151 36.325
c<D>r<3>R<ILE> 24.82 16.521 39.303
c<D>r<4>R<PHE> 22.472 19.179 40.639
c<D>r<5>R<VAL> 23.288 22.693 41.732
c<D>r<6>R<LYS> 20.923 24.697 43.881
c<D>r<7>R<THR> 21.029 28.49 43.537
c<D>r<8>R<LEU> 20.555 30.919 46.428
c<D>r<9>R<THR> 16.771 30.912 45.648
c<D>r<10>R<GLY> 16.61 27.083 45.628
c<D>r<11>R<LYS> 16.361 26.906 41.797
c<D>r<12>R<THR> 17.713 23.531 40.615
c<D>r<13>R<ILE> 20.361 23.53 37.831
c<D>r<14>R<THR> 21.082 20.08 36.289
c<D>r<15>R<LEU> 24.623 19.654 34.87
c<D>r<27>R<LYS> 31.353 27.205 37.552
c<D>r<28>R<ALA> 31.527 27.831 33.73
c<D>r<29>R<LYS> 28.58 25.468 33.244
c<D>r<30>R<ILE> 26.613 27.334 35.964
c<D>r<31>R<GLN> 27.489 30.653 34.329
c<D>r<32>R<ASP> 26.166 29.448 30.973
c<D>r<33>R<LYS> 22.897 28.239 32.495
c<D>r<34>R<GLU> 22.159 31.169 34.791
c<D>r<36>R<ILE> 26.106 33.981 37.534
c<D>r<37>R<PRO> 29.768 35.115 37.285
c<D>r<38>R<PRO> 32.276 32.439 38.397
c<D>r<39>R<ASP> 34.048 34.844 40.788
c<D>r<40>R<GLN> 30.758 35.247 42.699
c<D>r<41>R<GLN> 30.074 31.514 42.894
c<D>r<42>R<ARG> 30.891 29.721 46.195
c<D>r<43>R<LEU> 29.974 26.057 46.037
c<D>r<44>R<ILE> 29.414 23.628 48.974
c<D>r<45>R<PHE> 28.938 19.832 48.904
c<D>r<46>R<ALA> 28.072 18.046 52.161
c<D>r<47>R<GLY> 29.338 21.04 54.212
c<D>r<48>R<LYS> 32.67 21.194 52.343
c<D>r<49>R<GLN> 33.728 24.38 50.493
c<D>r<50>R<LEU> 34.815 23.402 46.978
c<D>r<56>R<LEU> 34.589 16.563 41.695
c<D>r<57>R<SER> 36.306 13.195 42.391
c<D>r<58>R<ASP> 38.571 14.92 44.969
c<D>r<59>R<TYR> 35.371 15.584 46.972
c<D>r<60>R<ASN> 33.74 12.213 46.403
c<D>r<61>R<ILE> 30.925 13.838 44.409
c<D>r<62>R<GLN> 28.885 11.116 42.636
c<D>r<63>R<LYS> 25.771 10.547 40.507
c<D>r<64>R<GLU> 22.949 12.902 41.55
c<D>r<65>R<SER> 24.958 14.662 44.249
c<D>r<66>R<THR> 23.617 18.17 45.02
c<D>r<67>R<LEU> 25.945 21.172 45.284
c<D>r<68>R<HIS> 24.791 24.459 46.827
c<D>r<69>R<LEU> 25.641 28.008 45.807
c<D>r<70>R<VAL> 26.148 30.074 48.973
c<D>r<71>R<LEU> 27.209 33.59 50.016
