c<A>r<1>R<GLY> 7.011000 0.670000 6.458000
c<A>r<2>R<SER> 4.058000 -1.551000 7.189000
c<A>r<3>R<ALA> 2.155000 -0.138000 10.036000
c<A>r<4>R<ASP> 1.178000 -2.660000 12.804000
c<A>r<5>R<ILE> -2.318000 -2.111000 14.009000
c<A>r<6>R<THR> -3.858000 -3.619000 17.032000
c<A>r<7>R<LEU> -7.505000 -3.262000 18.179001
c<A>r<8>R<MET> -8.780000 -4.056000 21.579000
c<A>r<9>R<ASN> -12.629000 -4.302000 21.964001
c<A>r<10>R<HIS> -14.381000 -2.991000 25.087999
c<A>r<11>R<LYS> -17.337999 -4.836000 26.416000
c<A>r<12>R<TYR> -20.337000 -2.630000 27.145000
c<A>r<13>R<MET> -23.391001 -3.967000 28.735001
c<A>r<14>R<GLY> -26.725000 -2.746000 27.211000
c<A>r<15>R<ASN> -28.093000 -1.446000 23.924000
c<A>r<16>R<LEU> -28.367001 2.176000 24.903999
c<A>r<17>R<LEU> -25.086000 3.652000 23.771000
c<A>r<23>R<LEU> -16.018999 0.690000 21.966000
c<A>r<24>R<ALA> -12.444000 -0.179000 21.101999
c<A>r<26>R<GLY> -6.548000 0.904000 18.730000
c<A>r<28>R<ILE> -0.873000 1.876000 15.284000
c<A>r<29>R<ILE> 2.867000 1.348000 15.251000
c<A>r<32>R<ASP> 10.099000 3.365000 9.910000
c<A>r<33>R<THR> 10.499000 7.144000 9.634000
c<A>r<34>R<HIS> 7.084000 8.612000 9.071000
c<A>r<38>R<ARG> -3.647000 7.596000 8.853000
c<A>r<39>R<VAL> -6.436000 5.397000 10.137000
c<A>r<40>R<TRP> -9.860000 4.609000 8.630000
c<A>r<41>R<ILE> -12.698000 2.135000 9.237000
c<A>r<42>R<ASN> -13.619000 -0.007000 6.260000
c<A>r<57>R<SER> -24.796000 -5.853000 12.092000
c<A>r<58>R<THR> -23.666000 -9.240000 10.926000
c<A>r<65>R<LEU> -24.124001 1.282000 14.589000
c<A>r<106>R<VAL> -28.583000 -0.231000 18.954000
c<A>r<107>R<HIS> -30.183001 -3.527000 18.049000
c<A>r<108>R<PRO> -28.552999 -6.401000 19.879000
c<A>r<109>R<GLY> -26.128000 -8.219000 17.593000
c<A>r<110>R<LYS> -22.596001 -8.525000 16.268999
c<A>r<111>R<TYR> -20.896000 -5.579000 14.617000
c<A>r<112>R<LEU> -17.593000 -6.010000 12.868000
c<A>r<113>R<PHE> -14.993000 -3.248000 12.994000
c<A>r<114>R<SER> -12.543000 -3.364000 10.136000
c<A>r<115>R<VAL> -9.809000 -0.788000 10.732000
c<A>r<116>R<SER> -6.948000 -0.026000 8.292000
c<A>r<117>R<GLY> -4.003000 2.174000 9.042000
c<A>r<118>R<GLU> -0.883000 3.411000 7.436000
c<A>r<119>R<CYS> 2.086000 5.562000 8.288000
c<A>r<120>R<TYR> 2.585000 8.495000 5.787000
c<A>r<121>R<ILE> 5.618000 10.662000 5.015000
c<A>r<122>R<HIS> 3.518000 13.194000 2.969000
c<A>r<124>R<GLN> -1.052000 13.955000 -0.071000
c<A>r<125>R<ILE> -1.295000 10.373000 -1.117000
c<A>r<126>R<PRO> -0.826000 7.241000 0.376000
c<A>r<127>R<LEU> 0.914000 6.275000 -2.670000
c<A>r<128>R<CYS> 1.438000 2.883000 -1.295000
c<A>r<129>R<GLN> -0.780000 -0.035000 -2.426000
c<A>r<130>R<ALA> 1.566000 -2.173000 -4.697000
c<A>r<131>R<ALA> -0.514000 -3.630000 -7.450000
c<A>r<132>R<THR> 0.457000 -7.328000 -8.045000
c<A>r<133>R<ILE> -0.268000 -8.983000 -11.445000
c<A>r<134>R<THR> 0.451000 -12.665000 -12.166000
c<A>r<135>R<ALA> 1.093000 -13.905000 -15.683000
c<A>r<136>R<GLN> 1.848000 -17.561001 -16.905001
c<A>r<137>R<HIS> 4.669000 -18.236000 -19.431000
c<A>r<138>R<THR> 4.402000 -21.688000 -21.084999
c<A>r<139>R<VAL> 7.696000 -23.243999 -22.516001
c<A>r<140>R<GLU> 6.907000 -25.909000 -25.016001
c<A>r<141>R<LYS> 9.405000 -28.438000 -26.657000
c<A>r<142>R<LEU> 9.454000 -27.954000 -30.349001
c<A>r<143>R<ASN> 9.272000 -31.400000 -31.535000
c<B>r<1>R<SER> -2.272000 3.121000 -6.093000
c<B>r<2>R<ALA> -0.118000 1.708000 -8.936000
c<B>r<3>R<ASP> -1.785000 -0.187000 -11.874000
c<B>r<4>R<ILE> 0.355000 -2.881000 -13.394000
c<B>r<5>R<THR> -0.318000 -4.714000 -16.628000
c<B>r<6>R<LEU> 1.704000 -7.636000 -18.007000
c<B>r<7>R<MET> 1.636000 -8.879000 -21.541000
c<B>r<8>R<ASN> 3.289000 -12.291000 -22.181000
c<B>r<9>R<HIS> 5.299000 -12.923000 -25.323999
c<B>r<10>R<LYS> 5.003000 -16.261999 -26.947001
c<B>r<11>R<TYR> 8.369000 -17.858000 -27.537001
c<B>r<12>R<MET> 8.581000 -21.127001 -29.166000
c<B>r<13>R<GLY> 11.393000 -23.528999 -28.034000
c<B>r<14>R<ASN> 13.293000 -24.488001 -24.893999
c<B>r<15>R<LEU> 16.568001 -22.820000 -25.851999
c<B>r<16>R<LEU> 16.247000 -19.305000 -24.549999
c<B>r<22>R<LEU> 9.227000 -12.933000 -22.215000
c<B>r<23>R<ALA> 6.788000 -10.262000 -21.139999
c<B>r<25>R<GLY> 4.897000 -4.802000 -18.334000
c<B>r<27>R<ILE> 3.164000 0.387000 -14.452000
c<B>r<28>R<ILE> 0.873000 3.397000 -14.189000
c<B>r<29>R<CYS> 0.739000 5.849000 -11.305000
c<B>r<30>R<GLN> -2.075000 8.274000 -11.315000
c<B>r<31>R<ASP> -0.939000 10.197000 -8.226000
c<B>r<32>R<THR> 2.155000 12.384000 -7.861000
c<B>r<33>R<HIS> 5.103000 10.094000 -7.455000
c<B>r<37>R<ARG> 9.444000 0.221000 -8.107000
c<B>r<38>R<VAL> 8.852000 -3.133000 -9.652000
c<B>r<39>R<TRP> 9.859000 -6.637000 -8.411000
c<B>r<40>R<ILE> 9.083000 -10.263000 -9.277000
c<B>r<41>R<ASN> 7.710000 -12.327000 -6.394000
c<B>r<56>R<SER> 8.050000 -24.440001 -13.140000
c<B>r<57>R<THR> 4.527000 -25.327999 -11.922000
c<B>r<64>R<LEU> 13.868000 -20.205000 -15.408000
c<B>r<105>R<VAL> 14.630000 -24.518999 -19.995001
c<B>r<106>R<HIS> 12.599000 -27.599001 -19.277000
c<B>r<107>R<PRO> 9.222000 -27.469999 -21.033001
c<B>r<108>R<GLY> 6.504000 -26.378000 -18.664000
c<B>r<109>R<LYS> 4.529000 -23.525999 -17.131001
c<B>r<110>R<TYR> 6.356000 -20.736000 -15.366000
c<B>r<111>R<LEU> 4.366000 -18.219000 -13.388000
c<B>r<112>R<PHE> 5.443000 -14.583000 -13.283000
c<B>r<113>R<SER> 4.167000 -12.722000 -10.246000
c<B>r<114>R<VAL> 5.080000 -9.071000 -10.627000
c<B>r<115>R<SER> 4.413000 -6.385000 -7.974000
c<B>r<116>R<GLY> 4.864000 -2.693000 -8.471000
c<B>r<117>R<GLU> 4.492000 0.469000 -6.516000
c<B>r<118>R<CYS> 4.833000 4.226000 -7.096000
c<B>r<119>R<TYR> 7.206000 5.873000 -4.545000
c<B>r<120>R<ILE> 7.623000 9.453000 -3.334000
c<B>r<121>R<HIS> 11.009000 10.558000 -2.364000
c<B>r<129>R<ILE> 10.617000 4.123000 1.728000
c<B>r<130>R<PRO> 7.754000 2.213000 0.191000
c<B>r<131>R<LEU> 5.121000 4.812000 0.624000
c<B>r<132>R<CYS> 2.381000 2.553000 1.989000
c<B>r<133>R<GLN> 1.764000 -0.969000 3.133000
c<B>r<134>R<ALA> -1.584000 -0.309000 5.104000
c<B>r<135>R<ALA> -1.989000 -2.950000 7.758000
c<B>r<136>R<THR> -5.751000 -3.980000 8.131000
c<B>r<137>R<ILE> -7.042000 -5.494000 11.441000
c<B>r<138>R<THR> -10.666000 -6.683000 11.878000
c<B>r<139>R<ALA> -12.236000 -6.842000 15.379000
c<B>r<140>R<GLN> -15.905000 -8.037000 16.367001
c<B>r<141>R<HIS> -18.034000 -5.936000 18.832001
c<B>r<142>R<THR> -21.069000 -7.855000 20.233999
c<B>r<143>R<VAL> -24.091000 -5.721000 21.556999
c<B>r<144>R<GLU> -26.167000 -7.692000 23.948999
c<B>r<145>R<LYS> -29.749001 -6.786000 25.322001
c<B>r<146>R<LEU> -29.605000 -6.565000 28.997999
c<B>r<147>R<ASN> -32.523998 -8.528000 29.761999
