c<A>r<28>R<ASN> -9.578000 3.300000 -2.000000
c<A>r<29>R<VAL> -6.077000 3.616000 -0.653000
c<A>r<30>R<GLY> -2.816000 4.064000 -2.562000
c<A>r<31>R<THR> 0.572000 5.695000 -2.414000
c<A>r<32>R<LEU> 0.976000 8.903000 -4.309000
c<A>r<33>R<ALA> 4.239000 9.967000 -5.804000
c<A>r<34>R<THR> 4.689000 13.754000 -6.150000
c<A>r<35>R<LEU> 7.620000 16.174000 -6.719000
c<A>r<36>R<THR> 8.936000 18.299000 -3.935000
c<A>r<39>R<GLY> 12.314000 18.122999 -7.574000
c<A>r<40>R<ASP> 12.705000 15.122000 -5.210000
c<A>r<41>R<PRO> 10.229000 12.223000 -5.492000
c<A>r<42>R<TRP> 7.856000 12.121000 -2.516000
c<A>r<43>R<ALA> 5.763000 9.069000 -1.530000
c<A>r<44>R<SER> 2.636000 9.695000 0.468000
c<A>r<45>R<PHE> -0.121000 7.412000 1.575000
c<A>r<46>R<VAL> -3.548000 8.724000 0.425000
c<A>r<47>R<THR> -7.158000 7.839000 0.008000
c<A>r<64>R<GLU> 3.638000 18.274000 1.787000
c<A>r<72>R<ASP> 4.104000 20.538000 -10.055000
c<A>r<73>R<PRO> 0.954000 18.561001 -10.918000
c<A>r<74>R<ARG> 2.775000 15.507000 -12.377000
c<A>r<75>R<ALA> 2.013000 12.466000 -10.155000
c<A>r<76>R<SER> 1.619000 8.651000 -10.065000
c<A>r<77>R<ILE> -0.298000 6.472000 -7.666000
c<A>r<78>R<ALA> 0.539000 2.830000 -6.864000
c<A>r<79>R<ILE> -2.500000 0.659000 -5.903000
c<A>r<80>R<VAL> -2.255000 -2.827000 -4.560000
c<A>r<87>R<ASP> 4.046000 -13.360000 -0.971000
c<A>r<88>R<PRO> 3.295000 -9.614000 -1.326000
c<A>r<89>R<LEU> 4.800000 -9.533000 -4.786000
c<A>r<91>R<SER> -0.483000 -9.383000 -5.324000
c<A>r<93>R<ARG> -1.010000 -3.957000 -8.500000
c<A>r<94>R<VAL> -1.214000 -0.948000 -10.797000
c<A>r<95>R<THR> 0.707000 2.310000 -11.215000
c<A>r<96>R<LEU> -1.397000 5.120000 -12.644000
c<A>r<97>R<ALA> 0.659000 8.024000 -13.856000
c<A>r<98>R<GLY> -0.464000 11.451000 -15.223000
c<A>r<99>R<VAL> -1.233000 15.006000 -14.155000
c<A>r<119>R<VAL> -14.056000 7.992000 1.833000
c<A>r<120>R<ALA> -16.983999 8.761000 4.109000
c<A>r<121>R<ALA> -14.783000 10.440000 6.697000
c<A>r<142>R<ARG> 1.489000 -0.165000 -15.559000
c<B>r<18>R<ASN> 8.742000 -5.360000 4.649000
c<B>r<19>R<VAL> 6.598000 -3.821000 1.951000
c<B>r<20>R<GLY> 6.360000 -0.178000 0.884000
c<B>r<21>R<THR> 5.826000 2.076000 -2.082000
c<B>r<22>R<LEU> 8.916000 3.575000 -3.624000
c<B>r<23>R<ALA> 8.888000 6.902000 -5.316000
c<B>r<24>R<THR> 11.541000 7.355000 -8.038000
c<B>r<25>R<LEU> 12.153000 9.757000 -10.969000
c<B>r<26>R<THR> 11.589000 8.659000 -14.502000
c<B>r<29>R<GLY> 11.736000 13.619000 -14.346000
c<B>r<30>R<ASP> 8.197000 12.343000 -13.602000
c<B>r<31>R<PRO> 7.463000 10.877000 -10.152000
c<B>r<32>R<TRP> 6.983000 7.097000 -10.301000
c<B>r<33>R<ALA> 5.304000 5.016000 -7.567000
c<B>r<34>R<SER> 6.236000 1.370000 -7.350000
c<B>r<35>R<PHE> 5.315000 -1.281000 -4.871000
c<B>r<36>R<VAL> 8.472000 -2.959000 -3.471000
c<B>r<37>R<THR> 9.775000 -5.203000 -0.778000
c<B>r<54>R<GLU> 11.156000 0.859000 -14.536000
c<B>r<62>R<ASP> 18.657000 9.449000 -10.587000
c<B>r<63>R<PRO> 19.195999 7.878000 -7.150000
c<B>r<64>R<ARG> 16.922001 10.309000 -5.236000
c<B>r<65>R<ALA> 13.977000 8.307000 -3.795000
c<B>r<66>R<SER> 11.412000 8.083000 -0.956000
c<B>r<67>R<ILE> 9.526000 5.110000 0.390000
c<B>r<68>R<ALA> 6.132000 5.273000 2.130000
c<B>r<69>R<ILE> 5.536000 2.503000 4.752000
c<B>r<70>R<VAL> 2.231000 1.885000 6.398000
c<B>r<77>R<ASP> -10.123000 4.203000 8.771000
c<B>r<78>R<PRO> -6.921000 3.762000 6.706000
c<B>r<79>R<LEU> -5.782000 7.255000 7.548000
c<B>r<81>R<SER> -2.880000 3.897000 10.469000
c<B>r<83>R<ARG> 2.881000 5.551000 8.484000
c<B>r<84>R<VAL> 6.307000 6.930000 7.601000
c<B>r<85>R<THR> 7.925000 8.470000 4.526000
c<B>r<86>R<LEU> 11.667000 7.887000 4.344000
c<B>r<87>R<ALA> 13.377000 10.093000 1.841000
c<B>r<88>R<GLY> 17.056000 10.135000 0.684000
c<B>r<89>R<VAL> 19.403000 8.728000 -1.931000
c<B>r<109>R<VAL> 12.241000 -11.401000 1.788000
c<B>r<110>R<ALA> 13.054000 -15.107000 1.674000
c<B>r<111>R<ALA> 11.873000 -15.450000 -1.915000
c<B>r<132>R<ARG> 8.057000 12.157000 8.003000
