c<A>r<85>R<LEU> 9.751000 4.571000 1.784000
c<A>r<89>R<GLY> 6.198000 4.428000 -2.137000
c<A>r<153>R<TYR> -2.681000 -10.682000 -12.668000
c<A>r<155>R<ASN> -1.130000 -15.261000 -10.036000
c<A>r<161>R<LYS> 0.024000 -15.834000 -4.450000
c<A>r<162>R<GLU> 0.549000 -13.526000 -1.407000
c<A>r<164>R<GLN> 2.007000 -11.433000 -6.279000
c<A>r<165>R<LEU> -0.973000 -9.657000 -4.557000
c<A>r<166>R<ILE> 1.339000 -7.352000 -2.513000
c<A>r<168>R<LYS> -0.372000 -5.797000 -7.579000
c<A>r<169>R<GLU> -1.712000 -3.530000 -4.774000
c<A>r<174>R<GLU> -5.707000 5.266000 -10.004000
c<A>r<175>R<ALA> -9.037000 4.154000 -8.506000
c<A>r<176>R<ALA> -12.533000 5.019000 -9.804000
c<A>r<177>R<PRO> -15.908000 3.328000 -8.948000
c<A>r<178>R<GLU> -15.911000 1.491000 -12.319000
c<A>r<179>R<TYR> -12.142000 0.775000 -12.615000
c<A>r<206>R<GLU> -9.622000 -3.768000 -13.980000
c<A>r<207>R<LYS> -13.005000 -2.394000 -15.156000
c<A>r<208>R<GLU> -16.032000 -4.092000 -13.586000
c<A>r<209>R<THR> -15.677000 -7.814000 -14.672000
c<A>r<210>R<GLU> -13.237000 -7.067000 -17.554001
c<B>r<66>R<HIS> 3.020000 11.126000 3.657000
c<B>r<153>R<TYR> -16.405001 5.770000 -2.244000
c<B>r<154>R<LEU> -17.792000 7.552000 -5.357000
c<B>r<155>R<ASN> -15.474000 10.610000 -4.803000
c<B>r<161>R<LYS> -10.667000 13.509000 -5.630000
c<B>r<162>R<GLU> -7.014000 13.306000 -4.426000
c<B>r<165>R<LEU> -8.445000 8.687000 -2.419000
c<B>r<168>R<LYS> -9.866000 5.651000 1.330000
c<B>r<175>R<ALA> -7.011000 -6.754000 1.378000
c<B>r<176>R<ALA> -7.618000 -10.022000 -0.506000
c<B>r<177>R<PRO> -7.758000 -10.780000 -4.307000
c<B>r<208>R<GLU> -15.657000 -8.876000 -7.047000
c<B>r<209>R<THR> -17.721001 -6.045000 -8.714000
c<B>r<210>R<GLU> -20.198000 -5.583000 -5.828000
c<B>r<211>R<VAL> -19.951000 -2.973000 -3.061000
