c<A>r<5>R<LYS> 12.145000 13.630000 0.521000
c<A>r<8>R<LEU> 6.880000 15.247000 0.344000
c<A>r<35>R<GLY> -5.739000 5.819000 0.841000
c<A>r<36>R<ILE> -8.712000 3.390000 1.195000
c<A>r<146>R<SER> -3.539000 -2.106000 8.610000
c<A>r<149>R<LEU> -8.607000 -3.356000 7.705000
c<A>r<150>R<LYS> -8.184000 -5.621000 10.824000
c<A>r<152>R<ILE> -13.285000 -4.392000 9.134000
c<A>r<153>R<ASN> -12.391000 -8.123000 9.357000
c<A>r<154>R<LYS> -13.416000 -8.134000 13.067000
c<A>r<156>R<ASP> -17.205000 -9.247000 9.052000
c<A>r<157>R<ALA> -16.535999 -12.075000 11.577000
c<A>r<220>R<ALA> -15.166000 -5.283000 -0.825000
c<A>r<221>R<PHE> -12.361000 -5.962000 1.756000
c<A>r<222>R<THR> -13.352000 -9.533000 2.842000
c<B>r<4>R<PRO> -8.885000 -14.195000 9.201000
c<B>r<5>R<LYS> -5.562000 -12.220000 9.016000
c<B>r<7>R<ASP> -7.507000 -13.515000 3.553000
c<B>r<8>R<LEU> -7.464000 -9.720000 4.098000
c<B>r<9>R<GLU> -3.702000 -9.636000 3.444000
c<B>r<10>R<LYS> -4.483000 -11.393000 0.122000
c<B>r<11>R<GLY> -7.402000 -9.001000 -0.664000
c<B>r<12>R<VAL> -5.254000 -5.824000 -0.266000
c<B>r<15>R<SER> -6.227000 -4.993000 -5.147000
c<B>r<35>R<GLY> 0.875000 1.044000 -3.840000
c<B>r<220>R<ALA> 10.502000 11.020000 -7.942000
c<B>r<221>R<PHE> 11.981000 7.622000 -6.803000
