1764836039479 28.0 405
1764836039492 28.0 405
1764836063144 29.0 419
1764836063156 29.0 419
1764836089270 30.0 433
1764836089282 30.0 433
1764836112330 31.0 447
1764836112337 31.0 447
1764836139537 32.0 461
1764836139539 32.0 461
1764836161762 33.0 475
1764836161764 33.0 475
1764836187820 34.0 489
1764836187822 34.0 489
1764836212470 35.0 503
1764836212472 35.0 503
1764836237962 36.0 517
1764836237964 36.0 517
1764836262645 37.0 531
1764836262647 37.0 531
1764836288015 38.0 545
1764836288017 38.0 545
1764836309940 39.0 559
1764836309942 39.0 559
1764836336816 40.0 573
1764836336818 40.0 573
1764836362205 41.0 587
1764836362207 41.0 587
1764836386806 42.0 601
1764836386808 42.0 601
1764836409484 43.0 615
1764836409486 43.0 615
1764836437332 44.0 629
1764836437333 44.0 629
1764836462337 45.0 643
1764836462339 45.0 643
1764836486882 46.0 657
1764836486884 46.0 657
1764836511056 47.0 671
1764836511058 47.0 671
1764836535643 48.0 685
1764836535645 48.0 685
1764836560239 49.0 699
1764836560241 49.0 699
1764836583860 50.0 713
1764836583862 50.0 713
1764836606870 51.0 727
1764836606872 51.0 727
1764836629860 52.0 741
1764836629862 52.0 741
1764836632062 53.0 742
