c<A>r<90>R<GLN> -20.311001 1.059000 -7.827000
c<A>r<91>R<THR> -16.486000 0.778000 -7.358000
c<A>r<92>R<ASN> -14.009000 -0.170000 -4.580000
c<A>r<93>R<SER> -13.225000 3.266000 -3.012000
c<A>r<95>R<PHE> -15.170000 8.269000 -2.237000
c<A>r<96>R<ILE> -15.300000 7.647000 -6.029000
c<A>r<97>R<GLY> -18.674000 8.385000 -7.698000
c<A>r<119>R<THR> -9.620000 -5.041000 3.749000
c<A>r<120>R<SER> -7.157000 -5.150000 0.786000
c<A>r<121>R<ASN> -9.846000 -4.108000 -1.785000
c<A>r<124>R<GLU> -7.781000 -0.169000 1.403000
c<A>r<125>R<ALA> -9.027000 1.934000 -1.586000
c<A>r<128>R<ARG> -5.844000 5.476000 1.176000
c<A>r<129>R<ALA> -8.111000 8.596000 1.317000
c<A>r<130>R<GLY> -5.586000 9.678000 4.017000
c<A>r<131>R<ASN> -4.165000 11.423000 0.860000
c<A>r<132>R<LEU> -7.385000 13.607000 0.944000
c<A>r<133>R<GLY> -6.327000 14.840000 4.466000
c<A>r<148>R<LYS> -5.378000 -14.957000 -2.708000
c<A>r<149>R<THR> -2.830000 -16.236000 -5.249000
c<A>r<150>R<ASP> -0.036000 -13.695000 -5.907000
c<A>r<151>R<TRP> 1.356000 -12.657000 -9.335000
c<A>r<152>R<HIS> 4.197000 -15.245000 -8.921000
c<A>r<153>R<GLY> 1.664000 -18.122000 -8.454000
c<A>r<154>R<ARG> 2.133000 -18.459000 -4.628000
c<A>r<156>R<ARG> -1.203000 -16.525999 0.349000
c<A>r<160>R<GLU> -0.696000 -13.146000 4.534000
c<A>r<161>R<VAL> -2.618000 -10.913000 2.044000
c<A>r<162>R<HIS> -3.594000 -8.688000 5.007000
c<A>r<163>R<ALA> 0.104000 -7.796000 5.413000
c<A>r<164>R<SER> -0.978000 -4.825000 3.160000
c<A>r<165>R<LEU> -1.684000 -3.129000 6.559000
c<A>r<166>R<ALA> 2.099000 -2.474000 6.384000
c<A>r<167>R<ASN> 1.242000 -0.353000 3.269000
c<A>r<168>R<LEU> -1.504000 1.545000 5.255000
c<A>r<169>R<ASP> -0.144000 2.276000 8.792000
c<A>r<171>R<GLU> 1.354000 6.506000 5.614000
c<A>r<172>R<TYR> -2.492000 6.588000 5.178000
c<A>r<175>R<VAL> -4.161000 0.656000 12.539000
c<A>r<176>R<CYS> -6.021000 -0.020000 15.859000
c<B>r<90>R<GLN> 2.790000 16.424000 -2.484000
c<B>r<91>R<THR> 1.102000 13.050000 -1.609000
c<B>r<92>R<ASN> 1.309000 9.348000 -2.658000
c<B>r<93>R<SER> -1.421000 9.197000 -5.384000
c<B>r<95>R<PHE> -4.133000 12.182000 -9.094000
c<B>r<96>R<ILE> -4.643000 13.960000 -5.719000
c<B>r<97>R<GLY> -3.883000 17.721001 -5.769000
c<B>r<119>R<THR> 5.236000 -0.626000 -5.673000
c<B>r<120>R<SER> 3.013000 -0.622000 -2.556000
c<B>r<121>R<ASN> 3.053000 3.170000 -1.797000
c<B>r<124>R<GLU> -0.347000 1.328000 -5.563000
c<B>r<125>R<ALA> -2.105000 4.636000 -4.579000
c<B>r<128>R<ARG> -5.911000 2.122000 -7.674000
c<B>r<129>R<ALA> -7.085000 5.006000 -9.955000
c<B>r<130>R<GLY> -8.511000 2.127000 -12.090000
c<B>r<131>R<ASN> -11.605000 3.149000 -9.992000
c<B>r<132>R<LEU> -11.601000 6.428000 -12.081000
c<B>r<133>R<GLY> -12.138000 4.283000 -15.267000
c<B>r<140>R<GLU> 5.961000 -4.718000 -12.269000
c<B>r<148>R<LYS> 8.919000 -3.678000 5.988000
c<B>r<149>R<THR> 7.680000 -4.949000 9.373000
c<B>r<150>R<ASP> 3.977000 -5.892000 9.166000
c<B>r<151>R<TRP> 1.556000 -4.770000 11.912000
c<B>r<152>R<HIS> 1.881000 -8.227000 13.617000
c<B>r<153>R<GLY> 5.674000 -7.553000 14.029000
c<B>r<154>R<ARG> 6.862000 -9.918000 11.207000
c<B>r<155>R<ARG> 9.572000 -8.435000 8.945000
c<B>r<156>R<ARG> 8.531000 -9.039000 5.310000
c<B>r<160>R<GLU> 6.821000 -10.156000 0.300000
c<B>r<161>R<VAL> 5.710000 -6.443000 0.233000
c<B>r<162>R<HIS> 5.854000 -6.252000 -3.640000
c<B>r<163>R<ALA> 3.314000 -9.132000 -3.582000
c<B>r<164>R<SER> 0.659000 -6.347000 -3.018000
c<B>r<165>R<LEU> 0.510000 -6.655000 -6.867000
c<B>r<166>R<ALA> -2.013000 -9.391000 -5.950000
c<B>r<167>R<ASN> -4.333000 -6.625000 -4.535000
c<B>r<168>R<LEU> -3.973000 -4.692000 -7.875000
c<B>r<169>R<ASP> -4.321000 -7.382000 -10.622000
c<B>r<171>R<GLU> -9.367000 -5.356000 -9.720000
c<B>r<172>R<TYR> -7.502000 -2.053000 -10.493000
c<B>r<175>R<VAL> -0.162000 -6.712000 -14.151000
c<B>r<176>R<CYS> 2.547000 -7.483000 -16.790001
