c<A>r<171>R<GLU> 11.991000 10.408000 -0.085000
c<A>r<172>R<GLY> 13.904000 7.688000 1.699000
c<A>r<173>R<GLU> 11.774000 4.842000 0.286000
c<A>r<174>R<CYS> 14.536000 3.584000 -1.997000
c<A>r<175>R<GLN> 16.921000 3.420000 0.890000
c<A>r<176>R<ARG> 14.334000 1.614000 3.058000
c<A>r<177>R<TYR> 13.600000 -0.849000 0.144000
c<A>r<178>R<LYS> 17.223000 -1.496000 -0.774000
c<A>r<179>R<PRO> 17.599001 -4.652000 1.394000
c<A>r<180>R<PHE> 14.629000 -6.214000 -0.370000
c<A>r<182>R<GLN> 18.069000 -8.713000 -3.284000
c<A>r<183>R<LEU> 14.942000 -10.760000 -2.566000
c<A>r<184>R<HIS> 13.648000 -12.933000 -5.378000
c<A>r<206>R<LEU> 1.602000 2.652000 2.352000
c<A>r<207>R<ARG> 0.832000 1.684000 5.934000
c<A>r<208>R<ILE> -0.536000 -1.238000 7.862000
c<A>r<209>R<ALA> -3.596000 -0.792000 10.096000
c<A>r<210>R<PRO> -2.701000 0.132000 13.675000
c<A>r<211>R<PRO> -2.549000 -2.389000 16.447001
c<A>r<212>R<GLU> -5.849000 -1.025000 17.941999
c<A>r<213>R<ALA> -7.699000 -1.970000 14.749000
c<A>r<222>R<LYS> -3.372000 -6.600000 8.877000
c<A>r<223>R<GLY> -0.989000 -5.954000 5.920000
c<A>r<224>R<ILE> -0.588000 -4.026000 2.709000
c<A>r<256>R<GLY> 9.791000 -13.496000 -1.770000
c<A>r<269>R<LYS> 2.588000 -14.046000 11.984000
c<A>r<270>R<LEU> 3.888000 -15.557000 8.737000
c<A>r<272>R<LYS> 8.949000 -19.695999 8.930000
c<A>r<273>R<GLY> 10.623000 -18.799999 5.643000
c<A>r<275>R<HIS> 7.826000 -13.329000 3.228000
c<A>r<320>R<VAL> 3.082000 -7.981000 2.700000
c<A>r<321>R<TYR> 3.439000 -7.428000 6.419000
c<A>r<322>R<ASP> 6.422000 -5.058000 6.504000
c<A>r<323>R<ILE> 6.068000 -1.548000 5.060000
c<A>r<324>R<ALA> 9.761000 -1.791000 3.832000
c<A>r<325>R<GLN> 8.704000 -4.498000 1.321000
c<B>r<16>R<CYS> 24.794001 -5.560000 6.225000
c<B>r<19>R<ARG> 26.450001 -1.658000 3.333000
c<B>r<20>R<ALA> 24.134001 0.523000 5.396000
c<B>r<23>R<ASP> 24.417000 3.804000 1.558000
c<B>r<24>R<ARG> 23.872999 6.478000 4.138000
c<B>r<27>R<ASP> 22.226000 9.101000 -0.146000
c<B>r<28>R<GLY> 22.666000 11.740000 2.242000
c<B>r<29>R<CYS> 19.695000 10.679000 4.294000
c<B>r<30>R<SER> 19.354000 8.217000 7.101000
c<B>r<31>R<GLN> 16.396000 5.832000 7.151000
c<B>r<32>R<ALA> 15.746000 2.820000 9.282000
c<B>r<33>R<VAL> 16.690001 -0.180000 7.109000
c<B>r<34>R<PRO> 15.548000 -3.748000 7.663000
c<B>r<35>R<LEU> 17.872999 -6.751000 8.187000
c<B>r<36>R<VAL> 16.475000 -9.268000 5.762000
c<B>r<37>R<PRO> 17.872999 -12.887000 6.104000
c<B>r<38>R<LEU> 17.774000 -14.553000 2.688000
c<B>r<39>R<THR> 19.240000 -17.964001 3.765000
c<B>r<40>R<GLU> 17.923000 -20.476999 6.186000
c<B>r<43>R<GLU> 16.923000 -16.882999 9.417000
c<B>r<44>R<GLU> 17.635000 -19.273001 12.139000
c<B>r<63>R<PRO> 10.523000 -4.902000 14.642000
c<B>r<64>R<ALA> 8.001000 -2.326000 15.730000
c<B>r<65>R<SER> 4.587000 -3.589000 16.153000
c<B>r<66>R<GLY> 2.150000 -3.075000 13.497000
c<B>r<67>R<GLN> 4.274000 -1.888000 10.621000
c<B>r<68>R<GLU> 7.427000 -4.128000 10.755000
c<B>r<69>R<THR> 8.381000 -7.855000 10.770000
c<B>r<70>R<PHE> 12.167000 -7.589000 10.288000
c<B>r<72>R<ARG> 16.048000 -2.622000 11.812000
