c<A>r<17>R<ILE> 1.145000 -2.654000 8.356000
c<A>r<18>R<ASP> -1.034000 0.441000 7.871000
c<A>r<19>R<TYR> -3.350000 0.507000 4.882000
c<A>r<20>R<GLY> -5.875000 2.263000 2.621000
c<A>r<21>R<PHE> -9.253000 0.829000 1.487000
c<A>r<22>R<THR> -10.151000 2.078000 -2.052000
c<A>r<23>R<THR> -13.768000 2.129000 -3.399000
c<A>r<24>R<VAL> -15.289000 3.294000 -6.749000
c<A>r<27>R<ASP> -18.712999 8.684000 -11.558000
c<A>r<28>R<GLY> -15.753000 6.178000 -11.632000
c<A>r<29>R<SER> -13.627000 8.214000 -9.162000
c<A>r<30>R<LEU> -11.525000 6.062000 -6.815000
c<A>r<31>R<HIS> -11.685000 6.887000 -3.024000
c<A>r<32>R<SER> -9.247000 5.537000 -0.350000
c<A>r<33>R<TYR> -10.094000 5.302000 3.391000
c<A>r<34>R<PRO> -7.977000 4.325000 6.473000
c<A>r<60>R<HIS> -19.816000 -1.149000 -6.835000
c<A>r<61>R<GLU> -18.707001 -4.171000 -4.772000
c<A>r<62>R<GLN> -15.114000 -3.889000 -6.173000
c<A>r<63>R<VAL> -12.503000 -2.671000 -3.654000
c<A>r<64>R<ASN> -8.733000 -2.438000 -3.149000
c<A>r<65>R<VAL> -6.953000 -2.763000 0.224000
c<A>r<66>R<SER> -3.395000 -1.340000 0.027000
c<A>r<67>R<PHE> -0.877000 -2.051000 2.859000
c<A>r<68>R<SER> 2.403000 -0.045000 3.078000
c<A>r<69>R<SER> 5.399000 -0.498000 5.438000
c<A>r<70>R<PRO> 8.121000 1.782000 3.982000
c<A>r<73>R<GLN> 10.120000 -1.936000 2.002000
c<A>r<74>R<ARG> 6.835000 -3.917000 2.001000
c<A>r<75>R<TYR> 3.713000 -3.155000 -0.019000
c<A>r<76>R<VAL> 0.530000 -5.247000 -0.525000
c<A>r<77>R<SER> -2.436000 -4.510000 -2.838000
c<A>r<78>R<ILE> -5.529000 -6.677000 -2.329000
c<A>r<79>R<SER> -8.323000 -6.553000 -4.936000
c<A>r<80>R<GLY> -11.651000 -8.119000 -3.946000
c<A>r<81>R<THR> -15.393000 -7.653000 -3.433000
c<A>r<100>R<THR> -10.703000 5.721000 18.948999
c<A>r<101>R<TRP> -12.995000 5.361000 15.840000
c<A>r<119>R<ASN> -9.874000 -12.074000 -5.357000
c<A>r<120>R<GLN> -6.189000 -11.139000 -5.875000
c<A>r<121>R<VAL> -3.147000 -10.053000 -3.838000
c<A>r<122>R<ASN> -0.190000 -8.221000 -5.380000
c<A>r<123>R<TYR> 2.814000 -7.818000 -3.022000
c<A>r<124>R<TRP> 6.333000 -6.373000 -2.988000
c<A>r<127>R<PHE> 12.021000 -5.597000 -6.039000
c<B>r<17>R<ILE> 4.628000 10.304000 3.155000
c<B>r<18>R<ASP> 4.870000 6.991000 1.265000
c<B>r<19>R<TYR> 1.841000 6.116000 -0.855000
c<B>r<20>R<GLY> -0.168000 3.744000 -3.065000
c<B>r<21>R<PHE> -1.258000 4.615000 -6.649000
c<B>r<22>R<THR> -4.591000 2.810000 -7.421000
c<B>r<23>R<THR> -5.716000 2.033000 -11.019000
c<B>r<24>R<VAL> -8.761000 0.117000 -12.360000
c<B>r<27>R<ASP> -12.665000 -6.156000 -15.409000
c<B>r<28>R<GLY> -13.150000 -3.425000 -12.722000
c<B>r<29>R<SER> -10.356000 -4.795000 -10.427000
c<B>r<30>R<LEU> -8.612000 -2.021000 -8.449000
c<B>r<31>R<HIS> -4.757000 -2.258000 -8.280000
c<B>r<32>R<SER> -2.545000 -0.190000 -5.884000
c<B>r<33>R<TYR> 1.211000 0.369000 -6.654000
c<B>r<34>R<PRO> 4.046000 2.032000 -4.603000
c<B>r<60>R<HIS> -9.193000 3.976000 -17.587999
c<B>r<61>R<GLU> -7.629000 7.389000 -16.872999
c<B>r<62>R<GLN> -9.272000 7.581000 -13.379000
c<B>r<63>R<VAL> -6.807000 6.893000 -10.519000
c<B>r<64>R<ASN> -6.401000 7.263000 -6.754000
c<B>r<65>R<VAL> -3.164000 8.193000 -4.944000
c<B>r<66>R<SER> -3.359000 7.301000 -1.213000
c<B>r<67>R<PHE> -0.751000 8.632000 1.299000
c<B>r<68>R<SER> -0.523000 7.115000 4.823000
c<B>r<69>R<SER> 1.570000 8.511000 7.725000
c<B>r<70>R<PRO> 0.585000 6.421000 10.806000
c<B>r<74>R<ARG> -2.376000 11.463000 8.665000
c<B>r<75>R<TYR> -4.148000 9.924000 5.677000
c<B>r<76>R<VAL> -4.666000 11.484000 2.209000
c<B>r<77>R<SER> -6.630000 10.138000 -0.784000
c<B>r<78>R<ILE> -6.150000 11.924000 -4.123000
c<B>r<79>R<SER> -8.663000 11.259000 -6.928000
c<B>r<80>R<GLY> -7.590000 12.365000 -10.412000
c<B>r<81>R<THR> -6.918000 11.448000 -14.041000
c<B>r<100>R<THR> 17.670000 1.806000 -8.021000
c<B>r<101>R<TRP> 14.559000 1.376000 -10.284000
c<B>r<119>R<ASN> -9.544000 16.440001 -9.234000
c<B>r<120>R<GLN> -10.204000 15.864000 -5.489000
c<B>r<121>R<VAL> -8.244000 15.351000 -2.240000
c<B>r<122>R<ASN> -9.757000 13.787000 0.888000
c<B>r<123>R<TYR> -7.531000 14.058000 4.005000
c<B>r<124>R<TRP> -7.553000 13.144000 7.706000
c<B>r<127>R<PHE> -10.777000 12.542000 13.431000
c<B>r<129>R<PRO> -12.603000 14.124000 6.995000
