c<A>r<55>R<ALA> 13.664000 5.284000 -7.060000
c<A>r<56>R<GLN> 15.311000 8.575000 -8.049000
c<A>r<57>R<PRO> 12.703000 11.412000 -8.384000
c<A>r<61>R<ALA> 11.503000 14.501000 -13.639000
c<A>r<87>R<GLU> 6.791000 -16.622000 5.060000
c<A>r<88>R<GLY> 4.132000 -14.745000 7.079000
c<A>r<89>R<VAL> 3.616000 -11.990000 9.562000
c<A>r<90>R<GLU> 7.284000 -11.079000 10.346000
c<A>r<91>R<THR> 8.934000 -7.846000 11.266000
c<A>r<92>R<ILE> 10.315000 -5.813000 8.315000
c<A>r<93>R<GLY> 13.541000 -3.730000 8.382000
c<A>r<94>R<ASN> 13.541000 -0.001000 7.550000
c<A>r<97>R<PHE> 10.621000 -1.312000 3.522000
c<A>r<98>R<ASP> 12.014000 1.741000 1.770000
c<A>r<101>R<MET> 7.969000 0.970000 -1.382000
c<A>r<102>R<HIS> 10.268000 3.551000 -3.115000
c<A>r<105>R<VAL> 4.910000 2.629000 -5.164000
c<A>r<106>R<ARG> 6.703000 6.025000 -4.771000
c<A>r<107>R<GLY> 8.383000 5.779000 -8.209000
c<A>r<108>R<PRO> 5.009000 5.039000 -9.976000
c<A>r<109>R<MET> 3.253000 7.881000 -8.003000
c<A>r<110>R<GLN> 5.877000 10.315000 -9.249000
c<A>r<111>R<LEU> 5.896000 8.962000 -12.865000
c<A>r<112>R<LEU> 2.098000 8.583000 -13.454000
c<A>r<113>R<PRO> 1.475000 12.352000 -13.388000
c<A>r<114>R<ILE> 4.007000 12.657000 -16.278999
c<A>r<116>R<LEU> -0.884000 9.748000 -17.973000
c<A>r<133>R<MET> -0.210000 -11.329000 -4.646000
c<A>r<134>R<GLY> -1.341000 -7.737000 -4.115000
c<A>r<135>R<SER> -5.087000 -8.685000 -4.313000
c<A>r<136>R<ILE> -6.680000 -8.043000 -0.986000
c<A>r<137>R<ALA> -10.053000 -9.758000 -1.675000
c<A>r<138>R<ASP> -8.389000 -12.786000 -3.178000
c<A>r<139>R<ALA> -5.301000 -13.013000 -0.968000
c<A>r<140>R<THR> -3.967000 -16.601999 -1.153000
c<A>r<141>R<GLY> -0.963000 -16.836000 1.049000
c<A>r<142>R<THR> 1.182000 -15.033000 3.483000
c<A>r<143>R<THR> 4.646000 -14.978000 1.840000
c<A>r<144>R<GLY> 6.395000 -11.747000 0.984000
c<A>r<145>R<TRP> 3.799000 -9.615000 2.802000
c<A>r<146>R<LEU> 5.943000 -6.447000 2.228000
c<A>r<147>R<TYR> 5.781000 -7.171000 -1.558000
c<A>r<148>R<ARG> 2.041000 -7.885000 -1.240000
c<A>r<149>R<ALA> 1.456000 -4.628000 0.554000
c<A>r<150>R<SER> 3.435000 -2.700000 -2.089000
c<A>r<151>R<LYS> 1.429000 -4.253000 -4.986000
c<A>r<152>R<ALA> -1.819000 -3.524000 -3.194000
c<A>r<153>R<ALA> -0.677000 0.100000 -2.892000
c<A>r<154>R<LEU> 0.337000 0.087000 -6.599000
c<A>r<155>R<ASN> -3.113000 -1.300000 -7.519000
c<A>r<156>R<ASP> -4.736000 1.549000 -5.594000
c<A>r<157>R<VAL> -2.516000 4.174000 -7.259000
c<A>r<158>R<LEU> -3.528000 2.799000 -10.678000
c<A>r<159>R<ARG> -7.199000 2.549000 -9.750000
c<A>r<160>R<ILE> -7.182000 6.225000 -8.649000
c<A>r<161>R<ALA> -5.576000 7.205000 -11.957000
c<A>r<162>R<SER> -8.351000 5.290000 -13.717000
c<A>r<163>R<LEU> -10.982000 7.390000 -11.945000
c<A>r<164>R<GLN> -9.310000 10.583000 -13.111000
c<A>r<165>R<THR> -8.562000 9.790000 -16.804001
c<A>r<206>R<GLY> -9.964000 0.568000 -14.142000
c<A>r<207>R<ARG> -9.532000 -3.199000 -14.423000
c<A>r<208>R<PHE> -7.111000 -5.689000 -12.901000
c<A>r<217>R<SER> -10.462000 -8.879000 -7.930000
c<A>r<218>R<TRP> -8.564000 -6.093000 -6.243000
c<B>r<54>R<ALA> 7.493000 5.564000 13.019000
c<B>r<55>R<GLN> 10.328000 4.586000 15.345000
c<B>r<56>R<PRO> 11.089000 0.790000 15.143000
c<B>r<60>R<ALA> 10.545000 -3.193000 19.870001
c<B>r<86>R<GLU> -7.042000 16.437000 -5.546000
c<B>r<87>R<GLY> -5.992000 13.711000 -8.012000
c<B>r<88>R<VAL> -3.039000 12.228000 -9.788000
c<B>r<89>R<GLU> -0.273000 14.661000 -8.632000
c<B>r<90>R<THR> 3.381000 14.159000 -7.957000
c<B>r<91>R<ILE> 4.279000 13.294000 -4.311000
c<B>r<92>R<GLY> 7.428000 14.496000 -2.458000
c<B>r<93>R<ASN> 9.893000 12.022000 -0.914000
c<B>r<96>R<PHE> 5.728000 9.679000 0.987000
c<B>r<97>R<ASP> 7.942000 8.475000 3.813000
c<B>r<100>R<MET> 4.024000 5.150000 4.579000
c<B>r<101>R<HIS> 6.313000 4.932000 7.691000
c<B>r<104>R<VAL> 2.152000 0.950000 6.884000
c<B>r<105>R<ARG> 5.763000 0.338000 8.107000
c<B>r<106>R<GLY> 4.849000 0.982000 11.780000
c<B>r<107>R<PRO> 1.904000 -1.533000 11.647000
c<B>r<108>R<MET> 4.100000 -4.150000 9.814000
c<B>r<109>R<GLN> 6.638000 -3.914000 12.611000
c<B>r<110>R<LEU> 4.018000 -3.891000 15.443000
c<B>r<111>R<LEU> 1.663000 -6.683000 14.189000
c<B>r<112>R<PRO> 4.247000 -9.437000 14.715000
c<B>r<113>R<ILE> 4.414000 -8.351000 18.410000
c<B>r<115>R<LEU> -0.864000 -10.676000 17.049000
c<B>r<132>R<MET> -10.653000 5.707000 0.985000
c<B>r<133>R<GLY> -8.243000 2.774000 0.845000
c<B>r<134>R<SER> -10.829000 0.451000 -0.858000
c<B>r<135>R<ILE> -9.618000 -0.396000 -4.287000
c<B>r<136>R<ALA> -12.840000 -2.075000 -5.583000
c<B>r<137>R<ASP> -15.019000 0.686000 -4.222000
c<B>r<138>R<ALA> -12.743000 3.694000 -4.808000
c<B>r<139>R<THR> -14.912000 6.854000 -4.895000
c<B>r<140>R<GLY> -12.689000 9.758000 -5.543000
c<B>r<141>R<THR> -9.213000 10.848000 -6.298000
c<B>r<142>R<THR> -8.231000 13.069000 -3.336000
c<B>r<143>R<GLY> -5.350000 12.246000 -1.078000
c<B>r<144>R<TRP> -4.161000 9.387000 -3.304000
c<B>r<145>R<LEU> -0.969000 8.953000 -1.147000
c<B>r<146>R<TYR> -3.271000 8.405000 1.900000
c<B>r<147>R<ARG> -5.465000 6.082000 -0.189000
c<B>r<148>R<ALA> -2.467000 4.053000 -1.263000
c<B>r<149>R<SER> -1.229000 3.786000 2.351000
c<B>r<150>R<LYS> -4.649000 2.551000 3.625000
c<B>r<151>R<ALA> -4.850000 0.044000 0.795000
c<B>r<152>R<ALA> -1.417000 -1.231000 1.859000
c<B>r<153>R<LEU> -2.587000 -1.289000 5.529000
c<B>r<154>R<ASN> -5.689000 -3.271000 4.491000
c<B>r<155>R<ASP> -3.449000 -5.815000 2.735000
c<B>r<156>R<VAL> -1.135000 -6.095000 5.774000
c<B>r<157>R<LEU> -4.177000 -6.799000 7.976000
c<B>r<158>R<ARG> -5.703000 -9.235000 5.495000
c<B>r<159>R<ILE> -2.407000 -11.206000 5.370000
c<B>r<160>R<ALA> -2.366000 -11.333000 9.184000
c<B>r<161>R<SER> -5.921000 -12.679000 9.049000
c<B>r<162>R<LEU> -4.798000 -15.558000 6.830000
c<B>r<163>R<GLN> -2.093000 -16.492001 9.315000
c<B>r<164>R<THR> -3.972000 -16.267000 12.665000
c<B>r<204>R<GLY> -10.475000 -11.119000 7.632000
c<B>r<205>R<ARG> -13.244000 -8.557000 7.206000
c<B>r<206>R<PHE> -13.318000 -4.867000 6.390000
c<B>r<215>R<SER> -15.138000 -4.347000 -0.136000
c<B>r<216>R<TRP> -11.377000 -4.196000 -0.104000
