c<A>r<15>R<PRO> 13.318000 8.492000 6.515000
c<A>r<16>R<LEU> 16.469000 7.295000 4.721000
c<A>r<17>R<ILE> 16.646000 3.509000 4.021000
c<A>r<18>R<GLU> 19.643000 1.403000 2.848000
c<A>r<19>R<PRO> 18.388000 -1.111000 0.164000
c<A>r<27>R<LEU> 11.618000 6.157000 1.600000
c<A>r<30>R<PHE> 1.909000 7.888000 -0.171000
c<A>r<31>R<LEU> -0.029000 5.743000 2.360000
c<A>r<32>R<GLY> -1.498000 7.959000 5.102000
c<A>r<33>R<ASP> -0.867000 11.343000 3.354000
c<A>r<34>R<PRO> -3.787000 12.955000 1.361000
c<A>r<35>R<GLU> -2.011000 16.339001 0.812000
c<A>r<37>R<THR> -0.730000 12.268000 -2.675000
c<A>r<38>R<ARG> -2.882000 15.056000 -4.232000
c<A>r<54>R<ILE> -7.115000 3.334000 -18.232000
c<A>r<55>R<LEU> -4.323000 3.607000 -15.609000
c<A>r<56>R<PHE> -2.292000 0.588000 -14.354000
c<A>r<57>R<THR> -0.286000 0.457000 -11.077000
c<A>r<59>R<GLU> 0.219000 -2.466000 -4.738000
c<A>r<60>R<THR> 0.605000 -0.828000 -2.188000
c<A>r<61>R<SER> 2.120000 2.743000 -1.996000
c<A>r<63>R<ILE> -2.615000 3.009000 -4.922000
c<A>r<64>R<PRO> -3.728000 6.440000 -3.478000
c<A>r<65>R<LEU> -1.602000 8.260000 -6.122000
c<A>r<66>R<THR> -3.160000 6.281000 -9.012000
c<A>r<67>R<HIS> -6.661000 6.596000 -7.452000
c<A>r<68>R<VAL> -6.554000 10.446000 -7.153000
c<A>r<69>R<LEU> -4.990000 10.664000 -10.662000
c<A>r<70>R<ALA> -7.691000 8.325000 -12.139000
c<A>r<71>R<GLU> -10.424000 10.343000 -10.329000
c<A>r<72>R<ALA> -9.041000 13.688000 -11.644000
c<A>r<74>R<GLY> -12.427000 10.562000 -15.084000
c<A>r<75>R<LEU> -10.707000 7.212000 -15.947000
c<A>r<76>R<PRO> -10.803000 3.694000 -14.413000
c<A>r<77>R<TYR> -7.610000 2.036000 -13.152000
c<A>r<78>R<VAL> -6.244000 -1.465000 -12.363000
c<A>r<79>R<VAL> -3.831000 -2.817000 -9.703000
c<A>r<81>R<ARG> -0.821000 -7.588000 -6.735000
c<A>r<86>R<PRO> -7.771000 -16.995001 -2.740000
c<A>r<87>R<TYR> -10.541000 -15.474000 -4.950000
c<A>r<88>R<MET> -8.168000 -14.862000 -7.950000
c<A>r<89>R<GLU> -9.398000 -17.100000 -10.745000
c<A>r<106>R<ARG> -11.517000 -8.801000 -13.988000
c<A>r<107>R<PHE> -8.684000 -6.239000 -14.264000
c<A>r<110>R<LYS> -10.543000 -4.006000 -18.448000
c<B>r<15>R<PRO> -18.982000 -11.245000 -8.940000
c<B>r<17>R<ILE> -17.441999 -15.912000 -4.984000
c<B>r<18>R<GLU> -17.686001 -19.166000 -2.972000
c<B>r<19>R<PRO> -15.067000 -18.920000 -0.115000
c<B>r<27>R<LEU> -16.802000 -9.736000 -3.792000
c<B>r<30>R<PHE> -12.699000 -0.450000 -4.197000
c<B>r<31>R<LEU> -9.523000 -0.836000 -6.323000
c<B>r<32>R<GLY> -10.015000 0.618000 -9.819000
c<B>r<33>R<ASP> -13.362000 2.445000 -9.209000
c<B>r<34>R<PRO> -13.058000 6.168000 -8.189000
c<B>r<35>R<GLU> -16.843000 6.839000 -8.518000
c<B>r<37>R<THR> -15.084000 4.741000 -3.791000
c<B>r<38>R<ARG> -16.254000 8.406000 -3.536000
c<B>r<54>R<ILE> -6.761000 9.818000 12.515000
c<B>r<55>R<LEU> -8.179000 6.925000 10.436000
c<B>r<56>R<PHE> -6.758000 3.351000 10.659000
c<B>r<57>R<THR> -7.164000 0.618000 7.990000
c<B>r<59>R<GLU> -3.837000 -3.141000 3.091000
c<B>r<60>R<THR> -5.058000 -3.386000 0.300000
c<B>r<61>R<SER> -8.746000 -3.058000 -0.826000
c<B>r<63>R<ILE> -6.936000 1.941000 1.057000
c<B>r<64>R<PRO> -8.738000 4.146000 -1.586000
c<B>r<65>R<LEU> -11.892000 4.271000 0.601000
c<B>r<66>R<THR> -9.858000 5.337000 3.676000
c<B>r<67>R<HIS> -7.844000 7.823000 1.536000
c<B>r<68>R<VAL> -10.912000 9.619000 0.031000
c<B>r<69>R<LEU> -12.596000 9.599000 3.492000
c<B>r<70>R<ALA> -9.396000 10.961000 5.181000
c<B>r<71>R<GLU> -9.180000 13.703000 2.503000
c<B>r<72>R<ALA> -12.900000 14.692000 2.842000
c<B>r<74>R<GLY> -8.817000 16.823999 6.419000
c<B>r<75>R<LEU> -7.354000 13.948000 8.551000
c<B>r<76>R<PRO> -4.233000 11.728000 8.247000
c<B>r<77>R<TYR> -4.567000 7.927000 8.121000
c<B>r<78>R<VAL> -2.478000 4.803000 8.922000
c<B>r<79>R<VAL> -2.296000 1.413000 7.111000
c<B>r<81>R<ARG> 0.549000 -3.995000 6.295000
c<B>r<86>R<PRO> 12.984000 -5.040000 5.484000
c<B>r<87>R<TYR> 12.905000 -1.312000 6.451000
c<B>r<88>R<MET> 10.440000 -2.004000 9.341000
c<B>r<106>R<ARG> 6.898000 5.384000 12.811000
c<B>r<107>R<PHE> 3.179000 4.722000 12.096000
