c<A>r<15>R<PRO> 10.367000 8.994000 15.883000
c<A>r<16>R<LEU> 13.568000 7.009000 16.292000
c<A>r<17>R<ILE> 13.769000 3.250000 16.215000
c<A>r<18>R<GLU> 16.596001 1.058000 17.362000
c<A>r<19>R<PRO> 17.063999 -1.815000 14.956000
c<A>r<27>R<LEU> 11.490000 5.733000 11.264000
c<A>r<31>R<LEU> 1.738000 5.299000 4.880000
c<A>r<32>R<GLY> -0.925000 7.770000 5.682000
c<A>r<33>R<ASP> 1.065000 10.762000 4.433000
c<A>r<34>R<PRO> -0.030000 11.873000 0.919000
c<A>r<35>R<GLU> 2.043000 15.040000 0.988000
c<A>r<37>R<THR> 4.641000 10.492000 -0.364000
c<A>r<38>R<ARG> 4.141000 12.894000 -3.264000
c<A>r<54>R<ILE> 7.047000 -1.359000 -15.030000
c<A>r<55>R<LEU> 7.825000 -0.716000 -11.330000
c<A>r<56>R<PHE> 8.362000 -3.410000 -8.711000
c<A>r<57>R<THR> 8.083000 -2.928000 -4.942000
c<A>r<59>R<GLU> 4.516000 -4.279000 0.751000
c<A>r<60>R<THR> 3.738000 -2.239000 2.828000
c<A>r<61>R<SER> 5.075000 1.280000 3.302000
c<A>r<63>R<ILE> 3.189000 0.710000 -1.853000
c<A>r<64>R<PRO> 1.766000 4.263000 -1.840000
c<A>r<65>R<LEU> 5.175000 5.583000 -2.890000
c<A>r<66>R<THR> 5.398000 3.240000 -5.832000
c<A>r<67>R<HIS> 1.778000 3.779000 -6.738000
c<A>r<68>R<VAL> 2.139000 7.541000 -6.898000
c<A>r<69>R<LEU> 5.325000 7.229000 -8.953000
c<A>r<70>R<ALA> 3.760000 4.704000 -11.312000
c<A>r<71>R<GLU> 0.671000 6.783000 -11.858000
c<A>r<72>R<ALA> 2.827000 9.825000 -12.566000
c<A>r<74>R<GLY> 1.850000 6.144000 -16.658001
c<A>r<75>R<LEU> 3.337000 2.808000 -15.731000
c<A>r<76>R<PRO> 2.006000 -0.331000 -14.137000
c<A>r<77>R<TYR> 3.609000 -1.835000 -11.048000
c<A>r<78>R<VAL> 3.705000 -5.090000 -9.103000
c<A>r<79>R<VAL> 4.052000 -5.876000 -5.413000
c<A>r<81>R<ARG> 4.034000 -9.871000 -0.524000
c<A>r<86>R<PRO> -4.904000 -17.677000 0.264000
c<A>r<87>R<TYR> -5.757000 -16.775000 -3.273000
c<A>r<88>R<MET> -2.160000 -16.909000 -4.607000
c<A>r<89>R<GLU> -1.687000 -19.454000 -7.294000
c<A>r<107>R<ARG> -0.548000 -12.713000 -12.141000
c<A>r<108>R<PHE> 2.067000 -10.191000 -11.219000
c<B>r<15>R<VAL> -10.192000 -10.639000 -13.324000
c<B>r<16>R<PRO> -9.621000 -14.179000 -12.364000
c<B>r<17>R<LEU> -12.046000 -16.096001 -10.172000
c<B>r<18>R<ILE> -11.236000 -17.362000 -6.714000
c<B>r<19>R<GLU> -13.116000 -19.891001 -4.679000
c<B>r<20>R<PRO> -13.201000 -18.832001 -1.051000
c<B>r<28>R<LEU> -10.659000 -11.433000 -7.405000
c<B>r<32>R<LEU> -2.484000 -3.151000 -6.332000
c<B>r<33>R<GLY> -0.491000 -2.349000 -9.368000
c<B>r<34>R<ASP> -3.396000 -0.745000 -11.224000
c<B>r<35>R<PRO> -3.316000 3.095000 -11.075000
c<B>r<36>R<GLU> -6.128000 3.528000 -13.575000
c<B>r<38>R<THR> -7.590000 2.524000 -8.471000
c<B>r<39>R<ARG> -8.298000 6.080000 -9.603000
c<B>r<55>R<ILE> -9.372000 11.159000 8.397000
c<B>r<56>R<LEU> -9.605000 7.832000 6.505000
c<B>r<57>R<PHE> -8.907000 4.422000 8.022000
c<B>r<58>R<THR> -8.065000 1.257000 6.074000
c<B>r<60>R<GLU> -3.301000 -3.381000 4.406000
c<B>r<61>R<THR> -2.721000 -4.340000 1.630000
c<B>r<62>R<SER> -4.846000 -3.949000 -1.505000
c<B>r<64>R<ILE> -3.844000 1.015000 0.697000
c<B>r<65>R<PRO> -3.461000 2.562000 -2.790000
c<B>r<66>R<LEU> -7.233000 3.022000 -2.955000
c<B>r<67>R<THR> -7.360000 4.845000 0.352000
c<B>r<68>R<HIS> -4.243000 6.820000 -0.447000
c<B>r<69>R<VAL> -5.632000 8.118000 -3.719000
c<B>r<70>R<LEU> -8.938000 9.013000 -2.061000
c<B>r<71>R<ALA> -7.199000 10.724000 0.854000
c<B>r<72>R<GLU> -4.936000 12.742000 -1.375000
c<B>r<73>R<ALA> -7.923000 13.809000 -3.465000
c<B>r<75>R<GLY> -6.771000 16.542000 1.288000
c<B>r<76>R<LEU> -7.117000 14.194000 4.206000
c<B>r<77>R<PRO> -4.724000 12.069000 6.195000
c<B>r<78>R<TYR> -5.260000 8.343000 6.640000
c<B>r<79>R<VAL> -4.117000 5.473000 8.854000
c<B>r<80>R<VAL> -3.549000 1.796000 8.183000
c<B>r<82>R<ARG> -1.553000 -3.952000 9.921000
c<B>r<87>R<PRO> 9.126000 -4.780000 15.040000
c<B>r<88>R<TYR> 8.998000 -1.047000 15.419000
c<B>r<89>R<MET> 5.388000 -0.878000 16.684000
c<B>r<90>R<GLU> 5.087000 0.609000 20.070999
c<B>r<108>R<ARG> 1.359000 6.818000 16.236000
c<B>r<109>R<PHE> -1.573000 6.118000 14.018000
