c<A>r<8>R<ASP> -0.774000 -6.877000 -11.178000
c<A>r<9>R<ASP> 2.388000 -4.864000 -11.530000
c<A>r<10>R<HIS> 4.165000 -7.190000 -9.058000
c<A>r<11>R<GLU> 5.486000 -10.460000 -10.619000
c<A>r<12>R<VAL> 5.541000 -12.212000 -7.225000
c<A>r<13>R<VAL> 1.840000 -11.510000 -6.699000
c<A>r<14>R<ARG> 0.836000 -12.756000 -10.217000
c<A>r<15>R<ARG> 2.845000 -16.004999 -9.678000
c<A>r<16>R<GLY> 1.238000 -16.466000 -6.378000
c<A>r<17>R<LEU> -2.218000 -15.967000 -7.818000
c<A>r<18>R<VAL> -1.498000 -18.294001 -10.667000
c<A>r<19>R<ASP> -0.336000 -20.982000 -8.230000
c<A>r<20>R<LEU> -3.325000 -20.447001 -5.976000
c<A>r<21>R<LEU> -5.990000 -20.226000 -8.663000
c<A>r<34>R<GLY> 1.610000 -5.798000 -15.310000
c<A>r<58>R<PRO> 2.539000 1.731000 -12.988000
c<A>r<83>R<SER> -4.072000 -3.716000 -0.068000
c<A>r<103>R<VAL> -8.300000 -7.256000 -0.097000
c<A>r<104>R<LYS> -5.020000 -9.015000 -0.790000
c<A>r<105>R<ASP> -5.157000 -10.449000 2.575000
c<A>r<106>R<ILE> -7.797000 -12.897000 1.584000
c<A>r<107>R<LYS> -6.782000 -16.476999 2.046000
c<A>r<108>R<GLY> -6.164000 -18.231001 -1.239000
c<A>r<111>R<LEU> -10.056000 -15.721000 -3.194000
c<A>r<161>R<LEU> -7.679000 33.828999 6.290000
c<A>r<162>R<SER> -5.727000 30.545000 6.155000
c<A>r<163>R<GLU> -3.142000 32.341999 4.107000
c<A>r<164>R<GLY> -2.574000 34.636002 7.022000
c<A>r<165>R<LEU> -3.778000 37.848000 5.147000
c<A>r<166>R<THR> -4.858000 41.007000 6.994000
c<A>r<194>R<MET> -15.444000 30.909000 16.333000
c<A>r<195>R<GLU> -14.125000 33.895000 18.240000
c<A>r<196>R<ARG> -10.835000 34.477001 16.712000
c<A>r<197>R<ARG> -9.291000 34.780998 13.243000
c<A>r<198>R<THR> -6.630000 32.188999 14.151000
c<A>r<199>R<GLN> -9.291000 29.575001 14.884000
c<A>r<200>R<ALA> -10.884000 30.079000 11.463000
c<A>r<201>R<ALA> -7.427000 29.889999 9.813000
c<A>r<202>R<VAL> -6.605000 26.653999 11.670000
c<A>r<203>R<PHE> -9.996000 25.291000 10.779000
c<A>r<204>R<ALA> -9.501000 26.063000 7.046000
c<A>r<205>R<THR> -6.021000 24.521999 7.080000
c<A>r<206>R<GLU> -7.387000 21.297001 8.684000
c<A>r<208>R<LYS> -7.688000 21.605000 3.209000
c<A>r<209>R<ARG> -5.655000 18.663000 4.542000
c<A>r<210>R<SER> -8.594000 16.478001 4.781000
c<B>r<8>R<ASP> 4.466000 -11.457000 4.546000
c<B>r<9>R<ASP> 0.942000 -11.026000 5.728000
c<B>r<10>R<HIS> -0.381000 -11.787000 2.224000
c<B>r<11>R<GLU> -0.584000 -15.536000 1.341000
c<B>r<12>R<VAL> -0.484000 -14.796000 -2.400000
c<B>r<13>R<VAL> 2.823000 -12.944000 -2.055000
c<B>r<14>R<ARG> 4.464000 -15.713000 0.075000
c<B>r<15>R<ARG> 3.375000 -18.382000 -2.497000
c<B>r<16>R<GLY> 4.727000 -16.295000 -5.247000
c<B>r<17>R<LEU> 8.038000 -15.830000 -3.467000
c<B>r<18>R<VAL> 8.259000 -19.489000 -2.654000
c<B>r<19>R<ASP> 7.658000 -20.375999 -6.303000
c<B>r<20>R<LEU> 10.145000 -17.791000 -7.490000
c<B>r<21>R<LEU> 12.901000 -18.518999 -4.982000
c<B>r<34>R<GLY> 2.277000 -13.786000 8.228000
c<B>r<58>R<PRO> -0.924000 -6.974000 10.803000
c<B>r<83>R<SER> 5.746000 -1.533000 -2.099000
c<B>r<103>R<VAL> 10.727000 -2.958000 -3.772000
c<B>r<104>R<LYS> 8.161000 -5.611000 -4.560000
c<B>r<105>R<ASP> 8.355000 -4.658000 -8.107000
c<B>r<106>R<ILE> 11.651000 -6.387000 -8.499000
c<B>r<107>R<LYS> 11.650000 -9.034000 -11.104000
c<B>r<108>R<GLY> 11.839000 -12.505000 -9.646000
c<B>r<111>R<LEU> 15.035000 -10.718000 -6.188000
c<B>r<161>R<LEU> -1.139000 29.275000 19.155001
c<B>r<162>R<SER> -2.544000 26.535999 16.865000
c<B>r<163>R<GLU> -5.233000 25.978001 19.434999
c<B>r<164>R<GLY> -6.346000 29.530001 18.864000
c<B>r<165>R<LEU> -5.548000 30.704000 22.492001
c<B>r<166>R<THR> -5.101000 34.379002 23.417999
c<B>r<194>R<MET> 6.198000 35.400002 10.319000
c<B>r<195>R<GLU> 4.327000 38.575001 10.917000
c<B>r<196>R<ARG> 1.110000 37.419998 12.258000
c<B>r<197>R<ARG> -0.195000 34.995998 14.879000
c<B>r<198>R<THR> -2.462000 33.335999 12.280000
c<B>r<199>R<GLN> 0.521000 32.459999 10.112000
c<B>r<200>R<ALA> 2.244000 30.705999 13.011000
c<B>r<201>R<ALA> -0.999000 28.881001 13.886000
c<B>r<202>R<VAL> -1.460000 27.724001 10.254000
c<B>r<203>R<PHE> 2.156000 26.716000 10.167000
c<B>r<204>R<ALA> 1.829000 24.591999 13.359000
c<B>r<205>R<THR> -1.362000 22.962000 12.084000
c<B>r<206>R<GLU> 0.390000 22.007000 8.813000
c<B>r<208>R<LYS> 0.992000 18.472000 13.109000
c<B>r<209>R<ARG> -0.371000 16.669001 10.116000
