c<A>r<294>R<HIS> 28.221001 12.147000 52.855999
c<A>r<295>R<ASP> 24.843000 13.685000 53.794998
c<A>r<296>R<VAL> 21.416000 12.017000 54.283001
c<A>r<297>R<GLN> 20.264999 13.304000 50.880001
c<A>r<298>R<GLU> 22.905001 11.033000 49.341000
c<A>r<299>R<LEU> 22.344000 7.987000 51.507999
c<A>r<300>R<CYS> 18.649000 8.152000 50.658001
c<A>r<301>R<ARG> 19.305000 8.143000 46.898998
c<A>r<329>R<VAL> 9.167000 23.996000 36.590000
c<A>r<330>R<SER> 12.261000 26.188000 36.209999
c<A>r<331>R<TYR> 11.871000 29.204000 33.956001
c<A>r<332>R<ILE> 13.890000 32.092999 32.528000
c<A>r<333>R<GLN> 12.395000 35.342999 31.212999
c<A>r<341>R<SER> 12.795000 29.025000 28.461000
c<A>r<342>R<ASP> 10.758000 26.413000 30.322001
c<A>r<343>R<ARG> 12.099000 23.202999 31.809999
c<A>r<344>R<ARG> 9.958000 20.816000 33.894001
c<A>r<345>R<GLU> 11.814000 18.929001 36.616001
c<A>r<346>R<ASP> 11.286000 15.935000 38.882999
c<A>r<347>R<TYR> 12.380000 15.841000 42.525002
c<A>r<348>R<TYR> 12.335000 13.297000 45.314999
c<A>r<349>R<ASP> 13.147000 15.832000 48.037998
c<A>r<350>R<ILE> 13.589000 19.535000 48.792000
c<A>r<351>R<GLN> 16.648001 21.358999 50.115002
c<A>r<367>R<TYR> 12.781000 28.995001 47.368999
c<A>r<368>R<VAL> 10.355000 30.252001 44.737000
c<A>r<369>R<ALA> 11.671000 33.827000 44.785999
c<A>r<370>R<VAL> 12.618000 35.363998 41.411999
c<A>r<371>R<GLU> 16.371000 35.537998 40.686001
c<A>r<372>R<GLN> 18.014999 38.418999 38.805000
c<A>r<373>R<LEU> 20.577000 37.609001 36.122002
c<A>r<374>R<ASP> 22.659000 40.754002 35.255001
c<A>r<375>R<GLY> 26.101999 41.886002 34.049000
c<A>r<376>R<ASP> 28.385000 38.761002 34.352001
c<A>r<377>R<ASN> 25.311001 36.860001 35.449001
c<A>r<378>R<LYS> 23.677999 37.751999 32.120998
c<A>r<379>R<TYR> 21.941000 34.786999 30.530001
c<A>r<380>R<ASP> 23.181999 33.203999 27.306999
c<A>r<381>R<ALA> 20.006001 33.637001 25.247999
c<A>r<382>R<GLY> 21.635000 32.058998 22.215000
c<A>r<389>R<ALA> 16.573999 38.182999 32.772999
c<A>r<390>R<GLU> 14.945000 36.544998 35.790001
c<A>r<391>R<LYS> 15.023000 32.929001 36.932999
c<A>r<392>R<GLY> 12.710000 31.261999 39.435001
c<A>r<393>R<VAL> 10.924000 28.044001 40.306999
c<D>r<17>R<VAL> 30.294001 28.292000 31.311001
c<D>r<18>R<GLU> 30.569000 31.395000 33.546001
c<D>r<19>R<PRO> 30.264999 30.938999 37.307999
c<D>r<20>R<SER> 26.931999 32.828999 37.355000
c<D>r<21>R<ASP> 25.361000 30.927999 34.445000
c<D>r<22>R<THR> 21.936001 29.712999 35.289001
c<D>r<23>R<ILE> 20.990000 26.024000 35.144001
c<D>r<24>R<GLU> 18.611000 27.035000 32.310001
c<D>r<25>R<ASN> 21.672001 28.281000 30.362000
c<D>r<26>R<VAL> 23.478001 24.975000 31.083000
c<D>r<27>R<LYS> 20.454000 22.945000 29.858999
c<D>r<28>R<ALA> 20.573000 24.900000 26.514000
c<D>r<29>R<LYS> 24.257000 23.997999 26.158001
c<D>r<37>R<PRO> 15.209000 18.663000 25.465000
c<D>r<38>R<PRO> 15.634000 20.989000 28.482000
c<D>r<39>R<ASP> 12.252000 19.976999 29.959000
c<D>r<40>R<GLN> 13.511000 16.371000 30.174000
c<D>r<41>R<GLN> 16.815001 17.311001 31.799999
c<D>r<42>R<ARG> 17.129000 16.844999 35.602001
c<D>r<43>R<LEU> 20.582001 17.780001 36.825001
c<D>r<46>R<ALA> 26.862000 16.364000 44.817001
c<D>r<47>R<GLY> 23.375999 14.926000 45.568001
c<D>r<48>R<LYS> 21.646999 18.309000 45.147999
c<D>r<49>R<GLN> 18.862000 18.771999 42.554001
c<D>r<50>R<LEU> 19.650999 21.889999 40.514999
c<D>r<51>R<GLU> 16.886000 24.365000 39.763000
c<D>r<52>R<ASP> 16.590000 26.108000 36.354000
c<D>r<53>R<GLY> 16.455999 29.694000 37.730999
c<D>r<54>R<ARG> 19.448000 29.351000 40.050999
c<D>r<55>R<THR> 23.129999 29.766001 39.151001
c<D>r<57>R<SER> 27.667000 29.705000 41.963001
c<D>r<70>R<VAL> 19.118999 11.727000 36.035000
c<D>r<71>R<LEU> 15.533000 10.474000 35.653000
