c<A>r<290>R<SER> 32.695999 7.122000 54.931999
c<A>r<291>R<PHE> 29.462999 8.442000 56.409000
c<A>r<293>R<GLN> 31.860001 12.657000 53.900002
c<A>r<294>R<HIS> 28.221001 12.147000 52.855999
c<A>r<295>R<ASP> 24.843000 13.685000 53.794998
c<A>r<296>R<VAL> 21.416000 12.017000 54.283001
c<A>r<297>R<GLN> 20.264999 13.304000 50.880001
c<A>r<298>R<GLU> 22.905001 11.033000 49.341000
c<A>r<330>R<SER> 12.261000 26.188000 36.209999
c<A>r<331>R<TYR> 11.871000 29.204000 33.956001
c<A>r<332>R<ILE> 13.890000 32.092999 32.528000
c<A>r<343>R<ARG> 12.099000 23.202999 31.809999
c<A>r<345>R<GLU> 11.814000 18.929001 36.616001
c<A>r<346>R<ASP> 11.286000 15.935000 38.882999
c<A>r<347>R<TYR> 12.380000 15.841000 42.525002
c<A>r<348>R<TYR> 12.335000 13.297000 45.314999
c<A>r<349>R<ASP> 13.147000 15.832000 48.037998
c<A>r<350>R<ILE> 13.589000 19.535000 48.792000
c<A>r<351>R<GLN> 16.648001 21.358999 50.115002
c<A>r<352>R<LEU> 15.491000 24.406000 52.078999
c<A>r<353>R<SER> 17.613001 27.464001 52.914001
c<A>r<354>R<ILE> 17.625000 28.108000 56.653999
c<A>r<355>R<LYS> 20.110001 30.910999 57.339001
c<A>r<356>R<GLY> 18.209999 34.167999 57.657001
c<A>r<363>R<SER> 12.230000 29.046000 53.327999
c<A>r<366>R<ASP> 12.712000 32.254002 49.369999
c<A>r<367>R<TYR> 12.781000 28.995001 47.368999
c<A>r<371>R<GLU> 16.371000 35.537998 40.686001
c<A>r<372>R<GLN> 18.014999 38.418999 38.805000
c<A>r<373>R<LEU> 20.577000 37.609001 36.122002
c<A>r<374>R<ASP> 22.659000 40.754002 35.255001
c<A>r<375>R<GLY> 26.101999 41.886002 34.049000
c<A>r<376>R<ASP> 28.385000 38.761002 34.352001
c<A>r<377>R<ASN> 25.311001 36.860001 35.449001
c<A>r<378>R<LYS> 23.677999 37.751999 32.120998
c<A>r<379>R<TYR> 21.941000 34.786999 30.530001
c<A>r<380>R<ASP> 23.181999 33.203999 27.306999
c<A>r<381>R<ALA> 20.006001 33.637001 25.247999
c<A>r<391>R<LYS> 15.023000 32.929001 36.932999
c<A>r<392>R<GLY> 12.710000 31.261999 39.435001
c<A>r<393>R<VAL> 10.924000 28.044001 40.306999
c<A>r<405>R<GLN> 16.239000 18.694000 54.286999
c<A>r<406>R<LEU> 17.098000 21.778999 56.273998
c<A>r<408>R<ARG> 21.983000 23.621000 58.334000
c<A>r<409>R<PHE> 25.268999 22.155001 57.091000
c<A>r<419>R<ILE> 29.601999 24.510000 59.048000
c<A>r<420>R<LYS> 26.490000 23.819000 61.096001
c<A>r<421>R<ILE> 23.969999 26.601999 61.521999
c<D>r<1>R<LEU> 34.390999 13.418000 48.209999
c<D>r<2>R<GLN> 31.650000 15.421000 49.967999
c<D>r<3>R<ILE> 31.591999 19.142000 49.152000
c<D>r<4>R<PHE> 29.193001 21.948999 50.002998
c<D>r<5>R<VAL> 27.750999 24.575001 47.715000
c<D>r<6>R<LYS> 26.198999 27.738001 49.061001
c<D>r<7>R<THR> 23.473000 29.382000 46.966999
c<D>r<8>R<LEU> 22.995001 33.143002 46.640999
c<D>r<9>R<THR> 20.617001 32.977001 49.681999
c<D>r<10>R<GLY> 23.157000 31.013000 51.775002
c<D>r<11>R<LYS> 21.236000 27.707001 51.384998
c<D>r<12>R<THR> 23.680000 24.794001 51.765999
c<D>r<13>R<ILE> 23.686001 22.084000 49.042000
c<D>r<14>R<THR> 25.670000 18.908001 49.924999
c<D>r<15>R<LEU> 27.120001 17.021000 46.915001
c<D>r<16>R<GLU> 28.874001 13.720000 46.452000
c<D>r<17>R<VAL> 31.607000 13.978000 43.833000
c<D>r<31>R<GLN> 20.792000 21.837999 38.777000
c<D>r<32>R<ASP> 19.249001 18.548000 39.901001
c<D>r<33>R<LYS> 19.118999 19.648001 43.539001
c<D>r<34>R<GLU> 17.860001 23.195999 43.070999
c<D>r<36>R<ILE> 19.372999 26.447001 38.810001
c<D>r<37>R<PRO> 20.398001 26.334999 35.109001
c<D>r<39>R<ASP> 24.587000 28.601999 32.285000
c<D>r<40>R<GLN> 23.530001 30.862000 35.185001
c<D>r<41>R<GLN> 25.836000 29.198999 37.707001
c<D>r<42>R<ARG> 29.148001 30.968000 38.533001
c<D>r<63>R<LYS> 36.805000 16.966000 51.631001
c<D>r<64>R<GLU> 34.217999 19.433001 52.983002
c<D>r<66>R<THR> 32.676998 24.993999 50.347000
c<D>r<70>R<VAL> 27.792999 34.129002 42.835999
c<D>r<71>R<LEU> 26.452999 36.680000 40.332001
