c<A>r<48>R<ASN> 3.865000 5.570000 -8.921000
c<A>r<49>R<THR> 7.620000 6.519000 -8.935000
c<A>r<51>R<GLU> 4.590000 9.118000 -5.406000
c<A>r<52>R<PHE> 1.219000 10.089000 -7.080000
c<A>r<53>R<TYR> -0.904000 8.870000 -4.107000
c<A>r<54>R<ALA> 1.150000 11.079000 -1.681000
c<A>r<55>R<LEU> 0.244000 14.201000 -3.764000
c<A>r<56>R<SER> -2.893000 16.275999 -3.293000
c<A>r<57>R<LEU> -5.097000 16.593000 -6.439000
c<A>r<83>R<TYR> -9.161000 7.639000 -7.998000
c<A>r<84>R<ALA> -12.984000 7.698000 -8.540000
c<A>r<85>R<THR> -14.088000 7.856000 -12.253000
c<A>r<86>R<SER> -15.118000 11.561000 -11.896000
c<A>r<87>R<THR> -11.769000 12.521000 -10.233000
c<A>r<88>R<ALA> -9.803000 10.607000 -12.923000
c<A>r<108>R<PRO> -8.182000 1.429000 -9.449000
c<A>r<109>R<ILE> -7.140000 1.702000 -5.733000
c<A>r<110>R<HIS> -10.616000 0.521000 -4.668000
c<A>r<111>R<PRO> -10.483000 -2.343000 -2.090000
c<A>r<112>R<TYR> -13.441000 -3.945000 -3.975000
c<A>r<113>R<VAL> -13.117000 -4.614000 -7.740000
c<A>r<114>R<THR> -14.678000 -7.020000 -10.288000
c<A>r<115>R<ALA> -13.588000 -7.780000 -13.887000
c<A>r<116>R<GLY> -16.851000 -6.271000 -15.305000
c<A>r<117>R<GLY> -16.549999 -3.170000 -13.080000
c<A>r<118>R<VAL> -12.801000 -2.665000 -13.955000
c<A>r<119>R<TYR> -13.773000 -2.821000 -17.674000
c<A>r<120>R<ALA> -16.462000 -0.143000 -17.041000
c<A>r<121>R<TYR> -13.992000 1.994000 -14.973000
c<A>r<122>R<PHE> -11.385000 2.172000 -17.774000
c<A>r<124>R<ASP> -15.931000 5.330000 -18.945999
c<A>r<141>R<GLU> -7.178000 -11.322000 -9.774000
c<A>r<142>R<ILE> -8.589000 -9.355000 -12.763000
c<A>r<246>R<GLY> 11.457000 -4.577000 -4.449000
c<A>r<247>R<LYS> 12.111000 -5.062000 -0.659000
c<A>r<248>R<TYR> 9.202000 -4.887000 1.840000
c<A>r<249>R<ASN> 6.604000 -5.709000 -0.854000
c<A>r<250>R<GLN> 7.823000 -2.684000 -2.950000
c<A>r<251>R<GLY> 7.985000 -0.365000 0.159000
c<A>r<252>R<ASN> 11.590000 0.454000 -0.920000
c<A>r<253>R<ASN> 10.614000 1.302000 -4.554000
c<A>r<254>R<VAL> 11.073000 5.139000 -4.514000
c<A>r<255>R<VAL> 13.173000 5.683000 -1.336000
c<A>r<271>R<THR> 9.797000 10.350000 0.248000
c<A>r<272>R<ARG> 6.446000 11.369000 1.812000
c<A>r<273>R<ALA> 4.648000 9.167000 4.364000
c<A>r<274>R<PRO> 3.713000 6.248000 4.207000
c<A>r<275>R<VAL> 7.410000 5.585000 3.206000
c<A>r<276>R<ASN> 10.241000 6.752000 5.518000
c<A>r<277>R<GLU> 14.059000 6.736000 5.066000
c<A>r<278>R<LEU> 16.011999 3.510000 4.428000
c<A>r<279>R<SER> 17.285999 1.375000 7.296000
c<B>r<48>R<ASN> -15.451000 1.093000 2.550000
c<B>r<49>R<THR> -19.132999 -0.105000 2.602000
c<B>r<51>R<GLU> -17.735001 3.039000 -1.490000
c<B>r<52>R<PHE> -15.470000 5.912000 -0.173000
c<B>r<53>R<TYR> -12.864000 5.533000 -2.988000
c<B>r<54>R<ALA> -15.656000 5.866000 -5.651000
c<B>r<55>R<LEU> -16.638000 9.304000 -4.196000
c<B>r<56>R<SER> -15.046000 12.603000 -5.189000
c<B>r<57>R<LEU> -13.491000 14.576000 -2.266000
c<B>r<83>R<TYR> -5.436000 9.531000 0.617000
c<B>r<84>R<ALA> -2.262000 11.705000 0.954000
c<B>r<85>R<THR> -1.619000 13.068000 4.521000
c<B>r<86>R<SER> -2.659000 16.632999 3.474000
c<B>r<87>R<THR> -5.919000 15.352000 1.851000
c<B>r<88>R<ALA> -6.712000 13.192000 4.927000
c<B>r<107>R<MET> -5.276000 2.109000 5.620000
c<B>r<108>R<PRO> -3.042000 4.116000 3.187000
c<B>r<109>R<ILE> -3.878000 3.160000 -0.470000
c<B>r<110>R<HIS> -0.261000 3.813000 -1.501000
c<B>r<111>R<PRO> 1.248000 0.886000 -3.502000
c<B>r<112>R<TYR> 4.509000 1.440000 -1.517000
c<B>r<113>R<VAL> 4.425000 1.413000 2.318000
c<B>r<114>R<THR> 6.898000 0.690000 5.166000
c<B>r<115>R<ALA> 6.120000 0.057000 8.873000
c<B>r<116>R<GLY> 8.023000 3.264000 9.879000
c<B>r<117>R<GLY> 6.257000 5.307000 7.161000
c<B>r<118>R<VAL> 2.761000 3.924000 8.123000
c<B>r<119>R<TYR> 3.498000 4.957000 11.754000
c<B>r<120>R<ALA> 4.400000 8.486000 10.515000
c<B>r<121>R<TYR> 1.282000 8.588000 8.229000
c<B>r<122>R<PHE> -1.166000 7.870000 11.088000
c<B>r<124>R<ASP> 1.000000 13.089000 11.473000
c<B>r<141>R<GLU> 2.787000 -6.995000 5.829000
c<B>r<142>R<ILE> 2.766000 -4.089000 8.348000
c<B>r<246>R<GLY> -16.298000 -12.121000 0.323000
c<B>r<247>R<LYS> -16.410999 -13.543000 -3.283000
c<B>r<248>R<TYR> -13.916000 -12.305000 -5.925000
c<B>r<249>R<ASN> -11.408000 -11.161000 -3.263000
c<B>r<250>R<GLN> -14.129000 -8.916000 -1.657000
c<B>r<251>R<GLY> -15.323000 -7.623000 -5.117000
c<B>r<252>R<ASN> -18.875999 -8.623000 -4.023000
c<B>r<253>R<ASN> -18.686001 -6.782000 -0.650000
c<B>r<254>R<VAL> -21.094000 -3.836000 -1.324000
c<B>r<255>R<VAL> -22.995001 -5.042000 -4.445000
c<B>r<271>R<THR> -22.518999 0.370000 -6.988000
c<B>r<272>R<ARG> -20.146999 2.716000 -8.872000
c<B>r<273>R<ALA> -17.344000 1.379000 -11.092000
c<B>r<274>R<PRO> -15.021000 -0.531000 -10.474000
c<B>r<275>R<VAL> -17.854000 -2.863000 -9.196000
c<B>r<276>R<ASN> -20.766001 -3.767000 -11.526000
c<B>r<277>R<GLU> -23.993000 -5.755000 -10.888000
c<B>r<278>R<LEU> -23.899000 -9.374000 -9.626000
c<B>r<279>R<SER> -23.684999 -12.327000 -12.021000
