c<A>r<230>R<PHE> 7.545000 52.986000 77.404999
c<A>r<233>R<SER> 1.682000 50.063999 80.458000
c<A>r<234>R<ILE> -0.073000 49.316002 83.736000
c<A>r<235>R<SER> -3.835000 49.181999 84.307999
c<A>r<236>R<TYR> -5.382000 49.000999 87.792999
c<A>r<237>R<TYR> -8.516000 47.025002 88.695000
c<A>r<238>R<GLU> -10.834000 46.594002 91.649002
c<A>r<239>R<LEU> -12.526000 43.206001 91.297997
c<A>r<240>R<ASN> -13.904000 43.335999 87.744003
c<A>r<241>R<GLN> -13.903000 47.137001 87.625999
c<A>r<242>R<ARG> -11.242000 49.164001 85.823997
c<A>r<243>R<VAL> -10.101000 52.069000 87.978996
c<A>r<244>R<GLY> -8.140000 55.088001 86.832001
c<A>r<245>R<GLU> -6.182000 55.720001 83.661003
c<A>r<246>R<THR> -3.447000 53.493999 82.259003
c<A>r<247>R<PHE> 0.038000 54.174999 83.609001
c<A>r<248>R<HIS> 2.808000 54.326000 80.992996
c<A>r<272>R<LEU> -6.051000 58.948002 95.033997
c<A>r<273>R<LEU> -8.074000 56.820999 92.611000
c<A>r<274>R<SER> -11.778000 56.848000 93.445000
c<A>r<275>R<ASN> -14.393000 54.157001 92.831001
c<A>r<276>R<VAL> -18.027000 54.944000 93.643997
c<A>r<277>R<ASN> -18.806999 51.209000 93.669998
c<A>r<278>R<ARG> -15.982000 50.394001 96.098000
c<A>r<359>R<PHE> 2.597000 32.610001 62.248001
c<A>r<360>R<GLU> 0.012000 31.438999 64.796997
c<A>r<363>R<TYR> 1.555000 35.189999 67.824997
c<A>r<364>R<GLN> 0.741000 32.884998 70.734001
c<A>r<365>R<LEU> 3.783000 34.333000 72.504997
c<A>r<366>R<THR> 1.884000 37.623001 72.924004
c<A>r<367>R<ARG> 0.323000 35.910000 75.945000
c<A>r<368>R<MET> 3.659000 35.993000 77.750999
c<A>r<369>R<CYS> 3.707000 39.763000 77.346001
c<A>r<370>R<THR> 0.806000 40.207001 79.788002
c<A>r<371>R<ILE> 1.426000 39.787998 83.526001
c<A>r<372>R<ARG> -1.164000 40.155998 86.278000
c<A>r<387>R<THR> -10.135000 34.234001 88.207001
c<A>r<388>R<VAL> -8.159000 37.441002 88.751999
c<A>r<389>R<THR> -11.331000 39.528000 88.694000
c<A>r<390>R<SER> -12.161000 37.942001 92.045998
c<A>r<395>R<ILE> -2.916000 45.347000 88.021004
c<A>r<396>R<GLU> -2.197000 44.162998 84.502998
c<A>r<397>R<LEU> 1.146000 44.825001 82.825996
c<A>r<398>R<HIS> 1.690000 44.830002 79.082001
c<A>r<399>R<LEU> 5.371000 44.518002 78.153999
c<A>r<403>R<LEU> 5.371000 42.847000 71.901001
c<A>r<406>R<LEU> 6.835000 39.882000 68.103996
c<A>r<407>R<ASP> 5.370000 42.479000 65.723000
c<A>r<408>R<LYS> 8.715000 42.707001 63.926998
c<A>r<410>R<LEU> 5.417000 38.439999 62.438999
c<A>r<411>R<THR> 6.033000 41.173000 59.862999
c<A>r<414>R<GLY> 4.892000 37.893002 55.542000
c<B>r<374>R<GLU> -0.298000 45.883999 55.431999
c<B>r<375>R<ALA> -0.283000 47.665001 58.787998
c<B>r<377>R<GLU> -3.240000 43.137001 58.256001
c<B>r<378>R<ARG> -0.333000 43.108002 60.709000
c<B>r<379>R<ALA> -2.618000 44.203999 63.548000
c<B>r<381>R<LEU> -2.856000 39.134998 63.050999
c<B>r<382>R<HIS> -2.824000 40.049999 66.750000
c<B>r<383>R<ILE> -6.501000 40.026001 67.514999
c<B>r<384>R<GLY> -6.352000 36.248001 67.865997
c<B>r<385>R<LYS> -8.931000 34.903999 70.292999
c<B>r<398>R<TRP> -18.590000 42.606998 81.093002
c<B>r<399>R<VAL> -15.552000 42.162998 78.847000
c<B>r<400>R<ARG> -13.146000 39.221001 79.067001
c<B>r<402>R<LEU> -9.098000 36.276001 75.584000
c<B>r<403>R<SER> -6.259000 37.317001 73.285004
c<B>r<404>R<ASP> -2.701000 37.535000 74.547997
c<B>r<405>R<HIS> -2.640000 41.176998 73.588997
c<B>r<406>R<ALA> -4.147000 43.951000 75.704002
c<B>r<408>R<PHE> -8.357000 49.255001 74.806000
c<B>r<409>R<VAL> -11.875000 50.193001 75.943001
c<B>r<411>R<SER> -16.445000 53.270000 78.684998
c<B>r<413>R<TYR> -18.679001 53.410999 83.549004
c<B>r<414>R<LEU> -14.943000 52.768002 83.653999
c<B>r<415>R<ASP> -14.347000 56.533001 83.460999
c<B>r<416>R<ARG> -16.402000 57.119999 86.591003
c<B>r<417>R<GLU> -14.762000 54.160999 88.375999
c<B>r<418>R<ALA> -11.368000 55.706001 87.622002
c<B>r<419>R<GLY> -12.408000 59.194000 88.674004
c<B>r<420>R<ARG> -11.508000 60.294998 85.181999
c<B>r<424>R<ASP> -11.428000 61.626999 78.804001
c<B>r<425>R<ALA> -9.938000 58.124001 79.255997
c<B>r<426>R<VAL> -8.967000 54.932999 77.397003
c<B>r<427>R<HIS> -8.880000 51.841000 79.561996
c<B>r<428>R<LYS> -6.311000 49.118999 78.955002
c<B>r<429>R<ILE> -7.652000 45.643002 79.738998
c<B>r<430>R<TYR> -4.875000 43.074001 80.059998
c<B>r<431>R<PRO> -4.868000 39.438999 78.828003
c<B>r<432>R<SER> -7.176000 37.104000 80.745003
c<B>r<433>R<ALA> -8.788000 40.108002 82.467003
c<B>r<434>R<TYR> -12.484000 39.779999 83.163002
c<B>r<435>R<ILE> -13.812000 43.304001 83.857002
c<B>r<436>R<LYS> -17.275000 44.918999 84.126999
c<B>r<437>R<VAL> -17.531000 47.769001 81.582001
c<B>r<438>R<PHE> -21.117001 48.960999 81.776001
c<B>r<512>R<ASP> -0.092000 59.102001 75.873001
c<B>r<513>R<TYR> -0.214000 57.391998 72.460999
