c<A>r<228>R<PRO> 10.721000 50.889999 73.526001
c<A>r<229>R<ALA> 9.702000 54.416000 74.612000
c<A>r<230>R<PHE> 7.545000 52.986000 77.404999
c<A>r<235>R<SER> -3.835000 49.181999 84.307999
c<A>r<237>R<TYR> -8.516000 47.025002 88.695000
c<A>r<239>R<LEU> -12.526000 43.206001 91.297997
c<A>r<240>R<ASN> -13.904000 43.335999 87.744003
c<A>r<241>R<GLN> -13.903000 47.137001 87.625999
c<A>r<242>R<ARG> -11.242000 49.164001 85.823997
c<A>r<359>R<PHE> 2.597000 32.610001 62.248001
c<A>r<360>R<GLU> 0.012000 31.438999 64.796997
c<A>r<363>R<TYR> 1.555000 35.189999 67.824997
c<A>r<364>R<GLN> 0.741000 32.884998 70.734001
c<A>r<365>R<LEU> 3.783000 34.333000 72.504997
c<A>r<366>R<THR> 1.884000 37.623001 72.924004
c<A>r<367>R<ARG> 0.323000 35.910000 75.945000
c<A>r<368>R<MET> 3.659000 35.993000 77.750999
c<A>r<369>R<CYS> 3.707000 39.763000 77.346001
c<A>r<370>R<THR> 0.806000 40.207001 79.788002
c<A>r<371>R<ILE> 1.426000 39.787998 83.526001
c<A>r<372>R<ARG> -1.164000 40.155998 86.278000
c<A>r<387>R<THR> -10.135000 34.234001 88.207001
c<A>r<388>R<VAL> -8.159000 37.441002 88.751999
c<A>r<389>R<THR> -11.331000 39.528000 88.694000
c<A>r<390>R<SER> -12.161000 37.942001 92.045998
c<A>r<396>R<GLU> -2.197000 44.162998 84.502998
c<A>r<397>R<LEU> 1.146000 44.825001 82.825996
c<A>r<398>R<HIS> 1.690000 44.830002 79.082001
c<A>r<399>R<LEU> 5.371000 44.518002 78.153999
c<A>r<400>R<ASN> 5.978000 46.639000 75.063004
c<A>r<402>R<PRO> 8.568000 41.799000 73.702003
c<A>r<403>R<LEU> 5.371000 42.847000 71.901001
c<A>r<404>R<GLN> 7.264000 45.105000 69.497002
c<A>r<405>R<TRP> 9.718000 42.266998 68.869003
c<A>r<406>R<LEU> 6.835000 39.882000 68.103996
c<A>r<407>R<ASP> 5.370000 42.479000 65.723000
c<A>r<408>R<LYS> 8.715000 42.707001 63.926998
c<A>r<409>R<VAL> 9.029000 38.918999 63.546001
c<A>r<410>R<LEU> 5.417000 38.439999 62.438999
c<A>r<411>R<THR> 6.033000 41.173000 59.862999
c<A>r<412>R<GLN> 9.077000 39.284000 58.543999
c<A>r<413>R<MET> 6.949000 36.161999 58.215000
c<A>r<414>R<GLY> 4.892000 37.893002 55.542000
c<A>r<415>R<SER> 4.182000 35.272999 52.889000
c<A>r<416>R<PRO> 6.289000 35.655998 49.693001
c<A>r<417>R<SER> 3.527000 34.124001 47.562000
c<B>r<329>R<PHE> 6.931000 57.115002 66.404999
c<B>r<332>R<ASP> 11.486000 52.724998 67.360001
c<B>r<333>R<VAL> 11.384000 56.022999 69.292000
c<B>r<334>R<GLN> 8.117000 57.606998 70.447998
c<B>r<335>R<VAL> 8.147000 61.276001 69.471001
c<B>r<420>R<ARG> -5.332000 37.109001 55.278999
c<B>r<421>R<ALA> -4.035000 35.354000 58.394001
c<B>r<422>R<PRO> -4.596000 37.546001 61.492001
c<B>r<423>R<GLY> -1.835000 40.152000 61.685001
c<B>r<424>R<ASP> 0.006000 38.687000 58.666000
c<B>r<425>R<ALA> -0.829000 41.666000 56.402000
c<B>r<426>R<VAL> -0.092000 45.362000 55.787998
c<B>r<454>R<ALA> -7.604000 30.827000 75.771004
c<B>r<492>R<VAL> -3.811000 39.567001 77.362999
c<B>r<493>R<ASP> -1.060000 40.862999 75.010002
c<B>r<494>R<ASP> -2.696000 39.220001 71.999001
c<B>r<495>R<LEU> -6.187000 40.242001 72.889999
c<B>r<496>R<ARG> -5.270000 43.952999 73.248001
c<B>r<497>R<ARG> -3.792000 44.106998 69.737999
c<B>r<509>R<TRP> 6.719000 47.334000 55.759998
c<B>r<510>R<GLY> 6.318000 43.587002 55.608002
c<B>r<511>R<PRO> 7.530000 40.651001 53.412998
c<B>r<512>R<ASP> 7.430000 42.403000 50.032001
c<B>r<513>R<TYR> 9.293000 45.424999 51.436001
c<B>r<514>R<PRO> 12.895000 46.120998 52.573002
c<B>r<515>R<ARG> 11.473000 46.754002 56.058998
c<B>r<516>R<GLN> 10.637000 43.819000 58.327000
c<B>r<517>R<SER> 8.624000 45.737999 60.946999
c<B>r<518>R<ILE> 6.708000 48.998001 61.379002
c<B>r<519>R<LYS> 9.252000 50.165001 63.946999
c<B>r<520>R<GLU> 11.635000 50.277000 60.965000
c<B>r<534>R<GLN> -13.263000 48.751999 77.819000
c<B>r<537>R<ASP> -11.477000 44.707001 80.223000
c<B>r<538>R<GLU> -14.953000 43.370998 80.933998
c<B>r<539>R<VAL> -14.188000 40.125000 79.049004
c<B>r<540>R<LEU> -10.943000 39.629002 80.992996
c<B>r<541>R<HIS> -12.844000 39.840000 84.274002
c<B>r<542>R<THR> -15.227000 37.106998 83.191002
c<B>r<543>R<MET> -12.150000 34.842999 82.892998
