c<A>r<280>R<ALA> -15.362000 47.502998 102.383003
c<A>r<283>R<GLU> -10.997000 49.504002 100.749001
c<A>r<284>R<LEU> -9.599000 47.130001 103.362999
c<A>r<285>R<THR> -7.141000 45.678001 100.847000
c<A>r<286>R<ARG> -6.194000 49.120998 99.545998
c<A>r<287>R<ARG> -5.122000 50.056000 103.075996
c<A>r<288>R<HIS> -2.703000 47.090000 103.177002
c<A>r<289>R<ILE> -0.951000 47.797001 99.859001
c<A>r<290>R<GLY> 1.373000 50.380001 101.391998
c<A>r<291>R<ARG> 4.732000 50.633999 99.613998
c<A>r<292>R<GLY> 3.370000 48.064999 97.182999
c<A>r<306>R<CYS> 7.461000 43.230999 97.288002
c<A>r<307>R<LEU> 7.871000 46.402000 99.360001
c<A>r<308>R<SER> 4.487000 46.007000 101.060997
c<A>r<309>R<ASP> 4.271000 44.138000 104.366997
c<A>r<310>R<SER> 1.473000 42.105000 102.749001
c<A>r<311>R<ALA> 2.456000 39.733002 99.933998
c<A>r<313>R<PHE> 0.843000 37.549000 93.775002
c<A>r<320>R<ASN> 5.580000 29.759001 84.919998
c<A>r<322>R<ARG> 10.116000 27.531000 83.894997
c<A>r<328>R<ALA> -1.104000 29.459999 84.737999
c<A>r<329>R<THR> 0.317000 29.201000 88.252998
c<A>r<330>R<VAL> 0.376000 32.237000 90.531998
c<A>r<331>R<CYS> 3.665000 32.988998 92.285004
c<A>r<332>R<LYS> 3.625000 34.488998 95.762001
c<A>r<333>R<ILE> 6.251000 37.127998 96.470001
c<A>r<334>R<PRO> 6.326000 37.634998 100.245003
c<A>r<335>R<PRO> 7.353000 40.945000 101.901001
c<A>r<336>R<GLY> 10.946000 41.931999 101.152000
c<A>r<337>R<CYS> 11.411000 39.287998 98.474998
c<A>r<338>R<ASN> 12.016000 39.594002 94.738998
c<A>r<376>R<VAL> -2.531000 41.237999 99.639000
c<A>r<377>R<LYS> -4.842000 38.497002 98.356003
c<A>r<378>R<GLY> -4.023000 35.931000 95.691002
c<A>r<379>R<TRP> -6.226000 33.895000 93.351997
c<A>r<391>R<THR> -9.295000 39.703999 93.827003
c<B>r<319>R<ALA> 17.521999 32.476002 102.139999
c<B>r<320>R<PRO> 15.207000 35.369999 103.021004
c<B>r<321>R<GLU> 16.634001 38.882999 103.106003
c<B>r<322>R<TYR> 14.009000 39.803001 105.693001
c<B>r<323>R<TRP> 12.553000 37.081001 107.913002
c<B>r<324>R<CYS> 9.379000 39.165001 108.109001
c<B>r<325>R<SER> 7.618000 42.414001 107.174004
c<B>r<326>R<ILE> 5.098000 44.115002 109.518997
c<B>r<327>R<ALA> 2.263000 46.491001 108.696999
c<B>r<328>R<TYR> 0.615000 48.488998 111.500999
c<B>r<329>R<PHE> -3.086000 49.425999 111.391998
c<B>r<331>R<MET> -8.946000 50.300999 112.740997
c<B>r<332>R<ASP> -8.997000 49.560001 108.945999
c<B>r<333>R<VAL> -6.314000 52.101002 107.959000
c<B>r<334>R<GLN> -2.653000 51.137001 107.533997
c<B>r<335>R<VAL> -0.520000 53.640999 109.431000
c<B>r<336>R<GLY> 3.113000 54.293999 108.671997
c<B>r<337>R<GLU> 5.008000 52.168999 106.153999
c<B>r<338>R<THR> 5.768000 48.479000 106.266998
c<B>r<339>R<PHE> 8.691000 47.505001 108.488998
c<B>r<340>R<LYS> 11.037000 44.840000 107.065002
c<B>r<341>R<VAL> 13.056000 42.845001 109.555000
c<B>r<342>R<PRO> 16.462000 41.683998 108.281998
c<B>r<492>R<VAL> -4.140000 30.995001 97.158997
c<B>r<493>R<ASP> -5.842000 33.495998 99.531998
c<B>r<494>R<ASP> -6.453000 30.794001 102.134003
c<B>r<495>R<LEU> -3.059000 29.239000 101.834999
c<B>r<496>R<ARG> -1.219000 32.563999 102.385002
c<B>r<497>R<ARG> -3.024000 33.220001 105.677002
c<B>r<499>R<CYS> 2.047000 32.259998 106.751999
c<B>r<500>R<ILE> 0.637000 35.335999 108.473000
c<B>r<519>R<LYS> -9.869000 45.738998 111.744003
c<B>r<525>R<ILE> -0.186000 44.535000 113.244003
c<B>r<526>R<GLU> -0.067000 41.973000 110.447998
c<B>r<527>R<ILE> 3.172000 39.994999 110.182999
c<B>r<528>R<HIS> 4.148000 38.287998 106.904999
c<B>r<529>R<LEU> 6.504000 35.335999 107.417000
c<B>r<530>R<HIS> 8.901000 35.408001 104.497002
c<B>r<531>R<ARG> 10.415000 31.915001 104.612000
c<B>r<532>R<ALA> 6.957000 30.414000 105.038002
c<B>r<533>R<LEU> 5.777000 32.341000 101.942001
c<B>r<534>R<GLN> 8.758000 31.098000 99.910004
c<B>r<535>R<LEU> 7.752000 27.493000 100.681999
c<B>r<536>R<LEU> 4.166000 28.320999 99.700996
c<B>r<537>R<ASP> 5.414000 29.767000 96.390999
c<B>r<538>R<GLU> 7.220000 26.517000 95.648003
c<B>r<539>R<VAL> 4.105000 24.476999 96.546997
c<B>r<540>R<LEU> 1.909000 26.617001 94.278999
c<B>r<541>R<HIS> 4.202000 25.900000 91.337997
c<B>r<542>R<THR> 3.882000 22.166000 91.862000
c<B>r<543>R<MET> 0.120000 22.629999 91.301003
