c<A>r<228>R<PRO> 10.721000 50.889999 73.526001
c<A>r<229>R<ALA> 9.702000 54.416000 74.612000
c<A>r<230>R<PHE> 7.545000 52.986000 77.404999
c<A>r<231>R<TRP> 8.611000 49.501999 78.457001
c<A>r<232>R<CYS> 5.168000 48.764000 79.835999
c<A>r<233>R<SER> 1.682000 50.063999 80.458000
c<A>r<235>R<SER> -3.835000 49.181999 84.307999
c<A>r<237>R<TYR> -8.516000 47.025002 88.695000
c<A>r<240>R<ASN> -13.904000 43.335999 87.744003
c<A>r<241>R<GLN> -13.903000 47.137001 87.625999
c<A>r<242>R<ARG> -11.242000 49.164001 85.823997
c<A>r<243>R<VAL> -10.101000 52.069000 87.978996
c<A>r<244>R<GLY> -8.140000 55.088001 86.832001
c<A>r<245>R<GLU> -6.182000 55.720001 83.661003
c<A>r<246>R<THR> -3.447000 53.493999 82.259003
c<A>r<247>R<PHE> 0.038000 54.174999 83.609001
c<A>r<248>R<HIS> 2.808000 54.326000 80.992996
c<A>r<359>R<PHE> 2.597000 32.610001 62.248001
c<A>r<360>R<GLU> 0.012000 31.438999 64.796997
c<A>r<362>R<VAL> 4.674000 33.119999 67.109001
c<A>r<363>R<TYR> 1.555000 35.189999 67.824997
c<A>r<364>R<GLN> 0.741000 32.884998 70.734001
c<A>r<365>R<LEU> 3.783000 34.333000 72.504997
c<A>r<366>R<THR> 1.884000 37.623001 72.924004
c<A>r<367>R<ARG> 0.323000 35.910000 75.945000
c<A>r<369>R<CYS> 3.707000 39.763000 77.346001
c<A>r<398>R<HIS> 1.690000 44.830002 79.082001
c<A>r<399>R<LEU> 5.371000 44.518002 78.153999
c<A>r<400>R<ASN> 5.978000 46.639000 75.063004
c<A>r<401>R<GLY> 9.517000 45.479000 74.264000
c<A>r<402>R<PRO> 8.568000 41.799000 73.702003
c<A>r<403>R<LEU> 5.371000 42.847000 71.901001
c<A>r<404>R<GLN> 7.264000 45.105000 69.497002
c<A>r<405>R<TRP> 9.718000 42.266998 68.869003
c<A>r<406>R<LEU> 6.835000 39.882000 68.103996
c<A>r<407>R<ASP> 5.370000 42.479000 65.723000
c<A>r<408>R<LYS> 8.715000 42.707001 63.926998
c<A>r<409>R<VAL> 9.029000 38.918999 63.546001
c<A>r<410>R<LEU> 5.417000 38.439999 62.438999
c<A>r<411>R<THR> 6.033000 41.173000 59.862999
c<A>r<412>R<GLN> 9.077000 39.284000 58.543999
c<A>r<413>R<MET> 6.949000 36.161999 58.215000
c<A>r<414>R<GLY> 4.892000 37.893002 55.542000
c<B>r<319>R<ALA> 8.165000 46.998001 58.856998
c<B>r<320>R<PRO> 5.768000 49.825001 59.733002
c<B>r<323>R<TRP> 1.430000 50.403999 63.575001
c<B>r<342>R<PRO> 4.988000 54.027000 66.864998
c<B>r<343>R<SER> 5.519000 50.325001 66.422997
c<B>r<344>R<SER> 7.352000 50.764000 69.758003
c<B>r<345>R<CYS> 3.979000 51.355000 71.484001
c<B>r<346>R<PRO> 2.047000 48.037998 71.107002
c<B>r<347>R<ILE> -0.671000 49.535999 73.294998
c<B>r<348>R<VAL> -2.118000 53.008999 72.901001
c<B>r<349>R<THR> -4.749000 54.568001 75.134003
c<B>r<350>R<VAL> -7.249000 57.092999 73.820999
c<B>r<351>R<ASP> -9.027000 58.945000 76.653000
c<B>r<352>R<GLY> -10.946000 62.054001 77.664001
c<B>r<353>R<TYR> -7.991000 63.396999 79.641998
c<B>r<359>R<GLY> 3.337000 58.839001 72.591003
c<B>r<360>R<ASP> 1.371000 55.784000 73.730003
c<B>r<361>R<ARG> -1.633000 57.830002 74.845001
c<B>r<384>R<GLY> -13.415000 59.173000 80.695000
c<B>r<385>R<LYS> -10.683000 56.549999 80.716003
c<B>r<386>R<GLY> -11.641000 55.612000 77.156998
c<B>r<387>R<VAL> -10.059000 52.550999 75.542999
c<B>r<388>R<GLN> -6.749000 50.814999 74.915001
c<B>r<390>R<GLU> -3.371000 46.826000 71.374001
c<B>r<391>R<CYS> -1.497000 45.325001 68.454002
c<B>r<392>R<LYS> -0.569000 41.695000 69.031998
c<B>r<393>R<GLY> 2.035000 40.146999 66.774002
c<B>r<394>R<GLU> 2.488000 41.639999 63.311001
c<B>r<395>R<GLY> -0.904000 43.349998 63.263000
c<B>r<396>R<ASP> -3.717000 41.696999 65.235001
c<B>r<401>R<CYS> -12.990000 49.229000 77.144997
c<B>r<402>R<LEU> -11.635000 51.196999 80.132004
c<B>r<403>R<SER> -14.426000 53.743999 80.519997
c<B>r<404>R<ASP> -17.587000 52.907001 82.417999
c<B>r<431>R<PRO> -17.104000 48.278999 80.185997
c<B>r<432>R<SER> -14.019000 46.261002 81.114998
c<B>r<433>R<ALA> -14.440000 44.158001 77.954002
c<B>r<441>R<ARG> -4.237000 37.091000 58.146000
c<B>r<531>R<ARG> 0.650000 46.841999 58.202999
c<B>r<535>R<LEU> -0.342000 44.248001 52.340000
