c<A>r<229>R<ALA> 9.702000 54.416000 74.612000
c<A>r<232>R<CYS> 5.168000 48.764000 79.835999
c<A>r<233>R<SER> 1.682000 50.063999 80.458000
c<A>r<234>R<ILE> -0.073000 49.316002 83.736000
c<A>r<235>R<SER> -3.835000 49.181999 84.307999
c<A>r<236>R<TYR> -5.382000 49.000999 87.792999
c<A>r<237>R<TYR> -8.516000 47.025002 88.695000
c<A>r<240>R<ASN> -13.904000 43.335999 87.744003
c<A>r<241>R<GLN> -13.903000 47.137001 87.625999
c<A>r<242>R<ARG> -11.242000 49.164001 85.823997
c<A>r<243>R<VAL> -10.101000 52.069000 87.978996
c<A>r<244>R<GLY> -8.140000 55.088001 86.832001
c<A>r<245>R<GLU> -6.182000 55.720001 83.661003
c<A>r<246>R<THR> -3.447000 53.493999 82.259003
c<A>r<247>R<PHE> 0.038000 54.174999 83.609001
c<A>r<248>R<HIS> 2.808000 54.326000 80.992996
c<A>r<358>R<GLY> 4.319000 29.236000 61.883999
c<A>r<359>R<PHE> 2.597000 32.610001 62.248001
c<A>r<360>R<GLU> 0.012000 31.438999 64.796997
c<A>r<362>R<VAL> 4.674000 33.119999 67.109001
c<A>r<363>R<TYR> 1.555000 35.189999 67.824997
c<A>r<364>R<GLN> 0.741000 32.884998 70.734001
c<A>r<365>R<LEU> 3.783000 34.333000 72.504997
c<A>r<366>R<THR> 1.884000 37.623001 72.924004
c<A>r<367>R<ARG> 0.323000 35.910000 75.945000
c<A>r<368>R<MET> 3.659000 35.993000 77.750999
c<A>r<369>R<CYS> 3.707000 39.763000 77.346001
c<A>r<370>R<THR> 0.806000 40.207001 79.788002
c<A>r<387>R<THR> -10.135000 34.234001 88.207001
c<A>r<388>R<VAL> -8.159000 37.441002 88.751999
c<A>r<389>R<THR> -11.331000 39.528000 88.694000
c<A>r<395>R<ILE> -2.916000 45.347000 88.021004
c<A>r<396>R<GLU> -2.197000 44.162998 84.502998
c<A>r<397>R<LEU> 1.146000 44.825001 82.825996
c<A>r<398>R<HIS> 1.690000 44.830002 79.082001
c<A>r<399>R<LEU> 5.371000 44.518002 78.153999
c<A>r<400>R<ASN> 5.978000 46.639000 75.063004
c<A>r<403>R<LEU> 5.371000 42.847000 71.901001
c<A>r<404>R<GLN> 7.264000 45.105000 69.497002
c<A>r<406>R<LEU> 6.835000 39.882000 68.103996
c<A>r<407>R<ASP> 5.370000 42.479000 65.723000
c<A>r<408>R<LYS> 8.715000 42.707001 63.926998
c<A>r<410>R<LEU> 5.417000 38.439999 62.438999
c<A>r<411>R<THR> 6.033000 41.173000 59.862999
c<A>r<412>R<GLN> 9.077000 39.284000 58.543999
c<A>r<413>R<MET> 6.949000 36.161999 58.215000
c<A>r<414>R<GLY> 4.892000 37.893002 55.542000
c<A>r<415>R<SER> 4.182000 35.272999 52.889000
c<A>r<416>R<PRO> 6.289000 35.655998 49.693001
c<A>r<417>R<SER> 3.527000 34.124001 47.562000
c<B>r<319>R<ALA> -12.423000 40.240002 80.551003
c<B>r<342>R<PRO> -6.673000 39.292999 71.082001
c<B>r<343>R<SER> -6.189000 40.720001 74.532997
c<B>r<344>R<SER> -2.851000 38.868000 74.213997
c<B>r<345>R<CYS> -1.718000 41.449001 71.613998
c<B>r<346>R<PRO> -1.550000 44.801998 73.514000
c<B>r<347>R<ILE> -0.101000 46.351002 70.364998
c<B>r<348>R<VAL> -1.448000 45.842999 66.866997
c<B>r<349>R<THR> 0.041000 47.285999 63.698002
c<B>r<351>R<ASP> -0.001000 48.730000 57.560001
c<B>r<353>R<TYR> 1.988000 45.534000 53.603001
c<B>r<354>R<VAL> 0.766000 42.078999 52.689999
c<B>r<355>R<ASP> 1.247000 39.401001 55.361000
c<B>r<356>R<PRO> -2.219000 37.797001 55.941002
c<B>r<357>R<SER> -1.119000 35.884998 59.060001
c<B>r<358>R<GLY> -2.788000 38.618999 61.050999
c<B>r<359>R<GLY> -2.440000 38.188999 64.794998
c<B>r<360>R<ASP> -0.871000 41.416000 66.069000
c<B>r<361>R<ARG> -0.619000 42.951000 62.599998
c<B>r<362>R<PHE> -3.436000 43.700001 60.141998
c<B>r<363>R<CYS> -2.062000 44.153000 56.619999
c<B>r<388>R<GLN> 0.452000 50.916000 65.885002
c<B>r<390>R<GLU> -1.655000 50.081001 71.778000
c<B>r<391>R<CYS> -3.910000 49.271000 74.703003
c<B>r<392>R<LYS> -2.410000 50.304001 78.027000
c<B>r<393>R<GLY> -3.928000 48.879002 81.180000
c<B>r<394>R<GLU> -7.563000 47.783001 81.055000
c<B>r<395>R<GLY> -8.402000 49.839001 77.973000
c<B>r<396>R<ASP> -6.450000 53.071999 77.449997
c<B>r<397>R<VAL> -5.530000 53.490002 73.781998
c<B>r<434>R<TYR> 3.055000 58.694000 69.771004
c<B>r<438>R<PHE> -8.674000 57.112000 74.317001
c<B>r<439>R<ASP> -9.090000 57.042999 78.108002
c<B>r<440>R<LEU> -11.244000 54.263000 79.602997
c<B>r<441>R<ARG> -12.305000 55.962002 82.846001
c<B>r<442>R<GLN> -13.090000 59.279999 81.169998
c<B>r<444>R<HIS> -16.959000 55.410999 81.559998
c<B>r<531>R<ARG> -13.908000 46.805000 77.141998
c<B>r<535>R<LEU> -19.094999 49.062000 80.317001
