c<A>r<229>R<ALA> 9.702000 54.416000 74.612000
c<A>r<230>R<PHE> 7.545000 52.986000 77.404999
c<A>r<232>R<CYS> 5.168000 48.764000 79.835999
c<A>r<233>R<SER> 1.682000 50.063999 80.458000
c<A>r<234>R<ILE> -0.073000 49.316002 83.736000
c<A>r<235>R<SER> -3.835000 49.181999 84.307999
c<A>r<236>R<TYR> -5.382000 49.000999 87.792999
c<A>r<237>R<TYR> -8.516000 47.025002 88.695000
c<A>r<238>R<GLU> -10.834000 46.594002 91.649002
c<A>r<239>R<LEU> -12.526000 43.206001 91.297997
c<A>r<240>R<ASN> -13.904000 43.335999 87.744003
c<A>r<241>R<GLN> -13.903000 47.137001 87.625999
c<A>r<242>R<ARG> -11.242000 49.164001 85.823997
c<A>r<243>R<VAL> -10.101000 52.069000 87.978996
c<A>r<244>R<GLY> -8.140000 55.088001 86.832001
c<A>r<245>R<GLU> -6.182000 55.720001 83.661003
c<A>r<246>R<THR> -3.447000 53.493999 82.259003
c<A>r<247>R<PHE> 0.038000 54.174999 83.609001
c<A>r<248>R<HIS> 2.808000 54.326000 80.992996
c<A>r<249>R<ALA> 6.235000 53.478001 82.389999
c<A>r<250>R<SER> 9.155000 55.459000 80.982002
c<A>r<262>R<PRO> 0.257000 62.237999 92.750000
c<A>r<270>R<LEU> -3.343000 54.007999 93.665001
c<A>r<271>R<GLY> -4.498000 55.904999 96.761002
c<A>r<272>R<LEU> -6.051000 58.948002 95.033997
c<A>r<273>R<LEU> -8.074000 56.820999 92.611000
c<A>r<274>R<SER> -11.778000 56.848000 93.445000
c<A>r<275>R<ASN> -14.393000 54.157001 92.831001
c<A>r<276>R<VAL> -18.027000 54.944000 93.643997
c<A>r<277>R<ASN> -18.806999 51.209000 93.669998
c<A>r<366>R<THR> 1.884000 37.623001 72.924004
c<A>r<367>R<ARG> 0.323000 35.910000 75.945000
c<A>r<370>R<THR> 0.806000 40.207001 79.788002
c<A>r<372>R<ARG> -1.164000 40.155998 86.278000
c<A>r<387>R<THR> -10.135000 34.234001 88.207001
c<A>r<388>R<VAL> -8.159000 37.441002 88.751999
c<A>r<389>R<THR> -11.331000 39.528000 88.694000
c<A>r<395>R<ILE> -2.916000 45.347000 88.021004
c<A>r<396>R<GLU> -2.197000 44.162998 84.502998
c<A>r<397>R<LEU> 1.146000 44.825001 82.825996
c<A>r<398>R<HIS> 1.690000 44.830002 79.082001
c<A>r<411>R<THR> 6.033000 41.173000 59.862999
c<B>r<378>R<ARG> -3.403000 43.634998 60.280998
c<B>r<398>R<TRP> -20.118000 48.138000 81.480003
c<B>r<399>R<VAL> -17.483999 46.823002 79.070999
c<B>r<400>R<ARG> -16.226999 43.230999 79.033997
c<B>r<404>R<ASP> -7.129000 38.368999 73.940002
c<B>r<405>R<HIS> -5.852000 41.823002 73.152000
c<B>r<406>R<ALA> -6.255000 44.810001 75.467003
c<B>r<408>R<PHE> -8.417000 51.275002 75.026001
c<B>r<409>R<VAL> -11.365000 53.283001 76.375000
c<B>r<410>R<GLN> -12.062000 57.030998 76.644997
c<B>r<411>R<SER> -14.522000 57.558998 79.477997
c<B>r<413>R<TYR> -16.427999 58.154999 84.445999
c<B>r<414>R<LEU> -13.137000 56.272999 84.338997
c<B>r<415>R<ASP> -11.293000 59.613998 84.294998
c<B>r<416>R<ARG> -12.930000 60.674999 87.545998
c<B>r<417>R<GLU> -12.351000 57.230000 89.107002
c<B>r<418>R<ALA> -8.657000 57.570999 88.263000
c<B>r<419>R<GLY> -8.407000 61.132999 89.528000
c<B>r<420>R<ARG> -7.287000 62.073002 86.052002
c<B>r<421>R<ALA> -8.209000 65.433998 84.528999
c<B>r<424>R<ASP> -6.943000 63.685001 79.748001
c<B>r<425>R<ALA> -6.731000 59.862999 79.960999
c<B>r<426>R<VAL> -6.968000 56.652000 77.907997
c<B>r<427>R<HIS> -7.882000 53.589001 79.917999
c<B>r<428>R<LYS> -6.420000 50.198002 79.058998
c<B>r<429>R<ILE> -8.847000 47.344002 79.741997
c<B>r<430>R<TYR> -7.111000 43.969002 79.806000
c<B>r<431>R<PRO> -8.385000 40.631001 78.404999
c<B>r<432>R<SER> -11.297000 39.110001 80.319000
c<B>r<433>R<ALA> -11.730000 42.372002 82.257004
c<B>r<434>R<TYR> -15.293000 43.279999 83.115997
c<B>r<435>R<ILE> -15.311000 46.995998 84.039001
c<B>r<436>R<LYS> -18.002001 49.674000 84.553001
c<B>r<437>R<VAL> -17.341000 52.590000 82.161003
c<B>r<439>R<ASP> -22.618000 55.959000 85.425003
c<B>r<442>R<GLN> -22.982000 60.841999 87.956001
c<B>r<508>R<GLY> -3.636000 52.742001 72.439003
c<B>r<511>R<PRO> 0.896000 60.880001 75.419998
c<B>r<512>R<ASP> 2.749000 57.633999 76.153999
c<B>r<513>R<TYR> 1.948000 56.279999 72.676003
c<B>r<514>R<PRO> 3.128000 57.064999 69.106003
