c<A>r<228>R<PRO> 10.721000 50.889999 73.526001
c<A>r<229>R<ALA> 9.702000 54.416000 74.612000
c<A>r<230>R<PHE> 7.545000 52.986000 77.404999
c<A>r<233>R<SER> 1.682000 50.063999 80.458000
c<A>r<240>R<ASN> -13.904000 43.335999 87.744003
c<A>r<241>R<GLN> -13.903000 47.137001 87.625999
c<A>r<242>R<ARG> -11.242000 49.164001 85.823997
c<A>r<243>R<VAL> -10.101000 52.069000 87.978996
c<A>r<244>R<GLY> -8.140000 55.088001 86.832001
c<A>r<245>R<GLU> -6.182000 55.720001 83.661003
c<A>r<246>R<THR> -3.447000 53.493999 82.259003
c<A>r<247>R<PHE> 0.038000 54.174999 83.609001
c<A>r<248>R<HIS> 2.808000 54.326000 80.992996
c<A>r<360>R<GLU> 0.012000 31.438999 64.796997
c<A>r<363>R<TYR> 1.555000 35.189999 67.824997
c<A>r<364>R<GLN> 0.741000 32.884998 70.734001
c<A>r<365>R<LEU> 3.783000 34.333000 72.504997
c<A>r<366>R<THR> 1.884000 37.623001 72.924004
c<A>r<367>R<ARG> 0.323000 35.910000 75.945000
c<A>r<368>R<MET> 3.659000 35.993000 77.750999
c<A>r<369>R<CYS> 3.707000 39.763000 77.346001
c<A>r<370>R<THR> 0.806000 40.207001 79.788002
c<A>r<371>R<ILE> 1.426000 39.787998 83.526001
c<A>r<396>R<GLU> -2.197000 44.162998 84.502998
c<A>r<398>R<HIS> 1.690000 44.830002 79.082001
c<A>r<399>R<LEU> 5.371000 44.518002 78.153999
c<A>r<400>R<ASN> 5.978000 46.639000 75.063004
c<A>r<401>R<GLY> 9.517000 45.479000 74.264000
c<A>r<402>R<PRO> 8.568000 41.799000 73.702003
c<A>r<403>R<LEU> 5.371000 42.847000 71.901001
c<A>r<404>R<GLN> 7.264000 45.105000 69.497002
c<A>r<405>R<TRP> 9.718000 42.266998 68.869003
c<A>r<406>R<LEU> 6.835000 39.882000 68.103996
c<A>r<407>R<ASP> 5.370000 42.479000 65.723000
c<A>r<408>R<LYS> 8.715000 42.707001 63.926998
c<A>r<410>R<LEU> 5.417000 38.439999 62.438999
c<A>r<411>R<THR> 6.033000 41.173000 59.862999
c<A>r<412>R<GLN> 9.077000 39.284000 58.543999
c<A>r<413>R<MET> 6.949000 36.161999 58.215000
c<A>r<414>R<GLY> 4.892000 37.893002 55.542000
c<A>r<415>R<SER> 4.182000 35.272999 52.889000
c<A>r<416>R<PRO> 6.289000 35.655998 49.693001
c<A>r<417>R<SER> 3.527000 34.124001 47.562000
c<B>r<345>R<CYS> -3.336000 60.292999 75.596001
c<B>r<346>R<PRO> -0.845000 58.120998 73.608002
c<B>r<347>R<ILE> -2.840000 55.081001 74.703003
c<B>r<348>R<VAL> -6.611000 54.797001 74.601997
c<B>r<349>R<THR> -8.631000 51.823002 75.789001
c<B>r<351>R<ASP> -13.903000 48.409000 76.347000
c<B>r<353>R<TYR> -17.434999 48.800999 80.495003
c<B>r<354>R<VAL> -19.440001 51.858002 81.445999
c<B>r<355>R<ASP> -17.408001 54.856998 82.637001
c<B>r<358>R<GLY> -13.897000 59.261002 78.447998
c<B>r<359>R<GLY> -10.468000 60.833000 78.143997
c<B>r<360>R<ASP> -8.057000 57.952999 77.519997
c<B>r<361>R<ARG> -10.783000 55.310001 77.697998
c<B>r<384>R<GLY> -14.997000 42.779999 78.011002
c<B>r<385>R<LYS> -11.676000 44.516998 78.556000
c<B>r<388>R<GLN> -5.732000 49.422001 73.797997
c<B>r<392>R<LYS> 4.090000 55.537998 69.097000
c<B>r<393>R<GLY> 6.090000 58.502998 67.879997
c<B>r<398>R<TRP> -0.244000 49.476002 67.877998
c<B>r<400>R<ARG> -3.107000 45.277000 72.279999
c<B>r<401>R<CYS> -5.898000 42.709000 72.638000
c<B>r<402>R<LEU> -6.985000 42.834999 76.303001
c<B>r<413>R<TYR> -0.137000 47.916000 56.909000
c<B>r<414>R<LEU> -1.053000 44.412998 58.039001
c<B>r<415>R<ASP> -2.184000 43.623001 54.480000
c<B>r<416>R<ARG> 1.237000 44.487000 53.094002
c<B>r<417>R<GLU> 2.997000 42.588001 55.910000
c<B>r<418>R<ALA> 0.940000 39.519001 55.000999
c<B>r<419>R<GLY> 1.526000 39.882000 51.275002
c<B>r<420>R<ARG> -2.222000 40.094002 50.914001
c<B>r<428>R<LYS> -7.326000 38.108002 63.590000
c<B>r<429>R<ILE> -5.476000 39.383999 66.664001
c<B>r<430>R<TYR> -5.506000 36.863998 69.503998
c<B>r<431>R<PRO> -5.912000 37.542999 73.259003
c<B>r<432>R<SER> -2.946000 39.270000 74.893997
c<B>r<433>R<ALA> -1.463000 39.990002 71.448997
c<B>r<434>R<TYR> 0.385000 43.268002 71.138000
c<B>r<435>R<ILE> 0.718000 44.016998 67.397003
c<B>r<436>R<LYS> 1.702000 47.063999 65.293999
c<B>r<437>R<VAL> -1.167000 47.917000 62.905998
