c<A>r<228>R<PRO> 10.721000 50.889999 73.526001
c<A>r<229>R<ALA> 9.702000 54.416000 74.612000
c<A>r<230>R<PHE> 7.545000 52.986000 77.404999
c<A>r<231>R<TRP> 8.611000 49.501999 78.457001
c<A>r<232>R<CYS> 5.168000 48.764000 79.835999
c<A>r<233>R<SER> 1.682000 50.063999 80.458000
c<A>r<234>R<ILE> -0.073000 49.316002 83.736000
c<A>r<235>R<SER> -3.835000 49.181999 84.307999
c<A>r<236>R<TYR> -5.382000 49.000999 87.792999
c<A>r<237>R<TYR> -8.516000 47.025002 88.695000
c<A>r<238>R<GLU> -10.834000 46.594002 91.649002
c<A>r<239>R<LEU> -12.526000 43.206001 91.297997
c<A>r<240>R<ASN> -13.904000 43.335999 87.744003
c<A>r<241>R<GLN> -13.903000 47.137001 87.625999
c<A>r<242>R<ARG> -11.242000 49.164001 85.823997
c<A>r<243>R<VAL> -10.101000 52.069000 87.978996
c<A>r<244>R<GLY> -8.140000 55.088001 86.832001
c<A>r<245>R<GLU> -6.182000 55.720001 83.661003
c<A>r<246>R<THR> -3.447000 53.493999 82.259003
c<A>r<247>R<PHE> 0.038000 54.174999 83.609001
c<A>r<248>R<HIS> 2.808000 54.326000 80.992996
c<A>r<249>R<ALA> 6.235000 53.478001 82.389999
c<A>r<250>R<SER> 9.155000 55.459000 80.982002
c<A>r<360>R<GLU> 0.012000 31.438999 64.796997
c<A>r<363>R<TYR> 1.555000 35.189999 67.824997
c<A>r<364>R<GLN> 0.741000 32.884998 70.734001
c<A>r<366>R<THR> 1.884000 37.623001 72.924004
c<A>r<367>R<ARG> 0.323000 35.910000 75.945000
c<A>r<369>R<CYS> 3.707000 39.763000 77.346001
c<A>r<370>R<THR> 0.806000 40.207001 79.788002
c<A>r<388>R<VAL> -8.159000 37.441002 88.751999
c<A>r<389>R<THR> -11.331000 39.528000 88.694000
c<A>r<394>R<TRP> -4.825000 43.966000 90.981003
c<A>r<395>R<ILE> -2.916000 45.347000 88.021004
c<A>r<396>R<GLU> -2.197000 44.162998 84.502998
c<A>r<397>R<LEU> 1.146000 44.825001 82.825996
c<A>r<398>R<HIS> 1.690000 44.830002 79.082001
c<A>r<399>R<LEU> 5.371000 44.518002 78.153999
c<A>r<400>R<ASN> 5.978000 46.639000 75.063004
c<A>r<401>R<GLY> 9.517000 45.479000 74.264000
c<A>r<402>R<PRO> 8.568000 41.799000 73.702003
c<A>r<403>R<LEU> 5.371000 42.847000 71.901001
c<A>r<404>R<GLN> 7.264000 45.105000 69.497002
c<A>r<405>R<TRP> 9.718000 42.266998 68.869003
c<A>r<406>R<LEU> 6.835000 39.882000 68.103996
c<A>r<407>R<ASP> 5.370000 42.479000 65.723000
c<A>r<410>R<LEU> 5.417000 38.439999 62.438999
c<A>r<411>R<THR> 6.033000 41.173000 59.862999
c<B>r<335>R<VAL> -11.660000 50.481998 76.974998
c<B>r<336>R<GLY> -8.599000 52.623001 77.476997
c<B>r<337>R<GLU> -8.715000 56.380001 76.915001
c<B>r<351>R<ASP> -3.253000 47.430000 66.023003
c<B>r<352>R<GLY> -3.353000 44.548000 68.483002
c<B>r<353>R<TYR> 0.206000 45.228001 69.629997
c<B>r<354>R<VAL> 1.402000 46.816002 72.842003
c<B>r<355>R<ASP> 3.520000 49.960999 72.438004
c<B>r<356>R<PRO> 1.843000 52.695999 74.588997
c<B>r<357>R<SER> 3.973000 55.521999 73.150002
c<B>r<358>R<GLY> 1.006000 56.348999 70.973999
c<B>r<363>R<CYS> -2.007000 49.925999 70.300003
c<B>r<365>R<GLY> -2.940000 44.952000 73.075996
c<B>r<366>R<GLN> -1.635000 46.418999 76.316002
c<B>r<367>R<LEU> -5.033000 47.727001 77.501999
c<B>r<368>R<SER> -6.879000 46.158001 80.393997
c<B>r<369>R<ASN> -10.640000 45.694000 80.824997
c<B>r<370>R<VAL> -11.876000 44.150002 84.075996
c<B>r<371>R<HIS> -15.024000 42.983002 82.289001
c<B>r<372>R<ARG> -13.115000 41.264000 79.443001
c<B>r<381>R<LEU> -5.935000 37.801998 69.135002
c<B>r<382>R<HIS> -7.094000 38.394001 65.554001
c<B>r<384>R<GLY> -3.001000 41.633999 64.613998
c<B>r<385>R<LYS> -1.539000 44.380001 62.452999
