c<A>r<228>R<PRO> 10.721000 50.889999 73.526001
c<A>r<229>R<ALA> 9.702000 54.416000 74.612000
c<A>r<230>R<PHE> 7.545000 52.986000 77.404999
c<A>r<231>R<TRP> 8.611000 49.501999 78.457001
c<A>r<232>R<CYS> 5.168000 48.764000 79.835999
c<A>r<233>R<SER> 1.682000 50.063999 80.458000
c<A>r<235>R<SER> -3.835000 49.181999 84.307999
c<A>r<237>R<TYR> -8.516000 47.025002 88.695000
c<A>r<238>R<GLU> -10.834000 46.594002 91.649002
c<A>r<240>R<ASN> -13.904000 43.335999 87.744003
c<A>r<241>R<GLN> -13.903000 47.137001 87.625999
c<A>r<242>R<ARG> -11.242000 49.164001 85.823997
c<A>r<243>R<VAL> -10.101000 52.069000 87.978996
c<A>r<244>R<GLY> -8.140000 55.088001 86.832001
c<A>r<245>R<GLU> -6.182000 55.720001 83.661003
c<A>r<246>R<THR> -3.447000 53.493999 82.259003
c<A>r<248>R<HIS> 2.808000 54.326000 80.992996
c<A>r<359>R<PHE> 2.597000 32.610001 62.248001
c<A>r<360>R<GLU> 0.012000 31.438999 64.796997
c<A>r<362>R<VAL> 4.674000 33.119999 67.109001
c<A>r<363>R<TYR> 1.555000 35.189999 67.824997
c<A>r<364>R<GLN> 0.741000 32.884998 70.734001
c<A>r<365>R<LEU> 3.783000 34.333000 72.504997
c<A>r<366>R<THR> 1.884000 37.623001 72.924004
c<A>r<367>R<ARG> 0.323000 35.910000 75.945000
c<A>r<369>R<CYS> 3.707000 39.763000 77.346001
c<A>r<370>R<THR> 0.806000 40.207001 79.788002
c<A>r<398>R<HIS> 1.690000 44.830002 79.082001
c<A>r<399>R<LEU> 5.371000 44.518002 78.153999
c<A>r<400>R<ASN> 5.978000 46.639000 75.063004
c<A>r<401>R<GLY> 9.517000 45.479000 74.264000
c<A>r<402>R<PRO> 8.568000 41.799000 73.702003
c<A>r<403>R<LEU> 5.371000 42.847000 71.901001
c<A>r<404>R<GLN> 7.264000 45.105000 69.497002
c<A>r<405>R<TRP> 9.718000 42.266998 68.869003
c<A>r<406>R<LEU> 6.835000 39.882000 68.103996
c<A>r<407>R<ASP> 5.370000 42.479000 65.723000
c<A>r<408>R<LYS> 8.715000 42.707001 63.926998
c<A>r<409>R<VAL> 9.029000 38.918999 63.546001
c<A>r<410>R<LEU> 5.417000 38.439999 62.438999
c<A>r<411>R<THR> 6.033000 41.173000 59.862999
c<A>r<412>R<GLN> 9.077000 39.284000 58.543999
c<A>r<413>R<MET> 6.949000 36.161999 58.215000
c<A>r<414>R<GLY> 4.892000 37.893002 55.542000
c<A>r<415>R<SER> 4.182000 35.272999 52.889000
c<A>r<416>R<PRO> 6.289000 35.655998 49.693001
c<A>r<417>R<SER> 3.527000 34.124001 47.562000
c<B>r<319>R<ALA> 7.219000 46.027000 59.388000
c<B>r<320>R<PRO> 4.750000 48.875000 59.933998
c<B>r<323>R<TRP> 0.535000 49.882999 63.824001
c<B>r<342>R<PRO> 4.070000 54.070000 66.389999
c<B>r<343>R<SER> 4.724000 50.362000 66.480003
c<B>r<344>R<SER> 6.658000 51.354000 69.634003
c<B>r<345>R<CYS> 3.330000 52.088001 71.390999
c<B>r<346>R<PRO> 1.513000 48.691002 71.591003
c<B>r<347>R<ILE> -1.179000 50.412998 73.642998
c<B>r<348>R<VAL> -2.770000 53.738998 72.799004
c<B>r<349>R<THR> -5.375000 55.529999 74.883003
c<B>r<351>R<ASP> -9.758000 59.945000 75.911003
c<B>r<359>R<GLY> 2.446000 59.629002 71.402000
c<B>r<360>R<ASP> 0.640000 56.717999 73.061996
c<B>r<361>R<ARG> -2.398000 58.810001 73.984001
c<B>r<384>R<GLY> -14.003000 60.636002 80.052002
c<B>r<385>R<LYS> -11.175000 58.133999 80.348999
c<B>r<386>R<GLY> -12.225000 56.644001 77.012001
c<B>r<387>R<VAL> -10.587000 53.428001 75.805000
c<B>r<388>R<GLN> -7.239000 51.724998 75.305000
c<B>r<390>R<GLU> -3.843000 47.361000 72.258003
c<B>r<391>R<CYS> -2.019000 45.500000 69.517998
c<B>r<392>R<LYS> -0.935000 42.028999 70.588997
c<B>r<393>R<GLY> 1.642000 40.243999 68.480003
c<B>r<394>R<GLU> 1.914000 41.216000 64.818001
c<B>r<395>R<GLY> -1.540000 42.790001 64.657997
c<B>r<396>R<ASP> -4.215000 41.362000 66.967003
c<B>r<400>R<ARG> -10.415000 48.056999 76.991997
c<B>r<401>R<CYS> -13.331000 50.291000 78.000999
c<B>r<402>R<LEU> -11.944000 52.726002 80.605003
c<B>r<403>R<SER> -14.814000 55.212002 80.725998
c<B>r<404>R<ASP> -17.871000 54.568001 82.856003
c<B>r<431>R<PRO> -17.292999 49.674999 81.317001
c<B>r<432>R<SER> -14.103000 47.917999 82.406998
c<B>r<433>R<ALA> -14.558000 45.354000 79.612999
c<B>r<434>R<TYR> -11.366000 44.112000 78.024002
c<B>r<440>R<LEU> -4.884000 39.287998 62.040001
c<B>r<441>R<ARG> -4.816000 35.731998 60.667000
c<B>r<531>R<ARG> -0.303000 45.534000 59.076000
c<B>r<534>R<GLN> -0.184000 45.667999 54.027000
c<B>r<535>R<LEU> -1.407000 42.062000 53.708000
c<B>r<538>R<GLU> -0.119000 42.021000 48.716000
c<B>r<539>R<VAL> -3.355000 40.074001 48.074001
c<B>r<542>R<THR> -1.905000 38.639000 43.258999
