c<A>r<229>R<ALA> 9.702000 54.416000 74.612000
c<A>r<230>R<PHE> 7.545000 52.986000 77.404999
c<A>r<233>R<SER> 1.682000 50.063999 80.458000
c<A>r<239>R<LEU> -12.526000 43.206001 91.297997
c<A>r<240>R<ASN> -13.904000 43.335999 87.744003
c<A>r<241>R<GLN> -13.903000 47.137001 87.625999
c<A>r<242>R<ARG> -11.242000 49.164001 85.823997
c<A>r<243>R<VAL> -10.101000 52.069000 87.978996
c<A>r<244>R<GLY> -8.140000 55.088001 86.832001
c<A>r<245>R<GLU> -6.182000 55.720001 83.661003
c<A>r<246>R<THR> -3.447000 53.493999 82.259003
c<A>r<262>R<PRO> 0.257000 62.237999 92.750000
c<A>r<272>R<LEU> -6.051000 58.948002 95.033997
c<A>r<273>R<LEU> -8.074000 56.820999 92.611000
c<A>r<274>R<SER> -11.778000 56.848000 93.445000
c<A>r<275>R<ASN> -14.393000 54.157001 92.831001
c<A>r<276>R<VAL> -18.027000 54.944000 93.643997
c<A>r<359>R<PHE> 2.597000 32.610001 62.248001
c<A>r<360>R<GLU> 0.012000 31.438999 64.796997
c<A>r<362>R<VAL> 4.674000 33.119999 67.109001
c<A>r<363>R<TYR> 1.555000 35.189999 67.824997
c<A>r<364>R<GLN> 0.741000 32.884998 70.734001
c<A>r<366>R<THR> 1.884000 37.623001 72.924004
c<A>r<367>R<ARG> 0.323000 35.910000 75.945000
c<A>r<368>R<MET> 3.659000 35.993000 77.750999
c<A>r<369>R<CYS> 3.707000 39.763000 77.346001
c<A>r<370>R<THR> 0.806000 40.207001 79.788002
c<A>r<371>R<ILE> 1.426000 39.787998 83.526001
c<A>r<387>R<THR> -10.135000 34.234001 88.207001
c<A>r<388>R<VAL> -8.159000 37.441002 88.751999
c<A>r<389>R<THR> -11.331000 39.528000 88.694000
c<A>r<396>R<GLU> -2.197000 44.162998 84.502998
c<A>r<397>R<LEU> 1.146000 44.825001 82.825996
c<A>r<398>R<HIS> 1.690000 44.830002 79.082001
c<A>r<399>R<LEU> 5.371000 44.518002 78.153999
c<A>r<400>R<ASN> 5.978000 46.639000 75.063004
c<A>r<403>R<LEU> 5.371000 42.847000 71.901001
c<A>r<406>R<LEU> 6.835000 39.882000 68.103996
c<A>r<407>R<ASP> 5.370000 42.479000 65.723000
c<A>r<408>R<LYS> 8.715000 42.707001 63.926998
c<A>r<409>R<VAL> 9.029000 38.918999 63.546001
c<A>r<410>R<LEU> 5.417000 38.439999 62.438999
c<A>r<411>R<THR> 6.033000 41.173000 59.862999
c<A>r<412>R<GLN> 9.077000 39.284000 58.543999
c<A>r<413>R<MET> 6.949000 36.161999 58.215000
c<A>r<414>R<GLY> 4.892000 37.893002 55.542000
c<B>r<321>R<GLU> 3.367000 57.922001 70.029999
c<B>r<325>R<SER> -4.737000 51.911999 72.947998
c<B>r<331>R<MET> -18.007000 39.827000 79.686996
c<B>r<332>R<ASP> -15.773000 41.137001 82.557999
c<B>r<333>R<VAL> -12.543000 39.431000 81.424004
c<B>r<334>R<GLN> -9.925000 41.223000 79.315002
c<B>r<335>R<VAL> -8.972000 38.972000 76.410004
c<B>r<336>R<GLY> -5.722000 39.254002 74.523003
c<B>r<337>R<GLU> -3.308000 42.115002 75.182999
c<B>r<338>R<THR> -3.833000 45.814999 74.692001
c<B>r<339>R<PHE> -3.463000 47.032001 71.112999
c<B>r<340>R<LYS> -1.586000 50.337002 70.672997
c<B>r<354>R<VAL> -7.566000 36.457001 62.523998
c<B>r<355>R<ASP> -4.474000 38.271000 61.224998
c<B>r<356>R<PRO> -2.196000 38.881001 64.285004
c<B>r<357>R<SER> 0.157000 41.237000 62.410999
c<B>r<358>R<GLY> -1.710000 44.061001 64.071999
c<B>r<359>R<GLY> -0.501000 47.492001 63.028000
c<B>r<366>R<GLN> -7.562000 34.414001 66.680000
c<B>r<367>R<LEU> -7.613000 35.216999 70.422997
c<B>r<368>R<SER> -8.194000 32.550999 73.030998
c<B>r<371>R<HIS> -13.400000 31.087999 80.154999
c<B>r<492>R<VAL> -9.638000 61.955002 88.570999
c<B>r<493>R<ASP> -11.719000 58.797001 87.879997
c<B>r<494>R<ASP> -14.572000 60.848999 86.432999
c<B>r<495>R<LEU> -12.384000 63.132000 84.426003
c<B>r<496>R<ARG> -10.542000 60.242001 82.693001
c<B>r<497>R<ARG> -13.791000 58.691002 81.440002
c<B>r<499>R<CYS> -11.146000 60.546001 77.273003
c<B>r<500>R<ILE> -12.441000 57.001999 76.853996
c<B>r<519>R<LYS> -19.240000 44.179001 81.170998
c<B>r<528>R<HIS> -8.134000 55.174000 75.584999
c<B>r<530>R<HIS> -3.965000 59.365002 74.271004
c<B>r<533>R<LEU> -5.344000 62.048000 78.344002
c<B>r<540>R<LEU> -4.642000 67.945000 86.780998
c<B>r<541>R<HIS> -1.292000 69.603996 87.449997
