c<A>r<3>R<VAL> -10.047000 -2.629000 10.856000
c<A>r<4>R<PHE> -7.672000 0.316000 11.249000
c<A>r<5>R<ILE> -8.655000 3.042000 8.842000
c<A>r<13>R<LYS> -5.503000 3.374000 4.190000
c<A>r<14>R<LEU> -6.745000 0.204000 5.807000
c<A>r<15>R<GLN> -4.815000 -2.222000 7.974000
c<A>r<16>R<TRP> -6.296000 -5.245000 9.632000
c<A>r<17>R<GLN> -5.314000 -8.739000 10.926000
c<A>r<18>R<GLU> -6.835000 -11.803000 9.192000
c<A>r<19>R<SER> -8.144000 -14.783000 11.202000
c<A>r<20>R<ASP> -4.806000 -16.492001 10.727000
c<A>r<21>R<GLY> -2.884000 -13.540000 12.162000
c<A>r<22>R<THR> -1.662000 -12.081000 8.817000
c<A>r<23>R<ILE> -1.631000 -8.308000 8.685000
c<A>r<24>R<LYS> -3.161000 -6.817000 5.457000
c<A>r<25>R<GLN> -3.031000 -3.245000 4.079000
c<A>r<26>R<HIS> -5.409000 -1.725000 1.524000
c<A>r<27>R<ILE> -5.322000 1.768000 -0.101000
c<A>r<39>R<SER> -21.474001 0.209000 -16.160000
c<A>r<41>R<GLY> -19.726999 -3.976000 -20.198000
c<A>r<42>R<ASP> -17.798000 -5.733000 -17.462999
c<A>r<43>R<LYS> -16.795000 -2.744000 -15.425000
c<A>r<44>R<LYS> -18.004000 -3.184000 -11.906000
c<A>r<45>R<VAL> -19.205999 0.139000 -10.844000
c<A>r<46>R<PHE> -19.674999 0.847000 -7.100000
c<A>r<84>R<HIS> -15.774000 1.791000 -0.615000
c<A>r<85>R<ALA> -12.335000 1.081000 0.856000
c<A>r<86>R<LEU> -13.796000 -1.753000 2.941000
c<A>r<87>R<LEU> -15.694000 -3.176000 0.009000
c<A>r<88>R<THR> -12.587000 -3.191000 -2.182000
c<A>r<89>R<SER> -10.224000 -4.465000 0.598000
c<A>r<90>R<GLY> -10.829000 -8.076000 -0.013000
c<A>r<91>R<LEU> -12.476000 -8.498000 3.436000
c<A>r<92>R<PRO> -15.886000 -10.239000 3.453000
c<A>r<93>R<VAL> -18.729000 -7.868000 3.986000
c<A>r<94>R<SER> -19.407000 -8.078000 7.710000
c<A>r<132>R<LEU> -24.431999 -0.205000 -2.314000
c<A>r<133>R<ASN> -26.382000 -0.798000 -5.512000
c<A>r<134>R<GLY> -26.614000 -4.512000 -6.059000
c<A>r<135>R<GLY> -24.625000 -5.437000 -2.966000
c<A>r<136>R<ASP> -24.302000 -5.384000 0.892000
c<A>r<137>R<THR> -22.226000 -2.894000 2.671000
c<A>r<138>R<PHE> -20.055000 -3.421000 5.753000
c<A>r<155>R<GLU> 7.619000 2.212000 17.055000
c<A>r<156>R<VAL> 10.277000 4.930000 16.919001
c<A>r<158>R<GLN> 9.362000 3.370000 22.120001
c<A>r<159>R<GLU> 13.096000 3.312000 21.525999
c<A>r<169>R<ILE> 5.855000 15.510000 9.896000
c<A>r<170>R<ASP> 2.707000 14.138000 8.206000
c<A>r<171>R<LEU> 2.158000 15.630000 4.787000
c<A>r<215>R<THR> -5.939000 15.743000 -20.298000
c<A>r<223>R<ASP> -1.867000 12.537000 -8.136000
c<A>r<224>R<ASP> -0.911000 9.677000 -10.419000
c<A>r<225>R<ILE> 0.989000 12.115000 -12.559000
c<A>r<226>R<ILE> 2.735000 13.430000 -9.456000
c<A>r<227>R<ILE> 3.623000 9.958000 -8.286000
c<A>r<228>R<HIS> 5.157000 9.194000 -11.674000
c<A>r<229>R<ARG> 6.697000 12.656000 -12.150000
c<A>r<230>R<LYS> 10.139000 11.048000 -12.615000
c<A>r<231>R<ASP> 8.891000 8.652000 -15.236000
c<A>r<232>R<ASN> 8.940000 10.733000 -18.538000
c<A>r<233>R<ASN> 7.530000 7.832000 -20.441999
c<A>r<234>R<TYR> 4.643000 7.521000 -18.066000
c<A>r<235>R<LEU> 4.019000 11.280000 -18.472000
c<A>r<236>R<LYS> 4.092000 11.043000 -22.285999
c<A>r<237>R<GLN> 1.759000 8.143000 -22.046000
c<A>r<238>R<ARG> -0.828000 9.771000 -19.695999
c<A>r<239>R<ILE> -0.680000 13.457000 -21.020000
c<A>r<240>R<ASN> -2.620000 13.831000 -24.294001
c<A>r<260>R<GLU> 8.636000 22.488001 0.004000
c<A>r<263>R<VAL> 6.665000 22.972000 4.697000
c<A>r<264>R<LEU> 10.178000 24.188000 5.574000
c<A>r<276>R<VAL> 12.526000 13.609000 12.690000
c<A>r<277>R<MET> 10.010000 11.312000 11.005000
c<A>r<278>R<VAL> 8.336000 12.183000 7.698000
c<A>r<279>R<ILE> 5.107000 10.297000 7.042000
c<A>r<280>R<GLY> 2.031000 10.662000 4.634000
c<A>r<281>R<GLY> 1.633000 10.313000 0.910000
c<A>r<282>R<GLY> 3.519000 13.561000 0.694000
c<A>r<283>R<ALA> 6.546000 12.265000 2.517000
c<A>r<284>R<GLU> 8.343000 11.450000 -0.739000
c<A>r<285>R<LEU> 7.910000 14.923000 -2.010000
c<A>r<286>R<ILE> 9.437000 16.679001 0.949000
c<A>r<287>R<CYS> 11.724000 14.107000 2.647000
c<A>r<288>R<ASP> 14.955000 15.394000 1.043000
c<A>r<289>R<ALA> 14.194000 18.940001 1.765000
c<A>r<290>R<VAL> 13.198000 18.170000 5.336000
c<A>r<291>R<LYS> 16.318001 16.125999 5.942000
c<A>r<292>R<LYS> 18.535999 18.843000 4.679000
c<A>r<293>R<HIS> 16.716000 21.625999 6.462000
c<A>r<298>R<ASP> 20.797001 10.227000 9.182000
c<A>r<299>R<GLU> 20.242001 7.662000 12.008000
c<A>r<301>R<PHE> 15.748000 10.680000 10.340000
c<A>r<302>R<PHE> 12.942000 8.262000 9.817000
c<A>r<303>R<LYS> 11.199000 7.791000 6.414000
c<A>r<304>R<THR> 9.552000 4.521000 5.502000
c<A>r<305>R<ASN> 9.112000 3.279000 1.908000
c<A>r<306>R<ASN> 5.417000 3.086000 2.633000
c<A>r<307>R<SER> 4.986000 6.412000 4.198000
c<A>r<308>R<GLN> 1.361000 6.502000 3.161000
c<A>r<309>R<TYR> 0.750000 3.560000 5.537000
c<A>r<310>R<ASP> 2.936000 4.756000 8.395000
c<A>r<312>R<VAL> -2.400000 3.240000 9.781000
c<A>r<313>R<ASN> 0.446000 0.853000 10.625000
c<A>r<314>R<GLY> 1.078000 2.770000 13.750000
c<A>r<315>R<MET> -2.612000 2.698000 14.574000
c<A>r<316>R<TYR> -2.633000 -1.021000 14.063000
c<A>r<317>R<LEU> 0.501000 -1.643000 16.223000
c<A>r<320>R<ASN> -4.803000 -4.174000 17.511999
c<B>r<3>R<VAL> 14.417000 2.104000 -4.027000
c<B>r<4>R<PHE> 13.515000 -0.941000 -1.933000
c<B>r<5>R<ILE> 11.688000 -3.451000 -4.087000
c<B>r<13>R<LYS> 6.098000 -3.526000 -3.451000
c<B>r<14>R<LEU> 8.260000 -0.444000 -3.605000
c<B>r<15>R<GLN> 9.413000 1.741000 -0.752000
c<B>r<16>R<TRP> 11.720000 4.686000 -1.114000
c<B>r<17>R<GLN> 12.583000 8.039000 0.572000
c<B>r<18>R<GLU> 11.900000 11.268000 -1.390000
c<B>r<19>R<SER> 14.460000 14.109000 -1.428000
c<B>r<20>R<ASP> 12.556000 15.741000 1.401000
c<B>r<21>R<GLY> 12.782000 12.634000 3.589000
c<B>r<22>R<THR> 9.170000 11.388000 3.028000
c<B>r<23>R<ILE> 8.869000 7.650000 2.783000
c<B>r<24>R<LYS> 6.638000 6.457000 -0.151000
c<B>r<25>R<GLN> 5.179000 2.996000 -0.890000
c<B>r<26>R<HIS> 3.945000 1.745000 -4.273000
c<B>r<27>R<ILE> 2.284000 -1.617000 -5.147000
c<B>r<42>R<ASP> -6.898000 7.594000 -23.683001
c<B>r<43>R<LYS> -5.712000 4.432000 -22.062000
c<B>r<44>R<LYS> -2.013000 4.676000 -21.476999
c<B>r<45>R<VAL> -0.689000 1.304000 -22.267000
c<B>r<46>R<PHE> 2.806000 0.316000 -21.028999
c<B>r<84>R<HIS> 6.665000 -1.253000 -14.635000
c<B>r<86>R<LEU> 9.088000 1.949000 -11.029000
c<B>r<87>R<LEU> 7.448000 3.654000 -13.974000
c<B>r<88>R<THR> 4.072000 3.730000 -12.218000
c<B>r<89>R<SER> 5.506000 4.709000 -8.760000
c<B>r<90>R<GLY> 5.420000 8.383000 -9.352000
c<B>r<91>R<LEU> 9.260000 8.595000 -9.197000
c<B>r<92>R<PRO> 10.940000 10.433000 -12.099000
c<B>r<93>R<VAL> 12.614000 8.122000 -14.525000
c<B>r<94>R<SER> 16.240999 8.057000 -13.407000
c<B>r<132>R<LEU> 9.277000 1.146000 -22.945999
c<B>r<133>R<ASN> 7.378000 2.052000 -26.104000
c<B>r<134>R<GLY> 7.190000 5.806000 -26.312000
c<B>r<135>R<GLY> 9.076000 6.408000 -23.073000
c<B>r<136>R<ASP> 12.334000 6.055000 -21.051001
c<B>r<137>R<THR> 12.817000 3.368000 -18.552000
c<B>r<138>R<PHE> 14.563000 3.577000 -15.174000
c<B>r<155>R<GLU> 11.494000 -3.787000 14.121000
c<B>r<156>R<VAL> 10.003000 -6.570000 16.250999
c<B>r<158>R<GLN> 15.113000 -5.382000 17.934999
c<B>r<159>R<GLU> 12.876000 -5.407000 20.972000
c<B>r<169>R<ILE> 5.300000 -16.461000 8.455000
c<B>r<170>R<ASP> 5.318000 -14.861000 4.985000
c<B>r<171>R<LEU> 2.462000 -16.068001 2.836000
c<B>r<215>R<THR> -15.972000 -13.952000 -15.843000
c<B>r<223>R<ASP> -6.931000 -11.855000 -6.466000
c<B>r<224>R<ASP> -9.235000 -8.842000 -6.493000
c<B>r<225>R<ILE> -12.146000 -11.170000 -5.948000
c<B>r<226>R<ILE> -10.277000 -12.784000 -3.053000
c<B>r<227>R<ILE> -9.459000 -9.430000 -1.504000
c<B>r<228>R<HIS> -13.126000 -8.438000 -1.669000
c<B>r<229>R<ARG> -14.473000 -11.892000 -0.744000
c<B>r<230>R<LYS> -16.350000 -10.361000 2.189000
c<B>r<231>R<ASP> -17.952000 -7.731000 0.015000
c<B>r<232>R<ASN> -21.030001 -9.552000 -1.570000
c<B>r<233>R<ASN> -21.879999 -6.456000 -3.518000
c<B>r<234>R<TYR> -18.440001 -6.252000 -4.968000
c<B>r<235>R<LEU> -18.737000 -9.958000 -5.944000
c<B>r<236>R<LYS> -22.121000 -9.417000 -7.611000
c<B>r<237>R<GLN> -20.638000 -6.469000 -9.372000
c<B>r<238>R<ARG> -17.476999 -8.207000 -10.691000
c<B>r<239>R<ILE> -18.938000 -11.774000 -11.404000
c<B>r<240>R<ASN> -20.966000 -11.823000 -14.626000
c<B>r<260>R<GLU> -5.126000 -22.724001 5.927000
c<B>r<263>R<VAL> -0.080000 -23.518000 6.295000
c<B>r<264>R<LEU> -1.002000 -24.903999 9.747000
c<B>r<276>R<VAL> 4.787000 -14.984000 15.758000
c<B>r<277>R<MET> 4.571000 -12.496000 12.913000
c<B>r<278>R<VAL> 2.381000 -13.061000 9.853000
c<B>r<279>R<ILE> 3.373000 -11.013000 6.814000
c<B>r<280>R<GLY> 2.649000 -11.094000 2.961000
c<B>r<281>R<GLY> -0.451000 -10.444000 0.927000
c<B>r<282>R<GLY> -1.674000 -13.736000 2.291000
c<B>r<283>R<ALA> -1.385000 -12.681000 5.896000
c<B>r<284>R<GLU> -5.056000 -11.663000 6.017000
c<B>r<285>R<LEU> -6.173000 -15.013000 4.845000
c<B>r<286>R<ILE> -4.363000 -17.042000 7.439000
c<B>r<287>R<CYS> -3.760000 -14.681000 10.397000
c<B>r<288>R<ASP> -6.748000 -15.938000 12.446000
c<B>r<289>R<ALA> -5.947000 -19.507000 11.874000
c<B>r<290>R<VAL> -2.271000 -18.990999 12.677000
c<B>r<291>R<LYS> -3.073000 -17.094999 15.852000
c<B>r<292>R<LYS> -5.359000 -19.768000 17.056000
c<B>r<293>R<HIS> -3.080000 -22.629000 16.094999
c<B>r<294>R<THR> 0.098000 -21.156000 17.698000
c<B>r<298>R<ASP> -1.985000 -11.623000 21.686001
c<B>r<299>R<GLU> 0.924000 -9.268000 22.662001
c<B>r<301>R<PHE> 1.374000 -11.983000 17.723000
c<B>r<302>R<PHE> 2.331000 -9.444000 15.144000
c<B>r<303>R<LYS> 0.146000 -8.652000 12.077000
c<B>r<304>R<THR> 0.258000 -5.280000 10.387000
c<B>r<305>R<ASN> -2.670000 -3.759000 8.433000
c<B>r<306>R<ASN> -0.305000 -3.489000 5.512000
c<B>r<307>R<SER> 1.110000 -6.903000 5.644000
c<B>r<308>R<GLN> 1.868000 -6.791000 1.944000
c<B>r<309>R<TYR> 4.405000 -4.020000 2.686000
c<B>r<310>R<ASP> 5.857000 -5.506000 5.858000
c<B>r<312>R<VAL> 9.621000 -3.920000 1.857000
c<B>r<313>R<ASN> 9.177000 -1.687000 4.919000
c<B>r<314>R<GLY> 11.555000 -3.862000 6.802000
c<B>r<315>R<MET> 14.003000 -3.740000 3.917000
c<B>r<316>R<TYR> 13.758000 0.013000 3.892000
c<B>r<317>R<LEU> 14.243000 0.374000 7.703000
c<B>r<320>R<ASN> 17.966000 2.977000 3.779000
