c<A>r<316>R<ASP> 4.250000 -17.237000 1.465000
c<A>r<317>R<TRP> 7.218000 -16.895000 -0.893000
c<A>r<318>R<ASN> 8.631000 -19.489000 -3.323000
c<A>r<320>R<ARG> 6.989000 -19.676001 -8.497000
c<A>r<321>R<LYS> 5.892000 -16.437000 -6.834000
c<A>r<322>R<CYS> 9.296000 -14.901000 -7.148000
c<A>r<323>R<SER> 9.530000 -15.779000 -10.841000
c<A>r<324>R<ALA> 6.087000 -14.315000 -11.408000
c<A>r<325>R<ALA> 7.004000 -11.122000 -9.515000
c<A>r<326>R<ALA> 10.180000 -10.858000 -11.555000
c<A>r<328>R<ASP> 5.752000 -8.650000 -13.643000
c<A>r<363>R<LEU> -0.392000 -16.766001 -14.585000
c<A>r<366>R<GLY> -1.749000 -12.020000 -15.786000
c<A>r<367>R<ALA> 1.816000 -11.078000 -14.726000
c<A>r<400>R<SER> -8.699000 -19.408001 -9.277000
c<A>r<401>R<ILE> -5.763000 -18.080999 -11.378000
c<A>r<403>R<CYS> -10.155000 -15.114000 -12.012000
c<A>r<404>R<TRP> -7.092000 -13.042000 -11.141000
c<A>r<405>R<THR> -5.792000 -12.886000 -14.724000
c<A>r<439>R<ARG> -9.275000 -20.589001 -3.037000
c<A>r<442>R<GLU> -11.282000 -15.873000 -2.708000
c<A>r<443>R<ALA> -9.873000 -15.293000 -6.172000
c<A>r<444>R<ALA> -13.295000 -14.825000 -7.804000
c<A>r<445>R<CYS> -14.556000 -12.456000 -5.132000
c<A>r<446>R<SER> -11.313000 -10.414000 -5.357000
c<A>r<447>R<ALA> -11.524000 -10.337000 -9.137000
c<A>r<449>R<ALA> -14.275000 -6.406000 -6.738000
c<A>r<450>R<THR> -11.674000 -5.236000 -9.252000
c<A>r<480>R<LYS> -10.577000 -15.307000 5.397000
c<A>r<481>R<ASN> -13.004000 -15.087000 2.530000
c<A>r<483>R<LEU> -12.862000 -10.197000 4.658000
c<A>r<484>R<ILE> -12.689000 -10.159000 0.855000
c<A>r<485>R<LEU> -16.502001 -10.243000 0.751000
c<A>r<486>R<TYR> -16.636999 -6.971000 2.778000
c<A>r<487>R<ASP> -14.330000 -5.412000 0.269000
c<A>r<488>R<ALA> -16.490000 -6.544000 -2.692000
c<A>r<490>R<GLY> -17.987000 -1.887000 -0.200000
c<A>r<491>R<THR> -16.566999 -1.560000 -3.681000
c<A>r<528>R<PHE> -11.597000 -2.721000 10.094000
c<A>r<529>R<PRO> -12.852000 -4.253000 6.843000
c<A>r<532>R<GLU> -14.658000 0.316000 5.710000
c<A>r<533>R<CYS> -17.438000 -1.570000 4.023000
c<A>r<535>R<SER> -18.649000 3.550000 5.288000
c<A>r<536>R<SER> -19.087000 2.992000 1.570000
c<A>r<586>R<ILE> -8.974000 6.031000 11.592000
c<A>r<587>R<VAL> -11.662000 3.615000 10.261000
c<A>r<590>R<ASP> -13.926000 7.424000 7.996000
c<A>r<626>R<GLU> -3.570000 9.238000 8.620000
c<A>r<629>R<GLN> -6.248000 13.083000 7.145000
c<A>r<630>R<SER> -9.474000 11.256000 8.301000
c<A>r<632>R<PHE> -10.079000 16.802000 8.206000
c<A>r<633>R<ALA> -12.290000 14.814000 5.845000
c<A>r<634>R<LEU> -14.861000 14.476000 8.615000
c<A>r<636>R<GLY> -15.399000 19.016001 5.733000
c<A>r<637>R<ASP> -18.313000 16.629999 5.697000
c<A>r<666>R<ILE> -0.158000 15.390000 0.497000
c<A>r<667>R<SER> -3.391000 13.644000 1.663000
c<A>r<668>R<VAL> -3.577000 15.531000 4.887000
c<A>r<669>R<CYS> -2.858000 18.718000 3.026000
c<A>r<670>R<ASN> -5.538000 17.910000 0.437000
c<A>r<671>R<ASN> -8.236000 17.302000 3.006000
c<A>r<672>R<ALA> -7.281000 20.413000 5.028000
c<A>r<673>R<THR> -7.449000 22.502001 1.782000
c<A>r<674>R<TRP> -10.824000 20.882000 0.923000
c<A>r<675>R<ALA> -12.227000 21.545000 4.465000
c<A>r<709>R<LYS> -3.300000 17.106001 -9.816000
c<A>r<710>R<THR> -6.035000 16.544001 -7.123000
c<A>r<711>R<LEU> -4.271000 18.761999 -4.546000
c<A>r<712>R<LEU> -3.774000 21.503000 -7.164000
c<A>r<713>R<GLU> -7.406000 21.358000 -8.212000
c<A>r<714>R<ASN> -8.638000 21.485001 -4.602000
c<A>r<715>R<THR> -6.220000 24.360001 -3.808000
c<A>r<716>R<ALA> -7.509000 26.318001 -6.854000
c<A>r<717>R<ILE> -11.150000 25.642000 -5.835000
c<A>r<745>R<LEU> -9.365000 24.173000 -13.339000
c<A>r<748>R<ILE> -12.358000 19.962000 -14.519000
c<A>r<749>R<ARG> -15.829000 19.055000 -15.700000
c<A>r<751>R<ASN> -19.768000 21.007999 -11.691000
c<A>r<753>R<GLU> -17.323999 23.136999 -7.357000
c<A>r<754>R<LYS> -16.011999 24.625999 -10.628000
c<B>r<1>R<PRO> -11.809000 17.558001 -6.819000
c<B>r<2>R<GLY> -12.791000 16.457001 -3.188000
c<B>r<3>R<LYS> -11.350000 14.826000 -0.094000
c<B>r<4>R<MET> -8.530000 12.044000 -0.375000
c<B>r<5>R<ASP> -9.399000 8.680000 1.318000
c<B>r<6>R<SER> -6.887000 5.827000 2.209000
c<B>r<7>R<ARG> -9.653000 3.152000 1.978000
c<B>r<8>R<GLY> -8.521000 2.347000 -1.572000
c<B>r<10>R<HIS> -6.270000 -0.849000 2.189000
c<B>r<11>R<ARG> -8.716000 -2.417000 -0.134000
c<B>r<12>R<GLN> -6.034000 -3.404000 -2.659000
c<B>r<14>R<ARG> -7.027000 -7.216000 0.912000
c<B>r<15>R<ARG> -7.522000 -8.496000 -2.576000
c<B>r<16>R<GLU> -5.940000 -11.844000 -3.585000
c<B>r<17>R<ARG> -2.670000 -11.741000 -5.642000
c<B>r<18>R<PRO> -0.896000 -14.874000 -6.862000
c<B>r<19>R<TYR> 2.579000 -13.351000 -5.916000
