c<A>r<1>R<GLY> -86.135002 76.695000 21.065001
c<A>r<4>R<SER> -80.773003 75.223000 19.933001
c<A>r<5>R<GLU> -81.414001 71.577003 19.664000
c<A>r<8>R<VAL> -76.524002 70.467003 19.573000
c<A>r<9>R<SER> -77.373001 67.722000 17.358000
c<A>r<11>R<GLU> -72.220001 69.146004 17.121000
c<A>r<12>R<VAL> -72.817001 65.738998 18.514999
c<A>r<15>R<ILE> -67.850998 64.550003 17.242001
c<A>r<16>R<LYS> -69.066002 61.013000 16.544001
c<A>r<19>R<TYR> -64.102997 59.512001 16.546000
c<A>r<20>R<GLU> -65.466003 57.028999 14.107000
c<A>r<22>R<GLU> -59.966000 57.786999 13.984000
c<A>r<23>R<LEU> -61.209000 54.382999 15.159000
c<A>r<24>R<GLY> -61.437000 53.206001 11.570000
c<A>r<26>R<ALA> -56.639999 52.528000 14.108000
c<A>r<27>R<ARG> -58.419998 49.320000 12.990000
c<A>r<29>R<THR> -53.441002 49.866001 10.915000
c<A>r<30>R<LEU> -54.012001 47.194000 13.452000
c<A>r<31>R<ASP> -55.117001 44.755001 10.567000
c<A>r<32>R<SER> -52.073002 45.521999 8.504000
c<A>r<33>R<VAL> -49.667000 45.030998 11.376000
c<A>r<34>R<ALA> -51.446999 41.812000 12.366000
c<A>r<35>R<LYS> -51.138000 40.583000 8.840000
c<A>r<36>R<GLU> -47.362000 41.268002 8.818000
c<A>r<37>R<ARG> -46.876999 39.665001 12.182000
c<A>r<38>R<ALA> -48.627998 36.528999 10.828000
c<A>r<39>R<ARG> -46.396999 36.515999 7.723000
c<A>r<40>R<LEU> -43.125999 36.849998 9.779000
c<A>r<41>R<GLN> -44.358002 34.173000 12.161000
c<A>r<42>R<LEU> -44.804001 31.785000 9.122000
c<A>r<43>R<GLU> -41.478001 32.675999 7.569000
c<A>r<44>R<LEU> -39.595001 32.275002 10.845000
c<A>r<45>R<SER> -41.074001 28.754000 11.246000
c<A>r<46>R<LYS> -39.994999 27.834000 7.737000
c<A>r<47>R<VAL> -36.476002 29.101999 8.147000
c<A>r<48>R<ARG> -36.047001 27.334000 11.513000
c<A>r<50>R<GLU> -34.626999 24.490999 7.127000
c<A>r<51>R<PHE> -31.996000 25.455999 9.677000
c<A>r<52>R<LYS> -32.605999 22.232000 11.589000
c<A>r<54>R<LEU> -29.268000 21.798000 7.260000
c<A>r<55>R<LYS> -27.688999 21.327000 10.688000
c<A>r<56>R<ALA> -28.427000 17.604000 10.545000
c<A>r<57>R<ARG> -26.851999 17.355000 7.079000
c<A>r<58>R<ASN> -23.799999 19.296000 8.188000
c<A>r<59>R<THR> -23.275000 17.027000 11.155000
c<A>r<60>R<LYS> -23.465000 13.948000 8.954000
c<A>r<61>R<LYS> -20.969999 15.369000 6.394000
c<A>r<62>R<GLU> -18.521999 16.163000 9.302000
c<A>r<63>R<GLY> -18.816999 12.637000 10.534000
c<A>r<64>R<ASP> -18.283001 11.141000 7.071000
c<A>r<65>R<LEU> -15.239000 13.421000 6.522000
c<A>r<66>R<ILE> -13.643000 12.200000 9.852000
c<A>r<67>R<ALA> -14.262000 8.598000 8.925000
c<A>r<68>R<ALA> -12.703000 9.142000 5.399000
c<A>r<69>R<GLN> -9.596000 10.848000 7.008000
c<A>r<71>R<ARG> -9.430000 5.528000 6.527000
c<A>r<72>R<LEU> -6.834000 7.676000 4.579000
c<A>r<73>R<LYS> -4.327000 7.330000 7.535000
c<A>r<75>R<LEU> -4.388000 3.177000 3.887000
c<A>r<76>R<GLU> -1.189000 5.358000 4.082000
c<A>r<78>R<LEU> -0.552000 -0.027000 4.834000
c<A>r<79>R<LEU> 0.994000 1.523000 1.650000
c<A>r<80>R<ASN> 4.238000 2.310000 3.618000
c<A>r<81>R<SER> 4.299000 -1.203000 4.952000
c<A>r<82>R<LYS> 3.864000 -2.795000 1.427000
c<A>r<83>R<GLU> 6.621000 -0.426000 0.031000
c<A>r<84>R<ALA> 8.993000 -1.480000 2.744000
c<A>r<85>R<ALA> 8.265000 -5.163000 2.158000
c<A>r<86>R<LEU> 8.767000 -4.681000 -1.630000
c<A>r<87>R<SER> 12.131000 -2.888000 -1.032000
c<A>r<88>R<THR> 13.290000 -5.783000 1.183000
c<A>r<89>R<ALA> 12.202000 -8.445000 -1.465000
c<A>r<90>R<LEU> 14.013000 -6.547000 -4.235000
c<A>r<91>R<SER> 17.200001 -6.277000 -2.167000
c<A>r<92>R<GLU> 17.011999 -10.049000 -1.401000
c<A>r<93>R<LYS> 16.533001 -10.839000 -5.076000
c<A>r<94>R<ARG> 19.583000 -8.769000 -5.967000
c<A>r<95>R<THR> 21.618000 -10.658000 -3.402000
c<A>r<96>R<LEU> 20.410000 -14.111000 -4.747000
c<A>r<97>R<GLU> 21.278999 -12.955000 -8.289000
c<A>r<99>R<GLU> 25.118999 -15.565000 -5.438000
c<A>r<100>R<LEU> 23.892000 -17.289000 -8.614000
c<A>r<101>R<HIS> 26.447001 -15.421000 -10.701000
c<A>r<103>R<LEU> 28.052999 -20.285999 -8.381000
c<A>r<104>R<ARG> 27.850000 -20.212000 -12.126000
c<A>r<106>R<GLN> 32.467999 -21.799999 -9.810000
c<A>r<107>R<VAL> 30.726000 -24.490000 -11.934000
c<A>r<108>R<ALA> 32.583000 -23.181999 -14.957000
c<A>r<109>R<LYS> 35.879002 -23.407000 -13.131000
c<A>r<110>R<LEU> 35.186001 -27.007000 -11.787000
c<A>r<111>R<GLU> 34.132000 -28.097000 -15.207000
c<A>r<112>R<ALA> 37.297001 -26.767000 -16.691999
c<A>r<113>R<ALA> 39.410999 -28.344999 -13.993000
c<A>r<114>R<LEU> 37.592999 -31.728001 -14.438000
c<A>r<115>R<GLY> 38.173000 -31.563000 -18.158001
c<A>r<116>R<GLU> 41.904999 -30.938999 -17.768999
c<A>r<117>R<ALA> 42.258999 -33.941002 -15.202000
c<A>r<118>R<LYS> 40.522999 -36.235001 -17.632999
c<A>r<119>R<LYS> 42.855999 -35.127998 -20.395000
c<A>r<120>R<GLN> 45.959000 -35.674000 -18.173000
c<A>r<121>R<LEU> 44.511002 -39.158001 -17.104000
c<A>r<122>R<GLN> 44.157001 -40.144001 -20.721001
c<A>r<123>R<ASP> 47.744999 -39.014999 -21.566000
c<A>r<124>R<GLU> 49.088001 -40.926998 -18.528999
c<A>r<125>R<MET> 47.244999 -44.030998 -19.639999
c<A>r<126>R<LEU> 48.762001 -43.837002 -23.103001
c<A>r<127>R<ARG> 52.334000 -43.472000 -21.546000
c<A>r<128>R<ARG> 51.622002 -46.505001 -19.340000
c<A>r<129>R<VAL> 50.502998 -48.603001 -22.167000
c<A>r<130>R<ASP> 53.523998 -47.696999 -24.218000
c<A>r<131>R<ALA> 55.799999 -48.594002 -21.200001
c<A>r<132>R<GLU> 54.049999 -51.994999 -20.857000
c<A>r<133>R<ASN> 54.458000 -52.793999 -24.466999
c<A>r<134>R<ARG> 58.069000 -51.907001 -24.490000
c<A>r<135>R<LEU> 58.508999 -54.280998 -21.388000
c<A>r<136>R<GLN> 56.868000 -57.243999 -23.212999
c<A>r<138>R<MET> 62.265999 -56.734001 -23.885000
c<A>r<139>R<LYS> 61.073002 -59.847000 -22.181999
c<A>r<141>R<GLU> 64.112000 -60.568001 -26.534000
c<A>r<142>R<LEU> 65.629997 -61.834000 -23.257000
c<A>r<143>R<ASP> 63.910999 -65.182999 -23.624001
c<A>r<145>R<GLN> 68.782997 -64.733002 -26.129000
c<A>r<146>R<LYS> 68.607002 -67.363998 -23.358000
c<A>r<149>R<TYR> 72.822998 -69.515999 -25.659000
c<B>r<1>R<GLY> -83.858002 76.000000 30.545000
c<B>r<4>R<SER> -81.817001 70.834000 29.287001
c<B>r<5>R<GLU> -78.332001 71.907997 28.666000
c<B>r<8>R<VAL> -76.976997 67.467003 26.827000
c<B>r<9>R<SER> -73.717003 68.005997 28.290001
c<B>r<11>R<GLU> -74.706001 62.875999 27.232000
c<B>r<12>R<VAL> -71.985001 64.352997 25.170000
c<B>r<15>R<ILE> -70.163002 59.493000 24.336000
c<B>r<16>R<LYS> -66.662003 61.000000 24.340000
c<B>r<19>R<TYR> -64.949997 56.577999 22.252001
c<B>r<20>R<GLU> -61.887001 57.534000 24.186001
c<B>r<22>R<GLU> -62.238998 52.200001 22.705999
c<B>r<23>R<LEU> -59.483002 54.266998 21.072001
c<B>r<24>R<GLY> -57.208000 53.606998 24.021000
c<B>r<26>R<ALA> -57.097000 49.929001 19.966999
c<B>r<27>R<ARG> -53.785000 51.799000 20.606001
c<B>r<29>R<THR> -53.355999 46.396000 20.987000
c<B>r<30>R<LEU> -51.695000 48.117001 18.146000
c<B>r<31>R<ASP> -48.514999 48.699001 20.382999
c<B>r<32>R<SER> -48.405998 45.084999 21.450001
c<B>r<33>R<VAL> -48.752998 43.764000 17.955999
c<B>r<34>R<ALA> -46.115002 46.227001 16.716999
c<B>r<35>R<LYS> -43.799000 45.101002 19.419001
c<B>r<36>R<GLU> -44.219002 41.430000 18.417999
c<B>r<37>R<ARG> -43.773998 42.202999 14.751000
c<B>r<38>R<ALA> -40.464001 43.964001 15.635000
c<B>r<39>R<ARG> -39.306000 40.964001 17.691999
c<B>r<40>R<LEU> -40.129002 38.428001 14.882000
c<B>r<41>R<GLN> -38.438000 40.678001 12.350000
c<B>r<42>R<LEU> -35.220001 40.605999 14.550000
c<B>r<43>R<GLU> -35.377998 36.880001 15.115000
c<B>r<44>R<LEU> -35.958000 36.131001 11.439000
c<B>r<45>R<SER> -32.860001 38.188000 10.528000
c<B>r<46>R<LYS> -30.777000 36.283001 13.047000
c<B>r<47>R<VAL> -31.917000 32.893002 11.909000
c<B>r<48>R<ARG> -31.327000 33.744999 8.225000
c<B>r<50>R<GLU> -27.139999 31.563999 10.845000
c<B>r<51>R<PHE> -28.745001 29.674999 7.976000
c<B>r<52>R<LYS> -26.379000 31.313000 5.520000
c<B>r<54>R<LEU> -24.372999 26.948999 8.173000
c<B>r<55>R<LYS> -24.950001 26.533001 4.434000
c<B>r<56>R<ALA> -21.431999 27.777000 3.732000
c<B>r<57>R<ARG> -20.000999 25.312000 6.252000
c<B>r<58>R<ASN> -22.007999 22.473000 4.797000
c<B>r<59>R<THR> -20.804001 23.202000 1.318000
c<B>r<60>R<LYS> -17.187000 23.221001 2.460000
c<B>r<61>R<LYS> -17.555000 19.898001 4.349000
c<B>r<62>R<GLU> -19.103001 18.325001 1.158000
c<B>r<63>R<GLY> -16.188000 19.490999 -0.875000
c<B>r<64>R<ASP> -13.641000 18.207001 1.641000
c<B>r<65>R<LEU> -15.457000 14.831000 1.798000
c<B>r<66>R<ILE> -15.286000 14.479000 -2.065000
c<B>r<67>R<ALA> -11.610000 15.349000 -2.068000
c<B>r<68>R<ALA> -10.905000 12.778000 0.747000
c<B>r<69>R<GLN> -12.850000 10.049000 -1.227000
c<B>r<71>R<ARG> -7.665000 10.586000 -2.386000
c<B>r<72>R<LEU> -8.917000 7.226000 -0.865000
c<B>r<73>R<LYS> -9.408000 5.770000 -4.444000
c<B>r<75>R<LEU> -4.288000 5.436000 -2.357000
c<B>r<76>R<GLU> -6.232000 2.135000 -2.937000
c<B>r<78>R<LEU> -1.379000 2.614000 -5.396000
c<B>r<79>R<LEU> -1.707000 -0.028000 -2.583000
c<B>r<80>R<ASN> -2.890000 -2.652000 -5.195000
c<B>r<81>R<SER> -0.018000 -1.753000 -7.434000
c<B>r<82>R<LYS> 2.607000 -2.107000 -4.579000
c<B>r<83>R<GLU> 0.991000 -5.499000 -3.547000
c<B>r<84>R<ALA> 1.236000 -6.766000 -7.070000
c<B>r<85>R<ALA> 4.850000 -5.659000 -7.370000
c<B>r<86>R<LEU> 5.685000 -7.315000 -3.999000
c<B>r<87>R<SER> 3.980000 -10.608000 -5.097000
c<B>r<88>R<THR> 6.036000 -10.586000 -8.317000
c<B>r<89>R<ALA> 9.355000 -9.902000 -6.369000
c<B>r<90>R<LEU> 8.605000 -12.727000 -3.925000
c<B>r<91>R<SER> 7.827000 -15.164000 -6.736000
c<B>r<92>R<GLU> 11.108000 -14.167000 -8.488000
c<B>r<93>R<LYS> 13.050000 -14.668000 -5.276000
c<B>r<94>R<ARG> 11.583000 -18.150000 -4.878000
c<B>r<95>R<THR> 12.633000 -19.004999 -8.403000
c<B>r<96>R<LEU> 16.261999 -17.708000 -7.800000
c<B>r<97>R<GLU> 16.392000 -19.761000 -4.574000
c<B>r<99>R<GLU> 18.121000 -22.105000 -9.182000
c<B>r<100>R<LEU> 20.743000 -21.639000 -6.438000
c<B>r<101>R<HIS> 19.819000 -24.958000 -4.868000
c<B>r<103>R<LEU> 23.709000 -24.978001 -8.916000
c<B>r<104>R<ARG> 24.865000 -25.926001 -5.470000
c<B>r<106>R<GLN> 25.867001 -29.309000 -9.562000
c<B>r<107>R<VAL> 29.004999 -27.892000 -7.852000
c<B>r<108>R<ALA> 28.875000 -30.760000 -5.394000
c<B>r<109>R<LYS> 28.663000 -33.266998 -8.216000
c<B>r<110>R<LEU> 31.563999 -31.631001 -10.241000
c<B>r<111>R<GLU> 33.681000 -31.502001 -7.144000
c<B>r<112>R<ALA> 33.088001 -35.129002 -6.504000
c<B>r<113>R<ALA> 33.800999 -36.058998 -10.094000
c<B>r<114>R<LEU> 37.035000 -33.944000 -10.077000
c<B>r<115>R<GLY> 38.153000 -35.639000 -6.910000
c<B>r<116>R<GLU> 37.629002 -39.105000 -8.347000
c<B>r<117>R<ALA> 39.599998 -38.164001 -11.633000
c<B>r<118>R<LYS> 42.493999 -36.917999 -9.548000
c<B>r<119>R<LYS> 42.502998 -40.110001 -7.550000
c<B>r<120>R<GLN> 42.452000 -42.250000 -10.750000
c<B>r<121>R<LEU> 45.306000 -40.020000 -12.250000
c<B>r<122>R<GLN> 47.422001 -40.615002 -9.199000
c<B>r<123>R<ASP> 46.844002 -44.396999 -9.325000
c<B>r<124>R<GLU> 47.673000 -44.422001 -13.055000
c<B>r<125>R<MET> 50.883999 -42.521999 -12.377000
c<B>r<126>R<LEU> 51.924999 -45.007999 -9.741000
c<B>r<127>R<ARG> 51.273998 -47.951000 -12.247000
c<B>r<128>R<ARG> 53.339001 -46.122002 -14.902000
c<B>r<129>R<VAL> 56.220001 -45.618000 -12.635000
c<B>r<130>R<ASP> 56.191002 -49.200001 -11.549000
c<B>r<131>R<ALA> 56.122002 -50.280998 -15.275000
c<B>r<132>R<GLU> 59.104000 -47.973000 -16.033001
c<B>r<133>R<ASN> 61.126999 -49.362999 -13.205000
c<B>r<134>R<ARG> 60.492001 -52.895000 -14.167000
c<B>r<135>R<LEU> 61.668999 -51.987000 -17.780001
c<B>r<136>R<GLN> 65.008003 -50.533001 -16.497999
c<B>r<138>R<MET> 65.024002 -55.855999 -17.584999
c<B>r<139>R<LYS> 67.309998 -53.687000 -19.638000
c<B>r<141>R<GLU> 69.648003 -57.794998 -17.061001
c<B>r<142>R<LEU> 69.750000 -58.001999 -20.875000
c<B>r<143>R<ASP> 72.944000 -55.944000 -20.947001
c<B>r<145>R<GLN> 73.614998 -61.391998 -20.257999
c<B>r<146>R<LYS> 75.197998 -59.984001 -23.454000
c<B>r<149>R<TYR> 78.216003 -64.365997 -23.497000
