c<A>r<4>R<GLN> 8.099000 -4.064000 -5.286000
c<A>r<7>R<LYS> 3.902000 -1.665000 -6.279000
c<A>r<8>R<ARG> 5.259000 1.216000 -4.134000
c<A>r<9>R<ALA> 4.880000 3.700000 -7.058000
c<A>r<10>R<VAL> 1.155000 2.696000 -7.358000
c<A>r<11>R<ALA> 0.765000 3.420000 -3.592000
c<A>r<12>R<LEU> 2.440000 6.873000 -4.030000
c<A>r<14>R<PHE> -2.968000 6.479000 -4.912000
c<A>r<15>R<GLU> -1.905000 8.630000 -1.898000
c<A>r<16>R<ALA> -1.275000 11.636000 -4.212000
c<A>r<17>R<GLU> -4.800000 11.289000 -5.691000
c<A>r<18>R<VAL> -6.449000 10.889000 -2.222000
c<A>r<19>R<ARG> -4.583000 14.061000 -1.078000
c<A>r<25>R<GLU> 5.311000 16.318001 -4.020000
c<A>r<26>R<VAL> 4.628000 12.976000 -2.245000
c<A>r<29>R<THR> 8.327000 15.157000 1.043000
c<A>r<30>R<ARG> 9.438000 11.516000 1.771000
c<A>r<32>R<ALA> 13.369000 15.297000 2.675000
c<A>r<33>R<LEU> 12.226000 13.205000 5.695000
c<A>r<34>R<ALA> 14.721000 10.372000 5.031000
c<A>r<36>R<ALA> 16.409000 14.634000 8.129000
c<A>r<37>R<LYS> 15.829000 11.236000 9.924000
c<A>r<40>R<ILE> 13.614000 6.343000 8.036000
c<A>r<41>R<ALA> 14.186000 4.091000 5.011000
c<A>r<75>R<ASP> -11.687000 9.487000 -13.679000
c<A>r<76>R<ARG> -14.318000 6.659000 -13.718000
c<A>r<77>R<LEU> -11.619000 3.960000 -13.486000
c<A>r<78>R<PRO> -10.844000 2.380000 -10.078000
c<A>r<79>R<ALA> -8.103000 4.556000 -8.531000
c<A>r<80>R<VAL> -5.676000 1.565000 -8.328000
c<A>r<81>R<ASP> -6.276000 0.584000 -12.018000
c<A>r<111>R<ALA> -3.813000 -5.621000 -10.979000
c<A>r<112>R<LYS> -4.276000 -9.207000 -9.588000
c<A>r<113>R<GLU> -2.601000 -8.252000 -6.290000
c<A>r<114>R<LEU> -4.147000 -4.797000 -5.677000
c<A>r<115>R<SER> -7.461000 -4.558000 -7.589000
c<A>r<116>R<THR> -10.451000 -6.703000 -8.725000
c<A>r<117>R<ASP> -10.668000 -10.065000 -10.565000
c<A>r<119>R<SER> -8.796000 -5.527000 -13.558000
c<B>r<4>R<GLN> -11.073000 13.409000 4.006000
c<B>r<5>R<ALA> -9.573000 11.868000 7.194000
c<B>r<7>R<LYS> -10.050000 8.694000 2.686000
c<B>r<8>R<ARG> -6.514000 9.311000 4.022000
c<B>r<9>R<ALA> -6.810000 6.345000 6.461000
c<B>r<10>R<VAL> -7.703000 4.073000 3.460000
c<B>r<11>R<ALA> -4.508000 5.343000 1.719000
c<B>r<12>R<LEU> -2.384000 4.543000 4.843000
c<B>r<14>R<PHE> -3.266000 0.501000 1.298000
c<B>r<15>R<GLU> 0.395000 1.647000 1.700000
c<B>r<16>R<ALA> 0.814000 -0.627000 4.771000
c<B>r<17>R<GLU> -0.424000 -3.644000 2.756000
c<B>r<18>R<VAL> 1.773000 -2.760000 -0.292000
c<B>r<19>R<ARG> 4.789000 -2.582000 2.101000
c<B>r<29>R<THR> 6.398000 7.655000 9.663000
c<B>r<30>R<ARG> 3.638000 10.245000 8.844000
c<B>r<32>R<ALA> 7.505000 12.169000 12.121000
c<B>r<33>R<LEU> 6.898000 13.828000 8.719000
c<B>r<34>R<ALA> 4.153000 16.160000 10.051000
c<B>r<35>R<GLU> 6.578000 17.231001 12.861000
c<B>r<36>R<ALA> 9.440000 17.860001 10.380000
c<B>r<37>R<LYS> 7.184000 19.608000 7.756000
c<B>r<40>R<ILE> 2.956000 20.301001 3.651000
c<B>r<41>R<ALA> 2.547000 16.985001 5.549000
c<B>r<75>R<ASP> -7.465000 -11.740000 0.648000
c<B>r<76>R<ARG> -9.831000 -12.100000 -2.389000
c<B>r<77>R<LEU> -11.209000 -8.589000 -1.854000
c<B>r<78>R<PRO> -9.789000 -5.619000 -3.805000
c<B>r<79>R<ALA> -7.169000 -3.962000 -1.546000
c<B>r<80>R<VAL> -9.160000 -0.660000 -1.494000
c<B>r<81>R<ASP> -12.465000 -2.427000 -0.584000
c<B>r<111>R<ALA> -16.139000 3.037000 -2.497000
c<B>r<112>R<LYS> -17.687000 5.297000 -5.237000
c<B>r<113>R<GLU> -14.612000 7.565000 -5.182000
c<B>r<114>R<LEU> -11.811000 4.956000 -4.943000
c<B>r<115>R<SER> -13.052000 1.577000 -6.260000
c<B>r<116>R<THR> -15.341000 -0.076000 -8.884000
c<B>r<117>R<ASP> -18.992001 0.772000 -9.745000
c<B>r<119>R<SER> -17.978001 -1.806000 -4.700000
