c<A>r<1>R<GLY> -7.607000 16.091000 -7.924000
c<A>r<2>R<ILE> -6.813000 12.476000 -8.957000
c<A>r<3>R<PHE> -5.996000 10.835000 -5.555000
c<A>r<4>R<PHE> -9.627000 10.639000 -4.302000
c<A>r<5>R<PRO> -10.828000 8.951000 -7.583000
c<A>r<6>R<ALA> -7.760000 6.645000 -7.397000
c<A>r<7>R<LEU> -8.789000 5.266000 -3.940000
c<A>r<8>R<GLU> -12.560000 5.477000 -4.736000
c<A>r<9>R<GLN> -12.230000 3.373000 -7.948000
c<A>r<10>R<ASN> -9.572000 1.035000 -6.494000
c<A>r<11>R<MET> -10.223000 -2.703000 -6.972000
c<A>r<12>R<MET> -9.089000 -3.368000 -3.359000
c<A>r<16>R<LEU> -9.736000 5.195000 6.102000
c<A>r<25>R<PHE> -13.744000 6.636000 3.869000
c<A>r<65>R<ASN> 2.319000 -0.749000 9.345000
c<A>r<66>R<ARG> 1.801000 -4.481000 8.569000
c<A>r<67>R<GLU> 0.190000 -6.877000 6.159000
c<A>r<85>R<ALA> -2.334000 -3.846000 4.192000
c<A>r<86>R<LEU> -2.536000 -1.366000 7.118000
c<A>r<87>R<SER> -0.811000 2.050000 6.784000
c<A>r<88>R<LYS> -0.452000 4.760000 9.459000
c<A>r<89>R<VAL> -0.807000 8.155000 7.719000
c<A>r<90>R<SER> 0.354000 11.440000 9.312000
c<A>r<91>R<ALA> -1.360000 14.577000 7.899000
c<A>r<92>R<GLU> -2.178000 18.089001 9.255000
c<A>r<96>R<TYR> -5.105000 8.358000 10.233000
c<A>r<97>R<TYR> -5.088000 4.671000 9.265000
c<A>r<98>R<LEU> -5.637000 3.397000 5.703000
c<A>r<99>R<ALA> -6.567000 -0.260000 5.238000
c<A>r<100>R<LEU> -6.283000 -1.759000 1.743000
c<A>r<102>R<ARG> -8.361000 -7.985000 -0.749000
c<B>r<1>R<GLY> -6.164000 16.863001 1.766000
c<B>r<2>R<ILE> -6.012000 13.254000 3.194000
c<B>r<3>R<PHE> -6.131000 11.081000 0.020000
c<B>r<4>R<PHE> -2.675000 12.220000 -1.209000
c<B>r<5>R<PRO> -0.952000 11.486000 2.202000
c<B>r<6>R<ALA> -2.867000 8.158000 2.325000
c<B>r<7>R<LEU> -1.337000 6.966000 -1.014000
c<B>r<8>R<GLU> 2.015000 8.737000 -0.303000
c<B>r<9>R<GLN> 2.562000 7.015000 3.100000
c<B>r<10>R<ASN> 1.040000 3.696000 1.944000
c<B>r<11>R<MET> 3.051000 0.558000 2.818000
c<B>r<12>R<MET> 2.382000 -0.829000 -0.724000
c<B>r<16>R<LEU> -0.233000 6.219000 -11.059000
c<B>r<24>R<MET> 2.247000 10.856000 -12.561000
c<B>r<25>R<PHE> 2.768000 9.391000 -9.051000
c<B>r<65>R<ASN> -8.796000 -4.261000 -13.770000
c<B>r<66>R<ARG> -7.193000 -7.400000 -12.177000
c<B>r<67>R<GLU> -4.673000 -8.685000 -9.682000
c<B>r<85>R<ALA> -3.489000 -4.746000 -8.138000
c<B>r<86>R<LEU> -4.175000 -2.650000 -11.290000
c<B>r<87>R<SER> -7.140000 -0.209000 -11.111000
c<B>r<88>R<LYS> -8.585000 1.813000 -14.024000
c<B>r<89>R<VAL> -9.501000 5.289000 -12.676000
c<B>r<90>R<SER> -11.830000 7.662000 -14.586000
c<B>r<91>R<ALA> -11.610000 11.350000 -13.539000
c<B>r<92>R<GLU> -12.155000 14.768000 -15.224000
c<B>r<96>R<TYR> -5.627000 6.879000 -15.368000
c<B>r<97>R<TYR> -4.254000 3.590000 -14.001000
c<B>r<98>R<LEU> -3.281000 3.036000 -10.342000
c<B>r<99>R<ALA> -0.975000 0.102000 -9.607000
c<B>r<100>R<LEU> -0.698000 -1.050000 -5.985000
c<B>r<102>R<ARG> 3.835000 -5.641000 -3.005000
