c<A>r<7>R<SER> -17.228001 -1.271000 7.986000
c<A>r<22>R<ASN> 1.782000 -2.248000 20.476000
c<A>r<39>R<TYR> 3.017000 -11.727000 3.522000
c<A>r<40>R<PHE> 6.043000 -9.389000 3.204000
c<A>r<41>R<PRO> 8.301000 -8.226000 0.421000
c<A>r<42>R<ALA> 10.709000 -11.044000 -0.604000
c<A>r<43>R<GLY> 13.851000 -10.826000 1.432000
c<A>r<44>R<TYR> 12.094000 -10.202000 4.729000
c<A>r<45>R<GLY> 12.305000 -13.770000 6.052000
c<A>r<66>R<GLY> 10.785000 -1.398000 20.823000
c<A>r<67>R<SER> 8.449000 -1.620000 17.833000
c<A>r<68>R<TYR> 5.526000 0.677000 17.847000
c<A>r<69>R<TRP> 2.961000 0.869000 15.024000
c<A>r<70>R<THR> 0.567000 3.642000 14.001000
c<A>r<71>R<ILE> -2.462000 3.578000 11.650000
c<A>r<72>R<ASP> -2.009000 6.654000 9.378000
c<A>r<73>R<ALA> -4.862000 5.928000 6.996000
c<A>r<74>R<LEU> -7.533000 3.235000 6.920000
c<A>r<75>R<VAL> -9.583000 2.297000 3.857000
c<A>r<76>R<ILE> -12.388000 -0.186000 4.371000
c<A>r<77>R<ASP> -14.479000 -1.768000 1.598000
c<A>r<78>R<ALA> -17.554001 -3.488000 2.949000
c<A>r<79>R<GLU> -18.510000 -4.826000 -0.441000
c<A>r<80>R<THR> -15.264000 -6.843000 -0.874000
c<A>r<81>R<ALA> -14.692000 -7.452000 2.868000
c<A>r<82>R<GLU> -11.220000 -5.985000 2.464000
c<A>r<83>R<ALA> -9.284000 -3.046000 3.889000
c<A>r<84>R<ALA> -6.037000 -1.220000 3.353000
c<A>r<85>R<ILE> -3.853000 0.383000 6.021000
c<A>r<86>R<GLU> -1.145000 3.013000 5.663000
c<A>r<87>R<TRP> 1.091000 2.402000 8.653000
c<A>r<88>R<THR> 4.268000 3.432000 10.322000
c<A>r<89>R<HIS> 6.611000 0.940000 12.133000
c<A>r<90>R<PHE> 8.818000 2.740000 14.638000
c<A>r<91>R<LYS> 11.776000 0.577000 15.476000
c<A>r<92>R<THR> 12.298000 2.683000 18.603001
c<A>r<93>R<ASN> 15.433000 1.057000 19.938000
c<A>r<94>R<GLN> 17.136999 1.449000 16.610001
c<A>r<95>R<ASP> 15.866000 5.005000 16.076000
c<A>r<96>R<LYS> 14.557000 3.856000 12.682000
c<A>r<97>R<VAL> 11.272000 4.520000 10.946000
c<A>r<98>R<LEU> 9.663000 2.234000 8.362000
c<A>r<99>R<ARG> 6.501000 3.327000 6.617000
c<A>r<100>R<GLY> 4.272000 1.254000 4.340000
c<A>r<101>R<ALA> 0.825000 0.208000 3.281000
c<A>r<102>R<GLU> -0.825000 -3.208000 3.533000
c<A>r<103>R<CYS> -3.932000 -4.934000 2.077000
c<A>r<104>R<VAL> -6.194000 -6.854000 4.525000
c<A>r<117>R<ARG> -0.068000 -8.319000 2.267000
c<A>r<118>R<ALA> 2.504000 -5.616000 3.310000
c<A>r<119>R<PHE> 4.408000 -3.131000 1.098000
c<A>r<120>R<TYR> 7.202000 -0.709000 2.099000
c<A>r<121>R<ALA> 8.150000 2.921000 1.487000
c<A>r<122>R<SER> 11.558000 1.579000 0.491000
c<A>r<123>R<PRO> 13.323000 2.127000 -2.855000
c<A>r<124>R<GLN> 13.423000 -0.658000 -5.458000
c<A>r<125>R<ALA> 16.219999 -3.093000 -4.599000
c<A>r<126>R<GLU> 18.899000 -3.165000 -7.251000
c<A>r<127>R<GLY> 19.608000 -6.224000 -9.331000
c<A>r<128>R<ILE> 16.289000 -8.047000 -8.532000
c<A>r<129>R<ALA> 14.078000 -8.970000 -11.519000
c<A>r<130>R<ARG> 10.975000 -9.589000 -9.541000
c<A>r<131>R<LEU> 10.121000 -7.436000 -6.622000
c<A>r<132>R<GLU> 7.129000 -9.100000 -5.151000
c<A>r<133>R<LEU> 5.776000 -10.672000 -1.928000
c<A>r<134>R<GLY> 7.715000 -13.665000 -0.659000
c<A>r<142>R<GLY> -4.634000 -15.627000 -10.637000
c<A>r<143>R<TYR> -2.185000 -12.785000 -10.590000
c<A>r<144>R<ARG> -0.471000 -11.965000 -13.821000
c<A>r<145>R<VAL> 2.947000 -13.446000 -13.721000
c<A>r<146>R<THR> 4.212000 -12.060000 -17.025000
c<A>r<147>R<SER> 3.570000 -8.813000 -18.853001
c<A>r<148>R<PRO> 0.394000 -8.676000 -20.777000
c<A>r<149>R<ARG> 2.436000 -6.944000 -23.510000
c<A>r<150>R<LYS> 4.300000 -10.138000 -24.135000
c<B>r<4>R<SER> -17.849001 3.693000 -4.890000
c<B>r<19>R<ASN> -1.220000 1.518000 -20.294001
c<B>r<36>R<TYR> 4.415000 10.306000 -3.906000
c<B>r<37>R<PHE> 6.983000 7.473000 -4.059000
c<B>r<38>R<PRO> 9.416000 5.875000 -1.657000
c<B>r<39>R<ALA> 12.415000 8.204000 -1.069000
c<B>r<40>R<GLY> 15.107000 7.454000 -3.579000
c<B>r<41>R<TYR> 12.734000 7.175000 -6.551000
c<B>r<42>R<GLY> 13.419000 10.676000 -7.913000
c<B>r<63>R<GLY> 7.318000 -0.946000 -22.090000
c<B>r<64>R<SER> 5.566000 -0.367000 -18.760000
c<B>r<65>R<TYR> 2.316000 -2.093000 -18.266001
c<B>r<66>R<TRP> 0.261000 -1.881000 -15.068000
c<B>r<67>R<THR> -2.400000 -4.210000 -13.636000
c<B>r<68>R<ILE> -4.948000 -3.636000 -10.840000
c<B>r<69>R<ASP> -4.703000 -6.790000 -8.631000
c<B>r<70>R<ALA> -6.946000 -5.605000 -5.816000
c<B>r<71>R<LEU> -9.062000 -2.484000 -5.342000
c<B>r<72>R<VAL> -10.374000 -1.251000 -1.992000
c<B>r<73>R<ILE> -12.750000 1.696000 -2.091000
c<B>r<74>R<ASP> -14.052000 3.583000 0.966000
c<B>r<75>R<ALA> -16.947001 5.851000 0.121000
c<B>r<76>R<GLU> -17.070999 7.265000 3.610000
c<B>r<77>R<THR> -13.491000 8.678000 3.473000
c<B>r<78>R<ALA> -13.457000 9.227000 -0.319000
c<B>r<79>R<GLU> -10.276000 7.173000 -0.470000
c<B>r<80>R<ALA> -9.151000 3.971000 -2.148000
c<B>r<81>R<ALA> -6.230000 1.582000 -2.122000
c<B>r<82>R<ILE> -4.821000 -0.338000 -5.091000
c<B>r<83>R<GLU> -2.605000 -3.421000 -5.140000
c<B>r<84>R<TRP> -0.817000 -3.179000 -8.464000
c<B>r<85>R<THR> 1.828000 -4.729000 -10.618000
c<B>r<86>R<HIS> 4.242000 -2.661000 -12.803000
c<B>r<87>R<PHE> 5.665000 -4.777000 -15.632000
c<B>r<88>R<LYS> 8.779000 -3.162000 -16.945999
c<B>r<89>R<THR> 8.408000 -5.266000 -20.091999
c<B>r<90>R<ASN> 11.513000 -4.224000 -21.933001
c<B>r<91>R<GLN> 13.659000 -4.949000 -18.931000
c<B>r<92>R<ASP> 11.869000 -8.230000 -18.158001
c<B>r<93>R<LYS> 11.363000 -6.934000 -14.608000
c<B>r<94>R<VAL> 8.338000 -7.019000 -12.352000
c<B>r<95>R<LEU> 7.590000 -4.533000 -9.564000
c<B>r<96>R<ARG> 4.604000 -5.046000 -7.318000
c<B>r<97>R<GLY> 3.164000 -2.667000 -4.731000
c<B>r<98>R<ALA> 0.184000 -1.039000 -3.144000
c<B>r<99>R<GLU> -0.854000 2.616000 -3.190000
c<B>r<100>R<CYS> -3.319000 4.844000 -1.256000
c<B>r<101>R<VAL> -5.572000 7.164000 -3.324000
c<B>r<114>R<ARG> 1.009000 7.498000 -2.117000
c<B>r<115>R<ALA> 2.848000 4.391000 -3.536000
c<B>r<116>R<PHE> 4.612000 1.578000 -1.627000
c<B>r<117>R<TYR> 6.720000 -1.295000 -3.020000
c<B>r<118>R<ALA> 7.101000 -5.041000 -2.512000
c<B>r<119>R<SER> 10.797000 -4.352000 -2.091000
c<B>r<120>R<PRO> 12.963000 -5.252000 0.919000
c<B>r<121>R<GLN> 13.975000 -2.557000 3.422000
c<B>r<122>R<ALA> 16.976999 -0.646000 2.085000
c<B>r<123>R<GLU> 20.014999 -1.099000 4.258000
c<B>r<124>R<GLY> 21.590000 1.768000 6.136000
c<B>r<125>R<ILE> 18.555000 4.150000 5.853000
c<B>r<126>R<ALA> 17.077000 5.414000 9.156000
c<B>r<127>R<ARG> 13.855000 6.625000 7.702000
c<B>r<128>R<LEU> 12.168000 4.671000 5.007000
c<B>r<129>R<GLU> 9.326000 6.871000 4.016000
c<B>r<130>R<LEU> 7.775000 8.708000 1.034000
c<B>r<131>R<GLY> 9.984000 11.326000 -0.581000
c<B>r<139>R<GLY> -0.048000 15.334000 11.232000
c<B>r<140>R<TYR> 1.813000 12.098000 10.834000
c<B>r<141>R<ARG> 3.877000 10.938000 13.754000
c<B>r<142>R<VAL> 7.424000 11.811000 13.063000
c<B>r<143>R<THR> 8.976000 10.156000 16.129000
c<B>r<144>R<SER> 8.076000 7.052000 18.079000
c<B>r<145>R<PRO> 5.248000 7.465000 20.479000
c<B>r<146>R<ARG> 7.383000 5.400000 22.914000
c<B>r<147>R<LYS> 9.805000 8.238000 23.139999
