c<A>r<67>R<ASP> -8.315000 -6.036000 -4.373000
c<A>r<68>R<VAL> -10.016000 -8.561000 -6.698000
c<A>r<69>R<ALA> -7.484000 -10.829000 -8.476000
c<A>r<72>R<ARG> -2.965000 -14.229000 -12.876000
c<A>r<73>R<HIS> -1.719000 -10.564000 -12.764000
c<A>r<74>R<LEU> -4.923000 -8.495000 -13.425000
c<A>r<75>R<VAL> -6.187000 -6.955000 -10.178000
c<A>r<76>R<PHE> -9.323000 -4.777000 -9.900000
c<A>r<77>R<PRO> -8.519000 -2.032000 -7.310000
c<A>r<78>R<LEU> -11.642000 -2.433000 -5.129000
c<A>r<79>R<HIS> -10.030000 -0.424000 -2.273000
c<A>r<80>R<ALA> -9.492000 2.521000 -4.684000
c<A>r<81>R<ASP> -12.925000 2.290000 -6.388000
c<A>r<82>R<ILE> -14.566000 2.378000 -2.893000
c<A>r<83>R<GLN> -12.383000 5.370000 -1.753000
c<A>r<84>R<VAL> -13.176000 7.415000 -4.937000
c<A>r<85>R<ARG> -16.943001 6.569000 -4.884000
c<A>r<87>R<ARG> -15.514000 10.790000 -1.758000
c<A>r<91>R<PHE> -17.427000 11.221000 2.846000
c<A>r<92>R<ASP> -14.160000 12.624000 4.167000
c<A>r<93>R<ASN> -11.486000 10.018000 3.291000
c<A>r<94>R<LEU> -8.770000 9.444000 5.955000
c<A>r<95>R<ASN> -5.383000 7.595000 5.712000
c<A>r<96>R<PRO> -6.132000 3.820000 5.267000
c<A>r<97>R<ILE> -4.408000 1.229000 7.506000
c<A>r<98>R<ILE> -2.491000 -1.443000 5.515000
c<A>r<100>R<HIS> -0.246000 -7.271000 6.140000
c<A>r<103>R<PRO> 4.807000 -14.048000 5.250000
c<A>r<104>R<TYR> 6.394000 -13.207000 1.852000
c<A>r<105>R<GLU> 6.116000 -16.069000 -0.697000
c<A>r<106>R<PRO> 8.898000 -15.649000 -3.390000
c<A>r<107>R<GLY> 7.825000 -15.236000 -7.053000
c<A>r<108>R<ALA> 8.367000 -13.274000 -10.323000
c<A>r<109>R<ILE> 5.291000 -11.078000 -9.450000
c<A>r<110>R<ILE> 4.066000 -8.943000 -6.540000
c<A>r<111>R<LYS> 1.419000 -11.014000 -4.669000
c<A>r<112>R<THR> -1.556000 -9.640000 -2.704000
c<A>r<113>R<GLU> 0.026000 -9.958000 0.765000
c<A>r<114>R<ILE> -2.099000 -7.020000 2.156000
c<A>r<119>R<MET> -11.542000 4.858000 6.748000
c<A>r<120>R<GLN> -14.310000 7.333000 5.903000
c<A>r<121>R<ARG> -15.945000 10.066000 8.090000
c<A>r<144>R<PHE> -2.735000 2.933000 21.466999
c<A>r<145>R<HIS> 0.875000 2.705000 20.128000
c<A>r<146>R<ARG> 0.140000 -0.726000 18.481001
c<A>r<147>R<PHE> -3.179000 0.310000 16.836000
c<A>r<148>R<PHE> -2.334000 3.836000 15.500000
c<A>r<149>R<ARG> 0.468000 2.568000 13.147000
c<A>r<150>R<GLN> -0.380000 2.829000 9.410000
c<A>r<151>R<ILE> 0.887000 -0.799000 8.921000
c<A>r<170>R<MET> -10.369000 3.162000 18.254999
c<B>r<67>R<ASP> -2.024000 10.758000 -0.970000
c<B>r<68>R<VAL> -2.682000 14.520000 -0.566000
c<B>r<69>R<ALA> -3.326000 15.335000 3.112000
c<B>r<70>R<VAL> -5.540000 18.472000 3.517000
c<B>r<72>R<ARG> -5.623000 17.877001 9.871000
c<B>r<73>R<HIS> -7.243000 14.588000 8.699000
c<B>r<74>R<LEU> -8.827000 14.811000 5.192000
c<B>r<75>R<VAL> -6.908000 12.735000 2.602000
c<B>r<76>R<PHE> -7.412000 12.999000 -1.170000
c<B>r<77>R<PRO> -6.517000 9.418000 -2.268000
c<B>r<78>R<LEU> -4.355000 10.326000 -5.301000
c<B>r<79>R<HIS> -3.137000 6.692000 -5.568000
c<B>r<80>R<ALA> -6.782000 5.499000 -5.839000
c<B>r<81>R<ASP> -7.897000 8.218000 -8.316000
c<B>r<82>R<ILE> -4.911000 7.336000 -10.584000
c<B>r<83>R<GLN> -5.673000 3.543000 -10.319000
c<B>r<84>R<VAL> -9.417000 4.063000 -11.128000
c<B>r<85>R<ARG> -8.720000 6.539000 -14.001000
c<B>r<87>R<ARG> -8.371000 1.275000 -15.230000
c<B>r<91>R<PHE> -4.780000 -0.254000 -18.319000
c<B>r<92>R<ASP> -4.318000 -3.711000 -16.761000
c<B>r<93>R<ASN> -4.067000 -2.686000 -13.052000
c<B>r<94>R<LEU> -1.625000 -4.877000 -10.998000
c<B>r<95>R<ASN> -0.936000 -5.223000 -7.202000
c<B>r<96>R<PRO> 0.722000 -1.951000 -5.945000
c<B>r<97>R<ILE> 3.947000 -2.079000 -3.875000
c<B>r<98>R<ILE> 3.683000 -0.311000 -0.468000
c<B>r<100>R<HIS> 7.111000 2.383000 4.001000
c<B>r<103>R<PRO> 9.391000 5.133000 11.713000
c<B>r<104>R<TYR> 5.997000 5.281000 13.522000
c<B>r<105>R<GLU> 5.303000 8.748000 15.043000
c<B>r<106>R<PRO> 2.729000 8.403000 17.943001
c<B>r<107>R<GLY> -0.626000 10.243000 17.625000
c<B>r<108>R<ALA> -4.465000 10.001000 17.864000
c<B>r<109>R<ILE> -4.520000 9.710000 14.001000
c<B>r<110>R<ILE> -3.154000 7.370000 11.327000
c<B>r<111>R<LYS> -0.291000 9.305000 9.639000
c<B>r<112>R<THR> 0.868000 9.025000 5.994000
c<B>r<113>R<GLU> 3.826000 6.710000 6.794000
c<B>r<114>R<ILE> 3.645000 5.071000 3.283000
c<B>r<119>R<MET> 1.765000 -0.683000 -11.403000
c<B>r<120>R<GLN> -0.318000 -0.184000 -14.550000
c<B>r<121>R<ARG> 0.144000 -2.179000 -17.816999
c<B>r<123>R<PRO> -3.132000 -4.766000 -22.202999
c<B>r<144>R<PHE> 15.013000 -10.832000 -6.567000
c<B>r<145>R<HIS> 13.778000 -11.954000 -3.096000
c<B>r<146>R<ARG> 14.153000 -8.366000 -1.637000
c<B>r<147>R<PHE> 12.495000 -6.617000 -4.632000
c<B>r<148>R<PHE> 9.400000 -8.847000 -5.198000
c<B>r<149>R<ARG> 7.945000 -8.301000 -1.648000
c<B>r<150>R<GLN> 4.675000 -6.279000 -1.631000
c<B>r<151>R<ILE> 6.077000 -4.094000 1.250000
c<B>r<170>R<MET> 12.448000 -5.470000 -12.253000
