1764466053461 65.0 2243
1764466053476 65.0 2243
1764466090781 66.0 2277
1764466090795 66.0 2277
1764466128128 67.0 2311
1764466128142 67.0 2311
1764466164845 68.0 2345
1764466164855 68.0 2345
1764466201680 69.0 2379
1764466201693 69.0 2379
1764466238590 70.0 2413
1764466238599 70.0 2413
1764466275426 71.0 2447
1764466275436 71.0 2447
1764466312511 72.0 2481
1764466312521 72.0 2481
1764466349726 73.0 2515
1764466349730 73.0 2515
1764466386961 74.0 2549
1764466386965 74.0 2549
1764466423895 75.0 2583
1764466423899 75.0 2583
1764466461517 76.0 2617
1764466461521 76.0 2617
1764466498535 77.0 2651
1764466498539 77.0 2651
1764466535448 78.0 2685
1764466535451 78.0 2685
1764466572014 79.0 2719
1764466572018 79.0 2719
1764466608402 80.0 2753
1764466608406 80.0 2753
1764466644566 81.0 2787
1764466644570 81.0 2787
1764466680987 82.0 2821
1764466680991 82.0 2821
1764466717300 83.0 2855
1764466717303 83.0 2855
1764466753693 84.0 2889
1764466753697 84.0 2889
1764466790692 85.0 2923
1764466790696 85.0 2923
1764466797087 86.0 2924
