1764353466359 0.15111853182315826 15
1764353508277 0.14819274842739105 31
1764353549516 0.14774027466773987 47
1764353591256 0.1517118662595749 63
1764353634601 0.14254547655582428 79
1764353676715 0.11104392260313034 95
1764353719206 0.09344973415136337 111
1764353761358 0.104457326233387 127
1764353803477 0.0933648869395256 143
1764353845944 0.07746662944555283 159
1764353889251 0.08664814382791519 175
1764353932241 0.08423414826393127 191
1764353975610 0.0810638964176178 207
1764354017759 0.08608341217041016 223
1764354060312 0.08068376779556274 239
1764354103786 0.07375815510749817 255
1764354147552 0.06711135059595108 271
1764354191919 0.07294920086860657 287
1764354237372 0.07227829098701477 303
1764354281791 0.0803169384598732 319
1764354328219 0.07269497215747833 335
1764354372215 0.06778784841299057 351
1764354416594 0.06772720068693161 367
1764354458679 0.05976829677820206 383
1764354501898 0.06539158523082733 399
1764354544591 0.07333704084157944 415
1764354586931 0.09206291288137436 431
1764354630024 0.08287713676691055 447
1764354673199 0.0723792314529419 463
1764354717453 0.05908649042248726 479
1764354759979 0.07126965373754501 495
1764354802456 0.07086535543203354 511
1764354845954 0.06907830387353897 527
1764354888937 0.06346045434474945 543
1764354931417 0.059039343148469925 559
1764354974740 0.061769209802150726 575
1764355017315 0.06113262102007866 591
1764355060193 0.07129169255495071 607
1764355103542 0.06796310842037201 623
1764355147178 0.06241896376013756 639
1764355190342 0.06815887987613678 655
1764355231630 0.06126425415277481 671
1764355273971 0.06061258539557457 687
1764355316664 0.07043188810348511 703
1764355359966 0.06332121789455414 719
1764355404031 0.05744590982794762 735
1764355446705 0.0600278377532959 751
1764355490225 0.07204966992139816 767
1764355533323 0.06302861124277115 783
1764355575966 0.056188154965639114 799
1764355619741 0.06392370164394379 815
1764355661720 0.06463643908500671 831
1764355704978 0.050478577613830566 847
1764355747710 0.06300994008779526 863
1764355790141 0.05368918925523758 879
1764355833780 0.06905069202184677 895
1764355875965 0.05878029018640518 911
1764355918900 0.05572149530053139 927
1764355962622 0.050400592386722565 943
1764356005393 0.0578882060945034 959
1764356045609 0.05428348854184151 975
1764356083425 0.07120481133460999 991
1764356122369 0.05550902336835861 1007
1764356160510 0.05386580526828766 1023
1764356199455 0.048934824764728546 1039
1764356237972 0.05057861655950546 1055
1764356276520 0.05357326567173004 1071
1764356316158 0.05495494604110718 1087
1764356355770 0.0515308640897274 1103
1764356395445 0.0597304031252861 1119
1764356434706 0.051667775958776474 1135
1764356473881 0.0497472807765007 1151
1764356512716 0.04609939455986023 1167
1764356551744 0.054930657148361206 1183
1764356589582 0.04257863014936447 1199
1764356627780 0.050240643322467804 1215
1764356665647 0.049711886793375015 1231
1764356704592 0.05056014657020569 1247
1764356744147 0.04242868348956108 1263
1764356783411 0.052787624299526215 1279
1764356823137 0.05129691958427429 1295
1764356863190 0.05294566974043846 1311
1764356903927 0.05240194872021675 1327
1764356944015 0.048902686685323715 1343
1764356982686 0.049674857407808304 1359
1764357022183 0.058142729103565216 1375
1764357062422 0.04110392555594444 1391
1764357102634 0.05272066593170166 1407
1764357142033 0.04304846376180649 1423
1764357181762 0.05531415715813637 1439
1764357221188 0.04057731851935387 1455
1764357260804 0.04792732372879982 1471
1764357300585 0.04640202969312668 1487
1764357340131 0.04704929143190384 1503
1764357379893 0.052617285400629044 1519
1764357419241 0.05058623105287552 1535
1764357459666 0.05170198157429695 1551
1764357499178 0.05336447432637215 1567
1764357538241 0.046982068568468094 1583
1764357577682 0.04333103448152542 1599
1764357617478 0.04059305414557457 1615
1764357657903 0.043122436851263046 1631
1764357697084 0.04302755743265152 1647
1764357737165 0.0491059347987175 1663
1764357777254 0.041326042264699936 1679
1764357819896 0.04443011060357094 1695
1764357859421 0.04879220575094223 1711
1764357898676 0.04573540762066841 1727
1764357937825 0.05355171486735344 1743
1764357976713 0.04855894669890404 1759
1764358015306 0.042582884430885315 1775
1764358054631 0.04099847003817558 1791
1764358093528 0.04174527898430824 1807
1764358132499 0.0474463626742363 1823
1764358172865 0.041002143174409866 1839
1764358211926 0.04944339767098427 1855
1764358251711 0.04706750065088272 1871
1764358291260 0.03984455391764641 1887
1764358330276 0.042235784232616425 1903
1764358369972 0.040608469396829605 1919
1764358409824 0.0395934134721756 1935
1764358449733 0.044179271906614304 1951
1764358488799 0.04234320670366287 1967
1764358528443 0.04309571906924248 1983
1764358566729 0.04370206221938133 1999
1764358606168 0.03943321481347084 2015
1764358645929 0.040923453867435455 2031
1764358685490 0.043848659843206406 2047
1764358724285 0.04687243327498436 2063
1764358764382 0.043757159262895584 2079
1764358804456 0.041170090436935425 2095
1764358844083 0.043059684336185455 2111
1764358884448 0.046531856060028076 2127
1764358924030 0.04019742086529732 2143
1764358964035 0.04229090362787247 2159
1764359004385 0.04420655965805054 2175
1764359044803 0.0364849790930748 2191
1764359084226 0.04214216768741608 2207
1764359124347 0.04291009157896042 2223
1764359167315 0.04400045797228813 2239
1764359211165 0.044628653675317764 2255
1764359250733 0.0383753627538681 2271
1764359292619 0.041189827024936676 2287
1764359335012 0.03567983955144882 2303
1764359375170 0.0440017469227314 2319
1764359418438 0.04495442658662796 2335
1764359460841 0.039894986897706985 2351
1764359502743 0.04128303751349449 2367
1764359545638 0.04445415362715721 2383
1764359588183 0.0373515859246254 2399
1764359630045 0.03893111273646355 2415
1764359672429 0.039717257022857666 2431
1764359713864 0.038515813648700714 2447
1764359754004 0.04074500873684883 2463
1764359794439 0.042674265801906586 2479
1764359836130 0.04074250906705856 2495
1764359877945 0.04235018417239189 2511
1764359922220 0.04489951208233833 2527
1764359965965 0.038817860186100006 2543
1764360009117 0.04355168342590332 2559
1764360049794 0.04562031850218773 2575
1764360092130 0.03931874781847 2591
1764360133646 0.038122206926345825 2607
1764360176100 0.043660808354616165 2623
1764360218360 0.03666561841964722 2639
1764360259788 0.04498099908232689 2655
1764360302133 0.03809012100100517 2671
1764360342489 0.03632226213812828 2687
1764360384064 0.03466685116291046 2703
