c<A>r<28>R<THR> 2.456000 3.317000 -14.104000
c<A>r<29>R<ARG> 2.344000 3.742000 -17.941999
c<A>r<30>R<GLU> 5.216000 6.299000 -17.896000
c<A>r<31>R<ALA> 7.306000 4.423000 -15.246000
c<A>r<32>R<GLY> 7.874000 1.249000 -17.370001
c<A>r<33>R<ALA> 8.173000 -2.373000 -16.176001
c<A>r<34>R<GLY> 8.821000 -2.727000 -12.414000
c<A>r<35>R<GLY> 7.814000 -4.006000 -8.969000
c<A>r<36>R<LEU> 4.825000 -2.166000 -7.429000
c<A>r<37>R<ALA> 4.561000 -2.562000 -3.635000
c<A>r<38>R<ILE> 1.469000 -1.349000 -1.737000
c<A>r<39>R<ALA> 1.379000 -1.352000 2.074000
c<A>r<40>R<VAL> -1.530000 -0.301000 4.337000
c<A>r<41>R<GLU> -0.557000 0.388000 7.968000
c<A>r<42>R<GLY> -3.157000 1.156000 10.674000
c<A>r<43>R<PRO> -5.121000 0.078000 13.797000
c<A>r<44>R<SER> -6.511000 -3.070000 12.018000
c<A>r<45>R<LYS> -5.518000 -5.541000 9.265000
c<A>r<46>R<ALA> -6.317000 -4.300000 5.734000
c<A>r<47>R<GLU> -7.483000 -6.731000 3.012000
c<A>r<48>R<ILE> -5.691000 -5.443000 -0.121000
c<A>r<49>R<SER> -6.974000 -6.583000 -3.552000
c<A>r<50>R<PHE> -5.210000 -5.823000 -6.855000
c<A>r<52>R<ASP> -5.051000 -5.230000 -13.573000
c<A>r<54>R<LYS> -5.538000 -3.769000 -18.868999
c<A>r<55>R<ASP> -6.172000 -0.081000 -19.851999
c<A>r<56>R<GLY> -2.624000 0.886000 -18.671000
c<A>r<57>R<SER> -3.796000 1.514000 -15.052000
c<A>r<58>R<CYS> -4.033000 -0.765000 -12.002000
c<A>r<62>R<TYR> -8.614000 -2.315000 0.330000
c<A>r<70>R<TYR> -4.417000 4.386000 7.933000
c<A>r<71>R<GLU> -1.125000 4.980000 6.075000
c<A>r<72>R<VAL> -1.132000 3.785000 2.430000
c<A>r<73>R<SER> 2.486000 3.401000 1.252000
c<A>r<74>R<VAL> 2.924000 3.028000 -2.542000
c<A>r<75>R<LYS> 6.429000 2.094000 -3.758000
c<A>r<76>R<PHE> 7.699000 1.462000 -7.284000
c<A>r<77>R<ASN> 11.028000 -0.434000 -7.634000
c<C>r<1>R<PRO> 0.734000 -3.006000 17.193001
c<C>r<2>R<LEU> 0.033000 -1.156000 13.940000
c<C>r<3>R<TYR> -1.156000 -3.822000 11.500000
c<C>r<4>R<LYS> 0.929000 -3.701000 8.321000
c<C>r<5>R<SER> -0.678000 -5.360000 5.288000
c<C>r<6>R<ALA> 1.436000 -5.387000 2.104000
c<C>r<7>R<ILE> 1.161000 -6.724000 -1.460000
c<C>r<8>R<THR> 3.849000 -6.779000 -4.173000
c<C>r<9>R<THR> 2.939000 -7.084000 -7.857000
c<C>r<10>R<THR> 4.977000 -6.862000 -11.074000
c<C>r<11>R<ILE> 3.782000 -4.260000 -13.566000
c<C>r<12>R<ASN> 4.527000 -5.168000 -17.190001
c<C>r<13>R<PRO> 3.199000 -2.346000 -19.473000
