c<A>r<34>R<LEU> -12.205000 2.794000 -3.425000
c<A>r<36>R<ASP> -9.995000 0.834000 -7.905000
c<A>r<39>R<ARG> -7.748000 -3.244000 -11.417000
c<A>r<40>R<THR> -11.564000 -3.739000 -11.289000
c<A>r<48>R<LEU> -18.583000 -2.201000 -4.623000
c<A>r<49>R<HIS> -18.660000 -5.214000 -2.265000
c<A>r<50>R<LYS> -20.360001 -4.930000 1.213000
c<A>r<51>R<THR> -16.900999 -4.683000 2.890000
c<A>r<52>R<GLU> -15.721000 -1.878000 0.538000
c<A>r<53>R<LYS> -18.997000 0.104000 1.025000
c<A>r<54>R<THR> -18.540001 -0.193000 4.843000
c<A>r<55>R<HIS> -14.859000 0.903000 4.770000
c<A>r<58>R<THR> -11.983000 4.518000 7.005000
c<A>r<59>R<LEU> -10.323000 5.590000 3.706000
c<A>r<61>R<GLU> -10.337000 9.297000 7.710000
c<A>r<62>R<ILE> -6.863000 8.055000 6.586000
c<A>r<63>R<ASN> -6.620000 10.317000 3.501000
c<A>r<65>R<HIS> -5.059000 12.590000 8.158000
c<A>r<66>R<ARG> -2.445000 12.365000 5.303000
c<A>r<67>R<GLU> -3.540000 15.591000 3.518000
c<A>r<69>R<GLN> -0.943000 16.090000 8.808000
c<A>r<70>R<PHE> -3.189000 16.188000 11.921000
c<A>r<71>R<GLY> -1.977000 14.960000 15.333000
c<A>r<72>R<ASP> -3.087000 11.466000 16.457001
c<A>r<73>R<GLY> -6.102000 11.631000 18.827000
c<A>r<74>R<PHE> -5.773000 9.964000 22.274000
c<A>r<76>R<THR> -10.323000 9.977000 18.750000
c<A>r<77>R<ASP> -8.856000 9.895000 15.195000
c<A>r<78>R<TYR> -7.285000 13.413000 15.337000
c<A>r<137>R<ASP> -22.863001 -2.324000 18.025000
c<A>r<138>R<LEU> -24.263000 0.376000 20.431999
c<A>r<212>R<ASP> -0.405000 -0.550000 -15.952000
c<A>r<213>R<ASP> 0.986000 2.382000 -18.011999
c<A>r<251>R<LYS> -1.838000 18.254000 -15.789000
c<A>r<252>R<GLY> -3.197000 14.656000 -15.949000
c<B>r<34>R<LEU> -0.818000 1.807000 3.220000
c<B>r<36>R<ASP> 1.531000 5.637000 0.278000
c<B>r<39>R<ARG> 2.603000 11.041000 -1.605000
c<B>r<40>R<THR> 4.216000 10.651000 1.867000
c<B>r<48>R<LEU> 2.129000 5.464000 10.002000
c<B>r<49>R<HIS> -0.493000 7.362000 12.052000
c<B>r<50>R<LYS> -2.643000 5.502000 14.699000
c<B>r<51>R<THR> -5.633000 5.470000 12.257000
c<B>r<52>R<GLU> -3.550000 3.961000 9.395000
c<B>r<53>R<LYS> -2.008000 1.282000 11.702000
c<B>r<54>R<THR> -5.542000 0.312000 12.889000
c<B>r<55>R<HIS> -6.992000 0.100000 9.342000
c<B>r<58>R<THR> -9.470000 -3.343000 6.454000
c<B>r<59>R<LEU> -7.174000 -2.805000 3.417000
c<B>r<61>R<GLU> -9.776000 -7.585000 3.642000
c<B>r<62>R<ILE> -10.764000 -5.280000 0.708000
c<B>r<63>R<ASN> -7.756000 -6.220000 -1.476000
c<B>r<65>R<HIS> -11.965000 -9.600000 -1.823000
c<B>r<66>R<ARG> -10.828000 -7.828000 -5.075000
c<B>r<67>R<GLU> -8.072000 -10.363000 -5.957000
c<B>r<69>R<GLN> -13.673000 -12.103000 -6.353000
c<B>r<70>R<PHE> -15.262000 -13.761000 -3.278000
c<B>r<71>R<GLY> -19.011000 -13.589000 -2.569000
c<B>r<72>R<ASP> -20.204000 -11.053000 0.045000
c<B>r<73>R<GLY> -20.783001 -12.694000 3.467000
c<B>r<74>R<PHE> -24.250000 -12.346000 5.090000
c<B>r<76>R<THR> -19.070000 -12.106000 7.653000
c<B>r<77>R<ASP> -16.757000 -10.431000 5.078000
c<B>r<78>R<TYR> -16.861000 -13.321000 2.524000
c<B>r<137>R<ASP> -15.342000 -3.391000 22.381001
c<B>r<138>R<LEU> -16.146000 -7.002000 23.545000
c<B>r<212>R<ASP> 3.539000 11.668000 -10.640000
c<B>r<213>R<ASP> 5.270000 9.983000 -13.630000
c<B>r<252>R<GLY> 8.066000 -2.869000 -13.464000
