1766143394954 0.14464876055717468 33
1766143409121 0.14581483602523804 67
1766143424068 0.13299259543418884 101
1766143438480 0.11652915179729462 135
1766143453918 0.10739035904407501 169
1766143468151 0.09290020167827606 203
1766143483374 0.09209539741277695 237
1766143498019 0.09192036092281342 271
1766143512233 0.08181054145097733 305
1766143527092 0.09077610820531845 339
1766143541766 0.0817672610282898 373
1766143556699 0.1015968918800354 407
1766143571505 0.08413556963205338 441
1766143586644 0.08100173622369766 475
1766143601572 0.07769918441772461 509
1766143616565 0.07211309671401978 543
1766143631666 0.06617696583271027 577
1766143645920 0.08620335906744003 611
1766143660935 0.07607096433639526 645
1766143675720 0.0631394237279892 679
1766143690157 0.06777139008045197 713
1766143704844 0.06543922424316406 747
1766143719551 0.054731570184230804 781
1766143734132 0.061443399637937546 815
1766143749005 0.06620506197214127 849
1766143763714 0.06524179130792618 883
1766143778913 0.063029944896698 917
1766143793401 0.0533876046538353 951
1766143808771 0.06738594174385071 985
1766143823476 0.06357268989086151 1019
1766143838293 0.0600777305662632 1053
1766143852936 0.06530008465051651 1087
1766143867922 0.0635373443365097 1121
1766143882202 0.06690219044685364 1155
1766143897228 0.06220220774412155 1189
1766143912350 0.05942494049668312 1223
1766143927551 0.06680136919021606 1257
1766143942422 0.060645222663879395 1291
1766143957297 0.053401291370391846 1325
1766143972453 0.05572166293859482 1359
1766143987023 0.048925161361694336 1393
1766144002648 0.043465420603752136 1427
1766144016989 0.05731142312288284 1461
1766144031663 0.05867096036672592 1495
1766144046723 0.051813796162605286 1529
1766144062363 0.04218152165412903 1563
1766144077019 0.04823044314980507 1597
1766144091508 0.05495034158229828 1631
1766144106221 0.04795973747968674 1665
1766144120827 0.04926929622888565 1699
1766144136607 0.05164629966020584 1733
1766144151497 0.04961417615413666 1767
1766144166944 0.04394141584634781 1801
1766144182136 0.05142680183053017 1835
1766144197061 0.044202737510204315 1869
1766144211334 0.04986969381570816 1903
1766144226285 0.04969549551606178 1937
1766144241517 0.046315696090459824 1971
1766144257168 0.05115702375769615 2005
1766144271628 0.04689926281571388 2039
1766144287321 0.05011511594057083 2073
1766144302027 0.04293418303132057 2107
1766144318881 0.04280819371342659 2141
1766144335178 0.04848824441432953 2175
1766144351196 0.054005131125450134 2209
1766144367052 0.04692177101969719 2243
1766144382827 0.041181471198797226 2277
1766144397794 0.048701196908950806 2311
1766144413461 0.04691131040453911 2345
1766144428601 0.04072168469429016 2379
