c<A>r<545>R<SER> 63.042000 -16.392000 64.786003
c<A>r<546>R<PHE> 61.438999 -13.034000 63.969002
c<A>r<547>R<ASP> 61.355999 -11.945000 60.325001
c<A>r<548>R<CYS> 61.320999 -8.212000 59.634998
c<A>r<549>R<GLY> 58.202999 -6.139000 59.005001
c<A>r<550>R<LYS> 55.751999 -8.582000 60.576000
c<A>r<551>R<PRO> 54.320000 -7.208000 63.820000
c<A>r<552>R<GLN> 52.814999 -9.704000 66.278000
c<A>r<553>R<VAL> 50.146000 -7.222000 67.347000
c<A>r<554>R<GLU> 48.175999 -6.243000 64.234001
c<A>r<593>R<ILE> 66.616997 -2.488000 60.733002
c<A>r<594>R<SER> 68.751999 -5.163000 62.402000
c<A>r<666>R<CYS> 62.348999 -4.738000 56.294998
c<A>r<667>R<LEU> 64.398003 -2.703000 53.826000
c<A>r<668>R<PRO> 63.566002 -2.014000 50.140999
c<A>r<669>R<SER> 65.737999 -3.263000 47.304001
c<A>r<670>R<PRO> 68.096001 -0.538000 46.021999
c<A>r<671>R<ASN> 66.393997 2.275000 44.101002
c<A>r<672>R<TYR> 62.959999 0.691000 44.374001
c<A>r<673>R<VAL> 60.327000 3.371000 43.761002
c<A>r<674>R<VAL> 57.241001 2.673000 45.886002
c<A>r<675>R<ALA> 54.196999 2.740000 43.605999
c<A>r<749>R<GLU> 53.719002 -5.029000 50.568001
c<A>r<750>R<LYS> 52.837002 -8.712000 50.241001
c<A>r<751>R<ASP> 53.002998 -10.032000 53.784000
c<A>r<752>R<LYS> 55.271000 -7.483000 55.480999
c<A>r<781>R<VAL> 70.070000 0.999000 50.782001
c<A>r<782>R<THR> 73.389000 0.244000 49.090000
c<A>r<784>R<ILE> 73.362000 1.325000 54.526001
c<A>r<785>R<GLU> 74.463997 -2.161000 53.529999
c<A>r<786>R<GLY> 78.049004 -1.024000 53.191002
c<A>r<787>R<VAL> 78.282997 0.600000 56.601002
c<A>r<788>R<MET> 76.642998 -2.405000 58.290001
c<A>r<789>R<ARG> 79.056999 -4.623000 56.355999
c<A>r<790>R<ASN> 82.157997 -2.657000 57.408001
c<A>r<791>R<ASN> 81.223999 -1.959000 61.021999
c<C>r<16>R<SER> 60.862999 -6.448000 38.667999
c<C>r<17>R<TYR> 60.102001 -2.839000 39.512001
c<C>r<18>R<PHE> 56.691002 -3.719000 40.942001
c<C>r<19>R<GLU> 55.432999 -5.834000 43.835999
c<C>r<20>R<PRO> 55.894001 -9.550000 42.914001
c<C>r<21>R<THR> 52.748001 -11.279000 41.660000
c<C>r<22>R<GLY> 53.334999 -14.727000 43.144001
c<C>r<23>R<PRO> 55.091000 -16.546000 46.022999
c<C>r<24>R<TYR> 58.791000 -15.722000 46.387001
c<C>r<28>R<ASN> 68.186996 -11.670000 53.792999
c<C>r<30>R<THR> 74.565002 -11.498000 56.709000
c<C>r<31>R<GLY> 77.942001 -12.805000 55.564999
c<C>r<32>R<VAL> 80.650002 -13.341000 58.171001
c<C>r<37>R<ASN> 83.555000 -10.544000 61.525002
c<C>r<38>R<GLU> 80.704002 -9.144000 59.435001
c<C>r<39>R<LEU> 81.821999 -8.851000 55.806999
c<C>r<40>R<LEU> 78.459000 -8.258000 54.196999
c<C>r<41>R<SER> 75.389000 -6.516000 55.659000
c<C>r<42>R<PRO> 71.873001 -7.986000 55.344002
c<C>r<43>R<HIS> 71.500000 -8.176000 51.632000
c<C>r<44>R<TYR> 67.900002 -8.361000 50.263000
c<C>r<45>R<VAL> 67.126999 -10.552000 47.215000
c<C>r<46>R<GLU> 63.869999 -12.066000 45.912998
c<C>r<84>R<SER> 68.958000 -22.726999 63.608002
c<C>r<85>R<ALA> 67.916000 -20.844999 60.433998
c<C>r<86>R<LYS> 64.342003 -21.603001 59.241001
c<C>r<87>R<ILE> 62.198002 -20.514999 56.301998
c<C>r<88>R<GLU> 59.278999 -18.483000 57.633999
c<C>r<89>R<VAL> 56.122002 -17.079000 56.088001
c<C>r<90>R<THR> 53.817001 -14.585000 57.813000
c<C>r<91>R<TYR> 50.389999 -13.574000 56.546001
c<C>r<92>R<TYR> 47.054001 -12.239000 57.762001
c<C>r<97>R<LYS> 41.377998 -11.775000 61.296001
c<C>r<98>R<LYS> 44.672001 -12.988000 62.810001
c<C>r<99>R<GLU> 48.298000 -13.067000 61.740002
c<C>r<100>R<GLU> 49.657001 -16.551001 61.188999
c<C>r<101>R<THR> 53.317001 -17.555000 60.883999
c<C>r<103>R<SER> 58.139000 -22.110001 59.754002
c<C>r<120>R<ILE> 47.622002 -14.081000 50.007000
c<C>r<121>R<LYS> 48.612000 -14.176000 46.346001
c<C>r<122>R<ASN> 52.273998 -13.224000 46.783001
c<C>r<123>R<PRO> 53.465000 -14.667000 50.098999
c<C>r<124>R<GLY> 57.091000 -13.986000 50.928001
c<C>r<125>R<PHE> 58.973999 -17.027000 52.276001
c<C>r<126>R<ASN> 61.710999 -15.481000 54.411999
c<C>r<127>R<LEU> 65.263000 -16.705000 54.998001
c<C>r<128>R<ILE> 66.944000 -14.282000 57.408001
c<C>r<129>R<THR> 70.204002 -15.811000 58.574001
