c<A>r<545>R<SER> 63.042000 -16.392000 64.786003
c<A>r<546>R<PHE> 61.438999 -13.034000 63.969002
c<A>r<583>R<PHE> 69.449997 11.930000 80.678001
c<A>r<584>R<GLY> 66.581001 9.925000 79.223000
c<A>r<594>R<SER> 68.751999 -5.163000 62.402000
c<A>r<595>R<PRO> 69.397003 -6.065000 66.071999
c<A>r<596>R<GLU> 72.550003 -3.911000 66.088997
c<A>r<610>R<ARG> 79.509003 11.348000 70.581001
c<A>r<611>R<PRO> 77.573997 8.060000 70.308998
c<A>r<612>R<SER> 77.516998 8.096000 74.096001
c<A>r<613>R<SER> 75.172997 11.104000 73.889999
c<A>r<615>R<LYS> 70.595001 5.764000 73.827003
c<A>r<616>R<VAL> 67.727997 3.988000 72.083000
c<A>r<617>R<ILE> 64.473999 2.771000 73.639000
c<A>r<620>R<ALA> 57.813000 1.363000 73.968002
c<A>r<622>R<GLN> 54.646999 5.444000 76.347000
c<A>r<623>R<GLU> 56.867001 8.433000 75.694000
c<A>r<624>R<VAL> 57.766998 9.290000 79.319000
c<A>r<625>R<ASN> 56.691002 6.498000 81.667999
c<A>r<626>R<LEU> 58.063000 3.484000 79.862000
c<A>r<627>R<GLU> 56.942001 -0.057000 80.478996
c<A>r<628>R<PRO> 59.376999 -2.234000 82.484001
c<A>r<629>R<HIS> 59.827000 -4.592000 79.536003
c<A>r<630>R<VAL> 61.339001 -1.712000 77.509003
c<A>r<631>R<GLN> 64.934998 -2.151000 76.289001
c<A>r<632>R<GLU> 67.404999 0.697000 76.710999
c<A>r<633>R<ILE> 70.600998 0.354000 74.663002
c<A>r<634>R<GLU> 73.417999 2.902000 74.389000
c<A>r<635>R<VAL> 74.661003 3.877000 70.915001
c<A>r<636>R<SER> 78.214996 2.791000 70.058998
c<A>r<637>R<ARG> 78.875999 4.436000 66.672997
c<A>r<651>R<LYS> 75.213997 1.133000 65.807999
c<A>r<652>R<LEU> 73.879997 -0.306000 69.035004
c<A>r<653>R<SER> 76.637001 -1.030000 71.528999
c<A>r<654>R<SER> 74.666000 -4.191000 72.235001
c<A>r<655>R<PRO> 72.260002 -6.244000 70.042999
c<A>r<656>R<ALA> 68.546997 -5.710000 70.459000
c<A>r<657>R<VAL> 66.725998 -8.681000 71.966003
c<A>r<658>R<ILE> 64.171997 -9.586000 69.292000
c<A>r<659>R<THR> 60.856998 -10.190000 71.023003
c<C>r<16>R<SER> 82.769997 4.580000 78.760002
c<C>r<17>R<TYR> 82.007004 6.895000 75.865997
c<C>r<18>R<PHE> 82.546997 4.139000 73.302002
c<C>r<19>R<GLU> 80.905998 0.802000 72.528999
c<C>r<20>R<PRO> 81.897003 -1.706000 75.286003
c<C>r<21>R<THR> 84.722000 -4.070000 74.343002
c<C>r<23>R<PRO> 80.400002 -8.919000 77.517998
c<C>r<24>R<TYR> 78.174004 -6.728000 79.696999
c<C>r<25>R<LEU> 74.996002 -6.913000 81.710999
c<C>r<26>R<MET> 72.463997 -4.382000 80.442001
c<C>r<27>R<VAL> 69.929001 -3.497000 83.156998
c<C>r<28>R<ASN> 66.702003 -1.898000 81.846001
c<C>r<29>R<VAL> 64.443001 -1.560000 84.887001
c<C>r<30>R<THR> 61.029999 0.029000 85.497002
c<C>r<31>R<GLY> 60.507000 0.874000 89.162003
c<C>r<32>R<VAL> 56.987000 0.699000 90.572998
c<C>r<37>R<ASN> 52.345001 3.074000 89.995003
c<C>r<38>R<GLU> 55.393002 3.707000 87.810997
c<C>r<39>R<LEU> 57.943001 5.754000 89.762001
c<C>r<40>R<LEU> 60.917999 5.324000 87.477997
c<C>r<41>R<SER> 60.966999 4.859000 83.686996
c<C>r<42>R<PRO> 63.132999 2.202000 81.990997
c<C>r<43>R<HIS> 66.543999 3.221000 83.125999
c<C>r<44>R<TYR> 69.515999 1.961000 81.016998
c<C>r<45>R<VAL> 72.776001 0.920000 82.741997
c<C>r<46>R<GLU> 75.672997 -1.300000 81.613998
c<C>r<82>R<ASP> 59.129002 -9.725000 88.426003
c<C>r<85>R<ALA> 62.139999 -11.935000 84.456001
c<C>r<88>R<GLU> 68.535004 -12.832000 77.650002
c<C>r<89>R<VAL> 71.262001 -12.528000 75.042999
c<C>r<90>R<THR> 70.622002 -12.132000 71.308998
c<C>r<91>R<TYR> 73.286003 -12.371000 68.622002
c<C>r<92>R<TYR> 73.723999 -13.201000 64.945999
c<C>r<98>R<LYS> 70.620003 -16.695999 61.805000
c<C>r<99>R<GLU> 69.771004 -14.761000 64.941002
c<C>r<100>R<GLU> 69.973999 -16.813000 68.109001
c<C>r<101>R<THR> 68.553001 -15.897000 71.521004
c<C>r<102>R<LYS> 69.538002 -17.582001 74.795998
c<C>r<120>R<ILE> 80.350998 -11.659000 69.138000
c<C>r<122>R<ASN> 80.750999 -7.723000 73.276001
c<C>r<123>R<PRO> 77.464996 -9.573000 73.808998
c<C>r<124>R<GLY> 74.890999 -7.700000 75.848999
c<C>r<125>R<PHE> 73.146004 -9.841000 78.491997
c<C>r<126>R<ASN> 69.781998 -8.127000 78.920998
c<C>r<127>R<LEU> 67.668999 -7.761000 82.059998
c<C>r<128>R<ILE> 64.487000 -5.896000 81.109001
c<C>r<129>R<THR> 62.051998 -6.119000 83.998001
c<C>r<130>R<LYS> 59.778000 -4.396000 86.478996
c<C>r<131>R<VAL> 60.884998 -4.090000 90.121002
