c<A>r<587>R<PHE> 63.676998 13.620000 71.241997
c<A>r<603>R<HIS> 69.210999 16.039000 61.834000
c<A>r<604>R<CYS> 68.725998 14.167000 65.112000
c<A>r<605>R<LEU> 72.455002 13.909000 65.737999
c<A>r<606>R<GLU> 73.194000 17.570000 65.095001
c<A>r<607>R<LYS> 73.814003 18.357000 68.778000
c<A>r<608>R<SER> 76.596001 15.847000 69.428001
c<A>r<609>R<PRO> 79.084999 13.613000 67.555000
c<A>r<687>R<GLU> 53.938000 16.919001 69.019997
c<A>r<688>R<THR> 50.348999 15.812000 69.666000
c<A>r<689>R<GLN> 48.320000 18.759001 68.349998
c<A>r<690>R<GLY> 45.453999 17.363001 70.416000
c<A>r<691>R<THR> 45.889000 15.939000 73.921997
c<A>r<714>R<GLU> 50.591000 24.138000 42.955002
c<A>r<715>R<PHE> 52.382999 21.695999 45.272999
c<A>r<716>R<LEU> 56.116001 21.069000 45.702000
c<A>r<717>R<ASN> 56.959000 22.959999 42.521999
c<A>r<719>R<ARG> 61.716000 20.667000 44.722000
c<A>r<734>R<THR> 46.285999 18.037001 58.257000
c<A>r<735>R<ASP> 48.455002 21.040001 59.083000
c<A>r<736>R<SER> 51.384998 19.670000 61.021999
c<A>r<737>R<CYS> 54.759998 17.989000 60.938999
c<A>r<761>R<TRP> 60.513000 18.047001 58.578999
c<A>r<762>R<GLY> 62.979000 20.186001 56.646999
c<A>r<763>R<LEU> 61.811001 18.469999 53.457001
c<A>r<764>R<GLY> 58.317001 19.780001 54.153000
c<A>r<765>R<CYS> 55.483002 19.125000 56.599998
c<A>r<766>R<ALA> 51.903000 18.233999 55.757000
c<A>r<767>R<ARG> 49.761002 21.275000 54.980999
c<A>r<768>R<PRO> 46.055000 21.530001 54.198002
c<A>r<769>R<ASN> 46.972000 21.302000 50.498001
c<A>r<770>R<LYS> 50.606998 20.139000 50.553001
c<A>r<772>R<GLY> 54.844002 15.983000 53.556000
c<C>r<16>R<SER> 57.740002 25.160000 51.515999
c<C>r<17>R<TYR> 58.403999 27.482000 48.604000
c<C>r<18>R<PHE> 54.985001 29.115999 48.910999
c<C>r<20>R<PRO> 52.198002 28.771999 54.445999
c<C>r<21>R<THR> 48.577000 27.611000 54.376999
c<C>r<22>R<GLY> 47.926998 27.476999 58.118999
c<C>r<23>R<PRO> 49.032001 28.993999 61.459000
c<C>r<24>R<TYR> 52.789001 28.889999 62.073002
c<C>r<47>R<PHE> 57.191002 25.898001 62.081001
c<C>r<48>R<PRO> 53.578999 24.886999 61.476002
c<C>r<49>R<ILE> 51.353001 24.834000 64.556000
c<C>r<50>R<LYS> 47.743999 23.924000 65.103996
c<C>r<51>R<PRO> 45.033001 25.601999 67.195999
c<C>r<52>R<GLY> 44.499001 23.558001 70.327003
c<C>r<53>R<THR> 48.172001 22.851999 70.967003
c<C>r<54>R<THR> 49.557999 24.013000 74.309998
c<C>r<59>R<LYS> 58.332001 23.447001 73.872002
c<C>r<62>R<TYR> 62.847000 23.160999 71.801003
c<C>r<65>R<GLU> 67.117996 24.693001 69.408997
c<C>r<66>R<TRP> 65.473000 23.341000 66.222000
c<C>r<68>R<LEU> 69.651001 26.856001 65.574997
c<C>r<69>R<ASP> 70.166000 23.511999 63.834999
c<C>r<70>R<ALA> 70.160004 25.398001 60.546001
c<C>r<73>R<TYR> 75.529999 26.865000 66.435997
c<C>r<74>R<LYS> 73.609001 23.648001 66.065002
c<C>r<75>R<GLU> 75.436996 21.922001 68.960999
c<C>r<76>R<PHE> 75.183998 24.806000 71.407997
c<C>r<77>R<ARG> 73.107002 24.672001 74.582001
c<C>r<113>R<VAL> 46.952999 28.275000 70.544998
c<C>r<136>R<LYS> 77.944000 22.099001 75.994003
