c<A>r<545>R<SER> 63.042000 -16.392000 64.786003
c<A>r<546>R<PHE> 61.438999 -13.034000 63.969002
c<A>r<547>R<ASP> 61.355999 -11.945000 60.325001
c<A>r<548>R<CYS> 61.320999 -8.212000 59.634998
c<A>r<549>R<GLY> 58.202999 -6.139000 59.005001
c<A>r<550>R<LYS> 55.751999 -8.582000 60.576000
c<A>r<593>R<ILE> 66.616997 -2.488000 60.733002
c<A>r<594>R<SER> 68.751999 -5.163000 62.402000
c<A>r<641>R<GLU> 74.926003 10.084000 55.105999
c<A>r<642>R<PRO> 77.945999 11.247000 53.004002
c<A>r<643>R<THR> 76.009003 13.636000 50.758999
c<A>r<645>R<LYS> 70.887001 13.908000 53.130001
c<A>r<664>R<PRO> 63.202000 -4.962000 62.792000
c<A>r<665>R<ALA> 61.485001 -3.439000 59.783001
c<A>r<666>R<CYS> 62.348999 -4.738000 56.294998
c<A>r<667>R<LEU> 64.398003 -2.703000 53.826000
c<A>r<668>R<PRO> 63.566002 -2.014000 50.140999
c<A>r<669>R<SER> 65.737999 -3.263000 47.304001
c<A>r<670>R<PRO> 68.096001 -0.538000 46.021999
c<A>r<671>R<ASN> 66.393997 2.275000 44.101002
c<A>r<672>R<TYR> 62.959999 0.691000 44.374001
c<A>r<722>R<SER> 65.000999 11.244000 43.448002
c<A>r<723>R<THR> 66.265999 10.922000 47.006001
c<A>r<750>R<LYS> 52.837002 -8.712000 50.241001
c<A>r<751>R<ASP> 53.002998 -10.032000 53.784000
c<A>r<752>R<LYS> 55.271000 -7.483000 55.480999
c<A>r<753>R<TYR> 55.895000 -3.799000 56.123001
c<A>r<754>R<ILE> 58.801998 -2.173000 54.237000
c<A>r<755>R<LEU> 60.536999 0.980000 55.498001
c<A>r<776>R<ARG> 63.474998 7.888000 50.115002
c<A>r<777>R<VAL> 65.124001 4.909000 51.879002
c<A>r<778>R<SER> 65.663002 2.937000 48.636002
c<A>r<779>R<ARG> 68.333000 5.360000 47.404999
c<A>r<780>R<PHE> 70.464996 4.750000 50.497002
c<A>r<781>R<VAL> 70.070000 0.999000 50.782001
c<A>r<782>R<THR> 73.389000 0.244000 49.090000
c<A>r<783>R<TRP> 74.994003 2.795000 51.401001
c<A>r<784>R<ILE> 73.362000 1.325000 54.526001
c<A>r<785>R<GLU> 74.463997 -2.161000 53.529999
c<A>r<786>R<GLY> 78.049004 -1.024000 53.191002
c<A>r<788>R<MET> 76.642998 -2.405000 58.290001
c<A>r<789>R<ARG> 79.056999 -4.623000 56.355999
c<C>r<16>R<SER> 74.846001 6.024000 48.405998
c<C>r<17>R<TYR> 72.428001 8.276000 46.563999
c<C>r<18>R<PHE> 74.819000 8.733000 43.643002
c<C>r<20>R<PRO> 79.108002 4.324000 42.812000
c<C>r<26>R<MET> 75.640999 -6.172000 42.081001
c<C>r<28>R<ASN> 70.203003 -9.586000 41.740002
c<C>r<41>R<SER> 61.437000 -11.139000 43.372002
c<C>r<42>R<PRO> 64.786003 -10.040000 41.890999
c<C>r<43>R<HIS> 66.130997 -7.910000 44.650002
c<C>r<44>R<TYR> 68.859001 -5.358000 43.691002
c<C>r<45>R<VAL> 71.757004 -4.666000 46.101002
c<C>r<46>R<GLU> 75.237999 -3.187000 45.558998
c<C>r<47>R<PHE> 78.369003 -3.944000 47.564999
c<C>r<48>R<PRO> 81.690002 -2.201000 46.957001
c<C>r<63>R<TYR> 76.851997 -11.539000 50.092999
c<C>r<66>R<TRP> 73.567001 -9.877000 53.396000
c<C>r<67>R<ALA> 71.300003 -9.009000 50.459000
c<C>r<68>R<LEU> 68.364998 -10.939000 51.965000
c<C>r<69>R<ASP> 68.702003 -8.974000 55.205002
c<C>r<70>R<ALA> 66.916000 -6.113000 53.473000
c<C>r<71>R<THR> 63.923000 -8.466000 52.984001
c<C>r<72>R<ALA> 61.271999 -10.415000 54.875000
c<C>r<73>R<TYR> 63.570999 -13.432000 54.438000
c<C>r<74>R<LYS> 66.389000 -12.088000 56.543999
c<C>r<75>R<GLU> 66.418999 -15.117000 58.896000
c<C>r<76>R<PHE> 66.263000 -17.764999 56.187000
c<C>r<135>R<LYS> 63.605000 -21.538000 57.472000
c<C>r<136>R<LYS> 66.415001 -22.527000 59.831001
