c<A>r<545>R<SER> 63.042000 -16.392000 64.786003
c<A>r<546>R<PHE> 61.438999 -13.034000 63.969002
c<A>r<547>R<ASP> 61.355999 -11.945000 60.325001
c<A>r<550>R<LYS> 55.751999 -8.582000 60.576000
c<A>r<552>R<GLN> 52.814999 -9.704000 66.278000
c<A>r<553>R<VAL> 50.146000 -7.222000 67.347000
c<A>r<554>R<GLU> 48.175999 -6.243000 64.234001
c<A>r<555>R<PRO> 48.208000 -2.467000 63.528999
c<A>r<556>R<LYS> 45.063999 -0.415000 64.082001
c<A>r<557>R<LYS> 45.507000 0.858000 60.498001
c<A>r<558>R<CYS> 44.089001 4.343000 61.108002
c<A>r<559>R<PRO> 41.588001 5.323000 58.366001
c<A>r<566>R<CYS> 45.219002 7.455000 65.731003
c<A>r<567>R<VAL> 46.852001 6.100000 68.870003
c<A>r<568>R<ALA> 48.566002 2.926000 67.676003
c<A>r<569>R<HIS> 47.799999 -0.528000 69.056000
c<A>r<570>R<PRO> 50.521999 -1.086000 71.622002
c<A>r<674>R<VAL> 57.241001 2.673000 45.886002
c<A>r<675>R<ALA> 54.196999 2.740000 43.605999
c<A>r<677>R<ARG> 49.091000 5.698000 45.858002
c<A>r<678>R<THR> 50.547001 2.831000 47.893002
c<A>r<679>R<GLU> 49.171001 2.966000 51.419998
c<A>r<680>R<CYS> 51.796001 3.781000 54.042999
c<A>r<747>R<CYS> 54.306000 0.615000 53.521999
c<A>r<748>R<PHE> 52.812000 -2.848000 53.508999
c<A>r<749>R<GLU> 53.719002 -5.029000 50.568001
c<A>r<750>R<LYS> 52.837002 -8.712000 50.241001
c<A>r<751>R<ASP> 53.002998 -10.032000 53.784000
c<A>r<752>R<LYS> 55.271000 -7.483000 55.480999
c<A>r<753>R<TYR> 55.895000 -3.799000 56.123001
c<C>r<16>R<SER> 48.639000 -7.515000 46.882000
c<C>r<17>R<TYR> 51.303001 -4.866000 47.330002
c<C>r<18>R<PHE> 48.978001 -2.633000 49.347000
c<C>r<19>R<GLU> 47.130001 -2.933000 52.652000
c<C>r<20>R<PRO> 44.199001 -5.394000 52.185001
c<C>r<26>R<MET> 46.403000 -13.990000 58.817001
c<C>r<28>R<ASN> 51.401001 -17.146000 61.348000
c<C>r<30>R<THR> 55.638000 -22.400999 63.256001
c<C>r<38>R<GLU> 61.472000 -26.207001 64.716003
c<C>r<40>R<LEU> 59.931000 -23.636999 59.790001
c<C>r<41>R<SER> 59.924999 -20.188000 61.431999
c<C>r<42>R<PRO> 56.726002 -18.132000 61.834000
c<C>r<43>R<HIS> 55.646000 -17.775999 58.275002
c<C>r<44>R<TYR> 53.236000 -14.871000 57.481998
c<C>r<45>R<VAL> 50.443001 -15.358000 54.903999
c<C>r<46>R<GLU> 47.160999 -13.498000 54.306000
c<C>r<89>R<VAL> 40.783001 -10.442000 66.082001
c<C>r<90>R<THR> 41.861000 -7.201000 67.771004
c<C>r<91>R<TYR> 40.535999 -3.761000 66.889999
c<C>r<92>R<TYR> 40.005001 -0.315000 68.386002
c<C>r<97>R<LYS> 37.922001 4.452000 72.612000
c<C>r<99>R<GLU> 40.796001 -1.978000 72.216003
c<C>r<120>R<ILE> 37.324001 -1.501000 60.952000
c<C>r<121>R<LYS> 37.084999 -2.212000 57.233002
c<C>r<122>R<ASN> 39.969002 -4.689000 57.000000
c<C>r<123>R<PRO> 40.104000 -6.630000 60.272999
c<C>r<124>R<GLY> 42.825001 -9.250000 60.466000
c<C>r<125>R<PHE> 41.666000 -12.587000 61.924999
c<C>r<126>R<ASN> 44.848000 -14.040000 63.410999
c<C>r<128>R<ILE> 49.298000 -17.773001 65.425003
