c<A>r<545>R<SER> 63.042000 -16.392000 64.786003
c<A>r<546>R<PHE> 61.438999 -13.034000 63.969002
c<A>r<547>R<ASP> 61.355999 -11.945000 60.325001
c<A>r<548>R<CYS> 61.320999 -8.212000 59.634998
c<A>r<549>R<GLY> 58.202999 -6.139000 59.005001
c<A>r<550>R<LYS> 55.751999 -8.582000 60.576000
c<A>r<593>R<ILE> 66.616997 -2.488000 60.733002
c<A>r<594>R<SER> 68.751999 -5.163000 62.402000
c<A>r<595>R<PRO> 69.397003 -6.065000 66.071999
c<A>r<596>R<GLU> 72.550003 -3.911000 66.088997
c<A>r<611>R<PRO> 77.573997 8.060000 70.308998
c<A>r<612>R<SER> 77.516998 8.096000 74.096001
c<A>r<629>R<HIS> 59.827000 -4.592000 79.536003
c<A>r<631>R<GLN> 64.934998 -2.151000 76.289001
c<A>r<634>R<GLU> 73.417999 2.902000 74.389000
c<A>r<635>R<VAL> 74.661003 3.877000 70.915001
c<A>r<636>R<SER> 78.214996 2.791000 70.058998
c<A>r<637>R<ARG> 78.875999 4.436000 66.672997
c<A>r<651>R<LYS> 75.213997 1.133000 65.807999
c<A>r<652>R<LEU> 73.879997 -0.306000 69.035004
c<A>r<653>R<SER> 76.637001 -1.030000 71.528999
c<A>r<654>R<SER> 74.666000 -4.191000 72.235001
c<A>r<655>R<PRO> 72.260002 -6.244000 70.042999
c<A>r<656>R<ALA> 68.546997 -5.710000 70.459000
c<A>r<657>R<VAL> 66.725998 -8.681000 71.966003
c<A>r<658>R<ILE> 64.171997 -9.586000 69.292000
c<A>r<659>R<THR> 60.856998 -10.190000 71.023003
c<A>r<660>R<ASP> 57.147999 -9.938000 70.233002
c<A>r<663>R<ILE> 61.214001 -6.585000 65.633003
c<A>r<664>R<PRO> 63.202000 -4.962000 62.792000
c<A>r<665>R<ALA> 61.485001 -3.439000 59.783001
c<A>r<666>R<CYS> 62.348999 -4.738000 56.294998
c<A>r<667>R<LEU> 64.398003 -2.703000 53.826000
c<A>r<669>R<SER> 65.737999 -3.263000 47.304001
c<A>r<751>R<ASP> 53.002998 -10.032000 53.784000
c<A>r<752>R<LYS> 55.271000 -7.483000 55.480999
c<A>r<754>R<ILE> 58.801998 -2.173000 54.237000
c<A>r<788>R<MET> 76.642998 -2.405000 58.290001
c<A>r<789>R<ARG> 79.056999 -4.623000 56.355999
c<A>r<790>R<ASN> 82.157997 -2.657000 57.408001
c<A>r<791>R<ASN> 81.223999 -1.959000 61.021999
c<C>r<16>R<SER> 63.404999 -17.445999 76.816002
c<C>r<17>R<TYR> 61.153999 -14.511000 77.612999
c<C>r<18>R<PHE> 63.994999 -12.554000 79.212997
c<C>r<19>R<GLU> 67.308998 -11.132000 78.022003
c<C>r<20>R<PRO> 69.762001 -14.058000 77.483002
c<C>r<26>R<MET> 72.047997 -14.105000 66.642998
c<C>r<27>R<VAL> 71.022003 -15.265000 63.153000
c<C>r<28>R<ASN> 69.376999 -12.550000 61.005001
c<C>r<29>R<VAL> 68.894997 -14.134000 57.581001
c<C>r<30>R<THR> 67.203003 -13.017000 54.352001
c<C>r<38>R<GLU> 63.317001 -12.304000 48.431000
c<C>r<40>R<LEU> 61.852001 -14.635000 53.498001
c<C>r<41>R<SER> 62.425999 -11.336000 55.335999
c<C>r<42>R<PRO> 65.184998 -10.917000 57.951000
c<C>r<43>R<HIS> 64.223000 -13.533000 60.438999
c<C>r<44>R<TYR> 65.617996 -13.119000 64.011002
c<C>r<45>R<VAL> 66.692001 -16.207001 66.010002
c<C>r<46>R<GLU> 69.017998 -16.629999 69.011002
c<C>r<66>R<TRP> 67.689003 -24.499001 62.282001
c<C>r<67>R<ALA> 66.614998 -20.858000 61.956001
c<C>r<68>R<LEU> 64.558998 -21.591999 58.820000
c<C>r<69>R<ASP> 62.678001 -24.337000 60.665001
c<C>r<70>R<ALA> 60.613998 -21.608999 62.299999
c<C>r<71>R<THR> 59.477001 -20.561001 58.785999
c<C>r<84>R<SER> 81.338997 -11.990000 52.299999
c<C>r<85>R<ALA> 79.216003 -12.785000 55.390999
c<C>r<86>R<LYS> 81.122002 -12.576000 58.722000
c<C>r<88>R<GLU> 80.470001 -9.881000 64.223000
c<C>r<89>R<VAL> 80.310997 -8.893000 67.874001
c<C>r<90>R<THR> 80.004997 -5.303000 69.111000
c<C>r<91>R<TYR> 80.388000 -4.222000 72.723999
c<C>r<92>R<TYR> 81.333000 -1.214000 74.834999
c<C>r<93>R<ASP> 84.745003 -1.563000 76.477997
c<C>r<97>R<LYS> 84.906998 3.946000 77.183998
c<C>r<98>R<LYS> 84.834999 2.984000 73.485001
c<C>r<99>R<GLU> 82.790001 0.662000 71.310997
c<C>r<100>R<GLU> 84.755997 -2.243000 69.901001
c<C>r<101>R<THR> 83.707001 -4.547000 67.056999
c<C>r<102>R<LYS> 85.322998 -7.915000 66.294998
c<C>r<103>R<SER> 84.677002 -9.906000 63.106998
c<C>r<120>R<ILE> 79.844002 -8.046000 78.704002
c<C>r<122>R<ASN> 75.803001 -11.821000 77.220001
c<C>r<123>R<PRO> 77.552002 -10.740000 74.014999
c<C>r<124>R<GLY> 75.556000 -11.276000 70.848000
c<C>r<125>R<PHE> 77.575996 -12.788000 67.976997
c<C>r<126>R<ASN> 75.764000 -11.533000 64.880997
c<C>r<128>R<ILE> 73.336998 -10.893000 59.269001
c<C>r<129>R<THR> 73.416000 -12.267000 55.742001
