1766170075360 0.14445799589157104 33
1766170090015 0.12128469347953796 67
1766170105232 0.12895183265209198 101
1766170120285 0.11969408392906189 135
1766170135241 0.10007376968860626 169
1766170150383 0.09565073996782303 203
1766170165162 0.07983269542455673 237
1766170179845 0.08896180242300034 271
1766170195123 0.07173663377761841 305
1766170209927 0.11037459969520569 339
1766170224867 0.0988340899348259 373
1766170239858 0.08063168823719025 407
1766170254860 0.083613321185112 441
1766170270398 0.09296980500221252 475
1766170285247 0.07935535907745361 509
1766170300193 0.07272624969482422 543
1766170315686 0.07713011652231216 577
1766170330782 0.06800001859664917 611
1766170345632 0.09303116053342819 645
1766170360189 0.06665536016225815 679
1766170375267 0.0630459263920784 713
1766170390596 0.06313387304544449 747
1766170405651 0.06531823426485062 781
1766170420460 0.07918058335781097 815
1766170435715 0.07568399608135223 849
1766170451077 0.06852344423532486 883
1766170466126 0.08483400195837021 917
1766170481259 0.0678442046046257 951
1766170496377 0.05537810176610947 985
1766170511286 0.057196807116270065 1019
1766170526563 0.06577050685882568 1053
1766170542006 0.06956779956817627 1087
1766170556895 0.0692465677857399 1121
1766170571748 0.06196307763457298 1155
1766170587149 0.05700252205133438 1189
1766170602645 0.06607507914304733 1223
1766170619553 0.06672967225313187 1257
1766170636291 0.05349543318152428 1291
1766170652487 0.0615234300494194 1325
1766170668165 0.052943967282772064 1359
1766170683991 0.06486126780509949 1393
1766170699716 0.0564693920314312 1427
1766170715848 0.056836843490600586 1461
1766170731074 0.06161107122898102 1495
1766170747275 0.05434369295835495 1529
1766170763455 0.0491325780749321 1563
1766170779869 0.05722413957118988 1597
1766170795752 0.06135278940200806 1631
1766170811697 0.07682076096534729 1665
1766170826872 0.05425763502717018 1699
1766170842435 0.05934751406311989 1733
1766170858289 0.05147114023566246 1767
1766170874547 0.051982901990413666 1801
1766170889907 0.047328636050224304 1835
1766170905869 0.06094241514801979 1869
1766170921636 0.050606001168489456 1903
1766170937842 0.05163296312093735 1937
1766170955006 0.0629553347826004 1971
1766170971908 0.062231291085481644 2005
1766170987695 0.06022746488451958 2039
1766171003240 0.06037276238203049 2073
1766171019323 0.07139044255018234 2107
1766171035353 0.05849067494273186 2141
1766171051645 0.06151263415813446 2175
1766171068348 0.06347576528787613 2209
1766171084709 0.057587020099163055 2243
1766171100475 0.048626240342855453 2277
1766171116245 0.06364214420318604 2311
1766171132601 0.05458672344684601 2345
1766171148989 0.06455113738775253 2379
1766171166813 0.05150807648897171 2413
1766171183885 0.0679168850183487 2447
1766171199386 0.0522572360932827 2481
1766171214596 0.052073318511247635 2515
1766171229999 0.04709811881184578 2549
1766171245548 0.04908841475844383 2583
1766171260769 0.06078018993139267 2617
1766171276044 0.06291144341230392 2651
1766171291186 0.04943924769759178 2685
1766171306303 0.05065367743372917 2719
1766171321949 0.05029737576842308 2753
1766171337273 0.04574553668498993 2787
1766171352663 0.04162191227078438 2821
1766171367816 0.049293484538793564 2855
1766171383447 0.05196741223335266 2889
1766171398541 0.05192107334733009 2923
1766171413622 0.05529795587062836 2957
1766171428605 0.046849075704813004 2991
1766171444273 0.05420868843793869 3025
1766171460104 0.049112290143966675 3059
1766171475474 0.0546623095870018 3093
1766171490780 0.04695723205804825 3127
1766171506308 0.050100188702344894 3161
1766171521507 0.054447613656520844 3195
1766171537474 0.06167462095618248 3229
1766171552650 0.0429888479411602 3263
1766171568180 0.060087740421295166 3297
1766171583476 0.04854748398065567 3331
1766171598965 0.040095604956150055 3365
1766171614204 0.04715539142489433 3399
1766171629432 0.05216676741838455 3433
1766171644855 0.045767467468976974 3467
1766171660195 0.043709155172109604 3501
1766171675355 0.03778507560491562 3535
1766171690367 0.05421961098909378 3569
1766171705308 0.04218586906790733 3603
1766171720302 0.047872062772512436 3637
1766171735166 0.04215477406978607 3671
1766171750441 0.04238421469926834 3705
1766171765593 0.04353775829076767 3739
1766171780576 0.04536852985620499 3773
1766171796092 0.04203619435429573 3807
1766171811269 0.04495001211762428 3841
1766171826560 0.0416700541973114 3875
1766171841654 0.04043750464916229 3909
