c<A>r<16>R<LEU> 3.506000 7.332000 5.682000
c<A>r<17>R<LYS> 4.187000 4.256000 7.905000
c<A>r<18>R<PRO> 1.109000 2.045000 8.254000
c<A>r<19>R<GLU> 1.497000 2.238000 12.058000
c<A>r<20>R<ALA> 1.378000 6.111000 12.187000
c<A>r<21>R<THR> -1.056000 7.457000 14.865000
c<A>r<22>R<PRO> -2.918000 10.815000 15.020000
c<A>r<23>R<SER> -0.440000 11.768000 17.809000
c<A>r<24>R<ASP> 2.499000 10.988000 15.440000
c<A>r<42>R<VAL> 0.549000 12.046000 5.325000
c<A>r<43>R<SER> -1.801000 9.150000 4.503000
c<A>r<44>R<PRO> -5.426000 10.047000 3.508000
c<A>r<45>R<PRO> -7.150000 9.171000 6.896000
c<A>r<46>R<LEU> -4.711000 11.452000 8.677000
c<A>r<63>R<VAL> -0.941000 10.180000 -1.199000
c<A>r<64>R<ALA> -3.463000 8.371000 -3.449000
c<A>r<65>R<GLY> -3.322000 4.683000 -4.421000
c<A>r<66>R<PHE> -0.329000 4.437000 -2.179000
c<A>r<67>R<PRO> 2.032000 2.692000 -2.069000
c<A>r<68>R<SER> 1.277000 -0.146000 -4.500000
c<A>r<69>R<GLY> -0.511000 1.914000 -7.183000
c<A>r<70>R<LYS> -2.553000 -1.187000 -7.752000
c<A>r<71>R<HIS> -5.987000 0.513000 -7.422000
c<A>r<72>R<VAL> -8.387000 1.138000 -10.265000
c<A>r<73>R<PRO> -8.330000 4.752000 -11.553000
c<A>r<74>R<GLY> -11.751000 5.642000 -10.057000
c<A>r<75>R<ILE> -10.627000 4.564000 -6.542000
c<A>r<76>R<LYS> -7.461000 6.727000 -6.788000
c<A>r<78>R<THR> -12.125000 9.402000 -5.217000
c<A>r<79>R<GLU> -9.372000 8.998000 -2.631000
c<A>r<82>R<LEU> -11.651000 13.052000 -0.291000
c<A>r<83>R<ALA> -8.118000 14.047000 0.747000
c<A>r<95>R<ILE> 1.078000 5.032000 -11.141000
c<A>r<96>R<ASP> 0.282000 1.432000 -11.933000
c<A>r<97>R<VAL> 3.869000 0.241000 -12.361000
c<A>r<98>R<GLY> 2.741000 -3.082000 -13.807000
c<A>r<99>R<ALA> 0.755000 -1.333000 -16.548000
c<A>r<100>R<ALA> 3.838000 0.673000 -17.431000
c<A>r<101>R<LEU> 6.023000 -2.440000 -17.506001
c<A>r<102>R<ALA> 3.400000 -4.104000 -19.704000
c<A>r<103>R<GLY> 3.822000 -1.250000 -22.159000
c<A>r<104>R<ASP> 0.191000 -0.020000 -21.622999
c<A>r<129>R<GLU> 8.618000 4.516000 -8.745000
c<A>r<132>R<ALA> 11.518000 -0.180000 -10.221000
c<A>r<133>R<LEU> 11.144000 1.163000 -13.766000
c<A>r<136>R<PHE> 12.800000 -3.833000 -14.716000
c<A>r<163>R<PHE> 8.335000 1.247000 0.015000
c<A>r<164>R<HIS> 9.525000 -0.643000 -3.090000
c<A>r<165>R<PRO> 12.447000 -3.072000 -2.573000
c<B>r<16>R<LEU> 0.714000 -8.714000 -5.136000
c<B>r<17>R<LYS> 3.972000 -7.018000 -6.300000
c<B>r<18>R<PRO> 3.376000 -3.508000 -7.638000
c<B>r<19>R<GLU> 5.228000 -4.506000 -10.831000
c<B>r<20>R<ALA> 2.921000 -7.520000 -11.609000
c<B>r<21>R<THR> 1.681000 -7.573000 -15.263000
c<B>r<22>R<PRO> -1.486000 -9.155000 -16.761000
c<B>r<23>R<SER> 0.859000 -11.818000 -18.264999
c<B>r<24>R<ASP> 2.237000 -12.556000 -14.737000
c<B>r<42>R<VAL> -4.219000 -10.651000 -6.870000
c<B>r<43>R<SER> -4.448000 -6.840000 -6.744000
c<B>r<44>R<PRO> -7.857000 -5.258000 -7.622000
c<B>r<45>R<PRO> -6.983000 -4.076000 -11.230000
c<B>r<46>R<LEU> -5.903000 -7.604000 -12.076000
c<B>r<63>R<VAL> -7.020000 -7.265000 -1.501000
c<B>r<64>R<ALA> -8.648000 -3.992000 -0.356000
c<B>r<65>R<GLY> -6.805000 -1.002000 1.133000
c<B>r<66>R<PHE> -3.650000 -2.933000 0.531000
c<B>r<67>R<PRO> -0.976000 -2.954000 1.768000
c<B>r<68>R<SER> -0.901000 0.116000 4.022000
c<B>r<69>R<GLY> -4.512000 -0.032000 5.264000
c<B>r<70>R<LYS> -4.314000 3.716000 5.333000
c<B>r<71>R<HIS> -7.476000 4.352000 3.244000
c<B>r<72>R<VAL> -10.726000 5.724000 4.579000
c<B>r<73>R<PRO> -13.399000 3.029000 5.178000
c<B>r<74>R<GLY> -15.553000 4.102000 2.196000
c<B>r<75>R<ILE> -12.588000 3.736000 -0.233000
c<B>r<76>R<LYS> -11.847000 0.195000 1.056000
c<B>r<78>R<THR> -15.867000 0.584000 -2.822000
c<B>r<79>R<GLU> -12.619000 -1.130000 -3.806000
c<B>r<82>R<LEU> -15.500000 -3.360000 -7.524000
c<B>r<83>R<ALA> -13.263000 -6.402000 -7.021000
c<B>r<95>R<ILE> -7.055000 -2.825000 8.969000
c<B>r<96>R<ASP> -5.823000 0.625000 9.880000
c<B>r<97>R<VAL> -2.901000 -0.484000 12.050000
c<B>r<98>R<GLY> -2.338000 3.042000 13.338000
c<B>r<99>R<ALA> -5.927000 3.264000 14.590000
c<B>r<100>R<ALA> -5.441000 -0.009000 16.433001
c<B>r<101>R<LEU> -2.165000 1.176000 17.966000
c<B>r<102>R<ALA> -3.920000 4.390000 18.993000
c<B>r<103>R<GLY> -6.419000 2.266000 20.879000
c<B>r<104>R<ASP> -9.354000 3.347000 18.596001
c<B>r<129>R<GLU> -0.617000 -7.240000 10.302000
c<B>r<132>R<ALA> 3.444000 -5.000000 13.636000
c<B>r<133>R<LEU> 0.819000 -5.286000 16.382999
c<B>r<136>R<PHE> 4.467000 -2.161000 18.747000
c<B>r<163>R<PHE> 5.024000 -5.862000 2.977000
c<B>r<164>R<HIS> 5.558000 -4.582000 6.548000
c<B>r<165>R<PRO> 9.183000 -4.468000 7.768000
