c<A>r<1>R<MET> 0.636000 13.951000 2.602000
c<A>r<21>R<LYS> -6.253000 9.654000 -11.846000
c<A>r<24>R<GLY> -5.827000 14.547000 -10.021000
c<A>r<25>R<ILE> -4.046000 13.479000 -6.788000
c<A>r<28>R<ARG> -4.271000 18.472000 -5.081000
c<A>r<29>R<HIS> -0.990000 17.575001 -3.362000
c<A>r<100>R<LEU> 2.461000 6.837000 -3.211000
c<A>r<101>R<LEU> 2.336000 4.042000 -5.820000
c<A>r<102>R<VAL> -0.626000 4.225000 -8.293000
c<A>r<104>R<GLY> -4.413000 -0.730000 -11.959000
c<A>r<105>R<HIS> -6.284000 -3.609000 -10.227000
c<A>r<106>R<HIS> -5.456000 -5.810000 -13.331000
c<A>r<110>R<MET> -2.140000 -7.202000 -7.700000
c<A>r<111>R<SER> -2.105000 -10.909000 -8.714000
c<A>r<112>R<SER> 0.535000 -11.734000 -6.027000
c<A>r<113>R<THR> 0.459000 -11.042000 -2.267000
c<A>r<114>R<ARG> 4.280000 -11.499000 -2.428000
c<A>r<116>R<VAL> 2.197000 -6.278000 -2.919000
c<A>r<117>R<ASN> 4.174000 -6.999000 0.300000
c<A>r<118>R<THR> 7.463000 -5.677000 -1.252000
c<A>r<119>R<ILE> 5.781000 -2.233000 -1.506000
c<A>r<120>R<LYS> 6.431000 -0.391000 1.817000
c<A>r<121>R<ILE> 4.515000 2.797000 0.828000
c<A>r<122>R<ASP> 0.856000 3.673000 0.237000
c<A>r<123>R<MET> -0.625000 2.039000 -2.861000
c<A>r<124>R<LEU> -3.650000 3.378000 -4.743000
c<A>r<125>R<VAL> -5.306000 0.599000 -6.743000
c<A>r<126>R<VAL> -7.548000 1.997000 -9.496000
c<A>r<127>R<PRO> -10.439000 -0.071000 -10.942000
c<A>r<128>R<LEU> -9.991000 -0.373000 -14.722000
c<A>r<129>R<ARG> -12.817000 -1.665000 -16.988001
c<B>r<1>R<MET> -11.876000 14.042000 -5.555000
c<B>r<21>R<LYS> -4.322000 8.243000 7.681000
c<B>r<24>R<GLY> -5.973000 13.001000 6.731000
c<B>r<25>R<ILE> -7.470000 12.123000 3.294000
c<B>r<28>R<ARG> -8.367000 17.216999 2.397000
c<B>r<29>R<HIS> -11.300000 16.045000 0.256000
c<B>r<100>R<LEU> -12.622000 5.181000 -1.789000
c<B>r<101>R<LEU> -11.870000 2.014000 0.220000
c<B>r<102>R<VAL> -8.950000 2.398000 2.710000
c<B>r<104>R<GLY> -4.160000 -2.392000 5.401000
c<B>r<105>R<HIS> -1.996000 -4.997000 3.565000
c<B>r<106>R<HIS> -2.718000 -7.838000 6.086000
c<B>r<107>R<GLN> -2.057000 -11.125000 4.165000
c<B>r<108>R<ASP> -5.575000 -12.482000 4.821000
c<B>r<110>R<TRP> -5.501000 -8.726000 0.542000
c<B>r<111>R<SER> -5.831000 -12.381000 -0.582000
c<B>r<114>R<MET> -8.365000 -10.018000 -4.677000
c<B>r<115>R<SER> -10.290000 -13.343000 -4.847000
c<B>r<117>R<ASN> -12.989000 -9.029000 -7.975000
c<B>r<119>R<ILE> -14.649000 -3.931000 -5.611000
c<B>r<120>R<LYS> -15.257000 -1.424000 -8.467000
c<B>r<121>R<ILE> -13.952000 1.690000 -6.614000
c<B>r<122>R<ASP> -10.522000 3.132000 -5.823000
c<B>r<123>R<MET> -8.637000 1.353000 -3.051000
c<B>r<124>R<LEU> -5.879000 2.775000 -0.860000
c<B>r<125>R<VAL> -3.687000 0.011000 0.571000
c<B>r<126>R<VAL> -1.671000 1.288000 3.538000
c<B>r<127>R<PRO> 1.440000 -0.660000 4.576000
c<B>r<128>R<LEU> 0.962000 -1.807000 8.195000
c<B>r<129>R<ARG> 4.318000 -3.284000 9.468000
