c<A>r<80>R<GLU> -22.010000 1.200000 -11.067000
c<A>r<94>R<TYR> -13.796000 3.601000 -15.721000
c<A>r<95>R<VAL> -13.596000 7.076000 -14.363000
c<A>r<96>R<LYS> -16.497999 9.215000 -13.142000
c<A>r<98>R<SER> -16.231001 14.606000 -11.515000
c<A>r<99>R<ARG> -13.538000 17.150999 -10.831000
c<A>r<100>R<HIS> -12.001000 14.704000 -8.374000
c<A>r<101>R<SER> -12.269000 11.972000 -10.764000
c<A>r<102>R<LEU> -10.057000 13.930000 -13.137000
c<A>r<103>R<GLN> -7.124000 13.592000 -10.798000
c<A>r<104>R<TYR> -7.688000 9.923000 -10.767000
c<A>r<105>R<ALA> -7.748000 9.797000 -14.565000
c<A>r<179>R<VAL> 13.830000 -15.123000 2.226000
c<A>r<180>R<ARG> 16.023001 -16.240000 -0.560000
c<A>r<182>R<ARG> 15.728000 -10.875000 0.124000
c<A>r<183>R<GLU> 19.132999 -12.362000 0.447000
c<A>r<186>R<SER> 16.775000 -5.288000 -1.359000
c<A>r<187>R<LYS> 13.316000 -3.762000 -1.116000
c<A>r<198>R<SER> -7.808000 -12.806000 5.131000
c<A>r<199>R<ASP> -8.864000 -15.892000 6.978000
c<A>r<201>R<ARG> -4.267000 -15.257000 10.692000
c<A>r<202>R<GLY> -0.791000 -14.055000 10.385000
c<A>r<203>R<LEU> 0.056000 -14.877000 6.804000
c<A>r<204>R<SER> 0.377000 -11.185000 5.808000
c<A>r<205>R<ALA> 2.353000 -10.595000 9.022000
c<A>r<206>R<ARG> 4.726000 -13.321000 8.157000
c<A>r<208>R<LEU> 5.952000 -8.498000 5.917000
c<A>r<209>R<LYS> 8.362000 -9.765000 8.490000
c<A>r<210>R<GLN> 10.172000 -11.759000 5.982000
c<A>r<211>R<GLY> 10.824000 -8.733000 3.889000
c<A>r<212>R<ALA> 7.778000 -8.372000 1.665000
c<A>r<213>R<ASN> 7.054000 -4.783000 0.693000
c<A>r<214>R<ASP> 3.353000 -5.291000 0.817000
c<A>r<215>R<PHE> 0.552000 -7.721000 1.077000
c<A>r<216>R<LEU> -2.751000 -8.258000 -0.717000
c<A>r<217>R<ASN> -5.476000 -10.406000 0.792000
c<A>r<218>R<GLN> -7.650000 -12.721000 -1.426000
c<A>r<219>R<PRO> -10.290000 -12.348000 -2.613000
c<A>r<220>R<PHE> -9.372000 -8.875000 -3.996000
c<A>r<221>R<GLU> -10.945000 -6.584000 -6.576000
c<A>r<222>R<PRO> -9.088000 -5.439000 -9.724000
c<A>r<223>R<GLU> -9.022000 -1.916000 -8.244000
c<A>r<224>R<GLU> -7.349000 -3.285000 -5.123000
c<A>r<227>R<CYS> -3.779000 0.163000 -6.119000
c<A>r<228>R<ARG> -1.300000 -2.275000 -4.450000
c<A>r<231>R<HIS> 1.776000 2.049000 -4.835000
c<A>r<232>R<ASN> 4.702000 -0.419000 -4.794000
c<A>r<234>R<GLU> 5.710000 4.365000 -7.296000
c<A>r<235>R<ALA> 7.718000 3.664000 -4.136000
c<A>r<238>R<GLN> 10.886000 7.679000 -5.905000
c<B>r<81>R<GLU> 1.736000 -17.340000 18.209000
c<B>r<95>R<TYR> 8.671000 -8.201000 17.690001
c<B>r<96>R<VAL> 11.501000 -8.794000 15.294000
c<B>r<97>R<LYS> 13.180000 -12.095000 14.470000
c<B>r<99>R<SER> 17.771000 -12.953000 11.350000
c<B>r<100>R<ARG> 19.951000 -10.910000 9.057000
c<B>r<101>R<HIS> 16.819000 -10.008000 7.069000
c<B>r<102>R<SER> 14.986000 -9.204000 10.109000
c<B>r<103>R<LEU> 17.601999 -6.580000 10.891000
c<B>r<104>R<GLN> 16.490000 -4.521000 7.937000
c<B>r<105>R<TYR> 13.018000 -4.721000 9.249000
c<B>r<106>R<ALA> 14.133000 -3.556000 12.677000
c<B>r<180>R<VAL> -15.208000 14.182000 -1.367000
c<B>r<183>R<ARG> -10.506000 16.169001 -1.502000
c<B>r<184>R<GLU> -12.056000 19.448000 -2.399000
c<B>r<187>R<SER> -4.763000 17.070000 -2.338000
c<B>r<188>R<LYS> -3.389000 13.566000 -1.933000
c<B>r<199>R<SER> -13.807000 -7.440000 2.112000
c<B>r<200>R<ASP> -17.325001 -8.694000 1.762000
c<B>r<202>R<ARG> -17.969999 -5.557000 -3.264000
c<B>r<203>R<GLY> -16.698000 -2.295000 -4.456000
c<B>r<204>R<LEU> -16.341999 -0.309000 -1.244000
c<B>r<205>R<SER> -12.535000 -0.068000 -1.644000
c<B>r<206>R<ALA> -13.057000 0.816000 -5.315000
c<B>r<207>R<ARG> -15.379000 3.580000 -4.401000
c<B>r<209>R<LEU> -10.087000 4.962000 -4.337000
c<B>r<210>R<LYS> -12.164000 6.596000 -7.004000
c<B>r<211>R<GLN> -13.230000 9.268000 -4.699000
c<B>r<212>R<GLY> -9.676000 10.202000 -4.007000
c<B>r<213>R<ALA> -8.575000 7.958000 -1.156000
c<B>r<214>R<ASN> -4.861000 7.211000 -1.188000
c<B>r<215>R<ASP> -5.377000 3.716000 0.044000
c<B>r<216>R<PHE> -7.733000 1.237000 1.486000
c<B>r<217>R<LEU> -7.620000 -1.312000 4.328000
c<B>r<218>R<ASN> -10.131000 -4.139000 4.540000
c<B>r<219>R<GLN> -11.567000 -5.269000 7.969000
c<B>r<220>R<PRO> -10.797000 -7.406000 9.792000
c<B>r<221>R<PHE> -7.053000 -6.491000 9.638000
c<B>r<222>R<GLU> -4.034000 -7.394000 11.728000
c<B>r<223>R<PRO> -1.911000 -4.784000 13.538000
c<B>r<224>R<GLU> 0.912000 -5.562000 11.091000
c<B>r<225>R<GLU> -1.431000 -4.816000 8.213000
c<B>r<228>R<CYS> 2.122000 -1.484000 6.828000
c<B>r<229>R<ARG> -0.739000 0.606000 5.311000
c<B>r<232>R<HIS> 3.439000 3.196000 3.285000
c<B>r<233>R<ASN> 1.091000 6.202000 3.084000
c<B>r<235>R<GLU> 6.427000 7.439000 3.465000
c<B>r<236>R<ALA> 4.697000 8.441000 0.222000
c<B>r<239>R<GLN> 8.729000 11.768000 -0.628000
c<B>r<240>R<PHE> 6.941000 14.813000 -1.993000
