c<A>r<2>R<ILE> 1.129000 -15.455000 4.922000
c<A>r<22>R<VAL> -11.769000 -2.638000 6.383000
c<A>r<23>R<ASP> -12.965000 -3.208000 2.793000
c<A>r<24>R<ASN> -14.675000 -6.580000 3.791000
c<A>r<25>R<GLY> -11.465000 -7.724000 5.518000
c<A>r<26>R<ILE> -10.311000 -7.817000 9.154000
c<A>r<47>R<GLN> -4.632000 -8.655000 7.779000
c<A>r<48>R<VAL> -6.405000 -11.544000 9.600000
c<A>r<49>R<LEU> -7.488000 -14.031000 6.975000
c<A>r<50>R<GLN> -8.887000 -16.774000 9.327000
c<A>r<53>R<GLY> -10.443000 -22.031000 10.571000
c<A>r<54>R<GLU> -13.228000 -19.452000 9.732000
c<A>r<55>R<ASN> -12.632000 -16.980000 6.967000
c<A>r<56>R<CYS> -12.798000 -13.362000 8.172000
c<A>r<57>R<ALA> -13.904000 -11.955000 4.841000
c<A>r<58>R<GLY> -17.004000 -9.890000 5.271000
c<A>r<59>R<TRP> -16.891001 -9.915000 9.070000
c<A>r<79>R<THR> -3.870000 -16.966000 9.524000
c<A>r<80>R<ILE> -2.129000 -13.600000 9.008000
c<A>r<81>R<ARG> -1.126000 -11.635000 5.870000
c<A>r<84>R<PRO> -0.487000 -5.559000 2.870000
c<A>r<85>R<PHE> -0.740000 -1.657000 2.834000
c<A>r<86>R<GLU> 2.687000 -0.828000 4.219000
c<A>r<87>R<ARG> 5.835000 0.243000 2.402000
c<A>r<88>R<THR> 9.347000 0.421000 3.723000
c<A>r<89>R<VAL> 11.746000 3.200000 2.697000
c<A>r<90>R<THR> 15.407000 3.228000 3.665000
c<A>r<108>R<ILE> 4.387000 13.140000 6.348000
c<A>r<109>R<THR> 3.549000 16.611000 5.036000
c<A>r<110>R<SER> 6.579000 17.679001 3.097000
c<A>r<111>R<ILE> 9.716000 16.389999 1.344000
c<A>r<112>R<VAL> 12.893000 18.392000 1.263000
c<A>r<113>R<LYS> 14.308000 18.839001 -2.226000
c<A>r<114>R<ASP> 17.361000 16.684000 -3.005000
c<A>r<115>R<SER> 17.160000 15.039000 0.349000
c<A>r<117>R<ALA> 13.768000 11.240000 1.287000
c<A>r<118>R<ALA> 13.414000 12.814000 -2.098000
c<A>r<119>R<ARG> 15.909000 10.434000 -3.748000
c<A>r<120>R<ASN> 14.165000 7.394000 -2.352000
c<A>r<121>R<GLY> 10.675000 8.472000 -3.425000
c<A>r<122>R<LEU> 9.136000 9.125000 0.021000
c<A>r<123>R<LEU> 5.535000 10.263000 -0.315000
c<A>r<124>R<THR> 3.476000 12.848000 1.524000
c<A>r<125>R<ASP> 0.046000 12.049000 2.972000
c<A>r<126>R<HIS> 1.459000 8.851000 4.554000
c<A>r<160>R<MET> 1.048000 3.663000 5.124000
c<A>r<161>R<PRO> -1.286000 5.823000 2.983000
c<A>r<163>R<PHE> -6.519000 7.307000 3.849000
c<A>r<164>R<ILE> -6.020000 3.606000 4.754000
c<B>r<1>R<GLN> 12.916000 -2.447000 -3.288000
c<B>r<3>R<ILE> 13.865000 -0.041000 -8.161000
c<B>r<23>R<VAL> 0.482000 12.191000 -6.516000
c<B>r<24>R<ASP> 1.437000 12.981000 -2.877000
c<B>r<25>R<ASN> 4.617000 14.954000 -4.023000
c<B>r<26>R<GLY> 5.654000 12.015000 -6.213000
c<B>r<27>R<ILE> 5.350000 11.301000 -9.956000
c<B>r<48>R<GLN> 6.637000 5.570000 -9.452000
c<B>r<49>R<VAL> 9.215000 7.756000 -11.304000
c<B>r<50>R<LEU> 11.958000 8.621000 -8.829000
c<B>r<51>R<GLN> 14.289000 10.495000 -11.273000
c<B>r<54>R<GLY> 19.280001 12.350000 -12.898000
c<B>r<55>R<GLU> 16.778999 14.943000 -11.452000
c<B>r<56>R<ASN> 14.663000 13.917000 -8.513000
c<B>r<57>R<CYS> 10.934000 14.022000 -9.259000
c<B>r<58>R<ALA> 9.867000 14.683000 -5.693000
c<B>r<59>R<GLY> 7.603000 17.676001 -5.540000
c<B>r<77>R<THR> 14.698000 5.573000 -12.238000
c<B>r<78>R<ILE> 11.498000 3.643000 -11.543000
c<B>r<79>R<ARG> 9.975000 2.047000 -8.411000
c<B>r<82>R<PRO> 4.437000 0.590000 -4.888000
c<B>r<83>R<PHE> 0.579000 0.562000 -4.352000
c<B>r<84>R<GLU> -0.195000 -2.811000 -5.948000
c<B>r<85>R<ARG> -0.780000 -6.200000 -4.313000
c<B>r<86>R<THR> -0.905000 -9.575000 -6.048000
c<B>r<106>R<ILE> -14.169000 -5.286000 -6.685000
c<B>r<107>R<THR> -17.490000 -4.763000 -4.901000
c<B>r<108>R<SER> -18.146000 -8.023000 -3.196000
c<B>r<109>R<ILE> -16.469000 -11.213000 -1.895000
c<B>r<110>R<VAL> -18.237000 -14.553000 -1.820000
c<B>r<111>R<LYS> -18.099001 -16.297001 1.540000
c<B>r<112>R<ASP> -15.778000 -19.334999 1.650000
c<B>r<113>R<SER> -14.599000 -18.683001 -1.841000
c<B>r<115>R<ALA> -11.169000 -14.947000 -2.904000
c<B>r<116>R<ALA> -12.259000 -15.052000 0.705000
c<B>r<117>R<ARG> -9.520000 -17.551001 1.683000
c<B>r<118>R<ASN> -6.820000 -15.455000 0.077000
c<B>r<119>R<GLY> -7.897000 -12.169000 1.688000
c<B>r<120>R<LEU> -9.156000 -10.343000 -1.415000
c<B>r<121>R<LEU> -10.481000 -6.881000 -0.527000
c<B>r<122>R<THR> -13.367000 -4.819000 -1.811000
c<B>r<123>R<ASP> -12.915000 -1.218000 -3.032000
c<B>r<124>R<HIS> -9.868000 -2.275000 -5.068000
c<B>r<155>R<MET> -4.872000 -1.393000 -6.113000
c<B>r<156>R<PRO> -6.916000 0.531000 -3.501000
c<B>r<158>R<PHE> -8.703000 5.748000 -3.498000
c<B>r<159>R<ILE> -5.151000 5.594000 -4.907000
