c<A>r<4>R<THR> -13.199000 0.240000 -1.166000
c<A>r<5>R<ILE> -11.439000 3.516000 -0.536000
c<A>r<6>R<ASN> -8.077000 3.441000 -2.043000
c<A>r<7>R<VAL> -5.381000 2.481000 0.458000
c<A>r<8>R<THR> -4.199000 5.479000 2.565000
c<A>r<9>R<VAL> -0.444000 5.915000 2.017000
c<A>r<10>R<ILE> 1.354000 7.167000 5.139000
c<A>r<11>R<ASP> 4.814000 8.743000 5.162000
c<A>r<14>R<ALA> 8.192000 12.038000 8.035000
c<A>r<29>R<THR> -0.609000 2.315000 23.743000
c<A>r<30>R<PRO> -3.572000 1.815000 21.356001
c<A>r<39>R<LYS> 0.312000 16.393000 6.184000
c<A>r<40>R<TYR> 1.868000 13.010000 5.650000
c<A>r<41>R<ILE> -1.400000 11.177000 4.853000
c<A>r<42>R<TYR> -1.861000 10.534000 1.181000
c<A>r<43>R<SER> -4.974000 9.294000 -0.554000
c<A>r<44>R<SER> -5.728000 9.194000 -4.251000
c<A>r<45>R<ASP> -8.631000 10.458000 -6.110000
c<A>r<46>R<ASP> -10.647000 7.838000 -7.978000
c<A>r<47>R<PRO> -13.006000 8.687000 -10.611000
c<A>r<48>R<ARG> -15.244000 6.150000 -9.446000
c<A>r<52>R<VAL> -8.969000 13.687000 -2.276000
c<A>r<53>R<ASP> -7.229000 16.806000 -1.052000
c<A>r<54>R<PRO> -4.774000 16.507000 1.638000
c<A>r<68>R<SER> -13.570000 0.137000 3.788000
c<A>r<69>R<PHE> -10.328000 1.792000 4.877000
c<A>r<70>R<PHE> -6.839000 0.354000 4.394000
c<A>r<71>R<CYS> -3.399000 1.876000 4.906000
c<A>r<72>R<ALA> 0.252000 1.186000 4.033000
c<A>r<73>R<SER> 3.486000 3.123000 4.278000
c<A>r<74>R<THR> 5.221000 4.818000 1.303000
c<A>r<75>R<SER> 7.436000 1.645000 1.013000
c<A>r<76>R<ASP> 4.366000 -0.698000 1.000000
c<A>r<77>R<ASN> 5.200000 -1.597000 4.680000
c<A>r<78>R<SER> 8.671000 -2.993000 3.804000
c<A>r<79>R<GLU> 10.955000 -0.355000 5.489000
c<A>r<80>R<TYR> 8.253000 1.439000 7.471000
c<A>r<81>R<ALA> 4.891000 -0.131000 8.138000
c<A>r<82>R<ALA> 1.454000 1.120000 9.132000
c<A>r<83>R<PHE> -1.624000 -0.871000 10.193000
c<A>r<84>R<ILE> -5.140000 0.631000 10.759000
c<A>r<85>R<TYR> -6.576000 -0.864000 13.992000
c<A>r<86>R<ARG> -9.464000 1.518000 14.778000
c<A>r<98>R<HIS> -14.445000 -2.751000 14.666000
c<A>r<99>R<VAL> -11.188000 -3.545000 12.808000
c<A>r<100>R<GLU> -11.154000 -6.669000 10.699000
c<A>r<101>R<VAL> -7.953000 -8.741000 10.593000
c<A>r<102>R<ILE> -7.742000 -11.190000 7.743000
c<A>r<103>R<LYS> -5.082000 -13.884000 7.603000
c<A>r<104>R<LEU> -4.579000 -15.497000 4.259000
c<A>r<105>R<GLN> -2.853000 -18.905001 4.428000
c<A>r<106>R<ASN> -1.788000 -18.635000 0.883000
c<A>r<107>R<ALA> -1.234000 -14.897000 0.095000
c<A>r<108>R<ALA> 0.795000 -14.219000 -3.065000
c<A>r<109>R<GLN> 4.474000 -13.461000 -2.391000
c<A>r<110>R<PRO> 7.300000 -12.390000 -4.715000
c<A>r<111>R<THR> 10.404000 -14.745000 -4.839000
c<A>r<112>R<PRO> 14.109000 -13.650000 -5.227000
c<A>r<113>R<SER> 15.580000 -12.596000 -7.355000
c<A>r<114>R<ASN> 13.021000 -11.697000 -10.161000
c<A>r<115>R<GLY> 9.752000 -11.686000 -8.189000
c<A>r<116>R<TYR> 8.413000 -14.570000 -10.455000
c<A>r<117>R<PRO> 7.605000 -17.316000 -10.306000
c<A>r<118>R<PHE> 5.503000 -16.062000 -7.358000
c<A>r<119>R<THR> 4.813000 -18.301001 -4.370000
c<A>r<120>R<THR> 2.347000 -18.181000 -1.484000
c<A>r<121>R<ALA> 2.676000 -17.853001 2.220000
c<A>r<122>R<PRO> 0.630000 -16.878000 5.306000
c<A>r<123>R<VAL> 0.183000 -13.015000 5.555000
c<A>r<124>R<ALA> -2.103000 -10.971000 7.770000
c<A>r<125>R<PHE> -3.974000 -7.757000 6.681000
c<A>r<126>R<SER> -6.086000 -5.249000 8.546000
c<A>r<127>R<SER> -8.982000 -3.026000 7.440000
c<A>r<145>R<ALA> -2.965000 3.399000 13.015000
c<A>r<146>R<ALA> 0.095000 1.617000 14.535000
c<A>r<147>R<LEU> 3.490000 2.704000 13.060000
c<A>r<148>R<PHE> 6.567000 0.413000 12.803000
c<A>r<149>R<THR> 10.243000 0.880000 11.995000
c<A>r<150>R<LEU> 12.867000 -1.593000 10.753000
c<A>r<154>R<GLY> 17.197001 -5.144000 8.706000
c<A>r<155>R<GLU> 14.917000 -8.152000 9.379000
c<A>r<156>R<LYS> 12.639000 -7.171000 12.146000
c<A>r<157>R<GLN> 9.955000 -4.430000 12.319000
c<A>r<158>R<VAL> 9.401000 -2.977000 15.776000
c<A>r<159>R<LEU> 6.543000 -0.857000 17.106001
c<B>r<4>R<THR> 10.895000 6.848000 -2.340000
c<B>r<5>R<ILE> 7.988000 7.399000 -4.679000
c<B>r<6>R<ASN> 4.911000 6.769000 -2.819000
c<B>r<7>R<VAL> 3.452000 3.352000 -3.407000
c<B>r<8>R<THR> 1.451000 3.154000 -6.682000
c<B>r<9>R<VAL> -2.105000 2.051000 -5.874000
c<B>r<10>R<ILE> -3.624000 -0.172000 -8.562000
c<B>r<11>R<ASP> -7.327000 -0.858000 -8.953000
c<B>r<14>R<ALA> -11.205000 -2.442000 -12.543000
c<B>r<29>R<THR> 3.962000 -14.686000 -18.840000
c<B>r<30>R<PRO> 6.288000 -11.997000 -17.392000
c<B>r<39>R<LYS> -6.728000 4.909000 -15.742000
c<B>r<40>R<TYR> -6.654000 2.617000 -12.765000
c<B>r<41>R<ILE> -3.132000 3.592000 -11.623000
c<B>r<42>R<TYR> -3.165000 5.972000 -8.726000
c<B>r<43>R<SER> -0.253000 7.906000 -7.365000
c<B>r<44>R<SER> -0.314000 10.641000 -4.724000
c<B>r<45>R<ASP> 1.288000 13.955000 -4.703000
c<B>r<46>R<ASP> 3.966000 14.430000 -2.107000
c<B>r<47>R<PRO> 5.345000 17.677999 -1.219000
c<B>r<48>R<ARG> 8.623000 16.278000 -0.875000
c<B>r<52>R<VAL> 0.638000 14.297000 -9.863000
c<B>r<54>R<ASN> -4.734000 16.183001 -13.205000
c<B>r<56>R<PRO> -3.125000 10.084000 -12.538000
c<B>r<70>R<SER> 12.234000 3.519000 -5.831000
c<B>r<71>R<PHE> 8.879000 2.252000 -7.091000
c<B>r<72>R<PHE> 6.436000 0.187000 -5.063000
c<B>r<73>R<CYS> 2.863000 -0.887000 -5.793000
c<B>r<74>R<ALA> -0.144000 -2.342000 -3.956000
c<B>r<75>R<SER> -3.798000 -2.890000 -4.788000
c<B>r<76>R<THR> -6.644000 -0.689000 -3.471000
c<B>r<77>R<SER> -7.178000 -3.324000 -0.682000
c<B>r<78>R<ASP> -3.448000 -3.254000 0.306000
c<B>r<79>R<ASN> -2.984000 -6.654000 -1.521000
c<B>r<80>R<SER> -5.550000 -8.468000 0.685000
c<B>r<81>R<GLU> -8.459000 -9.120000 -1.793000
c<B>r<82>R<TYR> -6.509000 -8.205000 -4.934000
c<B>r<83>R<ALA> -2.746000 -8.014000 -5.030000
c<B>r<84>R<ALA> -0.157000 -6.401000 -7.285000
c<B>r<85>R<PHE> 3.631000 -6.860000 -7.299000
c<B>r<86>R<ILE> 6.095000 -4.776000 -9.409000
c<B>r<87>R<TYR> 8.679000 -7.149000 -10.965000
c<B>r<88>R<ARG> 10.236000 -4.992000 -13.714000
c<B>r<100>R<HIS> 16.490999 -5.073000 -11.714000
c<B>r<101>R<VAL> 13.656000 -5.768000 -9.218000
c<B>r<102>R<GLU> 14.650000 -6.147000 -5.605000
c<B>r<103>R<VAL> 12.816000 -8.748000 -3.496000
c<B>r<104>R<ILE> 13.189000 -8.334000 0.217000
c<B>r<105>R<LYS> 12.103000 -11.001000 2.695000
c<B>r<106>R<LEU> 11.754000 -9.885000 6.260000
c<B>r<107>R<GLN> 11.843000 -12.741000 8.790000
c<B>r<108>R<ASN> 10.102000 -10.667000 11.329000
c<B>r<109>R<ALA> 7.746000 -8.242000 9.448000
c<B>r<110>R<ALA> 5.050000 -6.641000 11.624000
c<B>r<111>R<GLN> 1.652000 -8.355000 11.369000
c<B>r<112>R<PRO> -1.748000 -7.453000 12.839000
c<B>r<113>R<THR> -3.379000 -10.155000 15.133000
c<B>r<114>R<PRO> -7.169000 -10.968000 15.401000
c<B>r<115>R<SER> -9.332000 -9.576000 16.507000
c<B>r<116>R<ASN> -8.096000 -5.989000 17.375000
c<B>r<117>R<GLY> -4.883000 -5.834000 15.324000
c<B>r<118>R<TYR> -2.855000 -5.350000 18.612000
c<B>r<119>R<PRO> -0.856000 -6.665000 20.202000
c<B>r<120>R<PHE> 0.969000 -6.964000 16.855000
c<B>r<121>R<THR> 3.207000 -9.940000 16.108000
c<B>r<122>R<THR> 5.842000 -10.709000 13.501000
c<B>r<123>R<ALA> 6.129000 -13.172000 10.718000
c<B>r<124>R<PRO> 8.073000 -13.764000 7.485000
c<B>r<125>R<VAL> 6.746000 -11.514000 4.583000
c<B>r<126>R<ALA> 8.221000 -10.789000 1.183000
c<B>r<127>R<PHE> 8.159000 -7.358000 -0.597000
c<B>r<128>R<SER> 9.196000 -6.214000 -4.048000
c<B>r<129>R<SER> 10.452000 -2.853000 -5.349000
c<B>r<147>R<ALA> 3.398000 -5.712000 -12.454000
c<B>r<148>R<ALA> 1.851000 -9.164000 -11.713000
c<B>r<149>R<LEU> -1.875000 -9.096000 -10.730000
c<B>r<150>R<PHE> -3.526000 -11.642000 -8.373000
c<B>r<151>R<THR> -7.091000 -12.495000 -7.393000
c<B>r<152>R<LEU> -8.467000 -14.285000 -4.323000
c<B>r<156>R<GLY> -10.982000 -16.915001 0.384000
c<B>r<157>R<GLU> -7.511000 -18.066000 1.504000
c<B>r<158>R<LYS> -5.438000 -18.327000 -1.570000
c<B>r<159>R<GLN> -4.329000 -15.646000 -4.076000
c<B>r<160>R<VAL> -3.849000 -16.908001 -7.632000
c<B>r<161>R<LEU> -2.085000 -15.287000 -10.569000
