c<B>r<202>R<PRO> -14.144000 -19.662001 -6.830000
c<B>r<203>R<ALA> -14.227000 -17.546000 -3.718000
c<B>r<204>R<GLY> -16.797001 -15.217000 -5.154000
c<B>r<205>R<ALA> -19.549000 -16.353001 -2.838000
c<B>r<206>R<ARG> -17.589001 -14.950000 0.148000
c<B>r<207>R<TYR> -17.568001 -11.483000 -1.359000
c<B>r<208>R<GLU> -20.948000 -11.449000 -3.128000
c<B>r<209>R<ALA> -22.777000 -9.610000 -0.382000
c<B>r<333>R<ASN> 1.888000 -12.056000 10.540000
c<B>r<334>R<HIS> 3.343000 -13.841000 13.660000
c<B>r<368>R<PHE> -2.079000 -15.399000 1.029000
c<B>r<369>R<ASP> -3.432000 -16.450001 4.473000
c<B>r<370>R<ARG> -0.363000 -15.027000 6.233000
c<B>r<371>R<ILE> -0.673000 -11.765000 4.159000
c<B>r<372>R<VAL> -4.313000 -11.386000 5.247000
c<B>r<373>R<ASP> -3.397000 -12.273000 8.877000
c<B>r<374>R<GLU> -0.665000 -9.613000 8.999000
c<B>r<375>R<VAL> -3.160000 -6.980000 7.764000
c<B>r<376>R<GLN> -5.673000 -8.256000 10.313000
c<B>r<377>R<GLY> -3.030000 -7.995000 13.072000
c<B>r<378>R<PHE> -2.165000 -4.459000 11.897000
c<B>r<379>R<PHE> -5.875000 -3.388000 12.225000
c<B>r<380>R<GLU> -6.173000 -5.106000 15.634000
c<B>r<381>R<VAL> -3.198000 -3.145000 16.959000
c<B>r<382>R<HIS> -4.577000 0.187000 15.772000
c<B>r<383>R<ARG> -8.078000 -0.524000 17.003000
c<B>r<384>R<ALA> -6.707000 -1.459000 20.396999
c<B>r<410>R<LEU> -11.166000 -8.574000 3.226000
c<B>r<411>R<VAL> -9.600000 -5.258000 4.162000
c<B>r<412>R<ALA> -12.908000 -3.515000 3.333000
c<B>r<413>R<GLU> -14.582000 -5.832000 5.881000
c<B>r<414>R<MET> -11.891000 -4.859000 8.492000
c<B>r<415>R<LEU> -12.503000 -1.173000 7.828000
c<B>r<416>R<ARG> -16.426001 -1.581000 8.398000
c<D>r<32>R<MET> -3.091000 -19.285999 16.809999
c<D>r<35>R<GLY> 1.541000 -20.275999 14.968000
c<D>r<36>R<GLY> -1.353000 -20.462000 12.458000
c<D>r<37>R<THR> -3.457000 -17.652000 11.002000
c<D>r<38>R<ARG> -6.650000 -16.350000 12.511000
c<D>r<39>R<LEU> -8.237000 -16.778999 9.181000
c<D>r<40>R<VAL> -7.957000 -19.830000 6.911000
c<D>r<41>R<HIS> -9.365000 -18.688999 3.659000
c<D>r<42>R<SER> -9.870000 -22.243999 2.117000
c<D>r<44>R<GLU> -14.103000 -20.504999 5.140000
c<D>r<45>R<MET> -14.828000 -21.225000 1.467000
c<D>r<46>R<LYS> -15.765000 -24.798000 2.319000
c<D>r<47>R<VAL> -18.270000 -23.631001 4.973000
c<D>r<48>R<ILE> -19.784000 -21.153000 2.544000
c<D>r<49>R<GLU> -20.098000 -23.816999 -0.105000
c<D>r<52>R<SER> -24.921000 -22.785999 -0.742000
c<D>r<56>R<PRO> -27.886999 -16.799999 -1.849000
c<D>r<57>R<ASP> -29.191000 -16.437000 1.704000
c<D>r<59>R<LYS> -24.120001 -18.100000 1.870000
c<D>r<60>R<ASP> -24.983000 -15.063000 4.058000
c<D>r<62>R<ALA> -22.575001 -19.261999 6.503000
c<D>r<63>R<ILE> -20.735001 -15.911000 6.740000
c<D>r<72>R<ARG> -15.129000 -9.730000 13.005000
c<D>r<73>R<LEU> -11.980000 -9.337000 10.947000
c<D>r<74>R<GLY> -9.630000 -6.663000 12.316000
c<D>r<75>R<HIS> -11.295000 -6.669000 15.846000
