c<A>r<32>R<ASP> 14.657000 -3.964000 0.587000
c<A>r<33>R<TYR> 14.491000 -7.689000 1.512000
c<A>r<34>R<ILE> 10.725000 -7.851000 2.058000
c<A>r<35>R<THR> 8.688000 -10.068000 -0.337000
c<A>r<36>R<PRO> 4.893000 -10.354000 -0.452000
c<A>r<37>R<ALA> 5.107000 -13.990000 0.818000
c<A>r<46>R<ALA> 3.335000 -3.422000 2.698000
c<A>r<47>R<ILE> 6.323000 -3.354000 0.445000
c<A>r<48>R<LEU> 7.483000 0.240000 0.484000
c<A>r<49>R<GLU> 9.034000 2.096000 -2.358000
c<A>r<50>R<SER> 12.488000 2.205000 -0.761000
c<A>r<51>R<HIS> 13.754000 5.494000 -2.176000
c<A>r<52>R<ASP> 10.654000 7.425000 -1.410000
c<A>r<137>R<TYR> 24.695999 -13.892000 -1.698000
c<A>r<145>R<HIS> 16.502001 -19.674999 1.305000
c<A>r<146>R<GLU> 17.865999 -16.384001 0.176000
c<A>r<147>R<LEU> 17.747999 -14.856000 3.621000
c<A>r<337>R<SER> -18.400000 10.869000 8.408000
c<A>r<338>R<GLN> -17.650999 7.303000 9.531000
c<A>r<339>R<MET> -15.785000 6.858000 6.249000
c<A>r<340>R<GLU> -13.565000 9.887000 6.946000
c<A>r<341>R<ILE> -12.819000 8.564000 10.440000
c<A>r<342>R<GLU> -11.944000 5.079000 9.157000
c<A>r<343>R<ARG> -9.730000 6.372000 6.326000
c<A>r<344>R<GLU> -7.650000 8.722000 8.496000
c<A>r<345>R<THR> -7.532000 6.174000 11.379000
c<A>r<346>R<HIS> -6.111000 3.624000 8.836000
c<A>r<347>R<PHE> -3.173000 5.901000 8.257000
c<A>r<365>R<ARG> -2.310000 12.992000 4.074000
c<A>r<366>R<ASN> -4.495000 13.286000 7.177000
c<A>r<386>R<ASN> 2.718000 8.195000 1.601000
c<A>r<387>R<GLN> 5.278000 5.381000 1.687000
c<A>r<390>R<LEU> 2.027000 2.015000 4.508000
c<B>r<32>R<ASP> -12.293000 8.597000 -2.009000
c<B>r<33>R<TYR> -15.101000 6.375000 -0.641000
c<B>r<34>R<ILE> -12.958000 3.306000 0.054000
c<B>r<35>R<THR> -12.606000 2.208000 3.715000
c<B>r<36>R<PRO> -10.350000 -0.572000 5.006000
c<B>r<37>R<ALA> -13.459000 -2.670000 5.934000
c<B>r<46>R<ALA> -5.237000 -0.458000 -0.847000
c<B>r<47>R<ILE> -6.486000 2.943000 0.075000
c<B>r<48>R<LEU> -4.660000 5.293000 -2.250000
c<B>r<49>R<GLU> -3.530000 8.755000 -1.455000
c<B>r<50>R<SER> -6.105000 10.417000 -3.715000
c<B>r<51>R<HIS> -4.156000 13.509000 -4.747000
c<B>r<52>R<ASP> -0.999000 11.686000 -5.565000
c<B>r<137>R<TYR> -25.191000 12.807000 2.471000
c<B>r<145>R<HIS> -24.957001 2.817000 5.538000
c<B>r<146>R<GLU> -23.139999 5.808000 4.238000
c<B>r<147>R<LEU> -22.927999 4.487000 0.717000
c<B>r<337>R<SER> 17.326000 -13.085000 -7.193000
c<B>r<338>R<GLN> 13.979000 -14.682000 -6.321000
c<B>r<339>R<MET> 13.366000 -11.725000 -4.005000
c<B>r<340>R<GLU> 13.931000 -9.224000 -6.835000
c<B>r<341>R<ILE> 11.546000 -11.173000 -9.075000
c<B>r<342>R<GLU> 8.836000 -11.335000 -6.396000
c<B>r<343>R<ARG> 9.125000 -7.637000 -5.484000
c<B>r<344>R<GLU> 8.890000 -6.330000 -9.056000
c<B>r<345>R<THR> 6.193000 -8.920000 -9.969000
c<B>r<346>R<HIS> 4.161000 -7.595000 -6.947000
c<B>r<347>R<PHE> 4.075000 -4.189000 -8.546000
c<B>r<365>R<ARG> 9.762000 1.744000 -9.376000
c<B>r<366>R<ASN> 10.525000 -1.385000 -11.391000
c<B>r<386>R<ASN> 3.796000 4.671000 -6.156000
c<B>r<387>R<GLN> 0.106000 5.252000 -5.405000
c<B>r<390>R<LEU> -1.005000 -0.063000 -4.903000
