c<A>r<7>R<LYS> 2.512000 -6.748000 -18.733999
c<A>r<10>R<LYS> 0.928000 -1.857000 -19.480000
c<A>r<11>R<THR> 2.209000 -1.263000 -15.895000
c<A>r<14>R<PHE> -0.481000 3.055000 -16.177999
c<A>r<15>R<PHE> 2.301000 4.467000 -13.903000
c<A>r<18>R<GLN> -0.972000 8.227000 -12.530000
c<A>r<21>R<LEU> -2.744000 12.985000 -12.909000
c<A>r<22>R<PHE> -0.446000 13.918000 -9.970000
c<A>r<25>R<GLN> -4.484000 18.205000 -10.395000
c<A>r<28>R<TRP> -4.951000 17.954000 -3.059000
c<A>r<31>R<GLU> -11.155000 15.288000 1.212000
c<A>r<32>R<ILE> -11.583000 13.751000 -2.305000
c<A>r<33>R<GLY> -8.165000 15.155000 -3.385000
c<A>r<34>R<GLU> -6.504000 13.576000 -0.295000
c<A>r<35>R<LEU> -8.103000 10.151000 -1.036000
c<A>r<36>R<ALA> -7.069000 10.347000 -4.719000
c<A>r<37>R<LEU> -3.465000 11.336000 -3.773000
c<A>r<38>R<GLN> -3.240000 8.348000 -1.376000
c<A>r<39>R<ARG> -4.481000 6.103000 -4.242000
c<A>r<40>R<ILE> -1.883000 7.578000 -6.671000
c<A>r<42>R<HIS> -0.168000 3.414000 -3.551000
c<A>r<43>R<LEU> -0.467000 2.722000 -7.329000
c<A>r<46>R<GLU> 2.866000 -1.202000 -6.595000
c<A>r<47>R<CYS> 3.826000 -0.390000 -10.231000
c<A>r<50>R<ASP> 5.614000 -5.318000 -9.730000
c<A>r<95>R<LEU> -0.872000 3.320000 2.821000
c<A>r<96>R<VAL> -1.705000 -0.446000 3.061000
c<A>r<97>R<GLN> -1.308000 -1.377000 6.801000
c<A>r<98>R<GLN> -1.152000 1.829000 8.937000
c<A>r<99>R<TYR> -3.831000 3.710000 6.945000
c<A>r<100>R<LEU> -5.120000 5.642000 10.031000
c<B>r<10>R<LYS> -10.896000 4.942000 16.056000
c<B>r<11>R<THR> -11.161000 2.342000 13.228000
c<B>r<14>R<PHE> -12.741000 6.349000 10.448000
c<B>r<18>R<GLN> -15.298000 7.060000 4.664000
c<B>r<21>R<LEU> -17.639999 10.798000 2.031000
c<B>r<22>R<PHE> -19.011999 8.008000 -0.209000
c<B>r<25>R<GLN> -19.917999 12.922000 -3.130000
c<B>r<28>R<TRP> -17.434000 9.443000 -9.117000
c<B>r<31>R<GLU> -10.440000 10.525000 -12.828000
c<B>r<32>R<ILE> -9.903000 12.009000 -9.307000
c<B>r<33>R<GLY> -13.379000 10.765000 -8.215000
c<B>r<34>R<GLU> -12.526000 7.231000 -9.464000
c<B>r<35>R<LEU> -9.179000 7.220000 -7.566000
c<B>r<36>R<ALA> -10.921000 8.486000 -4.398000
c<B>r<37>R<LEU> -13.679000 5.805000 -4.739000
c<B>r<38>R<GLN> -11.009000 3.080000 -5.093000
c<B>r<39>R<ARG> -9.283000 4.477000 -1.951000
c<B>r<40>R<ILE> -12.596000 4.501000 0.015000
c<B>r<42>R<HIS> -9.794000 -0.220000 0.057000
c<B>r<43>R<LEU> -10.063000 1.671000 3.406000
c<B>r<46>R<GLU> -8.977000 -2.840000 5.753000
c<B>r<47>R<CYS> -11.193000 -1.415000 8.559000
c<B>r<50>R<ASP> -8.597000 -5.010000 11.214000
c<B>r<95>R<LEU> -7.539000 -3.028000 -5.482000
c<B>r<96>R<VAL> -4.123000 -4.277000 -4.177000
c<B>r<97>R<GLN> -2.854000 -7.029000 -6.574000
c<B>r<98>R<GLN> -4.860000 -6.590000 -9.837000
c<B>r<99>R<TYR> -5.013000 -2.757000 -9.767000
c<B>r<100>R<LEU> -4.678000 -2.509000 -13.610000
