c<A>r<1>R<PRO> 17.534000 10.766000 -9.631000
c<A>r<13>R<LEU> -4.587000 -1.646000 1.193000
c<A>r<14>R<PRO> -7.597000 0.608000 1.877000
c<A>r<15>R<GLU> -9.409000 -2.265000 3.438000
c<A>r<16>R<GLU> -7.111000 -2.055000 6.479000
c<A>r<17>R<LEU> -7.872000 1.641000 6.989000
c<A>r<18>R<LEU> -11.527000 1.145000 7.538000
c<A>r<19>R<ASP> -11.123000 0.053000 11.121000
c<A>r<20>R<ASP> -10.275000 2.956000 13.542000
c<A>r<21>R<GLU> -8.155000 0.739000 15.760000
c<A>r<22>R<GLU> -6.269000 -0.849000 12.881000
c<A>r<25>R<GLU> -1.972000 0.820000 14.750000
c<A>r<26>R<ILE> -0.901000 1.242000 11.175000
c<A>r<28>R<GLU> 2.123000 3.869000 14.684000
c<A>r<29>R<ASP> 3.694000 0.974000 12.742000
c<A>r<30>R<VAL> 4.642000 3.209000 9.898000
c<A>r<32>R<ASP> 7.953000 3.669000 14.165000
c<A>r<33>R<GLU> 9.432000 2.049000 11.049000
c<A>r<49>R<VAL> -15.071000 7.000000 2.634000
c<A>r<50>R<ASP> -18.113001 5.116000 1.618000
c<A>r<74>R<GLN> 13.527000 4.008000 0.185000
c<A>r<75>R<GLY> 14.856000 0.918000 1.620000
c<A>r<76>R<LEU> 11.354000 0.037000 2.536000
c<A>r<77>R<THR> 10.677000 -0.815000 -1.069000
c<A>r<78>R<GLY> 10.304000 -4.526000 -1.258000
c<A>r<79>R<ARG> 9.446000 -4.918000 2.438000
c<A>r<80>R<LYS> 6.333000 -6.610000 3.306000
c<A>r<81>R<PHE> 3.549000 -4.795000 5.152000
c<A>r<82>R<ALA> 0.624000 -7.022000 6.229000
c<A>r<83>R<ASN> 1.874000 -9.642000 3.815000
c<A>r<84>R<ARG> 1.895000 -7.134000 0.998000
c<A>r<85>R<VAL> 4.942000 -5.933000 -0.816000
c<A>r<86>R<VAL> 5.547000 -2.244000 -0.247000
c<A>r<87>R<VAL> 6.333000 0.070000 -3.143000
c<A>r<88>R<THR> 7.939000 3.450000 -2.441000
c<A>r<89>R<LYS> 7.672000 6.555000 -4.650000
c<B>r<1>R<SER> 4.480000 -4.909000 13.723000
c<B>r<2>R<ARG> 2.882000 -5.123000 10.393000
c<B>r<3>R<TRP> 6.157000 -4.810000 8.921000
c<B>r<4>R<ASN> 7.323000 -8.314000 7.971000
c<B>r<5>R<GLN> 10.655000 -8.888000 9.173000
c<B>r<6>R<ASP> 11.331000 -10.577000 6.351000
c<B>r<7>R<PRO> 14.205000 -10.405000 4.630000
c<B>r<8>R<GLY> 15.371000 -7.303000 3.698000
c<B>r<9>R<PRO> 14.271000 -5.485000 0.892000
c<B>r<10>R<THR> 13.687000 -7.602000 -1.954000
c<B>r<11>R<VAL> 16.888000 -7.539000 -4.023000
c<B>r<12>R<ILE> 15.936000 -6.080000 -7.258000
c<B>r<18>R<ARG> 13.271000 2.436000 -12.943000
c<B>r<22>R<ARG> 8.668000 -1.206000 -10.706000
c<B>r<25>R<ILE> 7.765000 -5.238000 -7.863000
c<B>r<26>R<VAL> 4.448000 -5.281000 -9.298000
c<B>r<28>R<LEU> 5.620000 -9.950000 -7.091000
c<B>r<29>R<GLN> 2.590000 -8.313000 -5.830000
c<B>r<30>R<ILE> 0.497000 -10.008000 -8.519000
c<B>r<32>R<ASP> 0.953000 -12.665000 -3.983000
c<B>r<33>R<LEU> -2.487000 -11.539000 -4.623000
c<B>r<36>R<LYS> -4.274000 -15.081000 -1.638000
c<B>r<42>R<LEU> -7.316000 -12.625000 2.869000
c<B>r<43>R<GLY> -6.908000 -11.797000 6.443000
c<B>r<44>R<ILE> -9.268000 -8.952000 6.203000
c<B>r<45>R<PRO> -10.117000 -7.247000 9.353000
c<B>r<46>R<PRO> -13.618000 -7.451000 10.393000
c<B>r<47>R<ASN> -14.454000 -3.603000 10.569000
c<B>r<48>R<PRO> -18.117001 -3.591000 11.590000
c<B>r<49>R<GLU> -18.434999 0.146000 10.262000
c<B>r<50>R<ASP> -18.635000 -0.170000 7.365000
c<B>r<51>R<ARG> -22.461000 -0.988000 7.380000
c<B>r<53>R<PRO> -24.014999 -2.612000 2.398000
c<B>r<71>R<THR> -13.203000 -8.699000 -0.370000
c<B>r<74>R<LYS> -11.509000 -5.850000 -4.179000
c<B>r<75>R<LEU> -8.458000 -8.053000 -4.449000
c<B>r<78>R<GLU> -6.208000 -4.528000 -7.327000
