c<A>r<6>R<LEU> -8.240000 -8.431000 0.309000
c<A>r<7>R<LYS> -7.157000 -11.576000 2.213000
c<A>r<9>R<ALA> -3.768000 -7.457000 2.278000
c<A>r<10>R<MET> -4.976000 -8.697000 5.654000
c<A>r<11>R<LEU> -2.076000 -11.170000 5.864000
c<A>r<13>R<THR> -1.328000 -6.175000 7.891000
c<A>r<14>R<LEU> -0.724000 -8.984000 10.420000
c<A>r<16>R<ASP> 4.556000 -5.791000 11.453000
c<A>r<19>R<ASP> 2.321000 -3.486000 7.473000
c<A>r<22>R<ARG> 2.907000 -1.029000 2.853000
c<A>r<23>R<LYS> 1.608000 1.928000 4.898000
c<A>r<24>R<ALA> 4.653000 3.978000 3.933000
c<A>r<25>R<TYR> 4.142000 3.616000 0.161000
c<A>r<26>R<GLY> 0.369000 3.855000 0.593000
c<A>r<27>R<GLU> 0.844000 7.236000 2.314000
c<A>r<28>R<ALA> 3.400000 8.484000 -0.233000
c<A>r<29>R<CYS> 1.285000 7.415000 -3.182000
c<A>r<30>R<SER> -2.241000 8.533000 -1.964000
c<A>r<31>R<GLY> -4.112000 11.700000 -2.837000
c<A>r<32>R<PRO> -2.627000 14.980000 -1.847000
c<A>r<33>R<HIS> 0.516000 13.143000 -0.665000
c<A>r<34>R<CYS> 1.303000 11.760000 -3.991000
c<A>r<69>R<GLY> -13.289000 -5.442000 -7.626000
c<A>r<70>R<CYS> -10.670000 -8.036000 -6.755000
c<A>r<71>R<GLY> -8.864000 -7.390000 -10.133000
c<A>r<72>R<GLU> -9.064000 -3.687000 -9.597000
c<A>r<73>R<ARG> -7.467000 -4.027000 -6.102000
c<A>r<74>R<ARG> -4.703000 -6.107000 -7.655000
c<A>r<75>R<ARG> -3.993000 -3.587000 -10.397000
c<A>r<76>R<ASN> -3.984000 -0.712000 -7.866000
c<A>r<77>R<THR> -1.586000 -2.399000 -5.394000
c<A>r<78>R<ILE> 1.284000 -0.289000 -6.734000
c<A>r<79>R<ALA> -0.823000 2.921000 -6.915000
c<A>r<80>R<PRO> -0.576000 3.436000 -10.768000
c<A>r<81>R<ASN> -2.351000 6.781000 -10.528000
c<A>r<82>R<CYS> 0.562000 8.159000 -8.646000
c<C>r<10>R<LEU> -7.073000 -4.369000 14.036000
c<C>r<23>R<ASP> -13.461000 -4.006000 4.640000
c<C>r<24>R<GLU> -9.728000 -3.642000 4.622000
c<C>r<25>R<LEU> -8.264000 -4.064000 8.084000
c<C>r<26>R<VAL> -5.926000 -1.473000 9.567000
c<C>r<27>R<ARG> -4.034000 -1.361000 12.817000
c<C>r<76>R<ALA> -1.289000 8.367000 9.348000
c<C>r<77>R<VAL> -3.440000 5.378000 8.301000
c<C>r<78>R<SER> -3.463000 4.313000 4.670000
c<C>r<79>R<PHE> -5.863000 1.908000 2.983000
c<C>r<80>R<MET> -7.639000 1.259000 -0.355000
c<C>r<81>R<ASP> -11.321000 2.274000 -0.572000
c<C>r<82>R<VAL> -14.180000 0.379000 -2.304000
c<C>r<83>R<ASN> -13.079000 1.838000 -5.572000
c<C>r<84>R<SER> -9.497000 0.479000 -4.965000
c<C>r<85>R<THR> -8.100000 3.940000 -4.637000
c<C>r<86>R<TRP> -5.377000 4.624000 -2.096000
c<C>r<87>R<ARG> -6.454000 6.861000 0.793000
c<C>r<88>R<THR> -4.611000 8.333000 3.709000
c<C>r<89>R<VAL> -5.970000 9.897000 6.905000
c<C>r<90>R<ASP> -3.454000 11.982000 8.763000
