c<A>r<81>R<PRO> -12.686000 16.982000 -2.780000
c<A>r<82>R<GLN> -10.358000 19.691999 -4.187000
c<A>r<85>R<GLN> -6.662000 17.236000 -1.427000
c<A>r<89>R<GLY> -3.459000 15.345000 0.535000
c<A>r<90>R<ALA> -4.482000 11.963000 -0.962000
c<A>r<91>R<ASP> -1.117000 10.071000 -1.025000
c<A>r<92>R<PRO> 0.287000 7.266000 1.174000
c<A>r<93>R<THR> 3.153000 8.214000 3.553000
c<A>r<94>R<GLY> 5.184000 4.950000 3.281000
c<A>r<95>R<LEU> 5.647000 5.360000 7.090000
c<A>r<102>R<ALA> 6.605000 11.879000 7.025000
c<A>r<105>R<LEU> 10.091000 14.994000 4.521000
c<A>r<106>R<HIS> 6.971000 16.662001 2.962000
c<A>r<111>R<LEU> -0.250000 13.567000 2.861000
c<A>r<112>R<SER> -3.324000 11.440000 3.830000
c<A>r<211>R<LEU> -20.177000 3.728000 1.414000
c<A>r<212>R<ALA> -20.889999 0.702000 -0.882000
c<A>r<213>R<ALA> -24.429001 2.093000 -1.580000
c<A>r<214>R<GLY> -23.044001 5.468000 -2.862000
c<A>r<227>R<ALA> -22.608999 9.717000 -4.273000
c<A>r<228>R<ASP> -19.788000 11.605000 -6.103000
c<A>r<230>R<VAL> -17.728001 8.324000 -1.969000
c<A>r<231>R<PRO> -15.036000 7.366000 -4.599000
c<A>r<232>R<TYR> -12.627000 9.848000 -2.895000
c<A>r<233>R<ILE> -13.167000 8.174000 0.540000
c<A>r<234>R<LEU> -12.635000 4.721000 -1.015000
c<A>r<235>R<ALA> -9.443000 5.864000 -2.819000
c<A>r<236>R<GLU> -8.014000 7.137000 0.533000
c<A>r<238>R<MET> -7.193000 1.945000 -0.607000
c<A>r<239>R<MET> -4.007000 4.076000 -0.225000
c<A>r<240>R<GLU> -3.592000 4.340000 3.588000
c<A>r<243>R<TYR> -1.154000 1.987000 7.329000
c<A>r<244>R<GLY> 2.190000 0.366000 6.224000
c<A>r<245>R<ARG> 0.126000 -2.738000 5.149000
c<A>r<246>R<SER> -2.304000 -0.895000 2.787000
c<A>r<247>R<GLY> -0.399000 -2.032000 -0.329000
c<A>r<248>R<ASP> -0.229000 -5.612000 1.029000
c<A>r<249>R<TRP> -4.030000 -5.380000 1.592000
c<A>r<250>R<ALA> -4.659000 -3.984000 -1.937000
c<A>r<251>R<TYR> -2.399000 -6.786000 -3.309000
c<A>r<252>R<ARG> -4.086000 -9.674000 -1.371000
c<A>r<253>R<VAL> -7.730000 -8.514000 -0.963000
c<A>r<254>R<GLY> -8.108000 -5.619000 -3.456000
c<A>r<255>R<LEU> -10.895000 -3.808000 -1.535000
c<A>r<256>R<PRO> -10.858000 -0.322000 0.130000
c<A>r<268>R<VAL> -16.055000 -1.955000 1.117000
c<A>r<269>R<VAL> -17.261000 -3.760000 -2.025000
c<A>r<270>R<PRO> -18.396999 -0.771000 -4.209000
c<A>r<271>R<GLY> -22.075001 -1.164000 -5.280000
c<A>r<272>R<VAL> -22.507999 -4.426000 -3.245000
c<A>r<273>R<MET> -21.799999 -4.572000 0.542000
c<A>r<305>R<ASN> -11.672000 -7.699000 -5.653000
c<A>r<306>R<VAL> -11.922000 -4.283000 -7.477000
c<A>r<307>R<PHE> -8.971000 -5.322000 -9.721000
c<A>r<308>R<LYS> -10.806000 -8.475000 -11.018000
c<A>r<309>R<GLY> -12.629000 -8.067000 -14.370000
c<B>r<47>R<CYS> -11.221000 -6.572000 -24.142000
c<B>r<81>R<PRO> 2.590000 -13.654000 -5.789000
c<B>r<82>R<GLN> 3.706000 -14.684000 -2.257000
c<B>r<85>R<GLN> 5.487000 -9.891000 -1.913000
c<B>r<89>R<GLY> 7.006000 -5.915000 -1.154000
c<B>r<90>R<ALA> 3.677000 -4.391000 -2.290000
c<B>r<91>R<ASP> 3.582000 -1.155000 -0.202000
c<B>r<92>R<PRO> 3.922000 2.444000 -1.518000
c<B>r<93>R<THR> 7.199000 4.251000 -0.643000
c<B>r<94>R<GLY> 5.632000 7.716000 -0.068000
c<B>r<95>R<LEU> 8.834000 8.993000 -1.812000
c<B>r<102>R<ALA> 13.143000 4.749000 1.052000
c<B>r<105>R<LEU> 14.190000 3.760000 6.054000
c<B>r<106>R<HIS> 13.152000 0.109000 5.313000
c<B>r<111>R<LEU> 8.700000 -1.835000 -0.976000
c<B>r<112>R<SER> 7.122000 -2.058000 -4.473000
c<B>r<211>R<LEU> -4.436000 -6.942000 -18.222000
c<B>r<212>R<ALA> -8.132000 -5.827000 -18.374001
c<B>r<213>R<ALA> -8.995000 -9.151000 -20.145000
c<B>r<214>R<GLY> -7.506000 -11.275000 -17.271000
c<B>r<227>R<ALA> -5.948000 -14.787000 -14.718000
c<B>r<228>R<ASP> -5.351000 -15.024000 -10.919000
c<B>r<229>R<ASN> -1.988000 -13.164000 -11.311000
c<B>r<230>R<VAL> -3.617000 -10.039000 -12.900000
c<B>r<231>R<PRO> -5.268000 -8.541000 -9.724000
c<B>r<232>R<TYR> -1.780000 -8.406000 -8.081000
c<B>r<233>R<ILE> -0.358000 -6.393000 -11.051000
c<B>r<234>R<LEU> -3.336000 -4.000000 -11.005000
c<B>r<235>R<ALA> -3.036000 -3.535000 -7.210000
c<B>r<236>R<GLU> 0.653000 -2.475000 -7.645000
c<B>r<238>R<MET> -3.036000 1.437000 -8.181000
c<B>r<239>R<MET> -0.681000 1.785000 -5.157000
c<B>r<240>R<GLU> 2.656000 2.972000 -6.714000
c<B>r<243>R<TYR> 4.948000 7.134000 -7.630000
c<B>r<244>R<GLY> 4.368000 9.947000 -5.038000
c<B>r<245>R<ARG> 1.180000 10.911000 -7.052000
c<B>r<246>R<SER> -0.449000 7.420000 -7.075000
c<B>r<247>R<GLY> -2.892000 8.488000 -4.333000
c<B>r<248>R<ASP> -3.727000 11.760000 -6.182000
c<B>r<249>R<TRP> -4.402000 9.516000 -9.238000
c<B>r<250>R<ALA> -6.518000 6.964000 -7.281000
c<B>r<251>R<TYR> -8.437000 9.933000 -5.758000
c<B>r<252>R<ARG> -9.182000 11.722000 -9.103000
c<B>r<253>R<VAL> -9.295000 8.877000 -11.684000
c<B>r<254>R<GLY> -9.686000 5.682000 -9.596000
c<B>r<255>R<LEU> -8.073000 3.320000 -12.163000
c<B>r<256>R<PRO> -4.835000 1.227000 -11.932000
c<B>r<268>R<VAL> -6.608000 -0.254000 -16.952000
c<B>r<269>R<VAL> -10.390000 -0.650000 -16.614000
c<B>r<270>R<PRO> -10.649000 -4.257000 -15.244000
c<B>r<271>R<GLY> -12.831000 -6.446000 -17.534000
c<B>r<272>R<VAL> -13.423000 -3.576000 -20.059999
c<B>r<273>R<MET> -10.375000 -1.952000 -21.763000
c<B>r<305>R<ASN> -13.724000 4.405000 -11.684000
c<B>r<306>R<VAL> -13.122000 1.133000 -9.682000
c<B>r<307>R<PHE> -14.468000 2.841000 -6.502000
c<B>r<308>R<LYS> -17.813999 3.708000 -8.204000
c<B>r<309>R<GLY> -20.607000 1.151000 -7.553000
