c<A>r<20>R<GLU> -0.458000 19.076000 -23.105000
c<A>r<21>R<HIS> 1.957000 19.957001 -20.233999
c<A>r<22>R<GLY> 4.369000 22.174000 -22.250000
c<A>r<24>R<THR> 7.301000 17.893000 -19.382000
c<A>r<25>R<THR> 4.495000 15.739000 -17.856001
c<A>r<26>R<ILE> 4.367000 13.371000 -14.824000
c<A>r<28>R<SER> 2.154000 9.498000 -11.203000
c<A>r<31>R<ILE> -1.009000 5.440000 -4.105000
c<A>r<32>R<THR> -2.133000 7.142000 -7.388000
c<A>r<34>R<ASP> -2.473000 1.318000 -7.195000
c<A>r<35>R<ASP> -5.644000 2.778000 -5.542000
c<A>r<36>R<ALA> -8.493000 3.292000 -8.059000
c<A>r<37>R<ARG> -10.020000 6.214000 -5.991000
c<A>r<38>R<ILE> -6.672000 8.065000 -5.824000
c<A>r<39>R<ALA> -5.864000 7.221000 -9.494000
c<A>r<40>R<ARG> -9.102000 9.073000 -10.491000
c<A>r<41>R<ALA> -8.095000 11.959000 -8.193000
c<A>r<42>R<ALA> -4.661000 12.170000 -9.920000
c<A>r<43>R<VAL> -6.383000 12.151000 -13.385000
c<A>r<44>R<ALA> -8.758000 14.932000 -12.168000
c<A>r<45>R<GLY> -5.507000 16.729000 -11.160000
c<A>r<46>R<GLY> -4.342000 16.485001 -14.832000
c<A>r<47>R<ALA> -2.259000 13.257000 -14.659000
c<A>r<56>R<ALA> 3.604000 0.374000 -3.672000
c<A>r<57>R<VAL> 1.149000 -2.592000 -3.663000
c<A>r<58>R<ALA> 3.260000 -4.222000 -0.873000
c<A>r<59>R<LEU> 2.817000 -0.993000 1.187000
c<A>r<60>R<ALA> -0.933000 -0.782000 0.335000
c<A>r<61>R<ARG> -1.421000 -4.454000 1.440000
c<A>r<62>R<GLY> 0.669000 -4.035000 4.655000
c<A>r<63>R<HIS> 2.696000 -7.018000 3.357000
c<A>r<64>R<LYS> 4.914000 -8.248000 6.257000
c<A>r<65>R<GLY> 4.183000 -4.880000 8.000000
c<A>r<66>R<VAL> 6.532000 -2.866000 5.694000
c<A>r<67>R<ILE> 5.914000 0.908000 6.148000
c<A>r<68>R<THR> 8.688000 2.664000 4.080000
c<A>r<84>R<LYS> -4.992000 -7.117000 -11.167000
c<A>r<85>R<VAL> -4.649000 -3.579000 -9.665000
c<A>r<86>R<THR> -3.744000 -2.497000 -13.267000
c<A>r<87>R<GLN> -7.146000 -3.701000 -14.570000
c<A>r<88>R<GLY> -8.911000 -2.075000 -11.567000
c<A>r<89>R<VAL> -7.248000 1.300000 -12.309000
c<A>r<90>R<ARG> -8.014000 0.869000 -16.073999
c<A>r<91>R<ASN> -11.739000 0.289000 -15.290000
c<A>r<92>R<VAL> -12.046000 3.699000 -13.496000
c<A>r<93>R<VAL> -9.691000 5.945000 -15.592000
c<A>r<94>R<GLY> -10.788000 4.713000 -19.077000
c<A>r<223>R<ILE> 11.509000 14.636000 -7.211000
c<A>r<224>R<ASN> 9.556000 16.930000 -4.842000
c<A>r<225>R<ASP> 7.836000 20.348000 -4.697000
c<A>r<228>R<TYR> 10.497000 19.662001 -9.790000
c<A>r<229>R<VAL> 10.973000 22.950001 -11.783000
c<A>r<232>R<LYS> 11.608000 20.426001 -15.969000
c<A>r<239>R<LEU> 8.893000 13.185000 -14.084000
c<A>r<241>R<ILE> 6.583000 11.175000 -8.829000
c<A>r<244>R<SER> 5.987000 13.249000 -2.645000
c<A>r<245>R<ILE> 2.338000 12.501000 -3.589000
c<A>r<246>R<ASP> 2.114000 9.643000 -0.997000
c<A>r<247>R<ASN> 3.394000 12.008000 1.747000
c<A>r<248>R<VAL> 0.808000 14.760000 0.937000
c<A>r<249>R<VAL> -2.054000 12.192000 0.759000
c<A>r<250>R<SER> -0.939000 10.562000 4.075000
c<A>r<251>R<GLU> -0.589000 13.994000 5.766000
c<A>r<252>R<ALA> -4.124000 14.930000 4.576000
c<A>r<253>R<ALA> -5.477000 11.674000 6.155000
c<A>r<254>R<THR> -3.543000 12.419000 9.410000
c<A>r<255>R<ASN> -4.874000 16.011000 9.591000
c<A>r<256>R<VAL> -8.573000 15.174000 8.888000
c<A>r<257>R<VAL> -8.474000 12.512000 11.660000
c<A>r<258>R<LYS> -6.859000 15.037000 14.088000
c<A>r<259>R<LYS> -9.624000 17.577999 13.177000
c<A>r<260>R<PHE> -12.488000 15.150000 14.039000
c<A>r<261>R<LEU> -10.759000 14.279000 17.365000
c<A>r<262>R<SER> -9.701000 17.865999 18.459000
c<B>r<20>R<GLU> -8.790000 9.078000 25.497999
c<B>r<21>R<HIS> -10.967000 11.320000 23.243999
c<B>r<22>R<GLY> -13.184000 12.804000 26.025999
c<B>r<24>R<THR> -16.607000 10.414000 21.743999
c<B>r<25>R<THR> -14.082000 8.722000 19.388000
c<B>r<26>R<ILE> -14.140000 7.815000 15.654000
c<B>r<28>R<SER> -12.244000 5.275000 10.642000
c<B>r<31>R<ILE> -9.583000 4.180000 2.291000
c<B>r<32>R<THR> -8.242000 3.721000 5.885000
c<B>r<34>R<ASP> -8.380000 -1.139000 2.680000
c<B>r<35>R<ASP> -5.054000 0.804000 2.278000
c<B>r<36>R<ALA> -2.451000 0.109000 4.997000
c<B>r<37>R<ARG> -0.563000 3.418000 4.181000
c<B>r<38>R<ILE> -3.691000 5.484000 4.954000
c<B>r<39>R<ALA> -4.665000 3.231000 7.920000
c<B>r<40>R<ARG> -1.257000 4.089000 9.500000
c<B>r<41>R<ALA> -1.764000 7.804000 8.710000
c<B>r<42>R<ALA> -5.206000 7.736000 10.435000
c<B>r<43>R<VAL> -3.659000 6.056000 13.562000
c<B>r<44>R<ALA> -0.882000 8.720000 13.561000
c<B>r<45>R<GLY> -3.814000 11.220000 13.485000
c<B>r<46>R<GLY> -5.194000 9.616000 16.719000
c<B>r<47>R<ALA> -7.608000 6.986000 15.293000
c<B>r<56>R<ALA> -14.001000 0.218000 0.313000
c<B>r<57>R<VAL> -12.195000 -2.845000 -1.174000
c<B>r<58>R<ALA> -14.515000 -2.728000 -4.251000
c<B>r<59>R<LEU> -13.621000 0.993000 -4.718000
c<B>r<60>R<ALA> -9.857000 0.439000 -4.163000
c<B>r<61>R<ARG> -9.792000 -2.457000 -6.702000
c<B>r<62>R<GLY> -11.896000 -0.513000 -9.293000
c<B>r<63>R<HIS> -14.281000 -3.523000 -9.323000
c<B>r<64>R<LYS> -16.577000 -3.140000 -12.403000
c<B>r<65>R<GLY> -15.501000 0.567000 -12.516000
c<B>r<66>R<VAL> -17.879000 1.430000 -9.600000
c<B>r<67>R<ILE> -17.375999 4.798000 -7.879000
c<B>r<68>R<THR> -18.632000 6.252000 -4.542000
c<B>r<84>R<LYS> -6.718000 -10.156000 3.659000
c<B>r<85>R<VAL> -6.683000 -6.280000 3.757000
c<B>r<86>R<THR> -7.658000 -6.631000 7.484000
c<B>r<87>R<GLN> -4.412000 -8.558000 8.122000
c<B>r<88>R<GLY> -2.495000 -5.930000 6.076000
c<B>r<89>R<VAL> -3.972000 -3.112000 8.216000
c<B>r<90>R<ARG> -3.276000 -5.144000 11.435000
c<B>r<91>R<ASN> 0.399000 -5.662000 10.424000
c<B>r<92>R<VAL> 1.058000 -1.854000 10.189000
c<B>r<93>R<VAL> -1.177000 -0.446000 13.007000
c<B>r<94>R<GLY> -0.320000 -2.998000 15.768000
c<B>r<224>R<ASN> -18.688999 15.345000 8.038000
c<B>r<225>R<ASP> -16.525999 18.278000 9.170000
c<B>r<228>R<TYR> -19.770000 16.061001 13.670000
c<B>r<229>R<VAL> -19.923000 18.403999 16.745001
c<B>r<239>R<LEU> -18.643000 8.383000 14.978000
c<B>r<241>R<ILE> -15.957000 8.556000 9.268000
c<B>r<244>R<SER> -15.006000 12.477000 4.782000
c<B>r<245>R<ILE> -11.468000 10.957000 4.818000
c<B>r<246>R<ASP> -11.769000 9.644000 1.193000
c<B>r<247>R<ASN> -12.754000 13.145000 -0.059000
c<B>r<248>R<VAL> -9.889000 14.963000 1.774000
c<B>r<249>R<VAL> -7.221000 12.468000 0.572000
c<B>r<250>R<SER> -8.626000 12.597000 -3.016000
c<B>r<251>R<GLU> -8.600000 16.436001 -2.923000
c<B>r<252>R<ALA> -4.988000 16.368000 -1.598000
c<B>r<253>R<ALA> -3.970000 13.995000 -4.470000
c<B>r<254>R<THR> -5.794000 16.237000 -7.032000
c<B>r<255>R<ASN> -4.105000 19.423000 -5.723000
c<B>r<256>R<VAL> -0.533000 18.000000 -5.480000
c<B>r<257>R<VAL> -0.787000 16.605000 -9.063000
c<B>r<258>R<LYS> -2.014000 20.042999 -10.325000
c<B>r<259>R<LYS> 1.011000 21.645000 -8.554000
c<B>r<260>R<PHE> 3.519000 19.318001 -10.314000
c<B>r<261>R<LEU> 1.845000 19.921000 -13.730000
c<B>r<262>R<SER> 1.767000 23.768999 -13.378000
