c<B>r<19>R<GLY> -4.552000 11.918000 -20.638000
c<B>r<21>R<ASP> -9.642000 11.961000 -16.538000
c<B>r<138>R<TYR> 0.935000 15.425000 -8.540000
c<B>r<139>R<ALA> -2.847000 14.745000 -8.788000
c<B>r<140>R<SER> -3.286000 17.510000 -6.131000
c<B>r<141>R<GLY> -1.290000 20.257000 -7.997000
c<B>r<142>R<ARG> 1.815000 19.909000 -5.767000
c<B>r<143>R<THR> 5.524000 19.025000 -5.894000
c<B>r<162>R<GLU> 10.451000 19.086000 -5.210000
c<B>r<163>R<GLY> 8.996000 15.822000 -6.635000
c<B>r<336>R<ILE> -4.788000 10.502000 -11.995000
c<B>r<337>R<GLY> -1.193000 11.540000 -11.132000
c<B>r<340>R<ILE> -0.935000 13.505000 -15.849000
c<B>r<341>R<LEU> 2.756000 12.437000 -15.669000
c<B>r<343>R<SER> 0.795000 12.696000 -20.799000
c<B>r<344>R<LEU> 3.724000 15.194000 -20.482000
c<B>r<345>R<SER> 6.010000 15.501000 -23.555000
c<B>r<346>R<THR> 9.167000 16.030001 -21.382999
c<B>r<347>R<PHE> 8.381000 12.829000 -19.455000
c<B>r<349>R<GLN> 12.882000 10.925000 -21.884001
c<E>r<1>R<GLY> 15.476000 18.639999 -17.513000
c<E>r<2>R<ARG> 14.052000 18.108999 -13.969000
c<E>r<3>R<ASP> 13.065000 21.753000 -13.337000
c<E>r<4>R<ALA> 11.337000 21.695000 -16.763000
c<E>r<5>R<LEU> 9.467000 18.469999 -15.761000
c<E>r<6>R<LEU> 8.347000 20.033001 -12.415000
c<E>r<7>R<ASP> 7.165000 23.188000 -14.247000
c<E>r<8>R<GLN> 5.287000 21.030001 -16.816000
c<E>r<9>R<ILE> 3.739000 18.976000 -13.954000
c<E>r<10>R<ARG> 2.575000 22.320999 -12.421000
c<E>r<11>R<GLN> 1.208000 23.520000 -15.828000
c<E>r<12>R<GLY> -0.417000 20.129999 -16.690001
c<E>r<13>R<ILE> -2.241000 20.077999 -13.319000
c<E>r<14>R<GLN> -3.560000 23.663000 -13.842000
c<E>r<16>R<LYS> -6.908000 19.625000 -15.792000
c<E>r<17>R<SER> -8.291000 21.559000 -12.757000
c<E>r<19>R<ALA> -11.873000 21.410999 -17.341999
