c<A>r<3>R<THR> -12.368000 -11.309000 9.821000
c<A>r<4>R<PRO> -14.888000 -8.389000 10.170000
c<A>r<5>R<GLU> -17.395000 -11.009000 11.528000
c<A>r<6>R<ASP> -14.894000 -12.341000 14.151000
c<A>r<7>R<CYS> -14.136000 -8.823000 15.540000
c<A>r<9>R<GLY> -14.696000 -5.074000 19.700001
c<A>r<10>R<LEU> -13.249000 -1.777000 18.396999
c<A>r<12>R<ASP> -9.779000 -5.832000 16.716000
c<A>r<13>R<ILE> -11.258000 -3.483000 14.038000
c<A>r<14>R<ARG> -8.603000 -0.797000 14.750000
c<A>r<16>R<ALA> -7.235000 -4.602000 11.141000
c<A>r<17>R<ILE> -7.594000 -1.020000 9.753000
c<A>r<18>R<ASP> -3.985000 -0.165000 10.793000
c<A>r<19>R<ARG> -2.672000 -3.331000 9.085000
c<A>r<20>R<ILE> -4.664000 -2.581000 5.872000
c<A>r<21>R<ASP> -3.432000 1.058000 5.939000
c<A>r<22>R<LEU> 0.178000 -0.282000 6.217000
c<A>r<23>R<ASP> -0.424000 -2.685000 3.251000
c<A>r<24>R<ILE> -1.583000 0.410000 1.201000
c<A>r<25>R<VAL> 1.525000 2.469000 2.234000
c<A>r<26>R<GLN> 3.777000 -0.488000 1.277000
c<A>r<27>R<ALA> 1.914000 -0.801000 -2.074000
c<A>r<28>R<LEU> 2.553000 2.935000 -2.717000
c<A>r<29>R<GLY> 6.257000 2.329000 -1.776000
c<A>r<30>R<ARG> 6.523000 -0.532000 -4.347000
c<A>r<31>R<ARG> 4.761000 1.704000 -6.944000
c<A>r<32>R<MET> 7.484000 4.367000 -6.402000
c<A>r<33>R<ASP> 10.203000 1.793000 -7.272000
c<A>r<34>R<TYR> 8.476000 1.089000 -10.640000
c<A>r<35>R<VAL> 8.151000 4.893000 -11.199000
c<A>r<36>R<LYS> 11.941000 5.232000 -10.607000
c<A>r<37>R<ALA> 12.512000 2.245000 -12.983000
c<A>r<38>R<ALA> 10.250000 3.990000 -15.579000
c<A>r<39>R<SER> 12.845000 6.835000 -15.759000
c<A>r<40>R<ARG> 15.013000 4.396000 -17.849001
c<A>r<41>R<PHE> 12.415000 4.768000 -20.664000
c<A>r<42>R<ILE> 10.977000 7.691000 -22.695000
c<A>r<43>R<PRO> 7.941000 9.227000 -20.841999
c<A>r<44>R<ALA> 4.538000 8.250000 -22.313000
c<A>r<47>R<ARG> -1.742000 6.530000 -20.436001
c<A>r<51>R<MET> -6.018000 4.317000 -16.044001
c<A>r<54>R<GLU> -10.349000 0.819000 -14.894000
c<A>r<55>R<ARG> -9.803000 1.873000 -11.207000
c<A>r<56>R<ALA> -13.433000 3.089000 -11.097000
c<A>r<58>R<TRP> -12.308000 -2.144000 -9.730000
c<A>r<59>R<ALA> -13.913000 0.124000 -7.071000
c<A>r<60>R<GLU> -17.429001 -1.161000 -7.990000
c<A>r<61>R<GLU> -16.139999 -4.798000 -8.043000
c<A>r<62>R<ASN> -14.771000 -4.221000 -4.466000
c<A>r<63>R<GLY> -17.948000 -2.504000 -3.074000
c<A>r<64>R<LEU> -16.450001 1.052000 -3.087000
c<A>r<65>R<ASP> -17.743999 4.393000 -4.441000
c<A>r<68>R<PHE> -14.256000 8.534000 -4.686000
c<A>r<69>R<VAL> -11.717000 5.918000 -5.928000
c<A>r<72>R<LEU> -8.170000 9.323000 -5.130000
c<A>r<73>R<PHE> -6.265000 7.696000 -8.045000
c<A>r<75>R<GLN> -4.280000 12.582000 -7.115000
c<A>r<76>R<ILE> -1.992000 9.515000 -6.741000
c<A>r<79>R<TRP> 1.835000 12.984000 -7.740000
c<A>r<83>R<GLU> 8.006000 12.659000 -8.822000
c<B>r<3>R<THR> 10.902000 -6.743000 -10.233000
c<B>r<4>R<PRO> 11.664000 -3.044000 -11.141000
c<B>r<5>R<GLU> 15.214000 -4.231000 -12.100000
c<B>r<6>R<ASP> 13.881000 -6.992000 -14.447000
c<B>r<7>R<CYS> 11.567000 -4.563000 -16.344999
c<B>r<8>R<THR> 12.696000 -4.596000 -20.027000
c<B>r<9>R<GLY> 10.167000 -1.976000 -21.212000
c<B>r<10>R<LEU> 7.252000 0.317000 -20.315001
c<B>r<12>R<ASP> 6.368000 -4.581000 -17.832001
c<B>r<13>R<ILE> 6.223000 -1.391000 -15.669000
c<B>r<14>R<ARG> 2.616000 -0.646000 -16.743000
c<B>r<16>R<ALA> 3.265000 -3.879000 -12.492000
c<B>r<17>R<ILE> 1.613000 -0.478000 -11.754000
c<B>r<18>R<ASP> -1.848000 -1.918000 -12.664000
c<B>r<19>R<ARG> -1.296000 -4.891000 -10.320000
c<B>r<20>R<ILE> -0.234000 -2.582000 -7.446000
c<B>r<21>R<ASP> -3.168000 -0.204000 -8.132000
c<B>r<22>R<LEU> -5.545000 -3.240000 -7.958000
c<B>r<23>R<ASP> -3.911000 -4.376000 -4.639000
c<B>r<24>R<ILE> -4.643000 -0.826000 -3.264000
c<B>r<25>R<VAL> -8.309000 -0.918000 -4.494000
c<B>r<26>R<GLN> -8.765000 -4.391000 -2.918000
c<B>r<27>R<ALA> -7.169000 -3.118000 0.342000
c<B>r<28>R<LEU> -9.658000 -0.188000 0.351000
c<B>r<29>R<GLY> -12.487000 -2.747000 -0.299000
c<B>r<30>R<ARG> -11.383000 -4.858000 2.728000
c<B>r<31>R<ARG> -11.152000 -1.626000 4.816000
c<B>r<32>R<MET> -14.826000 -0.871000 3.934000
c<B>r<33>R<ASP> -15.881000 -4.273000 5.385000
c<B>r<34>R<TYR> -14.218000 -3.344000 8.727000
c<B>r<35>R<VAL> -15.956000 0.103000 8.545000
c<B>r<36>R<LYS> -19.337000 -1.685000 8.093000
c<B>r<37>R<ALA> -18.424000 -3.943000 11.084000
c<B>r<38>R<ALA> -17.454000 -0.754000 13.029000
c<B>r<40>R<ARG> -22.180000 -1.338000 15.418000
c<B>r<41>R<PHE> -20.039000 0.962000 17.638000
c<B>r<42>R<ILE> -20.080000 4.729000 18.336000
c<B>r<43>R<PRO> -17.898001 6.572000 15.730000
c<B>r<44>R<ALA> -14.616000 7.832000 17.282000
c<B>r<47>R<ARG> -8.830000 8.651000 16.483000
c<B>r<51>R<MET> -3.616000 7.645000 12.846000
c<B>r<54>R<GLU> 1.916000 6.691000 12.063000
c<B>r<55>R<ARG> 1.109000 6.730000 8.277000
c<B>r<56>R<ALA> 3.630000 9.578000 7.834000
c<B>r<58>R<TRP> 5.366000 4.366000 7.371000
c<B>r<59>R<ALA> 5.710000 6.668000 4.313000
c<B>r<60>R<GLU> 9.344000 7.529000 5.256000
c<B>r<61>R<GLU> 10.109000 3.812000 5.962000
c<B>r<62>R<ASN> 8.793000 3.028000 2.407000
c<B>r<63>R<GLY> 10.718000 5.888000 0.649000
c<B>r<64>R<LEU> 7.602000 8.104000 0.136000
c<B>r<65>R<ASP> 6.979000 11.811000 0.869000
c<B>r<68>R<PHE> 1.854000 13.575000 0.634000
c<B>r<69>R<VAL> 0.977000 10.238000 2.343000
c<B>r<72>R<LEU> -3.763000 11.173000 1.158000
c<B>r<73>R<PHE> -4.661000 9.212000 4.337000
c<B>r<75>R<GLN> -8.837000 12.156000 2.772000
c<B>r<76>R<ILE> -9.229000 8.335000 2.978000
c<B>r<77>R<ILE> -9.911000 8.378000 6.763000
c<B>r<79>R<TRP> -14.310000 9.536000 3.724000
