c<A>r<169>R<PRO> 42.459999 4.686000 -9.182000
c<A>r<170>R<THR> 44.855000 1.788000 -8.519000
c<A>r<171>R<GLY> 45.888000 2.271000 -12.152000
c<A>r<172>R<GLY> 44.358002 3.875000 -15.220000
c<A>r<185>R<TRP> 27.316999 5.512000 -11.659000
c<A>r<186>R<PRO> 24.010000 4.808000 -9.829000
c<A>r<187>R<GLN> 24.447001 1.086000 -10.563000
c<A>r<188>R<PHE> 27.160000 1.302000 -7.903000
c<A>r<189>R<THR> 26.207001 4.400000 -5.883000
c<A>r<190>R<GLN> 22.388000 4.440000 -5.608000
c<A>r<191>R<SER> 22.562000 3.346000 -1.956000
c<A>r<192>R<MET> 25.743000 5.220000 -1.046000
c<A>r<193>R<PRO> 26.191999 5.543000 2.719000
c<A>r<194>R<TYR> 27.004000 8.857000 4.277000
c<A>r<217>R<ASP> 34.087002 -10.541000 12.796000
c<A>r<288>R<LEU> 49.778000 -14.914000 0.745000
c<A>r<289>R<GLY> 46.699001 -16.216000 -1.046000
c<A>r<290>R<ASN> 44.477001 -14.061000 -3.219000
c<A>r<291>R<ASN> 40.686001 -13.589000 -3.235000
c<A>r<292>R<LEU> 38.307999 -11.107000 -4.890000
c<A>r<293>R<GLY> 39.462002 -8.333000 -2.536000
c<A>r<294>R<GLY> 43.203999 -8.743000 -3.172000
c<A>r<295>R<TYR> 45.629002 -10.471000 -0.819000
c<A>r<296>R<ALA> 43.756001 -12.984000 1.359000
c<A>r<297>R<VAL> 44.189999 -11.222000 4.659000
c<A>r<299>R<ASN> 38.966000 -7.883000 6.417000
c<A>r<301>R<GLN> 35.902000 -2.571000 8.988000
c<A>r<308>R<SER> 27.615999 2.098000 7.855000
c<A>r<309>R<ASP> 31.068001 0.519000 7.584000
c<A>r<310>R<TRP> 34.134998 1.574000 5.644000
c<A>r<311>R<THR> 35.700001 -1.742000 4.606000
c<A>r<312>R<MET> 39.332001 -2.586000 3.874000
c<A>r<313>R<THR> 40.285000 -5.738000 1.951000
c<A>r<314>R<GLY> 43.777000 -6.863000 0.918000
c<A>r<315>R<LYS> 44.033001 -4.216000 -1.781000
c<A>r<316>R<ASN> 43.500999 -1.595000 0.951000
c<A>r<318>R<MET> 48.478001 -4.437000 2.134000
c<A>r<354>R<GLU> 41.091999 3.739000 -4.050000
c<A>r<355>R<ASP> 38.075001 2.211000 -5.790000
c<A>r<356>R<PHE> 35.574001 4.044000 -3.585000
c<A>r<357>R<VAL> 33.368000 6.740000 -5.013000
c<A>r<368>R<GLY> 29.476999 9.671000 0.925000
c<A>r<369>R<PHE> 31.483999 6.539000 0.499000
c<A>r<370>R<SER> 30.597000 3.834000 -2.041000
c<A>r<371>R<ARG> 33.004002 0.927000 -2.245000
c<A>r<372>R<LEU> 33.062000 -0.319000 -5.847000
c<A>r<373>R<PRO> 32.442001 -4.006000 -6.519000
c<A>r<374>R<HIS> 35.410999 -6.306000 -7.115000
c<A>r<375>R<PHE> 34.910000 -6.556000 -10.864000
c<A>r<376>R<THR> 35.367001 -2.855000 -11.564000
c<A>r<377>R<GLY> 37.349998 0.098000 -10.195000
c<A>r<378>R<CYS> 37.860001 3.800000 -10.641000
c<A>r<379>R<GLY> 40.459000 3.463000 -13.386000
c<A>r<380>R<GLY> 38.703999 3.956000 -16.716999
c<C>r<9>R<ASN> 31.409000 -14.093000 1.340000
c<C>r<10>R<TYR> 32.750000 -10.947000 -0.185000
c<C>r<11>R<ASN> 31.459000 -8.011000 1.873000
c<C>r<13>R<ASN> 28.370001 -7.757000 5.935000
c<C>r<14>R<LEU> 26.916000 -5.024000 3.688000
c<C>r<30>R<TRP> 19.906000 -5.746000 1.184000
c<C>r<32>R<ASP> 18.065001 -0.884000 2.842000
c<C>r<33>R<GLY> 20.273001 -0.699000 -0.209000
c<C>r<34>R<VAL> 24.021000 -1.009000 -0.704000
c<C>r<35>R<SER> 26.502001 1.454000 -2.195000
c<C>r<36>R<SER> 29.333000 -1.000000 -2.517000
c<C>r<37>R<ASP> 29.827999 -4.429000 -4.090000
c<C>r<38>R<PHE> 29.131001 -7.742000 -2.379000
c<C>r<39>R<VAL> 29.118999 -11.301000 -3.726000
c<C>r<62>R<GLY> 15.781000 -1.695000 -8.876000
c<C>r<63>R<SER> 19.247000 -3.038000 -8.031000
c<C>r<64>R<SER> 22.481001 -3.381000 -10.070000
c<C>r<65>R<SER> 22.518000 -7.099000 -9.218000
c<C>r<72>R<TRP> 37.400002 -17.914000 -11.367000
c<C>r<79>R<GLU> 36.379002 -14.140000 -13.532000
c<C>r<87>R<GLY> 18.680000 -6.088000 -11.950000
c<C>r<88>R<ASP> 18.966999 -2.759000 -13.690000
c<C>r<89>R<TYR> 22.334999 -3.571000 -15.246000
c<C>r<113>R<ASP> 35.837002 -7.427000 -20.768999
c<C>r<114>R<THR> 39.210999 -6.568000 -19.254000
c<C>r<115>R<ARG> 39.520000 -5.367000 -15.605000
c<C>r<116>R<THR> 42.768002 -3.549000 -14.777000
c<C>r<117>R<ASN> 44.202000 -3.446000 -11.227000
c<C>r<118>R<GLU> 41.027000 -4.606000 -9.486000
c<C>r<119>R<PRO> 40.124001 -6.949000 -6.605000
c<C>r<120>R<SER> 40.855999 -10.500000 -7.695000
c<C>r<121>R<ILE> 41.626999 -13.948000 -6.253000
c<C>r<122>R<THR> 45.206001 -12.688000 -6.132000
c<C>r<123>R<GLY> 44.393002 -9.348000 -4.562000
c<C>r<124>R<THR> 44.634998 -6.557000 -7.057000
c<C>r<125>R<SER> 45.208000 -7.413000 -10.703000
c<C>r<126>R<THR> 44.303001 -7.322000 -14.365000
c<C>r<127>R<PHE> 42.055000 -10.162000 -15.457000
c<C>r<128>R<THR> 39.480000 -11.045000 -18.099001
c<C>r<129>R<GLN> 35.789001 -11.390000 -17.413000
c<C>r<163>R<ASN> 39.467999 -21.858000 -8.587000
c<C>r<164>R<TYR> 36.144001 -21.648001 -6.688000
c<C>r<170>R<GLU> 25.773001 -9.972000 -6.235000
c<C>r<171>R<ALA> 24.761999 -6.304000 -5.952000
c<C>r<172>R<TRP> 26.672001 -3.041000 -5.813000
c<C>r<173>R<SER> 23.926001 -0.465000 -5.921000
c<C>r<174>R<GLY> 20.301001 -0.279000 -4.894000
c<C>r<175>R<ALA> 18.349001 -2.661000 -2.735000
