c<A>r<8>R<THR> 46.500999 9.571000 -12.292000
c<A>r<9>R<LYS> 48.266998 7.596000 -9.574000
c<A>r<10>R<ASP> 51.999001 8.340000 -9.984000
c<A>r<11>R<PRO> 53.915001 5.009000 -10.041000
c<A>r<12>R<ALA> 57.088001 6.415000 -8.407000
c<A>r<13>R<THR> 55.500999 8.415000 -5.551000
c<A>r<14>R<SER> 51.999001 6.820000 -5.249000
c<A>r<167>R<CYS> 37.283001 8.003000 -7.503000
c<A>r<168>R<LEU> 40.986000 7.348000 -6.927000
c<A>r<169>R<PRO> 42.459999 4.686000 -9.182000
c<A>r<170>R<THR> 44.855000 1.788000 -8.519000
c<A>r<171>R<GLY> 45.888000 2.271000 -12.152000
c<A>r<172>R<GLY> 44.358002 3.875000 -15.220000
c<A>r<173>R<PRO> 42.612999 7.287000 -15.094000
c<A>r<174>R<GLY> 40.298000 7.807000 -12.176000
c<A>r<284>R<ASP> 56.551998 -12.760000 1.805000
c<A>r<285>R<THR> 53.937000 -12.506000 -0.973000
c<A>r<286>R<LYS> 54.585999 -16.106001 -2.053000
c<A>r<287>R<THR> 52.848999 -17.145000 1.207000
c<A>r<288>R<LEU> 49.778000 -14.914000 0.745000
c<A>r<289>R<GLY> 46.699001 -16.216000 -1.046000
c<A>r<290>R<ASN> 44.477001 -14.061000 -3.219000
c<A>r<291>R<ASN> 40.686001 -13.589000 -3.235000
c<A>r<292>R<LEU> 38.307999 -11.107000 -4.890000
c<A>r<293>R<GLY> 39.462002 -8.333000 -2.536000
c<A>r<294>R<GLY> 43.203999 -8.743000 -3.172000
c<A>r<295>R<TYR> 45.629002 -10.471000 -0.819000
c<A>r<313>R<THR> 40.285000 -5.738000 1.951000
c<A>r<314>R<GLY> 43.777000 -6.863000 0.918000
c<A>r<315>R<LYS> 44.033001 -4.216000 -1.781000
c<A>r<319>R<VAL> 51.030998 -2.425000 0.148000
c<A>r<320>R<ASP> 53.361000 -3.983000 -2.411000
c<A>r<321>R<VAL> 56.758999 -2.481000 -1.580000
c<A>r<322>R<LYS> 59.112999 -4.600000 -3.726000
c<A>r<323>R<GLN> 58.962002 -7.990000 -5.463000
c<A>r<324>R<GLY> 58.449001 -10.698000 -2.861000
c<A>r<325>R<THR> 57.252998 -8.372000 -0.061000
c<A>r<354>R<GLU> 41.091999 3.739000 -4.050000
c<A>r<355>R<ASP> 38.075001 2.211000 -5.790000
c<A>r<372>R<LEU> 33.062000 -0.319000 -5.847000
c<A>r<373>R<PRO> 32.442001 -4.006000 -6.519000
c<A>r<374>R<HIS> 35.410999 -6.306000 -7.115000
c<A>r<375>R<PHE> 34.910000 -6.556000 -10.864000
c<A>r<376>R<THR> 35.367001 -2.855000 -11.564000
c<A>r<377>R<GLY> 37.349998 0.098000 -10.195000
c<A>r<378>R<CYS> 37.860001 3.800000 -10.641000
c<A>r<379>R<GLY> 40.459000 3.463000 -13.386000
c<A>r<380>R<GLY> 38.703999 3.956000 -16.716999
c<A>r<381>R<LEU> 35.349998 4.519000 -14.990000
c<C>r<34>R<VAL> 54.766998 -23.629999 -6.770000
c<C>r<35>R<SER> 54.851002 -21.030001 -3.998000
c<C>r<36>R<SER> 56.467999 -18.327999 -6.054000
c<C>r<37>R<ASP> 55.773998 -16.627001 -9.387000
c<C>r<64>R<SER> 46.541000 -18.990000 -9.322000
c<C>r<77>R<GLN> 55.991001 1.602000 -18.413000
c<C>r<88>R<ASP> 41.506001 -19.677000 -9.172000
c<C>r<89>R<TYR> 42.324001 -15.985000 -9.529000
c<C>r<90>R<ASN> 40.724998 -13.152000 -11.498000
c<C>r<91>R<PRO> 42.848000 -9.924000 -11.511000
c<C>r<92>R<CYS> 39.824001 -7.725000 -12.339000
c<C>r<93>R<SER> 38.047001 -8.853000 -9.200000
c<C>r<94>R<SER> 40.330002 -6.555000 -7.262000
c<C>r<95>R<ALA> 41.617001 -3.968000 -9.816000
c<C>r<96>R<THR> 39.960999 -0.808000 -11.164000
c<C>r<97>R<SER> 37.408001 -1.505000 -13.889000
c<C>r<98>R<LEU> 37.973999 0.132000 -17.261999
c<C>r<99>R<GLY> 35.035999 -1.413000 -19.045000
c<C>r<109>R<GLN> 36.469002 -7.519000 -18.627001
c<C>r<110>R<VAL> 39.181000 -4.925000 -18.789000
c<C>r<111>R<CYS> 40.883999 -3.500000 -15.754000
c<C>r<112>R<THR> 44.051998 -1.737000 -14.680000
c<C>r<113>R<ASP> 46.223000 -1.550000 -11.555000
c<C>r<114>R<THR> 49.369999 0.129000 -10.255000
c<C>r<115>R<ARG> 52.380001 -1.939000 -9.025000
c<C>r<116>R<THR> 54.827000 -0.051000 -6.792000
c<C>r<117>R<ASN> 58.513000 -1.050000 -6.500000
c<C>r<118>R<GLU> 58.115002 -4.489000 -8.073000
c<C>r<119>R<PRO> 60.071999 -6.682000 -10.515000
c<C>r<120>R<SER> 59.916000 -5.069000 -13.937000
c<C>r<123>R<GLY> 64.431999 -4.261000 -12.326000
c<C>r<124>R<THR> 62.356998 -2.871000 -9.527000
c<C>r<125>R<SER> 59.846001 -0.142000 -10.299000
c<C>r<126>R<THR> 56.368000 1.323000 -10.327000
c<C>r<127>R<PHE> 54.384998 0.496000 -13.441000
c<C>r<128>R<THR> 50.811001 0.128000 -14.657000
c<C>r<129>R<GLN> 49.195999 -3.176000 -15.490000
c<C>r<130>R<TYR> 46.470001 -3.629000 -18.136000
c<C>r<152>R<TRP> 43.465000 0.228000 -23.487000
c<C>r<154>R<GLN> 41.786999 5.210000 -24.554001
c<C>r<155>R<HIS> 42.915001 4.823000 -20.948999
c<C>r<156>R<GLY> 46.625999 5.587000 -20.955999
c<C>r<157>R<PHE> 48.199001 2.560000 -22.650000
c<C>r<172>R<TRP> 52.410999 -18.249001 -8.429000
c<C>r<173>R<SER> 50.490002 -20.638000 -6.241000
c<C>r<174>R<GLY> 49.145000 -24.150000 -6.539000
