c<A>r<185>R<TRP> 27.316999 5.512000 -11.659000
c<A>r<186>R<PRO> 24.010000 4.808000 -9.829000
c<A>r<187>R<GLN> 24.447001 1.086000 -10.563000
c<A>r<188>R<PHE> 27.160000 1.302000 -7.903000
c<A>r<189>R<THR> 26.207001 4.400000 -5.883000
c<A>r<190>R<GLN> 22.388000 4.440000 -5.608000
c<A>r<191>R<SER> 22.562000 3.346000 -1.956000
c<A>r<192>R<MET> 25.743000 5.220000 -1.046000
c<A>r<193>R<PRO> 26.191999 5.543000 2.719000
c<A>r<194>R<TYR> 27.004000 8.857000 4.277000
c<A>r<214>R<VAL> 36.521999 -4.805000 13.513000
c<A>r<215>R<VAL> 38.966000 -7.360000 12.201000
c<A>r<216>R<GLY> 37.124001 -10.239000 10.527000
c<A>r<217>R<ASP> 34.087002 -10.541000 12.796000
c<A>r<218>R<THR> 35.685001 -9.492000 16.077999
c<A>r<219>R<ARG> 35.648998 -6.006000 17.507000
c<A>r<258>R<ALA> 43.917000 -13.489000 12.446000
c<A>r<259>R<LEU> 46.300999 -13.803000 9.495000
c<A>r<261>R<ALA> 45.248001 -18.521000 12.005000
c<A>r<262>R<GLN> 44.174999 -18.728001 8.316000
c<A>r<289>R<GLY> 46.699001 -16.216000 -1.046000
c<A>r<290>R<ASN> 44.477001 -14.061000 -3.219000
c<A>r<291>R<ASN> 40.686001 -13.589000 -3.235000
c<A>r<292>R<LEU> 38.307999 -11.107000 -4.890000
c<A>r<293>R<GLY> 39.462002 -8.333000 -2.536000
c<A>r<294>R<GLY> 43.203999 -8.743000 -3.172000
c<A>r<295>R<TYR> 45.629002 -10.471000 -0.819000
c<A>r<296>R<ALA> 43.756001 -12.984000 1.359000
c<A>r<297>R<VAL> 44.189999 -11.222000 4.659000
c<A>r<298>R<PRO> 41.619999 -10.398000 7.371000
c<A>r<299>R<ASN> 38.966000 -7.883000 6.417000
c<A>r<300>R<VAL> 39.047001 -4.686000 8.455000
c<A>r<301>R<GLN> 35.902000 -2.571000 8.988000
c<A>r<303>R<GLY> 32.131001 1.495000 11.857000
c<A>r<307>R<GLY> 25.718000 3.177000 10.986000
c<A>r<308>R<SER> 27.615999 2.098000 7.855000
c<A>r<309>R<ASP> 31.068001 0.519000 7.584000
c<A>r<310>R<TRP> 34.134998 1.574000 5.644000
c<A>r<311>R<THR> 35.700001 -1.742000 4.606000
c<A>r<313>R<THR> 40.285000 -5.738000 1.951000
c<A>r<314>R<GLY> 43.777000 -6.863000 0.918000
c<A>r<356>R<PHE> 35.574001 4.044000 -3.585000
c<A>r<357>R<VAL> 33.368000 6.740000 -5.013000
c<A>r<368>R<GLY> 29.476999 9.671000 0.925000
c<A>r<369>R<PHE> 31.483999 6.539000 0.499000
c<A>r<370>R<SER> 30.597000 3.834000 -2.041000
c<A>r<371>R<ARG> 33.004002 0.927000 -2.245000
c<A>r<372>R<LEU> 33.062000 -0.319000 -5.847000
c<A>r<373>R<PRO> 32.442001 -4.006000 -6.519000
c<A>r<374>R<HIS> 35.410999 -6.306000 -7.115000
c<A>r<375>R<PHE> 34.910000 -6.556000 -10.864000
c<A>r<376>R<THR> 35.367001 -2.855000 -11.564000
c<C>r<12>R<GLY> 28.719000 -11.697000 -6.536000
c<C>r<13>R<ASN> 30.219999 -9.368000 -9.128000
c<C>r<14>R<LEU> 27.365999 -6.937000 -8.366000
c<C>r<15>R<GLY> 29.219999 -5.920000 -5.204000
c<C>r<16>R<ASP> 32.578999 -6.626000 -3.562000
c<C>r<17>R<PHE> 32.909000 -10.336000 -2.601000
c<C>r<18>R<THR> 36.014999 -11.601000 -0.725000
c<C>r<19>R<TYR> 36.443001 -15.016000 0.974000
c<C>r<20>R<ASP> 38.826000 -17.525999 2.585000
c<C>r<21>R<GLU> 37.535000 -21.101000 2.445000
c<C>r<22>R<SER> 39.995998 -22.374001 5.053000
c<C>r<23>R<ALA> 39.269001 -19.594000 7.524000
c<C>r<24>R<GLY> 35.549999 -19.965000 6.995000
c<C>r<25>R<THR> 35.252998 -16.219999 6.518000
c<C>r<26>R<PHE> 33.779999 -14.006000 3.807000
c<C>r<27>R<SER> 32.734001 -10.395000 3.349000
c<C>r<28>R<MET> 30.455000 -8.645000 0.925000
c<C>r<29>R<TYR> 30.062000 -4.940000 0.260000
c<C>r<30>R<TRP> 27.311001 -3.369000 -1.793000
c<C>r<31>R<GLU> 27.589001 0.122000 -0.351000
c<C>r<32>R<ASP> 26.818001 1.701000 -3.752000
c<C>r<33>R<GLY> 23.622000 -0.294000 -3.910000
c<C>r<34>R<VAL> 22.441999 -3.101000 -6.171000
c<C>r<35>R<SER> 19.398001 -3.299000 -8.439000
c<C>r<36>R<SER> 19.617001 -7.003000 -9.054000
c<C>r<54>R<TYR> 28.364000 -18.207001 12.771000
c<C>r<55>R<SER> 29.313999 -14.664000 13.783000
c<C>r<56>R<ALA> 28.635000 -11.616000 11.619000
c<C>r<57>R<GLU> 28.757999 -7.874000 11.133000
c<C>r<58>R<TYR> 25.669001 -7.205000 9.082000
c<C>r<59>R<SER> 24.367001 -3.813000 8.092000
c<C>r<60>R<ALA> 21.461000 -3.903000 5.672000
c<C>r<61>R<SER> 18.739000 -1.760000 7.263000
c<C>r<62>R<GLY> 17.891001 0.066000 4.048000
c<C>r<63>R<SER> 18.405001 -3.004000 1.848000
c<C>r<140>R<SER> 25.701000 -14.221000 15.741000
c<C>r<173>R<SER> 17.808001 -3.789000 -3.809000
c<C>r<174>R<GLY> 19.465000 -1.035000 -1.835000
c<C>r<175>R<ALA> 22.905001 -0.982000 -0.313000
c<C>r<176>R<GLY> 24.561001 -2.591000 2.658000
c<C>r<177>R<SER> 27.587999 -4.324000 4.122000
c<C>r<178>R<ALA> 28.374001 -7.777000 5.592000
c<C>r<179>R<SER> 31.264999 -9.714000 7.116000
c<C>r<180>R<VAL> 30.705999 -13.319000 8.226000
c<C>r<181>R<THR> 32.625000 -16.086000 9.932000
c<C>r<182>R<ILE> 31.417999 -19.679001 10.020000
