c<A>r<187>R<GLN> 24.447001 1.086000 -10.563000
c<A>r<188>R<PHE> 27.160000 1.302000 -7.903000
c<A>r<189>R<THR> 26.207001 4.400000 -5.883000
c<A>r<190>R<GLN> 22.388000 4.440000 -5.608000
c<A>r<191>R<SER> 22.562000 3.346000 -1.956000
c<A>r<192>R<MET> 25.743000 5.220000 -1.046000
c<A>r<193>R<PRO> 26.191999 5.543000 2.719000
c<A>r<194>R<TYR> 27.004000 8.857000 4.277000
c<A>r<195>R<THR> 28.725000 9.920000 7.473000
c<A>r<211>R<ARG> 32.875000 4.296000 16.686001
c<A>r<212>R<SER> 34.312000 0.794000 16.205999
c<A>r<213>R<ILE> 37.021999 -1.188000 14.488000
c<A>r<214>R<VAL> 36.521999 -4.805000 13.513000
c<A>r<215>R<VAL> 38.966000 -7.360000 12.201000
c<A>r<216>R<GLY> 37.124001 -10.239000 10.527000
c<A>r<217>R<ASP> 34.087002 -10.541000 12.796000
c<A>r<218>R<THR> 35.685001 -9.492000 16.077999
c<A>r<219>R<ARG> 35.648998 -6.006000 17.507000
c<A>r<220>R<VAL> 39.070999 -4.629000 18.320999
c<A>r<259>R<LEU> 46.300999 -13.803000 9.495000
c<A>r<261>R<ALA> 45.248001 -18.521000 12.005000
c<A>r<262>R<GLN> 44.174999 -18.728001 8.316000
c<A>r<288>R<LEU> 49.778000 -14.914000 0.745000
c<A>r<289>R<GLY> 46.699001 -16.216000 -1.046000
c<A>r<290>R<ASN> 44.477001 -14.061000 -3.219000
c<A>r<291>R<ASN> 40.686001 -13.589000 -3.235000
c<A>r<292>R<LEU> 38.307999 -11.107000 -4.890000
c<A>r<293>R<GLY> 39.462002 -8.333000 -2.536000
c<A>r<294>R<GLY> 43.203999 -8.743000 -3.172000
c<A>r<295>R<TYR> 45.629002 -10.471000 -0.819000
c<A>r<296>R<ALA> 43.756001 -12.984000 1.359000
c<A>r<297>R<VAL> 44.189999 -11.222000 4.659000
c<A>r<298>R<PRO> 41.619999 -10.398000 7.371000
c<A>r<299>R<ASN> 38.966000 -7.883000 6.417000
c<A>r<300>R<VAL> 39.047001 -4.686000 8.455000
c<A>r<301>R<GLN> 35.902000 -2.571000 8.988000
c<A>r<302>R<LEU> 35.610001 0.949000 10.424000
c<A>r<303>R<GLY> 32.131001 1.495000 11.857000
c<A>r<304>R<LEU> 31.254000 5.092000 11.150000
c<A>r<306>R<GLY> 25.459999 6.954000 10.550000
c<A>r<307>R<GLY> 25.718000 3.177000 10.986000
c<A>r<308>R<SER> 27.615999 2.098000 7.855000
c<A>r<309>R<ASP> 31.068001 0.519000 7.584000
c<A>r<310>R<TRP> 34.134998 1.574000 5.644000
c<A>r<311>R<THR> 35.700001 -1.742000 4.606000
c<A>r<312>R<MET> 39.332001 -2.586000 3.874000
c<A>r<313>R<THR> 40.285000 -5.738000 1.951000
c<A>r<314>R<GLY> 43.777000 -6.863000 0.918000
c<A>r<355>R<ASP> 38.075001 2.211000 -5.790000
c<A>r<356>R<PHE> 35.574001 4.044000 -3.585000
c<A>r<368>R<GLY> 29.476999 9.671000 0.925000
c<A>r<369>R<PHE> 31.483999 6.539000 0.499000
c<A>r<370>R<SER> 30.597000 3.834000 -2.041000
c<A>r<371>R<ARG> 33.004002 0.927000 -2.245000
c<A>r<372>R<LEU> 33.062000 -0.319000 -5.847000
c<A>r<373>R<PRO> 32.442001 -4.006000 -6.519000
c<A>r<374>R<HIS> 35.410999 -6.306000 -7.115000
c<A>r<375>R<PHE> 34.910000 -6.556000 -10.864000
c<C>r<2>R<ALA> 36.853001 -21.462000 -5.160000
c<C>r<3>R<GLY> 39.748001 -19.379000 -3.827000
c<C>r<4>R<ILE> 38.414001 -19.761000 -0.283000
c<C>r<5>R<ASN> 40.345001 -17.386999 1.956000
c<C>r<6>R<TYR> 38.068001 -16.915001 4.950000
c<C>r<7>R<VAL> 36.731998 -19.188000 7.659000
c<C>r<8>R<GLN> 33.507999 -18.120001 9.290000
c<C>r<9>R<ASN> 33.265999 -19.254999 12.892000
c<C>r<10>R<TYR> 30.743999 -17.590000 15.103000
c<C>r<21>R<GLU> 39.974998 -24.410999 3.240000
c<C>r<43>R<GLY> 34.133999 -18.108999 1.906000
c<C>r<44>R<TRP> 35.890999 -14.882000 0.997000
c<C>r<45>R<THR> 37.036999 -11.833000 2.906000
c<C>r<46>R<THR> 35.382999 -9.511000 0.397000
c<C>r<47>R<GLY> 32.061001 -10.503000 -1.129000
c<C>r<48>R<SER> 31.211000 -10.266000 -4.795000
c<C>r<49>R<SER> 28.292000 -10.858000 -7.127000
c<C>r<50>R<ASN> 29.917000 -14.004000 -8.550000
c<C>r<72>R<TRP> 27.577999 -8.327000 5.135000
c<C>r<73>R<VAL> 27.731001 -4.906000 3.536000
c<C>r<74>R<ASN> 29.738001 -2.207000 5.375000
c<C>r<75>R<TYR> 27.618999 0.853000 4.566000
c<C>r<76>R<PRO> 24.722000 1.083000 4.702000
c<C>r<77>R<GLN> 25.291000 -1.752000 7.170000
c<C>r<78>R<ALA> 23.371000 -4.869000 6.182000
c<C>r<119>R<PRO> 25.881001 -8.470000 17.278000
c<C>r<120>R<SER> 27.280001 -7.144000 14.019000
c<C>r<121>R<ILE> 30.568001 -6.838000 12.106000
c<C>r<122>R<THR> 31.066000 -3.712000 14.201000
c<C>r<123>R<GLY> 30.128000 -5.296000 17.500000
c<C>r<124>R<THR> 26.721001 -4.207000 18.634001
c<C>r<125>R<SER> 24.597000 -2.127000 16.287001
c<C>r<126>R<THR> 21.462999 -1.438000 14.300000
c<C>r<127>R<PHE> 21.530001 -2.860000 10.796000
c<C>r<150>R<ASN> 20.141001 -6.534000 -8.102000
c<C>r<153>R<ALA> 19.351999 -3.004000 -4.533000
c<C>r<154>R<GLN> 15.968000 -1.632000 -5.697000
c<C>r<155>R<HIS> 15.110000 -1.545000 -1.999000
c<C>r<156>R<GLY> 18.124001 -0.012000 -0.290000
c<C>r<157>R<PHE> 20.780001 -2.736000 -0.463000
c<C>r<158>R<GLY> 24.021999 -0.811000 -1.034000
c<C>r<159>R<ASN> 25.208000 -3.440000 -3.522000
c<C>r<160>R<SER> 28.861000 -2.493000 -2.965000
c<C>r<161>R<ASP> 31.332001 -2.040000 -0.076000
c<C>r<162>R<PHE> 31.108000 -5.734000 0.761000
c<C>r<163>R<ASN> 32.573002 -7.368000 3.838000
c<C>r<164>R<TYR> 32.868999 -11.185000 4.023000
