c<A>r<169>R<PRO> 42.459999 4.686000 -9.182000
c<A>r<170>R<THR> 44.855000 1.788000 -8.519000
c<A>r<171>R<GLY> 45.888000 2.271000 -12.152000
c<A>r<172>R<GLY> 44.358002 3.875000 -15.220000
c<A>r<185>R<TRP> 27.316999 5.512000 -11.659000
c<A>r<186>R<PRO> 24.010000 4.808000 -9.829000
c<A>r<187>R<GLN> 24.447001 1.086000 -10.563000
c<A>r<188>R<PHE> 27.160000 1.302000 -7.903000
c<A>r<189>R<THR> 26.207001 4.400000 -5.883000
c<A>r<190>R<GLN> 22.388000 4.440000 -5.608000
c<A>r<191>R<SER> 22.562000 3.346000 -1.956000
c<A>r<192>R<MET> 25.743000 5.220000 -1.046000
c<A>r<193>R<PRO> 26.191999 5.543000 2.719000
c<A>r<288>R<LEU> 49.778000 -14.914000 0.745000
c<A>r<289>R<GLY> 46.699001 -16.216000 -1.046000
c<A>r<290>R<ASN> 44.477001 -14.061000 -3.219000
c<A>r<291>R<ASN> 40.686001 -13.589000 -3.235000
c<A>r<292>R<LEU> 38.307999 -11.107000 -4.890000
c<A>r<293>R<GLY> 39.462002 -8.333000 -2.536000
c<A>r<294>R<GLY> 43.203999 -8.743000 -3.172000
c<A>r<295>R<TYR> 45.629002 -10.471000 -0.819000
c<A>r<296>R<ALA> 43.756001 -12.984000 1.359000
c<A>r<297>R<VAL> 44.189999 -11.222000 4.659000
c<A>r<299>R<ASN> 38.966000 -7.883000 6.417000
c<A>r<308>R<SER> 27.615999 2.098000 7.855000
c<A>r<309>R<ASP> 31.068001 0.519000 7.584000
c<A>r<311>R<THR> 35.700001 -1.742000 4.606000
c<A>r<313>R<THR> 40.285000 -5.738000 1.951000
c<A>r<314>R<GLY> 43.777000 -6.863000 0.918000
c<A>r<315>R<LYS> 44.033001 -4.216000 -1.781000
c<A>r<316>R<ASN> 43.500999 -1.595000 0.951000
c<A>r<318>R<MET> 48.478001 -4.437000 2.134000
c<A>r<354>R<GLU> 41.091999 3.739000 -4.050000
c<A>r<355>R<ASP> 38.075001 2.211000 -5.790000
c<A>r<356>R<PHE> 35.574001 4.044000 -3.585000
c<A>r<357>R<VAL> 33.368000 6.740000 -5.013000
c<A>r<369>R<PHE> 31.483999 6.539000 0.499000
c<A>r<370>R<SER> 30.597000 3.834000 -2.041000
c<A>r<371>R<ARG> 33.004002 0.927000 -2.245000
c<A>r<372>R<LEU> 33.062000 -0.319000 -5.847000
c<A>r<373>R<PRO> 32.442001 -4.006000 -6.519000
c<A>r<374>R<HIS> 35.410999 -6.306000 -7.115000
c<A>r<375>R<PHE> 34.910000 -6.556000 -10.864000
c<A>r<376>R<THR> 35.367001 -2.855000 -11.564000
c<A>r<377>R<GLY> 37.349998 0.098000 -10.195000
c<A>r<378>R<CYS> 37.860001 3.800000 -10.641000
c<A>r<379>R<GLY> 40.459000 3.463000 -13.386000
c<A>r<380>R<GLY> 38.703999 3.956000 -16.716999
c<C>r<8>R<GLN> 31.583000 -17.594999 -1.803000
c<C>r<9>R<ASN> 31.125999 -14.481000 0.299000
c<C>r<10>R<TYR> 32.282001 -11.212000 -1.113000
c<C>r<11>R<ASN> 30.660999 -8.425000 0.921000
c<C>r<14>R<LEU> 25.812000 -5.842000 2.551000
c<C>r<32>R<ASP> 16.707001 -2.405000 1.328000
c<C>r<33>R<GLY> 19.037001 -1.990000 -1.607000
c<C>r<34>R<VAL> 22.816999 -1.992000 -1.921000
c<C>r<35>R<SER> 25.160999 0.688000 -3.253000
c<C>r<36>R<SER> 28.193001 -1.527000 -3.470000
c<C>r<37>R<ASP> 29.037001 -4.877000 -5.065000
c<C>r<38>R<PHE> 28.525999 -8.265000 -3.438000
c<C>r<39>R<VAL> 28.865999 -11.789000 -4.833000
c<C>r<63>R<SER> 18.579000 -4.262000 -9.503000
c<C>r<64>R<SER> 21.924999 -4.309000 -11.385000
c<C>r<65>R<SER> 22.219000 -8.027000 -10.584000
c<C>r<72>R<TRP> 38.008999 -17.584000 -12.149000
c<C>r<79>R<GLU> 36.792999 -13.864000 -14.308000
c<C>r<88>R<ASP> 18.549999 -3.904000 -15.165000
c<C>r<89>R<TYR> 22.042999 -4.417000 -16.563000
c<C>r<114>R<THR> 39.278999 -5.989000 -19.775999
c<C>r<115>R<ARG> 39.313999 -4.833000 -16.099001
c<C>r<116>R<THR> 42.362000 -2.778000 -15.087000
c<C>r<117>R<ASN> 43.611000 -2.625000 -11.469000
c<C>r<118>R<GLU> 40.459000 -4.065000 -9.904000
c<C>r<119>R<PRO> 39.610001 -6.523000 -7.104000
c<C>r<120>R<SER> 40.676998 -9.985000 -8.206000
c<C>r<121>R<ILE> 41.652000 -13.386000 -6.777000
c<C>r<122>R<THR> 45.108002 -11.847000 -6.462000
c<C>r<123>R<GLY> 43.955002 -8.612000 -4.887000
c<C>r<124>R<THR> 44.091999 -5.766000 -7.327000
c<C>r<125>R<SER> 44.907001 -6.508000 -10.952000
c<C>r<126>R<THR> 44.174000 -6.423000 -14.653000
c<C>r<127>R<PHE> 42.216999 -9.413000 -15.894000
c<C>r<129>R<GLN> 36.171001 -11.100000 -18.174999
c<C>r<163>R<ASN> 40.250999 -21.400000 -9.326000
c<C>r<164>R<TYR> 36.834000 -21.489000 -7.591000
c<C>r<170>R<GLU> 25.548000 -10.686000 -7.485000
c<C>r<171>R<ALA> 24.233000 -7.116000 -7.201000
c<C>r<172>R<TRP> 25.865000 -3.714000 -6.921000
c<C>r<173>R<SER> 22.930000 -1.363000 -7.129000
c<C>r<174>R<GLY> 19.256001 -1.485000 -6.280000
c<C>r<175>R<ALA> 17.400999 -4.053000 -4.253000
