c<A>r<1>R<MET> 12.099000 5.243000 7.195000
c<A>r<2>R<ILE> 10.812000 4.568000 3.555000
c<A>r<3>R<LEU> 7.746000 2.308000 4.058000
c<A>r<4>R<LYS> 4.765000 4.178000 5.523000
c<A>r<5>R<LYS> 3.282000 2.908000 8.732000
c<A>r<13>R<LEU> -5.456000 7.081000 1.199000
c<A>r<14>R<LEU> -8.201000 9.279000 2.646000
c<A>r<15>R<LYS> -6.516000 12.406000 1.213000
c<A>r<16>R<MET> -6.450000 10.811000 -2.222000
c<A>r<17>R<ALA> -10.210000 10.206000 -2.171000
c<A>r<121>R<ASP> -17.861000 6.874000 -8.054000
c<A>r<122>R<GLU> -14.263000 6.305000 -6.985000
c<A>r<123>R<GLY> -15.339000 6.829000 -3.364000
c<A>r<124>R<LEU> -13.023000 5.123000 -0.911000
c<A>r<136>R<LEU> -11.815000 -9.700000 5.233000
c<A>r<137>R<ASP> -13.646000 -12.645000 3.722000
c<A>r<138>R<PHE> -16.596001 -10.426000 2.819000
c<A>r<139>R<CYS> -14.220000 -7.928000 1.107000
c<A>r<140>R<ARG> -12.453000 -10.727000 -0.770000
c<A>r<141>R<ASN> -15.751000 -11.728000 -2.254000
c<A>r<142>R<LEU> -16.900999 -8.250000 -3.356000
c<A>r<143>R<ASP> -17.722000 -8.169000 -7.080000
c<A>r<144>R<GLN> -14.624000 -6.951000 -8.885000
c<A>r<145>R<GLN> -16.829000 -5.000000 -11.306000
c<A>r<147>R<ALA> -15.225000 -2.337000 -6.284000
c<A>r<148>R<ARG> -11.455000 -2.795000 -6.059000
c<A>r<149>R<VAL> -10.204000 -4.146000 -2.707000
c<A>r<150>R<LEU> -6.616000 -3.488000 -1.620000
c<A>r<151>R<THR> -4.723000 -4.844000 1.482000
c<A>r<152>R<TYR> -1.663000 -3.101000 2.979000
c<A>r<153>R<GLY> 0.214000 -4.581000 5.960000
c<A>r<154>R<PHE> 3.479000 -5.476000 7.645000
c<A>r<155>R<ILE> 3.977000 -9.242000 7.839000
c<A>r<156>R<ASN> 7.073000 -9.733000 10.020000
c<A>r<157>R<GLN> 6.027000 -7.526000 13.080000
c<A>r<158>R<GLN> 5.482000 -9.282000 16.367001
c<A>r<163>R<PHE> -3.382000 -3.851000 8.431000
c<A>r<164>R<ILE> -5.404000 -1.735000 5.985000
c<A>r<165>R<VAL> -8.288000 -2.844000 3.746000
c<A>r<166>R<ALA> -9.147000 -0.189000 1.152000
c<A>r<167>R<ILE> -12.327000 -0.507000 -0.914000
c<A>r<168>R<GLU> -12.617000 1.703000 -3.960000
c<A>r<169>R<LYS> -16.059999 1.975000 -5.546000
c<A>r<170>R<LYS> -15.822000 1.529000 -9.307000
c<A>r<171>R<ALA> -17.834999 3.762000 -11.780000
c<B>r<1>R<MET> -8.843000 5.627000 -10.166000
c<B>r<2>R<ILE> -7.559000 6.270000 -6.505000
c<B>r<3>R<LEU> -5.808000 2.974000 -5.551000
c<B>r<4>R<LYS> -2.505000 2.483000 -7.373000
c<B>r<5>R<LYS> -2.063000 -0.646000 -9.423000
c<B>r<13>R<LEU> 8.365000 2.436000 -3.809000
c<B>r<14>R<LEU> 11.605000 2.314000 -5.805000
c<B>r<15>R<LYS> 11.553000 6.117000 -6.203000
c<B>r<16>R<MET> 11.214000 6.526000 -2.445000
c<B>r<17>R<ALA> 14.353000 4.463000 -1.801000
c<B>r<120>R<ASP> 20.492001 1.446000 5.732000
c<B>r<121>R<GLU> 16.889999 2.019000 4.684000
c<B>r<122>R<GLY> 17.673000 0.269000 1.379000
c<B>r<123>R<LEU> 14.603000 -1.249000 -0.222000
c<B>r<135>R<LEU> 6.627000 -15.131000 1.202000
c<B>r<136>R<ASP> 7.189000 -17.487000 4.137000
c<B>r<137>R<PHE> 10.849000 -16.586000 4.223000
c<B>r<138>R<CYS> 9.962000 -12.833000 4.270000
c<B>r<139>R<ARG> 7.413000 -13.361000 7.038000
c<B>r<140>R<ASN> 10.124000 -14.840000 9.186000
c<B>r<141>R<LEU> 12.765000 -12.118000 8.642000
c<B>r<142>R<ASP> 13.960000 -10.641000 11.946000
c<B>r<143>R<GLN> 11.908000 -7.527000 12.626000
c<B>r<144>R<GLN> 14.991000 -5.824000 14.062000
c<B>r<146>R<ALA> 14.072000 -5.436000 8.246000
c<B>r<147>R<ARG> 10.469000 -4.299000 7.850000
c<B>r<148>R<VAL> 8.385000 -6.395000 5.414000
c<B>r<149>R<LEU> 5.299000 -4.885000 3.752000
c<B>r<150>R<THR> 2.687000 -6.602000 1.466000
c<B>r<151>R<TYR> 0.492000 -4.682000 -1.012000
c<B>r<152>R<GLY> -2.146000 -6.451000 -3.128000
c<B>r<153>R<PHE> -5.650000 -6.555000 -4.547000
c<B>r<154>R<ILE> -7.700000 -9.347000 -2.990000
c<B>r<155>R<ASN> -10.932000 -9.455000 -5.004000
c<B>r<156>R<GLN> -9.389000 -9.646000 -8.598000
c<B>r<157>R<GLN> -9.982000 -12.821000 -10.549000
c<B>r<162>R<PHE> 1.120000 -8.541000 -5.218000
c<B>r<163>R<ILE> 4.105000 -6.623000 -3.859000
c<B>r<164>R<VAL> 6.479000 -7.634000 -1.037000
c<B>r<165>R<ALA> 8.659000 -4.711000 0.058000
c<B>r<166>R<ILE> 11.624000 -5.325000 2.359000
c<B>r<167>R<GLU> 13.155000 -2.296000 4.022000
c<B>r<168>R<LYS> 16.551001 -2.789000 5.669000
c<B>r<169>R<LYS> 16.570000 -1.256000 9.137000
c<B>r<170>R<ALA> 19.580999 0.813000 10.448000
