1764341882753 0.0 15
1764341882767 0.0 15
1764341933509 1.0 31
1764341933524 1.0 31
1764341984007 2.0 47
1764341984022 2.0 47
1764342035267 3.0 63
1764342035284 3.0 63
1764342085234 4.0 79
1764342085244 4.0 79
1764342136750 5.0 95
1764342136766 5.0 95
1764342185924 6.0 111
1764342185935 6.0 111
1764342234875 7.0 127
1764342234892 7.0 127
1764342284330 8.0 143
1764342284345 8.0 143
1764342334148 9.0 159
1764342334162 9.0 159
1764342382009 10.0 175
1764342382025 10.0 175
1764342435724 11.0 191
1764342435745 11.0 191
1764342487931 12.0 207
1764342487942 12.0 207
1764342538650 13.0 223
1764342538669 13.0 223
1764342591406 14.0 239
1764342591424 14.0 239
1764342643450 15.0 255
1764342643455 15.0 255
1764342692879 16.0 271
1764342692897 16.0 271
1764342742777 17.0 287
1764342742794 17.0 287
1764342794782 18.0 303
1764342794786 18.0 303
1764342846939 19.0 319
1764342846955 19.0 319
1764342895411 20.0 335
1764342895429 20.0 335
1764342943204 21.0 351
1764342943220 21.0 351
1764342994171 22.0 367
1764342994187 22.0 367
1764343043212 23.0 383
1764343043230 23.0 383
1764343091907 24.0 399
1764343091911 24.0 399
1764343141505 25.0 415
1764343141510 25.0 415
1764343188254 26.0 431
1764343188272 26.0 431
1764343236860 27.0 447
1764343236864 27.0 447
1764343284626 28.0 463
1764343284629 28.0 463
1764343332857 29.0 479
1764343332860 29.0 479
1764343381657 30.0 495
1764343381668 30.0 495
1764343429592 31.0 511
1764343429596 31.0 511
1764343478700 32.0 527
1764343478716 32.0 527
1764343528027 33.0 543
1764343528044 33.0 543
1764343576603 34.0 559
1764343576613 34.0 559
1764343623367 35.0 575
1764343623377 35.0 575
1764343668915 36.0 591
1764343668930 36.0 591
1764343715339 37.0 607
1764343715343 37.0 607
1764343761370 38.0 623
1764343761386 38.0 623
1764343807542 39.0 639
1764343807545 39.0 639
1764343853231 40.0 655
1764343853248 40.0 655
1764343900173 41.0 671
1764343900185 41.0 671
1764343947854 42.0 687
1764343947858 42.0 687
1764343995483 43.0 703
1764343995486 43.0 703
1764344043365 44.0 719
1764344043376 44.0 719
1764344092321 45.0 735
1764344092337 45.0 735
1764344140338 46.0 751
1764344140354 46.0 751
1764344186394 47.0 767
1764344186398 47.0 767
1764344233613 48.0 783
1764344233629 48.0 783
1764344281637 49.0 799
1764344281652 49.0 799
1764344329155 50.0 815
1764344329170 50.0 815
1764344377252 51.0 831
1764344377256 51.0 831
1764344424600 52.0 847
1764344424611 52.0 847
1764344473030 53.0 863
1764344473046 53.0 863
1764344520295 54.0 879
1764344520299 54.0 879
1764344565542 55.0 895
1764344565552 55.0 895
1764344610651 56.0 911
1764344610662 56.0 911
1764344657654 57.0 927
1764344657658 57.0 927
1764344706330 58.0 943
1764344706339 58.0 943
1764344753822 59.0 959
1764344753825 59.0 959
1764344803726 60.0 975
1764344803730 60.0 975
1764344851606 61.0 991
1764344851609 61.0 991
1764344897777 62.0 1007
1764344897781 62.0 1007
1764344945973 63.0 1023
1764344945976 63.0 1023
1764344991736 64.0 1039
1764344991753 64.0 1039
1764345039313 65.0 1055
1764345039317 65.0 1055
1764345085160 66.0 1071
1764345085164 66.0 1071
1764345133658 67.0 1087
1764345133661 67.0 1087
1764345182549 68.0 1103
1764345182553 68.0 1103
1764345235276 69.0 1119
1764345235280 69.0 1119
1764345288231 70.0 1135
1764345288242 70.0 1135
1764345341165 71.0 1151
1764345341176 71.0 1151
1764345392774 72.0 1167
1764345392778 72.0 1167
1764345443922 73.0 1183
1764345443926 73.0 1183
1764345496252 74.0 1199
1764345496256 74.0 1199
1764345549192 75.0 1215
1764345549197 75.0 1215
1764345602687 76.0 1231
1764345602690 76.0 1231
1764345655684 77.0 1247
1764345655688 77.0 1247
1764345708344 78.0 1263
1764345708348 78.0 1263
1764345758142 79.0 1279
1764345758146 79.0 1279
1764345805102 80.0 1295
1764345805106 80.0 1295
1764345858006 81.0 1311
1764345858010 81.0 1311
1764345910320 82.0 1327
1764345910324 82.0 1327
1764345961277 83.0 1343
1764345961281 83.0 1343
1764346014439 84.0 1359
1764346014443 84.0 1359
1764346066657 85.0 1375
1764346066661 85.0 1375
1764346118916 86.0 1391
1764346118920 86.0 1391
1764346171406 87.0 1407
1764346171410 87.0 1407
1764346223886 88.0 1423
1764346223890 88.0 1423
1764346277572 89.0 1439
1764346277576 89.0 1439
1764346331578 90.0 1455
1764346331590 90.0 1455
1764346384262 91.0 1471
1764346384273 91.0 1471
1764346436331 92.0 1487
1764346436335 92.0 1487
1764346484516 93.0 1503
1764346484520 93.0 1503
1764346530727 94.0 1519
1764346530731 94.0 1519
1764346577997 95.0 1535
1764346578001 95.0 1535
1764346624075 96.0 1551
1764346624078 96.0 1551
1764346669930 97.0 1567
1764346669947 97.0 1567
1764346713559 98.0 1583
1764346713565 98.0 1583
1764346757635 99.0 1599
1764346757638 99.0 1599
1764346801570 100.0 1615
1764346801574 100.0 1615
1764346848131 101.0 1631
1764346848142 101.0 1631
1764346894552 102.0 1647
1764346894563 102.0 1647
1764346939070 103.0 1663
1764346939074 103.0 1663
1764346985366 104.0 1679
1764346985370 104.0 1679
1764347031606 105.0 1695
1764347031610 105.0 1695
1764347077383 106.0 1711
1764347077387 106.0 1711
1764347123051 107.0 1727
1764347123055 107.0 1727
1764347170830 108.0 1743
1764347170834 108.0 1743
1764347215965 109.0 1759
1764347215969 109.0 1759
1764347262024 110.0 1775
1764347262036 110.0 1775
1764347307656 111.0 1791
1764347307660 111.0 1791
1764347354158 112.0 1807
1764347354170 112.0 1807
1764347400151 113.0 1823
1764347400155 113.0 1823
1764347446097 114.0 1839
1764347446101 114.0 1839
1764347491699 115.0 1855
1764347491711 115.0 1855
1764347537094 116.0 1871
1764347537113 116.0 1871
1764347583167 117.0 1887
1764347583178 117.0 1887
1764347629594 118.0 1903
1764347629605 118.0 1903
1764347676295 119.0 1919
1764347676298 119.0 1919
1764347722937 120.0 1935
1764347722941 120.0 1935
1764347768367 121.0 1951
1764347768370 121.0 1951
1764347814055 122.0 1967
1764347814059 122.0 1967
1764347860857 123.0 1983
1764347860861 123.0 1983
1764347907531 124.0 1999
1764347907535 124.0 1999
1764347954275 125.0 2015
1764347954279 125.0 2015
1764348000895 126.0 2031
1764348000899 126.0 2031
1764348048418 127.0 2047
1764348048422 127.0 2047
1764348094856 128.0 2063
1764348094861 128.0 2063
1764348141693 129.0 2079
1764348141696 129.0 2079
1764348189312 130.0 2095
1764348189315 130.0 2095
1764348236166 131.0 2111
1764348236170 131.0 2111
1764348282305 132.0 2127
1764348282309 132.0 2127
1764348330075 133.0 2143
1764348330078 133.0 2143
1764348376056 134.0 2159
1764348376060 134.0 2159
1764348422989 135.0 2175
1764348422993 135.0 2175
1764348470991 136.0 2191
1764348470996 136.0 2191
1764348518009 137.0 2207
1764348518013 137.0 2207
1764348563201 138.0 2223
1764348563216 138.0 2223
1764348608731 139.0 2239
1764348608735 139.0 2239
1764348654422 140.0 2255
1764348654426 140.0 2255
1764348699615 141.0 2271
1764348699618 141.0 2271
1764348745162 142.0 2287
1764348745166 142.0 2287
1764348790781 143.0 2303
1764348790787 143.0 2303
1764348838575 144.0 2319
1764348838579 144.0 2319
1764348883532 145.0 2335
1764348883535 145.0 2335
1764348928520 146.0 2351
1764348928524 146.0 2351
1764348975230 147.0 2367
1764348975234 147.0 2367
1764349021781 148.0 2383
1764349021784 148.0 2383
1764349067711 149.0 2399
1764349067715 149.0 2399
1764349114027 150.0 2415
1764349114031 150.0 2415
1764349160276 151.0 2431
1764349160280 151.0 2431
1764349207337 152.0 2447
1764349207340 152.0 2447
1764349252437 153.0 2463
1764349252440 153.0 2463
1764349299413 154.0 2479
1764349299417 154.0 2479
1764349344103 155.0 2495
1764349344107 155.0 2495
1764349390605 156.0 2511
1764349390617 156.0 2511
1764349437132 157.0 2527
1764349437136 157.0 2527
1764349483086 158.0 2543
1764349483097 158.0 2543
1764349528622 159.0 2559
1764349528625 159.0 2559
1764349574448 160.0 2575
1764349574451 160.0 2575
1764349620353 161.0 2591
1764349620356 161.0 2591
1764349664269 162.0 2607
1764349664272 162.0 2607
1764349708277 163.0 2623
1764349708281 163.0 2623
1764349755263 164.0 2639
1764349755266 164.0 2639
1764349801538 165.0 2655
1764349801542 165.0 2655
1764349847231 166.0 2671
1764349847242 166.0 2671
1764349893339 167.0 2687
1764349893342 167.0 2687
1764349939787 168.0 2703
1764349939790 168.0 2703
1764349947738 169.0 2704
