c<C>r<30>R<LEU> 11.098000 6.920000 -21.294001
c<C>r<31>R<ASP> 13.694000 4.935000 -23.377001
c<C>r<32>R<ALA> 11.190000 2.275000 -24.188999
c<C>r<37>R<HIS> 5.031000 -1.024000 -26.386000
c<C>r<40>R<ARG> 2.447000 -3.817000 -22.867001
c<C>r<41>R<SER> -0.290000 -3.774000 -25.601000
c<C>r<62>R<ALA> 13.738000 1.288000 -20.556000
c<C>r<63>R<ARG> 14.901000 4.318000 -18.525999
c<C>r<64>R<ASN> 13.617000 2.644000 -15.327000
c<C>r<65>R<GLY> 15.221000 -0.684000 -16.198000
c<C>r<66>R<ALA> 12.021000 -2.276000 -17.320999
c<C>r<70>R<HIS> 8.113000 -6.179000 -16.933001
c<C>r<71>R<ASP> 5.649000 -4.224000 -19.159000
c<C>r<72>R<ALA> 3.755000 -7.413000 -20.091000
c<C>r<74>R<ALA> 2.316000 -4.873000 -15.400000
c<C>r<75>R<THR> -0.408000 -4.894000 -18.125999
c<C>r<76>R<GLY> -1.446000 -8.494000 -17.521999
c<C>r<97>R<ASN> 15.721000 0.013000 -11.109000
c<C>r<98>R<SER> 13.249000 -0.280000 -8.177000
c<C>r<99>R<GLY> 14.070000 -3.910000 -7.676000
c<C>r<100>R<ALA> 10.781000 -5.149000 -8.968000
c<C>r<105>R<LEU> 4.430000 -5.946000 -11.128000
c<C>r<108>R<ARG> 1.003000 -4.461000 -7.948000
c<C>r<109>R<PHE> -1.391000 -4.125000 -10.886000
c<C>r<110>R<GLY> -3.732000 -6.930000 -9.934000
c<C>r<130>R<THR> 12.306000 -4.698000 -3.935000
c<C>r<131>R<ASP> 14.716000 -1.900000 -2.931000
c<C>r<132>R<THR> 12.125000 -0.837000 -0.437000
c<C>r<133>R<GLY> 11.840000 -4.289000 0.978000
c<C>r<134>R<ALA> 8.488000 -5.081000 -0.513000
c<C>r<135>R<LEU> 7.392000 -8.626000 -1.335000
c<C>r<138>R<HIS> 2.796000 -6.430000 -0.003000
c<C>r<139>R<TYR> 1.636000 -5.205000 -3.449000
c<C>r<142>R<ALA> -2.057000 -2.773000 -1.018000
c<C>r<164>R<THR> 9.124000 -3.355000 4.280000
c<C>r<165>R<ASN> 12.025000 -0.996000 5.036000
c<C>r<166>R<ASN> 9.486000 1.398000 6.589000
c<C>r<167>R<GLY> 7.951000 -1.383000 8.582000
c<C>r<168>R<ALA> 4.687000 -1.999000 6.668000
c<C>r<169>R<THR> 3.153000 -5.448000 6.697000
c<C>r<172>R<TYR> -0.818000 -2.653000 7.446000
c<C>r<173>R<LEU> -1.045000 -1.796000 3.711000
c<C>r<176>R<GLN> -4.097000 1.839000 4.948000
c<C>r<177>R<GLU> -5.817000 1.270000 1.569000
c<C>r<198>R<ALA> 5.823000 0.224000 11.505000
c<C>r<199>R<GLN> 9.094000 2.120000 12.069000
c<C>r<200>R<ASP> 7.191000 5.099000 13.392000
c<C>r<201>R<GLY> 5.202000 2.945000 15.746000
c<C>r<202>R<MET> 2.007000 3.046000 13.736000
c<C>r<206>R<HIS> -3.610000 3.864000 13.095000
c<C>r<207>R<ALA> -3.258000 3.580000 9.368000
c<C>r<210>R<GLN> -5.394000 8.161000 9.323000
c<C>r<211>R<MET> -6.899000 7.199000 5.976000
c<C>r<232>R<ASP> 2.551000 5.382000 18.180000
c<C>r<233>R<HIS> 6.108000 6.488000 19.039000
c<C>r<234>R<ASP> 4.872000 10.056000 19.521999
c<C>r<236>R<ALA> -0.591000 9.601000 19.122999
c<C>r<240>R<HIS> -5.225000 11.978000 16.777000
c<C>r<241>R<PHE> -4.811000 10.709000 13.236000
c<D>r<1>R<GLY> 2.424000 9.567000 10.934000
c<D>r<2>R<GLN> 3.761000 8.902000 7.288000
c<D>r<3>R<ILE> 1.682000 7.182000 4.704000
c<D>r<4>R<LYS> 3.533000 3.939000 3.827000
c<D>r<5>R<VAL> 4.366000 3.707000 0.063000
c<D>r<6>R<LEU> 5.863000 0.584000 -1.687000
c<D>r<7>R<ASP> 7.333000 2.395000 -4.661000
c<D>r<8>R<GLY> 8.821000 5.733000 -5.296000
c<D>r<10>R<ASP> 8.433000 6.399000 -10.941000
c<D>r<11>R<GLN> 5.904000 7.501000 -13.671000
c<D>r<12>R<TYR> 6.925000 4.643000 -16.035000
c<D>r<13>R<TYR> 4.293000 2.060000 -14.915000
c<D>r<14>R<LYS> 1.583000 4.541000 -13.602000
c<D>r<16>R<LEU> 0.202000 1.609000 -18.106001
c<D>r<17>R<SER> -2.879000 0.748000 -16.087000
c<D>r<18>R<PRO> -5.763000 1.727000 -18.139000
