c<A>r<9>R<GLN> -2.211000 13.390000 -11.244000
c<A>r<10>R<GLY> -1.515000 9.927000 -9.875000
c<A>r<11>R<PRO> 0.230000 7.950000 -7.130000
c<A>r<12>R<VAL> 3.896000 8.359000 -6.417000
c<A>r<13>R<ALA> 4.364000 4.682000 -6.254000
c<A>r<14>R<VAL> 2.341000 1.558000 -6.851000
c<A>r<15>R<TYR> 3.148000 -1.738000 -5.121000
c<A>r<16>R<THR> 2.857000 -5.226000 -6.544000
c<A>r<19>R<GLY> 2.596000 -12.381000 -11.328000
c<A>r<20>R<ASN> 0.232000 -9.901000 -9.631000
c<A>r<21>R<GLN> -1.550000 -7.516000 -12.071000
c<A>r<22>R<VAL> -1.593000 -3.832000 -11.084000
c<A>r<23>R<ASN> -3.077000 -0.713000 -12.692000
c<A>r<24>R<ILE> -1.185000 2.533000 -12.621000
c<A>r<25>R<THR> -3.645000 5.366000 -12.997000
c<A>r<26>R<CYS> -2.657000 8.620000 -14.733000
c<A>r<27>R<GLU> -5.442000 11.126000 -14.297000
c<A>r<58>R<THR> -10.807000 6.750000 -20.371000
c<A>r<61>R<ALA> -7.537000 8.851000 -17.180000
c<A>r<63>R<TYR> -4.396000 3.068000 -17.070000
c<A>r<65>R<GLU> -1.997000 -2.448000 -16.615999
c<A>r<92>R<PHE> 5.381000 6.533000 -11.417000
c<A>r<93>R<ILE> 7.364000 3.966000 -9.549000
c<A>r<94>R<LEU> 6.352000 0.403000 -9.546000
c<A>r<95>R<VAL> 7.679000 -1.169000 -6.408000
c<A>r<97>R<ALA> 6.203000 -5.909000 -2.712000
c<A>r<124>R<ALA> 8.060000 -4.647000 7.495000
c<A>r<125>R<THR> 4.655000 -5.152000 5.784000
c<A>r<126>R<GLY> 6.467000 -6.192000 2.610000
c<A>r<127>R<GLY> 5.275000 -3.068000 0.923000
c<A>r<128>R<VAL> 1.630000 -3.542000 1.139000
c<A>r<129>R<PRO> -0.739000 -3.399000 4.154000
c<A>r<130>R<ILE> -1.285000 -6.480000 6.378000
c<A>r<131>R<LEU> -4.616000 -8.041000 5.788000
c<A>r<180>R<ASN> -0.529000 -9.463000 3.140000
c<A>r<181>R<GLY> -1.870000 -9.608000 -0.403000
c<A>r<182>R<LYS> 1.217000 -11.444000 -1.558000
c<A>r<183>R<GLY> 0.996000 -14.045000 1.121000
c<B>r<8>R<GLY> -7.808000 -11.028000 -10.251000
c<B>r<9>R<PRO> -5.786000 -9.520000 -7.381000
c<B>r<10>R<VAL> -6.584000 -10.405000 -3.754000
c<B>r<11>R<ALA> -6.242000 -6.887000 -2.651000
c<B>r<12>R<VAL> -5.859000 -3.412000 -4.198000
c<B>r<13>R<TYR> -4.323000 -0.469000 -2.213000
c<B>r<14>R<THR> -5.409000 3.085000 -2.574000
c<B>r<15>R<TRP> -6.424000 6.209000 -0.629000
c<B>r<18>R<ASN> -7.170000 8.250000 -5.589000
c<B>r<19>R<GLN> -8.907000 6.487000 -8.479000
c<B>r<20>R<VAL> -8.150000 2.725000 -8.703000
c<B>r<21>R<ASN> -9.182000 -0.018000 -11.101000
c<B>r<22>R<ILE> -10.016000 -3.501000 -9.877000
c<B>r<23>R<THR> -9.729000 -5.998000 -12.747000
c<B>r<54>R<TYR> -16.247000 -1.068000 -17.806999
c<B>r<91>R<ILE> -10.439000 -6.159000 -0.979000
c<B>r<93>R<VAL> -7.388000 -1.511000 1.276000
c<B>r<94>R<GLN> -6.957000 1.941000 2.507000
c<B>r<95>R<ALA> -3.364000 3.287000 2.407000
c<B>r<96>R<ASP> -2.280000 6.420000 4.237000
c<B>r<123>R<THR> 4.348000 4.160000 7.228000
c<B>r<124>R<GLY> 0.664000 4.303000 6.186000
c<B>r<125>R<GLY> 0.753000 0.726000 5.040000
c<B>r<126>R<VAL> 3.226000 1.097000 2.370000
c<B>r<127>R<PRO> 7.039000 1.651000 2.632000
c<B>r<128>R<ILE> 8.581000 5.060000 2.846000
c<B>r<129>R<LEU> 10.157000 6.047000 -0.385000
c<B>r<177>R<LEU> 7.048000 10.371000 1.639000
c<B>r<178>R<ASN> 5.275000 7.119000 0.622000
c<B>r<179>R<GLY> 3.317000 5.985000 -2.440000
c<B>r<180>R<LYS> 0.413000 8.173000 -1.487000
c<B>r<181>R<GLY> 2.425000 11.268000 -0.794000
c<B>r<182>R<LEU> 4.202000 13.384000 1.735000
