c<A>r<263>R<ASP> 22.329000 -18.441000 49.004002
c<A>r<264>R<PRO> 21.697001 -14.733000 48.214001
c<A>r<265>R<VAL> 19.113001 -15.606000 45.555000
c<A>r<266>R<THR> 17.146999 -17.792999 47.969002
c<A>r<267>R<ASN> 16.919001 -14.902000 50.448002
c<A>r<268>R<ILE> 15.840000 -12.508000 47.712002
c<A>r<269>R<CYS> 13.101000 -14.877000 46.507999
c<A>r<270>R<GLN> 11.860000 -15.345000 50.078999
c<A>r<271>R<ALA> 11.461000 -11.570000 50.422001
c<A>r<273>R<ASP> 7.070000 -13.993000 48.160000
c<A>r<274>R<LYS> 6.549000 -12.052000 51.398998
c<A>r<317>R<SER> 17.566999 1.124000 49.362999
c<A>r<318>R<ILE> 18.333000 4.789000 48.592999
c<A>r<319>R<ALA> 20.570000 5.217000 51.664001
c<A>r<320>R<VAL> 22.327999 1.893000 51.069000
c<A>r<321>R<LYS> 25.759001 1.914000 49.438999
c<A>r<322>R<ASP> 26.240999 -0.526000 46.563999
c<A>r<323>R<GLY> 23.419001 -2.804000 47.694000
c<A>r<324>R<ILE> 19.735001 -3.262000 48.452999
c<A>r<325>R<LEU> 17.672001 -3.660000 51.603001
c<A>r<328>R<THR> 13.113000 -9.238000 55.567001
c<A>r<329>R<GLY> 15.644000 -6.776000 56.994999
c<A>r<330>R<LEU> 18.643999 -8.336000 55.240002
c<A>r<331>R<HIS> 21.068001 -6.061000 53.376999
c<A>r<332>R<VAL> 22.403000 -7.577000 50.147999
c<A>r<333>R<HIS> 25.636999 -6.142000 48.766998
c<A>r<334>R<ARG> 26.596001 -5.999000 45.078999
c<A>r<335>R<ASN> 29.480000 -8.423000 45.716999
c<A>r<336>R<SER> 27.101999 -11.027000 47.159000
c<A>r<337>R<ALA> 24.785999 -10.773000 44.131001
c<A>r<338>R<HIS> 27.771000 -11.119000 41.799000
c<A>r<339>R<SER> 29.046000 -14.149000 43.736000
c<A>r<340>R<ALA> 25.615000 -15.751000 43.254002
c<A>r<444>R<ASP> 17.771999 -25.569000 42.787998
c<A>r<445>R<THR> 16.195000 -22.554001 44.500999
c<A>r<446>R<PRO> 13.268000 -22.672001 46.943001
c<A>r<447>R<ILE> 10.270000 -20.785000 45.549999
c<A>r<448>R<ASP> 7.324000 -20.139000 47.891998
c<A>r<449>R<THR> 3.650000 -20.603001 46.932999
c<D>r<212>R<ARG> 36.379002 -4.730000 47.521000
c<D>r<213>R<ALA> 38.351002 -7.397000 45.631001
c<D>r<215>R<ALA> 36.056999 -8.786000 50.342999
c<D>r<216>R<LYS> 34.861000 -10.697000 47.275002
c<D>r<217>R<HIS> 37.723999 -13.193000 47.431000
c<D>r<219>R<TYR> 33.208000 -14.296000 50.347000
c<D>r<220>R<ASP> 33.896999 -16.768000 47.540001
c<D>r<223>R<ILE> 31.003000 -20.104000 50.186001
c<D>r<228>R<LEU> 25.323000 -24.063000 55.282001
c<D>r<229>R<THR> 25.423000 -20.302000 54.709000
c<D>r<230>R<LYS> 23.444000 -17.837999 56.790001
c<D>r<231>R<ALA> 21.266001 -17.094999 53.743999
c<D>r<232>R<LYS> 20.296000 -20.750000 53.473000
c<D>r<233>R<ALA> 19.860001 -20.992001 57.256001
c<D>r<234>R<ARG> 17.514000 -17.983999 57.442001
c<D>r<235>R<ALA> 15.415000 -19.440001 54.641998
c<D>r<236>R<ILE> 14.912000 -22.629999 56.654999
c<D>r<238>R<THR> 11.608000 -18.754999 58.311001
c<D>r<239>R<GLY> 10.167000 -20.058001 55.048000
c<D>r<240>R<LYS> 11.306000 -20.782000 51.491001
c<D>r<241>R<THR> 12.861000 -24.171000 52.116001
c<D>r<242>R<THR> 9.958000 -25.542000 50.069000
c<D>r<243>R<ASP> 12.046000 -28.726000 50.199001
c<D>r<244>R<LYS> 13.590000 -28.952000 53.668999
c<D>r<376>R<ALA> 19.822001 -8.126000 65.457001
c<D>r<377>R<LEU> 22.759001 -6.536000 63.622002
c<D>r<378>R<GLU> 21.548000 -8.280000 60.451000
c<D>r<379>R<LEU> 24.936001 -9.163000 58.952999
c<D>r<380>R<ASP> 24.886999 -11.199000 55.751999
c<D>r<381>R<ASP> 27.327999 -13.822000 54.462002
c<D>r<382>R<SER> 29.499001 -11.227000 52.736000
c<D>r<383>R<ASP> 29.855000 -9.289000 56.021000
c<D>r<419>R<LEU> 34.219002 -0.408000 53.751999
c<D>r<420>R<GLN> 31.986000 -3.501000 53.430000
c<D>r<421>R<LEU> 29.768999 -2.298000 56.275002
c<D>r<422>R<LYS> 29.577999 1.268000 54.938999
c<D>r<423>R<LEU> 28.459000 0.082000 51.493000
c<D>r<424>R<ASN> 26.291000 -2.834000 52.584000
c<D>r<425>R<HIS> 24.719999 -1.208000 55.683998
c<D>r<426>R<PRO> 24.670000 2.534000 54.749001
c<D>r<427>R<GLU> 22.136999 3.405000 57.424000
c<D>r<428>R<SER> 23.718000 1.406000 60.249001
