c<A>r<344>R<ALA> 24.539000 -8.058000 35.875000
c<A>r<345>R<ILE> 20.865999 -7.596000 36.692001
c<A>r<348>R<ARG> 21.299000 -2.569000 36.554001
c<A>r<351>R<THR> 22.742001 2.102000 38.431999
c<A>r<352>R<GLU> 19.426001 2.652000 36.645000
c<A>r<353>R<LEU> 17.082001 2.845000 39.636002
c<A>r<355>R<SER> 21.256001 5.634000 42.297001
c<A>r<356>R<LYS> 18.889000 7.731000 40.173000
c<A>r<357>R<MET> 16.230000 7.805000 42.910999
c<A>r<359>R<ASP> 20.422001 11.568000 43.125999
c<A>r<360>R<MET> 17.063000 13.289000 42.627998
c<A>r<370>R<LEU> 4.875000 6.027000 39.796001
c<A>r<373>R<ILE> 0.867000 4.504000 37.133999
c<A>r<374>R<VAL> 2.553000 1.112000 36.730000
c<A>r<379>R<ASP> -2.039000 -2.228000 27.851000
c<A>r<393>R<ARG> -3.671000 6.273000 34.977001
c<A>r<394>R<GLU> -4.318000 9.742000 33.529999
c<A>r<395>R<LYS> -5.728000 10.926000 36.875999
c<A>r<396>R<VAL> -2.613000 9.672000 38.660000
c<A>r<397>R<TYR> -0.092000 11.420000 36.432999
c<A>r<398>R<ALA> -2.144000 14.621000 36.473000
c<A>r<399>R<SER> -1.949000 14.585000 40.287998
c<A>r<400>R<LEU> 1.745000 13.701000 40.221001
c<A>r<401>R<GLU> 2.592000 16.586000 37.889000
c<A>r<402>R<ALA> 0.610000 18.989000 40.087002
c<A>r<410>R<GLU> 12.556000 25.090000 41.134998
c<A>r<411>R<GLN> 12.815000 21.801001 39.179001
c<A>r<412>R<PRO> 10.790000 22.080000 35.919998
c<A>r<413>R<GLY> 12.033000 18.761000 34.540001
c<A>r<414>R<ARG> 11.345000 16.641001 37.625999
c<A>r<415>R<PHE> 7.996000 15.271000 36.386002
c<A>r<416>R<ALA> 9.553000 14.144000 33.091999
c<A>r<417>R<LYS> 12.585000 12.736000 34.916000
c<A>r<418>R<LEU> 10.306000 10.628000 37.108002
c<A>r<419>R<LEU> 8.357000 9.207000 34.147999
c<A>r<420>R<LEU> 11.552000 8.456000 32.244999
c<A>r<421>R<ARG> 12.615000 5.917000 34.863998
c<A>r<422>R<LEU> 9.657000 3.736000 33.778000
c<A>r<423>R<PRO> 11.220000 2.289000 30.604000
c<A>r<424>R<ALA> 14.243000 1.160000 32.646999
c<A>r<425>R<LEU> 11.930000 -0.320000 35.294998
c<A>r<426>R<ARG> 10.036000 -2.197000 32.553001
c<A>r<427>R<SER> 13.247000 -3.655000 31.068001
c<A>r<428>R<ILE> 14.659000 -4.684000 34.446999
c<A>r<429>R<GLY> 11.343000 -6.271000 35.442001
c<A>r<430>R<LEU> 11.321000 -8.412000 32.296001
c<A>r<431>R<LYS> 14.909000 -9.570000 32.881001
c<D>r<324>R<GLU> 13.540000 6.717000 22.521000
c<D>r<366>R<PRO> 4.907000 -2.938000 20.740000
c<D>r<369>R<GLU> 0.695000 -0.194000 20.153999
c<D>r<370>R<PHE> 2.652000 2.774000 21.507999
c<D>r<390>R<VAL> 13.460000 17.212999 26.528999
c<D>r<391>R<ILE> 14.152000 13.490000 26.063000
c<D>r<393>R<LEU> 18.517000 16.316999 27.974001
c<D>r<394>R<SER> 17.594999 13.665000 30.575001
c<D>r<395>R<GLY> 19.770000 14.082000 33.666000
c<D>r<396>R<ASP> 19.055000 10.557000 34.905998
c<D>r<397>R<ARG> 20.945000 8.659000 32.192001
c<D>r<398>R<PRO> 23.399000 6.098000 33.631001
c<D>r<399>R<GLY> 26.987000 7.294000 33.965000
c<D>r<403>R<VAL> 24.070999 16.096001 35.999001
c<D>r<407>R<GLU> 19.039000 19.412001 34.321999
c<D>r<408>R<ASP> 19.337000 23.181999 33.980000
c<D>r<409>R<ILE> 18.961000 22.900999 30.219999
c<D>r<410>R<GLN> 16.093000 20.410000 30.523001
c<D>r<411>R<ASP> 14.179000 22.535999 33.048000
c<D>r<412>R<ASN> 14.165000 25.329000 30.493999
c<D>r<413>R<LEU> 13.094000 22.941999 27.701000
c<D>r<414>R<LEU> 10.312000 21.615000 29.948000
c<D>r<415>R<GLN> 9.002000 25.141001 30.566999
c<D>r<416>R<ALA> 9.091000 25.729000 26.823000
c<D>r<418>R<GLU> 4.535000 23.378000 28.746000
c<D>r<429>R<SER> -6.503000 19.062000 29.735001
c<D>r<430>R<GLN> -3.332000 17.414000 31.040001
c<D>r<431>R<LEU> -1.407000 16.976999 27.775000
c<D>r<432>R<PHE> 1.855000 17.965000 29.471001
c<D>r<433>R<ALA> 1.331000 15.385000 32.217999
c<D>r<434>R<LYS> 0.361000 12.739000 29.660000
c<D>r<435>R<LEU> 3.440000 13.507000 27.565001
c<D>r<436>R<LEU> 5.847000 13.121000 30.471001
c<D>r<437>R<GLN> 4.352000 9.686000 31.084000
c<D>r<438>R<LYS> 5.057000 8.728000 27.455000
c<D>r<439>R<MET> 8.700000 9.510000 28.237000
c<D>r<440>R<THR> 8.790000 6.655000 30.726999
c<D>r<441>R<ASP> 6.862000 4.402000 28.337999
c<D>r<442>R<LEU> 9.455000 4.940000 25.601999
c<D>r<443>R<ARG> 11.999000 3.824000 28.205000
c<D>r<444>R<GLN> 10.155000 0.513000 28.513000
c<D>r<445>R<ILE> 10.112000 -0.011000 24.752001
c<D>r<446>R<VAL> 13.876000 0.373000 24.407000
c<D>r<447>R<THR> 14.288000 -2.274000 27.124001
c<D>r<448>R<GLU> 11.558000 -4.539000 25.743000
c<D>r<449>R<HIS> 13.372000 -4.311000 22.396999
c<D>r<450>R<VAL> 16.775999 -4.966000 23.924000
c<D>r<451>R<GLN> 15.310000 -8.276000 25.127001
c<D>r<475>R<ASP> 26.163000 -1.889000 28.048000
c<D>r<476>R<LEU> 22.882000 -0.054000 27.545000
c<D>r<477>R<TYR> 20.403999 -2.063000 29.608999
