c<A>r<334>R<ARG> 26.596001 -5.999000 45.078999
c<A>r<335>R<ASN> 29.480000 -8.423000 45.716999
c<A>r<338>R<HIS> 27.771000 -11.119000 41.799000
c<A>r<339>R<SER> 29.046000 -14.149000 43.736000
c<A>r<341>R<GLY> 25.551001 -15.378000 39.480000
c<A>r<342>R<VAL> 23.108999 -12.454000 39.176998
c<A>r<343>R<GLY> 25.586000 -9.573000 39.201000
c<A>r<344>R<ALA> 24.539000 -8.058000 35.875000
c<A>r<345>R<ILE> 20.865999 -7.596000 36.692001
c<A>r<346>R<PHE> 21.722000 -6.520000 40.266998
c<A>r<347>R<ASP> 24.021999 -3.784000 38.926998
c<A>r<348>R<ARG> 21.299000 -2.569000 36.554001
c<A>r<350>R<LEU> 21.676001 -0.094000 41.358002
c<A>r<351>R<THR> 22.742001 2.102000 38.431999
c<A>r<352>R<GLU> 19.426001 2.652000 36.645000
c<A>r<355>R<SER> 21.256001 5.634000 42.297001
c<A>r<356>R<LYS> 18.889000 7.731000 40.173000
c<A>r<373>R<ILE> 0.867000 4.504000 37.133999
c<A>r<374>R<VAL> 2.553000 1.112000 36.730000
c<A>r<393>R<ARG> -3.671000 6.273000 34.977001
c<A>r<394>R<GLU> -4.318000 9.742000 33.529999
c<A>r<397>R<TYR> -0.092000 11.420000 36.432999
c<A>r<398>R<ALA> -2.144000 14.621000 36.473000
c<A>r<401>R<GLU> 2.592000 16.586000 37.889000
c<A>r<415>R<PHE> 7.996000 15.271000 36.386002
c<A>r<416>R<ALA> 9.553000 14.144000 33.091999
c<A>r<417>R<LYS> 12.585000 12.736000 34.916000
c<A>r<419>R<LEU> 8.357000 9.207000 34.147999
c<A>r<420>R<LEU> 11.552000 8.456000 32.244999
c<A>r<421>R<ARG> 12.615000 5.917000 34.863998
c<A>r<422>R<LEU> 9.657000 3.736000 33.778000
c<A>r<423>R<PRO> 11.220000 2.289000 30.604000
c<A>r<424>R<ALA> 14.243000 1.160000 32.646999
c<A>r<425>R<LEU> 11.930000 -0.320000 35.294998
c<A>r<426>R<ARG> 10.036000 -2.197000 32.553001
c<A>r<427>R<SER> 13.247000 -3.655000 31.068001
c<A>r<428>R<ILE> 14.659000 -4.684000 34.446999
c<A>r<431>R<LYS> 14.909000 -9.570000 32.881001
c<A>r<434>R<GLU> 13.414000 -14.426000 32.999001
c<A>r<435>R<HIS> 15.728000 -15.212000 35.904999
c<D>r<206>R<PRO> 38.558998 -13.111000 41.366001
c<D>r<208>R<SER> 35.313999 -11.092000 37.514000
c<D>r<209>R<ALA> 34.150002 -8.838000 40.340000
c<D>r<210>R<ASP> 36.542000 -6.153000 39.056000
c<D>r<212>R<ARG> 31.540001 -5.915000 37.022999
c<D>r<213>R<ALA> 32.854000 -2.865000 38.903999
c<D>r<215>R<ALA> 31.042999 -2.151000 33.844002
c<D>r<216>R<LYS> 29.195000 -0.235000 36.566002
c<D>r<217>R<HIS> 31.681999 2.640000 36.549999
c<D>r<219>R<TYR> 27.488001 2.865000 33.015999
c<D>r<220>R<ASP> 27.448000 5.596000 35.664001
c<D>r<223>R<ILE> 24.503000 8.281000 32.405998
c<D>r<228>R<LEU> 19.065001 11.005000 26.330000
c<D>r<229>R<THR> 19.605000 7.347000 27.231001
c<D>r<230>R<LYS> 18.281000 4.483000 25.143000
c<D>r<231>R<ALA> 15.838000 3.634000 27.950001
c<D>r<232>R<LYS> 14.346000 7.115000 27.785000
c<D>r<233>R<ALA> 14.392000 7.035000 23.971001
c<D>r<234>R<ARG> 12.529000 3.708000 23.757000
c<D>r<235>R<ALA> 9.893000 5.023000 26.143000
c<D>r<236>R<ILE> 9.230000 7.961000 23.816000
c<D>r<238>R<THR> 6.743000 3.538000 22.106001
c<D>r<239>R<GLY> 4.713000 4.830000 25.042999
c<D>r<240>R<LYS> 5.254000 5.953000 28.638000
c<D>r<241>R<THR> 6.397000 9.485000 27.919001
c<D>r<242>R<THR> 3.085000 10.546000 29.469000
c<D>r<243>R<ASP> 4.712000 13.988000 29.323999
c<D>r<244>R<LYS> 6.661000 14.205000 26.062000
c<D>r<380>R<ASP> 20.473000 -1.785000 26.917000
c<D>r<381>R<ASP> 22.334000 1.251000 28.267000
c<D>r<382>R<SER> 24.591999 -0.872000 30.462999
c<D>r<383>R<ASP> 25.646999 -2.953000 27.424999
c<D>r<419>R<LEU> 30.850000 -10.919000 30.968000
c<D>r<420>R<GLN> 28.188999 -8.175000 30.747000
c<D>r<421>R<LEU> 26.559999 -9.882000 27.764000
c<D>r<422>R<LYS> 26.684999 -13.338000 29.368000
c<D>r<423>R<LEU> 24.962000 -12.101000 32.535000
c<D>r<424>R<ASN> 22.579000 -9.617000 30.940001
c<D>r<425>R<HIS> 21.676001 -11.663000 27.822001
c<D>r<426>R<PRO> 22.018000 -15.300000 29.062000
c<D>r<427>R<GLU> 20.010000 -16.714001 26.180000
