c<A>r<1>R<GLN> -1.810000 -18.705000 -7.730000
c<A>r<2>R<ARG> 1.509000 -16.806000 -6.917000
c<A>r<54>R<GLU> -0.098000 -8.535000 -7.258000
c<A>r<57>R<HIS> 4.984000 -7.783000 -5.554000
c<A>r<161>R<CYS> 4.243000 9.930000 3.934000
c<A>r<163>R<LEU> 7.940000 11.952000 9.340000
c<A>r<182>R<SER> -3.818000 10.829000 1.061000
c<A>r<185>R<GLN> -8.671000 13.062000 0.298000
c<A>r<186>R<ASP> -11.528000 15.204000 1.691000
c<A>r<189>R<GLN> -12.279000 20.146000 4.836000
c<A>r<191>R<GLU> -7.813000 21.665001 7.563000
c<A>r<216>R<GLU> -11.271000 13.108000 -9.637000
c<A>r<217>R<SER> -13.576000 16.216999 -9.812000
c<A>r<235>R<TYR> -9.618000 10.501000 -13.895000
c<A>r<236>R<TYR> -11.200000 13.999000 -14.097000
c<B>r<2>R<ARG> -19.097000 8.953000 -15.064000
c<B>r<54>R<GLU> -14.832000 4.271000 -9.330000
c<B>r<57>R<HIS> -16.497999 7.809000 -5.646000
c<B>r<58>R<ALA> -19.483999 8.297000 -8.022000
c<B>r<61>R<GLU> -20.504000 12.659000 -5.477000
c<B>r<131>R<ALA> -10.006000 9.180000 8.497000
c<B>r<132>R<ASP> -13.846000 9.476000 8.786000
c<B>r<135>R<SER> -12.823000 14.050000 10.824000
c<B>r<161>R<CYS> -2.534000 6.282000 8.837000
c<B>r<163>R<LEU> -0.275000 11.179000 13.072000
c<B>r<185>R<GLN> 4.233000 -4.435000 3.445000
c<B>r<186>R<ASP> 7.802000 -5.832000 3.495000
c<B>r<216>R<GLU> -1.047000 -13.290000 1.040000
c<B>r<217>R<SER> 1.526000 -15.973000 2.131000
c<B>r<235>R<TYR> -5.799000 -14.110000 -0.282000
c<B>r<236>R<TYR> -3.650000 -16.673000 1.605000
