c<A>r<16>R<THR> 1.852000 -4.628000 -2.803000
c<A>r<17>R<THR> 5.593000 -4.818000 -3.741000
c<A>r<19>R<LEU> 4.193000 -2.294000 0.957000
c<A>r<20>R<TYR> 6.154000 -5.510000 1.600000
c<A>r<23>R<LYS> 7.486000 -3.731000 5.824000
c<A>r<24>R<LEU> 9.981000 -6.635000 5.410000
c<A>r<26>R<GLN> 12.854000 -7.685000 1.022000
c<A>r<27>R<SER> 11.077000 -8.068000 -2.311000
c<A>r<28>R<VAL> 8.285000 -10.672000 -2.205000
c<A>r<29>R<THR> 6.656000 -12.408000 -5.169000
c<A>r<30>R<THR> 3.158000 -10.881000 -5.577000
c<A>r<31>R<ILE> -0.065000 -12.095000 -7.195000
c<A>r<33>R<THR> -4.420000 -8.316000 -5.164000
c<A>r<34>R<VAL> -8.145000 -9.249000 -5.308000
c<A>r<35>R<GLY> -9.087000 -7.488000 -2.047000
c<A>r<36>R<PHE> -6.774000 -5.505000 0.283000
c<A>r<37>R<ASN> -3.781000 -5.774000 2.677000
c<A>r<38>R<VAL> -3.348000 -3.878000 5.981000
c<A>r<39>R<GLU> 0.125000 -3.504000 7.530000
c<A>r<40>R<THR> 1.715000 -1.173000 10.084000
c<A>r<41>R<VAL> 5.048000 0.186000 8.705000
c<A>r<49>R<ASN> -1.226000 1.994000 8.996000
c<A>r<50>R<VAL> -1.094000 1.222000 5.253000
c<A>r<51>R<TRP> -4.177000 0.014000 3.350000
c<A>r<52>R<ASP> -2.977000 -1.584000 0.052000
c<A>r<53>R<VAL> -6.155000 -1.995000 -2.051000
c<A>r<54>R<GLY> -6.401000 -4.073000 -5.251000
c<A>r<59>R<ILE> -12.861000 -3.539000 -7.886000
c<A>r<61>R<PRO> -15.432000 1.292000 -7.463000
c<A>r<62>R<LEU> -14.822000 -0.156000 -3.939000
c<A>r<64>R<ARG> -14.423000 4.876000 -1.915000
c<A>r<65>R<HIS> -15.142000 2.640000 1.140000
c<A>r<66>R<TYR> -11.552000 3.270000 2.362000
c<A>r<67>R<TYR> -11.516000 7.123000 1.977000
c<A>r<68>R<THR> -13.043000 8.030000 5.392000
c<A>r<69>R<GLY> -10.276000 8.888000 7.903000
c<B>r<2>R<GLN> 12.790000 -16.278000 0.509000
c<B>r<3>R<ASN> 10.421000 -16.084000 -2.529000
c<B>r<4>R<ALA> 6.955000 -17.069000 -1.200000
c<B>r<5>R<PRO> 3.914000 -14.725000 -1.594000
c<B>r<6>R<PRO> 2.958000 -12.570000 1.467000
c<B>r<7>R<ILE> -0.073000 -14.905000 1.932000
c<B>r<24>R<HIS> -18.686001 -3.702000 6.740000
c<B>r<25>R<LYS> -21.743999 -1.435000 6.268000
c<B>r<26>R<PRO> -20.622000 2.002000 4.952000
c<B>r<27>R<ALA> -22.563999 4.845000 6.636000
c<B>r<28>R<SER> -23.472000 6.083000 3.092000
c<B>r<47>R<SER> -18.987000 1.584000 9.135000
c<B>r<48>R<VAL> -15.251000 1.748000 8.261000
c<B>r<49>R<ALA> -12.965000 -1.291000 7.972000
c<B>r<50>R<ASN> -10.333000 -1.398000 10.783000
c<B>r<51>R<GLU> -7.455000 -3.668000 11.952000
c<B>r<54>R<LEU> -10.136000 -7.774000 10.910000
c<B>r<62>R<LEU> -18.742001 -5.329000 2.396000
c<B>r<63>R<THR> -22.256001 -4.062000 1.593000
c<B>r<64>R<HIS> -21.830999 -1.803000 -1.458000
c<B>r<65>R<GLN> -24.735001 0.189000 -2.931000
c<B>r<66>R<GLU> -24.819000 1.984000 -6.312000
c<B>r<78>R<ILE> -18.511999 -8.385000 -1.571000
c<B>r<79>R<LYS> -17.424999 -11.452000 0.459000
c<B>r<80>R<GLY> -13.847000 -12.341000 1.399000
c<B>r<81>R<ASP> -11.571000 -14.470000 3.565000
c<B>r<82>R<ILE> -9.325000 -12.830000 6.207000
c<B>r<83>R<TYR> -5.693000 -14.036000 6.395000
c<B>r<84>R<LYS> -2.782000 -13.139000 8.683000
c<B>r<85>R<THR> 0.111000 -11.715000 6.612000
c<B>r<86>R<ARG> 3.894000 -12.350000 6.971000
c<B>r<87>R<GLY> 4.162000 -8.698000 8.248000
c<B>r<88>R<GLY> 1.768000 -9.433000 11.185000
c<B>r<89>R<GLY> -1.112000 -7.456000 9.578000
c<B>r<90>R<GLN> -4.270000 -8.711000 7.805000
c<B>r<91>R<SER> -5.154000 -9.531000 4.190000
c<B>r<92>R<VAL> -8.721000 -9.710000 2.899000
c<B>r<93>R<GLN> -9.049000 -11.790000 -0.264000
c<B>r<94>R<PHE> -12.393000 -11.277000 -2.028000
c<B>r<95>R<THR> -13.896000 -14.681000 -2.876000
