c<A>r<176>R<ARG> -6.418000 2.201000 0.610000
c<A>r<177>R<LYS> -5.640000 5.994000 0.719000
c<A>r<179>R<ILE> -0.212000 4.796000 1.426000
c<A>r<180>R<GLN> -0.282000 8.378000 -0.010000
c<A>r<181>R<CYS> 1.102000 9.526000 3.411000
c<A>r<182>R<PHE> 3.882000 6.861000 3.925000
c<A>r<183>R<ASN> 6.744000 9.171000 2.741000
c<A>r<184>R<ASP> 9.346000 10.572000 5.217000
c<A>r<225>R<TRP> 6.961000 0.666000 3.935000
c<B>r<176>R<ARG> -2.557000 4.826000 -8.206000
c<B>r<177>R<LYS> 0.275000 2.429000 -7.093000
c<B>r<178>R<TRP> 3.053000 4.660000 -8.613000
c<B>r<179>R<ILE> 3.215000 6.956000 -5.528000
c<B>r<180>R<GLN> 4.569000 3.918000 -3.551000
c<B>r<181>R<CYS> 7.857000 4.255000 -5.542000
c<B>r<182>R<PHE> 8.359000 8.097000 -5.418000
c<B>r<183>R<ASN> 10.926000 7.967000 -2.535000
c<B>r<184>R<ASP> 14.640000 8.681000 -3.185000
