c<B>r<27>R<TYR> 4.85 -16.304 -1.813
c<B>r<28>R<ASN> 8.222 -14.525 -2.056
c<B>r<29>R<PHE> 7.435 -11.965 0.665
c<B>r<30>R<ARG> 10.486 -10.058 -0.501
c<B>r<31>R<ASP> 9.132 -9.246 -3.853
c<B>r<32>R<TYR> 5.887 -7.663 -2.952
c<B>r<33>R<SER> 5.14 -4.46 -1.176
c<B>r<34>R<ILE> 3.049 -4.8 1.988
c<B>r<35>R<HIS> 0.496 -2.011 2.507
c<B>r<36>R<TRP> -1.109 -1.209 5.845
c<B>r<37>R<VAL> -4.634 0.1 5.83
c<B>r<42>R<ASP> -18.161 5.578 9.614
c<B>r<43>R<LYS> -15.123 7.106 8.01
c<B>r<44>R<GLY> -14.11 4.231 5.71
c<B>r<45>R<PHE> -10.68 3.041 4.663
c<B>r<46>R<GLU> -7.532 4.938 5.508
c<B>r<47>R<TRP> -4.083 4.112 4.076
c<B>r<48>R<ILE> -1.407 4.08 6.716
c<B>r<49>R<GLY> 1.795 3.233 4.637
c<B>r<50>R<TRP> 3.752 0.511 2.808
c<B>r<52>R<LYS> 8.925 -3.066 0.553
c<B>r<53>R<PRO> 10.384 -6.041 2.159
c<B>r<54>R<LEU> 13.313 -6.558 -0.255
c<B>r<55>R<TRP> 14.971 -3.199 0.556
c<B>r<56>R<GLY> 13.092 -2.32 3.591
c<B>r<57>R<ALA> 11.911 0.874 1.965
c<B>r<58>R<VAL> 8.999 2.389 3.994
c<B>r<59>R<SER> 6.551 5.156 3.076
c<B>r<60>R<TYR> 3.918 6.649 5.547
c<B>r<61>R<ALA> 0.768 8.644 5.036
c<B>r<62>R<ARG> 1.593 12.303 5.604
c<B>r<63>R<GLN> -1.037 12.6 8.408
c<B>r<64>R<LEU> 0.407 9.718 10.274
c<B>r<65>R<GLN> 4.103 10.632 9.852
c<B>r<74>R<LEU> 12.913 -11.816 6.637
c<B>r<75>R<SER> 13.304 -15.524 7.083
c<B>r<76>R<GLN> 16.809 -16.646 7.729
c<B>r<77>R<ASP> 15.638 -20.165 7.691
c<B>r<78>R<PRO> 17.337 -21.924 4.818
c<B>r<79>R<ASP> 14.332 -24.35 4.588
c<B>r<80>R<ASP> 11.686 -21.549 4.278
c<B>r<81>R<PRO> 13.579 -18.615 2.869
c<B>r<82>R<ASP> 10.438 -17.055 1.541
c<B>r<83>R<TRP> 8.501 -16.466 4.711
c<B>r<102>R<PHE> -5.315 -4.739 7.634
c<B>r<105>R<ARG> -0.181 -7.376 -0.468
c<B>r<106>R<ARG> -0.175 -5.64 -3.881
c<B>r<107>R<GLY> -0.733 -7.926 -6.786
c<B>r<108>R<SER> 1.418 -7.947 -9.872
c<B>r<109>R<CYS> -0.192 -6.975 -13.17
c<B>r<110>R<ASP> 2.476 -6.78 -15.904
c<B>r<111>R<TYR> 0.413 -4.388 -17.961
c<B>r<112>R<CYS> -1.8 -2.719 -15.431
c<B>r<113>R<GLY> -1.895 0.968 -14.798
c<B>r<114>R<ASP> -2.012 0.205 -11.064
c<B>r<115>R<PHE> -1.343 -2.753 -8.838
c<B>r<116>R<PRO> -4.519 -3.817 -7.188
c<B>r<117>R<TRP> -4.581 -4.866 -3.568
c<B>r<118>R<GLN> -5.234 -8.535 -4.151
c<B>r<119>R<TYR> -4.431 -10.373 -0.976
c<B>r<120>R<TRP> -5.958 -9.087 2.264
c<B>r<121>R<CYS> -5.136 -10.47 5.73
c<B>r<122>R<GLN> -7.612 -11.062 8.448
c<B>r<123>R<GLY> -7.967 -7.657 10.146
c<B>r<137>R<SER> -25.224 -5.15 34.685
c<B>r<138>R<VAL> -28.183 -6.995 33.173
c<B>r<139>R<PHE> -31.642 -5.45 33.666
c<B>r<140>R<PRO> -34.965 -6.889 32.522
c<B>r<141>R<LEU> -37.041 -5.081 29.953
c<B>r<142>R<ALA> -40.434 -6.181 31.222
c<B>r<143>R<PRO> -43.225 -6.967 28.679
c<B>r<144>R<SER> -46.4 -4.742 28.627
c<B>r<148>R<THR> -47.738 -9.221 20.63
c<B>r<149>R<ALA> -45.555 -8.755 23.618
c<B>r<150>R<ALA> -42.037 -7.52 23.493
c<B>r<151>R<LEU> -39.626 -8.299 26.264
c<B>r<152>R<GLY> -35.818 -7.925 26.611
c<B>r<154>R<LEU> -30.636 -4.333 28.929
c<B>r<156>R<LYS> -25.469 -2.129 30.587
c<B>r<175>R<GLY> -38.143 -12.751 16.712
c<B>r<177>R<HIS> -33.111 -8.83 17.933
c<B>r<178>R<THR> -29.788 -8.196 19.556
c<B>r<179>R<PHE> -28.756 -4.63 18.889
c<B>r<180>R<PRO> -25.113 -3.453 18.196
c<B>r<181>R<ALA> -23.553 -1.942 21.303
c<B>r<182>R<VAL> -23.369 1.779 21.745
c<B>r<183>R<LEU> -20.271 3.451 23.412
c<B>r<184>R<GLN> -21.505 5.62 26.301
c<B>r<185>R<SER> -19.767 8.94 27.386
c<B>r<190>R<SER> -24.426 -0.786 26.487
c<B>r<191>R<LEU> -26.751 -2.934 24.358
c<B>r<192>R<SER> -30.279 -4.299 24.294
c<B>r<193>R<SER> -31.581 -7.715 23.275
c<B>r<194>R<VAL> -35.357 -8.033 22.642
c<B>r<195>R<VAL> -37.755 -10.786 21.581
c<B>r<196>R<THR> -41.401 -10.481 20.365
c<B>r<227>R<LYS> -44.055 -6.78 36.408
c<C>r<1>R<GLU> -4.448 14.122 -2.651
c<C>r<2>R<ILE> -7.025 12.257 -4.733
c<C>r<3>R<VAL> -10.578 12.431 -3.491
c<C>r<27>R<GLN> -8.052 13.693 -10.753
c<C>r<28>R<GLY> -8.019 11.786 -14.115
c<C>r<29>R<GLY> -5.616 9.232 -15.677
c<C>r<30>R<ASN> -5.575 6.613 -13.111
c<C>r<31>R<ALA> -7.15 3.193 -13.112
c<C>r<32>R<MET> -10.022 2.318 -10.751
c<C>r<33>R<THR> -10.212 -0.612 -8.431
c<C>r<34>R<TRP> -13.437 -1.945 -6.777
c<C>r<35>R<TYR> -13.759 -3.922 -3.45
c<C>r<40>R<GLY> -16.806 -9.826 9.468
c<C>r<41>R<GLN> -15.319 -10.748 6.175
c<C>r<42>R<VAL> -12.065 -9.474 4.565
c<C>r<43>R<PRO> -12.4 -7.057 1.603
c<C>r<44>R<ARG> -12.682 -8.866 -1.588
c<C>r<45>R<LEU> -11.089 -7.528 -4.827
c<C>r<46>R<LEU> -13.695 -7.472 -7.649
c<C>r<47>R<ILE> -12.502 -5.109 -10.46
c<C>r<48>R<TYR> -9.076 -3.871 -11.055
c<C>r<49>R<ASP> -7.501 -1.601 -13.871
c<C>r<50>R<THR> -10.985 -0.071 -14.357
c<C>r<52>R<ARG> -10.43 -6.236 -15.378
c<C>r<54>R<ALA> -10.279 -10.415 -10.282
c<C>r<55>R<SER> -9.964 -14.25 -10.349
c<C>r<86>R<TYR> -15.436 0.613 -2.056
c<C>r<88>R<GLN> -9.885 2.704 -4.85
c<C>r<89>R<GLN> -7.11 4.642 -6.753
c<C>r<90>R<PHE> -3.586 4.054 -5.457
c<C>r<91>R<GLU> -3.632 4.778 -1.698
c<C>r<92>R<PHE> -6.968 6.538 -1.782
c<C>r<93>R<PHE> -10.472 5.014 -1.046
c<C>r<94>R<GLY> -14.006 6.239 -1.468
c<C>r<95>R<LEU> -16.309 6.354 1.526
c<C>r<96>R<GLY> -18.157 3.243 0.328
c<C>r<109>R<SER> -44.181 -1.837 15.874
c<C>r<110>R<VAL> -43.304 0.625 18.734
c<C>r<111>R<PHE> -42.695 -0.522 22.337
c<C>r<112>R<ILE> -41.621 1.56 25.356
c<C>r<113>R<PHE> -39.848 0.044 28.436
c<C>r<114>R<PRO> -39.645 1.79 31.816
c<C>r<115>R<PRO> -36.423 1.409 33.864
c<C>r<116>R<SER> -36.306 -1.662 36.138
c<C>r<117>R<ASP> -36.484 -1.312 39.901
c<C>r<118>R<GLU> -33.177 -3.092 40.067
c<C>r<119>R<GLN> -31.557 -0.429 37.975
c<C>r<126>R<SER> -32.762 3.872 31.363
c<C>r<127>R<VAL> -35.935 4.211 29.277
c<C>r<128>R<VAL> -35.871 2.079 26.126
c<C>r<130>R<LEU> -38.134 -0.295 20.436
c<C>r<132>R<ASN> -39.612 -3.407 15.571
c<C>r<133>R<ASN> -39.37 -4.764 11.936
c<C>r<153>R<ASN> -29.087 12.281 26.466
c<C>r<154>R<SER> -30.254 9.41 24.15
c<C>r<155>R<GLN> -28.359 6.803 22.054
c<C>r<156>R<GLU> -29.785 4.695 19.24
c<C>r<157>R<SER> -28.697 1.451 17.569
c<C>r<158>R<VAL> -30.087 -0.145 14.382
c<C>r<159>R<THR> -29.761 -3.848 13.417
c<C>r<160>R<GLU> -28.448 -5.102 10.148
c<C>r<162>R<ASP> -32.962 -8.915 8.536
c<C>r<168>R<TYR> -34.719 -3.046 10.276
c<C>r<169>R<SER> -35.171 -2.696 13.953
c<C>r<170>R<LEU> -34.096 0.269 16.127
c<C>r<171>R<SER> -33.406 0.547 19.848
c<C>r<172>R<SER> -33.272 4.011 21.439
c<C>r<173>R<THR> -32.226 4.402 25.105
c<D>r<77>R<VAL> -0.599 17.626 -9.153
c<D>r<78>R<LYS> 1.469 16.295 -6.204
c<D>r<79>R<LEU> -0.264 13.767 -3.804
c<D>r<80>R<THR> 1.931 13.464 -0.589
c<D>r<81>R<GLY> 0.78 12.227 2.907
c<D>r<82>R<GLY> -2.873 13.142 2.371
c<D>r<83>R<SER> -2.067 16.582 0.744
c<D>r<84>R<VAL> -2.953 17.411 -2.879
c<D>r<85>R<ILE> -0.679 20.248 -4.312
c<D>r<86>R<LYS> -1.841 21.694 -7.723
c<D>r<163>R<ASN> 20.823 -12.882 1.35
c<D>r<164>R<ASN> 18.003 -12.723 -1.271
c<D>r<165>R<ALA> 16.915 -9.468 0.224
c<D>r<166>R<LYS> 20.007 -7.703 -0.889
c<D>r<167>R<THR> 20.085 -5.986 -4.356
c<D>r<223>R<PRO> 10.094 -11.267 -14.883
c<D>r<224>R<PRO> 9.51 -9.273 -11.605
c<D>r<225>R<SER> 7.101 -11.053 -9.379
c<D>r<226>R<GLY> 5.05 -7.905 -8.746
c<D>r<227>R<GLY> 5.376 -4.366 -7.451
c<D>r<228>R<ASP> 4.968 -0.899 -8.581
c<D>r<229>R<LEU> 5.158 -0.481 -12.253
c<D>r<231>R<ILE> 9.905 -1.719 -10.196
c<D>r<232>R<THR> 8.213 -4.293 -12.51
c<D>r<233>R<MET> 9.116 -2.305 -15.688
c<D>r<245>R<CYS> 9.132 -0.42 -20.72
c<D>r<246>R<ASN> 8.376 -4.21 -20.566
c<D>r<248>R<THR> 10.279 -9.605 -20.524
c<D>r<271>R<LYS> 4.333 3.519 -22.402
c<D>r<273>R<LYS> 2.723 7.623 -17.922
c<D>r<274>R<GLN> 1.569 10.947 -16.52
c<D>r<275>R<ILE> 0.933 9.452 -13.038
c<D>r<276>R<ILE> 4.1 8.129 -11.385
c<D>r<277>R<ASN> 5.123 6.916 -7.927
c<D>r<281>R<GLY> 9.416 8.326 -1.627
c<D>r<282>R<THR> 7.05 11.154 -1.146
c<D>r<283>R<GLY> 4.004 9.905 -2.924
c<D>r<284>R<GLN> 2.337 10.042 -6.455
c<D>r<285>R<ALA> 2.818 12.867 -9.01
c<D>r<286>R<MET> 0.75 13.748 -12.124
c<D>r<307>R<THR> 16.894 -9.624 -7.068
c<D>r<308>R<ARG> 17.423 -13.307 -6.324
c<D>r<309>R<ASP> 14.424 -15.575 -5.645
c<D>r<310>R<GLY> 14.548 -16.881 -2.139
c<D>r<311>R<GLY> 13.579 -20.356 -1.041
c<D>r<312>R<ALA> 15.392 -22.271 -3.666
c<D>r<313>R<ASN> 17.659 -24.25 -1.347
c<D>r<314>R<ASN> 16.614 -27.44 -3.038
c<D>r<321>R<ARG> 14.51 -11.122 -11.537
c<D>r<323>R<GLY> 14.69 -5.259 -9.859
c<D>r<324>R<GLY> 15.663 -1.851 -8.403
c<D>r<325>R<GLY> 13.725 0.918 -6.865
c<D>r<326>R<ASN> 16.171 1.938 -4.354
