c<B>r<31>R<ASP> -10.805 6.641 7.283
c<B>r<32>R<TYR> -8.283 4.095 6.177
c<B>r<33>R<SER> -6.871 3.324 2.849
c<B>r<35>R<HIS> -3.995 -1.581 -0.344
c<B>r<36>R<TRP> -3.994 -4.641 -2.567
c<B>r<37>R<VAL> -0.936 -6.793 -2.776
c<B>r<42>R<ASP> 9.123 -17.344 -6.556
c<B>r<43>R<LYS> 8.887 -13.646 -7.332
c<B>r<44>R<GLY> 7.676 -12.283 -3.981
c<B>r<45>R<PHE> 5.293 -9.442 -3.163
c<B>r<46>R<GLU> 3.875 -7.12 -5.761
c<B>r<47>R<TRP> 1.819 -3.996 -4.976
c<B>r<48>R<ILE> -1.239 -3.699 -7.076
c<B>r<49>R<GLY> -2.866 -0.381 -5.873
c<B>r<50>R<TRP> -4.883 1.339 -3.124
c<B>r<52>R<LYS> -9.247 5.454 -0.111
c<B>r<54>R<LEU> -13.742 8.087 1.963
c<B>r<55>R<TRP> -13.319 9.838 -1.42
c<B>r<56>R<GLY> -13.13 6.697 -3.456
c<B>r<57>R<ALA> -9.839 7.827 -4.7
c<B>r<58>R<VAL> -7.818 4.98 -6.442
c<B>r<59>R<SER> -4.253 4.667 -7.504
c<B>r<60>R<TYR> -2.777 1.638 -9.496
c<B>r<61>R<ALA> 0.631 0.308 -10.082
c<B>r<66>R<GLY> -5.819 -0.765 -17.432
c<B>r<67>R<ARG> -6.216 -4.195 -16.051
c<B>r<69>R<SER> -10.249 -1.712 -11.084
c<B>r<70>R<MET> -10.911 -1.013 -7.396
c<B>r<71>R<THR> -14.293 -0.146 -6.041
c<B>r<102>R<PHE> -4.063 -9.754 -0.034
c<B>r<106>R<ARG> -2.882 1.294 5.677
c<B>r<107>R<GLY> -3.621 3.961 8.11
c<B>r<108>R<SER> -3.647 7.225 6.555
c<B>r<109>R<CYS> -6.178 8.989 8.238
c<B>r<110>R<ASP> -6.777 12.146 6.88
c<B>r<111>R<TYR> -5.336 13.554 9.771
c<B>r<112>R<CYS> -3.425 10.816 11.044
c<B>r<113>R<GLY> -0.37 10.358 9.544
c<B>r<114>R<ASP> 0.656 7.357 7.53
c<B>r<115>R<PHE> 0.582 4.069 9.336
c<B>r<116>R<PRO> 2.23 0.97 8.387
c<B>r<117>R<TRP> 0.494 -2.0 6.87
c<B>r<118>R<GLN> -0.6 -3.422 10.014
c<B>r<119>R<TYR> -3.636 -5.435 9.351
c<B>r<120>R<TRP> -3.467 -8.185 6.623
c<B>r<121>R<CYS> -6.349 -10.241 5.416
c<B>r<122>R<GLN> -6.105 -13.895 4.823
c<B>r<123>R<GLY> -5.16 -14.037 1.209
c<B>r<137>R<SER> -3.746 -41.276 -11.453
c<B>r<138>R<VAL> -2.028 -42.937 -8.516
c<B>r<139>R<PHE> 0.984 -45.193 -9.274
c<B>r<140>R<PRO> 3.006 -47.237 -6.807
c<B>r<141>R<LEU> 6.616 -46.433 -6.232
c<B>r<142>R<ALA> 7.649 -50.03 -5.442
c<B>r<143>R<PRO> 10.445 -50.571 -2.837
c<B>r<144>R<SER> 13.775 -52.137 -3.817
c<B>r<148>R<THR> 16.099 -49.39 4.647
c<B>r<149>R<ALA> 13.483 -49.513 2.123
c<B>r<150>R<ALA> 11.778 -46.618 0.558
c<B>r<151>R<LEU> 8.405 -46.852 -1.021
c<B>r<152>R<GLY> 5.765 -44.312 -2.245
c<B>r<154>R<LEU> 3.136 -41.082 -7.551
c<B>r<156>R<LYS> 0.053 -37.852 -11.326
c<B>r<175>R<GLY> 9.43 -41.065 7.815
c<B>r<177>R<HIS> 7.601 -37.094 2.989
c<B>r<178>R<THR> 4.901 -35.585 0.864
c<B>r<179>R<PHE> 6.488 -33.328 -1.733
c<B>r<180>R<PRO> 5.014 -29.909 -2.98
c<B>r<181>R<ALA> 3.237 -30.398 -6.299
c<B>r<182>R<VAL> 4.935 -29.469 -9.528
c<B>r<183>R<LEU> 2.964 -27.844 -12.443
c<B>r<184>R<GLN> 3.657 -29.889 -15.589
c<B>r<185>R<SER> 3.817 -28.329 -19.183
c<B>r<190>R<SER> 2.04 -34.006 -10.151
c<B>r<191>R<LEU> 3.511 -34.937 -6.677
c<B>r<192>R<SER> 5.146 -37.791 -4.875
c<B>r<193>R<SER> 4.591 -39.111 -1.352
c<B>r<194>R<VAL> 7.327 -41.426 0.033
c<B>r<195>R<VAL> 7.975 -43.306 3.287
c<B>r<196>R<THR> 11.204 -45.006 4.541
c<B>r<227>R<LYS> 7.27 -56.252 -7.313
c<C>r<1>R<GLU> 10.771 3.468 -8.63
c<C>r<2>R<ILE> 12.545 2.133 -5.616
c<C>r<28>R<GLY> 17.217 7.271 0.39
c<C>r<29>R<GLY> 14.92 9.1 2.627
c<C>r<30>R<ASN> 12.295 6.703 3.398
c<C>r<31>R<ALA> 11.612 4.561 6.412
c<C>r<32>R<MET> 11.901 0.755 6.313
c<C>r<33>R<THR> 9.23 -1.689 7.31
c<C>r<35>R<TYR> 7.437 -8.401 7.713
c<C>r<40>R<GLY> -0.022 -20.671 5.358
c<C>r<41>R<GLN> 0.077 -17.772 7.683
c<C>r<42>R<VAL> -0.678 -14.059 6.968
c<C>r<43>R<PRO> 2.233 -11.622 6.876
c<C>r<44>R<ARG> 3.004 -10.263 10.223
c<C>r<45>R<LEU> 4.261 -6.693 10.761
c<C>r<46>R<LEU> 7.481 -6.716 12.915
c<C>r<47>R<ILE> 9.317 -3.374 12.505
c<C>r<48>R<TYR> 8.02 -0.16 11.163
c<C>r<49>R<ASP> 9.667 3.341 10.82
c<C>r<50>R<THR> 13.039 1.582 10.576
c<C>r<51>R<SER> 13.248 1.066 14.302
c<C>r<52>R<ARG> 9.804 0.879 15.852
c<C>r<53>R<ARG> 8.517 -2.566 16.898
c<C>r<54>R<ALA> 4.867 -3.456 16.12
c<C>r<55>R<SER> 2.629 -4.344 19.047
c<C>r<86>R<TYR> 10.419 -9.138 3.686
c<C>r<88>R<GLN> 9.133 -2.766 2.491
c<C>r<89>R<GLN> 9.307 0.975 1.572
c<C>r<90>R<PHE> 5.92 2.449 0.513
c<C>r<91>R<GLU> 4.575 0.331 -2.208
c<C>r<92>R<PHE> 7.837 -1.476 -2.887
c<C>r<93>R<PHE> 8.948 -4.937 -1.42
c<C>r<94>R<GLY> 12.207 -6.835 -1.337
c<C>r<95>R<LEU> 12.417 -10.346 -2.706
c<C>r<96>R<GLY> 12.512 -11.886 0.823
c<C>r<109>R<SER> 19.982 -41.523 1.111
c<C>r<110>R<VAL> 19.375 -42.015 -2.698
c<C>r<111>R<PHE> 16.552 -44.228 -4.082
c<C>r<112>R<ILE> 15.551 -44.746 -7.73
c<C>r<113>R<PHE> 11.99 -45.926 -8.722
c<C>r<114>R<PRO> 11.236 -47.41 -12.201
c<C>r<115>R<PRO> 7.816 -46.597 -13.807
c<C>r<116>R<SER> 4.998 -48.933 -12.718
c<C>r<117>R<ASP> 3.494 -51.438 -15.223
c<C>r<118>R<GLU> 0.223 -49.716 -14.594
c<C>r<119>R<GLN> 1.683 -46.427 -15.777
c<C>r<122>R<SER> -0.997 -45.272 -20.194
c<C>r<126>R<SER> 7.946 -41.682 -14.924
c<C>r<127>R<VAL> 11.263 -42.435 -13.323
c<C>r<128>R<VAL> 11.56 -41.027 -9.775
c<C>r<130>R<LEU> 14.504 -39.672 -4.07
c<C>r<132>R<ASN> 16.111 -38.545 1.527
c<C>r<133>R<ASN> 17.005 -36.476 4.712
c<C>r<153>R<ASN> 12.386 -33.41 -19.349
c<C>r<154>R<SER> 12.745 -33.581 -15.497
c<C>r<155>R<GLN> 11.036 -31.682 -12.593
c<C>r<156>R<GLU> 12.193 -31.447 -8.954
c<C>r<157>R<SER> 10.452 -30.591 -5.674
c<C>r<158>R<VAL> 12.023 -30.053 -2.249
c<C>r<159>R<THR> 10.225 -30.271 1.13
c<C>r<160>R<GLU> 10.271 -27.657 3.764
c<C>r<162>R<ASP> 11.957 -31.042 8.544
c<C>r<168>R<TYR> 15.545 -31.603 3.418
c<C>r<169>R<SER> 14.308 -34.109 1.019
c<C>r<170>R<LEU> 14.14 -33.844 -2.759
c<C>r<171>R<SER> 12.071 -35.67 -5.351
c<C>r<172>R<SER> 13.124 -35.57 -9.038
c<C>r<173>R<THR> 10.867 -37.056 -11.705
c<D>r<53>R<TRP> -13.477 18.363 11.174
c<D>r<79>R<LEU> -10.79 7.826 -18.29
c<D>r<81>R<GLY> -14.622 3.543 -14.409
c<D>r<82>R<GLY> -14.038 1.761 -17.622
c<D>r<157>R<ARG> -4.566 21.295 13.73
c<D>r<158>R<SER> -5.579 17.697 13.898
c<D>r<159>R<GLU> -8.757 15.847 14.611
c<D>r<160>R<ASN> -6.686 13.641 16.868
c<D>r<161>R<LEU> -2.873 14.135 17.086
c<D>r<162>R<THR> -2.418 10.716 18.597
c<D>r<163>R<ASN> -4.028 8.986 15.585
c<D>r<164>R<ASN> -1.453 8.687 12.801
c<D>r<165>R<ALA> -4.218 8.237 10.338
c<D>r<166>R<LYS> -5.434 11.747 10.755
c<D>r<167>R<THR> -4.126 14.681 8.646
c<D>r<168>R<ILE> -2.196 17.406 10.407
c<D>r<169>R<ILE> -2.72 20.944 9.219
c<D>r<221>R<PHE> 10.861 15.118 8.413
c<D>r<222>R<GLN> 10.925 12.49 5.859
c<D>r<223>R<PRO> 9.724 12.448 2.18
c<D>r<224>R<PRO> 6.348 10.677 1.437
c<D>r<225>R<SER> 6.562 6.939 1.742
c<D>r<226>R<GLY> 4.736 6.289 -1.528
c<D>r<227>R<GLY> 1.498 6.981 -3.48
c<D>r<228>R<ASP> 0.259 8.786 -6.447
c<D>r<229>R<LEU> 2.528 11.489 -7.787
c<D>r<248>R<THR> 12.626 16.749 -0.687
c<D>r<277>R<ASN> -5.205 11.529 -11.385
c<D>r<278>R<MET> -8.252 13.704 -10.858
c<D>r<279>R<TRP> -8.539 14.851 -7.342
c<D>r<280>R<GLN> -12.15 14.701 -7.797
c<D>r<281>R<GLY> -11.815 10.947 -7.413
c<D>r<282>R<THR> -13.249 10.008 -10.677
c<D>r<283>R<GLY> -10.268 8.621 -12.558
c<D>r<284>R<GLN> -7.424 9.875 -14.888
c<D>r<305>R<LEU> -0.162 19.275 5.28
c<D>r<306>R<LEU> 1.625 16.53 7.276
c<D>r<307>R<THR> 1.097 12.861 8.048
c<D>r<308>R<ARG> 2.706 11.407 11.103
c<D>r<309>R<ASP> 4.522 8.02 10.942
c<D>r<310>R<GLY> 2.872 5.43 13.008
c<D>r<311>R<GLY> 4.473 2.544 14.805
c<D>r<312>R<ALA> 6.954 4.394 16.624
c<D>r<313>R<ASN> 6.148 3.842 20.163
c<D>r<314>R<ASN> 9.557 3.451 21.385
c<D>r<315>R<THR> 11.702 5.956 19.667
c<D>r<318>R<GLU> 8.478 11.651 15.803
c<D>r<319>R<THR> 8.582 11.4 11.959
c<D>r<320>R<PHE> 6.429 13.594 9.772
c<D>r<321>R<ARG> 5.946 13.421 6.095
c<D>r<322>R<PRO> 4.412 15.993 3.71
c<D>r<323>R<GLY> 1.023 14.574 2.637
c<D>r<324>R<GLY> -2.545 15.573 1.764
c<D>r<325>R<GLY> -4.732 14.275 -0.941
c<D>r<326>R<ASN> -7.984 14.873 0.628
c<D>r<327>R<ILE> -8.73 18.331 -0.802
c<D>r<328>R<LYS> -11.36 18.909 1.837
c<D>r<329>R<ASP> -8.526 19.548 4.17
