c<B>r<30>R<ARG> -10.523 -3.164 7.409
c<B>r<31>R<ASP> -11.05 -4.502 3.977
c<B>r<33>R<SER> -4.975 -1.807 2.094
c<B>r<35>R<HIS> -0.681 2.599 0.422
c<B>r<36>R<TRP> 1.625 5.519 1.231
c<B>r<37>R<VAL> 3.362 7.302 -1.546
c<B>r<42>R<ASP> 11.859 16.7 -9.822
c<B>r<43>R<LYS> 12.045 13.051 -9.005
c<B>r<44>R<GLY> 8.334 12.061 -9.26
c<B>r<45>R<PHE> 6.376 9.509 -7.2
c<B>r<46>R<GLU> 8.009 7.195 -4.706
c<B>r<47>R<TRP> 6.102 4.268 -2.978
c<B>r<48>R<ILE> 6.751 4.095 0.696
c<B>r<49>R<GLY> 4.725 0.96 1.77
c<B>r<50>R<TRP> 1.24 -0.333 2.691
c<B>r<51>R<ILE> -0.725 -1.442 5.698
c<B>r<52>R<LYS> -3.562 -3.916 5.77
c<B>r<53>R<PRO> -5.848 -2.613 8.41
c<B>r<54>R<LEU> -7.635 -5.967 9.382
c<B>r<55>R<TRP> -4.665 -7.394 11.196
c<B>r<56>R<GLY> -2.238 -4.59 10.808
c<B>r<57>R<ALA> 0.118 -6.403 8.403
c<B>r<58>R<VAL> 2.743 -3.869 7.054
c<B>r<59>R<SER> 5.217 -3.911 4.18
c<B>r<60>R<TYR> 7.831 -1.204 3.377
c<B>r<61>R<ALA> 9.875 -0.159 0.4
c<B>r<62>R<ARG> 13.208 -1.726 0.646
c<B>r<63>R<GLN> 15.103 1.61 0.624
c<B>r<64>R<LEU> 13.064 2.895 3.429
c<B>r<65>R<GLN> 13.146 -0.11 5.806
c<B>r<66>R<GLY> 14.03 0.914 9.455
c<B>r<69>R<SER> 6.605 2.604 10.658
c<B>r<70>R<MET> 2.902 2.163 9.817
c<B>r<71>R<THR> 0.133 1.738 12.318
c<B>r<72>R<ARG> -3.699 1.974 12.417
c<B>r<74>R<LEU> -9.811 0.941 14.06
c<B>r<75>R<SER> -13.198 2.361 15.049
c<B>r<76>R<GLN> -14.583 1.153 18.236
c<B>r<77>R<ASP> -17.752 2.981 17.856
c<B>r<78>R<PRO> -20.638 0.584 17.468
c<B>r<79>R<ASP> -22.597 3.15 15.498
c<B>r<80>R<ASP> -19.739 3.695 13.038
c<B>r<81>R<PRO> -17.626 0.645 13.011
c<B>r<82>R<ASP> -16.204 1.113 9.554
c<B>r<102>R<PHE> -0.183 10.841 -0.087
c<B>r<109>R<CYS> -12.085 -4.634 -9.901
c<B>r<110>R<ASP> -13.524 -7.975 -10.21
c<B>r<111>R<TYR> -11.557 -9.331 -12.974
c<B>r<112>R<CYS> -8.703 -6.978 -13.023
c<B>r<113>R<GLY> -5.316 -7.971 -12.859
c<B>r<114>R<ASP> -4.401 -5.322 -10.456
c<B>r<115>R<PHE> -6.434 -2.925 -8.472
c<B>r<116>R<PRO> -5.807 0.598 -9.399
c<B>r<117>R<TRP> -5.071 3.344 -6.937
c<B>r<118>R<GLN> -8.442 4.909 -7.149
c<B>r<119>R<TYR> -8.949 7.008 -4.061
c<B>r<120>R<TRP> -6.204 9.595 -3.237
c<B>r<121>R<CYS> -5.983 11.878 -0.162
c<B>r<122>R<GLN> -4.988 15.465 -0.358
c<B>r<123>R<GLY> -1.303 15.365 0.143
c<B>r<137>R<SER> 13.872 41.543 3.329
c<B>r<138>R<VAL> 12.227 43.333 0.456
c<B>r<139>R<PHE> 14.455 45.202 -2.022
c<B>r<140>R<PRO> 13.358 47.262 -5.022
c<B>r<141>R<LEU> 14.254 46.152 -8.487
c<B>r<142>R<ALA> 14.464 49.685 -9.986
c<B>r<143>R<PRO> 13.372 50.255 -13.626
c<B>r<144>R<SER> 15.96 51.4 -16.177
c<B>r<148>R<THR> 8.919 49.231 -21.827
c<B>r<149>R<ALA> 10.135 49.367 -18.365
c<B>r<150>R<ALA> 10.372 46.511 -16.018
c<B>r<151>R<LEU> 10.422 46.965 -12.335
c<B>r<152>R<GLY> 10.067 44.573 -9.334
c<B>r<154>R<LEU> 13.246 41.053 -4.542
c<B>r<156>R<LYS> 14.858 37.752 0.032
c<B>r<175>R<GLY> 2.125 42.057 -16.825
c<B>r<177>R<HIS> 5.109 37.746 -12.837
c<B>r<178>R<THR> 5.659 36.358 -9.416
c<B>r<179>R<PHE> 8.303 33.617 -9.636
c<B>r<180>R<PRO> 8.268 30.306 -7.574
c<B>r<181>R<ALA> 10.643 30.6 -4.604
c<B>r<182>R<VAL> 14.081 29.09 -4.749
c<B>r<183>R<LEU> 15.635 27.43 -1.585
c<B>r<184>R<GLN> 19.042 29.009 -1.039
c<B>r<185>R<SER> 22.106 27.093 0.475
c<B>r<190>R<SER> 14.044 33.902 -2.059
c<B>r<191>R<LEU> 11.741 34.961 -4.905
c<B>r<192>R<SER> 11.195 37.885 -7.286
c<B>r<193>R<SER> 8.01 39.616 -8.384
c<B>r<194>R<VAL> 8.213 41.821 -11.537
c<B>r<195>R<VAL> 5.86 43.93 -13.634
c<B>r<196>R<THR> 6.338 45.412 -17.162
c<B>r<227>R<LYS> 16.872 55.589 -9.245
c<C>r<1>R<GLU> 11.571 -4.428 -9.871
c<C>r<2>R<ILE> 9.765 -2.804 -12.624
c<C>r<3>R<VAL> 11.149 0.265 -14.313
c<C>r<29>R<GLY> 2.517 -9.141 -18.198
c<C>r<30>R<ASN> 1.181 -6.438 -16.077
c<C>r<31>R<ALA> -1.542 -3.955 -16.685
c<C>r<32>R<MET> -0.821 -0.237 -16.943
c<C>r<33>R<THR> -2.507 2.547 -15.049
c<C>r<34>R<TRP> -2.453 6.291 -16.026
c<C>r<35>R<TYR> -2.862 9.336 -13.722
c<C>r<40>R<GLY> -2.432 21.761 -6.15
c<C>r<41>R<GLN> -4.768 19.036 -7.15
c<C>r<42>R<VAL> -4.816 15.357 -6.164
c<C>r<43>R<PRO> -3.799 12.79 -8.774
c<C>r<44>R<ARG> -6.66 11.794 -10.834
c<C>r<45>R<LEU> -7.061 8.172 -12.09
c<C>r<46>R<LEU> -7.686 8.191 -15.904
c<C>r<47>R<ILE> -6.955 4.656 -17.317
c<C>r<48>R<TYR> -6.615 1.435 -15.457
c<C>r<49>R<ASP> -6.092 -2.232 -16.627
c<C>r<50>R<THR> -4.315 -0.802 -19.74
c<C>r<52>R<ARG> -10.337 0.723 -18.922
c<C>r<54>R<ALA> -12.006 5.462 -14.679
c<C>r<55>R<SER> -15.514 6.825 -13.898
c<C>r<86>R<TYR> 2.097 9.484 -14.769
c<C>r<88>R<GLN> 1.931 3.14 -12.952
c<C>r<89>R<GLN> 2.338 -0.706 -12.498
c<C>r<90>R<PHE> 1.741 -1.877 -8.923
c<C>r<91>R<GLU> 4.018 0.155 -6.653
c<C>r<92>R<PHE> 6.118 1.461 -9.516
c<C>r<93>R<PHE> 5.644 4.96 -11.299
c<C>r<94>R<GLY> 7.119 6.597 -14.389
c<C>r<95>R<LEU> 8.844 9.978 -14.041
c<C>r<96>R<GLY> 5.867 11.752 -15.655
c<C>r<109>R<SER> 12.584 40.671 -23.409
c<C>r<110>R<VAL> 15.79 40.846 -21.26
c<C>r<111>R<PHE> 16.189 43.181 -18.259
c<C>r<112>R<ILE> 19.07 43.422 -15.842
c<C>r<113>R<PHE> 18.678 44.844 -12.286
c<C>r<114>R<PRO> 21.633 46.061 -10.205
c<C>r<115>R<PRO> 21.497 45.402 -6.42
c<C>r<116>R<SER> 19.71 48.131 -4.425
c<C>r<117>R<ASP> 21.624 50.468 -2.079
c<C>r<118>R<GLU> 19.534 49.175 0.722
c<C>r<119>R<GLN> 20.682 45.661 0.036
c<C>r<122>R<SER> 23.377 44.332 4.401
c<C>r<126>R<SER> 21.89 40.384 -5.749
c<C>r<127>R<VAL> 21.98 40.982 -9.451
c<C>r<128>R<VAL> 18.75 39.923 -11.143
c<C>r<130>R<LEU> 14.693 38.876 -16.193
c<C>r<132>R<ASN> 10.192 38.193 -20.015
c<C>r<133>R<ASN> 7.446 36.365 -22.064
c<C>r<153>R<ASN> 26.546 31.263 -7.392
c<C>r<154>R<SER> 23.269 31.82 -9.38
c<C>r<155>R<GLN> 19.689 30.42 -9.037
c<C>r<156>R<GLU> 16.89 30.466 -11.619
c<C>r<157>R<SER> 13.111 30.148 -11.409
c<C>r<158>R<VAL> 10.637 29.797 -14.296
c<C>r<159>R<THR> 6.867 30.545 -14.116
c<C>r<160>R<GLU> 4.157 28.223 -15.187
c<C>r<162>R<ASP> 1.025 31.867 -18.918
c<C>r<168>R<TYR> 7.278 31.522 -19.905
c<C>r<169>R<SER> 9.274 33.929 -17.899
c<C>r<170>R<LEU> 12.545 33.256 -16.055
c<C>r<171>R<SER> 14.228 35.053 -13.193
c<C>r<172>R<SER> 17.972 34.459 -12.603
c<C>r<173>R<THR> 19.633 35.913 -9.484
c<D>r<51>R<ASN> -10.738 -18.366 -10.387
c<D>r<53>R<TRP> -9.79 -15.798 -5.687
c<D>r<54>R<LYS> -13.291 -14.991 -6.898
c<D>r<79>R<LEU> -14.588 -6.159 23.522
c<D>r<80>R<THR> -16.346 -5.138 20.256
c<D>r<81>R<GLY> -16.777 -1.408 19.022
c<D>r<82>R<GLY> -16.825 0.134 22.413
c<D>r<83>R<SER> -18.963 -2.472 23.941
c<D>r<159>R<GLU> -4.06 -13.73 -7.576
c<D>r<160>R<ASN> -1.134 -11.782 -9.006
c<D>r<162>R<THR> 3.672 -9.182 -9.215
c<D>r<163>R<ASN> 1.432 -7.473 -6.747
c<D>r<164>R<ASN> 3.11 -7.481 -3.329
c<D>r<165>R<ALA> -0.149 -6.844 -1.548
c<D>r<166>R<LYS> -1.557 -10.087 -2.621
c<D>r<224>R<PRO> 6.967 -10.467 9.378
c<D>r<225>R<SER> 7.646 -6.675 9.24
c<D>r<226>R<GLY> 4.964 -5.943 11.767
c<D>r<227>R<GLY> 1.265 -6.359 12.701
c<D>r<228>R<ASP> -0.736 -8.039 15.326
c<D>r<229>R<LEU> 0.679 -11.138 17.115
c<D>r<230>R<GLU> -1.785 -13.253 15.148
c<D>r<231>R<ILE> -0.01 -12.353 11.892
c<D>r<232>R<THR> 3.61 -11.997 13.276
c<D>r<277>R<ASN> -7.706 -10.439 18.3
c<D>r<278>R<MET> -10.626 -12.236 16.86
c<D>r<279>R<TRP> -10.083 -13.346 13.444
c<D>r<280>R<GLN> -13.67 -12.702 12.759
c<D>r<281>R<GLY> -12.726 -9.055 12.791
c<D>r<282>R<THR> -15.089 -8.152 15.524
c<D>r<283>R<GLY> -12.524 -7.061 18.162
c<D>r<307>R<THR> 3.744 -11.932 1.6
c<D>r<308>R<ARG> 6.339 -10.545 -0.816
c<D>r<309>R<ASP> 8.314 -7.307 -0.036
c<D>r<310>R<GLY> 7.513 -4.476 -2.356
c<D>r<311>R<GLY> 9.758 -1.877 -3.869
c<D>r<312>R<ALA> 12.531 -3.872 -4.962
c<D>r<313>R<ASN> 13.323 -2.83 -8.356
c<D>r<314>R<ASN> 16.719 -3.027 -8.532
c<D>r<315>R<THR> 17.877 -5.875 -6.458
c<D>r<316>R<SER> 18.63 -9.439 -7.464
c<D>r<317>R<ASN> 16.725 -10.537 -4.248
c<D>r<318>R<GLU> 13.0 -11.283 -3.596
c<D>r<319>R<THR> 12.077 -11.203 0.115
c<D>r<321>R<ARG> 7.689 -13.128 4.795
c<D>r<323>R<GLY> 1.896 -13.903 6.746
c<D>r<324>R<GLY> -1.883 -14.557 6.475
c<D>r<325>R<GLY> -4.694 -13.232 8.618
c<D>r<326>R<ASN> -7.277 -13.312 6.06
