c<A>r<138>R<ASP> -8.018000 15.103000 -2.712000
c<A>r<139>R<ALA> -7.326000 11.881000 -4.451000
c<A>r<140>R<VAL> -5.557000 10.311000 -1.435000
c<A>r<141>R<VAL> -5.463000 10.317000 2.342000
c<A>r<144>R<PRO> 3.540000 11.859000 1.803000
c<A>r<145>R<THR> 1.478000 12.155000 -1.422000
c<A>r<146>R<ILE> 3.033000 11.564000 -4.809000
c<A>r<151>R<VAL> -1.366000 8.269000 -10.676000
c<A>r<152>R<ALA> -2.006000 9.584000 -7.130000
c<A>r<153>R<PHE> -0.661000 7.625000 -4.187000
c<A>r<154>R<PHE> -0.476000 7.945000 -0.490000
c<A>r<155>R<GLY> 3.212000 6.858000 0.077000
c<A>r<156>R<PRO> 5.471000 5.256000 -0.392000
c<A>r<157>R<VAL> 5.682000 5.635000 3.441000
c<A>r<158>R<LEU> 9.437000 5.286000 4.122000
c<A>r<159>R<SER> 11.047000 5.569000 7.588000
c<A>r<160>R<LYS> 14.625000 5.897000 6.111000
c<A>r<161>R<ILE> 15.990000 7.479000 2.901000
c<A>r<162>R<PRO> 16.858999 4.765000 0.363000
c<A>r<166>R<GLU> 18.027000 0.526000 -4.027000
c<A>r<167>R<ALA> 16.287001 3.887000 -4.456000
c<A>r<169>R<LYS> 14.354000 -0.327000 -7.603000
c<A>r<170>R<LEU> 11.800000 1.065000 -5.238000
c<A>r<171>R<TRP> 10.899000 3.650000 -7.945000
c<A>r<172>R<ASP> 10.575000 0.877000 -10.558000
c<A>r<173>R<ALA> 8.247000 -0.976000 -8.216000
c<A>r<174>R<SER> 6.154000 2.126000 -7.651000
c<A>r<175>R<VAL> 5.913000 2.708000 -11.442000
c<A>r<176>R<THR> 4.802000 -0.900000 -11.872000
c<A>r<177>R<PHE> 1.945000 -0.573000 -9.366000
c<A>r<178>R<ALA> 0.959000 2.816000 -10.898000
c<A>r<179>R<SER> 0.674000 1.194000 -14.311000
c<A>r<180>R<TYR> -1.884000 -1.359000 -13.081000
c<A>r<181>R<PRO> -5.224000 0.494000 -12.707000
c<A>r<182>R<HIS> -6.716000 -2.287000 -10.535000
c<A>r<183>R<PHE> -4.085000 -2.083000 -7.715000
c<A>r<184>R<PHE> -5.126000 -0.134000 -4.614000
c<A>r<185>R<GLU> -2.958000 -0.967000 -1.547000
c<A>r<186>R<LEU> 0.177000 -2.720000 -0.216000
c<A>r<187>R<LYS> 0.840000 -2.196000 3.480000
c<A>r<188>R<ARG> 2.710000 -3.478000 6.586000
c<A>r<189>R<THR> 2.385000 -2.109000 10.151000
c<A>r<190>R<ARG> 4.663000 0.934000 10.682000
c<A>r<191>R<THR> 7.133000 0.076000 13.509000
c<A>r<192>R<GLU> 9.708000 2.745000 12.962000
c<A>r<193>R<PRO> 9.763000 6.485000 13.538000
c<A>r<194>R<PRO> 11.189000 8.715000 10.774000
c<A>r<195>R<GLN> 14.905000 8.499000 10.588000
c<B>r<138>R<ASP> -1.633000 -10.375000 13.768000
c<B>r<139>R<ALA> 1.103000 -8.655000 11.907000
c<B>r<140>R<VAL> -1.312000 -6.786000 9.585000
c<B>r<141>R<VAL> -4.803000 -5.345000 9.437000
c<B>r<144>R<PRO> -6.059000 -10.203000 1.712000
c<B>r<145>R<THR> -2.952000 -10.957000 3.837000
c<B>r<146>R<ILE> 0.191000 -12.379000 2.300000
c<B>r<151>R<VAL> 7.370000 -10.282000 5.238000
c<B>r<152>R<ALA> 3.707000 -9.742000 6.221000
c<B>r<153>R<PHE> 1.566000 -7.447000 4.114000
c<B>r<154>R<PHE> -1.972000 -6.322000 3.940000
c<B>r<155>R<GLY> -2.550000 -6.576000 0.109000
c<B>r<156>R<PRO> -1.811000 -6.266000 -2.582000
c<B>r<157>R<VAL> -5.494000 -5.141000 -2.763000
c<B>r<158>R<LEU> -6.466000 -5.993000 -6.372000
c<B>r<159>R<SER> -9.962000 -5.467000 -7.857000
c<B>r<160>R<LYS> -9.180000 -7.668000 -10.957000
c<B>r<161>R<ILE> -7.004000 -10.782000 -11.476000
c<B>r<162>R<PRO> -3.767000 -9.838000 -13.257000
c<B>r<166>R<GLU> 1.714000 -8.452000 -15.855000
c<B>r<167>R<ALA> 1.064000 -10.787000 -12.914000
c<B>r<169>R<LYS> 5.779000 -7.774000 -12.699000
c<B>r<170>R<LEU> 3.416000 -7.044000 -9.887000
c<B>r<171>R<TRP> 5.040000 -9.938000 -7.941000
c<B>r<172>R<ASP> 8.523000 -8.532000 -8.648000
c<B>r<173>R<ALA> 7.368000 -5.177000 -7.329000
c<B>r<174>R<SER> 5.953000 -6.768000 -4.201000
c<B>r<175>R<VAL> 9.240000 -8.664000 -3.609000
c<B>r<176>R<THR> 11.132000 -5.383000 -4.004000
c<B>r<177>R<PHE> 9.069000 -3.595000 -1.343000
c<B>r<178>R<ALA> 9.334000 -6.669000 0.954000
c<B>r<179>R<SER> 13.107000 -6.550000 0.703000
c<B>r<180>R<TYR> 13.261000 -2.964000 1.999000
c<B>r<181>R<PRO> 12.634000 -3.116000 5.778000
c<B>r<182>R<HIS> 11.891000 0.630000 5.967000
c<B>r<183>R<PHE> 8.900000 0.586000 3.535000
c<B>r<184>R<PHE> 5.454000 0.564000 5.143000
c<B>r<185>R<GLU> 2.675000 1.662000 2.722000
c<B>r<186>R<LEU> 1.708000 2.474000 -0.896000
c<B>r<187>R<LYS> -1.965000 3.251000 -1.417000
c<B>r<188>R<ARG> -4.570000 4.849000 -3.738000
c<B>r<189>R<THR> -8.321000 5.238000 -3.024000
c<B>r<190>R<ARG> -10.244000 2.041000 -3.935000
c<B>r<191>R<THR> -12.832000 2.949000 -6.636000
c<B>r<192>R<GLU> -13.648000 -0.471000 -7.932000
c<B>r<193>R<PRO> -15.593000 -3.403000 -6.539000
c<B>r<194>R<PRO> -14.075000 -6.899000 -6.870000
c<B>r<195>R<GLN> -14.298000 -8.190000 -10.355000
