c<A>r<9>R<ARG> -8.236000 -4.790000 -9.225000
c<A>r<10>R<GLU> -9.108000 -8.173000 -10.783000
c<A>r<12>R<ILE> -3.633000 -7.165000 -10.209000
c<A>r<13>R<ILE> -5.159000 -10.136000 -8.263000
c<A>r<16>R<MET> -0.476000 -12.306000 -8.016000
c<A>r<17>R<GLU> -2.160000 -15.711000 -8.707000
c<A>r<23>R<LYS> 1.617000 -9.390000 -1.980000
c<A>r<24>R<ALA> 3.070000 -5.882000 -1.371000
c<A>r<25>R<GLY> 2.172000 -5.103000 -5.055000
c<A>r<26>R<LEU> -1.587000 -5.339000 -4.187000
c<A>r<27>R<ILE> -0.992000 -2.795000 -1.364000
c<A>r<28>R<ALA> 0.934000 -0.569000 -3.842000
c<A>r<29>R<HIS> -2.034000 -0.815000 -6.276000
c<A>r<30>R<GLY> -4.357000 0.356000 -3.441000
c<A>r<31>R<ARG> -2.142000 3.444000 -2.827000
c<A>r<32>R<GLY> -2.259000 4.181000 -6.585000
c<A>r<33>R<GLU> -6.086000 3.878000 -6.617000
c<A>r<34>R<ALA> -6.431000 6.347000 -3.680000
c<A>r<35>R<PHE> -4.362000 8.981000 -5.552000
c<A>r<37>R<TYR> -9.554000 9.064000 -7.055000
c<A>r<38>R<LEU> -7.986000 12.351000 -5.787000
c<A>r<160>R<GLU> 17.261999 7.835000 -6.029000
c<A>r<175>R<ASN> 1.662000 9.536000 -5.782000
c<A>r<176>R<PRO> 3.288000 13.013000 -6.419000
c<A>r<177>R<LEU> 4.661000 12.960000 -2.809000
c<A>r<178>R<SER> 6.512000 9.589000 -3.145000
c<A>r<179>R<ARG> 10.344000 9.543000 -2.893000
c<A>r<180>R<SER> 10.359000 8.143000 -6.495000
c<A>r<181>R<ALA> 8.157000 11.038000 -7.757000
c<A>r<182>R<ARG> 10.362000 13.677000 -5.977000
c<A>r<183>R<MET> 13.745000 12.232000 -7.109000
c<A>r<184>R<ALA> 12.961000 11.429000 -10.785000
c<A>r<185>R<ASP> 14.028000 13.797000 -13.598000
c<A>r<187>R<THR> 7.485000 12.470000 -13.073000
c<A>r<222>R<ASP> 10.188000 21.743000 -15.319000
c<A>r<223>R<ASN> 9.469000 18.653999 -13.155000
c<A>r<224>R<GLY> 9.350000 20.818001 -9.968000
c<A>r<225>R<LYS> 6.649000 23.049000 -11.510000
c<A>r<226>R<THR> 4.848000 19.916000 -12.835000
c<A>r<227>R<LEU> 4.700000 18.271000 -9.360000
c<A>r<228>R<ASN> 3.491000 21.598000 -7.841000
c<A>r<231>R<LEU> -0.640000 19.205999 -5.955000
c<A>r<232>R<LEU> -2.619000 22.391001 -6.819000
c<A>r<234>R<ILE> -5.599000 17.816000 -6.127000
c<A>r<235>R<ARG> -6.071000 20.759001 -3.654000
c<A>r<236>R<ASP> -8.566000 22.576000 -5.929000
c<A>r<237>R<ARG> -10.468000 19.311001 -6.579000
c<A>r<238>R<LEU> -10.670000 18.598000 -2.795000
c<A>r<239>R<THR> -12.007000 22.166000 -2.303000
c<A>r<240>R<LYS> -14.657000 21.652000 -5.059000
c<A>r<241>R<LEU> -15.692000 18.283001 -3.498000
c<A>r<242>R<ALA> -15.982000 19.764000 0.047000
c<A>r<243>R<GLU> -17.929001 22.798000 -1.221000
c<A>r<244>R<GLY> -20.356001 20.440001 -3.030000
c<A>r<245>R<GLY> -21.007999 18.472000 0.204000
c<A>r<246>R<ILE> -20.304001 14.722000 -0.123000
c<A>r<247>R<TRP> -22.709000 13.183000 2.460000
c<A>r<248>R<ARG> -25.722000 11.354000 0.874000
c<A>r<249>R<LYS> -24.938000 13.025000 -2.527000
c<B>r<9>R<ARG> 1.508000 -3.750000 6.367000
c<B>r<10>R<GLU> 3.162000 -6.927000 7.743000
c<B>r<12>R<ILE> -2.322000 -7.403000 6.951000
c<B>r<13>R<ILE> -0.043000 -9.791000 4.944000
c<B>r<16>R<MET> -4.038000 -12.992000 4.441000
c<B>r<23>R<LYS> -6.572000 -10.426000 -1.606000
c<B>r<24>R<ALA> -8.856000 -7.378000 -2.200000
c<B>r<25>R<GLY> -8.305000 -6.527000 1.532000
c<B>r<26>R<LEU> -4.570000 -5.848000 0.796000
c<B>r<27>R<ILE> -5.695000 -3.361000 -1.913000
c<B>r<28>R<ALA> -8.120000 -1.762000 0.606000
c<B>r<29>R<HIS> -5.236000 -1.496000 3.138000
c<B>r<30>R<GLY> -3.120000 0.299000 0.477000
c<B>r<31>R<ARG> -5.922000 2.882000 -0.036000
c<B>r<32>R<GLY> -6.066000 3.377000 3.757000
c<B>r<33>R<GLU> -2.243000 3.826000 3.961000
c<B>r<34>R<ALA> -2.369000 6.581000 1.279000
c<B>r<35>R<PHE> -5.246000 8.475000 2.986000
c<B>r<38>R<LEU> -2.584000 12.557000 3.730000
c<B>r<160>R<GLU> -25.914000 1.902000 1.545000
c<B>r<175>R<ASN> -11.304000 7.487000 2.576000
c<B>r<176>R<PRO> -13.883000 10.344000 3.098000
c<B>r<177>R<LEU> -14.808000 10.065000 -0.641000
c<B>r<178>R<SER> -15.771000 6.346000 -0.407000
c<B>r<179>R<ARG> -19.400999 5.258000 -0.941000
c<B>r<180>R<SER> -19.330999 3.840000 2.650000
c<B>r<181>R<ALA> -18.129000 7.198000 4.123000
c<B>r<182>R<ARG> -20.693001 9.215000 2.089000
c<B>r<183>R<MET> -23.620001 6.884000 2.997000
c<B>r<184>R<ALA> -22.965000 6.211000 6.735000
c<B>r<185>R<ASP> -24.915001 8.218000 9.376000
c<B>r<186>R<ILE> -21.570000 8.756000 11.214000
c<B>r<187>R<THR> -18.162001 8.539000 9.480000
c<B>r<222>R<ASP> -23.274000 16.879000 11.564000
c<B>r<223>R<ASN> -21.709999 14.119000 9.400000
c<B>r<224>R<GLY> -21.893000 16.346001 6.259000
c<B>r<225>R<LYS> -19.902000 19.122000 7.993000
c<B>r<226>R<THR> -17.510000 16.488001 9.468000
c<B>r<227>R<LEU> -16.742001 14.990000 6.014000
c<B>r<228>R<ASN> -16.229000 18.509001 4.557000
c<B>r<229>R<ASP> -13.873000 19.462999 7.477000
c<B>r<230>R<VAL> -11.825000 16.270000 6.677000
c<B>r<231>R<LEU> -11.497000 17.236000 2.968000
c<B>r<232>R<LEU> -10.348000 20.764999 3.984000
c<B>r<233>R<HIS> -7.837000 19.212000 6.450000
c<B>r<234>R<ILE> -6.371000 17.007999 3.631000
c<B>r<235>R<ARG> -6.283000 20.104000 1.318000
c<B>r<236>R<ASP> -4.426000 22.202999 3.938000
c<B>r<237>R<ARG> -1.982000 19.322001 4.609000
c<B>r<238>R<LEU> -1.290000 18.954000 0.853000
c<B>r<239>R<THR> -0.499000 22.708000 0.743000
c<B>r<241>R<LEU> 3.507000 19.181999 2.138000
c<B>r<242>R<ALA> 4.087000 21.287001 -1.038000
c<B>r<243>R<GLU> 5.690000 24.212000 0.904000
c<B>r<245>R<GLY> 9.076000 22.615000 -3.278000
c<B>r<246>R<ILE> 8.625000 18.862000 -3.848000
c<B>r<247>R<ARG> 11.627000 18.169001 -6.153000
c<B>r<248>R<LYS> 14.966000 16.790001 -4.776000
c<B>r<249>R<LYS> 14.048000 17.059000 -0.980000
