1765116997785 0.15211935341358185 15
1765117012103 0.14747287333011627 31
1765117026471 0.14619380235671997 47
1765117040883 0.14159193634986877 63
1765117055730 0.1450531929731369 79
1765117070278 0.10149963200092316 95
1765117084780 0.07909196615219116 111
1765117099564 0.08206246048212051 127
1765117115042 0.08186647295951843 143
1765117129643 0.07890442758798599 159
1765117144337 0.07265649735927582 175
1765117159367 0.0829344391822815 191
1765117174220 0.07222936302423477 207
1765117189315 0.07042891532182693 223
1765117204021 0.0713159367442131 239
1765117218387 0.06785384565591812 255
1765117233605 0.07071008533239365 271
1765117248789 0.05980639532208443 287
1765117264282 0.0703573152422905 303
1765117278950 0.06776125729084015 319
1765117293892 0.07338743656873703 335
1765117308306 0.06182407587766647 351
1765117322988 0.06410346925258636 367
1765117337367 0.06501862406730652 383
1765117352182 0.06310459226369858 399
1765117367078 0.05850391462445259 415
1765117382253 0.05848146229982376 431
1765117397473 0.05671731382608414 447
1765117412279 0.06173008307814598 463
1765117427695 0.053093135356903076 479
1765117442414 0.06620611250400543 495
1765117457407 0.07169906049966812 511
1765117472081 0.057494573295116425 527
1765117487236 0.06919392943382263 543
1765117501821 0.056961122900247574 559
1765117516468 0.054157208651304245 575
1765117530825 0.05361975356936455 591
1765117545996 0.0588061660528183 607
1765117560789 0.06295926123857498 623
1765117575671 0.051544710993766785 639
1765117590464 0.0477030910551548 655
1765117604943 0.05599423497915268 671
1765117620035 0.06316966563463211 687
1765117636071 0.059644341468811035 703
1765117651041 0.059095341712236404 719
1765117665768 0.05045873299241066 735
1765117680671 0.05723832547664642 751
1765117696394 0.05511767044663429 767
1765117711408 0.056995049118995667 783
1765117726958 0.038983698934316635 799
1765117741641 0.057037316262722015 815
1765117756616 0.04650525003671646 831
1765117772007 0.05250168219208717 847
1765117787565 0.04517568275332451 863
1765117803078 0.06875003129243851 879
1765117818074 0.06098931282758713 895
1765117833258 0.05330231785774231 911
1765117848910 0.05961726978421211 927
1765117864253 0.04950714483857155 943
1765117879439 0.056278761476278305 959
1765117894760 0.05495312809944153 975
1765117910453 0.044942356646060944 991
1765117925981 0.0398743599653244 1007
1765117941685 0.05061078444123268 1023
1765117956765 0.06284114718437195 1039
1765117971875 0.052736736834049225 1055
1765117987239 0.053478799760341644 1071
1765118001963 0.04784508794546127 1087
1765118017256 0.0511816181242466 1103
1765118032492 0.051353007555007935 1119
1765118047385 0.05581016093492508 1135
1765118061967 0.04911664128303528 1151
1765118077286 0.04777642339468002 1167
1765118093000 0.0432279035449028 1183
1765118108421 0.05050397664308548 1199
1765118123774 0.05657278746366501 1215
1765118138982 0.05002342537045479 1231
1765118153981 0.05160924419760704 1247
1765118169353 0.048292405903339386 1263
1765118184118 0.06079544126987457 1279
1765118199468 0.04608425498008728 1295
1765118214397 0.042770788073539734 1311
1765118230183 0.05091209337115288 1327
1765118245410 0.049727678298950195 1343
1765118260510 0.04939371347427368 1359
1765118275141 0.04646281152963638 1375
1765118290304 0.04587816819548607 1391
1765118305814 0.04026195779442787 1407
1765118321220 0.041573066264390945 1423
1765118336449 0.04641072452068329 1439
1765118352030 0.050715334713459015 1455
1765118367511 0.05385506898164749 1471
1765118382665 0.04739387705922127 1487
1765118397758 0.042143307626247406 1503
1765118413477 0.048562176525592804 1519
1765118428832 0.04381261020898819 1535
1765118445223 0.04310698062181473 1551
1765118460424 0.04215041548013687 1567
1765118475727 0.04559065401554108 1583
1765118491427 0.04832902550697327 1599
1765118506561 0.04535425454378128 1615
1765118522178 0.04698086902499199 1631
1765118537422 0.04696732014417648 1647
1765118552818 0.04141922667622566 1663
1765118568452 0.046560004353523254 1679
1765118584090 0.04132379963994026 1695
1765118599383 0.04825413599610329 1711
1765118614674 0.047526370733976364 1727
1765118629830 0.049620892852544785 1743
1765118644574 0.05297126621007919 1759
1765118659425 0.043506477028131485 1775
1765118674471 0.04601384699344635 1791
1765118690316 0.03728482872247696 1807
1765118705479 0.05150697007775307 1823
1765118721124 0.04730444401502609 1839
1765118736864 0.04981837794184685 1855
1765118752505 0.041861798614263535 1871
1765118768753 0.04730382561683655 1887
1765118784625 0.03599683195352554 1903
1765118799992 0.04807237908244133 1919
1765118815599 0.049016859382390976 1935
1765118831298 0.049512796103954315 1951
1765118846714 0.03960362449288368 1967
1765118862416 0.042563676834106445 1983
1765118877858 0.05289333686232567 1999
1765118893300 0.037857022136449814 2015
1765118908342 0.0397024005651474 2031
1765118924340 0.04349260404706001 2047
1765118940070 0.04294777289032936 2063
1765118955020 0.04277006536722183 2079
1765118970589 0.039298657327890396 2095
1765118985671 0.042911067605018616 2111
1765119001480 0.038416579365730286 2127
1765119016996 0.038462553173303604 2143
1765119032384 0.03632776066660881 2159
1765119048062 0.03982178494334221 2175
1765119063874 0.04201073199510574 2191
1765119079066 0.03900764882564545 2207
1765119094282 0.04164794087409973 2223
1765119109452 0.04226505756378174 2239
1765119124678 0.035417746752500534 2255
1765119140570 0.03163947910070419 2271
1765119156182 0.039911288768053055 2287
1765119171439 0.03946142643690109 2303
1765119186393 0.03905978053808212 2319
1765119202395 0.033867426216602325 2335
1765119217935 0.04449703171849251 2351
1765119232815 0.03611386939883232 2367
1765119248582 0.03676854446530342 2383
1765119264432 0.038346827030181885 2399
1765119280065 0.03968526050448418 2415
1765119295670 0.03845030814409256 2431
1765119311044 0.034783050417900085 2447
1765119326774 0.03402140736579895 2463
1765119341860 0.03757854178547859 2479
1765119357354 0.038915783166885376 2495
1765119373139 0.041952963918447495 2511
1765119389155 0.039817094802856445 2527
1765119405184 0.03905516490340233 2543
1765119420482 0.037366777658462524 2559
1765119436112 0.04069551080465317 2575
1765119451648 0.03375030308961868 2591
1765119467536 0.036706309765577316 2607
1765119483202 0.03687784820795059 2623
1765119499024 0.037750158458948135 2639
1765119514547 0.03904378414154053 2655
1765119530287 0.03952109068632126 2671
1765119545839 0.038247086107730865 2687
1765119561425 0.0385652631521225 2703
1765119576817 0.03318352624773979 2719
1765119592555 0.040032219141721725 2735
1765119608216 0.038904234766960144 2751
1765119623813 0.037973515689373016 2767
1765119639557 0.04080112650990486 2783
1765119655749 0.03921349346637726 2799
1765119671987 0.03918293118476868 2815
1765119688037 0.03861818462610245 2831
1765119703926 0.034863196313381195 2847
1765119719196 0.0351000614464283 2863
1765119734996 0.036846842616796494 2879
1765119750039 0.03330434858798981 2895
1765119765816 0.041294679045677185 2911
1765119781126 0.040299978107213974 2927
1765119796926 0.03798779472708702 2943
1765119812481 0.04133005067706108 2959
1765119828008 0.03595419228076935 2975
1765119843607 0.037474703043699265 2991
1765119859415 0.036659181118011475 3007
1765119875648 0.03876179829239845 3023
1765119890805 0.03415127098560333 3039
1765119907015 0.03797036409378052 3055
1765119922530 0.0426863357424736 3071
1765119938545 0.04267532005906105 3087
1765119954415 0.0385318286716938 3103
1765119970028 0.03618532419204712 3119
1765119985307 0.038718193769454956 3135
1765120001017 0.035692472010850906 3151
1765120016982 0.03544183075428009 3167
