c<A>r<2>R<THR> -25.646000 3.100000 16.406000
c<A>r<4>R<HIS> -20.207001 6.644000 15.715000
c<A>r<5>R<LYS> -16.979000 6.961000 17.604000
c<A>r<6>R<PHE> -14.286000 9.557000 16.799000
c<A>r<7>R<GLU> -10.863000 10.407000 18.219999
c<A>r<8>R<HIS> -9.097000 13.647000 17.641001
c<A>r<9>R<PRO> -5.540000 14.396000 18.728001
c<A>r<15>R<ARG> -1.256000 12.687000 16.330000
c<A>r<16>R<ILE> 1.880000 10.713000 15.696000
c<A>r<18>R<LEU> -2.444000 7.601000 16.891001
c<A>r<19>R<ARG> -0.885000 7.183000 13.470000
c<A>r<20>R<VAL> 1.649000 4.744000 14.701000
c<A>r<21>R<GLU> -1.101000 2.828000 16.593000
c<A>r<22>R<SER> -3.047000 2.613000 13.364000
c<A>r<23>R<LEU> -0.023000 1.480000 11.324000
c<A>r<26>R<GLN> -2.600000 -2.514000 10.109000
c<A>r<29>R<LEU> -3.703000 -7.637000 10.696000
c<A>r<30>R<ALA> -2.108000 -7.835000 7.250000
c<A>r<36>R<ASN> -3.302000 -11.492000 -2.369000
c<A>r<37>R<HIS> -3.350000 -7.796000 -1.686000
c<A>r<38>R<GLN> -2.689000 -7.796000 2.075000
c<A>r<40>R<GLN> 0.475000 -4.065000 0.167000
c<A>r<41>R<LEU> -1.080000 -3.078000 3.526000
c<A>r<44>R<ARG> 3.025000 0.172000 3.464000
c<A>r<45>R<ALA> 2.518000 0.107000 7.257000
c<A>r<47>R<PHE> 7.610000 1.637000 5.714000
c<A>r<48>R<ASP> 5.440000 4.363000 7.153000
c<A>r<49>R<VAL> 6.328000 3.379000 10.768000
c<A>r<51>R<ILE> 9.345000 7.336000 8.999000
c<A>r<52>R<PHE> 8.396000 8.186000 12.355000
c<A>r<113>R<ARG> 18.584999 -6.009000 2.816000
c<A>r<114>R<PHE> 15.288000 -7.063000 1.288000
c<A>r<117>R<SER> 15.916000 -2.858000 -1.754000
c<A>r<123>R<ASN> 4.693000 2.654000 -3.923000
c<A>r<124>R<LEU> 5.064000 1.621000 -7.442000
c<A>r<125>R<CYS> 3.871000 -1.658000 -8.857000
c<A>r<126>R<CYS> 5.217000 -5.124000 -8.511000
c<A>r<127>R<PHE> 6.484000 -5.613000 -12.083000
c<A>r<128>R<ASP> 9.069000 -3.083000 -11.105000
c<A>r<129>R<LEU> 9.970000 -5.004000 -7.991000
c<A>r<130>R<PRO> 11.036000 -8.477000 -9.088000
c<A>r<131>R<ALA> 12.446000 -9.154000 -5.629000
c<A>r<132>R<LEU> 9.071000 -8.498000 -4.098000
c<A>r<133>R<HIS> 7.333000 -10.533000 -6.738000
c<A>r<134>R<TYR> 9.655000 -13.396000 -5.968000
c<A>r<135>R<TRP> 9.094000 -13.042000 -2.164000
c<A>r<137>R<HIS> 5.674000 -16.490000 -4.350000
c<A>r<138>R<LEU> 7.446000 -17.966000 -1.346000
c<A>r<202>R<GLY> -25.745001 11.779000 9.789000
c<A>r<203>R<VAL> -23.011999 14.172000 10.767000
c<A>r<204>R<TYR> -19.312000 13.955000 11.387000
c<A>r<205>R<PRO> -17.153000 16.277000 13.420000
c<A>r<206>R<ILE> -14.494000 18.643999 12.202000
c<A>r<207>R<SER> -12.163000 19.986000 14.783000
c<A>r<218>R<ALA> -20.934999 18.615000 9.026000
c<A>r<219>R<PHE> -23.221001 16.565001 6.802000
c<A>r<220>R<GLU> -22.023001 14.081000 4.220000
c<A>r<221>R<ASN> -22.018999 16.833000 1.631000
c<A>r<222>R<GLY> -19.733000 18.872999 3.745000
c<B>r<1>R<THR> 5.955000 -24.252001 -10.146000
c<B>r<2>R<THR> 7.070000 -21.672001 -12.772000
c<B>r<3>R<HIS> 7.324000 -17.993000 -11.711000
c<B>r<4>R<LYS> 6.012000 -15.535000 -14.209000
c<B>r<5>R<PHE> 7.496000 -12.038000 -14.741000
c<B>r<6>R<GLU> 6.702000 -9.087000 -16.988001
c<B>r<7>R<HIS> 9.094000 -6.276000 -17.731001
c<B>r<8>R<PRO> 8.210000 -3.155000 -19.660000
c<B>r<14>R<ARG> 5.488000 0.846000 -17.802000
c<B>r<15>R<ILE> 2.627000 3.229000 -17.285000
c<B>r<17>R<LEU> 1.224000 -2.011000 -16.648001
c<B>r<18>R<ARG> 0.945000 0.257000 -13.636000
c<B>r<19>R<VAL> -2.499000 1.397000 -14.565000
c<B>r<20>R<GLU> -3.541000 -2.248000 -15.232000
c<B>r<21>R<SER> -2.346000 -3.111000 -11.756000
c<B>r<22>R<LEU> -4.129000 -0.184000 -10.092000
c<B>r<25>R<GLN> -6.503000 -3.436000 -7.308000
c<B>r<28>R<LEU> -10.816000 -6.268000 -6.179000
c<B>r<29>R<ALA> -10.946000 -3.886000 -3.187000
c<B>r<35>R<ASN> -11.973000 -3.372000 7.128000
c<B>r<36>R<HIS> -8.739000 -2.426000 5.471000
c<B>r<37>R<GLN> -9.673000 -2.929000 1.807000
c<B>r<39>R<GLN> -7.160000 1.648000 1.895000
c<B>r<40>R<LEU> -6.320000 -0.382000 -1.264000
c<B>r<43>R<ARG> -4.947000 4.391000 -2.915000
c<B>r<47>R<ASP> -2.817000 6.880000 -8.049000
c<B>r<112>R<ARG> -16.416000 16.631001 -3.647000
c<B>r<113>R<PHE> -15.802000 13.750000 -1.256000
c<B>r<116>R<SER> -11.641000 16.608000 0.230000
c<B>r<123>R<LEU> 0.256000 11.244000 3.705000
c<B>r<124>R<PRO> 2.212000 8.461000 5.498000
c<B>r<125>R<GLY> -0.112000 7.165000 7.972000
c<B>r<126>R<GLY> -3.071000 8.772000 6.730000
c<B>r<127>R<CYS> -5.608000 7.546000 9.020000
c<B>r<128>R<CYS> -9.044000 8.031000 9.509000
c<B>r<129>R<PHE> -8.856000 10.189000 12.689000
c<B>r<130>R<ASP> -7.485000 12.916000 10.472000
c<B>r<131>R<LEU> -10.140000 12.233000 7.884000
c<B>r<132>R<PRO> -13.475000 12.374000 9.715000
c<B>r<133>R<ALA> -15.319000 12.466000 6.419000
c<B>r<134>R<LEU> -13.706000 9.201000 5.442000
c<B>r<135>R<HIS> -14.390000 7.723000 8.839000
c<B>r<136>R<TYR> -18.017000 8.677000 8.469000
c<B>r<137>R<TRP> -18.193001 7.209000 4.918000
c<B>r<139>R<HIS> -19.570999 3.636000 8.608000
c<B>r<140>R<LEU> -22.160000 3.900000 5.877000
c<B>r<204>R<GLY> 15.230000 -19.695999 -6.498000
c<B>r<205>R<VAL> 16.143999 -16.711000 -8.629000
c<B>r<206>R<TYR> 14.416000 -13.623000 -9.891000
c<B>r<207>R<PRO> 15.288000 -11.528000 -12.900000
c<B>r<208>R<ILE> 16.686001 -8.022000 -12.917000
c<B>r<209>R<SER> 16.545000 -6.202000 -16.209000
c<B>r<220>R<ALA> 19.704000 -12.916000 -8.659000
c<B>r<221>R<PHE> 19.122000 -14.992000 -5.557000
c<B>r<222>R<GLU> 16.929001 -13.971000 -2.668000
c<B>r<223>R<ASN> 19.934000 -12.320000 -1.027000
c<B>r<224>R<GLY> 20.497000 -10.203000 -4.018000
