c<A>r<2>R<LEU> 0.304000 30.285000 -6.236000
c<A>r<3>R<LEU> 3.954000 29.513000 -5.642000
c<A>r<4>R<VAL> 4.100000 26.358000 -7.907000
c<A>r<5>R<PRO> 2.489000 26.476999 -11.399000
c<A>r<6>R<PRO> 0.844000 23.466000 -13.066000
c<A>r<7>R<PRO> 3.619000 21.111000 -14.216000
c<A>r<8>R<GLU> 4.053000 21.111000 -18.023001
c<A>r<9>R<ALA> 4.868000 17.386000 -17.959000
c<A>r<10>R<LEU> 1.304000 16.622000 -16.726999
c<A>r<11>R<SER> -0.169000 18.360001 -19.802000
c<A>r<12>R<LYS> 1.142000 15.501000 -21.934000
c<A>r<13>R<PRO> -0.889000 12.293000 -22.232000
c<A>r<14>R<LEU> 0.358000 9.320000 -20.118000
c<A>r<15>R<SER> 2.250000 6.947000 -22.398001
c<A>r<16>R<VAL> 3.529000 3.492000 -21.339001
c<A>r<17>R<PRO> 5.627000 1.258000 -23.650000
c<A>r<18>R<THR> 4.925000 -2.390000 -24.375999
c<A>r<19>R<ARG> 7.464000 -4.499000 -22.448999
c<A>r<20>R<LEU> 7.807000 -8.244000 -21.926001
c<A>r<21>R<LEU> 8.684000 -8.448000 -18.232000
c<A>r<22>R<LEU> 10.857000 -11.567000 -17.798000
c<A>r<23>R<GLY> 12.759000 -10.393000 -14.624000
c<A>r<25>R<GLY> 8.812000 -9.365000 -10.896000
c<A>r<26>R<PRO> 6.576000 -7.422000 -11.340000
c<A>r<27>R<SER> 5.153000 -9.622000 -14.174000
c<A>r<28>R<ASN> 2.851000 -8.897000 -17.142000
c<A>r<29>R<LEU> -0.898000 -8.861000 -16.357000
c<A>r<30>R<ALA> -3.406000 -11.303000 -18.028999
c<A>r<31>R<PRO> -6.179000 -9.579000 -20.138000
c<A>r<32>R<ARG> -8.777000 -10.424000 -17.474001
c<A>r<33>R<VAL> -6.677000 -8.816000 -14.690000
c<A>r<34>R<LEU> -6.166000 -5.691000 -16.943001
c<A>r<35>R<ALA> -9.914000 -5.423000 -17.493999
c<A>r<36>R<ALA> -10.498000 -5.555000 -13.698000
c<A>r<37>R<GLY> -8.199000 -2.489000 -13.239000
c<A>r<38>R<SER> -10.727000 -0.303000 -15.031000
c<A>r<39>R<LEU> -13.889000 -1.349000 -13.118000
c<A>r<40>R<ARG> -15.960000 1.377000 -11.415000
c<A>r<41>R<MET> -15.382000 2.173000 -7.762000
c<A>r<42>R<ILE> -17.739000 0.833000 -5.088000
c<A>r<43>R<GLY> -17.834999 1.694000 -1.363000
c<A>r<44>R<HIS> -14.975000 -0.003000 0.583000
c<A>r<46>R<GLN> -20.472000 -2.124000 0.873000
c<A>r<48>R<GLU> -20.587000 -6.259000 -2.615000
c<A>r<49>R<MET> -17.039000 -5.260000 -1.583000
c<A>r<51>R<GLN> -18.309000 -10.374000 -0.811000
c<A>r<52>R<ILE> -15.285000 -9.769000 -3.066000
c<A>r<54>R<GLU> -14.546000 -13.191000 1.079000
c<A>r<55>R<GLU> -13.874000 -14.616000 -2.399000
c<A>r<56>R<ILE> -10.282000 -13.333000 -2.204000
c<A>r<57>R<LYS> -9.940000 -14.944000 1.267000
c<A>r<58>R<GLN> -11.081000 -18.302000 -0.209000
c<A>r<59>R<GLY> -8.671000 -17.862000 -3.089000
c<A>r<60>R<ILE> -5.762000 -17.271999 -0.685000
c<A>r<61>R<GLN> -6.782000 -20.372999 1.309000
c<A>r<62>R<TYR> -6.731000 -22.403000 -1.974000
c<A>r<63>R<VAL> -3.316000 -21.191999 -3.212000
c<A>r<64>R<PHE> -1.718000 -21.457001 0.347000
c<A>r<65>R<GLN> -3.527000 -24.844999 0.825000
c<A>r<66>R<THR> -4.732000 -23.841999 4.351000
c<A>r<67>R<ARG> -8.001000 -23.749001 6.179000
c<A>r<74>R<VAL> -2.200000 -6.692000 3.516000
c<A>r<75>R<SER> -2.664000 -3.213000 1.951000
c<A>r<76>R<GLY> 1.064000 -2.924000 0.969000
c<A>r<77>R<SER> 3.867000 -4.720000 -0.975000
c<A>r<78>R<GLY> 5.589000 -8.036000 0.003000
c<A>r<79>R<HIS> 7.813000 -6.001000 2.441000
c<A>r<80>R<CYS> 4.669000 -4.780000 4.159000
c<A>r<81>R<ALA> 3.459000 -8.399000 4.638000
c<A>r<82>R<MET> 6.921000 -9.267000 6.029000
c<A>r<83>R<GLU> 6.624000 -6.401000 8.520000
c<A>r<87>R<PHE> 5.506000 -6.628000 14.085000
c<A>r<107>R<ARG> 15.664000 -7.733000 5.495000
c<A>r<108>R<ALA> 13.828000 -9.885000 8.019000
c<A>r<110>R<GLU> 16.858000 -5.779000 9.950000
c<A>r<111>R<ILE> 13.107000 -5.399000 10.595000
c<A>r<112>R<ALA> 13.259000 -7.637000 13.707000
c<A>r<113>R<ASP> 16.298000 -5.686000 15.045000
c<A>r<114>R<ARG> 14.390000 -2.412000 14.642000
c<A>r<115>R<ILE> 11.580000 -3.605000 16.849001
c<A>r<116>R<GLY> 13.904000 -4.964000 19.584999
c<A>r<161>R<PRO> 12.903000 -27.535999 0.946000
c<A>r<162>R<LEU> 10.198000 -27.113001 3.594000
c<A>r<163>R<ASP> 9.195000 -30.712999 4.483000
c<A>r<187>R<VAL> 6.294000 -24.516001 -6.741000
c<A>r<188>R<PRO> 4.354000 -26.945999 -4.518000
c<A>r<189>R<ILE> 3.586000 -25.403999 -1.095000
c<A>r<190>R<TYR> 1.191000 -26.881001 1.444000
c<A>r<191>R<MET> 0.876000 -24.493000 4.466000
c<A>r<192>R<ASP> -1.219000 -26.874001 6.693000
c<A>r<193>R<GLN> 0.456000 -30.166000 5.758000
c<A>r<194>R<GLN> 3.960000 -28.664000 6.093000
c<A>r<204>R<GLN> 2.945000 -9.218000 -8.633000
c<A>r<208>R<ASN> 0.236000 -11.755000 -12.261000
c<A>r<209>R<ALA> -1.687000 -8.976000 -10.329000
c<A>r<210>R<PRO> -0.387000 -5.390000 -10.026000
c<A>r<211>R<PRO> 2.143000 -4.724000 -7.197000
c<A>r<212>R<GLY> 0.952000 -2.926000 -4.022000
c<A>r<213>R<ILE> -0.821000 -5.620000 -2.046000
c<A>r<231>R<THR> 2.513000 -5.166000 24.367001
c<A>r<232>R<LYS> 0.703000 -3.615000 21.386000
c<A>r<233>R<PRO> 2.315000 -4.047000 18.017000
c<A>r<234>R<VAL> 4.388000 -1.082000 17.000000
c<A>r<235>R<SER> 2.253000 -0.497000 13.889000
c<A>r<236>R<PHE> -1.417000 0.585000 14.004000
c<A>r<237>R<TYR> -1.670000 0.212000 10.130000
c<A>r<238>R<THR> -0.478000 -3.415000 10.235000
c<A>r<256>R<ILE> -13.579000 0.193000 9.727000
c<A>r<257>R<HIS> -9.758000 0.316000 10.131000
c<A>r<258>R<HIS> -8.361000 1.845000 6.887000
c<A>r<259>R<THR> -9.688000 2.281000 3.339000
c<A>r<260>R<THR> -8.707000 -0.921000 1.439000
c<A>r<261>R<PRO> -7.230000 -0.697000 -2.132000
c<A>r<262>R<VAL> -10.560000 -1.481000 -3.871000
c<A>r<263>R<THR> -9.250000 -1.623000 -7.484000
c<A>r<264>R<SER> -6.215000 -3.617000 -6.480000
c<A>r<265>R<LEU> -8.487000 -6.093000 -4.788000
c<A>r<266>R<TYR> -10.505000 -6.417000 -8.077000
c<A>r<267>R<CYS> -7.327000 -7.278000 -9.889000
c<A>r<269>R<ARG> -9.647000 -11.462000 -7.202000
c<A>r<270>R<GLU> -9.300000 -12.077000 -10.983000
c<A>r<271>R<SER> -5.731000 -13.302000 -10.567000
c<A>r<272>R<LEU> -6.847000 -15.810000 -7.951000
c<A>r<273>R<ALA> -9.748000 -16.841000 -10.200000
c<A>r<274>R<LEU> -7.344000 -17.533001 -13.110000
c<A>r<275>R<ILE> -5.072000 -19.778000 -11.024000
c<A>r<276>R<ALA> -8.090000 -21.542999 -9.510000
c<A>r<277>R<GLU> -9.443000 -22.225000 -13.007000
c<A>r<278>R<GLN> -6.020000 -23.482000 -14.147000
c<A>r<279>R<GLY> -5.494000 -25.573000 -10.994000
c<A>r<280>R<LEU> -2.347000 -25.483999 -8.715000
c<A>r<281>R<GLU> -0.831000 -28.698999 -10.018000
c<A>r<311>R<GLU> 16.992001 -29.921000 -7.325000
c<A>r<336>R<LEU> 15.615000 -4.238000 -23.228001
c<A>r<341>R<ILE> 12.399000 -7.621000 -22.820000
c<A>r<342>R<GLU> 13.258000 -6.917000 -19.169001
c<A>r<343>R<ILE> 15.669000 -9.173000 -17.292999
c<A>r<347>R<LEU> 20.231001 -8.254000 -5.757000
c<B>r<1>R<MET> 8.841000 -32.377998 -2.402000
c<B>r<2>R<GLY> 6.340000 -34.772999 -1.045000
c<B>r<3>R<SER> 3.159000 -34.727001 -3.071000
c<B>r<4>R<TYR> 0.401000 -34.151001 -0.707000
c<B>r<5>R<GLN> -3.191000 -34.391998 -1.799000
c<B>r<6>R<LEU> -4.527000 -30.785000 -2.118000
c<B>r<7>R<LEU> -6.491000 -30.033001 1.015000
c<B>r<8>R<VAL> -8.457000 -26.969999 -0.304000
c<B>r<9>R<PRO> -10.269000 -27.216000 -3.679000
c<B>r<10>R<PRO> -10.692000 -24.289000 -6.079000
c<B>r<11>R<PRO> -13.341000 -21.983999 -4.587000
c<B>r<12>R<GLU> -16.674999 -22.115000 -6.500000
c<B>r<13>R<ALA> -17.179001 -18.391001 -5.875000
c<B>r<14>R<LEU> -14.107000 -17.569000 -8.025000
c<B>r<15>R<SER> -15.650000 -19.447001 -11.001000
c<B>r<16>R<LYS> -18.254000 -16.700001 -11.346000
c<B>r<17>R<PRO> -17.371000 -13.547000 -13.303000
c<B>r<18>R<LEU> -16.469999 -10.472000 -11.182000
c<B>r<19>R<SER> -19.326000 -7.956000 -11.156000
c<B>r<20>R<VAL> -19.568001 -4.600000 -9.343000
c<B>r<21>R<PRO> -22.693001 -2.378000 -9.197000
c<B>r<22>R<THR> -22.839001 1.172000 -10.560000
c<B>r<23>R<ARG> -23.174999 3.589000 -7.659000
c<B>r<24>R<LEU> -22.834000 7.320000 -7.017000
c<B>r<25>R<LEU> -20.371000 7.496000 -4.066000
c<B>r<26>R<LEU> -21.274000 10.648000 -2.096000
c<B>r<27>R<GLY> -19.884001 9.504000 1.356000
c<B>r<28>R<PRO> -16.535999 10.606000 2.909000
c<B>r<29>R<GLY> -14.503000 8.493000 0.439000
c<B>r<30>R<PRO> -13.516000 6.557000 -1.604000
c<B>r<31>R<SER> -14.980000 8.758000 -4.432000
c<B>r<32>R<ASN> -16.009001 7.834000 -7.996000
c<B>r<33>R<LEU> -13.062000 7.620000 -10.371000
c<B>r<34>R<ALA> -12.747000 10.250000 -13.176000
c<B>r<35>R<PRO> -13.044000 8.786000 -16.783001
c<B>r<37>R<VAL> -8.350000 7.698000 -14.170000
c<B>r<38>R<LEU> -10.566000 4.682000 -15.176000
c<B>r<39>R<ALA> -8.830000 4.496000 -18.563999
c<B>r<40>R<ALA> -5.382000 4.439000 -16.799999
c<B>r<41>R<GLY> -6.451000 1.403000 -14.634000
c<B>r<42>R<SER> -6.166000 -1.002000 -17.622000
c<B>r<43>R<LEU> -2.710000 0.180000 -18.896999
c<B>r<44>R<ARG> -0.046000 -2.593000 -19.334000
c<B>r<45>R<MET> 2.660000 -3.215000 -16.757000
c<B>r<46>R<ILE> 6.204000 -1.903000 -17.160000
c<B>r<47>R<GLY> 9.233000 -2.570000 -14.960000
c<B>r<48>R<HIS> 9.030000 -0.643000 -11.643000
c<B>r<50>R<GLN> 12.518000 1.282000 -15.983000
c<B>r<52>R<GLU> 9.683000 5.329000 -18.341999
c<B>r<53>R<MET> 8.434000 4.424000 -14.834000
c<B>r<55>R<GLN> 9.742000 9.537000 -15.576000
c<B>r<56>R<ILE> 6.147000 8.899000 -14.438000
c<B>r<58>R<GLU> 8.984000 12.487000 -11.508000
c<B>r<59>R<GLU> 5.776000 13.786000 -13.089000
c<B>r<60>R<ILE> 3.813000 12.557000 -10.066000
c<B>r<61>R<LYS> 6.358000 14.303000 -7.783000
c<B>r<62>R<GLN> 5.816000 17.610001 -9.710000
c<B>r<63>R<GLY> 2.063000 17.125000 -9.472000
c<B>r<64>R<ILE> 2.261000 16.620001 -5.687000
c<B>r<65>R<GLN> 4.435000 19.759001 -5.407000
c<B>r<66>R<TYR> 1.750000 21.709000 -7.385000
c<B>r<67>R<VAL> -1.287000 20.514999 -5.368000
c<B>r<68>R<PHE> 0.618000 20.923000 -1.959000
c<B>r<69>R<GLN> 2.015000 24.290001 -3.253000
c<B>r<70>R<THR> 5.579000 23.382000 -2.071000
c<B>r<71>R<ARG> 9.008000 23.327000 -3.588000
c<B>r<78>R<VAL> 3.714000 6.242000 0.145000
c<B>r<79>R<SER> 2.795000 2.696000 -1.037000
c<B>r<80>R<GLY> -0.163000 2.470000 1.458000
c<B>r<81>R<SER> -3.414000 4.237000 2.440000
c<B>r<82>R<GLY> -3.779000 7.621000 4.292000
c<B>r<83>R<HIS> -3.109000 5.763000 7.620000
c<B>r<84>R<CYS> 0.148000 4.504000 6.181000
c<B>r<85>R<ALA> 1.215000 8.105000 5.366000
c<B>r<86>R<MET> 0.251000 9.156000 8.951000
c<B>r<87>R<GLU> 2.412000 6.371000 10.308000
c<B>r<91>R<PHE> 7.689000 6.757000 12.643000
c<B>r<111>R<ARG> -5.262000 7.860000 15.803000
c<B>r<112>R<ALA> -2.136000 10.010000 15.628000
c<B>r<114>R<GLU> -2.257000 6.093000 19.405001
c<B>r<115>R<ILE> 0.450000 5.615000 16.738001
c<B>r<116>R<ALA> 2.864000 7.952000 18.613001
c<B>r<117>R<ASP> 2.187000 6.108000 21.926001
c<B>r<118>R<ARG> 3.048000 2.770000 20.254999
c<B>r<119>R<ILE> 6.493000 3.995000 19.292000
c<B>r<120>R<GLY> 7.252000 5.514000 22.740999
c<B>r<194>R<TYR> -0.276000 26.596001 0.778000
c<B>r<195>R<MET> 2.302000 24.246000 2.453000
c<B>r<196>R<ASP> 5.358000 26.596001 2.046000
c<B>r<197>R<GLN> 3.578000 29.927999 2.614000
c<B>r<208>R<GLN> -9.236000 8.338000 -2.955000
c<B>r<212>R<ASN> -10.648000 10.718000 -7.445000
c<B>r<213>R<ALA> -7.938000 7.901000 -7.752000
c<B>r<214>R<PRO> -8.309000 4.357000 -6.370000
c<B>r<215>R<PRO> -7.499000 3.918000 -2.594000
c<B>r<216>R<GLY> -4.179000 2.255000 -1.613000
c<B>r<217>R<ILE> -1.587000 5.018000 -1.985000
c<B>r<235>R<THR> 17.961000 5.448000 16.256001
c<B>r<236>R<LYS> 16.542000 3.938000 13.017000
c<B>r<237>R<PRO> 12.824000 4.228000 12.547000
c<B>r<238>R<VAL> 10.919000 1.154000 13.569000
c<B>r<239>R<SER> 9.639000 0.457000 9.994000
c<B>r<240>R<PHE> 11.982000 -0.554000 7.143000
c<B>r<241>R<TYR> 9.053000 -0.343000 4.574000
c<B>r<242>R<THR> 8.241000 3.282000 5.533000
c<B>r<258>R<ILE> 15.993000 -0.468000 -5.021000
c<B>r<259>R<HIS> 13.768000 -0.689000 -1.895000
c<B>r<260>R<HIS> 10.274000 -2.227000 -2.575000
c<B>r<261>R<THR> 8.220000 -2.869000 -5.731000
c<B>r<262>R<THR> 6.075000 0.281000 -6.158000
c<B>r<263>R<PRO> 2.304000 -0.066000 -7.061000
c<B>r<264>R<VAL> 2.841000 0.606000 -10.797000
c<B>r<265>R<THR> -0.853000 0.764000 -11.898000
c<B>r<266>R<SER> -1.870000 2.800000 -8.876000
c<B>r<268>R<TYR> -0.712000 5.470000 -13.409000
c<B>r<269>R<CYS> -4.067000 6.350000 -11.939000
c<B>r<271>R<ARG> -0.592000 10.591000 -12.381000
c<B>r<272>R<GLU> -3.894000 11.097000 -14.300000
c<B>r<273>R<SER> -5.637000 12.448000 -11.194000
c<B>r<274>R<LEU> -2.893000 15.000000 -10.690000
c<B>r<275>R<ALA> -3.044000 15.912000 -14.422000
c<B>r<276>R<LEU> -6.787000 16.636000 -14.150000
c<B>r<277>R<ILE> -6.271000 19.052999 -11.219000
c<B>r<278>R<ALA> -3.362000 20.715000 -12.974000
c<B>r<279>R<GLU> -5.463000 21.198999 -16.106001
c<B>r<280>R<GLN> -8.436000 22.584000 -14.120000
c<B>r<281>R<GLY> -6.243000 24.704000 -11.837000
c<B>r<282>R<LEU> -6.365000 24.759001 -7.926000
c<B>r<283>R<GLU> -8.422000 27.969000 -7.686000
c<B>r<338>R<LEU> -28.580000 3.173000 -1.363000
c<B>r<344>R<GLU> -23.832001 5.964000 -0.979000
c<B>r<345>R<ILE> -23.791000 8.302000 2.021000
c<B>r<346>R<SER> -22.420000 7.374000 5.425000
c<B>r<349>R<LEU> -17.108999 7.960000 12.604000
