1763060551721 0.03852472081780434 3705
1763060589343 0.042492128908634186 3739
1763060626313 0.04086044058203697 3773
1763060662971 0.04653138667345047 3807
1763060699981 0.04263409599661827 3841
1763060736049 0.04541925713419914 3875
1763060774345 0.04723886400461197 3909
1763060813756 0.040801070630550385 3943
1763060853090 0.041164036840200424 3977
1763060892299 0.04327709600329399 4011
1763060930565 0.04582729563117027 4045
1763060969552 0.04361821711063385 4079
1763061009425 0.04747210443019867 4113
1763061048838 0.043821364641189575 4147
1763061087668 0.03809121251106262 4181
1763061126045 0.04926137626171112 4215
1763061164918 0.04424550011754036 4249
1763061202991 0.046995602548122406 4283
1763061241690 0.04864255711436272 4317
1763061279837 0.042959678918123245 4351
1763061318101 0.044055454432964325 4385
1763061355845 0.048362914472818375 4419
1763061392316 0.04057466611266136 4453
1763061430351 0.043515291064977646 4487
1763061468392 0.042399682104587555 4521
1763061507314 0.03915124759078026 4555
1763061545604 0.04233042895793915 4589
1763061584759 0.03850790858268738 4623
1763061623301 0.03961796313524246 4657
1763061661879 0.0429130494594574 4691
1763061700342 0.04360358789563179 4725
1763061739273 0.04155709967017174 4759
1763061778955 0.04488689452409744 4793
1763061818332 0.042458854615688324 4827
1763061856906 0.04418954253196716 4861
1763061890863 0.04388631880283356 4895
1763061926437 0.0453963540494442 4929
1763061960704 0.04598258435726166 4963
1763061994589 0.04059983417391777 4997
1763062029262 0.03828807175159454 5031
1763062064475 0.04220009595155716 5065
