c<G>r<743>R<HIS> 7.161000 30.670000 33.465000
c<G>r<744>R<VAL> 9.598000 27.808001 34.076000
c<G>r<745>R<CYS> 7.306000 26.142000 36.619999
c<G>r<746>R<GLY> 4.471000 24.740999 34.514999
c<G>r<747>R<GLN> 2.562000 22.034000 36.381001
c<G>r<748>R<ASP> 4.099000 22.839001 39.751999
c<G>r<749>R<ARG> 2.344000 26.150000 40.179001
c<G>r<750>R<THR> 1.069000 24.738001 43.479000
c<G>r<780>R<MET> -3.183000 40.888000 29.558001
c<G>r<781>R<GLU> -6.895000 40.083000 29.252001
c<G>r<782>R<ASP> -8.418000 40.955002 25.885000
c<G>r<783>R<GLU> -11.938000 39.834000 26.794001
c<G>r<784>R<ALA> -13.445000 40.973999 30.091999
c<G>r<785>R<THR> -15.871000 38.029999 30.160999
c<G>r<786>R<THR> -13.046000 35.540001 30.643999
c<G>r<787>R<LEU> -11.192000 37.488998 33.332001
c<G>r<788>R<PHE> -9.487000 35.226002 35.882999
c<G>r<789>R<ARG> -11.198000 32.070999 34.589001
c<G>r<790>R<ALA> -7.957000 30.252001 33.765999
c<G>r<791>R<THR> -5.747000 28.600000 36.405998
c<G>r<792>R<THR> -2.792000 30.964001 36.867001
c<G>r<795>R<SER> -5.435000 32.841999 40.916000
c<G>r<796>R<THR> -3.576000 30.089001 42.785999
c<G>r<799>R<GLU> -6.890000 30.899000 46.641998
c<G>r<894>R<ARG> -17.673000 40.976002 38.720001
c<G>r<898>R<GLY> -14.835000 35.761002 40.847000
c<G>r<899>R<PHE> -12.712000 35.459000 43.970001
c<G>r<901>R<PHE> -17.677000 33.264000 45.314999
c<G>r<902>R<LEU> -16.281000 31.237000 42.409000
c<G>r<903>R<ARG> -12.994000 30.659000 44.264999
c<G>r<904>R<LEU> -13.969000 30.782000 47.957001
c<G>r<906>R<CYS> -18.938000 28.167999 46.333000
c<G>r<907>R<PRO> -16.113001 25.586000 46.707001
c<G>r<908>R<ALA> -16.688999 25.667000 50.483002
c<G>r<910>R<LEU> -19.580000 22.066000 47.657001
c<G>r<911>R<ASN> -16.972000 20.554001 49.978001
c<G>r<931>R<ILE> -24.979000 21.110001 45.118000
c<G>r<934>R<ALA> -23.929001 26.250999 45.535999
c<G>r<935>R<LYS> -25.459999 26.348000 42.037998
c<G>r<936>R<SER> -28.047001 28.933001 43.094002
c<G>r<937>R<VAL> -25.478001 31.075001 44.875000
c<G>r<938>R<GLN> -23.117001 30.957001 41.896999
c<G>r<939>R<ASN> -25.809999 32.215000 39.523998
c<G>r<940>R<LEU> -26.718000 35.050999 41.931000
c<G>r<941>R<ALA> -22.982000 35.780998 42.226002
c<G>r<942>R<ASN> -22.837999 36.084999 38.424999
c<G>r<943>R<LEU> -26.046000 38.147999 38.445000
c<G>r<944>R<VAL> -27.773001 35.813000 35.963001
c<G>r<945>R<GLU> -31.034000 33.852001 35.965000
c<G>r<946>R<PHE> -31.156000 30.184999 35.007000
c<G>r<947>R<GLY> -32.268002 29.820000 31.408001
c<G>r<949>R<LYS> -31.226000 24.959000 29.275999
c<G>r<950>R<GLU> -31.461000 24.542999 33.060001
c<G>r<1008>R<GLU> 15.252000 27.365000 31.372000
c<G>r<1011>R<THR> 17.316000 30.802000 28.316000
c<G>r<1012>R<LEU> 14.919000 33.460999 29.670000
c<G>r<1015>R<GLU> 16.219999 38.063000 26.295000
c<R>r<47>R<ASP> 9.912000 29.676001 24.694000
c<R>r<48>R<GLY> 12.414000 30.379000 21.905001
c<R>r<84>R<ILE> -17.829000 25.665001 32.587002
c<R>r<86>R<ASN> -22.184000 22.308001 31.323999
c<R>r<112>R<VAL> -3.947000 19.375000 30.316999
c<R>r<113>R<LEU> -7.388000 20.136000 31.507999
c<R>r<114>R<VAL> -9.165000 23.075001 29.802000
c<R>r<115>R<GLY> -12.282000 24.801001 31.052999
c<R>r<116>R<ASN> -13.701000 26.756001 28.094999
c<R>r<117>R<LYS> -16.364000 29.452000 27.570000
c<R>r<118>R<SER> -15.018000 31.735001 30.337999
c<R>r<119>R<ASP> -16.693001 34.771999 28.743000
c<R>r<120>R<LEU> -20.059000 33.206001 29.760000
c<R>r<121>R<ALA> -21.509001 33.981998 33.108002
c<R>r<122>R<ALA> -23.493000 31.992001 35.634998
c<R>r<123>R<ARG> -21.164000 28.969999 35.528000
c<R>r<124>R<THR> -22.264999 25.556000 36.640999
c<R>r<125>R<VAL> -18.625999 24.264000 37.374001
c<R>r<126>R<GLU> -16.546000 26.253000 39.926998
c<R>r<127>R<SER> -12.821000 26.716999 39.335999
c<R>r<128>R<ARG> -12.086000 25.068001 42.688999
c<R>r<129>R<GLN> -13.600000 21.684999 41.872002
c<R>r<130>R<ALA> -12.082000 21.655001 38.377998
c<R>r<131>R<GLN> -8.675000 22.875999 39.631001
c<R>r<134>R<ALA> -6.522000 18.537001 37.561001
c<R>r<135>R<ARG> -4.496000 18.264000 40.799999
c<R>r<138>R<GLY> -1.456000 15.580000 38.620998
c<R>r<139>R<ILE> -1.862000 17.684000 35.522999
c<R>r<140>R<PRO> -2.226000 21.396999 34.894001
c<R>r<141>R<TYR> -5.423000 23.347000 34.543999
c<R>r<142>R<ILE> -6.138000 26.315001 32.285999
c<R>r<143>R<GLU> -9.321000 28.267000 31.885000
c<R>r<144>R<THR> -10.083000 29.701000 28.444000
c<R>r<145>R<SER> -12.449000 31.487000 26.049000
c<R>r<146>R<ALA> -12.408000 30.794001 22.341000
c<R>r<147>R<LYS> -14.426000 34.042000 21.983999
c<R>r<148>R<THR> -12.077000 36.513000 23.757000
c<R>r<149>R<ARG> -8.779000 34.541000 23.295000
c<R>r<150>R<GLN> -8.269000 34.605999 27.125999
c<R>r<151>R<GLY> -6.075000 31.636000 28.142000
c<R>r<152>R<VAL> -5.929000 30.011000 24.650000
c<R>r<154>R<ASP> -1.584000 29.368999 27.724001
c<R>r<155>R<ALA> -3.639000 26.174999 27.340000
c<R>r<158>R<THR> 1.297000 24.513000 28.212999
c<R>r<159>R<LEU> 0.403000 21.098000 26.780001
c<R>r<161>R<ARG> 5.549000 21.865999 27.987000
c<R>r<162>R<GLU> 3.933000 18.691000 29.351999
c<R>r<165>R<GLN> 8.755000 17.069000 30.094999
