c<G>r<750>R<THR> 18.038000 33.049999 24.363001
c<G>r<751>R<LEU> 18.830000 29.358999 24.858000
c<G>r<753>R<ALA> 16.871000 31.778000 29.291000
c<G>r<754>R<SER> 14.597000 29.052999 27.874001
c<G>r<755>R<ILE> 16.250000 26.254999 29.846001
c<G>r<757>R<LEU> 12.838000 29.305000 32.912998
c<G>r<758>R<ARG> 11.610000 25.740000 32.348999
c<G>r<762>R<HIS> 9.012000 23.212999 37.092999
c<G>r<797>R<LEU> 13.619000 35.966000 31.142000
c<G>r<799>R<GLU> 9.850000 38.535999 28.125999
c<G>r<800>R<GLN> 9.746000 34.736000 27.877001
c<G>r<801>R<TYR> 7.864000 34.528000 31.163000
c<G>r<803>R<LYS> 4.881000 35.387001 26.818001
c<G>r<804>R<ALA> 4.223000 32.075001 28.586000
c<G>r<805>R<THR> 1.741000 33.422001 31.146999
c<G>r<806>R<ALA> 0.178000 36.728001 30.040001
c<G>r<807>R<THR> -1.620000 35.569000 26.867001
c<G>r<808>R<GLN> -5.084000 36.028000 28.388000
c<G>r<809>R<PHE> -4.230000 39.556000 29.499001
c<G>r<810>R<VAL> -2.854000 40.365002 26.039000
c<G>r<811>R<HIS> -5.994000 38.987999 24.351000
c<G>r<812>R<HIS> -8.353000 40.757000 26.761999
c<G>r<813>R<ALA> -6.387000 43.986000 26.282000
c<G>r<814>R<LEU> -5.754000 43.918999 22.534000
c<G>r<815>R<LYS> -7.669000 41.325001 20.500000
c<G>r<816>R<ASP> -10.898000 43.242001 19.782000
c<G>r<819>R<LEU> -9.308000 42.751999 14.775000
c<G>r<865>R<ILE> -6.583000 39.529999 34.181000
c<G>r<912>R<PRO> -0.068000 40.840000 16.511000
c<G>r<913>R<ARG> 1.036000 37.474998 15.096000
c<G>r<914>R<MET> 3.380000 36.715000 17.978001
c<G>r<915>R<PHE> 0.434000 36.375999 20.350000
c<G>r<916>R<ASN> -1.567000 34.818001 17.511000
c<G>r<917>R<ILE> -4.065000 37.650002 17.531000
c<G>r<918>R<ILE> -3.805000 37.708000 13.750000
c<G>r<919>R<SER> -3.181000 35.105000 11.038000
c<G>r<920>R<ASP> -2.551000 37.148998 7.895000
c<G>r<984>R<THR> -0.397000 25.274000 41.195000
c<G>r<985>R<GLU> -0.160000 22.146999 43.386002
c<G>r<986>R<HIS> 2.234000 19.670000 41.763000
c<G>r<987>R<SER> 4.032000 19.719999 38.418999
c<G>r<988>R<ARG> 6.645000 16.979000 38.212002
c<G>r<989>R<THR> 6.971000 15.717000 34.668999
c<G>r<990>R<ASP> 10.498000 14.412000 33.986000
c<G>r<991>R<LEU> 12.978000 17.312000 34.126999
c<G>r<992>R<SER> 16.242001 15.530000 33.269001
c<G>r<993>R<ARG> 15.929000 16.629000 29.632999
c<G>r<994>R<ASP> 16.316999 20.305000 30.565001
c<R>r<22>R<GLN> -8.739000 30.632000 17.437000
c<R>r<23>R<LEU> -5.221000 29.438999 18.159000
c<R>r<24>R<ILE> -4.322000 28.665001 14.537000
c<R>r<25>R<GLN> -6.324000 31.305000 12.524000
c<R>r<26>R<ASN> -6.844000 33.987000 15.165000
c<R>r<27>R<HIS> -10.633000 34.419998 14.898000
c<R>r<44>R<VAL> 4.860000 28.875999 15.980000
c<R>r<45>R<VAL> 7.389000 30.034000 18.591999
c<R>r<46>R<ILE> 7.282000 28.587999 22.128000
c<R>r<47>R<ASP> 9.912000 29.676001 24.694000
c<R>r<48>R<GLY> 12.414000 30.379000 21.905001
c<R>r<49>R<GLU> 11.971000 27.003000 20.261999
c<R>r<108>R<ASP> 1.522000 8.763000 32.013000
c<R>r<110>R<PRO> 0.923000 14.455000 28.502001
c<R>r<131>R<GLN> -8.675000 22.875999 39.631001
c<R>r<132>R<ASP> -8.917000 20.202999 42.296001
c<R>r<134>R<ALA> -6.522000 18.537001 37.561001
c<R>r<135>R<ARG> -4.496000 18.264000 40.799999
c<R>r<136>R<SER> -6.019000 14.826000 41.662998
c<R>r<137>R<TYR> -4.799000 13.659000 38.181999
c<R>r<138>R<GLY> -1.456000 15.580000 38.620998
c<R>r<139>R<ILE> -1.862000 17.684000 35.522999
c<R>r<140>R<PRO> -2.226000 21.396999 34.894001
c<R>r<141>R<TYR> -5.423000 23.347000 34.543999
c<R>r<143>R<GLU> -9.321000 28.267000 31.885000
c<R>r<144>R<THR> -10.083000 29.701000 28.444000
c<R>r<145>R<SER> -12.449000 31.487000 26.049000
c<R>r<148>R<THR> -12.077000 36.513000 23.757000
c<R>r<149>R<ARG> -8.779000 34.541000 23.295000
c<R>r<150>R<GLN> -8.269000 34.605999 27.125999
c<R>r<151>R<GLY> -6.075000 31.636000 28.142000
c<R>r<152>R<VAL> -5.929000 30.011000 24.650000
c<R>r<153>R<GLU> -2.152000 30.268999 24.101999
c<R>r<154>R<ASP> -1.584000 29.368999 27.724001
c<R>r<155>R<ALA> -3.639000 26.174999 27.340000
c<R>r<157>R<TYR> 1.615000 26.014999 24.739000
c<R>r<158>R<THR> 1.297000 24.513000 28.212999
c<R>r<161>R<ARG> 5.549000 21.865999 27.987000
c<R>r<162>R<GLU> 3.933000 18.691000 29.351999
c<R>r<163>R<ILE> 5.045000 16.927999 26.136999
c<R>r<164>R<ARG> 8.636000 18.296000 26.436001
c<R>r<165>R<GLN> 8.755000 17.069000 30.094999
c<R>r<166>R<HIS> 7.515000 13.493000 29.469999
