c<G>r<739>R<TYR> -10.423000 30.341999 50.549000
c<G>r<742>R<SER> -9.867000 31.636999 45.597000
c<G>r<743>R<HIS> -13.251000 30.048000 44.987999
c<G>r<744>R<VAL> -14.922000 33.096001 43.432999
c<G>r<745>R<CYS> -11.817000 34.021999 41.432999
c<G>r<746>R<GLY> -11.647000 31.361000 38.727001
c<G>r<747>R<GLN> -9.458000 32.470001 35.824001
c<G>r<748>R<ASP> -7.938000 35.403000 37.685001
c<G>r<749>R<ARG> -5.906000 33.311001 40.077000
c<G>r<777>R<GLU> -3.857000 20.749001 48.888000
c<G>r<778>R<ILE> -2.024000 17.764000 50.415001
c<G>r<780>R<MET> -7.413000 16.969000 49.627998
c<G>r<781>R<GLU> -5.260000 14.745000 47.407001
c<G>r<782>R<ASP> -6.512000 11.176000 47.074001
c<G>r<783>R<GLU> -3.666000 10.015000 44.833000
c<G>r<784>R<ALA> -0.089000 10.858000 45.805000
c<G>r<785>R<THR> 1.116000 10.520000 42.200001
c<G>r<786>R<THR> -0.849000 13.581000 41.113998
c<G>r<787>R<LEU> 0.153000 15.809000 44.028999
c<G>r<788>R<PHE> 0.468000 19.476999 43.041000
c<G>r<789>R<ARG> 0.177000 18.747999 39.306999
c<G>r<790>R<ALA> -2.900000 20.927000 38.784000
c<G>r<791>R<THR> -2.761000 24.737000 38.561001
c<G>r<792>R<THR> -4.037000 25.990000 41.928001
c<G>r<793>R<LEU> -3.829000 29.149000 44.037998
c<G>r<834>R<LYS> 17.632000 15.549000 12.961000
c<G>r<902>R<LEU> 9.099000 21.167000 37.813000
c<G>r<906>R<CYS> 13.215000 23.337999 34.616001
c<G>r<907>R<PRO> 11.156000 26.360001 33.429001
c<G>r<910>R<LEU> 13.605000 26.188000 29.037001
c<G>r<911>R<ASN> 13.267000 29.976999 29.045000
c<G>r<912>R<PRO> 16.334999 31.577000 30.677000
c<G>r<913>R<ARG> 14.877000 35.028999 29.966999
c<G>r<914>R<MET> 12.343000 34.846001 32.782001
c<G>r<920>R<ASP> 18.677999 37.382999 23.271000
c<G>r<921>R<SER> 16.833000 34.379002 21.856001
c<G>r<922>R<PRO> 19.030001 31.254000 21.775999
c<G>r<923>R<SER> 20.544001 30.068001 18.497000
c<G>r<924>R<PRO> 18.905001 26.913000 17.091999
c<G>r<926>R<ALA> 21.415001 26.350000 21.929001
c<G>r<927>R<ALA> 17.618000 26.115999 21.857000
c<G>r<928>R<ARG> 17.733000 22.364000 21.240999
c<G>r<930>R<LEU> 18.212999 23.724001 26.466999
c<G>r<931>R<ILE> 15.264000 21.452999 25.670000
c<G>r<932>R<LEU> 17.306999 18.250999 25.993000
c<G>r<934>R<ALA> 15.696000 20.408001 30.811001
c<G>r<935>R<LYS> 14.228000 17.045000 29.750999
c<G>r<936>R<SER> 17.155001 15.137000 31.260000
c<G>r<937>R<VAL> 17.054001 17.125999 34.484001
c<G>r<938>R<GLN> 13.298000 16.639000 34.823002
c<G>r<939>R<ASN> 13.613000 12.860000 34.542999
c<G>r<946>R<PHE> 13.638000 7.236000 29.909000
c<G>r<949>R<LYS> 8.708000 5.337000 24.231001
c<G>r<950>R<GLU> 11.521000 7.908000 24.360001
c<R>r<1>R<MET> 11.681000 20.778999 12.586000
c<R>r<2>R<THR> 10.526000 19.764999 16.077000
c<R>r<46>R<ILE> 7.282000 28.587999 22.128000
c<R>r<47>R<ASP> 9.912000 29.676001 24.694000
c<R>r<48>R<GLY> 12.414000 30.379000 21.905001
c<R>r<49>R<GLU> 11.971000 27.003000 20.261999
c<R>r<50>R<THR> 10.754000 27.160999 16.705999
c<R>r<106>R<SER> 0.231000 4.307000 29.181999
c<R>r<112>R<VAL> -3.947000 19.375000 30.316999
c<R>r<113>R<LEU> -7.388000 20.136000 31.507999
c<R>r<115>R<GLY> -12.282000 24.801001 31.052999
c<R>r<118>R<SER> -15.018000 31.735001 30.337999
c<R>r<126>R<GLU> -16.546000 26.253000 39.926998
c<R>r<127>R<SER> -12.821000 26.716999 39.335999
c<R>r<128>R<ARG> -12.086000 25.068001 42.688999
c<R>r<129>R<GLN> -13.600000 21.684999 41.872002
c<R>r<130>R<ALA> -12.082000 21.655001 38.377998
c<R>r<131>R<GLN> -8.675000 22.875999 39.631001
c<R>r<132>R<ASP> -8.917000 20.202999 42.296001
c<R>r<133>R<LEU> -9.714000 17.643000 39.519001
c<R>r<134>R<ALA> -6.522000 18.537001 37.561001
c<R>r<135>R<ARG> -4.496000 18.264000 40.799999
c<R>r<136>R<SER> -6.019000 14.826000 41.662998
c<R>r<137>R<TYR> -4.799000 13.659000 38.181999
c<R>r<138>R<GLY> -1.456000 15.580000 38.620998
c<R>r<139>R<ILE> -1.862000 17.684000 35.522999
c<R>r<140>R<PRO> -2.226000 21.396999 34.894001
c<R>r<141>R<TYR> -5.423000 23.347000 34.543999
c<R>r<142>R<ILE> -6.138000 26.315001 32.285999
c<R>r<143>R<GLU> -9.321000 28.267000 31.885000
c<R>r<144>R<THR> -10.083000 29.701000 28.444000
c<R>r<150>R<GLN> -8.269000 34.605999 27.125999
c<R>r<151>R<GLY> -6.075000 31.636000 28.142000
c<R>r<161>R<ARG> 5.549000 21.865999 27.987000
c<R>r<163>R<ILE> 5.045000 16.927999 26.136999
c<R>r<164>R<ARG> 8.636000 18.296000 26.436001
c<R>r<165>R<GLN> 8.755000 17.069000 30.094999
c<R>r<166>R<HIS> 7.515000 13.493000 29.469999
