c<G>r<745>R<CYS> 7.162000 0.693000 25.034000
c<G>r<746>R<GLY> 4.258000 1.958000 27.132000
c<G>r<747>R<GLN> 2.637000 5.015000 25.559000
c<G>r<748>R<ASP> 4.371000 4.598000 22.212000
c<G>r<749>R<ARG> 2.479000 1.497000 21.198000
c<G>r<750>R<THR> 1.525000 3.437000 18.062000
c<G>r<751>R<LEU> 5.096000 3.816000 16.797001
c<G>r<789>R<ARG> -11.728000 -4.290000 24.985001
c<G>r<790>R<ALA> -8.464000 -2.813000 26.271000
c<G>r<791>R<THR> -5.984000 -0.947000 24.046000
c<G>r<792>R<THR> -3.132000 -3.404000 23.438999
c<G>r<793>R<LEU> -0.329000 -3.922000 20.919001
c<G>r<795>R<SER> -5.568000 -4.523000 18.999001
c<G>r<796>R<THR> -3.435000 -1.657000 17.671000
c<G>r<798>R<MET> -5.168000 -5.259000 14.042000
c<G>r<799>R<GLU> -6.497000 -1.705000 13.532000
c<G>r<800>R<GLN> -3.458000 -0.602000 11.518000
c<G>r<803>R<LYS> -6.752000 0.144000 7.803000
c<G>r<898>R<GLY> -15.089000 -6.827000 18.037001
c<G>r<899>R<PHE> -12.731000 -6.223000 15.135000
c<G>r<900>R<VAL> -14.877000 -5.773000 12.073000
c<G>r<901>R<PHE> -17.462000 -3.552000 13.803000
c<G>r<902>R<LEU> -16.177000 -2.046000 17.056000
c<G>r<903>R<ARG> -12.737000 -1.420000 15.520000
c<G>r<904>R<LEU> -13.445000 -0.960000 11.794000
c<G>r<905>R<ILE> -16.969000 -0.290000 10.534000
c<G>r<906>R<CYS> -18.375000 1.705000 13.455000
c<G>r<907>R<PRO> -15.397000 4.131000 13.642000
c<G>r<908>R<ALA> -15.700000 4.619000 9.865000
c<G>r<909>R<ILE> -19.375000 5.565000 10.124000
c<G>r<910>R<LEU> -18.594999 7.961000 12.989000
c<G>r<911>R<ASN> -15.748000 9.617000 11.086000
c<G>r<912>R<PRO> -15.992000 8.797000 7.358000
c<G>r<913>R<ARG> -12.927000 10.971000 6.707000
c<G>r<914>R<MET> -10.475000 8.404000 8.044000
c<G>r<915>R<PHE> -11.235000 6.089000 5.130000
c<G>r<918>R<ILE> -15.922000 12.091000 2.825000
c<G>r<919>R<SER> -14.007000 15.340000 2.280000
c<G>r<920>R<ASP> -16.025999 17.952999 4.165000
c<G>r<921>R<SER> -17.448999 17.943001 7.687000
c<G>r<922>R<PRO> -21.028000 16.608999 7.784000
c<G>r<923>R<SER> -23.952999 19.011000 8.144000
c<G>r<924>R<PRO> -25.606001 18.923000 11.590000
c<G>r<925>R<ILE> -28.402000 16.600000 10.376000
c<G>r<926>R<ALA> -25.879000 14.284000 8.689000
c<G>r<927>R<ALA> -23.683001 14.314000 11.794000
c<G>r<928>R<ARG> -26.577000 13.224000 14.009000
c<G>r<930>R<LEU> -24.101999 9.112000 11.486000
c<G>r<931>R<ILE> -24.106001 8.886000 15.287000
c<G>r<932>R<LEU> -27.500999 7.160000 15.441000
c<G>r<934>R<ALA> -23.302000 3.800000 14.197000
c<G>r<935>R<LYS> -25.087000 3.308000 17.537001
c<G>r<938>R<GLN> -23.007999 -1.413000 17.160999
c<R>r<32>R<CYS> -22.719000 25.010000 14.138000
c<R>r<33>R<ASP> -20.257000 22.809999 12.279000
c<R>r<34>R<PRO> -20.083000 19.278999 13.675000
c<R>r<35>R<THR> -16.679001 17.746000 13.313000
c<R>r<36>R<ILE> -15.838000 14.357000 11.913000
c<R>r<37>R<GLU> -12.073000 14.844000 12.065000
c<R>r<38>R<ASP> -9.941000 17.815001 11.061000
c<R>r<58>R<THR> -12.005000 15.193000 17.341999
c<R>r<59>R<ALA> -15.752000 14.434000 17.736000
c<R>r<61>R<GLN> -17.549999 10.437000 22.021999
c<R>r<62>R<GLU> -21.065001 9.524000 21.152000
c<R>r<63>R<GLU> -18.856001 6.632000 21.995001
c<R>r<64>R<TYR> -15.476000 4.903000 21.893999
c<R>r<65>R<SER> -14.756000 3.079000 18.652000
c<R>r<66>R<ALA> -11.819000 1.451000 16.884001
c<R>r<67>R<MET> -12.087000 4.175000 14.189000
c<R>r<68>R<ARG> -11.761000 6.890000 16.832001
c<R>r<69>R<ASP> -8.945000 4.882000 18.327000
c<R>r<70>R<GLN> -7.227000 4.846000 14.911000
c<R>r<71>R<TYR> -7.237000 8.682000 14.755000
c<R>r<72>R<MET> -6.210000 9.383000 18.329000
c<R>r<73>R<ARG> -3.556000 6.746000 18.910000
c<R>r<74>R<THR> -0.821000 8.751000 17.214001
c<R>r<75>R<GLY> -1.297000 11.804000 19.457001
c<R>r<76>R<GLU> 1.511000 12.833000 21.787001
c<R>r<99>R<GLN> -9.971000 6.417000 27.260000
c<R>r<100>R<ILE> -6.775000 8.297000 26.413000
c<R>r<101>R<LYS> -4.752000 6.205000 28.847000
c<R>r<102>R<ARG> -6.206000 3.017000 27.319000
c<R>r<103>R<VAL> -5.718000 4.217000 23.704000
c<R>r<104>R<LYS> -2.060000 5.104000 24.372000
c<R>r<105>R<ASP> -1.641000 2.128000 26.690001
c<R>r<106>R<SER> 0.231000 4.307000 29.181999
c<R>r<107>R<ASP> -0.006000 5.353000 32.834999
c<R>r<108>R<ASP> 1.522000 8.763000 32.013000
c<R>r<109>R<VAL> 0.242000 10.653000 29.016001
