c<G>r<747>R<GLN> 8.916000 7.098000 25.912001
c<G>r<748>R<ASP> 9.398000 6.723000 29.653999
c<G>r<749>R<ARG> 12.176000 9.259000 29.927000
c<G>r<750>R<THR> 9.984000 10.975000 32.527000
c<G>r<751>R<LEU> 10.014000 8.058000 34.973999
c<G>r<753>R<ALA> 14.574000 10.980000 35.016998
c<G>r<786>R<THR> 19.921000 23.417999 17.458000
c<G>r<788>R<PHE> 19.388000 21.368999 23.434999
c<G>r<789>R<ARG> 16.238001 21.891001 21.346001
c<G>r<790>R<ALA> 15.259000 18.212000 21.301001
c<G>r<791>R<THR> 13.630000 16.437000 24.264000
c<G>r<792>R<THR> 16.405001 14.348000 25.834999
c<G>r<793>R<LEU> 17.166000 12.706000 29.181999
c<G>r<795>R<SER> 16.989000 18.316000 29.122999
c<G>r<796>R<THR> 14.366000 16.410000 31.125999
c<G>r<797>R<LEU> 16.735001 16.077999 34.071999
c<G>r<798>R<MET> 17.539000 19.785000 33.898998
c<G>r<799>R<GLU> 13.823000 20.704000 33.914001
c<G>r<800>R<GLN> 13.031000 18.441999 36.875999
c<G>r<831>R<SER> -3.545000 42.521999 17.016001
c<G>r<833>R<SER> -8.372000 42.640999 14.435000
c<G>r<834>R<LYS> -8.669000 41.316002 17.986000
c<G>r<835>R<LEU> -9.569000 44.810001 19.230000
c<G>r<836>R<GLU> -13.118000 44.271999 17.929001
c<G>r<897>R<SER> 19.306999 31.104000 27.959999
c<G>r<898>R<GLY> 17.989000 27.790001 26.650000
c<G>r<899>R<PHE> 17.561001 26.540001 30.201000
c<G>r<901>R<PHE> 14.239000 31.020000 29.778999
c<G>r<902>R<LEU> 13.067000 28.481001 27.194000
c<G>r<903>R<ARG> 12.822000 25.747000 29.849001
c<G>r<904>R<LEU> 12.101000 27.646000 33.084999
c<G>r<905>R<ILE> 10.920000 31.259001 33.019001
c<G>r<906>R<CYS> 8.898000 31.261999 29.794001
c<G>r<907>R<PRO> 6.891000 28.103001 30.677000
c<G>r<908>R<ALA> 6.192000 29.639999 34.104000
c<G>r<909>R<ILE> 4.789000 32.823002 32.564999
c<G>r<910>R<LEU> 2.651000 30.764999 30.165001
c<G>r<911>R<ASN> 1.292000 28.566000 32.957001
c<G>r<912>R<PRO> 1.899000 30.212999 36.355999
c<G>r<913>R<ARG> 0.114000 27.302000 38.053001
c<G>r<914>R<MET> 3.037000 24.917000 37.664001
c<G>r<919>R<SER> -4.561000 29.250999 41.821999
c<G>r<920>R<ASP> -7.323000 30.100000 39.351002
c<G>r<921>R<SER> -7.334000 30.184000 35.553001
c<G>r<922>R<PRO> -6.473000 33.650002 34.194000
c<G>r<923>R<SER> -9.216000 35.900002 32.827999
c<G>r<924>R<PRO> -9.182000 36.236000 29.020000
c<G>r<925>R<ILE> -7.301000 39.571999 29.160999
c<G>r<926>R<ALA> -4.759000 38.146999 31.625999
c<G>r<927>R<ALA> -4.358000 35.019001 29.497999
c<G>r<928>R<ARG> -3.551000 37.074001 26.400999
c<G>r<929>R<THR> -1.121000 39.292000 28.306000
c<G>r<930>R<LEU> 0.725000 36.234001 29.625999
c<G>r<931>R<ILE> 1.126000 34.937000 26.070000
c<G>r<932>R<LEU> 2.402000 38.265999 24.721001
c<G>r<934>R<ALA> 6.217000 35.276001 27.361000
c<G>r<935>R<LYS> 6.628000 35.827000 23.605000
c<G>r<936>R<SER> 8.434000 39.132999 24.149000
c<G>r<937>R<VAL> 10.686000 37.695000 26.834999
c<G>r<938>R<GLN> 11.557000 34.683998 24.681999
c<G>r<939>R<ASN> 12.664000 36.888000 21.787001
c<G>r<940>R<LEU> 14.800000 39.032001 24.132999
c<G>r<941>R<ALA> 16.180000 35.782001 25.586000
c<G>r<942>R<ASN> 17.171000 34.734001 22.052999
c<G>r<943>R<LEU> 18.533001 38.230999 21.372000
c<G>r<944>R<VAL> 16.382000 38.653999 18.243999
c<R>r<1>R<MET> 11.681000 20.778999 12.586000
c<R>r<2>R<THR> 10.526000 19.764999 16.077000
c<R>r<26>R<ASN> -6.844000 33.987000 15.165000
c<R>r<27>R<HIS> -10.633000 34.419998 14.898000
c<R>r<28>R<PHE> -13.773000 33.172001 16.731001
c<R>r<45>R<VAL> 7.389000 30.034000 18.591999
c<R>r<46>R<ILE> 7.282000 28.587999 22.128000
c<R>r<47>R<ASP> 9.912000 29.676001 24.694000
c<R>r<48>R<GLY> 12.414000 30.379000 21.905001
c<R>r<49>R<GLU> 11.971000 27.003000 20.261999
c<R>r<50>R<THR> 10.754000 27.160999 16.705999
c<R>r<51>R<CYS> 8.517000 24.143000 16.228001
c<R>r<106>R<SER> 0.231000 4.307000 29.181999
c<R>r<108>R<ASP> 1.522000 8.763000 32.013000
c<R>r<109>R<VAL> 0.242000 10.653000 29.016001
c<R>r<114>R<VAL> -9.165000 23.075001 29.802000
c<R>r<115>R<GLY> -12.282000 24.801001 31.052999
c<R>r<117>R<LYS> -16.364000 29.452000 27.570000
c<R>r<118>R<SER> -15.018000 31.735001 30.337999
c<R>r<119>R<ASP> -16.693001 34.771999 28.743000
c<R>r<127>R<SER> -12.821000 26.716999 39.335999
c<R>r<128>R<ARG> -12.086000 25.068001 42.688999
c<R>r<130>R<ALA> -12.082000 21.655001 38.377998
c<R>r<131>R<GLN> -8.675000 22.875999 39.631001
c<R>r<139>R<ILE> -1.862000 17.684000 35.522999
c<R>r<140>R<PRO> -2.226000 21.396999 34.894001
c<R>r<141>R<TYR> -5.423000 23.347000 34.543999
c<R>r<142>R<ILE> -6.138000 26.315001 32.285999
c<R>r<143>R<GLU> -9.321000 28.267000 31.885000
c<R>r<144>R<THR> -10.083000 29.701000 28.444000
c<R>r<145>R<SER> -12.449000 31.487000 26.049000
c<R>r<146>R<ALA> -12.408000 30.794001 22.341000
c<R>r<147>R<LYS> -14.426000 34.042000 21.983999
c<R>r<148>R<THR> -12.077000 36.513000 23.757000
c<R>r<149>R<ARG> -8.779000 34.541000 23.295000
c<R>r<150>R<GLN> -8.269000 34.605999 27.125999
c<R>r<151>R<GLY> -6.075000 31.636000 28.142000
c<R>r<152>R<VAL> -5.929000 30.011000 24.650000
c<R>r<153>R<GLU> -2.152000 30.268999 24.101999
c<R>r<154>R<ASP> -1.584000 29.368999 27.724001
c<R>r<155>R<ALA> -3.639000 26.174999 27.340000
c<R>r<156>R<PHE> -1.999000 24.879999 24.136000
c<R>r<157>R<TYR> 1.615000 26.014999 24.739000
c<R>r<158>R<THR> 1.297000 24.513000 28.212999
c<R>r<159>R<LEU> 0.403000 21.098000 26.780001
c<R>r<160>R<VAL> 3.608000 21.386999 24.731001
c<R>r<161>R<ARG> 5.549000 21.865999 27.987000
c<R>r<162>R<GLU> 3.933000 18.691000 29.351999
c<R>r<163>R<ILE> 5.045000 16.927999 26.136999
c<R>r<164>R<ARG> 8.636000 18.296000 26.436001
c<R>r<165>R<GLN> 8.755000 17.069000 30.094999
c<R>r<166>R<HIS> 7.515000 13.493000 29.469999
