c<G>r<719>R<PRO> -2.497000 35.702999 6.394000
c<G>r<720>R<GLU> -3.991000 36.452999 9.836000
c<G>r<721>R<GLU> -3.488000 32.834999 10.866000
c<G>r<722>R<GLU> 0.285000 33.209999 10.466000
c<G>r<723>R<TYR> 0.272000 35.702000 13.378000
c<G>r<724>R<SER> -1.764000 33.534000 15.769000
c<G>r<725>R<GLU> 1.277000 32.466999 17.818001
c<G>r<726>R<PHE> 2.491000 36.068001 18.218000
c<G>r<727>R<LYS> -1.025000 37.174999 19.125000
c<G>r<728>R<GLU> -1.605000 34.644001 21.909000
c<G>r<729>R<LEU> 1.658000 35.772999 23.473000
c<G>r<730>R<ILE> 0.524000 39.435001 23.399000
c<G>r<731>R<LEU> -2.891000 38.702000 24.910999
c<G>r<732>R<GLN> -1.528000 36.835999 27.938999
c<G>r<733>R<LYS> -2.822000 38.223999 31.254999
c<G>r<760>R<PHE> -7.139000 44.425999 22.513000
c<G>r<761>R<LEU> -10.400000 46.060001 21.438999
c<G>r<762>R<HIS> -10.754000 43.568001 18.598000
c<G>r<763>R<GLU> -10.533000 40.749001 21.163000
c<G>r<764>R<LYS> -12.842000 42.332001 23.747000
c<G>r<765>R<LEU> -9.878000 42.563000 26.120001
c<G>r<768>R<LEU> -7.610000 43.582001 30.660000
c<G>r<982>R<ASP> -18.493000 43.911999 27.608999
c<G>r<983>R<THR> -21.379000 42.685001 25.419001
c<G>r<985>R<GLU> -21.190001 39.981998 20.363001
c<G>r<986>R<HIS> -18.618999 39.386002 17.617001
c<G>r<987>R<SER> -16.087000 41.698002 15.986000
c<G>r<988>R<ARG> -13.650000 39.768002 13.813000
c<G>r<989>R<THR> -12.572000 41.848999 10.854000
c<G>r<990>R<ASP> -9.059000 40.887001 9.696000
c<G>r<991>R<LEU> -6.528000 41.813000 12.401000
c<G>r<992>R<SER> -3.255000 40.787998 10.726000
c<G>r<1020>R<GLN> 11.916000 36.004002 30.846001
c<G>r<1021>R<HIS> 9.974000 32.980000 29.572001
c<G>r<1022>R<VAL> 7.669000 35.118999 27.424999
c<G>r<1023>R<LEU> 10.377000 37.436001 26.108999
c<G>r<1024>R<LYS> 12.665000 34.692001 24.804001
c<G>r<1025>R<LYS> 9.485000 33.276001 23.271999
c<G>r<1026>R<LEU> 8.763000 36.710999 21.788000
c<G>r<1027>R<LEU> 12.169000 37.044998 20.094000
c<G>r<1028>R<ALA> 11.770000 33.528999 18.719000
c<G>r<1029>R<ILE> 8.336000 34.342999 17.250000
c<G>r<1030>R<THR> 9.682000 37.643002 15.897000
c<G>r<1031>R<GLU> 12.446000 35.841000 13.987000
c<G>r<1032>R<LEU> 10.143000 33.150002 12.585000
c<G>r<1033>R<LEU> 7.620000 35.695999 11.285000
c<G>r<1036>R<LYS> 8.042000 33.527000 6.727000
c<R>r<21>R<ILE> -9.283000 27.760000 15.082000
c<R>r<22>R<GLN> -8.739000 30.632000 17.437000
c<R>r<23>R<LEU> -5.221000 29.438999 18.159000
c<R>r<24>R<ILE> -4.322000 28.665001 14.537000
c<R>r<25>R<GLN> -6.324000 31.305000 12.524000
c<R>r<26>R<ASN> -6.844000 33.987000 15.165000
c<R>r<27>R<HIS> -10.633000 34.419998 14.898000
c<R>r<28>R<PHE> -13.773000 33.172001 16.731001
c<R>r<29>R<VAL> -16.202999 30.978001 14.863000
c<R>r<30>R<ASP> -19.822001 31.521000 15.813000
c<R>r<42>R<LYS> 1.055000 25.826000 12.110000
c<R>r<43>R<GLN> 4.569000 26.847000 12.750000
c<R>r<44>R<VAL> 4.860000 28.875999 15.980000
c<R>r<45>R<VAL> 7.389000 30.034000 18.591999
c<R>r<46>R<ILE> 7.282000 28.587999 22.128000
c<R>r<47>R<ASP> 9.912000 29.676001 24.694000
c<R>r<48>R<GLY> 12.414000 30.379000 21.905001
c<R>r<49>R<GLU> 11.971000 27.003000 20.261999
c<R>r<50>R<THR> 10.754000 27.160999 16.705999
c<R>r<51>R<CYS> 8.517000 24.143000 16.228001
c<R>r<119>R<ASP> -16.693001 34.771999 28.743000
c<R>r<147>R<LYS> -14.426000 34.042000 21.983999
c<R>r<148>R<THR> -12.077000 36.513000 23.757000
c<R>r<149>R<ARG> -8.779000 34.541000 23.295000
c<R>r<150>R<GLN> -8.269000 34.605999 27.125999
c<R>r<151>R<GLY> -6.075000 31.636000 28.142000
c<R>r<152>R<VAL> -5.929000 30.011000 24.650000
c<R>r<153>R<GLU> -2.152000 30.268999 24.101999
c<R>r<154>R<ASP> -1.584000 29.368999 27.724001
c<R>r<157>R<TYR> 1.615000 26.014999 24.739000
