c<G>r<746>R<GLY> -24.864000 7.818000 32.945000
c<G>r<747>R<GLN> -22.497999 5.700000 30.855000
c<G>r<749>R<ARG> -27.021000 5.633000 27.545000
c<G>r<750>R<THR> -26.520000 3.040000 24.799999
c<G>r<782>R<ASP> -27.768999 28.743000 25.382000
c<G>r<783>R<GLU> -25.469000 28.893000 22.356001
c<G>r<784>R<ALA> -26.837999 27.922001 18.945999
c<G>r<785>R<THR> -23.351999 27.112000 17.622999
c<G>r<786>R<THR> -23.014999 24.131001 19.950001
c<G>r<787>R<LEU> -26.474001 22.683001 19.319000
c<G>r<788>R<PHE> -26.527000 18.874001 19.469000
c<G>r<789>R<ARG> -22.725000 18.582001 19.573999
c<G>r<790>R<ALA> -22.628000 16.732000 22.899000
c<G>r<791>R<THR> -23.444000 13.018000 23.260000
c<G>r<792>R<THR> -26.944000 12.899000 24.768000
c<G>r<793>R<LEU> -29.833000 10.438000 25.028999
c<G>r<795>R<SER> -28.598000 12.318000 19.886999
c<G>r<796>R<THR> -28.091999 8.623000 20.669001
c<G>r<799>R<GLU> -28.504999 7.811000 15.602000
c<G>r<890>R<THR> -29.555000 29.858999 9.590000
c<G>r<891>R<MET> -30.496000 27.304001 12.238000
c<G>r<894>R<ARG> -27.955999 23.716999 10.379000
c<G>r<895>R<VAL> -29.973000 21.596001 12.789000
c<G>r<897>R<SER> -27.302000 19.011999 8.762000
c<G>r<898>R<GLY> -26.121000 17.971001 12.220000
c<G>r<899>R<PHE> -28.127001 14.768000 11.956000
c<G>r<901>R<PHE> -24.427000 14.569000 7.765000
c<G>r<902>R<LEU> -22.458000 14.787000 11.018000
c<G>r<903>R<ARG> -24.358000 11.812000 12.479000
c<G>r<906>R<CYS> -20.208000 11.342000 7.152000
c<G>r<907>R<PRO> -19.757999 8.382000 9.564000
c<G>r<910>R<LEU> -15.632000 7.048000 7.013000
c<G>r<911>R<ASN> -16.638000 3.475000 7.848000
c<G>r<931>R<ILE> -11.220000 10.444000 4.664000
c<G>r<932>R<LEU> -10.790000 13.340000 2.223000
c<G>r<934>R<ALA> -15.908000 12.796000 4.218000
c<G>r<935>R<LYS> -13.899000 15.892000 5.203000
c<G>r<938>R<GLN> -18.613001 17.780001 6.189000
c<G>r<939>R<ASN> -17.347000 21.271999 5.371000
c<G>r<940>R<LEU> -20.004000 21.681000 2.643000
c<G>r<941>R<ALA> -22.559999 20.379999 5.163000
c<G>r<942>R<ASN> -21.441000 23.120001 7.571000
c<G>r<943>R<LEU> -21.443001 25.657000 4.722000
c<G>r<944>R<VAL> -17.823999 26.681000 5.395000
c<G>r<947>R<GLY> -9.187000 28.083000 5.950000
c<G>r<948>R<ALA> -5.428000 28.618000 6.051000
c<G>r<949>R<LYS> -5.126000 26.219000 8.997000
c<G>r<950>R<GLU> -6.104000 23.462000 6.552000
c<G>r<951>R<PRO> -3.703000 24.487000 3.774000
c<R>r<10>R<GLY> -14.017000 16.243000 25.122000
c<R>r<11>R<ALA> -17.788000 16.306999 24.802999
c<R>r<12>R<GLY> -19.771999 17.577000 21.899000
c<R>r<13>R<GLY> -20.024000 21.396999 21.827999
c<R>r<14>R<VAL> -17.511999 22.334000 24.541000
c<R>r<15>R<GLY> -15.551000 24.490999 22.054001
c<R>r<18>R<ALA> -13.613000 26.983000 18.240000
c<R>r<20>R<THR> -8.202000 25.296000 17.775999
c<R>r<21>R<ILE> -9.283000 27.760000 15.082000
c<R>r<23>R<LEU> -5.221000 29.438999 18.159000
c<R>r<24>R<ILE> -4.322000 28.665001 14.537000
c<R>r<25>R<GLN> -6.324000 31.305000 12.524000
c<R>r<29>R<VAL> -16.202999 30.978001 14.863000
c<R>r<30>R<ASP> -19.822001 31.521000 15.813000
c<R>r<31>R<GLU> -21.457001 28.625000 13.947000
c<R>r<32>R<CYS> -22.719000 25.010000 14.138000
c<R>r<33>R<ASP> -20.257000 22.809999 12.279000
c<R>r<34>R<PRO> -20.083000 19.278999 13.675000
c<R>r<35>R<THR> -16.679001 17.746000 13.313000
c<R>r<36>R<ILE> -15.838000 14.357000 11.913000
c<R>r<37>R<GLU> -12.073000 14.844000 12.065000
c<R>r<38>R<ASP> -9.941000 17.815001 11.061000
c<R>r<39>R<SER> -6.293000 18.604000 11.460000
c<R>r<40>R<TYR> -4.482000 21.908001 11.625000
c<R>r<41>R<ARG> -0.764000 22.582001 11.338000
c<R>r<42>R<LYS> 1.055000 25.826000 12.110000
c<R>r<55>R<ILE> -3.339000 19.319000 15.910000
c<R>r<59>R<ALA> -15.752000 14.434000 17.736000
c<R>r<60>R<GLY> -17.372000 14.137000 21.150999
c<R>r<61>R<GLN> -17.549999 10.437000 22.021999
c<R>r<62>R<GLU> -21.065001 9.524000 21.152000
c<R>r<63>R<GLU> -18.856001 6.632000 21.995001
c<R>r<67>R<MET> -12.087000 4.175000 14.189000
c<R>r<85>R<ASN> -21.590000 26.000000 31.983999
c<R>r<88>R<LYS> -22.128000 16.775999 31.959999
c<R>r<89>R<SER> -19.059000 17.801001 29.875000
c<R>r<91>R<GLU> -18.357000 14.694000 34.514999
c<R>r<92>R<ASP> -17.129999 13.285000 31.093000
c<R>r<95>R<GLN> -13.996000 8.996000 30.653999
c<R>r<120>R<LEU> -20.059000 33.206001 29.760000
