c<G>r<750>R<THR> 8.684000 29.250999 5.853000
c<G>r<751>R<LEU> 9.737000 30.580999 9.262000
c<G>r<752>R<LEU> 9.068000 34.233002 8.383000
c<G>r<753>R<ALA> 5.622000 33.311001 7.039000
c<G>r<754>R<SER> 4.704000 31.468000 10.258000
c<G>r<755>R<ILE> 5.700000 34.351002 12.526000
c<G>r<756>R<LEU> 4.101000 37.035000 10.369000
c<G>r<757>R<LEU> 0.832000 35.144001 10.072000
c<G>r<758>R<ARG> 0.577000 34.636002 13.841000
c<G>r<759>R<ILE> 1.334000 38.317001 14.488000
c<G>r<760>R<PHE> -1.153000 39.637001 11.929000
c<G>r<761>R<LEU> -3.785000 37.078999 12.919000
c<G>r<762>R<HIS> -3.457000 38.096001 16.561001
c<G>r<763>R<GLU> -4.260000 41.686001 15.536000
c<G>r<764>R<LYS> -7.111000 40.830002 13.159000
c<G>r<765>R<LEU> -5.004000 42.181000 10.293000
c<G>r<766>R<GLU> -4.514000 38.925999 8.338000
c<G>r<800>R<GLN> -0.449000 28.524000 5.718000
c<G>r<801>R<TYR> -3.559000 30.657000 6.113000
c<G>r<802>R<MET> -5.817000 28.270000 4.199000
c<G>r<803>R<LYS> -4.334000 25.374001 6.158000
c<G>r<804>R<ALA> -5.190000 27.149000 9.421000
c<G>r<805>R<THR> -8.743000 28.146999 8.466000
c<G>r<806>R<ALA> -10.133000 25.997000 5.632000
c<G>r<807>R<THR> -10.083000 22.566999 7.330000
c<G>r<808>R<GLN> -13.883000 22.347000 7.509000
c<G>r<809>R<PHE> -14.199000 23.184000 3.820000
c<G>r<810>R<VAL> -11.548000 20.587000 2.954000
c<G>r<811>R<HIS> -13.314000 17.927999 5.054000
c<G>r<812>R<HIS> -16.759001 18.784000 3.671000
c<G>r<815>R<LYS> -13.401000 13.432000 3.354000
c<G>r<865>R<ILE> -18.386000 26.326000 4.051000
c<G>r<867>R<PRO> -14.732000 30.979000 5.695000
c<G>r<869>R<THR> -12.583000 36.153999 5.349000
c<G>r<913>R<ARG> -2.705000 12.980000 5.631000
c<G>r<914>R<MET> -1.840000 16.671000 5.710000
c<G>r<915>R<PHE> -5.448000 17.549000 6.510000
c<G>r<916>R<ASN> -5.663000 14.388000 8.619000
c<G>r<917>R<ILE> -8.311000 12.902000 6.373000
c<G>r<918>R<ILE> -6.373000 9.647000 6.491000
c<G>r<919>R<SER> -4.180000 7.893000 9.068000
c<G>r<920>R<ASP> -2.523000 5.072000 7.132000
c<G>r<982>R<ASP> -13.522000 39.801998 10.480000
c<G>r<983>R<THR> -15.692000 39.430000 13.609000
c<G>r<984>R<THR> -13.895000 37.351002 16.257000
c<G>r<985>R<GLU> -14.188000 39.862999 19.127001
c<G>r<986>R<HIS> -10.959000 39.826000 21.146000
c<G>r<987>R<SER> -7.871000 37.627998 20.926001
c<G>r<988>R<ARG> -5.053000 38.984001 23.070999
c<G>r<989>R<THR> -2.956000 36.164001 24.450001
c<G>r<990>R<ASP> 0.652000 37.280998 25.032000
c<G>r<991>R<LEU> 2.302000 38.054001 21.677000
c<G>r<992>R<SER> 5.836000 38.973000 22.791000
c<G>r<993>R<ARG> 7.040000 35.444000 22.003000
c<G>r<994>R<ASP> 6.374000 35.897999 18.277000
c<G>r<995>R<LEU> 7.498000 39.514000 18.341999
c<G>r<996>R<ALA> 10.766000 38.240002 19.841000
c<G>r<997>R<ALA> 11.048000 35.669998 17.042000
c<G>r<998>R<LEU> 10.701000 38.351002 14.395000
c<G>r<1000>R<GLU> 15.725000 37.734001 16.141001
c<R>r<17>R<SER> -12.921000 23.444000 17.195000
c<R>r<20>R<THR> -8.202000 25.296000 17.775999
c<R>r<21>R<ILE> -9.283000 27.760000 15.082000
c<R>r<22>R<GLN> -8.739000 30.632000 17.437000
c<R>r<23>R<LEU> -5.221000 29.438999 18.159000
c<R>r<24>R<ILE> -4.322000 28.665001 14.537000
c<R>r<25>R<GLN> -6.324000 31.305000 12.524000
c<R>r<26>R<ASN> -6.844000 33.987000 15.165000
c<R>r<27>R<HIS> -10.633000 34.419998 14.898000
c<R>r<28>R<PHE> -13.773000 33.172001 16.731001
c<R>r<29>R<VAL> -16.202999 30.978001 14.863000
c<R>r<30>R<ASP> -19.822001 31.521000 15.813000
c<R>r<33>R<ASP> -20.257000 22.809999 12.279000
c<R>r<34>R<PRO> -20.083000 19.278999 13.675000
c<R>r<35>R<THR> -16.679001 17.746000 13.313000
c<R>r<36>R<ILE> -15.838000 14.357000 11.913000
c<R>r<37>R<GLU> -12.073000 14.844000 12.065000
c<R>r<38>R<ASP> -9.941000 17.815001 11.061000
c<R>r<39>R<SER> -6.293000 18.604000 11.460000
c<R>r<40>R<TYR> -4.482000 21.908001 11.625000
c<R>r<41>R<ARG> -0.764000 22.582001 11.338000
c<R>r<42>R<LYS> 1.055000 25.826000 12.110000
c<R>r<43>R<GLN> 4.569000 26.847000 12.750000
c<R>r<44>R<VAL> 4.860000 28.875999 15.980000
c<R>r<45>R<VAL> 7.389000 30.034000 18.591999
c<R>r<46>R<ILE> 7.282000 28.587999 22.128000
c<R>r<47>R<ASP> 9.912000 29.676001 24.694000
c<R>r<48>R<GLY> 12.414000 30.379000 21.905001
c<R>r<49>R<GLU> 11.971000 27.003000 20.261999
c<R>r<50>R<THR> 10.754000 27.160999 16.705999
c<R>r<51>R<CYS> 8.517000 24.143000 16.228001
c<R>r<52>R<LEU> 5.400000 22.830000 14.404000
c<R>r<54>R<ASP> 0.198000 19.162001 14.443000
c<R>r<55>R<ILE> -3.339000 19.319000 15.910000
c<R>r<56>R<LEU> -6.209000 16.889000 15.683000
c<R>r<57>R<ASP> -9.761000 18.162001 16.309000
c<R>r<70>R<GLN> -7.227000 4.846000 14.911000
c<R>r<71>R<TYR> -7.237000 8.682000 14.755000
c<R>r<72>R<MET> -6.210000 9.383000 18.329000
c<R>r<73>R<ARG> -3.556000 6.746000 18.910000
c<R>r<74>R<THR> -0.821000 8.751000 17.214001
c<R>r<145>R<SER> -12.449000 31.487000 26.049000
c<R>r<146>R<ALA> -12.408000 30.794001 22.341000
c<R>r<147>R<LYS> -14.426000 34.042000 21.983999
c<R>r<148>R<THR> -12.077000 36.513000 23.757000
c<R>r<149>R<ARG> -8.779000 34.541000 23.295000
c<R>r<150>R<GLN> -8.269000 34.605999 27.125999
c<R>r<151>R<GLY> -6.075000 31.636000 28.142000
c<R>r<152>R<VAL> -5.929000 30.011000 24.650000
c<R>r<153>R<GLU> -2.152000 30.268999 24.101999
c<R>r<154>R<ASP> -1.584000 29.368999 27.724001
