c<G>r<740>R<ALA> 13.429000 10.181000 22.952000
c<G>r<742>R<SER> 9.519000 8.487000 19.434999
c<G>r<743>R<HIS> 8.650000 11.397000 21.698000
c<G>r<744>R<VAL> 9.928000 14.161000 19.410999
c<G>r<745>R<CYS> 8.547000 12.481000 16.285000
c<G>r<746>R<GLY> 4.788000 12.949000 16.582001
c<G>r<747>R<GLN> 3.064000 12.501000 13.224000
c<G>r<748>R<ASP> 6.087000 10.966000 11.525000
c<G>r<749>R<ARG> 5.984000 7.722000 13.445000
c<G>r<776>R<ARG> 6.857000 -0.862000 27.771000
c<G>r<777>R<GLU> 3.341000 -0.448000 26.327000
c<G>r<778>R<ILE> 2.055000 -3.329000 28.482000
c<G>r<779>R<SER> 3.583000 -1.816000 31.645000
c<G>r<780>R<MET> 1.976000 1.584000 30.962000
c<G>r<781>R<GLU> -1.517000 0.189000 30.353001
c<G>r<782>R<ASP> -3.936000 0.700000 33.235001
c<G>r<783>R<GLU> -6.853000 -1.077000 31.562000
c<G>r<784>R<ALA> -6.268000 -4.466000 29.943001
c<G>r<785>R<THR> -9.285000 -4.046000 27.646000
c<G>r<786>R<THR> -7.610000 -1.222000 25.739000
c<G>r<787>R<LEU> -4.219000 -2.899000 25.353001
c<G>r<788>R<PHE> -2.494000 -1.998000 22.075001
c<G>r<789>R<ARG> -5.586000 -0.286000 20.636000
c<G>r<790>R<ALA> -3.898000 3.091000 20.153000
c<G>r<791>R<THR> -1.500000 3.848000 17.278000
c<G>r<792>R<THR> 1.982000 3.779000 18.827999
c<G>r<793>R<LEU> 5.584000 3.338000 17.681999
c<G>r<795>R<SER> 2.212000 -1.114000 17.124001
c<G>r<796>R<THR> 3.596000 0.554000 13.990000
c<G>r<1001>R<ILE> 15.839000 13.254000 12.485000
c<G>r<1002>R<CYS> 17.957001 13.994000 15.558000
c<G>r<1003>R<VAL> 19.181000 17.164000 13.824000
c<G>r<1004>R<ALA> 15.662000 18.171000 12.775000
c<G>r<1005>R<HIS> 14.590000 17.787001 16.410000
c<G>r<1006>R<SER> 17.816999 18.934000 18.100000
c<G>r<1007>R<ASP> 15.711000 21.587999 19.867001
c<G>r<1008>R<GLU> 13.283000 19.091000 21.389000
c<G>r<1009>R<LEU> 15.882000 16.441000 22.274000
c<G>r<1010>R<ARG> 17.974001 19.059000 24.063999
c<G>r<1011>R<THR> 14.877000 19.847000 26.112000
c<G>r<1012>R<LEU> 14.414000 16.125000 26.874001
c<G>r<1013>R<SER> 18.110001 15.790000 27.757999
c<G>r<1014>R<ASN> 17.730000 18.365000 30.544001
c<G>r<1015>R<GLU> 15.647000 15.922000 32.592999
c<R>r<1>R<MET> 11.681000 20.778999 12.586000
c<R>r<2>R<THR> 10.526000 19.764999 16.077000
c<R>r<3>R<GLU> 6.867000 18.660000 15.809000
c<R>r<4>R<TYR> 4.265000 18.325001 18.591000
c<R>r<5>R<LYS> 1.296000 16.007000 17.958000
c<R>r<6>R<LEU> -1.673000 17.384001 19.863001
c<R>r<48>R<GLY> 12.414000 30.379000 21.905001
c<R>r<49>R<GLU> 11.971000 27.003000 20.261999
c<R>r<50>R<THR> 10.754000 27.160999 16.705999
c<R>r<51>R<CYS> 8.517000 24.143000 16.228001
c<R>r<53>R<LEU> 2.055000 22.104000 16.044001
c<R>r<54>R<ASP> 0.198000 19.162001 14.443000
c<R>r<55>R<ILE> -3.339000 19.319000 15.910000
c<R>r<65>R<SER> -14.756000 3.079000 18.652000
c<R>r<66>R<ALA> -11.819000 1.451000 16.884001
c<R>r<68>R<ARG> -11.761000 6.890000 16.832001
c<R>r<69>R<ASP> -8.945000 4.882000 18.327000
c<R>r<70>R<GLN> -7.227000 4.846000 14.911000
c<R>r<71>R<TYR> -7.237000 8.682000 14.755000
c<R>r<72>R<MET> -6.210000 9.383000 18.329000
c<R>r<73>R<ARG> -3.556000 6.746000 18.910000
c<R>r<74>R<THR> -0.821000 8.751000 17.214001
c<R>r<75>R<GLY> -1.297000 11.804000 19.457001
c<R>r<76>R<GLU> 1.511000 12.833000 21.787001
c<R>r<77>R<GLY> -0.429000 15.252000 24.091000
c<R>r<98>R<GLU> -9.430000 6.983000 30.981001
c<R>r<99>R<GLN> -9.971000 6.417000 27.260000
c<R>r<100>R<ILE> -6.775000 8.297000 26.413000
c<R>r<101>R<LYS> -4.752000 6.205000 28.847000
c<R>r<102>R<ARG> -6.206000 3.017000 27.319000
c<R>r<103>R<VAL> -5.718000 4.217000 23.704000
c<R>r<104>R<LYS> -2.060000 5.104000 24.372000
c<R>r<105>R<ASP> -1.641000 2.128000 26.690001
c<R>r<106>R<SER> 0.231000 4.307000 29.181999
c<R>r<107>R<ASP> -0.006000 5.353000 32.834999
c<R>r<108>R<ASP> 1.522000 8.763000 32.013000
c<R>r<109>R<VAL> 0.242000 10.653000 29.016001
c<R>r<161>R<ARG> 5.549000 21.865999 27.987000
c<R>r<163>R<ILE> 5.045000 16.927999 26.136999
c<R>r<164>R<ARG> 8.636000 18.296000 26.436001
c<R>r<165>R<GLN> 8.755000 17.069000 30.094999
c<R>r<166>R<HIS> 7.515000 13.493000 29.469999
