c<A>r<2>R<GLU> 25.493000 -20.107000 7.651000
c<A>r<3>R<LYS> 25.771999 -17.851999 10.602000
c<A>r<4>R<LEU> 27.188000 -14.440000 10.232000
c<A>r<68>R<TRP> 20.031000 -5.756000 4.170000
c<A>r<69>R<ASN> 22.153000 -3.289000 2.213000
c<A>r<71>R<LEU> 24.608000 -7.414000 4.582000
c<A>r<72>R<HIS> 24.802000 -7.063000 0.727000
c<A>r<73>R<ASN> 27.872000 -4.816000 1.009000
c<A>r<74>R<GLY> 29.618999 -7.271000 3.376000
c<A>r<75>R<LEU> 28.954000 -10.176000 1.087000
c<A>r<76>R<LEU> 30.281000 -8.102000 -1.797000
c<A>r<78>R<ASP> 33.820999 -11.209000 0.984000
c<A>r<79>R<LYS> 33.282001 -12.097000 -2.700000
c<A>r<105>R<ILE> 32.921001 -11.627000 6.048000
c<A>r<130>R<ILE> 20.656000 -15.532000 7.336000
c<A>r<131>R<ALA> 17.861000 -17.923000 6.702000
c<A>r<133>R<LEU> 16.427000 -13.036000 8.571000
c<A>r<134>R<THR> 15.299000 -13.753000 5.061000
c<A>r<135>R<GLU> 12.300000 -15.683000 6.244000
c<A>r<137>R<GLU> 11.451000 -10.333000 5.862000
c<A>r<138>R<ALA> 9.551000 -12.525000 3.490000
c<A>r<140>R<LYS> 6.433000 -9.290000 6.576000
c<A>r<141>R<GLN> 6.153000 -8.696000 2.934000
c<A>r<142>R<GLU> 3.593000 -11.368000 2.392000
c<A>r<144>R<LEU> 1.429000 -6.527000 3.699000
c<A>r<145>R<VAL> 0.229000 -7.886000 0.305000
c<A>r<146>R<GLN> -2.398000 -10.031000 2.006000
c<A>r<148>R<LEU> -4.021000 -5.000000 0.781000
c<A>r<149>R<ARG> -5.768000 -7.703000 -1.168000
c<A>r<151>R<LEU> -8.870000 -4.275000 1.533000
c<A>r<152>R<VAL> -9.567000 -4.377000 -2.309000
c<A>r<153>R<GLU> -11.864000 -7.389000 -1.926000
c<A>r<155>R<LYS> -14.292000 -2.549000 -1.643000
c<A>r<156>R<LYS> -15.253000 -4.852000 -4.541000
c<A>r<158>R<ASP> -19.264999 -2.832000 -1.541000
c<A>r<159>R<MET> -19.389999 -1.989000 -5.216000
c<A>r<160>R<LYS> -21.259001 -5.238000 -6.106000
c<A>r<161>R<GLU> -23.841000 -4.307000 -3.451000
c<A>r<162>R<ILE> -24.313999 -0.929000 -5.107000
c<A>r<163>R<GLU> -24.818001 -2.658000 -8.478000
c<A>r<164>R<GLU> -27.378000 -5.034000 -6.958000
c<A>r<165>R<LEU> -29.238001 -2.104000 -5.430000
c<A>r<166>R<CYS> -29.389999 -0.214000 -8.795000
c<C>r<1>R<GLU> -28.902000 3.189000 -15.789000
c<C>r<2>R<LYS> -28.098000 6.759000 -15.538000
c<C>r<3>R<LEU> -28.559999 8.565000 -12.349000
c<C>r<67>R<TRP> -20.245001 5.963000 -3.013000
c<C>r<68>R<ASN> -21.797001 6.191000 0.432000
c<C>r<70>R<LEU> -24.982000 6.730000 -3.856000
c<C>r<71>R<HIS> -25.629000 3.825000 -1.404000
c<C>r<72>R<ASN> -27.844999 6.025000 0.767000
c<C>r<73>R<GLY> -29.868000 7.200000 -2.276000
c<C>r<74>R<LEU> -30.392000 3.699000 -3.506000
c<C>r<75>R<LEU> -31.479000 2.729000 0.003000
c<C>r<77>R<ASP> -35.298000 4.430000 -3.515000
c<C>r<78>R<LYS> -35.575001 0.834000 -2.292000
c<C>r<104>R<ILE> -33.838001 8.122000 -6.809000
c<C>r<129>R<ILE> -23.042000 3.921000 -12.621000
c<C>r<130>R<ALA> -21.347000 1.212000 -14.630000
c<C>r<132>R<LEU> -18.139999 4.849000 -12.128000
c<C>r<133>R<THR> -17.886000 1.310000 -10.824000
c<C>r<134>R<GLU> -15.495000 0.293000 -13.557000
c<C>r<136>R<GLU> -13.130000 2.548000 -9.236000
c<C>r<137>R<ALA> -12.375000 -1.074000 -9.908000
c<C>r<139>R<LYS> -7.979000 2.130000 -9.627000
c<C>r<140>R<GLN> -8.105000 -0.561000 -7.077000
c<C>r<141>R<GLU> -6.564000 -3.148000 -9.308000
c<C>r<143>R<LEU> -2.875000 -0.250000 -6.527000
c<C>r<144>R<VAL> -2.690000 -4.048000 -5.860000
c<C>r<145>R<GLN> -0.572000 -4.547000 -8.974000
c<C>r<147>R<LEU> 2.233000 -3.415000 -4.484000
c<C>r<148>R<ARG> 2.797000 -6.897000 -5.838000
c<C>r<150>R<LEU> 7.153000 -3.888000 -5.078000
c<C>r<151>R<VAL> 7.160000 -7.260000 -3.097000
c<C>r<152>R<GLU> 8.534000 -9.148000 -6.103000
c<C>r<154>R<LYS> 12.262000 -7.197000 -2.686000
c<C>r<155>R<LYS> 12.049000 -10.999000 -3.095000
c<C>r<157>R<ASP> 16.891001 -8.712000 -3.715000
c<C>r<158>R<MET> 16.681999 -11.327000 -0.994000
c<C>r<159>R<LYS> 17.420000 -14.210000 -3.456000
c<C>r<160>R<GLU> 20.525999 -12.318000 -4.562000
c<C>r<161>R<ILE> 21.684999 -12.118000 -0.942000
c<C>r<162>R<GLU> 21.158001 -15.885000 -0.584000
c<C>r<163>R<GLU> 23.169001 -16.532000 -3.753000
c<C>r<164>R<LEU> 26.006001 -14.335000 -2.475000
c<C>r<165>R<CYS> 26.207001 -16.208000 0.876000
