c<A>r<2>R<THR> -1.349000 42.009998 -31.482000
c<A>r<3>R<TYR> -3.134000 42.737999 -28.252001
c<A>r<4>R<ASN> -5.905000 40.445999 -29.336000
c<A>r<6>R<LEU> -2.052000 37.835999 -26.532000
c<A>r<7>R<GLN> -5.369000 37.840000 -24.782000
c<A>r<9>R<GLU> -3.120000 33.000000 -25.400000
c<A>r<10>R<TYR> -3.481000 34.200001 -21.834000
c<A>r<11>R<GLY> -6.910000 32.671001 -21.712999
c<A>r<13>R<ALA> -2.854000 29.474001 -20.486000
c<A>r<14>R<GLN> -5.283000 30.006001 -17.596001
c<A>r<16>R<GLN> -4.586000 24.665001 -18.839001
c<A>r<17>R<MET> -3.400000 25.864000 -15.443000
c<A>r<18>R<LYS> -6.903000 25.149000 -14.037000
c<A>r<20>R<LEU> -3.474000 20.827999 -14.332000
c<A>r<21>R<MET> -4.463000 21.988001 -10.868000
c<A>r<23>R<LYS> -5.265000 16.665001 -11.861000
c<A>r<24>R<PHE> -2.774000 17.700001 -9.142000
c<A>r<25>R<LYS> -5.540000 17.783001 -6.472000
c<A>r<27>R<ILE> -3.417000 12.731000 -7.375000
c<A>r<28>R<GLN> -2.821000 14.405000 -4.078000
c<A>r<30>R<GLN> -5.093000 9.452000 -4.077000
c<A>r<31>R<ASN> -1.644000 9.660000 -2.478000
c<A>r<32>R<PHE> -3.156000 10.501000 0.845000
c<A>r<33>R<SER> -5.392000 7.464000 0.679000
c<A>r<34>R<LEU> -2.560000 5.153000 -0.465000
c<A>r<35>R<ILE> -0.371000 6.343000 2.328000
c<A>r<37>R<GLU> -3.758000 2.208000 3.358000
c<A>r<38>R<ASN> -0.104000 1.231000 3.162000
c<A>r<39>R<GLN> 0.274000 2.052000 6.813000
c<A>r<41>R<LEU> -1.345000 -2.961000 5.643000
c<A>r<42>R<LYS> 1.964000 -2.897000 7.390000
c<A>r<44>R<ASN> -1.802000 -5.850000 9.686000
c<A>r<45>R<ILE> 1.294000 -7.703000 8.484000
c<A>r<46>R<SER> 2.870000 -7.168000 11.841000
c<A>r<48>R<LEU> -0.439000 -11.438000 11.503000
c<A>r<49>R<ILE> 3.150000 -12.399000 12.085000
c<A>r<51>R<THR> -0.372000 -14.179000 15.925000
c<A>r<52>R<ALA> 1.011000 -16.846001 13.635000
c<A>r<53>R<ARG> 4.073000 -17.231001 15.729000
c<A>r<55>R<GLU> -0.028000 -20.247999 17.447001
c<A>r<56>R<ILE> 2.904000 -22.138000 16.038000
c<A>r<57>R<ASN> 4.667000 -21.976999 19.370001
c<A>r<58>R<ARG> 1.611000 -23.218000 21.186001
c<A>r<59>R<LYS> 1.393000 -26.188999 18.849001
c<A>r<60>R<ASP> 5.107000 -26.905001 19.285999
c<A>r<62>R<GLU> 1.783000 -29.375999 22.642000
c<A>r<63>R<ILE> 3.914000 -31.667000 20.445000
c<A>r<64>R<SER> 6.711000 -31.697001 23.070000
c<A>r<66>R<LEU> 2.882000 -35.563000 23.819000
c<A>r<67>R<HIS> 6.407000 -36.805000 23.172001
c<A>r<69>R<GLU> 4.029000 -38.587002 27.766001
c<A>r<70>R<HIS> 4.785000 -41.365002 25.218000
c<B>r<1>R<GLU> -0.334000 50.904999 -24.556999
c<B>r<3>R<THR> -2.798000 47.824001 -21.384001
c<B>r<4>R<TYR> -0.784000 45.764999 -23.614000
c<B>r<5>R<ASN> 2.302000 45.785000 -21.388000
c<B>r<7>R<LEU> -1.130000 41.877998 -20.132000
c<B>r<8>R<GLN> 2.241000 40.672001 -21.127001
c<B>r<10>R<GLU> 0.493000 38.810001 -16.497999
c<B>r<11>R<TYR> 0.924000 36.268002 -19.216000
c<B>r<12>R<GLY> 4.504000 35.817001 -18.128000
c<B>r<14>R<ALA> 0.889000 32.854000 -15.655000
c<B>r<15>R<GLN> 3.434000 30.808001 -17.584999
c<B>r<17>R<GLN> 3.151000 29.365999 -12.274000
c<B>r<18>R<MET> 2.167000 26.837000 -14.887000
c<B>r<19>R<LYS> 5.757000 25.608999 -15.037000
c<B>r<21>R<LEU> 2.636000 23.520000 -11.018000
c<B>r<22>R<MET> 3.810000 21.112000 -13.699000
c<B>r<24>R<LYS> 4.829000 19.620001 -8.505000
c<B>r<25>R<PHE> 2.483000 17.489000 -10.640000
c<B>r<26>R<LYS> 5.367000 15.394000 -11.949000
c<B>r<27>R<GLU> 6.680000 14.921000 -8.416000
c<B>r<28>R<ILE> 3.407000 13.845000 -6.928000
c<B>r<29>R<GLN> 2.879000 11.543000 -9.868000
c<B>r<31>R<GLN> 5.260000 9.450000 -5.511000
c<B>r<32>R<ASN> 1.920000 8.028000 -6.545000
c<B>r<33>R<PHE> 3.568000 5.423000 -8.694000
c<B>r<34>R<SER> 5.784000 4.331000 -5.827000
c<B>r<35>R<LEU> 2.914000 4.188000 -3.348000
c<B>r<36>R<ILE> 0.932000 2.045000 -5.758000
c<B>r<38>R<GLU> 4.315000 -0.609000 -2.497000
c<B>r<39>R<ASN> 0.660000 -1.207000 -1.936000
c<B>r<40>R<GLN> 0.637000 -4.048000 -4.389000
c<B>r<41>R<SER> 3.644000 -5.657000 -2.832000
c<B>r<42>R<LEU> 2.185000 -5.337000 0.667000
c<B>r<43>R<LYS> -0.970000 -7.052000 -0.380000
c<B>r<45>R<ASN> 2.996000 -10.255000 1.126000
c<B>r<46>R<ILE> -0.117000 -10.489000 3.317000
c<B>r<47>R<SER> -1.467000 -13.169000 1.060000
c<B>r<49>R<LEU> 2.054000 -14.841000 4.860000
c<B>r<50>R<ILE> -1.455000 -16.150999 5.404000
c<B>r<52>R<THR> 2.429000 -20.038000 4.781000
c<B>r<53>R<ALA> 1.069000 -19.642000 8.301000
c<B>r<54>R<ARG> -1.845000 -21.868000 7.562000
c<B>r<56>R<GLU> 2.534000 -24.589001 9.042000
c<B>r<57>R<ILE> -0.340000 -24.681000 11.481000
c<B>r<58>R<ASN> -1.969000 -27.490999 9.573000
c<B>r<59>R<ARG> 1.259000 -29.482000 9.475000
c<B>r<60>R<LYS> 1.510000 -29.158001 13.258000
c<B>r<61>R<ASP> -2.137000 -30.165001 13.704000
c<B>r<63>R<GLU> 1.532000 -34.084000 13.882000
c<B>r<64>R<ILE> -0.609000 -33.713001 17.073000
c<B>r<65>R<SER> -3.298000 -36.020000 15.616000
c<B>r<67>R<LEU> 0.786000 -38.584999 18.533001
c<B>r<68>R<HIS> -2.755000 -38.986000 19.966999
