c<A>r<1>R<TYR> 0.239000 25.096001 -5.435000
c<A>r<2>R<LYS> -2.400000 27.957001 -5.597000
c<A>r<3>R<SER> -5.401000 26.167999 -4.621000
c<A>r<4>R<MET> -7.891000 26.600000 -7.691000
c<A>r<23>R<VAL> -19.149000 15.281000 -19.886999
c<A>r<24>R<LEU> -17.187000 17.593000 -17.559000
c<A>r<25>R<ASN> -13.593000 16.549000 -16.742001
c<A>r<26>R<LEU> -12.134000 18.632999 -13.786000
c<A>r<27>R<ASN> -9.406000 16.062000 -12.854000
c<A>r<28>R<GLY> -5.985000 17.273001 -11.539000
c<A>r<29>R<LEU> -6.859000 21.120001 -11.469000
c<A>r<30>R<GLN> -5.627000 21.558001 -7.823000
c<A>r<31>R<ILE> -9.379000 22.502001 -6.862000
c<A>r<49>R<TYR> -14.774000 13.914000 -13.282000
c<A>r<50>R<MET> -13.124000 15.724000 -10.304000
c<A>r<51>R<ARG> -10.292000 13.267000 -9.448000
c<A>r<52>R<PHE> -6.755000 14.408000 -8.378000
c<A>r<53>R<ASN> -7.776000 17.650999 -6.747000
c<A>r<76>R<ARG> -7.843000 11.441000 -4.847000
c<A>r<168>R<ASN> -14.738000 -9.748000 11.481000
c<A>r<187>R<ASN> -10.011000 -10.081000 10.916000
c<A>r<189>R<THR> -12.479000 -15.878000 12.323000
c<A>r<207>R<TYR> -4.596000 -12.822000 5.704000
c<A>r<208>R<ASN> -7.399000 -13.376000 8.041000
c<A>r<209>R<GLN> -7.584000 -15.151000 11.400000
c<A>r<210>R<LEU> -9.272000 -18.469999 10.232000
c<A>r<211>R<GLU> -8.310000 -21.523001 12.378000
c<A>r<212>R<LYS> -10.308000 -24.239000 10.494000
c<A>r<231>R<ASN> -1.843000 -16.507000 5.636000
c<A>r<232>R<ASN> -4.410000 -17.521999 8.112000
c<A>r<233>R<ARG> -4.035000 -19.594000 11.397000
c<A>r<234>R<LEU> -5.369000 -22.830999 9.895000
c<A>r<235>R<VAL> -4.618000 -25.917000 11.997000
c<A>r<254>R<HIS> 1.344000 -19.959000 5.125000
c<B>r<1>R<SER> -10.839000 15.381000 -25.924999
c<B>r<21>R<VAL> 0.879000 29.412001 -12.415000
c<B>r<22>R<LEU> -1.082000 27.511999 -15.151000
c<B>r<23>R<ASN> -3.603000 25.011000 -13.899000
c<B>r<24>R<LEU> -4.746000 22.650999 -16.854000
c<B>r<25>R<ASN> -5.873000 19.858000 -14.496000
c<B>r<26>R<GLY> -8.949000 17.798000 -15.493000
c<B>r<27>R<LEU> -9.572000 19.535000 -18.969999
c<B>r<28>R<GLN> -9.831000 16.150999 -20.761000
c<B>r<29>R<ILE> -6.524000 17.176001 -22.775000
c<B>r<45>R<LYS> 4.012000 26.104000 -12.060000
c<B>r<46>R<LEU> 2.223000 23.968000 -14.644000
c<B>r<47>R<TYR> -0.579000 21.712000 -13.487000
c<B>r<48>R<MET> -1.807000 19.197001 -16.127001
c<B>r<49>R<ARG> -3.157000 16.528999 -13.776000
c<B>r<50>R<PHE> -6.372000 14.519000 -14.497000
c<B>r<51>R<ASN> -6.182000 14.737000 -18.245001
c<B>r<52>R<VAL> -5.931000 11.955000 -20.856001
c<B>r<69>R<VAL> 6.447000 22.738001 -10.563000
c<B>r<71>R<MET> 2.211000 18.135000 -12.221000
c<B>r<72>R<LEU> 1.264000 15.468000 -14.792000
c<B>r<73>R<ASP> -0.440000 13.078000 -12.467000
c<B>r<74>R<ARG> -3.390000 11.089000 -13.698000
c<B>r<75>R<ASN> -2.653000 11.166000 -17.353001
c<B>r<98>R<ASN> -0.970000 7.785000 -11.881000
c<B>r<246>R<HIS> 2.547000 -10.135000 10.620000
c<B>r<248>R<HIS> 6.818000 -15.534000 11.537000
c<B>r<269>R<HIS> 0.325000 -11.807000 13.969000
c<B>r<271>R<SER> 4.250000 -17.094999 16.233999
c<B>r<290>R<HIS> -2.403000 -13.622000 17.016001
c<B>r<291>R<ASN> 0.719000 -15.074000 18.502001
c<B>r<310>R<ASP> -7.284000 -12.174000 20.622999
c<B>r<311>R<GLN> -11.052000 -12.659000 20.086000
c<B>r<312>R<HIS> -11.027000 -16.507999 19.757000
c<B>r<313>R<CYS> -8.306000 -18.952999 20.664000
c<B>r<314>R<LYS> -7.617000 -22.122999 18.698999
c<B>r<315>R<ILE> -7.951000 -25.507999 20.448999
