1762389556475 0.0 34
1762389556484 0.0 34
1762389587296 1.0 69
1762389587304 1.0 69
1762389618273 2.0 104
1762389618281 2.0 104
1762389649177 3.0 139
1762389649186 3.0 139
1762389680161 4.0 174
1762389680170 4.0 174
1762389711778 5.0 209
1762389711787 5.0 209
1762389742400 6.0 244
1762389742408 6.0 244
1762389773801 7.0 279
1762389773810 7.0 279
1762389805845 8.0 314
1762389805853 8.0 314
1762389836847 9.0 349
1762389836855 9.0 349
1762389868829 10.0 384
1762389868837 10.0 384
1762389900499 11.0 419
1762389900508 11.0 419
1762389932223 12.0 454
1762389932225 12.0 454
1762389962315 13.0 489
1762389962317 13.0 489
1762389993200 14.0 524
1762389993209 14.0 524
1762390023385 15.0 559
1762390023394 15.0 559
1762390054167 16.0 594
1762390054176 16.0 594
1762390084873 17.0 629
1762390084881 17.0 629
1762390116016 18.0 664
1762390116024 18.0 664
1762390147091 19.0 699
1762390147093 19.0 699
1762390177433 20.0 734
1762390177442 20.0 734
1762390208899 21.0 769
1762390208907 21.0 769
1762390240181 22.0 804
1762390240190 22.0 804
1762390271336 23.0 839
1762390271345 23.0 839
1762390302350 24.0 874
1762390302358 24.0 874
1762390333549 25.0 909
1762390333558 25.0 909
1762390364323 26.0 944
1762390364331 26.0 944
1762390395323 27.0 979
1762390395331 27.0 979
1762390426442 28.0 1014
1762390426450 28.0 1014
1762390457056 29.0 1049
1762390457065 29.0 1049
1762390488408 30.0 1084
1762390488417 30.0 1084
1762390518944 31.0 1119
1762390518953 31.0 1119
1762390549631 32.0 1154
1762390549640 32.0 1154
1762390579917 33.0 1189
1762390579920 33.0 1189
1762390610833 34.0 1224
1762390610835 34.0 1224
1762390642042 35.0 1259
1762390642045 35.0 1259
1762390673357 36.0 1294
1762390673366 36.0 1294
1762390705281 37.0 1329
1762390705283 37.0 1329
1762390737484 38.0 1364
1762390737493 38.0 1364
1762390768458 39.0 1399
1762390768460 39.0 1399
1762390800165 40.0 1434
1762390800174 40.0 1434
1762390831657 41.0 1469
1762390831665 41.0 1469
1762390862921 42.0 1504
1762390862929 42.0 1504
1762390893588 43.0 1539
1762390893596 43.0 1539
1762390925497 44.0 1574
1762390925505 44.0 1574
1762390956226 45.0 1609
1762390956235 45.0 1609
1762390986778 46.0 1644
1762390986787 46.0 1644
1762391017984 47.0 1679
1762391017993 47.0 1679
1762391050289 48.0 1714
1762391050297 48.0 1714
1762391081359 49.0 1749
1762391081368 49.0 1749
1762391111347 50.0 1784
1762391111350 50.0 1784
1762391142853 51.0 1819
1762391142855 51.0 1819
1762391173796 52.0 1854
1762391173803 52.0 1854
1762391204593 53.0 1889
1762391204596 53.0 1889
1762391235396 54.0 1924
1762391235398 54.0 1924
1762391267388 55.0 1959
1762391267390 55.0 1959
1762391298583 56.0 1994
1762391298585 56.0 1994
1762391329755 57.0 2029
1762391329757 57.0 2029
1762391361694 58.0 2064
1762391361696 58.0 2064
1762391392514 59.0 2099
1762391392516 59.0 2099
1762391423350 60.0 2134
1762391423353 60.0 2134
1762391454140 61.0 2169
1762391454143 61.0 2169
1762391484898 62.0 2204
1762391484901 62.0 2204
1762391516480 63.0 2239
1762391516482 63.0 2239
1762391548355 64.0 2274
1762391548357 64.0 2274
1762391579538 65.0 2309
1762391579540 65.0 2309
1762391611021 66.0 2344
1762391611023 66.0 2344
1762391642714 67.0 2379
1762391642717 67.0 2379
1762391674546 68.0 2414
1762391674548 68.0 2414
1762391706708 69.0 2449
1762391706711 69.0 2449
1762391738823 70.0 2484
1762391738825 70.0 2484
1762391769838 71.0 2519
1762391769840 71.0 2519
1762391800873 72.0 2554
1762391800875 72.0 2554
1762391831955 73.0 2589
1762391831958 73.0 2589
1762391863338 74.0 2624
1762391863341 74.0 2624
1762391894823 75.0 2659
1762391894825 75.0 2659
1762391925981 76.0 2694
1762391925983 76.0 2694
1762391957406 77.0 2729
1762391957409 77.0 2729
1762391987867 78.0 2764
1762391987869 78.0 2764
1762392019177 79.0 2799
1762392019179 79.0 2799
1762392050533 80.0 2834
1762392050535 80.0 2834
1762392081514 81.0 2869
1762392081516 81.0 2869
1762392112869 82.0 2904
1762392112870 82.0 2904
1762392143294 83.0 2939
1762392143297 83.0 2939
1762392174543 84.0 2974
1762392174546 84.0 2974
1762392205860 85.0 3009
1762392205862 85.0 3009
1762392237091 86.0 3044
1762392237092 86.0 3044
1762392268303 87.0 3079
1762392268305 87.0 3079
1762392299160 88.0 3114
1762392299162 88.0 3114
1762392329348 89.0 3149
1762392329351 89.0 3149
1762392360988 90.0 3184
1762392360991 90.0 3184
1762392392995 91.0 3219
1762392392997 91.0 3219
1762392424215 92.0 3254
1762392424217 92.0 3254
1762392456130 93.0 3289
1762392456132 93.0 3289
1762392487294 94.0 3324
1762392487296 94.0 3324
1762392492648 95.0 3325
