1764305772467 0.06208546832203865 1257
1764305807938 0.05900786072015762 1291
1764305843901 0.06720113009214401 1325
1764305880207 0.05849581956863403 1359
1764305915969 0.0607772171497345 1393
1764305952180 0.06697358191013336 1427
1764305987982 0.05742031708359718 1461
1764306024082 0.054182786494493484 1495
1764306061282 0.055979251861572266 1529
1764306096776 0.05504687502980232 1563
1764306133620 0.05552482604980469 1597
1764306169593 0.05423513799905777 1631
1764306205693 0.0608295276761055 1665
1764306241554 0.056007035076618195 1699
1764306277583 0.058265674859285355 1733
1764306314029 0.05491751804947853 1767
1764306349788 0.05698699876666069 1801
1764306385629 0.05503338575363159 1835
1764306421975 0.05748456344008446 1869
1764306458243 0.04950818046927452 1903
1764306494804 0.04826807230710983 1937
1764306530413 0.06304159015417099 1971
1764306565818 0.057430509477853775 2005
1764306602464 0.05931789055466652 2039
1764306639355 0.054519541561603546 2073
1764306675850 0.05774334818124771 2107
1764306711675 0.05692211538553238 2141
1764306747490 0.06487833708524704 2175
1764306784600 0.05250761657953262 2209
1764306820110 0.05755427107214928 2243
1764306856432 0.057989586144685745 2277
1764306892675 0.05093810707330704 2311
1764306928873 0.056234344840049744 2345
1764306964793 0.06074485182762146 2379
1764307001143 0.05533663183450699 2413
1764307037360 0.05733077973127365 2447
1764307073807 0.05375314876437187 2481
1764307109734 0.055027324706315994 2515
1764307145745 0.06543560326099396 2549
1764307180862 0.05380338802933693 2583
1764307217288 0.04763990640640259 2617
1764307253253 0.06168639287352562 2651
1764307289552 0.06464182585477829 2685
1764307325905 0.05325864627957344 2719
1764307362481 0.05165814980864525 2753
1764307398814 0.054395902901887894 2787
1764307435328 0.054712411016225815 2821
1764307471524 0.05114031210541725 2855
1764307507168 0.05305565521121025 2889
1764307543295 0.05349067226052284 2923
1764307579377 0.05709421634674072 2957
1764307615056 0.055946145206689835 2991
1764307651091 0.051365844905376434 3025
1764307687914 0.054592061787843704 3059
1764307725038 0.05313204228878021 3093
1764307760622 0.05218995735049248 3127
1764307796307 0.0634036436676979 3161
1764307831704 0.06238026171922684 3195
1764307868298 0.05550563335418701 3229
1764307906202 0.05034134164452553 3263
1764307942425 0.056276675313711166 3297
1764307977847 0.0531202107667923 3331
1764308013175 0.05572761222720146 3365
1764308048659 0.054201640188694 3399
1764308084800 0.04933559522032738 3433
1764308120758 0.055414509028196335 3467
1764308157394 0.057925838977098465 3501
1764308193819 0.053746819496154785 3535
1764308229469 0.058063458651304245 3569
1764308265321 0.05342269316315651 3603
1764308302066 0.05846768990159035 3637
1764308339138 0.056678008288145065 3671
1764308374833 0.0596560500562191 3705
1764308411507 0.058381665498018265 3739
1764308447530 0.054874956607818604 3773
1764308483561 0.05186845362186432 3807
1764308519442 0.05200929939746857 3841
1764308555179 0.05851374939084053 3875
1764308591169 0.054877445101737976 3909
1764308627305 0.06410275399684906 3943
1764308663587 0.052875399589538574 3977
