c<A>r<49>R<VAL> 1.259000 7.028000 1.616000
c<A>r<53>R<ASP> -9.721000 4.073000 -4.739000
c<A>r<54>R<HIS> -7.423000 2.405000 -2.253000
c<A>r<55>R<ALA> -4.466000 3.566000 -0.145000
c<A>r<56>R<TYR> -0.873000 2.388000 -1.069000
c<A>r<57>R<LEU> 2.285000 2.714000 0.977000
c<A>r<58>R<GLN> 4.588000 4.335000 -1.555000
c<A>r<59>R<THR> 7.604000 4.828000 0.790000
c<A>r<60>R<PRO> 8.222000 3.314000 4.254000
c<A>r<61>R<LEU> 9.593000 5.674000 6.865000
c<A>r<67>R<THR> 13.899000 8.766000 -2.278000
c<A>r<71>R<GLN> 8.768000 8.787000 -5.557000
c<A>r<74>R<ARG> 6.946000 10.201000 -10.173000
c<A>r<79>R<LEU> -3.218000 5.657000 -11.226000
c<A>r<80>R<VAL> -5.091000 4.882000 -7.935000
c<A>r<81>R<GLY> -8.665000 5.597000 -9.228000
c<A>r<88>R<GLU> -7.586000 3.505000 4.378000
c<A>r<92>R<LEU> -2.139000 2.565000 6.514000
c<A>r<95>R<LYS> 0.033000 1.094000 10.804000
c<A>r<96>R<THR> 3.361000 2.210000 9.350000
c<A>r<99>R<GLU> 5.745000 -0.634000 13.135000
c<A>r<100>R<SER> 8.389000 2.031000 13.496000
c<A>r<118>R<GLY> -12.324000 2.343000 1.124000
c<A>r<119>R<VAL> -13.242000 -0.167000 3.748000
c<B>r<49>R<VAL> 3.846000 -5.972000 -1.306000
c<B>r<53>R<ASP> -9.003000 -6.824000 0.772000
c<B>r<54>R<HIS> -6.609000 -4.363000 -0.796000
c<B>r<55>R<ALA> -2.913000 -4.453000 -1.722000
c<B>r<56>R<TYR> -0.373000 -2.355000 0.364000
c<B>r<57>R<LEU> 3.258000 -1.574000 -0.438000
c<B>r<58>R<GLN> 4.975000 -2.653000 2.778000
c<B>r<59>R<THR> 8.592000 -2.071000 1.641000
c<B>r<60>R<PRO> 9.877000 -0.198000 -1.444000
c<B>r<61>R<LEU> 12.701000 -1.858000 -3.313000
c<B>r<70>R<GLU> 11.588000 -7.420000 9.748000
c<B>r<71>R<GLN> 8.594000 -5.964000 8.093000
c<B>r<74>R<ARG> 5.834000 -8.207000 11.835000
c<B>r<75>R<THR> 2.891000 -8.897000 9.482000
c<B>r<79>R<LEU> -5.074000 -6.890000 9.225000
c<B>r<80>R<VAL> -5.809000 -6.548000 5.454000
c<B>r<81>R<GLY> -9.239000 -8.359000 5.435000
c<B>r<88>R<GLU> -4.224000 -4.987000 -7.095000
c<B>r<92>R<LEU> 1.051000 -2.352000 -7.241000
c<B>r<95>R<LYS> 4.042000 -0.001000 -10.606000
c<B>r<96>R<THR> 6.685000 0.096000 -7.888000
c<B>r<98>R<ILE> 8.744000 0.956000 -13.145000
c<B>r<116>R<GLY> -9.901000 -5.487000 -5.722000
c<B>r<117>R<VAL> -10.555000 -3.195000 -8.615000
