c<A>r<52>R<SER> 98.502998 20.700001 66.508003
c<A>r<53>R<GLN> 101.655998 22.669001 65.664001
c<A>r<54>R<PRO> 102.750999 24.257999 62.328999
c<A>r<55>R<GLY> 105.401001 22.597000 60.180000
c<A>r<56>R<LEU> 103.864998 19.177000 60.738998
c<A>r<57>R<MET> 101.984001 16.801001 58.435001
c<A>r<58>R<THR> 98.251999 16.275999 58.910000
c<A>r<59>R<ILE> 95.388000 15.606000 56.507000
c<A>r<60>R<ARG> 93.314003 17.885000 58.743000
c<A>r<61>R<GLY> 90.654999 19.865999 56.863998
c<A>r<62>R<CYS> 89.459999 23.459999 57.157001
c<A>r<63>R<ALA> 86.156998 25.112000 57.998001
c<A>r<64>R<TYR> 85.325996 25.101000 54.280998
c<A>r<65>R<ALA> 85.866997 21.374001 53.974998
c<A>r<66>R<GLY> 83.504997 20.871000 56.905998
c<A>r<77>R<ASP> 68.584999 20.245001 44.811001
c<A>r<81>R<ILE> 78.761002 28.294001 45.155998
c<A>r<82>R<SER> 82.410004 28.194000 46.179001
c<A>r<84>R<GLY> 86.625000 32.749001 46.146000
c<A>r<85>R<PRO> 89.564003 31.462000 44.026001
c<A>r<86>R<VAL> 89.262001 28.382999 41.790001
c<A>r<87>R<GLY> 91.206001 25.955999 43.984001
c<A>r<88>R<CYS> 89.018997 24.930000 46.958000
c<A>r<89>R<GLY> 86.037003 23.900999 44.837002
c<A>r<90>R<GLN> 88.125000 21.969999 42.320000
c<A>r<91>R<TYR> 89.879997 19.927000 44.995998
c<A>r<92>R<SER> 86.599998 19.194000 46.745998
c<A>r<93>R<ARG> 84.662003 18.535000 43.507999
c<A>r<94>R<ALA> 82.953003 15.169000 44.015999
c<A>r<95>R<GLY> 85.513000 14.278000 46.693001
c<A>r<99>R<TYR> 75.190002 9.155000 47.144001
c<A>r<101>R<ILE> 69.295998 10.220000 43.186001
c<A>r<102>R<GLY> 68.861000 12.836000 40.521999
c<A>r<103>R<THR> 69.611000 14.234000 37.081001
c<A>r<104>R<THR> 72.883003 16.113001 37.549000
c<A>r<105>R<GLY> 73.040001 19.576000 36.020000
c<A>r<106>R<VAL> 69.266998 19.754999 35.799999
c<A>r<107>R<ASN> 67.694000 19.150000 39.208000
c<A>r<111>R<THR> 79.092003 16.455000 41.750000
c<A>r<112>R<MET> 79.283997 19.818001 39.974998
c<A>r<113>R<ASN> 81.509003 22.731001 40.923000
c<A>r<114>R<PHE> 80.061996 26.216999 40.727001
c<A>r<115>R<THR> 82.612000 28.878000 41.598000
c<A>r<116>R<SER> 83.063004 32.643002 41.444000
c<A>r<117>R<ASP> 86.658997 31.915001 40.417000
c<A>r<118>R<PHE> 88.281998 35.018002 41.923000
c<A>r<119>R<GLN> 90.820000 36.907001 39.838001
c<A>r<120>R<GLU> 93.072998 39.702000 41.176998
c<A>r<121>R<LYS> 90.450996 42.312000 40.287998
c<A>r<122>R<ASP> 87.830002 40.705002 42.557999
c<A>r<123>R<ILE> 90.213997 40.530998 45.542999
c<A>r<124>R<VAL> 90.999001 44.235001 45.180000
c<A>r<127>R<GLY> 83.418999 40.238998 44.817001
c<A>r<129>R<LYS> 78.904999 42.877998 42.445000
c<A>r<130>R<LYS> 80.222000 39.598999 41.025002
c<A>r<131>R<LEU> 78.231003 37.502998 43.523998
c<A>r<132>R<ALA> 75.064003 39.331001 42.493000
c<A>r<133>R<LYS> 75.796997 38.729000 38.806999
c<A>r<134>R<LEU> 76.579002 35.036999 38.995998
c<A>r<135>R<ILE> 73.466003 34.397999 41.098000
c<A>r<136>R<ASP> 71.533997 35.790001 38.132999
c<A>r<137>R<GLU> 73.392998 33.553001 35.681000
c<A>r<138>R<VAL> 72.634003 30.490000 37.841999
c<A>r<140>R<THR> 68.815002 31.313999 33.951000
c<A>r<141>R<LEU> 71.195999 28.386000 33.299999
c<A>r<142>R<PHE> 69.864998 26.156000 36.075001
c<A>r<143>R<PRO> 66.193001 27.174000 36.388000
c<A>r<144>R<LEU> 65.168999 24.010000 38.266998
c<A>r<145>R<ASN> 67.397003 24.629999 41.289001
c<A>r<146>R<LYS> 65.556000 25.066999 44.605000
c<A>r<153>R<GLU> 86.628998 30.618000 50.894001
c<A>r<154>R<CYS> 89.509003 32.230999 52.825001
c<A>r<155>R<PRO> 89.703003 35.513000 50.860001
c<A>r<156>R<ILE> 86.054001 36.466000 51.415001
c<A>r<157>R<GLY> 86.442001 37.238998 55.118999
c<A>r<158>R<LEU> 89.800003 39.000000 54.783001
c<A>r<159>R<ILE> 88.933998 41.527000 52.042000
c<A>r<184>R<GLU> 86.373001 30.908001 55.516998
c<A>r<185>R<GLY> 89.045998 28.261000 55.791000
c<A>r<186>R<PHE> 91.345001 29.954000 58.320999
c<A>r<187>R<ARG> 88.565002 30.076000 60.951000
c<A>r<188>R<GLY> 89.080002 27.615999 63.790001
c<A>r<189>R<VAL> 91.547997 24.731001 63.839001
c<A>r<190>R<SER> 89.517998 22.062000 62.037998
c<A>r<191>R<GLN> 86.447998 21.080999 60.061001
c<A>r<232>R<GLY> 78.338997 4.497000 49.731998
c<A>r<233>R<GLY> 74.633003 4.544000 50.505001
c<A>r<234>R<ASP> 74.732002 4.092000 54.303001
c<A>r<236>R<TRP> 69.438004 4.329000 52.331001
c<A>r<237>R<SER> 70.703003 1.083000 53.848999
c<A>r<239>R<ARG> 66.300003 4.087000 56.139999
c<A>r<240>R<ILE> 65.121002 0.708000 54.803001
c<A>r<243>R<GLU> 60.599998 1.825000 57.660000
c<A>r<244>R<GLU> 60.217999 -1.979000 57.683998
c<A>r<248>R<ARG> 58.013000 7.131000 58.469002
c<A>r<249>R<CYS> 61.308998 8.944000 57.730000
c<A>r<250>R<VAL> 60.167999 12.400000 56.692001
c<A>r<251>R<ALA> 63.582001 14.035000 56.764999
c<A>r<252>R<GLN> 66.875999 12.558000 55.698002
c<A>r<256>R<ASP> 70.646004 12.525000 49.421001
c<A>r<257>R<GLY> 69.343002 15.583000 51.206001
c<A>r<258>R<SER> 66.636002 17.857000 49.884998
c<A>r<259>R<ILE> 66.098000 21.480000 50.869999
c<A>r<260>R<SER> 62.437000 20.604000 51.306999
c<A>r<261>R<GLU> 63.257999 17.802000 53.765999
c<A>r<262>R<ILE> 65.309998 20.209000 55.918999
c<A>r<264>R<LEU> 60.108002 19.586000 57.498001
c<A>r<330>R<LYS> 63.817001 -11.512000 58.991001
c<A>r<331>R<TYR> 67.522003 -10.615000 58.880001
c<A>r<334>R<GLU> 71.245003 -13.370000 56.595001
c<A>r<335>R<TRP> 73.876999 -12.038000 59.004002
c<A>r<336>R<GLU> 74.480003 -15.480000 60.521999
c<A>r<337>R<ALA> 75.515999 -16.825001 57.112999
c<A>r<338>R<VAL> 77.829002 -13.808000 56.858002
c<A>r<339>R<VAL> 79.483002 -14.605000 60.202000
c<A>r<340>R<ALA> 79.570999 -18.275999 59.200001
c<A>r<341>R<LYS> 81.490997 -17.443001 56.032001
c<A>r<342>R<TYR> 83.973000 -14.796000 57.223999
c<A>r<414>R<LYS> 105.561996 -0.859000 63.914001
c<A>r<427>R<GLU> 96.207001 8.967000 54.707001
c<A>r<428>R<LYS> 96.195999 5.253000 53.970001
c<A>r<429>R<PHE> 99.112000 5.619000 51.558998
c<A>r<430>R<ILE> 101.646004 6.127000 54.339001
c<A>r<431>R<PHE> 100.477997 3.005000 56.154999
c<A>r<432>R<GLN> 100.382004 0.993000 52.916000
c<A>r<433>R<LYS> 104.101997 1.629000 52.480000
c<A>r<434>R<MET> 104.458000 0.219000 55.992001
c<A>r<435>R<GLY> 102.593002 -2.947000 55.014000
c<A>r<436>R<ILE> 99.433998 -2.125000 56.964001
c<A>r<446>R<TYR> 85.345001 2.356000 47.095001
c<A>r<447>R<SER> 82.665001 -0.019000 48.383999
c<A>r<448>R<GLY> 79.714996 0.308000 50.734001
c<A>r<449>R<PRO> 77.296997 0.588000 52.272999
c<A>r<450>R<TYR> 78.807999 -0.707000 55.528000
c<A>r<453>R<PHE> 72.232002 -5.632000 57.694000
c<A>r<454>R<ASP> 72.938004 -5.468000 53.967999
c<A>r<455>R<GLY> 75.959999 -3.344000 54.800999
c<A>r<456>R<PHE> 77.458000 -5.962000 57.131001
c<A>r<457>R<ALA> 77.905998 -8.490000 54.327999
c<A>r<458>R<ILE> 79.651001 -5.858000 52.195999
c<A>r<459>R<PHE> 81.887001 -4.844000 55.133999
c<A>r<460>R<ALA> 82.607002 -8.476000 55.915001
c<A>r<461>R<ARG> 83.658997 -9.249000 52.349998
c<A>r<465>R<MET> 89.806000 -9.307000 50.941002
c<A>r<469>R<ASN> 95.068001 -10.530000 50.191002
c<A>r<470>R<PRO> 98.429001 -12.062000 49.168999
c<A>r<471>R<CYS> 99.929001 -8.659000 48.338001
c<A>r<472>R<TRP> 100.774002 -7.941000 51.973999
c<A>r<473>R<LYS> 102.811996 -11.160000 52.146000
c<A>r<474>R<LYS> 105.183998 -10.165000 49.342999
c<A>r<475>R<LEU> 106.911003 -7.105000 50.784000
c<A>r<476>R<GLN> 110.209000 -8.990000 51.266998
c<A>r<477>R<ALA> 112.128998 -10.122000 48.179001
c<A>r<478>R<PRO> 113.252998 -13.795000 48.431999
c<A>r<479>R<TRP> 116.903999 -12.818000 47.955002
c<A>r<480>R<GLU> 116.947998 -10.452000 50.946999
c<B>r<2>R<SER> 68.550003 -8.489000 51.551998
c<B>r<3>R<GLN> 71.737999 -10.414000 50.715000
c<B>r<4>R<GLN> 72.861000 -13.882000 49.634998
c<B>r<5>R<VAL> 76.259003 -14.531000 51.230000
c<B>r<6>R<ASP> 77.362000 -16.521000 48.153000
c<B>r<7>R<LYS> 77.098000 -13.533000 45.804001
c<B>r<8>R<ILE> 77.161003 -10.311000 47.825001
c<B>r<9>R<LYS> 76.246002 -7.006000 46.172001
c<B>r<10>R<ALA> 77.778999 -3.542000 46.715000
c<B>r<11>R<SER> 75.810997 -0.270000 46.269001
c<B>r<12>R<TYR> 75.646004 -1.262000 42.615002
c<B>r<14>R<LEU> 72.313004 -3.566000 45.597000
c<B>r<15>R<PHE> 70.111000 -0.477000 45.483002
c<B>r<19>R<ASP> 62.688999 -3.094000 47.942001
c<B>r<20>R<TYR> 65.153999 -0.173000 47.562000
c<B>r<22>R<ASP> 60.058998 1.382000 46.235001
c<B>r<23>R<MET> 61.625000 2.855000 49.341000
c<B>r<24>R<LEU> 63.195000 5.528000 47.139999
c<B>r<26>R<LYS> 58.314999 6.947000 48.594002
c<B>r<27>R<LYS> 61.108002 9.253000 49.750000
c<B>r<28>R<ARG> 60.872002 11.214000 46.530998
c<B>r<30>R<GLY> 56.303001 12.331000 49.575001
c<B>r<31>R<PHE> 59.046001 14.625000 50.853001
c<B>r<32>R<GLU> 61.421001 15.922000 48.180000
c<B>r<33>R<GLU> 58.826000 18.044001 46.374001
c<B>r<34>R<LYS> 60.645000 17.105000 43.195000
c<B>r<35>R<TYR> 59.794998 18.645000 39.824001
c<B>r<37>R<GLN> 59.875999 14.023000 35.487999
c<B>r<39>R<LYS> 59.723000 19.025000 33.417999
c<B>r<40>R<ILE> 63.153999 17.575001 34.171001
c<B>r<41>R<ASP> 63.390999 15.968000 30.733000
c<B>r<42>R<GLU> 62.137001 19.228001 29.247999
c<B>r<43>R<VAL> 64.875999 21.292000 30.878000
c<B>r<44>R<PHE> 67.500000 18.650999 30.075001
c<B>r<45>R<GLN> 66.543999 18.677999 26.407000
c<B>r<46>R<TRP> 66.843002 22.452999 26.561001
c<B>r<47>R<THR> 70.417000 22.305000 27.924000
c<B>r<52>R<TYR> 71.269997 27.292999 25.659000
c<B>r<53>R<GLN> 74.806000 27.372000 24.252001
c<B>r<55>R<LEU> 73.260002 31.799999 26.729000
c<B>r<56>R<ASN> 75.902000 29.551001 28.316999
c<B>r<58>R<GLN> 77.539001 34.813000 27.724001
c<B>r<59>R<ARG> 78.615997 34.071999 31.309000
c<B>r<60>R<GLU> 80.956001 36.606998 32.930000
c<B>r<61>R<ALA> 80.674004 35.931999 36.646000
c<B>r<62>R<LEU> 79.918999 32.223999 36.804001
c<B>r<63>R<THR> 82.397003 29.413000 36.327000
c<B>r<64>R<VAL> 80.984001 25.882999 36.212002
c<B>r<65>R<ASN> 83.263000 22.854000 36.258999
c<B>r<66>R<PRO> 86.622002 24.607000 35.743999
c<B>r<67>R<ALA> 89.563004 22.770000 34.213001
c<B>r<68>R<LYS> 92.375000 24.156000 36.374001
c<B>r<69>R<ALA> 93.704002 24.084999 39.938999
c<B>r<70>R<CYS> 95.316002 26.896000 41.964001
c<B>r<71>R<GLN> 98.975998 28.056000 41.967999
c<B>r<72>R<PRO> 100.303001 26.497000 45.206001
c<B>r<73>R<LEU> 99.355003 23.066000 43.823002
c<B>r<86>R<MET> 110.072998 19.521999 52.091000
c<B>r<88>R<TYR> 106.153000 24.009001 52.827999
c<B>r<89>R<VAL> 103.098000 26.186001 52.327999
c<B>r<90>R<HIS> 102.599998 29.407000 54.242001
c<B>r<91>R<GLY> 98.890999 29.665001 54.987999
c<B>r<92>R<SER> 95.771004 27.745001 56.004002
c<B>r<93>R<GLN> 95.919998 24.028000 56.793999
c<B>r<94>R<GLY> 92.889999 23.337999 54.589001
c<B>r<95>R<CYS> 94.799004 23.915001 51.345001
c<B>r<96>R<VAL> 97.481003 21.386999 52.180000
c<B>r<97>R<ALA> 94.899002 18.791000 53.146999
c<B>r<98>R<TYR> 93.525002 19.261999 49.625999
c<B>r<99>R<PHE> 96.892998 19.436001 47.792999
c<B>r<100>R<ARG> 98.065002 16.128000 49.231998
c<B>r<101>R<SER> 94.678001 14.484000 48.731998
c<B>r<102>R<TYR> 94.591003 15.645000 45.106998
c<B>r<104>R<ASN> 97.389999 10.948000 46.393002
c<B>r<105>R<ARG> 94.388000 10.247000 44.195999
c<B>r<108>R<ARG> 98.248001 6.752000 44.540001
c<B>r<109>R<GLU> 101.367996 7.474000 46.571999
c<B>r<110>R<PRO> 102.157997 9.429000 49.751999
c<B>r<111>R<VAL> 102.792000 13.118000 49.150002
c<B>r<112>R<SER> 104.986000 15.010000 51.644001
c<B>r<113>R<CYS> 103.872002 18.577000 52.334999
c<B>r<114>R<VAL> 103.508003 20.820999 55.381001
c<B>r<115>R<SER> 101.522003 23.884001 56.424000
c<B>r<116>R<ASP> 102.137001 26.406000 59.217999
c<B>r<117>R<SER> 98.412003 26.464001 59.917000
c<B>r<118>R<MET> 97.696999 30.153000 60.196999
c<B>r<119>R<THR> 94.387001 30.733999 61.965000
c<B>r<120>R<GLU> 92.231003 33.757999 62.806000
c<B>r<121>R<ASP> 94.893997 35.442001 64.955002
c<B>r<122>R<ALA> 97.399002 35.494999 62.085999
c<B>r<123>R<ALA> 94.708000 37.173000 60.007000
c<B>r<124>R<VAL> 95.372002 40.379002 61.919998
c<B>r<129>R<GLN> 105.204002 33.705002 64.267998
c<B>r<130>R<ASN> 103.789001 30.631001 62.509998
c<B>r<131>R<MET> 106.612000 30.926001 59.993999
c<B>r<132>R<LYS> 109.067001 30.829000 62.894001
c<B>r<133>R<ASP> 107.764999 27.815001 64.818001
c<B>r<134>R<GLY> 106.750999 26.156000 61.554001
c<B>r<135>R<LEU> 110.228996 26.239000 60.032001
c<B>r<136>R<GLN> 111.766998 24.983999 63.265999
c<B>r<137>R<ASN> 109.449997 22.024000 63.928001
c<B>r<138>R<CYS> 109.526001 20.941999 60.264000
c<B>r<139>R<LYS> 113.321999 21.153999 60.179001
c<B>r<140>R<ALA> 113.362000 19.042000 63.346001
c<B>r<141>R<THR> 110.510002 16.606001 62.813999
c<B>r<142>R<TYR> 111.195999 15.710000 59.165001
c<B>r<152>R<THR> 98.026001 29.952000 50.262001
c<B>r<153>R<CYS> 95.649002 32.729000 49.236000
c<B>r<154>R<MET> 95.042999 33.826000 52.817001
c<B>r<155>R<ALA> 98.691002 34.806999 53.282001
c<B>r<156>R<GLU> 98.638000 36.650002 49.945999
c<B>r<157>R<VAL> 95.607002 38.719002 50.949001
c<B>r<158>R<ILE> 96.932999 39.994999 54.278000
c<B>r<187>R<PRO> 98.801003 33.770000 44.306000
c<B>r<188>R<SER> 95.855003 31.386999 43.909000
c<B>r<189>R<PHE> 93.828003 34.166000 42.294998
c<B>r<190>R<VAL> 96.363998 34.493999 39.443001
c<B>r<191>R<GLY> 97.045998 32.055000 36.633999
c<B>r<192>R<SER> 96.786003 28.382999 37.580002
c<B>r<193>R<HIS> 98.713997 25.422001 38.959999
c<B>r<221>R<ASN> 130.179001 21.426001 33.001999
c<B>r<222>R<LYS> 129.373001 20.544001 29.375000
c<B>r<223>R<LYS> 125.799004 19.518999 30.226000
c<B>r<234>R<LEU> 106.210999 9.641000 35.341000
c<B>r<235>R<GLY> 106.976997 8.180000 31.954000
c<B>r<236>R<ASN> 107.889000 11.613000 30.650999
c<B>r<237>R<PHE> 110.783997 12.217000 33.060001
c<B>r<238>R<ARG> 112.043999 8.739000 32.193001
c<B>r<239>R<VAL> 111.646004 8.939000 28.409000
c<B>r<240>R<ILE> 113.584000 12.184000 28.121000
c<B>r<241>R<LYS> 116.445999 10.981000 30.313000
c<B>r<242>R<ARG> 116.497002 7.781000 28.287001
c<B>r<243>R<MET> 116.915001 9.597000 24.957001
c<B>r<244>R<LEU> 119.574997 12.049000 26.093000
c<B>r<245>R<SER> 121.507004 9.146000 27.587999
c<B>r<246>R<GLU> 121.077003 7.378000 24.242001
c<B>r<247>R<MET> 122.762001 10.240000 22.363001
c<B>r<248>R<GLY> 125.591003 10.504000 24.862000
c<B>r<249>R<VAL> 124.492996 13.981000 25.917999
c<B>r<250>R<GLY> 125.357002 15.002000 29.466000
c<B>r<251>R<TYR> 122.414001 16.559000 31.287001
c<B>r<252>R<SER> 120.874001 17.826000 34.502998
c<B>r<258>R<GLU> 109.947998 10.514000 39.459000
c<B>r<259>R<GLU> 111.598000 8.851000 42.441002
c<B>r<262>R<ASP> 107.039001 5.914000 42.598000
c<B>r<263>R<THR> 108.704002 4.395000 45.668999
c<B>r<264>R<PRO> 108.973999 0.570000 45.963001
c<B>r<265>R<ALA> 106.742996 -1.375000 48.339001
c<B>r<266>R<ASP> 108.762001 -3.426000 50.820000
c<B>r<267>R<GLY> 107.526001 -2.567000 54.306999
c<B>r<268>R<GLN> 109.444000 0.721000 54.581001
c<B>r<269>R<PHE> 107.981003 4.189000 54.101002
c<B>r<270>R<ARG> 110.473000 6.474000 52.348999
c<B>r<271>R<MET> 109.571999 10.148000 52.686001
c<B>r<273>R<ALA> 113.731003 9.760000 47.266998
c<B>r<274>R<GLY> 116.028000 10.861000 44.459999
c<B>r<275>R<GLY> 115.420998 14.298000 43.026001
c<B>r<338>R<GLN> 126.391998 14.637000 19.737000
c<B>r<339>R<PRO> 124.825996 13.109000 16.613001
c<B>r<340>R<ILE> 121.467003 11.310000 16.544001
c<B>r<341>R<PRO> 122.228996 7.587000 17.146999
c<B>r<342>R<ALA> 120.957001 4.852000 14.825000
c<B>r<343>R<SER> 118.617996 3.599000 17.552000
c<B>r<344>R<LEU> 116.653000 6.875000 17.768000
c<B>r<346>R<LYS> 114.901001 3.361000 14.112000
c<B>r<347>R<GLU> 112.494003 4.311000 16.903000
c<B>r<350>R<ARG> 108.703003 2.382000 14.151000
c<B>r<428>R<TRP> 80.106003 23.362000 31.195999
c<B>r<447>R<TYR> 86.194000 15.286000 34.897999
c<B>r<450>R<PHE> 80.432999 13.540000 33.544998
c<B>r<453>R<ARG> 77.166000 10.459000 31.045000
c<B>r<454>R<ASP> 75.300003 13.631000 29.996000
c<B>r<457>R<HIS> 71.436996 10.381000 28.558001
c<B>r<478>R<HIS> 98.399002 3.345000 36.931000
c<B>r<479>R<LEU> 97.857002 5.546000 33.914001
c<B>r<481>R<ARG> 103.107002 5.706000 34.549000
c<B>r<482>R<SER> 102.321999 6.383000 30.910000
c<B>r<483>R<THR> 104.470001 8.519000 28.643000
c<B>r<487>R<TYR> 108.462997 8.779000 20.118000
c<B>r<488>R<GLU> 107.692001 6.483000 23.042000
c<B>r<489>R<GLY> 104.781998 8.634000 24.198999
c<B>r<491>R<MET> 103.332001 5.468000 20.225000
c<B>r<492>R<GLN> 101.425003 5.072000 23.479000
c<E>r<10>R<LYS> 123.321999 -12.017000 31.555000
c<E>r<11>R<GLY> 124.709000 -15.055000 29.646000
c<E>r<12>R<GLY> 124.343002 -14.763000 25.889999
c<E>r<13>R<ILE> 122.802002 -11.213000 25.816999
c<E>r<40>R<PRO> 134.751007 -18.639999 31.945999
c<E>r<41>R<LYS> 133.794006 -19.031000 28.240999
c<E>r<47>R<LEU> 137.253006 -11.148000 17.136000
c<E>r<48>R<ILE> 140.080994 -8.764000 17.938999
c<E>r<49>R<LEU> 142.738007 -11.515000 17.511999
c<E>r<50>R<HIS> 141.207001 -13.542000 14.584000
c<E>r<51>R<SER> 141.449005 -16.729000 16.583000
c<E>r<52>R<LYS> 139.824997 -19.669001 18.292000
c<E>r<53>R<ALA> 139.317993 -19.030001 22.112000
c<E>r<91>R<PRO> 138.289993 -23.433001 37.478001
c<E>r<92>R<GLU> 136.882004 -26.566000 35.881001
c<E>r<93>R<PRO> 133.037994 -26.891001 36.252998
c<E>r<94>R<GLY> 133.164993 -29.149000 39.300999
c<E>r<95>R<VAL> 135.630997 -27.223000 41.424000
c<E>r<96>R<GLY> 136.108994 -24.240000 43.632000
c<E>r<97>R<CYS> 134.923996 -20.809999 42.694000
c<E>r<98>R<ALA> 134.167007 -20.132000 39.047001
c<E>r<99>R<GLY> 135.322006 -16.500999 39.355000
c<E>r<127>R<LEU> 129.705002 -12.693000 33.611000
c<E>r<128>R<GLY> 126.736000 -11.270000 35.507000
c<E>r<129>R<ASP> 124.277000 -14.126000 36.087002
c<E>r<130>R<VAL> 125.787003 -14.416000 39.561001
c<E>r<131>R<VAL> 127.463997 -11.295000 41.067001
c<E>r<132>R<CYS> 129.884003 -12.692000 43.698002
c<E>r<133>R<GLY> 133.455002 -14.073000 43.303001
c<E>r<135>R<PHE> 132.895004 -11.659000 39.043999
c<E>r<136>R<ALA> 131.983994 -9.073000 41.720001
c<E>r<137>R<MET> 135.634995 -8.110000 42.215000
c<E>r<139>R<ILE> 133.145996 -3.641000 41.651001
c<E>r<140>R<ARG> 134.205994 -4.723000 45.224998
c<E>r<154>R<GLU> 113.128998 -9.971000 29.004000
c<E>r<155>R<MET> 112.931000 -10.816000 32.678001
c<E>r<156>R<MET> 116.380997 -12.443000 33.233002
c<E>r<157>R<ALA> 118.282997 -9.728000 31.429001
c<E>r<159>R<TYR> 116.843002 -9.075000 36.655998
c<E>r<160>R<ALA> 120.584999 -9.490000 36.054001
c<E>r<162>R<ASN> 119.081001 -4.960000 38.623001
c<E>r<163>R<ASN> 121.322998 -7.319000 40.668999
c<E>r<164>R<ILE> 124.523003 -5.887000 39.194000
c<E>r<165>R<SER> 123.096001 -2.506000 40.278000
c<E>r<166>R<LYS> 122.681999 -3.777000 43.870998
c<E>r<167>R<GLY> 126.357002 -4.774000 43.841999
c<E>r<168>R<ILE> 127.281998 -1.202000 42.713001
c<E>r<169>R<VAL> 125.073997 0.132000 45.525002
c<E>r<170>R<LYS> 126.777000 -2.135000 48.126999
c<E>r<171>R<TYR> 130.289001 -0.810000 47.400002
c<E>r<180>R<GLY> 127.323997 4.502000 33.457001
c<E>r<181>R<GLY> 124.327003 3.133000 31.565001
c<E>r<182>R<LEU> 122.344002 0.350000 30.004999
c<E>r<183>R<ILE> 122.929001 -1.038000 26.483999
c<E>r<184>R<CYS> 119.797997 -2.568000 24.950001
c<E>r<190>R<ASP> 108.203003 -4.872000 20.209000
c<E>r<191>R<ARG> 108.490997 -2.093000 22.885000
c<E>r<193>R<ASP> 113.825996 0.068000 23.476999
c<E>r<194>R<GLU> 111.151001 1.821000 25.544001
c<E>r<195>R<LEU> 111.291000 -0.814000 28.273001
c<E>r<196>R<ILE> 115.079002 -0.444000 28.797001
c<E>r<197>R<ILE> 114.649002 3.381000 28.796000
c<E>r<198>R<ALA> 112.033997 2.908000 31.568001
c<E>r<199>R<LEU> 114.227997 0.478000 33.571999
c<E>r<200>R<ALA> 117.138000 2.894000 33.140999
c<E>r<201>R<ASN> 115.019997 5.741000 34.473000
c<E>r<202>R<LYS> 113.958000 3.636000 37.499001
c<E>r<203>R<LEU> 117.626999 2.857000 38.213001
c<E>r<204>R<GLY> 118.567001 6.543000 37.741001
c<E>r<205>R<THR> 120.765999 5.953000 34.673000
c<E>r<206>R<GLN> 120.185997 6.026000 30.860001
c<E>r<207>R<MET> 119.848000 3.692000 27.913000
c<E>r<208>R<ILE> 123.125999 4.879000 26.343000
c<E>r<209>R<HIS> 122.383003 2.933000 23.087999
c<E>r<210>R<PHE> 119.980003 0.540000 21.414000
c<E>r<211>R<VAL> 122.128998 -1.927000 19.403000
c<E>r<212>R<PRO> 119.977997 -3.437000 16.530001
c<E>r<216>R<VAL> 126.202003 -8.777000 9.579000
c<E>r<218>R<GLN> 127.206001 -13.454000 12.068000
c<E>r<219>R<ARG> 128.826004 -12.818000 8.693000
c<E>r<220>R<ALA> 131.613998 -10.901000 10.443000
c<E>r<221>R<GLU> 132.093994 -13.636000 13.029000
c<E>r<222>R<ILE> 132.608002 -16.632999 10.690000
c<E>r<223>R<ARG> 135.565002 -14.612000 9.409000
c<E>r<224>R<ARG> 136.363007 -14.270000 13.173000
c<E>r<225>R<MET> 136.259003 -10.516000 13.382000
c<E>r<227>R<VAL> 131.763000 -5.784000 12.163000
c<E>r<228>R<ILE> 134.065994 -2.715000 12.477000
c<E>r<229>R<GLU> 136.791000 -4.622000 10.595000
c<E>r<230>R<TYR> 134.591995 -6.806000 8.365000
c<E>r<231>R<ASP> 132.328995 -4.163000 6.814000
c<E>r<232>R<PRO> 133.431000 -0.708000 8.100000
c<E>r<233>R<LYS> 130.639999 0.841000 6.044000
c<E>r<234>R<ALA> 127.806999 -1.358000 7.377000
c<E>r<235>R<LYS> 124.805000 0.124000 9.198000
c<E>r<236>R<GLN> 125.653000 -1.856000 12.278000
c<E>r<238>R<ASP> 127.959000 2.991000 12.701000
c<E>r<239>R<GLU> 125.667999 1.782000 15.469000
c<E>r<240>R<TYR> 128.807999 0.602000 17.362000
c<E>r<241>R<ARG> 130.684006 3.778000 16.537001
c<E>r<242>R<ALA> 127.765999 5.753000 18.007000
c<E>r<243>R<LEU> 127.824997 3.674000 21.191999
c<E>r<244>R<ALA> 131.615005 4.270000 21.344999
c<E>r<245>R<ARG> 131.156006 8.037000 20.934999
c<E>r<246>R<LYS> 128.546005 8.236000 23.716000
c<E>r<247>R<VAL> 130.602005 6.095000 26.174999
c<E>r<248>R<VAL> 133.641998 8.346000 25.524000
c<E>r<249>R<ASP> 131.565002 11.468000 26.080000
c<E>r<250>R<ASN> 129.529007 10.080000 29.031000
c<E>r<251>R<LYS> 129.738998 11.804000 32.386002
c<E>r<252>R<LEU> 126.504997 10.451000 34.026001
c<E>r<257>R<ASN> 118.272003 2.847000 42.715000
c<E>r<258>R<PRO> 117.469002 -0.874000 42.320999
c<E>r<259>R<ILE> 113.827003 -1.817000 42.004002
c<E>r<260>R<THR> 111.692001 -4.641000 43.397999
c<E>r<261>R<MET> 110.557999 -7.816000 41.636002
c<E>r<262>R<ASP> 107.072998 -6.245000 41.580002
c<E>r<263>R<GLU> 108.304001 -3.062000 39.842999
c<E>r<266>R<GLU> 105.108002 -4.020000 36.312000
c<E>r<267>R<LEU> 107.655998 -2.658000 33.832001
c<E>r<270>R<GLU> 103.238998 -1.706000 31.139999
c<E>r<271>R<PHE> 105.195000 -2.365000 27.955999
c<E>r<274>R<MET> 104.096001 -9.821000 30.309999
c<E>r<275>R<GLU> 100.292999 -9.869000 30.468000
c<E>r<276>R<VAL> 98.268997 -8.090000 33.084000
c<E>r<277>R<GLU> 97.328003 -9.841000 36.273998
c<E>r<278>R<ASP> 94.678001 -9.356000 38.977001
c<E>r<279>R<GLU> 94.417999 -10.904000 42.430000
c<E>r<280>R<SER> 90.832001 -12.085000 41.956001
c<E>r<281>R<ILE> 91.705002 -14.809000 39.431999
c<E>r<282>R<VAL> 94.879997 -15.880000 41.355999
c<E>r<283>R<GLY> 94.639000 -19.542999 42.365002
c<E>r<284>R<LYS> 91.477997 -20.101000 40.254002
c<E>r<285>R<THR> 91.348999 -22.705000 37.448002
c<E>r<286>R<ALA> 90.468002 -22.139999 33.759998
c<E>r<287>R<GLU> 86.917999 -23.431999 34.174000
c<E>r<288>R<GLU> 86.168999 -21.299999 37.272999
c<F>r<10>R<LYS> 121.095001 -21.806999 32.157001
c<F>r<11>R<GLY> 119.125999 -18.854000 33.466000
c<F>r<12>R<GLY> 115.751999 -18.533001 31.746000
c<F>r<39>R<ASP> 118.260002 -20.551001 42.500000
c<F>r<40>R<PRO> 118.835999 -17.028999 44.015999
c<F>r<41>R<LYS> 115.691002 -15.961000 42.063000
c<F>r<42>R<ALA> 113.333000 -17.152000 44.764999
c<F>r<43>R<ASP> 110.357002 -18.014999 42.495998
c<F>r<47>R<LEU> 103.093002 -21.889999 41.001999
c<F>r<48>R<ILE> 102.663002 -24.680000 43.558998
c<F>r<49>R<LEU> 101.818001 -22.247999 46.380001
c<F>r<50>R<HIS> 99.782997 -19.580999 44.403999
c<F>r<51>R<SER> 102.098000 -16.896000 45.662998
c<F>r<52>R<LYS> 104.717003 -14.262000 45.245998
c<F>r<53>R<ALA> 108.362999 -15.369000 45.880001
c<F>r<54>R<GLN> 108.306999 -17.726000 48.875999
c<F>r<55>R<ASN> 110.070000 -16.733000 52.087002
c<F>r<56>R<THR> 113.504997 -18.177999 51.825001
c<F>r<57>R<ILE> 115.505997 -19.822001 54.660000
c<F>r<58>R<MET> 118.167000 -17.162001 54.000000
c<F>r<59>R<GLU> 115.637001 -14.302000 54.587002
c<F>r<60>R<MET> 114.136002 -15.906000 57.665001
c<F>r<62>R<ALA> 118.678001 -13.282000 58.589001
c<F>r<63>R<GLU> 115.810997 -11.524000 60.356998
c<F>r<87>R<GLU> 113.242996 -21.871000 48.994999
c<F>r<88>R<SER> 116.977997 -21.478001 49.692001
c<F>r<89>R<GLY> 117.323997 -17.826000 48.716000
c<F>r<90>R<GLY> 120.686996 -16.163000 48.290001
c<F>r<91>R<PRO> 123.071999 -13.430000 49.608002
c<F>r<92>R<GLU> 122.766998 -9.772000 48.588001
c<F>r<93>R<PRO> 124.116997 -9.318000 45.001999
c<F>r<94>R<GLY> 127.681000 -8.122000 45.741001
c<F>r<95>R<VAL> 128.514999 -10.169000 48.859001
c<F>r<96>R<GLY> 129.431000 -13.696000 49.735001
c<F>r<97>R<CYS> 128.761002 -16.618999 47.477001
c<F>r<98>R<ALA> 125.521004 -16.690001 45.460999
c<F>r<99>R<GLY> 125.113998 -20.407000 46.327999
c<F>r<101>R<GLY> 121.750999 -20.520000 50.702999
c<F>r<127>R<LEU> 121.054001 -22.395000 38.641998
c<F>r<128>R<GLY> 123.487999 -23.816999 36.117001
c<F>r<129>R<ASP> 125.261002 -20.735001 34.583000
c<F>r<130>R<VAL> 128.054993 -21.299000 37.018002
c<F>r<131>R<VAL> 128.645996 -24.732000 38.577000
c<F>r<132>R<CYS> 130.688004 -23.934000 41.720001
c<F>r<133>R<GLY> 129.488007 -23.261999 45.268002
c<F>r<135>R<PHE> 125.203003 -24.693001 43.181000
c<F>r<136>R<ALA> 127.709999 -27.525000 42.743000
c<F>r<137>R<MET> 126.897003 -28.933001 46.212002
c<F>r<139>R<ILE> 126.551003 -32.958000 42.790001
c<F>r<140>R<ARG> 129.778000 -32.606998 44.907001
c<F>r<154>R<GLU> 121.218002 -22.108000 21.319000
c<F>r<155>R<MET> 124.877998 -21.988001 22.365000
c<F>r<156>R<MET> 124.657997 -20.860001 26.059000
c<F>r<157>R<ALA> 121.999001 -23.443001 26.870001
c<F>r<159>R<TYR> 127.255997 -24.830999 26.882999
c<F>r<160>R<ALA> 125.745003 -24.924999 30.346001
c<F>r<162>R<ASN> 128.028000 -29.573000 28.826000
c<F>r<163>R<ASN> 129.548996 -27.827999 31.863001
c<F>r<164>R<ILE> 126.989998 -29.402000 34.241001
c<F>r<165>R<SER> 128.014999 -32.688000 32.602001
c<F>r<166>R<LYS> 131.686996 -31.969999 33.410999
c<F>r<167>R<GLY> 130.615005 -31.302000 37.011002
c<F>r<168>R<ILE> 129.022003 -34.798000 37.157001
c<F>r<169>R<VAL> 132.115997 -36.388000 35.578999
c<F>r<170>R<LYS> 134.373001 -34.699001 38.202999
c<F>r<171>R<TYR> 132.537994 -36.330002 41.118000
c<F>r<218>R<GLN> 101.753998 -17.620001 30.555000
c<F>r<219>R<ARG> 97.987999 -17.805000 31.181999
c<F>r<220>R<ALA> 98.532997 -20.334999 33.965000
c<F>r<221>R<GLU> 101.348999 -18.274000 35.448002
c<F>r<222>R<ILE> 99.427002 -14.953000 35.747002
c<F>r<223>R<ARG> 96.886002 -17.013000 37.695999
c<F>r<224>R<ARG> 100.099998 -17.961000 39.622002
c<F>r<225>R<MET> 99.712997 -21.669001 39.084999
c<F>r<226>R<THR> 100.863998 -24.610001 36.915001
c<F>r<227>R<VAL> 99.272003 -25.650000 33.585999
c<F>r<228>R<ILE> 98.594002 -29.039000 35.282001
c<F>r<229>R<GLU> 96.236000 -27.263000 37.712002
c<F>r<230>R<TYR> 94.863998 -24.430000 35.512001
c<F>r<231>R<ASP> 93.841003 -26.482000 32.433998
c<F>r<232>R<PRO> 94.403999 -30.285999 32.943001
c<F>r<233>R<LYS> 92.771004 -30.874001 29.561001
c<F>r<261>R<MET> 133.800995 -26.346001 22.118000
c<F>r<262>R<ASP> 134.722000 -27.052999 18.485001
c<F>r<274>R<MET> 125.091003 -21.254999 13.465000
c<F>r<275>R<GLU> 126.575996 -20.951000 9.958000
c<F>r<276>R<VAL> 129.404999 -22.855000 8.331000
c<F>r<277>R<GLU> 132.953003 -21.475000 8.420000
c<F>r<278>R<ASP> 136.270996 -22.259001 6.731000
c<F>r<279>R<GLU> 139.778000 -20.988001 7.487000
c<F>r<280>R<SER> 140.343002 -19.267000 4.097000
c<F>r<281>R<ILE> 137.753998 -16.542999 4.852000
c<F>r<282>R<VAL> 139.093002 -15.963000 8.435000
c<F>r<283>R<GLY> 140.667007 -12.541000 8.709000
c<F>r<284>R<LYS> 139.356003 -11.022000 5.436000
c<F>r<285>R<THR> 137.035995 -8.078000 4.921000
c<F>r<286>R<ALA> 133.707993 -7.576000 3.125000
c<F>r<287>R<GLU> 135.481995 -6.295000 0.004000
c<F>r<288>R<GLU> 137.809998 -9.370000 -0.216000
c<F>r<289>R<VAL> 135.929993 -12.661000 0.476000
