c<A>r<52>R<SER> 98.502998 20.700001 66.508003
c<A>r<53>R<GLN> 101.655998 22.669001 65.664001
c<A>r<54>R<PRO> 102.750999 24.257999 62.328999
c<A>r<55>R<GLY> 105.401001 22.597000 60.180000
c<A>r<56>R<LEU> 103.864998 19.177000 60.738998
c<A>r<57>R<MET> 101.984001 16.801001 58.435001
c<A>r<58>R<THR> 98.251999 16.275999 58.910000
c<A>r<59>R<ILE> 95.388000 15.606000 56.507000
c<A>r<60>R<ARG> 93.314003 17.885000 58.743000
c<A>r<61>R<GLY> 90.654999 19.865999 56.863998
c<A>r<62>R<CYS> 89.459999 23.459999 57.157001
c<A>r<63>R<ALA> 86.156998 25.112000 57.998001
c<A>r<64>R<TYR> 85.325996 25.101000 54.280998
c<A>r<65>R<ALA> 85.866997 21.374001 53.974998
c<A>r<66>R<GLY> 83.504997 20.871000 56.905998
c<A>r<77>R<ASP> 68.584999 20.245001 44.811001
c<A>r<81>R<ILE> 78.761002 28.294001 45.155998
c<A>r<82>R<SER> 82.410004 28.194000 46.179001
c<A>r<84>R<GLY> 86.625000 32.749001 46.146000
c<A>r<85>R<PRO> 89.564003 31.462000 44.026001
c<A>r<86>R<VAL> 89.262001 28.382999 41.790001
c<A>r<87>R<GLY> 91.206001 25.955999 43.984001
c<A>r<88>R<CYS> 89.018997 24.930000 46.958000
c<A>r<89>R<GLY> 86.037003 23.900999 44.837002
c<A>r<90>R<GLN> 88.125000 21.969999 42.320000
c<A>r<91>R<TYR> 89.879997 19.927000 44.995998
c<A>r<92>R<SER> 86.599998 19.194000 46.745998
c<A>r<93>R<ARG> 84.662003 18.535000 43.507999
c<A>r<94>R<ALA> 82.953003 15.169000 44.015999
c<A>r<95>R<GLY> 85.513000 14.278000 46.693001
c<A>r<99>R<TYR> 75.190002 9.155000 47.144001
c<A>r<101>R<ILE> 69.295998 10.220000 43.186001
c<A>r<102>R<GLY> 68.861000 12.836000 40.521999
c<A>r<103>R<THR> 69.611000 14.234000 37.081001
c<A>r<104>R<THR> 72.883003 16.113001 37.549000
c<A>r<105>R<GLY> 73.040001 19.576000 36.020000
c<A>r<106>R<VAL> 69.266998 19.754999 35.799999
c<A>r<107>R<ASN> 67.694000 19.150000 39.208000
c<A>r<111>R<THR> 79.092003 16.455000 41.750000
c<A>r<112>R<MET> 79.283997 19.818001 39.974998
c<A>r<113>R<ASN> 81.509003 22.731001 40.923000
c<A>r<114>R<PHE> 80.061996 26.216999 40.727001
c<A>r<115>R<THR> 82.612000 28.878000 41.598000
c<A>r<116>R<SER> 83.063004 32.643002 41.444000
c<A>r<117>R<ASP> 86.658997 31.915001 40.417000
c<A>r<118>R<PHE> 88.281998 35.018002 41.923000
c<A>r<119>R<GLN> 90.820000 36.907001 39.838001
c<A>r<120>R<GLU> 93.072998 39.702000 41.176998
c<A>r<121>R<LYS> 90.450996 42.312000 40.287998
c<A>r<122>R<ASP> 87.830002 40.705002 42.557999
c<A>r<123>R<ILE> 90.213997 40.530998 45.542999
c<A>r<124>R<VAL> 90.999001 44.235001 45.180000
c<A>r<127>R<GLY> 83.418999 40.238998 44.817001
c<A>r<129>R<LYS> 78.904999 42.877998 42.445000
c<A>r<130>R<LYS> 80.222000 39.598999 41.025002
c<A>r<131>R<LEU> 78.231003 37.502998 43.523998
c<A>r<132>R<ALA> 75.064003 39.331001 42.493000
c<A>r<133>R<LYS> 75.796997 38.729000 38.806999
c<A>r<134>R<LEU> 76.579002 35.036999 38.995998
c<A>r<135>R<ILE> 73.466003 34.397999 41.098000
c<A>r<136>R<ASP> 71.533997 35.790001 38.132999
c<A>r<137>R<GLU> 73.392998 33.553001 35.681000
c<A>r<138>R<VAL> 72.634003 30.490000 37.841999
c<A>r<139>R<GLU> 68.947998 31.382000 37.745998
c<A>r<140>R<THR> 68.815002 31.313999 33.951000
c<A>r<141>R<LEU> 71.195999 28.386000 33.299999
c<A>r<142>R<PHE> 69.864998 26.156000 36.075001
c<A>r<143>R<PRO> 66.193001 27.174000 36.388000
c<A>r<144>R<LEU> 65.168999 24.010000 38.266998
c<A>r<145>R<ASN> 67.397003 24.629999 41.289001
c<A>r<146>R<LYS> 65.556000 25.066999 44.605000
c<A>r<153>R<GLU> 86.628998 30.618000 50.894001
c<A>r<154>R<CYS> 89.509003 32.230999 52.825001
c<A>r<155>R<PRO> 89.703003 35.513000 50.860001
c<A>r<156>R<ILE> 86.054001 36.466000 51.415001
c<A>r<157>R<GLY> 86.442001 37.238998 55.118999
c<A>r<158>R<LEU> 89.800003 39.000000 54.783001
c<A>r<159>R<ILE> 88.933998 41.527000 52.042000
c<A>r<170>R<LYS> 68.940002 38.727001 45.674000
c<A>r<172>R<ALA> 64.050003 38.735001 48.015999
c<A>r<173>R<GLU> 64.315002 39.634998 44.334000
c<A>r<174>R<LEU> 64.283997 36.081001 42.938000
c<A>r<175>R<SER> 62.054001 34.716999 45.756001
c<A>r<184>R<GLU> 86.373001 30.908001 55.516998
c<A>r<185>R<GLY> 89.045998 28.261000 55.791000
c<A>r<186>R<PHE> 91.345001 29.954000 58.320999
c<A>r<187>R<ARG> 88.565002 30.076000 60.951000
c<A>r<188>R<GLY> 89.080002 27.615999 63.790001
c<A>r<189>R<VAL> 91.547997 24.731001 63.839001
c<A>r<190>R<SER> 89.517998 22.062000 62.037998
c<A>r<191>R<GLN> 86.447998 21.080999 60.061001
c<A>r<232>R<GLY> 78.338997 4.497000 49.731998
c<A>r<233>R<GLY> 74.633003 4.544000 50.505001
c<A>r<234>R<ASP> 74.732002 4.092000 54.303001
c<A>r<236>R<TRP> 69.438004 4.329000 52.331001
c<A>r<237>R<SER> 70.703003 1.083000 53.848999
c<A>r<239>R<ARG> 66.300003 4.087000 56.139999
c<A>r<240>R<ILE> 65.121002 0.708000 54.803001
c<A>r<243>R<GLU> 60.599998 1.825000 57.660000
c<A>r<244>R<GLU> 60.217999 -1.979000 57.683998
c<A>r<248>R<ARG> 58.013000 7.131000 58.469002
c<A>r<249>R<CYS> 61.308998 8.944000 57.730000
c<A>r<250>R<VAL> 60.167999 12.400000 56.692001
c<A>r<251>R<ALA> 63.582001 14.035000 56.764999
c<A>r<252>R<GLN> 66.875999 12.558000 55.698002
c<A>r<256>R<ASP> 70.646004 12.525000 49.421001
c<A>r<257>R<GLY> 69.343002 15.583000 51.206001
c<A>r<258>R<SER> 66.636002 17.857000 49.884998
c<A>r<259>R<ILE> 66.098000 21.480000 50.869999
c<A>r<260>R<SER> 62.437000 20.604000 51.306999
c<A>r<261>R<GLU> 63.257999 17.802000 53.765999
c<A>r<262>R<ILE> 65.309998 20.209000 55.918999
c<A>r<264>R<LEU> 60.108002 19.586000 57.498001
c<A>r<330>R<LYS> 63.817001 -11.512000 58.991001
c<A>r<331>R<TYR> 67.522003 -10.615000 58.880001
c<A>r<334>R<GLU> 71.245003 -13.370000 56.595001
c<A>r<335>R<TRP> 73.876999 -12.038000 59.004002
c<A>r<336>R<GLU> 74.480003 -15.480000 60.521999
c<A>r<337>R<ALA> 75.515999 -16.825001 57.112999
c<A>r<338>R<VAL> 77.829002 -13.808000 56.858002
c<A>r<339>R<VAL> 79.483002 -14.605000 60.202000
c<A>r<340>R<ALA> 79.570999 -18.275999 59.200001
c<A>r<341>R<LYS> 81.490997 -17.443001 56.032001
c<A>r<342>R<TYR> 83.973000 -14.796000 57.223999
c<A>r<414>R<LYS> 105.561996 -0.859000 63.914001
c<A>r<427>R<GLU> 96.207001 8.967000 54.707001
c<A>r<428>R<LYS> 96.195999 5.253000 53.970001
c<A>r<429>R<PHE> 99.112000 5.619000 51.558998
c<A>r<430>R<ILE> 101.646004 6.127000 54.339001
c<A>r<431>R<PHE> 100.477997 3.005000 56.154999
c<A>r<432>R<GLN> 100.382004 0.993000 52.916000
c<A>r<433>R<LYS> 104.101997 1.629000 52.480000
c<A>r<434>R<MET> 104.458000 0.219000 55.992001
c<A>r<435>R<GLY> 102.593002 -2.947000 55.014000
c<A>r<436>R<ILE> 99.433998 -2.125000 56.964001
c<A>r<446>R<TYR> 85.345001 2.356000 47.095001
c<A>r<447>R<SER> 82.665001 -0.019000 48.383999
c<A>r<448>R<GLY> 79.714996 0.308000 50.734001
c<A>r<449>R<PRO> 77.296997 0.588000 52.272999
c<A>r<450>R<TYR> 78.807999 -0.707000 55.528000
c<A>r<453>R<PHE> 72.232002 -5.632000 57.694000
c<A>r<454>R<ASP> 72.938004 -5.468000 53.967999
c<A>r<455>R<GLY> 75.959999 -3.344000 54.800999
c<A>r<456>R<PHE> 77.458000 -5.962000 57.131001
c<A>r<457>R<ALA> 77.905998 -8.490000 54.327999
c<A>r<458>R<ILE> 79.651001 -5.858000 52.195999
c<A>r<459>R<PHE> 81.887001 -4.844000 55.133999
c<A>r<460>R<ALA> 82.607002 -8.476000 55.915001
c<A>r<461>R<ARG> 83.658997 -9.249000 52.349998
c<A>r<471>R<CYS> 99.929001 -8.659000 48.338001
c<A>r<472>R<TRP> 100.774002 -7.941000 51.973999
c<A>r<473>R<LYS> 102.811996 -11.160000 52.146000
c<A>r<474>R<LYS> 105.183998 -10.165000 49.342999
c<A>r<475>R<LEU> 106.911003 -7.105000 50.784000
c<A>r<476>R<GLN> 110.209000 -8.990000 51.266998
c<A>r<477>R<ALA> 112.128998 -10.122000 48.179001
c<B>r<2>R<SER> 68.550003 -8.489000 51.551998
c<B>r<3>R<GLN> 71.737999 -10.414000 50.715000
c<B>r<4>R<GLN> 72.861000 -13.882000 49.634998
c<B>r<5>R<VAL> 76.259003 -14.531000 51.230000
c<B>r<6>R<ASP> 77.362000 -16.521000 48.153000
c<B>r<7>R<LYS> 77.098000 -13.533000 45.804001
c<B>r<8>R<ILE> 77.161003 -10.311000 47.825001
c<B>r<9>R<LYS> 76.246002 -7.006000 46.172001
c<B>r<10>R<ALA> 77.778999 -3.542000 46.715000
c<B>r<11>R<SER> 75.810997 -0.270000 46.269001
c<B>r<12>R<TYR> 75.646004 -1.262000 42.615002
c<B>r<14>R<LEU> 72.313004 -3.566000 45.597000
c<B>r<15>R<PHE> 70.111000 -0.477000 45.483002
c<B>r<19>R<ASP> 62.688999 -3.094000 47.942001
c<B>r<20>R<TYR> 65.153999 -0.173000 47.562000
c<B>r<22>R<ASP> 60.058998 1.382000 46.235001
c<B>r<23>R<MET> 61.625000 2.855000 49.341000
c<B>r<24>R<LEU> 63.195000 5.528000 47.139999
c<B>r<26>R<LYS> 58.314999 6.947000 48.594002
c<B>r<27>R<LYS> 61.108002 9.253000 49.750000
c<B>r<28>R<ARG> 60.872002 11.214000 46.530998
c<B>r<30>R<GLY> 56.303001 12.331000 49.575001
c<B>r<31>R<PHE> 59.046001 14.625000 50.853001
c<B>r<32>R<GLU> 61.421001 15.922000 48.180000
c<B>r<33>R<GLU> 58.826000 18.044001 46.374001
c<B>r<34>R<LYS> 60.645000 17.105000 43.195000
c<B>r<35>R<TYR> 59.794998 18.645000 39.824001
c<B>r<37>R<GLN> 59.875999 14.023000 35.487999
c<B>r<39>R<LYS> 59.723000 19.025000 33.417999
c<B>r<40>R<ILE> 63.153999 17.575001 34.171001
c<B>r<41>R<ASP> 63.390999 15.968000 30.733000
c<B>r<42>R<GLU> 62.137001 19.228001 29.247999
c<B>r<43>R<VAL> 64.875999 21.292000 30.878000
c<B>r<44>R<PHE> 67.500000 18.650999 30.075001
c<B>r<45>R<GLN> 66.543999 18.677999 26.407000
c<B>r<46>R<TRP> 66.843002 22.452999 26.561001
c<B>r<47>R<THR> 70.417000 22.305000 27.924000
c<B>r<49>R<THR> 70.430000 23.138000 22.294001
c<B>r<50>R<LYS> 71.911003 26.070999 20.431000
c<B>r<51>R<GLU> 69.878998 28.593000 22.400000
c<B>r<52>R<TYR> 71.269997 27.292999 25.659000
c<B>r<53>R<GLN> 74.806000 27.372000 24.252001
c<B>r<54>R<GLU> 74.573997 31.021999 23.236000
c<B>r<55>R<LEU> 73.260002 31.799999 26.729000
c<B>r<56>R<ASN> 75.902000 29.551001 28.316999
c<B>r<57>R<PHE> 78.732002 31.386000 26.528999
c<B>r<58>R<GLN> 77.539001 34.813000 27.724001
c<B>r<59>R<ARG> 78.615997 34.071999 31.309000
c<B>r<60>R<GLU> 80.956001 36.606998 32.930000
c<B>r<61>R<ALA> 80.674004 35.931999 36.646000
c<B>r<62>R<LEU> 79.918999 32.223999 36.804001
c<B>r<63>R<THR> 82.397003 29.413000 36.327000
c<B>r<64>R<VAL> 80.984001 25.882999 36.212002
c<B>r<65>R<ASN> 83.263000 22.854000 36.258999
c<B>r<66>R<PRO> 86.622002 24.607000 35.743999
c<B>r<67>R<ALA> 89.563004 22.770000 34.213001
c<B>r<68>R<LYS> 92.375000 24.156000 36.374001
c<B>r<69>R<ALA> 93.704002 24.084999 39.938999
c<B>r<70>R<CYS> 95.316002 26.896000 41.964001
c<B>r<71>R<GLN> 98.975998 28.056000 41.967999
c<B>r<72>R<PRO> 100.303001 26.497000 45.206001
c<B>r<73>R<LEU> 99.355003 23.066000 43.823002
c<B>r<86>R<MET> 110.072998 19.521999 52.091000
c<B>r<88>R<TYR> 106.153000 24.009001 52.827999
c<B>r<89>R<VAL> 103.098000 26.186001 52.327999
c<B>r<90>R<HIS> 102.599998 29.407000 54.242001
c<B>r<91>R<GLY> 98.890999 29.665001 54.987999
c<B>r<92>R<SER> 95.771004 27.745001 56.004002
c<B>r<93>R<GLN> 95.919998 24.028000 56.793999
c<B>r<94>R<GLY> 92.889999 23.337999 54.589001
c<B>r<95>R<CYS> 94.799004 23.915001 51.345001
c<B>r<96>R<VAL> 97.481003 21.386999 52.180000
c<B>r<97>R<ALA> 94.899002 18.791000 53.146999
c<B>r<98>R<TYR> 93.525002 19.261999 49.625999
c<B>r<99>R<PHE> 96.892998 19.436001 47.792999
c<B>r<100>R<ARG> 98.065002 16.128000 49.231998
c<B>r<101>R<SER> 94.678001 14.484000 48.731998
c<B>r<102>R<TYR> 94.591003 15.645000 45.106998
c<B>r<104>R<ASN> 97.389999 10.948000 46.393002
c<B>r<105>R<ARG> 94.388000 10.247000 44.195999
c<B>r<108>R<ARG> 98.248001 6.752000 44.540001
c<B>r<109>R<GLU> 101.367996 7.474000 46.571999
c<B>r<110>R<PRO> 102.157997 9.429000 49.751999
c<B>r<111>R<VAL> 102.792000 13.118000 49.150002
c<B>r<112>R<SER> 104.986000 15.010000 51.644001
c<B>r<113>R<CYS> 103.872002 18.577000 52.334999
c<B>r<114>R<VAL> 103.508003 20.820999 55.381001
c<B>r<115>R<SER> 101.522003 23.884001 56.424000
c<B>r<116>R<ASP> 102.137001 26.406000 59.217999
c<B>r<117>R<SER> 98.412003 26.464001 59.917000
c<B>r<118>R<MET> 97.696999 30.153000 60.196999
c<B>r<119>R<THR> 94.387001 30.733999 61.965000
c<B>r<120>R<GLU> 92.231003 33.757999 62.806000
c<B>r<121>R<ASP> 94.893997 35.442001 64.955002
c<B>r<122>R<ALA> 97.399002 35.494999 62.085999
c<B>r<123>R<ALA> 94.708000 37.173000 60.007000
c<B>r<124>R<VAL> 95.372002 40.379002 61.919998
c<B>r<129>R<GLN> 105.204002 33.705002 64.267998
c<B>r<130>R<ASN> 103.789001 30.631001 62.509998
c<B>r<131>R<MET> 106.612000 30.926001 59.993999
c<B>r<132>R<LYS> 109.067001 30.829000 62.894001
c<B>r<133>R<ASP> 107.764999 27.815001 64.818001
c<B>r<134>R<GLY> 106.750999 26.156000 61.554001
c<B>r<135>R<LEU> 110.228996 26.239000 60.032001
c<B>r<136>R<GLN> 111.766998 24.983999 63.265999
c<B>r<137>R<ASN> 109.449997 22.024000 63.928001
c<B>r<138>R<CYS> 109.526001 20.941999 60.264000
c<B>r<139>R<LYS> 113.321999 21.153999 60.179001
c<B>r<140>R<ALA> 113.362000 19.042000 63.346001
c<B>r<141>R<THR> 110.510002 16.606001 62.813999
c<B>r<142>R<TYR> 111.195999 15.710000 59.165001
c<B>r<152>R<THR> 98.026001 29.952000 50.262001
c<B>r<153>R<CYS> 95.649002 32.729000 49.236000
c<B>r<154>R<MET> 95.042999 33.826000 52.817001
c<B>r<155>R<ALA> 98.691002 34.806999 53.282001
c<B>r<156>R<GLU> 98.638000 36.650002 49.945999
c<B>r<157>R<VAL> 95.607002 38.719002 50.949001
c<B>r<158>R<ILE> 96.932999 39.994999 54.278000
c<B>r<187>R<PRO> 98.801003 33.770000 44.306000
c<B>r<188>R<SER> 95.855003 31.386999 43.909000
c<B>r<189>R<PHE> 93.828003 34.166000 42.294998
c<B>r<190>R<VAL> 96.363998 34.493999 39.443001
c<B>r<191>R<GLY> 97.045998 32.055000 36.633999
c<B>r<192>R<SER> 96.786003 28.382999 37.580002
c<B>r<193>R<HIS> 98.713997 25.422001 38.959999
c<B>r<263>R<THR> 108.704002 4.395000 45.668999
c<B>r<264>R<PRO> 108.973999 0.570000 45.963001
c<B>r<265>R<ALA> 106.742996 -1.375000 48.339001
c<B>r<266>R<ASP> 108.762001 -3.426000 50.820000
c<B>r<267>R<GLY> 107.526001 -2.567000 54.306999
c<B>r<268>R<GLN> 109.444000 0.721000 54.581001
c<B>r<269>R<PHE> 107.981003 4.189000 54.101002
c<B>r<270>R<ARG> 110.473000 6.474000 52.348999
c<B>r<271>R<MET> 109.571999 10.148000 52.686001
c<B>r<363>R<HIS> 91.695000 9.681000 9.612000
c<B>r<364>R<GLY> 88.834999 12.161000 9.864000
c<B>r<365>R<LYS> 87.934998 11.355000 13.457000
c<B>r<366>R<ARG> 86.700996 14.455000 15.237000
c<B>r<367>R<PHE> 88.103996 15.176000 18.660000
c<B>r<387>R<GLY> 95.015999 13.109000 9.804000
c<B>r<388>R<CYS> 92.496002 13.650000 12.621000
c<B>r<389>R<GLU> 90.175003 16.638000 12.993000
c<B>r<390>R<PRO> 90.580002 18.629999 16.195000
c<B>r<391>R<VAL> 87.221001 20.402000 16.577999
c<B>r<392>R<HIS> 86.908997 21.907000 20.045000
c<B>r<393>R<ILE> 90.237999 22.802000 21.576000
c<B>r<394>R<LEU> 89.816002 24.201000 25.034000
c<B>r<399>R<ASN> 95.959999 33.181999 26.952000
c<B>r<400>R<LYS> 95.545998 35.125000 23.691000
c<B>r<403>R<LYS> 95.709000 30.858999 21.191000
c<B>r<404>R<LYS> 97.292999 32.561001 18.143999
c<B>r<406>R<VAL> 97.569000 27.198000 18.148001
c<B>r<407>R<ASP> 95.461998 28.930000 15.489000
c<B>r<408>R<ALA> 98.581001 29.173000 13.323000
c<B>r<411>R<ALA> 96.311996 26.915001 9.503000
c<B>r<412>R<ALA> 99.525002 25.054001 8.606000
c<B>r<413>R<SER> 97.428001 21.944000 7.998000
c<B>r<414>R<PRO> 94.383003 20.959999 5.909000
c<B>r<415>R<TYR> 92.995003 19.171000 8.947000
c<B>r<416>R<GLY> 92.433998 22.233000 11.126000
c<B>r<417>R<LYS> 89.626999 23.712999 9.027000
c<B>r<418>R<ASN> 86.774002 22.962000 11.406000
c<B>r<419>R<ALA> 88.727997 23.599001 14.630000
c<B>r<420>R<THR> 88.177002 26.371000 17.143000
c<B>r<421>R<VAL> 90.338997 27.250999 20.149000
c<B>r<422>R<TYR> 88.739998 28.528000 23.327000
c<B>r<423>R<ILE> 90.417000 30.021999 26.361000
c<B>r<424>R<GLY> 88.977997 30.985001 29.730000
c<B>r<425>R<LYS> 86.105003 28.551001 29.111000
c<B>r<428>R<TRP> 80.106003 23.362000 31.195999
c<B>r<433>R<LEU> 79.803001 22.193001 22.309000
c<B>r<435>R<PHE> 76.050003 18.549000 22.009001
c<B>r<436>R<THR> 75.681999 21.173000 19.275000
c<B>r<437>R<ASP> 78.737999 20.158001 17.214001
c<B>r<438>R<LYS> 79.301003 16.506001 18.086000
c<B>r<439>R<PRO> 82.858002 15.079000 17.919001
c<B>r<440>R<ASP> 83.589996 11.351000 17.834000
c<B>r<447>R<TYR> 86.194000 15.286000 34.897999
c<B>r<450>R<PHE> 80.432999 13.540000 33.544998
c<B>r<453>R<ARG> 77.166000 10.459000 31.045000
c<B>r<454>R<ASP> 75.300003 13.631000 29.996000
c<B>r<457>R<HIS> 71.436996 10.381000 28.558001
c<B>r<461>R<GLU> 73.959000 7.941000 19.128000
c<E>r<1>R<ALA> 96.371002 26.336000 1.789000
c<E>r<2>R<MET> 92.639999 25.471001 2.318000
c<E>r<3>R<ARG> 90.500999 28.464001 3.191000
c<E>r<4>R<GLN> 87.074997 28.181000 4.777000
c<E>r<10>R<LYS> 69.565002 38.953999 4.768000
c<E>r<11>R<GLY> 66.882004 36.785000 3.063000
c<E>r<12>R<GLY> 66.705002 37.285999 -0.684000
c<E>r<13>R<ILE> 69.643997 39.785999 -0.989000
c<E>r<40>R<PRO> 66.542999 26.096001 5.215000
c<E>r<41>R<LYS> 65.550003 26.966999 1.601000
c<E>r<47>R<LEU> 73.013000 26.124001 -10.273000
c<E>r<48>R<ILE> 76.169998 24.089001 -9.801000
c<E>r<49>R<LEU> 74.263000 20.760000 -10.110000
c<E>r<50>R<HIS> 71.617996 21.694000 -12.786000
c<E>r<51>R<SER> 68.834999 20.509001 -10.537000
c<E>r<52>R<LYS> 65.727997 21.186001 -8.514000
c<E>r<53>R<ALA> 66.551003 21.787001 -4.743000
c<E>r<66>R<THR> 69.767998 8.543000 11.204000
c<E>r<67>R<VAL> 73.014999 10.274000 9.986000
c<E>r<68>R<GLU> 74.864998 7.096000 11.004000
c<E>r<91>R<PRO> 63.500999 21.229000 10.971000
c<E>r<92>R<GLU> 59.959999 21.702000 9.709000
c<E>r<93>R<PRO> 58.589001 25.282000 10.276000
c<E>r<94>R<GLY> 56.757999 24.455999 13.496000
c<E>r<95>R<VAL> 59.498001 22.611000 15.338000
c<E>r<96>R<GLY> 62.687000 22.973000 17.261999
c<E>r<97>R<CYS> 65.531998 25.113001 16.089001
c<E>r<98>R<ALA> 65.621002 26.099001 12.435000
c<E>r<99>R<GLY> 69.442001 26.033001 12.383000
c<E>r<100>R<ARG> 69.907997 22.473000 13.750000
c<E>r<102>R<VAL> 73.710999 23.103001 9.983000
c<E>r<103>R<ILE> 75.238998 21.622999 13.174000
c<E>r<104>R<THR> 74.541000 17.993999 12.120000
c<E>r<105>R<ALA> 75.787003 18.743999 8.539000
c<E>r<106>R<ILE> 79.225998 20.216999 9.407000
c<E>r<107>R<ASN> 79.738998 17.450001 12.000000
c<E>r<108>R<PHE> 78.917999 14.713000 9.481000
c<E>r<109>R<LEU> 81.207001 16.191999 6.825000
c<E>r<110>R<GLU> 84.033997 16.415001 9.364000
c<E>r<111>R<GLU> 83.540001 12.790000 10.491000
c<E>r<112>R<GLU> 83.348000 11.627000 6.873000
c<E>r<113>R<GLY> 86.491997 13.461000 5.730000
c<E>r<114>R<ALA> 84.853996 15.921000 3.286000
c<E>r<115>R<TYR> 87.232002 18.667999 4.361000
c<E>r<116>R<GLU> 90.223999 16.365000 3.989000
c<E>r<117>R<ASP> 89.885002 16.230000 0.204000
c<E>r<118>R<ASP> 92.177002 18.516001 -1.895000
c<E>r<119>R<LEU> 89.958000 21.528999 -1.396000
c<E>r<120>R<ASP> 91.219002 25.016001 -1.968000
c<E>r<122>R<VAL> 84.866997 25.792999 1.381000
c<E>r<127>R<LEU> 70.932999 32.611000 6.590000
c<E>r<128>R<GLY> 71.622002 35.828999 8.488000
c<E>r<129>R<ASP> 68.250999 37.351002 9.416000
c<E>r<130>R<VAL> 68.731003 35.758999 12.832000
c<E>r<131>R<VAL> 72.327003 35.026001 13.992000
c<E>r<132>R<CYS> 71.931999 32.258999 16.622999
c<E>r<133>R<GLY> 71.596001 28.450001 16.188999
c<E>r<134>R<GLY> 73.526001 26.443001 13.695000
c<E>r<135>R<PHE> 73.339996 29.757000 11.769000
c<E>r<136>R<ALA> 75.796997 31.327000 14.254000
c<E>r<137>R<MET> 77.803001 28.099001 14.505000
c<E>r<138>R<PRO> 80.362999 28.679001 11.591000
c<E>r<139>R<ILE> 81.303001 31.780001 13.674000
c<E>r<140>R<ARG> 80.910004 30.389000 17.277000
c<E>r<141>R<GLU> 82.994003 27.326000 16.511000
c<E>r<142>R<ASN> 85.987000 28.173000 14.347000
c<E>r<143>R<LYS> 84.598999 26.813999 11.076000
c<E>r<144>R<ALA> 84.473000 29.778000 8.676000
c<E>r<145>R<GLN> 87.470001 32.112000 9.041000
c<E>r<154>R<GLU> 68.369003 49.348000 2.504000
c<E>r<155>R<MET> 67.850998 49.228001 6.242000
c<E>r<156>R<MET> 67.334999 45.446999 6.781000
c<E>r<157>R<ALA> 70.297997 44.439999 4.670000
c<E>r<159>R<TYR> 71.000999 45.914001 9.881000
c<E>r<160>R<ALA> 71.616997 42.222000 9.153000
c<E>r<162>R<ASN> 75.750000 44.921001 11.392000
c<E>r<163>R<ASN> 74.331001 42.057999 13.529000
c<E>r<164>R<ILE> 76.471001 39.432999 11.799000
c<E>r<165>R<SER> 79.390999 41.754002 12.654000
c<E>r<166>R<LYS> 78.397003 41.720001 16.356001
c<E>r<167>R<GLY> 78.491997 37.915001 16.250000
c<E>r<168>R<ILE> 82.056000 38.077999 14.783000
c<E>r<169>R<VAL> 82.963997 40.526001 17.566999
c<E>r<170>R<LYS> 81.530998 38.195999 20.274000
c<E>r<171>R<TYR> 83.727997 35.228001 19.282000
c<E>r<173>R<ASN> 88.791000 35.801998 21.240999
c<E>r<174>R<SER> 87.529999 32.250999 20.645000
c<E>r<175>R<GLY> 89.151001 31.886000 17.218000
c<E>r<176>R<SER> 90.194000 33.400002 13.925000
c<E>r<177>R<VAL> 86.753998 34.258999 12.442000
c<E>r<216>R<VAL> 71.413002 37.522999 -17.510000
c<E>r<218>R<GLN> 67.472000 35.168999 -14.680000
c<E>r<219>R<ARG> 68.223999 33.862999 -18.165001
c<E>r<220>R<ALA> 71.012001 31.714001 -16.708000
c<E>r<221>R<GLU> 68.782997 30.420000 -13.923000
c<E>r<222>R<ILE> 65.850998 29.106001 -16.020000
c<E>r<223>R<ARG> 68.502998 26.881001 -17.598000
c<E>r<224>R<ARG> 69.408997 26.148001 -13.915000
c<E>r<225>R<MET> 72.980003 27.325001 -14.020000
c<E>r<227>R<VAL> 76.097000 33.014999 -15.437000
c<E>r<228>R<ILE> 79.710999 31.688000 -15.486000
c<E>r<229>R<GLU> 78.492996 28.563000 -17.316999
c<E>r<230>R<TYR> 75.572998 30.079000 -19.254999
c<E>r<231>R<ASP> 77.303001 33.035999 -20.923000
c<E>r<232>R<PRO> 81.032997 32.952999 -19.985001
c<E>r<233>R<LYS> 81.522003 36.108002 -22.039000
c<E>r<234>R<ALA> 78.740997 38.162998 -20.400999
c<E>r<261>R<MET> 70.875999 52.205002 15.009000
c<E>r<262>R<ASP> 71.375999 55.994999 14.974000
c<E>r<274>R<MET> 66.057999 58.015999 4.190000
c<E>r<275>R<GLU> 64.942001 61.640999 4.519000
c<E>r<276>R<VAL> 66.306999 64.043999 7.062000
c<E>r<277>R<GLU> 64.667999 64.384003 10.427000
c<E>r<278>R<ASP> 64.627998 67.013000 13.194000
c<E>r<279>R<GLU> 63.402000 66.753998 16.773001
c<E>r<280>R<SER> 61.208000 69.855003 16.559999
c<E>r<281>R<ILE> 58.620998 68.279999 14.239000
c<E>r<282>R<VAL> 58.687000 64.898003 16.105000
c<E>r<283>R<GLY> 55.217999 64.054001 17.431000
c<E>r<284>R<LYS> 53.587002 66.958000 15.517000
c<E>r<285>R<THR> 50.801998 66.380997 12.950000
c<E>r<286>R<ALA> 50.743999 67.453003 9.270000
c<E>r<287>R<GLU> 48.537998 70.473000 9.948000
c<E>r<288>R<GLU> 50.647999 71.749001 12.885000
c<F>r<10>R<LYS> 59.647999 38.255001 6.295000
c<F>r<11>R<GLY> 62.025002 40.966999 7.434000
c<F>r<12>R<GLY> 61.207001 44.320999 5.844000
c<F>r<40>R<PRO> 64.672997 41.582001 17.795000
c<F>r<41>R<LYS> 64.611000 44.936001 15.898000
c<F>r<47>R<LEU> 55.263000 55.308998 15.900000
c<F>r<48>R<ILE> 52.719002 54.870998 18.701000
c<F>r<49>R<LEU> 55.063000 56.330002 21.340000
c<F>r<50>R<HIS> 56.841000 59.082001 19.237000
c<F>r<51>R<SER> 60.180000 57.616001 20.160999
c<F>r<52>R<LYS> 63.401001 55.875000 19.407000
c<F>r<53>R<ALA> 63.445000 52.054001 19.971001
c<F>r<62>R<ALA> 69.570000 42.551998 31.990000
c<F>r<64>R<ALA> 68.453003 44.833000 36.749001
c<F>r<65>R<GLY> 69.601997 41.248001 37.466999
c<F>r<66>R<THR> 66.197998 39.481998 37.016998
c<F>r<67>R<VAL> 62.707001 39.973000 35.554001
c<F>r<68>R<GLU> 61.390999 40.028000 39.144001
c<F>r<69>R<ASP> 62.521999 43.563000 39.841999
c<F>r<70>R<LEU> 60.780998 44.910999 36.757999
c<F>r<91>R<PRO> 69.838997 38.464001 22.868000
c<F>r<92>R<GLU> 73.146004 39.827000 21.556999
c<F>r<93>R<PRO> 73.627998 38.729000 17.889000
c<F>r<94>R<GLY> 75.855003 35.648998 18.365999
c<F>r<95>R<VAL> 74.431999 34.205002 21.607000
c<F>r<96>R<GLY> 71.412003 32.296001 22.737000
c<F>r<97>R<CYS> 68.221001 32.136002 20.767000
c<F>r<98>R<ALA> 67.039001 35.254002 18.909000
c<F>r<99>R<GLY> 63.459999 34.556999 20.105000
c<F>r<100>R<ARG> 64.125999 34.196999 23.926001
c<F>r<127>R<LEU> 59.682999 38.008999 12.802000
c<F>r<128>R<GLY> 58.785000 35.313000 10.302000
c<F>r<129>R<ASP> 62.085999 34.530998 8.435000
c<F>r<130>R<VAL> 62.573002 31.650000 10.783000
c<F>r<131>R<VAL> 59.612999 30.066999 12.601000
c<F>r<132>R<CYS> 61.251999 28.285999 15.572000
c<F>r<133>R<GLY> 61.883999 29.565001 19.099001
c<F>r<135>R<PHE> 59.101002 33.292999 17.332001
c<F>r<136>R<ALA> 57.074001 30.084999 17.025999
c<F>r<137>R<MET> 55.824001 30.396000 20.634001
c<F>r<139>R<ILE> 51.564999 29.628000 17.584000
c<F>r<140>R<ARG> 53.019001 26.601999 19.518999
c<F>r<154>R<GLU> 58.377998 38.243999 -4.473000
c<F>r<155>R<MET> 59.633999 34.756001 -3.604000
c<F>r<156>R<MET> 60.994999 35.224998 -0.013000
c<F>r<157>R<ALA> 57.848000 37.012001 1.131000
c<F>r<159>R<TYR> 58.025002 31.579000 1.029000
c<F>r<160>R<ALA> 57.830002 32.937000 4.552000
c<F>r<162>R<ASN> 53.903999 29.440001 3.332000
c<F>r<163>R<ASN> 56.287998 28.431000 6.140000
c<F>r<164>R<ILE> 54.279999 30.386000 8.753000
c<F>r<165>R<SER> 51.284000 28.487000 7.355000
c<F>r<166>R<LYS> 53.091999 25.163000 7.937000
c<F>r<167>R<GLY> 53.761002 26.318001 11.511000
c<F>r<168>R<ILE> 49.986000 26.834000 12.024000
c<F>r<169>R<VAL> 49.203999 23.441000 10.452000
c<F>r<170>R<LYS> 51.706001 21.719999 12.820000
c<F>r<171>R<TYR> 49.900002 22.955000 15.942000
c<F>r<218>R<GLN> 57.973000 58.007000 5.199000
c<F>r<219>R<ARG> 56.782001 61.549000 6.004000
c<F>r<220>R<ALA> 54.785000 60.248001 8.965000
c<F>r<221>R<GLU> 57.693001 58.118999 10.143000
c<F>r<222>R<ILE> 60.341000 60.910999 10.243000
c<F>r<223>R<ARG> 57.834000 62.715000 12.470000
c<F>r<224>R<ARG> 58.028000 59.331001 14.326000
c<F>r<225>R<MET> 54.330002 58.641998 14.122000
c<F>r<226>R<THR> 51.650002 56.733002 12.161000
c<F>r<227>R<VAL> 49.890999 58.015999 9.005000
c<F>r<228>R<ILE> 46.624001 57.659000 11.011000
c<F>r<229>R<GLU> 47.873001 60.384998 13.384000
c<F>r<230>R<TYR> 49.977001 62.554001 11.014000
c<F>r<231>R<ASP> 47.439999 62.997002 8.169000
c<F>r<232>R<PRO> 44.020000 61.353001 8.973000
c<F>r<233>R<LYS> 42.675999 62.806999 5.728000
c<F>r<261>R<MET> 58.000000 24.962000 -3.874000
c<F>r<262>R<ASP> 57.247002 23.941999 -7.471000
c<F>r<274>R<MET> 59.560001 34.922001 -12.535000
c<F>r<275>R<GLU> 59.943001 33.651001 -16.117001
c<F>r<276>R<VAL> 58.780998 30.423000 -17.700001
c<F>r<277>R<GLU> 61.118000 27.421000 -17.885000
c<F>r<278>R<ASP> 61.158001 24.049000 -19.646000
c<F>r<279>R<GLU> 63.442001 21.045000 -19.156000
c<F>r<280>R<SER> 64.927002 21.059999 -22.701000
c<F>r<281>R<ILE> 66.858002 24.309999 -22.066999
c<F>r<282>R<VAL> 68.128998 23.131001 -18.608000
c<F>r<283>R<GLY> 71.866997 22.604000 -18.695000
c<F>r<284>R<LYS> 72.635002 24.357000 -22.024000
c<F>r<285>R<THR> 74.733002 27.434999 -22.684000
c<F>r<286>R<ALA> 74.094002 30.798000 -24.367001
c<F>r<287>R<GLU> 75.528999 29.524000 -27.660999
c<F>r<288>R<GLU> 73.239998 26.414000 -27.721001
c<F>r<289>R<VAL> 69.628998 27.253000 -26.671000
