c<A>r<52>R<SER> 98.502998 20.700001 66.508003
c<A>r<53>R<GLN> 101.655998 22.669001 65.664001
c<A>r<54>R<PRO> 102.750999 24.257999 62.328999
c<A>r<55>R<GLY> 105.401001 22.597000 60.180000
c<A>r<56>R<LEU> 103.864998 19.177000 60.738998
c<A>r<57>R<MET> 101.984001 16.801001 58.435001
c<A>r<58>R<THR> 98.251999 16.275999 58.910000
c<A>r<59>R<ILE> 95.388000 15.606000 56.507000
c<A>r<60>R<ARG> 93.314003 17.885000 58.743000
c<A>r<61>R<GLY> 90.654999 19.865999 56.863998
c<A>r<62>R<CYS> 89.459999 23.459999 57.157001
c<A>r<63>R<ALA> 86.156998 25.112000 57.998001
c<A>r<64>R<TYR> 85.325996 25.101000 54.280998
c<A>r<65>R<ALA> 85.866997 21.374001 53.974998
c<A>r<66>R<GLY> 83.504997 20.871000 56.905998
c<A>r<77>R<ASP> 68.584999 20.245001 44.811001
c<A>r<81>R<ILE> 78.761002 28.294001 45.155998
c<A>r<82>R<SER> 82.410004 28.194000 46.179001
c<A>r<84>R<GLY> 86.625000 32.749001 46.146000
c<A>r<85>R<PRO> 89.564003 31.462000 44.026001
c<A>r<86>R<VAL> 89.262001 28.382999 41.790001
c<A>r<87>R<GLY> 91.206001 25.955999 43.984001
c<A>r<88>R<CYS> 89.018997 24.930000 46.958000
c<A>r<89>R<GLY> 86.037003 23.900999 44.837002
c<A>r<90>R<GLN> 88.125000 21.969999 42.320000
c<A>r<91>R<TYR> 89.879997 19.927000 44.995998
c<A>r<92>R<SER> 86.599998 19.194000 46.745998
c<A>r<93>R<ARG> 84.662003 18.535000 43.507999
c<A>r<94>R<ALA> 82.953003 15.169000 44.015999
c<A>r<95>R<GLY> 85.513000 14.278000 46.693001
c<A>r<99>R<TYR> 75.190002 9.155000 47.144001
c<A>r<101>R<ILE> 69.295998 10.220000 43.186001
c<A>r<102>R<GLY> 68.861000 12.836000 40.521999
c<A>r<103>R<THR> 69.611000 14.234000 37.081001
c<A>r<104>R<THR> 72.883003 16.113001 37.549000
c<A>r<105>R<GLY> 73.040001 19.576000 36.020000
c<A>r<106>R<VAL> 69.266998 19.754999 35.799999
c<A>r<107>R<ASN> 67.694000 19.150000 39.208000
c<A>r<111>R<THR> 79.092003 16.455000 41.750000
c<A>r<112>R<MET> 79.283997 19.818001 39.974998
c<A>r<113>R<ASN> 81.509003 22.731001 40.923000
c<A>r<114>R<PHE> 80.061996 26.216999 40.727001
c<A>r<115>R<THR> 82.612000 28.878000 41.598000
c<A>r<116>R<SER> 83.063004 32.643002 41.444000
c<A>r<117>R<ASP> 86.658997 31.915001 40.417000
c<A>r<118>R<PHE> 88.281998 35.018002 41.923000
c<A>r<119>R<GLN> 90.820000 36.907001 39.838001
c<A>r<120>R<GLU> 93.072998 39.702000 41.176998
c<A>r<121>R<LYS> 90.450996 42.312000 40.287998
c<A>r<122>R<ASP> 87.830002 40.705002 42.557999
c<A>r<123>R<ILE> 90.213997 40.530998 45.542999
c<A>r<124>R<VAL> 90.999001 44.235001 45.180000
c<A>r<127>R<GLY> 83.418999 40.238998 44.817001
c<A>r<129>R<LYS> 78.904999 42.877998 42.445000
c<A>r<130>R<LYS> 80.222000 39.598999 41.025002
c<A>r<131>R<LEU> 78.231003 37.502998 43.523998
c<A>r<132>R<ALA> 75.064003 39.331001 42.493000
c<A>r<133>R<LYS> 75.796997 38.729000 38.806999
c<A>r<134>R<LEU> 76.579002 35.036999 38.995998
c<A>r<135>R<ILE> 73.466003 34.397999 41.098000
c<A>r<136>R<ASP> 71.533997 35.790001 38.132999
c<A>r<137>R<GLU> 73.392998 33.553001 35.681000
c<A>r<138>R<VAL> 72.634003 30.490000 37.841999
c<A>r<140>R<THR> 68.815002 31.313999 33.951000
c<A>r<141>R<LEU> 71.195999 28.386000 33.299999
c<A>r<142>R<PHE> 69.864998 26.156000 36.075001
c<A>r<143>R<PRO> 66.193001 27.174000 36.388000
c<A>r<144>R<LEU> 65.168999 24.010000 38.266998
c<A>r<145>R<ASN> 67.397003 24.629999 41.289001
c<A>r<146>R<LYS> 65.556000 25.066999 44.605000
c<A>r<153>R<GLU> 86.628998 30.618000 50.894001
c<A>r<154>R<CYS> 89.509003 32.230999 52.825001
c<A>r<155>R<PRO> 89.703003 35.513000 50.860001
c<A>r<156>R<ILE> 86.054001 36.466000 51.415001
c<A>r<157>R<GLY> 86.442001 37.238998 55.118999
c<A>r<158>R<LEU> 89.800003 39.000000 54.783001
c<A>r<159>R<ILE> 88.933998 41.527000 52.042000
c<A>r<184>R<GLU> 86.373001 30.908001 55.516998
c<A>r<185>R<GLY> 89.045998 28.261000 55.791000
c<A>r<186>R<PHE> 91.345001 29.954000 58.320999
c<A>r<187>R<ARG> 88.565002 30.076000 60.951000
c<A>r<188>R<GLY> 89.080002 27.615999 63.790001
c<A>r<189>R<VAL> 91.547997 24.731001 63.839001
c<A>r<190>R<SER> 89.517998 22.062000 62.037998
c<A>r<191>R<GLN> 86.447998 21.080999 60.061001
c<A>r<232>R<GLY> 78.338997 4.497000 49.731998
c<A>r<233>R<GLY> 74.633003 4.544000 50.505001
c<A>r<234>R<ASP> 74.732002 4.092000 54.303001
c<A>r<236>R<TRP> 69.438004 4.329000 52.331001
c<A>r<237>R<SER> 70.703003 1.083000 53.848999
c<A>r<239>R<ARG> 66.300003 4.087000 56.139999
c<A>r<240>R<ILE> 65.121002 0.708000 54.803001
c<A>r<243>R<GLU> 60.599998 1.825000 57.660000
c<A>r<244>R<GLU> 60.217999 -1.979000 57.683998
c<A>r<248>R<ARG> 58.013000 7.131000 58.469002
c<A>r<249>R<CYS> 61.308998 8.944000 57.730000
c<A>r<250>R<VAL> 60.167999 12.400000 56.692001
c<A>r<251>R<ALA> 63.582001 14.035000 56.764999
c<A>r<252>R<GLN> 66.875999 12.558000 55.698002
c<A>r<256>R<ASP> 70.646004 12.525000 49.421001
c<A>r<257>R<GLY> 69.343002 15.583000 51.206001
c<A>r<258>R<SER> 66.636002 17.857000 49.884998
c<A>r<259>R<ILE> 66.098000 21.480000 50.869999
c<A>r<260>R<SER> 62.437000 20.604000 51.306999
c<A>r<261>R<GLU> 63.257999 17.802000 53.765999
c<A>r<262>R<ILE> 65.309998 20.209000 55.918999
c<A>r<264>R<LEU> 60.108002 19.586000 57.498001
c<A>r<330>R<LYS> 63.817001 -11.512000 58.991001
c<A>r<331>R<TYR> 67.522003 -10.615000 58.880001
c<A>r<334>R<GLU> 71.245003 -13.370000 56.595001
c<A>r<335>R<TRP> 73.876999 -12.038000 59.004002
c<A>r<336>R<GLU> 74.480003 -15.480000 60.521999
c<A>r<337>R<ALA> 75.515999 -16.825001 57.112999
c<A>r<338>R<VAL> 77.829002 -13.808000 56.858002
c<A>r<339>R<VAL> 79.483002 -14.605000 60.202000
c<A>r<340>R<ALA> 79.570999 -18.275999 59.200001
c<A>r<341>R<LYS> 81.490997 -17.443001 56.032001
c<A>r<342>R<TYR> 83.973000 -14.796000 57.223999
c<A>r<414>R<LYS> 105.561996 -0.859000 63.914001
c<A>r<427>R<GLU> 96.207001 8.967000 54.707001
c<A>r<428>R<LYS> 96.195999 5.253000 53.970001
c<A>r<429>R<PHE> 99.112000 5.619000 51.558998
c<A>r<430>R<ILE> 101.646004 6.127000 54.339001
c<A>r<431>R<PHE> 100.477997 3.005000 56.154999
c<A>r<432>R<GLN> 100.382004 0.993000 52.916000
c<A>r<433>R<LYS> 104.101997 1.629000 52.480000
c<A>r<434>R<MET> 104.458000 0.219000 55.992001
c<A>r<435>R<GLY> 102.593002 -2.947000 55.014000
c<A>r<436>R<ILE> 99.433998 -2.125000 56.964001
c<A>r<446>R<TYR> 85.345001 2.356000 47.095001
c<A>r<447>R<SER> 82.665001 -0.019000 48.383999
c<A>r<448>R<GLY> 79.714996 0.308000 50.734001
c<A>r<449>R<PRO> 77.296997 0.588000 52.272999
c<A>r<450>R<TYR> 78.807999 -0.707000 55.528000
c<A>r<453>R<PHE> 72.232002 -5.632000 57.694000
c<A>r<454>R<ASP> 72.938004 -5.468000 53.967999
c<A>r<455>R<GLY> 75.959999 -3.344000 54.800999
c<A>r<456>R<PHE> 77.458000 -5.962000 57.131001
c<A>r<457>R<ALA> 77.905998 -8.490000 54.327999
c<A>r<458>R<ILE> 79.651001 -5.858000 52.195999
c<A>r<459>R<PHE> 81.887001 -4.844000 55.133999
c<A>r<460>R<ALA> 82.607002 -8.476000 55.915001
c<A>r<461>R<ARG> 83.658997 -9.249000 52.349998
c<A>r<462>R<ASP> 85.940002 -6.211000 52.090000
c<A>r<463>R<MET> 87.569000 -6.907000 55.438000
c<A>r<464>R<ASP> 88.431000 -10.414000 54.299000
c<A>r<465>R<MET> 89.806000 -9.307000 50.941002
c<A>r<466>R<THR> 92.022003 -6.607000 52.471001
c<A>r<467>R<LEU> 93.289001 -8.568000 55.469002
c<A>r<468>R<ASN> 93.890999 -11.816000 53.573002
c<A>r<469>R<ASN> 95.068001 -10.530000 50.191002
c<A>r<470>R<PRO> 98.429001 -12.062000 49.168999
c<A>r<471>R<CYS> 99.929001 -8.659000 48.338001
c<A>r<472>R<TRP> 100.774002 -7.941000 51.973999
c<A>r<473>R<LYS> 102.811996 -11.160000 52.146000
c<A>r<474>R<LYS> 105.183998 -10.165000 49.342999
c<A>r<475>R<LEU> 106.911003 -7.105000 50.784000
c<A>r<476>R<GLN> 110.209000 -8.990000 51.266998
c<A>r<477>R<ALA> 112.128998 -10.122000 48.179001
c<A>r<478>R<PRO> 113.252998 -13.795000 48.431999
c<A>r<479>R<TRP> 116.903999 -12.818000 47.955002
c<B>r<2>R<SER> 68.550003 -8.489000 51.551998
c<B>r<3>R<GLN> 71.737999 -10.414000 50.715000
c<B>r<4>R<GLN> 72.861000 -13.882000 49.634998
c<B>r<5>R<VAL> 76.259003 -14.531000 51.230000
c<B>r<6>R<ASP> 77.362000 -16.521000 48.153000
c<B>r<7>R<LYS> 77.098000 -13.533000 45.804001
c<B>r<8>R<ILE> 77.161003 -10.311000 47.825001
c<B>r<9>R<LYS> 76.246002 -7.006000 46.172001
c<B>r<10>R<ALA> 77.778999 -3.542000 46.715000
c<B>r<11>R<SER> 75.810997 -0.270000 46.269001
c<B>r<12>R<TYR> 75.646004 -1.262000 42.615002
c<B>r<13>R<PRO> 73.528000 -3.345000 42.000999
c<B>r<14>R<LEU> 72.313004 -3.566000 45.597000
c<B>r<15>R<PHE> 70.111000 -0.477000 45.483002
c<B>r<19>R<ASP> 62.688999 -3.094000 47.942001
c<B>r<20>R<TYR> 65.153999 -0.173000 47.562000
c<B>r<22>R<ASP> 60.058998 1.382000 46.235001
c<B>r<23>R<MET> 61.625000 2.855000 49.341000
c<B>r<24>R<LEU> 63.195000 5.528000 47.139999
c<B>r<26>R<LYS> 58.314999 6.947000 48.594002
c<B>r<27>R<LYS> 61.108002 9.253000 49.750000
c<B>r<28>R<ARG> 60.872002 11.214000 46.530998
c<B>r<30>R<GLY> 56.303001 12.331000 49.575001
c<B>r<31>R<PHE> 59.046001 14.625000 50.853001
c<B>r<32>R<GLU> 61.421001 15.922000 48.180000
c<B>r<33>R<GLU> 58.826000 18.044001 46.374001
c<B>r<34>R<LYS> 60.645000 17.105000 43.195000
c<B>r<35>R<TYR> 59.794998 18.645000 39.824001
c<B>r<37>R<GLN> 59.875999 14.023000 35.487999
c<B>r<39>R<LYS> 59.723000 19.025000 33.417999
c<B>r<40>R<ILE> 63.153999 17.575001 34.171001
c<B>r<41>R<ASP> 63.390999 15.968000 30.733000
c<B>r<42>R<GLU> 62.137001 19.228001 29.247999
c<B>r<43>R<VAL> 64.875999 21.292000 30.878000
c<B>r<44>R<PHE> 67.500000 18.650999 30.075001
c<B>r<45>R<GLN> 66.543999 18.677999 26.407000
c<B>r<46>R<TRP> 66.843002 22.452999 26.561001
c<B>r<47>R<THR> 70.417000 22.305000 27.924000
c<B>r<52>R<TYR> 71.269997 27.292999 25.659000
c<B>r<53>R<GLN> 74.806000 27.372000 24.252001
c<B>r<55>R<LEU> 73.260002 31.799999 26.729000
c<B>r<56>R<ASN> 75.902000 29.551001 28.316999
c<B>r<58>R<GLN> 77.539001 34.813000 27.724001
c<B>r<59>R<ARG> 78.615997 34.071999 31.309000
c<B>r<60>R<GLU> 80.956001 36.606998 32.930000
c<B>r<61>R<ALA> 80.674004 35.931999 36.646000
c<B>r<62>R<LEU> 79.918999 32.223999 36.804001
c<B>r<63>R<THR> 82.397003 29.413000 36.327000
c<B>r<64>R<VAL> 80.984001 25.882999 36.212002
c<B>r<65>R<ASN> 83.263000 22.854000 36.258999
c<B>r<66>R<PRO> 86.622002 24.607000 35.743999
c<B>r<67>R<ALA> 89.563004 22.770000 34.213001
c<B>r<68>R<LYS> 92.375000 24.156000 36.374001
c<B>r<69>R<ALA> 93.704002 24.084999 39.938999
c<B>r<70>R<CYS> 95.316002 26.896000 41.964001
c<B>r<71>R<GLN> 98.975998 28.056000 41.967999
c<B>r<72>R<PRO> 100.303001 26.497000 45.206001
c<B>r<73>R<LEU> 99.355003 23.066000 43.823002
c<B>r<86>R<MET> 110.072998 19.521999 52.091000
c<B>r<88>R<TYR> 106.153000 24.009001 52.827999
c<B>r<89>R<VAL> 103.098000 26.186001 52.327999
c<B>r<90>R<HIS> 102.599998 29.407000 54.242001
c<B>r<91>R<GLY> 98.890999 29.665001 54.987999
c<B>r<92>R<SER> 95.771004 27.745001 56.004002
c<B>r<93>R<GLN> 95.919998 24.028000 56.793999
c<B>r<94>R<GLY> 92.889999 23.337999 54.589001
c<B>r<95>R<CYS> 94.799004 23.915001 51.345001
c<B>r<96>R<VAL> 97.481003 21.386999 52.180000
c<B>r<97>R<ALA> 94.899002 18.791000 53.146999
c<B>r<98>R<TYR> 93.525002 19.261999 49.625999
c<B>r<99>R<PHE> 96.892998 19.436001 47.792999
c<B>r<100>R<ARG> 98.065002 16.128000 49.231998
c<B>r<101>R<SER> 94.678001 14.484000 48.731998
c<B>r<102>R<TYR> 94.591003 15.645000 45.106998
c<B>r<104>R<ASN> 97.389999 10.948000 46.393002
c<B>r<105>R<ARG> 94.388000 10.247000 44.195999
c<B>r<108>R<ARG> 98.248001 6.752000 44.540001
c<B>r<109>R<GLU> 101.367996 7.474000 46.571999
c<B>r<110>R<PRO> 102.157997 9.429000 49.751999
c<B>r<111>R<VAL> 102.792000 13.118000 49.150002
c<B>r<112>R<SER> 104.986000 15.010000 51.644001
c<B>r<113>R<CYS> 103.872002 18.577000 52.334999
c<B>r<114>R<VAL> 103.508003 20.820999 55.381001
c<B>r<115>R<SER> 101.522003 23.884001 56.424000
c<B>r<116>R<ASP> 102.137001 26.406000 59.217999
c<B>r<117>R<SER> 98.412003 26.464001 59.917000
c<B>r<118>R<MET> 97.696999 30.153000 60.196999
c<B>r<119>R<THR> 94.387001 30.733999 61.965000
c<B>r<120>R<GLU> 92.231003 33.757999 62.806000
c<B>r<121>R<ASP> 94.893997 35.442001 64.955002
c<B>r<122>R<ALA> 97.399002 35.494999 62.085999
c<B>r<123>R<ALA> 94.708000 37.173000 60.007000
c<B>r<124>R<VAL> 95.372002 40.379002 61.919998
c<B>r<129>R<GLN> 105.204002 33.705002 64.267998
c<B>r<130>R<ASN> 103.789001 30.631001 62.509998
c<B>r<131>R<MET> 106.612000 30.926001 59.993999
c<B>r<132>R<LYS> 109.067001 30.829000 62.894001
c<B>r<133>R<ASP> 107.764999 27.815001 64.818001
c<B>r<134>R<GLY> 106.750999 26.156000 61.554001
c<B>r<135>R<LEU> 110.228996 26.239000 60.032001
c<B>r<136>R<GLN> 111.766998 24.983999 63.265999
c<B>r<137>R<ASN> 109.449997 22.024000 63.928001
c<B>r<138>R<CYS> 109.526001 20.941999 60.264000
c<B>r<139>R<LYS> 113.321999 21.153999 60.179001
c<B>r<140>R<ALA> 113.362000 19.042000 63.346001
c<B>r<141>R<THR> 110.510002 16.606001 62.813999
c<B>r<142>R<TYR> 111.195999 15.710000 59.165001
c<B>r<152>R<THR> 98.026001 29.952000 50.262001
c<B>r<153>R<CYS> 95.649002 32.729000 49.236000
c<B>r<154>R<MET> 95.042999 33.826000 52.817001
c<B>r<155>R<ALA> 98.691002 34.806999 53.282001
c<B>r<156>R<GLU> 98.638000 36.650002 49.945999
c<B>r<157>R<VAL> 95.607002 38.719002 50.949001
c<B>r<158>R<ILE> 96.932999 39.994999 54.278000
c<B>r<187>R<PRO> 98.801003 33.770000 44.306000
c<B>r<188>R<SER> 95.855003 31.386999 43.909000
c<B>r<189>R<PHE> 93.828003 34.166000 42.294998
c<B>r<190>R<VAL> 96.363998 34.493999 39.443001
c<B>r<191>R<GLY> 97.045998 32.055000 36.633999
c<B>r<192>R<SER> 96.786003 28.382999 37.580002
c<B>r<193>R<HIS> 98.713997 25.422001 38.959999
c<B>r<263>R<THR> 108.704002 4.395000 45.668999
c<B>r<264>R<PRO> 108.973999 0.570000 45.963001
c<B>r<265>R<ALA> 106.742996 -1.375000 48.339001
c<B>r<266>R<ASP> 108.762001 -3.426000 50.820000
c<B>r<267>R<GLY> 107.526001 -2.567000 54.306999
c<B>r<268>R<GLN> 109.444000 0.721000 54.581001
c<B>r<269>R<PHE> 107.981003 4.189000 54.101002
c<B>r<270>R<ARG> 110.473000 6.474000 52.348999
c<B>r<271>R<MET> 109.571999 10.148000 52.686001
c<B>r<342>R<ALA> 120.957001 4.852000 14.825000
c<B>r<343>R<SER> 118.617996 3.599000 17.552000
c<B>r<344>R<LEU> 116.653000 6.875000 17.768000
c<B>r<345>R<THR> 116.308998 6.874000 13.983000
c<B>r<346>R<LYS> 114.901001 3.361000 14.112000
c<B>r<347>R<GLU> 112.494003 4.311000 16.903000
c<B>r<348>R<ARG> 111.321999 7.245000 14.781000
c<B>r<349>R<GLY> 110.730003 4.756000 12.005000
c<B>r<350>R<ARG> 108.703003 2.382000 14.151000
c<B>r<351>R<LEU> 106.397003 5.262000 15.114000
c<B>r<352>R<VAL> 105.920998 6.123000 11.437000
c<B>r<353>R<ASP> 105.277000 2.453000 10.866000
c<B>r<354>R<MET> 102.489998 2.438000 13.463000
c<B>r<356>R<THR> 100.725998 4.035000 8.648000
c<B>r<357>R<ASP> 99.402000 0.784000 10.113000
c<B>r<428>R<TRP> 80.106003 23.362000 31.195999
c<B>r<447>R<TYR> 86.194000 15.286000 34.897999
c<B>r<450>R<PHE> 80.432999 13.540000 33.544998
c<B>r<453>R<ARG> 77.166000 10.459000 31.045000
c<B>r<454>R<ASP> 75.300003 13.631000 29.996000
c<B>r<457>R<HIS> 71.436996 10.381000 28.558001
c<B>r<465>R<PRO> 83.221001 8.581000 24.659000
c<B>r<466>R<LEU> 86.093002 9.884000 26.752001
c<B>r<467>R<ILE> 89.761002 8.932000 26.298000
c<B>r<468>R<ARG> 91.592003 9.677000 29.540001
c<B>r<469>R<ILE> 94.775002 11.649000 28.844000
c<B>r<475>R<ASP> 88.992996 6.707000 37.890999
c<B>r<476>R<ARG> 91.671997 4.502000 36.390999
c<B>r<477>R<HIS> 94.764999 3.028000 37.987000
c<B>r<478>R<HIS> 98.399002 3.345000 36.931000
c<B>r<479>R<LEU> 97.857002 5.546000 33.914001
c<B>r<480>R<HIS> 100.217003 8.020000 35.529999
c<B>r<481>R<ARG> 103.107002 5.706000 34.549000
c<B>r<482>R<SER> 102.321999 6.383000 30.910000
c<B>r<491>R<MET> 103.332001 5.468000 20.225000
c<B>r<492>R<GLN> 101.425003 5.072000 23.479000
c<B>r<493>R<ILE> 98.969002 7.844000 22.575001
c<B>r<494>R<LEU> 98.422997 6.468000 19.069000
c<B>r<495>R<THR> 97.686996 3.028000 20.506001
c<B>r<496>R<THR> 95.154999 4.378000 22.990000
c<B>r<497>R<LEU> 93.389999 6.306000 20.215000
c<B>r<498>R<VAL> 93.180000 3.524000 17.632999
c<B>r<499>R<ASN> 92.032997 0.880000 20.106001
c<B>r<500>R<SER> 89.405998 3.242000 21.489000
c<B>r<501>R<ILE> 88.013000 3.757000 17.961000
c<B>r<502>R<LEU> 88.115997 -0.018000 17.605000
c<B>r<503>R<GLU> 86.511002 -0.873000 20.955999
c<B>r<504>R<ARG> 83.746002 1.612000 20.313999
c<B>r<505>R<LEU> 83.161003 0.128000 16.854000
c<B>r<506>R<ASP> 83.068001 -3.348000 18.358999
c<B>r<507>R<GLU> 80.525002 -2.187000 20.908001
c<B>r<509>R<THR> 78.383003 -3.870000 16.110001
c<B>r<510>R<ARG> 77.852997 -6.490000 18.804001
c<B>r<511>R<GLY> 74.053001 -6.808000 18.395000
c<B>r<512>R<MET> 73.081001 -10.246000 17.063000
c<B>r<513>R<GLN> 71.330002 -10.302000 13.672000
c<B>r<516>R<ASP> 76.855003 -7.689000 13.957000
c<B>r<519>R<HIS> 81.559998 -7.320000 13.792000
c<B>r<520>R<ASP> 84.763000 -8.262000 11.950000
c<B>r<521>R<LEU> 87.401001 -10.540000 13.462000
c<B>r<522>R<VAL> 90.069000 -8.647000 11.559000
c<B>r<523>R<ARG> 90.387001 -4.869000 11.837000
c<E>r<10>R<LYS> 105.346001 -26.275999 19.641001
c<E>r<11>R<GLY> 106.910004 -23.277000 21.473000
c<E>r<12>R<GLY> 110.213997 -24.087999 23.134001
c<E>r<13>R<ILE> 110.487000 -27.754999 21.929001
c<E>r<40>R<PRO> 107.834999 -13.752000 16.238001
c<E>r<41>R<LYS> 110.717003 -14.441000 18.691000
c<E>r<47>R<LEU> 123.759003 -19.056999 16.237000
c<E>r<48>R<ILE> 124.636002 -18.886000 12.558000
c<E>r<49>R<LEU> 125.408997 -15.121000 12.752000
c<E>r<50>R<HIS> 127.013000 -14.899000 16.274000
c<E>r<51>R<SER> 124.598999 -12.181000 17.268999
c<E>r<52>R<LYS> 121.794998 -10.907000 19.441999
c<E>r<53>R<ALA> 118.311996 -11.361000 17.733000
c<E>r<58>R<MET> 109.349998 -5.839000 9.894000
c<E>r<59>R<GLU> 111.789001 -3.604000 11.875000
c<E>r<60>R<MET> 113.819000 -2.548000 8.849000
c<E>r<61>R<ALA> 110.724998 -1.786000 6.778000
c<E>r<62>R<ALA> 109.445999 0.361000 9.694000
c<E>r<63>R<GLU> 112.711998 2.304000 9.872000
c<E>r<64>R<ALA> 112.870003 2.766000 6.076000
c<E>r<65>R<GLY> 109.183998 3.503000 5.325000
c<E>r<66>R<THR> 107.958000 0.265000 3.672000
c<E>r<91>R<PRO> 103.132004 -7.327000 14.595000
c<E>r<92>R<GLU> 103.338997 -6.076000 18.165001
c<E>r<93>R<PRO> 101.482002 -8.342000 20.701000
c<E>r<94>R<GLY> 98.287003 -6.293000 20.737000
c<E>r<95>R<VAL> 97.737999 -5.896000 17.017000
c<E>r<96>R<GLY> 96.597000 -7.593000 13.883000
c<E>r<97>R<CYS> 97.757004 -11.017000 12.893000
c<E>r<98>R<ALA> 100.900002 -12.364000 14.517000
c<E>r<99>R<GLY> 101.865997 -14.273000 11.349000
c<E>r<127>R<LEU> 105.757004 -21.360001 15.050000
c<E>r<128>R<GLY> 103.249001 -24.204000 15.266000
c<E>r<129>R<ASP> 101.164001 -23.652000 18.410999
c<E>r<130>R<VAL> 98.545998 -22.112000 16.128000
c<E>r<131>R<VAL> 98.519997 -23.184000 12.431000
c<E>r<132>R<CYS> 96.757004 -20.298000 10.615000
c<E>r<133>R<GLY> 98.153999 -16.945999 9.341000
c<E>r<135>R<PHE> 102.307999 -19.511000 10.006000
c<E>r<136>R<ALA> 100.134003 -21.787001 7.822000
c<E>r<137>R<MET> 101.280998 -20.042999 4.638000
c<E>r<139>R<ILE> 101.843002 -25.066999 3.677000
c<E>r<140>R<ARG> 98.789001 -23.226999 2.141000
c<E>r<154>R<GLU> 104.248001 -34.778999 26.051001
c<E>r<155>R<MET> 100.682999 -33.937000 25.139000
c<E>r<156>R<MET> 101.123001 -30.393000 23.690001
c<E>r<157>R<ALA> 104.067001 -31.325001 21.520000
c<E>r<159>R<TYR> 98.970001 -32.273998 19.804001
c<E>r<160>R<ALA> 100.831001 -29.546000 17.896999
c<E>r<162>R<ASN> 98.962997 -33.672001 14.920000
c<E>r<163>R<ASN> 97.445000 -30.243000 14.077000
c<E>r<164>R<ILE> 100.296997 -29.330000 11.732000
c<E>r<165>R<SER> 99.536003 -32.688000 10.064000
c<E>r<166>R<LYS> 95.867996 -31.680000 9.595000
c<E>r<167>R<GLY> 97.057999 -28.510000 7.853000
c<E>r<168>R<ILE> 99.217003 -30.662001 5.488000
c<E>r<169>R<VAL> 96.153000 -32.852001 4.874000
c<E>r<170>R<LYS> 93.952003 -29.795000 4.085000
c<E>r<171>R<TYR> 96.225998 -28.525999 1.285000
c<E>r<216>R<VAL> 126.908997 -28.837999 25.141001
c<E>r<218>R<GLN> 124.010002 -24.459999 26.371000
c<E>r<219>R<ARG> 127.796997 -24.177999 26.365000
c<E>r<220>R<ALA> 127.702003 -23.597000 22.601000
c<E>r<221>R<GLU> 124.949997 -21.003000 22.905001
c<E>r<222>R<ILE> 126.580002 -18.650999 25.461000
c<E>r<223>R<ARG> 129.298004 -18.319000 22.820000
c<E>r<224>R<ARG> 126.291000 -17.694000 20.476999
c<E>r<225>R<MET> 126.899002 -20.535999 18.090000
c<E>r<227>R<VAL> 127.350998 -27.146000 18.545000
c<E>r<228>R<ILE> 128.621002 -27.877001 14.985000
c<E>r<229>R<GLU> 130.917007 -24.832001 15.225000
c<E>r<230>R<TYR> 131.604996 -24.868999 18.981001
c<E>r<231>R<ASP> 132.733002 -28.478001 19.447001
c<E>r<232>R<PRO> 132.761993 -30.200001 16.006001
c<E>r<233>R<LYS> 133.901001 -33.390999 17.719000
c<E>r<234>R<ALA> 131.143997 -33.502998 20.370001
c<E>r<261>R<MET> 92.402000 -36.902000 20.954000
c<E>r<262>R<ASP> 91.486000 -40.381001 22.247000
c<E>r<274>R<MET> 99.696999 -40.743000 31.252001
c<E>r<275>R<GLU> 98.109001 -43.208000 33.680000
c<E>r<276>R<VAL> 95.389999 -45.625999 32.750999
c<E>r<277>R<GLU> 91.778000 -44.646999 33.098999
c<E>r<278>R<ASP> 88.455002 -46.507999 33.354000
c<E>r<279>R<GLU> 84.908997 -45.205002 33.019001
c<E>r<280>R<SER> 83.719002 -46.742001 36.290001
c<E>r<281>R<ILE> 85.710999 -44.373001 38.521000
c<E>r<282>R<VAL> 84.942001 -41.297001 36.313999
c<E>r<283>R<GLY> 83.127998 -38.634998 38.345001
c<E>r<284>R<LYS> 83.709000 -40.508999 41.647999
c<E>r<285>R<THR> 85.603996 -38.918999 44.574001
c<E>r<286>R<ALA> 88.711998 -40.265999 46.367001
c<E>r<287>R<GLU> 86.711998 -41.615002 49.305000
c<E>r<288>R<GLU> 84.117996 -43.407001 47.120998
c<F>r<1>R<ALA> 79.056000 -7.656000 41.396999
c<F>r<2>R<MET> 80.370003 -9.484000 38.303001
c<F>r<10>R<LYS> 101.787003 -20.408001 26.993000
c<F>r<11>R<GLY> 100.524002 -23.785000 25.850000
c<F>r<12>R<GLY> 100.867996 -26.416000 28.570000
c<F>r<26>R<LEU> 85.017998 -20.327000 44.115002
c<F>r<27>R<ALA> 81.832001 -22.370001 43.681000
c<F>r<28>R<GLU> 82.805000 -24.136000 46.946999
c<F>r<29>R<MET> 82.776001 -20.702000 48.610001
c<F>r<30>R<GLY> 79.399002 -19.688999 47.173000
c<F>r<31>R<LYS> 80.424004 -17.790001 44.021000
c<F>r<32>R<LYS> 78.352997 -18.143999 40.860001
c<F>r<40>R<PRO> 91.335999 -24.348000 20.372000
c<F>r<41>R<LYS> 92.142998 -27.406000 22.575001
c<F>r<47>R<LEU> 87.023003 -31.424999 34.928001
c<F>r<48>R<ILE> 83.941002 -29.393999 35.868999
c<F>r<49>R<LEU> 81.627998 -31.499001 33.676998
c<F>r<50>R<HIS> 83.228996 -35.014999 34.162998
c<F>r<51>R<SER> 83.568001 -35.363998 30.431999
c<F>r<52>R<LYS> 85.517998 -35.631001 27.253000
c<F>r<53>R<ALA> 86.077003 -32.337002 25.316000
c<F>r<67>R<VAL> 74.804001 -19.718000 15.166000
c<F>r<68>R<GLU> 71.139000 -18.635000 15.042000
c<F>r<91>R<PRO> 88.709999 -23.702000 12.967000
c<F>r<92>R<GLU> 90.324997 -26.721001 11.296000
c<F>r<93>R<PRO> 94.160004 -26.500999 11.670000
c<F>r<94>R<GLY> 95.106003 -24.965000 8.291000
c<F>r<95>R<VAL> 92.162003 -22.599001 7.705000
c<F>r<96>R<GLY> 90.936996 -19.285999 8.958000
c<F>r<97>R<CYS> 92.063004 -17.764999 12.200000
c<F>r<98>R<ALA> 92.636002 -20.044001 15.208000
c<F>r<99>R<GLY> 90.876999 -17.466000 17.441000
c<F>r<100>R<ARG> 87.580002 -17.017000 15.416000
c<F>r<101>R<GLY> 85.649002 -19.197001 17.820000
c<F>r<102>R<VAL> 86.359001 -16.766001 20.701000
c<F>r<103>R<ILE> 84.742996 -13.918000 18.750000
c<F>r<104>R<THR> 81.608002 -15.834000 17.775000
c<F>r<106>R<ILE> 81.442001 -14.260000 23.298000
c<F>r<107>R<ASN> 79.043999 -12.467000 20.909000
c<F>r<108>R<PHE> 76.644997 -15.410000 21.117001
c<F>r<110>R<GLU> 76.160004 -11.719000 25.086000
c<F>r<111>R<GLU> 73.125999 -11.866000 22.791000
c<F>r<112>R<GLU> 71.787003 -14.912000 24.622000
c<F>r<118>R<ASP> 73.791000 -13.138000 38.918999
c<F>r<119>R<LEU> 77.339996 -14.347000 38.188000
c<F>r<120>R<ASP> 80.014000 -13.201000 40.595001
c<F>r<121>R<PHE> 82.805000 -14.201000 38.175999
c<F>r<127>R<LEU> 95.810997 -19.391001 24.615000
c<F>r<128>R<GLY> 98.682999 -16.959000 25.013000
c<F>r<129>R<ASP> 101.417000 -18.223000 22.579000
c<F>r<130>R<VAL> 100.156998 -15.727000 20.082001
c<F>r<131>R<VAL> 98.214996 -12.636000 21.194000
c<F>r<132>R<CYS> 96.337997 -11.585000 18.021999
c<F>r<133>R<GLY> 92.845001 -12.547000 16.858000
c<F>r<134>R<GLY> 90.002998 -13.849000 18.900999
c<F>r<135>R<PHE> 92.785004 -14.512000 21.430000
c<F>r<136>R<ALA> 93.495003 -10.787000 21.775999
c<F>r<137>R<MET> 89.757004 -9.953000 21.705999
c<F>r<139>R<ILE> 91.806000 -7.506000 25.930000
c<F>r<140>R<ARG> 91.199997 -5.435000 22.711000
c<F>r<141>R<GLU> 87.491997 -5.107000 23.407000
c<F>r<142>R<ASN> 87.000999 -4.508000 27.134001
c<F>r<154>R<GLU> 111.509003 -21.115999 31.742001
c<F>r<155>R<MET> 111.975998 -18.687000 28.847000
c<F>r<156>R<MET> 108.823997 -19.326000 26.698000
c<F>r<157>R<ALA> 106.516998 -19.087000 29.701000
c<F>r<159>R<TYR> 108.180000 -14.575000 27.163000
c<F>r<160>R<ALA> 104.475998 -15.182000 26.719000
c<F>r<162>R<ASN> 105.669998 -10.354000 28.816999
c<F>r<163>R<ASN> 103.902000 -10.363000 25.431999
c<F>r<164>R<ILE> 100.448997 -10.662000 27.063999
c<F>r<165>R<SER> 101.578003 -7.692000 29.171000
c<F>r<166>R<LYS> 102.396004 -5.721000 25.993000
c<F>r<167>R<GLY> 98.903999 -6.591000 24.726000
c<F>r<168>R<ILE> 97.393997 -5.030000 27.898001
c<F>r<169>R<VAL> 99.625999 -1.947000 27.570000
c<F>r<170>R<LYS> 98.496002 -1.466000 23.920000
c<F>r<171>R<TYR> 94.819000 -1.193000 24.889000
c<F>r<172>R<ALA> 95.181000 0.679000 28.191999
c<F>r<173>R<ASN> 93.546997 3.965000 26.969000
c<F>r<174>R<SER> 90.653000 2.029000 25.408001
c<F>r<175>R<GLY> 89.172997 0.334000 28.486000
c<F>r<176>R<SER> 89.704002 -0.974000 31.973000
c<F>r<178>R<ARG> 94.676003 -4.447000 33.605000
c<F>r<181>R<GLY> 99.067001 -10.868000 38.713001
c<F>r<191>R<ARG> 114.639999 -20.676001 42.549000
c<F>r<193>R<ASP> 109.411003 -18.849001 42.945999
c<F>r<194>R<GLU> 111.942001 -16.039000 43.368999
c<F>r<195>R<LEU> 112.390999 -15.661000 39.599998
c<F>r<197>R<ILE> 108.552002 -12.774000 42.000000
c<F>r<198>R<ALA> 111.345001 -10.760000 40.379002
c<F>r<201>R<ASN> 108.160004 -6.755000 40.316002
c<F>r<204>R<GLY> 104.790001 -3.840000 38.319000
c<F>r<205>R<THR> 102.490997 -6.674000 39.423000
c<F>r<206>R<GLN> 102.686996 -9.611000 41.902000
c<F>r<207>R<MET> 103.140999 -13.381000 42.006001
c<F>r<208>R<ILE> 99.650002 -13.867000 43.523998
c<F>r<209>R<HIS> 100.358002 -17.601999 44.138000
c<F>r<218>R<GLN> 96.858002 -36.465000 37.577999
c<F>r<219>R<ARG> 94.832001 -38.761002 39.867001
c<F>r<220>R<ALA> 91.973000 -36.256001 39.916000
c<F>r<221>R<GLU> 92.161003 -35.789001 36.158001
c<F>r<222>R<ILE> 91.905998 -39.502998 35.183998
c<F>r<223>R<ARG> 88.736000 -39.469002 37.292999
c<F>r<224>R<ARG> 88.007004 -36.458000 34.983002
c<F>r<225>R<MET> 87.519997 -34.004002 37.799999
c<F>r<226>R<THR> 89.250000 -31.257999 39.834999
c<F>r<227>R<VAL> 91.411003 -31.848000 42.946999
c<F>r<228>R<ILE> 88.875999 -29.615999 44.793999
c<F>r<229>R<GLU> 86.195999 -32.270000 44.164001
c<F>r<230>R<TYR> 88.286003 -35.491001 44.210999
c<F>r<231>R<ASP> 90.210999 -34.928001 47.484001
c<F>r<232>R<PRO> 89.120003 -31.677999 49.297001
c<F>r<233>R<LYS> 91.413002 -32.637001 52.173000
c<F>r<242>R<ALA> 94.484001 -19.947001 48.785999
c<F>r<243>R<LEU> 94.772003 -18.757999 45.134998
c<F>r<245>R<ARG> 91.010002 -16.228001 48.248001
c<F>r<246>R<LYS> 93.737000 -14.000000 46.908001
c<F>r<247>R<VAL> 91.890999 -13.497000 43.556999
c<F>r<248>R<VAL> 88.602997 -12.536000 45.340000
c<F>r<249>R<ASP> 90.575996 -10.130000 47.493000
c<F>r<250>R<ASN> 92.977997 -8.836000 44.807999
c<F>r<251>R<LYS> 92.847000 -5.165000 44.331001
c<F>r<252>R<LEU> 96.191002 -4.737000 42.501999
c<F>r<253>R<LEU> 95.164001 -4.157000 38.872002
c<F>r<254>R<VAL> 98.050003 -2.425000 37.000999
c<F>r<255>R<ILE> 99.183998 -1.247000 33.509998
c<F>r<256>R<PRO> 102.362000 -3.486000 33.323002
c<F>r<257>R<ASN> 105.866997 -2.414000 32.333000
c<F>r<261>R<MET> 114.597000 -9.565000 25.914000
c<F>r<262>R<ASP> 118.053001 -8.770000 27.318001
c<F>r<271>R<PHE> 118.384003 -17.122000 39.201000
c<F>r<274>R<MET> 120.221001 -19.924000 32.056000
c<F>r<275>R<GLU> 124.000999 -19.495001 32.403999
c<F>r<276>R<VAL> 126.107002 -16.360001 32.466000
c<F>r<277>R<GLU> 127.674004 -15.031000 29.259001
c<F>r<278>R<ASP> 130.270004 -12.411000 28.325001
c<F>r<279>R<GLU> 131.197006 -10.968000 24.927999
c<F>r<280>R<SER> 134.839996 -12.192000 24.929001
c<F>r<281>R<ILE> 133.791000 -15.861000 24.568001
c<F>r<282>R<VAL> 131.203995 -15.072000 21.801001
c<F>r<283>R<GLY> 132.313004 -16.551001 18.509001
c<F>r<284>R<LYS> 135.098007 -18.855000 19.802999
c<F>r<285>R<THR> 135.341003 -22.628000 19.672001
c<F>r<286>R<ALA> 135.811005 -25.371000 22.282000
c<F>r<287>R<GLU> 139.570999 -25.443001 21.660999
c<F>r<288>R<GLU> 139.962997 -21.636000 22.183001
c<F>r<289>R<VAL> 137.899002 -20.365000 25.177999
