c<A>r<49>R<ASN> 93.116997 22.639999 73.069000
c<A>r<50>R<LYS> 94.877998 20.246000 70.661003
c<A>r<51>R<LYS> 98.431000 21.537001 70.251999
c<A>r<52>R<SER> 98.502998 20.700001 66.508003
c<A>r<53>R<GLN> 101.655998 22.669001 65.664001
c<A>r<54>R<PRO> 102.750999 24.257999 62.328999
c<A>r<55>R<GLY> 105.401001 22.597000 60.180000
c<A>r<56>R<LEU> 103.864998 19.177000 60.738998
c<A>r<57>R<MET> 101.984001 16.801001 58.435001
c<A>r<58>R<THR> 98.251999 16.275999 58.910000
c<A>r<59>R<ILE> 95.388000 15.606000 56.507000
c<A>r<60>R<ARG> 93.314003 17.885000 58.743000
c<A>r<61>R<GLY> 90.654999 19.865999 56.863998
c<A>r<62>R<CYS> 89.459999 23.459999 57.157001
c<A>r<63>R<ALA> 86.156998 25.112000 57.998001
c<A>r<64>R<TYR> 85.325996 25.101000 54.280998
c<A>r<65>R<ALA> 85.866997 21.374001 53.974998
c<A>r<66>R<GLY> 83.504997 20.871000 56.905998
c<A>r<77>R<ASP> 68.584999 20.245001 44.811001
c<A>r<81>R<ILE> 78.761002 28.294001 45.155998
c<A>r<82>R<SER> 82.410004 28.194000 46.179001
c<A>r<84>R<GLY> 86.625000 32.749001 46.146000
c<A>r<85>R<PRO> 89.564003 31.462000 44.026001
c<A>r<86>R<VAL> 89.262001 28.382999 41.790001
c<A>r<87>R<GLY> 91.206001 25.955999 43.984001
c<A>r<88>R<CYS> 89.018997 24.930000 46.958000
c<A>r<89>R<GLY> 86.037003 23.900999 44.837002
c<A>r<90>R<GLN> 88.125000 21.969999 42.320000
c<A>r<91>R<TYR> 89.879997 19.927000 44.995998
c<A>r<92>R<SER> 86.599998 19.194000 46.745998
c<A>r<93>R<ARG> 84.662003 18.535000 43.507999
c<A>r<94>R<ALA> 82.953003 15.169000 44.015999
c<A>r<95>R<GLY> 85.513000 14.278000 46.693001
c<A>r<99>R<TYR> 75.190002 9.155000 47.144001
c<A>r<101>R<ILE> 69.295998 10.220000 43.186001
c<A>r<102>R<GLY> 68.861000 12.836000 40.521999
c<A>r<103>R<THR> 69.611000 14.234000 37.081001
c<A>r<104>R<THR> 72.883003 16.113001 37.549000
c<A>r<105>R<GLY> 73.040001 19.576000 36.020000
c<A>r<106>R<VAL> 69.266998 19.754999 35.799999
c<A>r<107>R<ASN> 67.694000 19.150000 39.208000
c<A>r<111>R<THR> 79.092003 16.455000 41.750000
c<A>r<112>R<MET> 79.283997 19.818001 39.974998
c<A>r<113>R<ASN> 81.509003 22.731001 40.923000
c<A>r<114>R<PHE> 80.061996 26.216999 40.727001
c<A>r<115>R<THR> 82.612000 28.878000 41.598000
c<A>r<116>R<SER> 83.063004 32.643002 41.444000
c<A>r<117>R<ASP> 86.658997 31.915001 40.417000
c<A>r<118>R<PHE> 88.281998 35.018002 41.923000
c<A>r<119>R<GLN> 90.820000 36.907001 39.838001
c<A>r<120>R<GLU> 93.072998 39.702000 41.176998
c<A>r<121>R<LYS> 90.450996 42.312000 40.287998
c<A>r<122>R<ASP> 87.830002 40.705002 42.557999
c<A>r<123>R<ILE> 90.213997 40.530998 45.542999
c<A>r<124>R<VAL> 90.999001 44.235001 45.180000
c<A>r<125>R<PHE> 87.539001 45.616001 44.408001
c<A>r<126>R<GLY> 85.497002 43.036999 46.287998
c<A>r<127>R<GLY> 83.418999 40.238998 44.817001
c<A>r<129>R<LYS> 78.904999 42.877998 42.445000
c<A>r<130>R<LYS> 80.222000 39.598999 41.025002
c<A>r<131>R<LEU> 78.231003 37.502998 43.523998
c<A>r<132>R<ALA> 75.064003 39.331001 42.493000
c<A>r<133>R<LYS> 75.796997 38.729000 38.806999
c<A>r<134>R<LEU> 76.579002 35.036999 38.995998
c<A>r<135>R<ILE> 73.466003 34.397999 41.098000
c<A>r<136>R<ASP> 71.533997 35.790001 38.132999
c<A>r<137>R<GLU> 73.392998 33.553001 35.681000
c<A>r<138>R<VAL> 72.634003 30.490000 37.841999
c<A>r<140>R<THR> 68.815002 31.313999 33.951000
c<A>r<141>R<LEU> 71.195999 28.386000 33.299999
c<A>r<142>R<PHE> 69.864998 26.156000 36.075001
c<A>r<143>R<PRO> 66.193001 27.174000 36.388000
c<A>r<144>R<LEU> 65.168999 24.010000 38.266998
c<A>r<145>R<ASN> 67.397003 24.629999 41.289001
c<A>r<146>R<LYS> 65.556000 25.066999 44.605000
c<A>r<153>R<GLU> 86.628998 30.618000 50.894001
c<A>r<154>R<CYS> 89.509003 32.230999 52.825001
c<A>r<155>R<PRO> 89.703003 35.513000 50.860001
c<A>r<156>R<ILE> 86.054001 36.466000 51.415001
c<A>r<157>R<GLY> 86.442001 37.238998 55.118999
c<A>r<158>R<LEU> 89.800003 39.000000 54.783001
c<A>r<159>R<ILE> 88.933998 41.527000 52.042000
c<A>r<160>R<GLY> 85.786003 42.271999 54.039001
c<A>r<161>R<ASP> 82.970001 41.580002 51.558998
c<A>r<162>R<ASP> 79.376999 41.277000 52.825001
c<A>r<163>R<ILE> 77.643997 38.251999 51.292000
c<A>r<164>R<GLU> 74.782997 38.472000 53.808998
c<A>r<165>R<SER> 73.328003 41.560001 52.119999
c<A>r<180>R<PRO> 75.449997 32.852001 53.064999
c<A>r<181>R<VAL> 77.981003 30.782000 54.957001
c<A>r<182>R<ARG> 81.011002 32.397999 56.605000
c<A>r<183>R<CYS> 83.087997 29.231001 56.535999
c<A>r<184>R<GLU> 86.373001 30.908001 55.516998
c<A>r<185>R<GLY> 89.045998 28.261000 55.791000
c<A>r<186>R<PHE> 91.345001 29.954000 58.320999
c<A>r<187>R<ARG> 88.565002 30.076000 60.951000
c<A>r<188>R<GLY> 89.080002 27.615999 63.790001
c<A>r<189>R<VAL> 91.547997 24.731001 63.839001
c<A>r<190>R<SER> 89.517998 22.062000 62.037998
c<A>r<191>R<GLN> 86.447998 21.080999 60.061001
c<A>r<197>R<ILE> 78.984001 27.400000 61.228001
c<A>r<199>R<ASN> 74.614998 24.237000 61.125000
c<A>r<200>R<ASP> 73.828003 27.792000 62.236000
c<A>r<201>R<ALA> 73.319000 28.774000 58.622002
c<A>r<203>R<ARG> 69.096001 27.111000 61.401001
c<A>r<204>R<ASP> 68.962997 30.813000 60.492001
c<A>r<205>R<TRP> 68.037003 30.591000 56.817001
c<A>r<232>R<GLY> 78.338997 4.497000 49.731998
c<A>r<233>R<GLY> 74.633003 4.544000 50.505001
c<A>r<234>R<ASP> 74.732002 4.092000 54.303001
c<A>r<236>R<TRP> 69.438004 4.329000 52.331001
c<A>r<237>R<SER> 70.703003 1.083000 53.848999
c<A>r<239>R<ARG> 66.300003 4.087000 56.139999
c<A>r<240>R<ILE> 65.121002 0.708000 54.803001
c<A>r<243>R<GLU> 60.599998 1.825000 57.660000
c<A>r<244>R<GLU> 60.217999 -1.979000 57.683998
c<A>r<248>R<ARG> 58.013000 7.131000 58.469002
c<A>r<249>R<CYS> 61.308998 8.944000 57.730000
c<A>r<250>R<VAL> 60.167999 12.400000 56.692001
c<A>r<251>R<ALA> 63.582001 14.035000 56.764999
c<A>r<252>R<GLN> 66.875999 12.558000 55.698002
c<A>r<256>R<ASP> 70.646004 12.525000 49.421001
c<A>r<257>R<GLY> 69.343002 15.583000 51.206001
c<A>r<258>R<SER> 66.636002 17.857000 49.884998
c<A>r<259>R<ILE> 66.098000 21.480000 50.869999
c<A>r<260>R<SER> 62.437000 20.604000 51.306999
c<A>r<261>R<GLU> 63.257999 17.802000 53.765999
c<A>r<262>R<ILE> 65.309998 20.209000 55.918999
c<A>r<264>R<LEU> 60.108002 19.586000 57.498001
c<A>r<281>R<TYR> 74.436996 21.618000 67.358002
c<A>r<282>R<ILE> 71.250999 21.787001 65.307999
c<A>r<284>R<ARG> 69.962997 20.552999 70.668999
c<A>r<285>R<HIS> 68.382004 23.666000 69.169998
c<A>r<286>R<MET> 65.407997 21.840000 67.641998
c<A>r<287>R<GLU> 64.588997 20.506001 71.097000
c<A>r<288>R<GLU> 64.219002 23.980000 72.633003
c<A>r<289>R<LYS> 62.419998 25.851999 69.888000
c<A>r<290>R<TYR> 60.282001 22.826000 69.017998
c<A>r<291>R<GLY> 60.669998 20.368000 71.885002
c<A>r<293>R<PRO> 63.915001 14.943000 71.345001
c<A>r<294>R<TRP> 66.914001 13.312000 69.682999
c<A>r<330>R<LYS> 63.817001 -11.512000 58.991001
c<A>r<331>R<TYR> 67.522003 -10.615000 58.880001
c<A>r<334>R<GLU> 71.245003 -13.370000 56.595001
c<A>r<335>R<TRP> 73.876999 -12.038000 59.004002
c<A>r<336>R<GLU> 74.480003 -15.480000 60.521999
c<A>r<337>R<ALA> 75.515999 -16.825001 57.112999
c<A>r<338>R<VAL> 77.829002 -13.808000 56.858002
c<A>r<339>R<VAL> 79.483002 -14.605000 60.202000
c<A>r<340>R<ALA> 79.570999 -18.275999 59.200001
c<A>r<341>R<LYS> 81.490997 -17.443001 56.032001
c<A>r<342>R<TYR> 83.973000 -14.796000 57.223999
c<A>r<414>R<LYS> 105.561996 -0.859000 63.914001
c<A>r<427>R<GLU> 96.207001 8.967000 54.707001
c<A>r<428>R<LYS> 96.195999 5.253000 53.970001
c<A>r<429>R<PHE> 99.112000 5.619000 51.558998
c<A>r<430>R<ILE> 101.646004 6.127000 54.339001
c<A>r<431>R<PHE> 100.477997 3.005000 56.154999
c<A>r<432>R<GLN> 100.382004 0.993000 52.916000
c<A>r<433>R<LYS> 104.101997 1.629000 52.480000
c<A>r<434>R<MET> 104.458000 0.219000 55.992001
c<A>r<435>R<GLY> 102.593002 -2.947000 55.014000
c<A>r<436>R<ILE> 99.433998 -2.125000 56.964001
c<A>r<446>R<TYR> 85.345001 2.356000 47.095001
c<A>r<447>R<SER> 82.665001 -0.019000 48.383999
c<A>r<448>R<GLY> 79.714996 0.308000 50.734001
c<A>r<449>R<PRO> 77.296997 0.588000 52.272999
c<A>r<450>R<TYR> 78.807999 -0.707000 55.528000
c<A>r<453>R<PHE> 72.232002 -5.632000 57.694000
c<A>r<454>R<ASP> 72.938004 -5.468000 53.967999
c<A>r<455>R<GLY> 75.959999 -3.344000 54.800999
c<A>r<456>R<PHE> 77.458000 -5.962000 57.131001
c<A>r<457>R<ALA> 77.905998 -8.490000 54.327999
c<A>r<458>R<ILE> 79.651001 -5.858000 52.195999
c<A>r<459>R<PHE> 81.887001 -4.844000 55.133999
c<A>r<460>R<ALA> 82.607002 -8.476000 55.915001
c<A>r<461>R<ARG> 83.658997 -9.249000 52.349998
c<A>r<471>R<CYS> 99.929001 -8.659000 48.338001
c<A>r<472>R<TRP> 100.774002 -7.941000 51.973999
c<A>r<473>R<LYS> 102.811996 -11.160000 52.146000
c<A>r<474>R<LYS> 105.183998 -10.165000 49.342999
c<A>r<475>R<LEU> 106.911003 -7.105000 50.784000
c<A>r<476>R<GLN> 110.209000 -8.990000 51.266998
c<A>r<477>R<ALA> 112.128998 -10.122000 48.179001
c<B>r<2>R<SER> 68.550003 -8.489000 51.551998
c<B>r<3>R<GLN> 71.737999 -10.414000 50.715000
c<B>r<4>R<GLN> 72.861000 -13.882000 49.634998
c<B>r<5>R<VAL> 76.259003 -14.531000 51.230000
c<B>r<6>R<ASP> 77.362000 -16.521000 48.153000
c<B>r<7>R<LYS> 77.098000 -13.533000 45.804001
c<B>r<8>R<ILE> 77.161003 -10.311000 47.825001
c<B>r<9>R<LYS> 76.246002 -7.006000 46.172001
c<B>r<10>R<ALA> 77.778999 -3.542000 46.715000
c<B>r<11>R<SER> 75.810997 -0.270000 46.269001
c<B>r<12>R<TYR> 75.646004 -1.262000 42.615002
c<B>r<14>R<LEU> 72.313004 -3.566000 45.597000
c<B>r<15>R<PHE> 70.111000 -0.477000 45.483002
c<B>r<19>R<ASP> 62.688999 -3.094000 47.942001
c<B>r<20>R<TYR> 65.153999 -0.173000 47.562000
c<B>r<22>R<ASP> 60.058998 1.382000 46.235001
c<B>r<23>R<MET> 61.625000 2.855000 49.341000
c<B>r<24>R<LEU> 63.195000 5.528000 47.139999
c<B>r<26>R<LYS> 58.314999 6.947000 48.594002
c<B>r<27>R<LYS> 61.108002 9.253000 49.750000
c<B>r<28>R<ARG> 60.872002 11.214000 46.530998
c<B>r<30>R<GLY> 56.303001 12.331000 49.575001
c<B>r<31>R<PHE> 59.046001 14.625000 50.853001
c<B>r<32>R<GLU> 61.421001 15.922000 48.180000
c<B>r<33>R<GLU> 58.826000 18.044001 46.374001
c<B>r<34>R<LYS> 60.645000 17.105000 43.195000
c<B>r<35>R<TYR> 59.794998 18.645000 39.824001
c<B>r<37>R<GLN> 59.875999 14.023000 35.487999
c<B>r<39>R<LYS> 59.723000 19.025000 33.417999
c<B>r<40>R<ILE> 63.153999 17.575001 34.171001
c<B>r<41>R<ASP> 63.390999 15.968000 30.733000
c<B>r<42>R<GLU> 62.137001 19.228001 29.247999
c<B>r<43>R<VAL> 64.875999 21.292000 30.878000
c<B>r<44>R<PHE> 67.500000 18.650999 30.075001
c<B>r<45>R<GLN> 66.543999 18.677999 26.407000
c<B>r<46>R<TRP> 66.843002 22.452999 26.561001
c<B>r<47>R<THR> 70.417000 22.305000 27.924000
c<B>r<52>R<TYR> 71.269997 27.292999 25.659000
c<B>r<53>R<GLN> 74.806000 27.372000 24.252001
c<B>r<55>R<LEU> 73.260002 31.799999 26.729000
c<B>r<56>R<ASN> 75.902000 29.551001 28.316999
c<B>r<58>R<GLN> 77.539001 34.813000 27.724001
c<B>r<59>R<ARG> 78.615997 34.071999 31.309000
c<B>r<60>R<GLU> 80.956001 36.606998 32.930000
c<B>r<61>R<ALA> 80.674004 35.931999 36.646000
c<B>r<62>R<LEU> 79.918999 32.223999 36.804001
c<B>r<63>R<THR> 82.397003 29.413000 36.327000
c<B>r<64>R<VAL> 80.984001 25.882999 36.212002
c<B>r<65>R<ASN> 83.263000 22.854000 36.258999
c<B>r<66>R<PRO> 86.622002 24.607000 35.743999
c<B>r<67>R<ALA> 89.563004 22.770000 34.213001
c<B>r<68>R<LYS> 92.375000 24.156000 36.374001
c<B>r<69>R<ALA> 93.704002 24.084999 39.938999
c<B>r<70>R<CYS> 95.316002 26.896000 41.964001
c<B>r<71>R<GLN> 98.975998 28.056000 41.967999
c<B>r<72>R<PRO> 100.303001 26.497000 45.206001
c<B>r<73>R<LEU> 99.355003 23.066000 43.823002
c<B>r<86>R<MET> 110.072998 19.521999 52.091000
c<B>r<88>R<TYR> 106.153000 24.009001 52.827999
c<B>r<89>R<VAL> 103.098000 26.186001 52.327999
c<B>r<90>R<HIS> 102.599998 29.407000 54.242001
c<B>r<91>R<GLY> 98.890999 29.665001 54.987999
c<B>r<92>R<SER> 95.771004 27.745001 56.004002
c<B>r<93>R<GLN> 95.919998 24.028000 56.793999
c<B>r<94>R<GLY> 92.889999 23.337999 54.589001
c<B>r<95>R<CYS> 94.799004 23.915001 51.345001
c<B>r<96>R<VAL> 97.481003 21.386999 52.180000
c<B>r<97>R<ALA> 94.899002 18.791000 53.146999
c<B>r<98>R<TYR> 93.525002 19.261999 49.625999
c<B>r<99>R<PHE> 96.892998 19.436001 47.792999
c<B>r<100>R<ARG> 98.065002 16.128000 49.231998
c<B>r<101>R<SER> 94.678001 14.484000 48.731998
c<B>r<102>R<TYR> 94.591003 15.645000 45.106998
c<B>r<104>R<ASN> 97.389999 10.948000 46.393002
c<B>r<105>R<ARG> 94.388000 10.247000 44.195999
c<B>r<108>R<ARG> 98.248001 6.752000 44.540001
c<B>r<109>R<GLU> 101.367996 7.474000 46.571999
c<B>r<110>R<PRO> 102.157997 9.429000 49.751999
c<B>r<111>R<VAL> 102.792000 13.118000 49.150002
c<B>r<112>R<SER> 104.986000 15.010000 51.644001
c<B>r<113>R<CYS> 103.872002 18.577000 52.334999
c<B>r<114>R<VAL> 103.508003 20.820999 55.381001
c<B>r<115>R<SER> 101.522003 23.884001 56.424000
c<B>r<116>R<ASP> 102.137001 26.406000 59.217999
c<B>r<117>R<SER> 98.412003 26.464001 59.917000
c<B>r<118>R<MET> 97.696999 30.153000 60.196999
c<B>r<119>R<THR> 94.387001 30.733999 61.965000
c<B>r<120>R<GLU> 92.231003 33.757999 62.806000
c<B>r<121>R<ASP> 94.893997 35.442001 64.955002
c<B>r<122>R<ALA> 97.399002 35.494999 62.085999
c<B>r<123>R<ALA> 94.708000 37.173000 60.007000
c<B>r<124>R<VAL> 95.372002 40.379002 61.919998
c<B>r<125>R<PHE> 98.934998 40.153000 63.271999
c<B>r<126>R<GLY> 100.319000 38.619999 60.092999
c<B>r<127>R<GLY> 101.750000 35.106998 59.993999
c<B>r<128>R<GLN> 105.251999 35.966999 61.188999
c<B>r<129>R<GLN> 105.204002 33.705002 64.267998
c<B>r<130>R<ASN> 103.789001 30.631001 62.509998
c<B>r<131>R<MET> 106.612000 30.926001 59.993999
c<B>r<132>R<LYS> 109.067001 30.829000 62.894001
c<B>r<133>R<ASP> 107.764999 27.815001 64.818001
c<B>r<134>R<GLY> 106.750999 26.156000 61.554001
c<B>r<135>R<LEU> 110.228996 26.239000 60.032001
c<B>r<136>R<GLN> 111.766998 24.983999 63.265999
c<B>r<137>R<ASN> 109.449997 22.024000 63.928001
c<B>r<138>R<CYS> 109.526001 20.941999 60.264000
c<B>r<139>R<LYS> 113.321999 21.153999 60.179001
c<B>r<140>R<ALA> 113.362000 19.042000 63.346001
c<B>r<141>R<THR> 110.510002 16.606001 62.813999
c<B>r<142>R<TYR> 111.195999 15.710000 59.165001
c<B>r<152>R<THR> 98.026001 29.952000 50.262001
c<B>r<153>R<CYS> 95.649002 32.729000 49.236000
c<B>r<154>R<MET> 95.042999 33.826000 52.817001
c<B>r<155>R<ALA> 98.691002 34.806999 53.282001
c<B>r<156>R<GLU> 98.638000 36.650002 49.945999
c<B>r<157>R<VAL> 95.607002 38.719002 50.949001
c<B>r<158>R<ILE> 96.932999 39.994999 54.278000
c<B>r<159>R<GLY> 100.214996 40.310001 52.379002
c<B>r<160>R<ASP> 103.012001 38.698002 54.426998
c<B>r<161>R<ASP> 106.613998 39.255001 53.318001
c<B>r<165>R<PHE> 109.760002 36.443001 57.724998
c<B>r<168>R<ASN> 113.818001 36.997002 60.903999
c<B>r<172>R<GLU> 116.392998 34.756001 66.089996
c<B>r<187>R<PRO> 98.801003 33.770000 44.306000
c<B>r<188>R<SER> 95.855003 31.386999 43.909000
c<B>r<189>R<PHE> 93.828003 34.166000 42.294998
c<B>r<190>R<VAL> 96.363998 34.493999 39.443001
c<B>r<191>R<GLY> 97.045998 32.055000 36.633999
c<B>r<192>R<SER> 96.786003 28.382999 37.580002
c<B>r<193>R<HIS> 98.713997 25.422001 38.959999
c<B>r<263>R<THR> 108.704002 4.395000 45.668999
c<B>r<264>R<PRO> 108.973999 0.570000 45.963001
c<B>r<265>R<ALA> 106.742996 -1.375000 48.339001
c<B>r<266>R<ASP> 108.762001 -3.426000 50.820000
c<B>r<267>R<GLY> 107.526001 -2.567000 54.306999
c<B>r<268>R<GLN> 109.444000 0.721000 54.581001
c<B>r<269>R<PHE> 107.981003 4.189000 54.101002
c<B>r<270>R<ARG> 110.473000 6.474000 52.348999
c<B>r<271>R<MET> 109.571999 10.148000 52.686001
c<B>r<428>R<TRP> 80.106003 23.362000 31.195999
c<B>r<447>R<TYR> 86.194000 15.286000 34.897999
c<B>r<450>R<PHE> 80.432999 13.540000 33.544998
c<B>r<453>R<ARG> 77.166000 10.459000 31.045000
c<B>r<454>R<ASP> 75.300003 13.631000 29.996000
c<B>r<457>R<HIS> 71.436996 10.381000 28.558001
c<E>r<10>R<LYS> 84.959999 48.143002 74.885002
c<E>r<11>R<GLY> 88.679001 47.418999 75.550003
c<E>r<12>R<GLY> 90.536003 46.173000 72.496002
c<E>r<13>R<ILE> 87.597000 46.430000 69.990997
c<E>r<40>R<PRO> 94.752998 54.990002 80.528000
c<E>r<41>R<LYS> 96.691002 52.950001 77.903999
c<E>r<47>R<LEU> 100.241997 56.252998 64.717003
c<E>r<48>R<ILE> 99.778999 59.945999 64.025002
c<E>r<49>R<LEU> 103.106003 60.848999 65.736000
c<E>r<50>R<HIS> 105.287003 57.813000 64.710999
c<E>r<51>R<SER> 106.182999 57.161999 68.313004
c<E>r<52>R<LYS> 106.126999 54.956001 71.367996
c<E>r<53>R<ALA> 103.205002 55.896999 73.785004
c<E>r<91>R<PRO> 96.260002 57.422001 88.138000
c<E>r<92>R<GLU> 98.394997 54.374001 88.847000
c<E>r<93>R<PRO> 96.369003 51.074001 88.989998
c<E>r<94>R<GLY> 96.013000 51.037998 92.768997
c<E>r<95>R<VAL> 94.859001 54.594002 93.337997
c<E>r<96>R<GLY> 91.969002 56.959000 93.102997
c<E>r<97>R<CYS> 89.804001 57.220001 90.056000
c<E>r<98>R<ALA> 91.153999 55.845001 86.796997
c<E>r<99>R<GLY> 89.346001 58.534000 84.769997
c<E>r<127>R<LEU> 87.485001 53.839001 77.453003
c<E>r<128>R<GLY> 83.940002 52.494999 77.685997
c<E>r<129>R<ASP> 84.065002 49.298000 79.760002
c<E>r<130>R<VAL> 82.971001 51.436001 82.703003
c<E>r<131>R<VAL> 81.038002 54.681000 81.958000
c<E>r<132>R<CYS> 81.598000 56.856998 85.070000
c<E>r<133>R<GLY> 84.542000 59.157001 85.994003
c<E>r<135>R<PHE> 85.293999 58.550999 81.163002
c<E>r<136>R<ALA> 81.646004 59.693001 81.413002
c<E>r<137>R<MET> 82.666000 63.361000 81.489998
c<E>r<139>R<ILE> 78.959999 63.087002 77.930000
c<E>r<140>R<ARG> 78.057999 64.517998 81.422997
c<E>r<154>R<GLU> 79.900002 39.685001 70.707001
c<E>r<155>R<MET> 78.138000 40.182999 74.007004
c<E>r<156>R<MET> 80.605003 42.540001 75.797997
c<E>r<157>R<ALA> 81.001999 44.854000 72.843002
c<E>r<159>R<TYR> 76.750999 45.409000 76.225998
c<E>r<160>R<ALA> 79.314003 48.228001 76.382004
c<E>r<162>R<ASN> 74.227997 49.705002 75.231003
c<E>r<163>R<ASN> 75.632004 51.133999 78.512001
c<E>r<164>R<ILE> 77.295998 54.070000 76.759003
c<E>r<165>R<SER> 73.835999 54.678001 75.245003
c<E>r<166>R<LYS> 72.268997 54.779999 78.741997
c<E>r<167>R<GLY> 74.815002 57.443001 79.703003
c<E>r<168>R<ILE> 73.776001 59.502998 76.611000
c<E>r<169>R<VAL> 70.138000 59.025002 77.661003
c<E>r<170>R<LYS> 70.875000 60.195999 81.251999
c<E>r<171>R<TYR> 72.324997 63.561001 80.158997
c<E>r<186>R<SER> 85.016998 43.061001 62.077000
c<E>r<187>R<ARG> 86.193001 40.081001 63.955002
c<E>r<188>R<ASN> 85.245003 37.936001 60.897999
c<E>r<189>R<THR> 82.203003 36.450001 62.611000
c<E>r<190>R<ASP> 79.417000 35.285999 60.313000
c<E>r<191>R<ARG> 76.275002 37.532001 60.546001
c<E>r<192>R<GLU> 78.190002 40.289001 62.397999
c<E>r<193>R<ASP> 77.382004 43.192001 60.069000
c<E>r<194>R<GLU> 73.684998 42.292999 60.243000
c<E>r<210>R<PHE> 81.525002 48.036999 58.764000
c<E>r<211>R<VAL> 85.350998 48.187000 59.049999
c<E>r<212>R<PRO> 86.859001 44.870998 57.673000
c<E>r<213>R<ARG> 89.546997 43.042000 59.630001
c<E>r<214>R<ASP> 92.608002 43.485001 57.380001
c<E>r<215>R<ASN> 96.244003 42.549000 58.007000
c<E>r<216>R<VAL> 97.503998 45.791000 56.476002
c<E>r<217>R<VAL> 96.615997 47.313999 59.863998
c<E>r<218>R<GLN> 99.420998 45.259998 61.487999
c<E>r<219>R<ARG> 101.875999 45.959000 58.678001
c<E>r<220>R<ALA> 101.116997 49.679001 59.000999
c<E>r<221>R<GLU> 101.512001 49.598999 62.773998
c<E>r<222>R<ILE> 105.005997 48.030998 63.009998
c<E>r<223>R<ARG> 106.068001 51.077999 60.995998
c<E>r<224>R<ARG> 104.042999 52.977001 63.681999
c<E>r<225>R<MET> 101.561996 54.625999 61.386002
c<E>r<227>R<VAL> 97.036003 52.580002 56.979000
c<E>r<228>R<ILE> 96.167999 55.994999 55.425999
c<E>r<229>R<GLU> 99.875000 56.919998 55.495998
c<E>r<230>R<TYR> 101.389999 53.445000 55.037998
c<E>r<231>R<ASP> 99.507004 52.264999 51.944000
c<E>r<232>R<PRO> 97.199997 55.109001 50.763000
c<E>r<233>R<LYS> 96.013000 52.849998 47.952000
c<E>r<234>R<ALA> 95.094002 49.841999 50.132000
c<E>r<235>R<LYS> 91.539001 48.474998 50.266998
c<E>r<236>R<GLN> 91.370003 49.183998 53.953999
c<E>r<239>R<GLU> 87.254997 51.729000 53.992001
c<E>r<261>R<MET> 69.748001 42.054001 78.588997
c<E>r<262>R<ASP> 66.999001 39.784000 77.209000
c<E>r<269>R<MET> 70.195999 34.301998 69.176003
c<E>r<270>R<GLU> 68.403999 35.594002 66.039001
c<E>r<271>R<PHE> 71.716003 36.055000 64.245003
c<E>r<272>R<GLY> 73.153999 32.667000 65.262001
c<E>r<273>R<ILE> 76.021004 33.744999 67.625999
c<E>r<274>R<MET> 74.321999 32.459999 70.775002
c<E>r<275>R<GLU> 72.274002 29.257000 70.580002
c<E>r<276>R<VAL> 68.575996 29.077999 71.209999
c<E>r<277>R<GLU> 67.267998 28.403000 74.667999
c<E>r<278>R<ASP> 63.985001 27.139000 76.149002
c<E>r<279>R<GLU> 62.751999 27.208000 79.736000
c<E>r<280>R<SER> 61.887001 23.504000 79.821999
c<E>r<281>R<ILE> 65.511002 22.309999 79.773003
c<E>r<282>R<VAL> 66.681999 25.072001 82.208000
c<E>r<283>R<GLY> 68.207001 23.517000 85.332001
c<E>r<284>R<LYS> 68.151001 19.987000 83.818001
c<E>r<285>R<THR> 71.345001 17.917000 83.387001
c<E>r<286>R<ALA> 72.725998 16.374001 80.160004
c<E>r<287>R<GLU> 71.419998 12.903000 80.991997
c<E>r<288>R<GLU> 67.885002 14.100000 81.871002
c<E>r<289>R<VAL> 67.213997 15.973000 78.593002
c<F>r<10>R<LYS> 89.446999 42.049999 81.511002
c<F>r<11>R<GLY> 85.834000 42.070999 80.396004
c<F>r<12>R<GLY> 84.896004 38.863998 78.585999
c<F>r<40>R<PRO> 78.306999 45.637001 87.132004
c<F>r<41>R<LYS> 77.169998 42.889999 84.680000
c<F>r<47>R<LEU> 74.864998 29.253000 86.598999
c<F>r<48>R<ILE> 74.835999 28.368000 90.303001
c<F>r<49>R<LEU> 71.231003 29.539000 90.768997
c<F>r<50>R<HIS> 69.704002 28.443001 87.359001
c<F>r<51>R<SER> 68.517998 31.965000 86.769997
c<F>r<52>R<LYS> 68.514999 35.244999 84.976997
c<F>r<53>R<ALA> 70.720001 38.022999 86.505997
c<F>r<91>R<PRO> 74.994003 52.425999 89.386002
c<F>r<92>R<GLU> 73.195000 53.513000 86.208000
c<F>r<93>R<PRO> 75.747002 53.842999 83.332001
c<F>r<94>R<GLY> 76.432999 57.610001 83.433998
c<F>r<95>R<VAL> 76.276001 58.287998 87.192001
c<F>r<96>R<GLY> 78.399002 57.738998 90.231003
c<F>r<97>R<CYS> 81.181000 55.223000 90.372002
c<F>r<98>R<ALA> 80.730003 51.868999 88.606003
c<F>r<99>R<GLY> 82.283997 50.110001 91.641998
c<F>r<127>R<LEU> 85.943001 43.594002 86.777000
c<F>r<128>R<GLY> 89.582001 44.306999 86.021004
c<F>r<129>R<ASP> 89.525002 46.751999 83.018997
c<F>r<130>R<VAL> 89.885002 49.562000 85.473999
c<F>r<131>R<VAL> 91.375000 48.972000 88.939003
c<F>r<132>R<CYS> 90.087997 51.953999 90.972000
c<F>r<133>R<GLY> 86.945999 52.243999 93.099998
c<F>r<135>R<PHE> 86.825996 47.375999 92.070000
c<F>r<136>R<ALA> 90.130997 48.113998 93.810997
c<F>r<137>R<MET> 88.513000 47.779999 97.267998
c<F>r<139>R<ILE> 92.831001 44.716000 97.278999
c<F>r<140>R<ARG> 93.044998 48.212002 98.938004
c<F>r<154>R<GLU> 96.122002 38.941002 73.552002
c<F>r<155>R<MET> 97.336998 42.396000 74.593002
c<F>r<156>R<MET> 94.341003 43.764000 76.623001
c<F>r<157>R<ALA> 94.057999 40.584000 78.674004
c<F>r<159>R<TYR> 97.643997 44.426998 80.064003
c<F>r<160>R<ALA> 94.860001 44.087002 82.598000
c<F>r<162>R<ASN> 99.804001 43.514999 84.685997
c<F>r<163>R<ASN> 97.725998 46.448002 85.976997
c<F>r<164>R<ILE> 95.946999 44.249001 88.560997
c<F>r<165>R<SER> 99.470001 43.185001 89.557999
c<F>r<166>R<LYS> 100.464996 46.851002 90.033997
c<F>r<167>R<GLY> 97.362000 47.262001 92.213997
c<F>r<168>R<ILE> 98.587997 44.389999 94.456001
c<F>r<169>R<VAL> 102.113998 45.855999 94.583000
c<F>r<170>R<LYS> 100.698997 49.271000 95.664001
c<F>r<171>R<TYR> 99.014000 47.813000 98.757004
c<F>r<186>R<SER> 92.027000 29.716999 75.801003
c<F>r<187>R<ARG> 91.198997 31.549000 72.647003
c<F>r<188>R<ASN> 92.688004 28.583000 70.717003
c<F>r<189>R<THR> 95.790001 30.634001 69.802002
c<F>r<190>R<ASP> 98.958000 28.659000 68.983002
c<F>r<191>R<ARG> 101.572998 29.271000 71.666000
c<F>r<193>R<ASP> 99.954002 28.500000 76.921997
c<F>r<210>R<PHE> 95.311996 26.354000 81.135002
c<F>r<211>R<VAL> 91.490997 26.233000 80.711998
c<F>r<212>R<PRO> 90.557999 24.933001 77.184998
c<F>r<213>R<ARG> 87.893997 26.492001 74.959999
c<F>r<214>R<ASP> 85.138000 23.906000 74.809998
c<F>r<215>R<ASN> 81.620003 24.247000 73.513000
c<F>r<218>R<GLN> 77.739998 27.058001 75.824997
c<F>r<219>R<ARG> 75.516998 23.958000 76.075996
c<F>r<220>R<ALA> 75.704002 24.080999 79.871002
c<F>r<221>R<GLU> 75.028999 27.812000 79.902000
c<F>r<222>R<ILE> 71.811996 27.750000 77.790001
c<F>r<223>R<ARG> 70.594002 25.228001 80.370003
c<F>r<224>R<ARG> 71.709999 28.077999 82.728996
c<F>r<225>R<MET> 74.102997 25.940001 84.704002
c<F>r<226>R<THR> 77.792999 24.986000 85.087997
c<F>r<227>R<VAL> 79.574997 22.225000 83.112000
c<F>r<228>R<ILE> 80.294998 20.618000 86.536003
c<F>r<229>R<GLU> 76.533997 20.101000 86.997002
c<F>r<230>R<TYR> 75.385002 19.577999 83.370003
c<F>r<231>R<ASP> 77.935997 16.919001 82.293999
c<F>r<232>R<PRO> 80.261002 15.842000 85.205002
c<F>r<233>R<LYS> 81.775002 13.233000 82.890999
c<F>r<261>R<MET> 104.811996 47.949001 78.053001
c<F>r<262>R<ASP> 107.879997 47.382000 75.859001
c<F>r<268>R<LEU> 103.793999 39.044998 72.059998
c<F>r<269>R<MET> 106.542999 39.264999 69.386002
c<F>r<270>R<GLU> 108.466003 36.297001 70.872002
c<F>r<271>R<PHE> 105.434998 33.983002 70.805000
c<F>r<272>R<GLY> 104.170998 35.036999 67.362999
c<F>r<273>R<ILE> 100.925003 36.912998 68.292000
c<F>r<274>R<MET> 102.275002 40.376999 67.428001
c<F>r<275>R<GLU> 104.943001 40.777000 64.723000
c<F>r<276>R<VAL> 108.551003 41.862999 64.992996
c<F>r<277>R<GLU> 109.502998 45.515999 64.483002
c<F>r<278>R<ASP> 112.716003 47.500000 64.021004
c<F>r<279>R<GLU> 113.317001 51.257000 64.081001
c<F>r<280>R<SER> 114.565002 51.542999 60.457001
c<F>r<281>R<ILE> 111.096001 50.778999 59.016998
c<F>r<282>R<VAL> 109.315002 53.191002 61.460999
c<F>r<283>R<GLY> 107.874001 56.132999 59.583000
c<F>r<284>R<LYS> 108.197998 54.770000 56.007999
c<F>r<285>R<THR> 105.487000 53.971001 53.493000
c<F>r<286>R<ALA> 104.508003 50.862000 51.511002
c<F>r<287>R<GLU> 106.498001 52.053001 48.486000
c<F>r<288>R<GLU> 109.728996 52.591999 50.533001
c<F>r<289>R<VAL> 110.357002 49.723000 53.027000
