c<A>r<1>R<TRP> -4.344000 -18.813000 3.039000
c<A>r<2>R<VAL> -7.334000 -16.396000 3.213000
c<A>r<3>R<GLN> -7.197000 -12.844000 4.692000
c<A>r<4>R<PRO> -9.781000 -10.180000 4.684000
c<A>r<5>R<ILE> -8.659000 -6.600000 4.123000
c<A>r<6>R<THR> -9.767000 -4.723000 7.154000
c<A>r<7>R<CYS> -9.104000 -1.253000 8.427000
c<A>r<8>R<GLN> -6.155000 -2.828000 10.023000
c<A>r<9>R<LYS> -3.169000 -3.463000 8.041000
c<A>r<10>R<PRO> -2.987000 -6.984000 6.691000
c<A>r<24>R<LEU> 2.381000 -5.602000 5.971000
c<A>r<25>R<ILE> 0.920000 -6.644000 2.642000
c<A>r<26>R<ASN> 1.371000 -3.636000 0.363000
c<A>r<27>R<THR> -0.055000 -3.904000 -3.185000
c<A>r<28>R<GLY> 1.011000 -0.317000 -3.897000
c<A>r<29>R<ALA> 4.674000 -1.136000 -3.501000
c<A>r<30>R<ASP> 6.641000 -2.778000 -6.391000
c<A>r<31>R<VAL> 9.344000 -4.203000 -4.151000
c<A>r<63>R<GLU> 2.707000 -24.334000 3.090000
c<A>r<65>R<ASN> 5.548000 -22.489000 -1.268000
c<A>r<81>R<LEU> 6.523000 -4.249000 3.661000
c<A>r<82>R<TRP> 5.665000 -7.108000 1.336000
c<A>r<83>R<GLY> 5.610000 -5.679000 -2.201000
c<A>r<84>R<ARG> 4.324000 -7.155000 -5.505000
c<A>r<85>R<ASP> 7.716000 -8.742000 -6.303000
c<A>r<86>R<LEU> 6.811000 -11.233000 -3.465000
c<A>r<87>R<LEU> 2.992000 -11.088000 -3.580000
c<A>r<88>R<SER> 2.918000 -12.036000 -7.271000
c<A>r<89>R<GLN> 5.061000 -15.092000 -6.652000
c<A>r<90>R<MET> 2.715000 -16.164000 -3.834000
c<A>r<91>R<LYS> -0.087000 -16.056999 -6.447000
c<A>r<92>R<ILE> -2.174000 -13.917000 -4.169000
c<A>r<93>R<MET> -5.654000 -13.234000 -5.497000
c<A>r<94>R<MET> -7.963000 -10.504000 -4.365000
c<A>r<95>R<CYS> -11.639000 -11.389000 -4.292000
c<A>r<96>R<SER> -14.674000 -9.618000 -3.401000
c<A>r<97>R<PRO> -18.083000 -11.359000 -3.054000
c<B>r<1>R<TRP> -14.858000 -10.023000 -8.513000
c<B>r<2>R<VAL> -11.486000 -11.879000 -8.591000
c<B>r<3>R<GLN> -8.069000 -10.336000 -9.428000
c<B>r<4>R<PRO> -4.642000 -11.816000 -9.245000
c<B>r<5>R<ILE> -1.850000 -9.639000 -7.856000
c<B>r<6>R<THR> 0.710000 -9.436000 -10.543000
c<B>r<7>R<CYS> 3.797000 -7.375000 -11.015000
c<B>r<8>R<GLN> 1.456000 -4.836000 -12.441000
c<B>r<9>R<LYS> -0.488000 -2.575000 -10.241000
c<B>r<10>R<PRO> -3.970000 -3.795000 -9.599000
c<B>r<24>R<LEU> -4.812000 1.496000 -7.933000
c<B>r<25>R<ILE> -5.642000 -0.902000 -5.151000
c<B>r<26>R<ASN> -3.353000 0.063000 -2.253000
c<B>r<27>R<THR> -3.561000 -2.113000 0.897000
c<B>r<28>R<GLY> -0.754000 -0.056000 2.470000
c<B>r<29>R<ALA> -2.788000 3.119000 2.381000
c<B>r<30>R<ASP> -5.381000 3.856000 5.103000
c<B>r<31>R<VAL> -7.398000 6.303000 3.081000
c<B>r<74>R<GLU> -22.337000 -5.550000 -8.827000
c<B>r<76>R<ASN> -22.379000 -3.147000 -3.830000
c<B>r<92>R<LEU> -5.482000 5.281000 -4.871000
c<B>r<93>R<TRP> -8.046000 2.991000 -3.294000
c<B>r<94>R<GLY> -7.158000 2.715000 0.400000
c<B>r<95>R<ARG> -8.433000 0.398000 3.156000
c<B>r<96>R<ASP> -11.257000 2.767000 4.101000
c<B>r<97>R<LEU> -12.860000 1.615000 0.743000
c<B>r<98>R<LEU> -11.287000 -1.868000 0.361000
c<B>r<99>R<SER> -12.583000 -2.994000 3.732000
c<B>r<100>R<GLN> -16.131001 -2.024000 2.821000
c<B>r<101>R<MET> -15.845000 -3.971000 -0.457000
c<B>r<102>R<LYS> -15.037000 -7.002000 1.731000
c<B>r<103>R<ILE> -11.947000 -7.709000 -0.348000
c<B>r<104>R<MET> -10.226000 -10.931000 0.666000
c<B>r<105>R<MET> -6.727000 -11.924000 -0.247000
c<B>r<106>R<CYS> -6.175000 -15.599000 -0.922000
c<B>r<107>R<SER> -3.327000 -17.622999 -1.906000
c<B>r<108>R<PRO> -3.601000 -21.291000 -3.102000
