c<A>r<1>R<SER> 9.173000 12.651000 8.559000
c<A>r<2>R<ASN> 6.407000 12.946000 9.759000
c<A>r<3>R<GLN> 3.862000 12.202000 7.072000
c<A>r<4>R<LEU> 5.634000 9.042000 6.127000
c<A>r<5>R<ASP> 5.650000 7.846000 9.671000
c<A>r<6>R<THR> 2.000000 8.621000 10.042000
c<A>r<7>R<LEU> 1.306000 6.776000 6.860000
c<A>r<8>R<ARG> 3.279000 3.698000 8.146000
c<A>r<9>R<ARG> 1.284000 3.669000 11.332000
c<A>r<10>R<ILE> -2.092000 3.850000 9.545000
c<A>r<11>R<VAL> -1.148000 1.189000 6.936000
c<A>r<12>R<GLN> 0.018000 -1.182000 9.652000
c<A>r<14>R<ILE> -5.155000 -1.439000 8.312000
c<A>r<15>R<ASN> -3.126000 -4.536000 7.596000
c<A>r<16>R<SER> -3.628000 -5.831000 11.059000
c<A>r<17>R<SER> -7.389000 -5.526000 10.747000
c<A>r<18>R<VAL> -9.322000 -8.635000 10.398000
c<A>r<105>R<VAL> -9.436000 4.230000 -5.454000
c<A>r<106>R<TYR> -7.859000 2.142000 -8.314000
c<A>r<107>R<ARG> -7.894000 -1.382000 -9.281000
c<A>r<108>R<ARG> -10.784000 -1.533000 -11.031000
c<A>r<125>R<GLU> 0.908000 18.118000 -2.606000
c<A>r<126>R<ALA> 2.046000 16.146000 0.324000
c<A>r<127>R<ALA> -1.550000 15.671000 1.454000
c<A>r<128>R<GLU> -2.385000 14.496000 -2.014000
c<A>r<129>R<SER> 0.529000 11.996000 -1.984000
c<A>r<130>R<PHE> -0.499000 10.810000 1.473000
c<A>r<131>R<LEU> -4.103000 10.101000 0.404000
c<A>r<132>R<VAL> -3.147000 8.528000 -2.885000
c<A>r<133>R<THR> -0.908000 6.132000 -1.120000
c<A>r<134>R<LEU> -3.619000 5.279000 1.416000
c<A>r<135>R<CYS> -6.062000 4.714000 -1.360000
c<A>r<136>R<ALA> -3.671000 2.291000 -2.897000
c<A>r<137>R<GLN> -3.853000 0.238000 0.295000
c<A>r<138>R<LEU> -7.563000 0.443000 0.435000
c<A>r<139>R<SER> -7.788000 -0.728000 -3.157000
c<A>r<140>R<GLY> -6.175000 -4.041000 -2.272000
c<A>r<141>R<VAL> -8.425000 -4.494000 0.771000
c<A>r<142>R<ILE> -11.474000 -3.745000 -1.274000
c<A>r<143>R<ALA> -10.328000 -5.937000 -4.163000
c<A>r<144>R<HIS> -9.717000 -8.839000 -1.846000
c<A>r<145>R<ALA> -13.086000 -8.305000 -0.059000
c<A>r<146>R<HIS> -14.861000 -8.342000 -3.408000
c<A>r<147>R<ALA> -13.003000 -11.488000 -4.587000
c<A>r<148>R<VAL> -14.091000 -13.582000 -1.508000
c<A>r<149>R<GLY> -17.539000 -12.249000 -1.672000
c<B>r<2>R<ASN> 10.486000 13.469000 -1.083000
c<B>r<3>R<GLN> 10.163000 9.843000 -0.036000
c<B>r<4>R<LEU> 6.472000 10.384000 0.002000
c<B>r<5>R<ASP> 6.403000 11.544000 -3.554000
c<B>r<6>R<THR> 8.474000 8.621000 -4.605000
c<B>r<7>R<LEU> 6.135000 6.328000 -2.773000
c<B>r<8>R<ARG> 3.071000 7.877000 -4.546000
c<B>r<9>R<ARG> 4.692000 7.376000 -7.898000
c<B>r<10>R<ILE> 5.500000 3.714000 -7.244000
c<B>r<11>R<VAL> 2.051000 2.931000 -5.778000
c<B>r<12>R<GLN> 0.321000 4.492000 -8.758000
c<B>r<14>R<ILE> 1.541000 -0.697000 -9.185000
c<B>r<15>R<ASN> -2.159000 0.188000 -9.196000
c<B>r<16>R<SER> -2.088000 0.694000 -12.872000
c<B>r<17>R<SER> -0.648000 -2.745000 -13.486000
c<B>r<18>R<VAL> -2.831000 -5.340000 -14.903000
c<B>r<112>R<VAL> 4.346000 -8.593000 4.027000
c<B>r<113>R<TYR> 1.105000 -8.787000 6.275000
c<B>r<114>R<ARG> -2.293000 -9.913000 5.508000
c<B>r<115>R<ARG> -1.965000 -13.231000 5.935000
c<B>r<132>R<GLU> 13.764000 4.935000 9.802000
c<B>r<133>R<ALA> 12.385000 6.619000 6.805000
c<B>r<134>R<ALA> 13.585000 3.756000 4.616000
c<B>r<135>R<GLU> 11.846000 1.373000 6.968000
c<B>r<136>R<SER> 8.575000 3.399000 6.785000
c<B>r<137>R<PHE> 8.875000 3.579000 3.004000
c<B>r<138>R<LEU> 9.218000 -0.206000 2.629000
c<B>r<139>R<VAL> 6.545000 -1.012000 5.184000
c<B>r<140>R<THR> 4.090000 1.094000 3.327000
c<B>r<141>R<LEU> 5.049000 -0.508000 0.011000
c<B>r<142>R<CYS> 4.660000 -3.899000 1.530000
c<B>r<143>R<ALA> 1.177000 -2.961000 2.567000
c<B>r<144>R<GLN> 0.347000 -2.332000 -1.051000
c<B>r<145>R<LEU> 1.925000 -5.549000 -2.144000
c<B>r<146>R<SER> -0.078000 -7.420000 0.464000
c<B>r<147>R<GLY> -3.322000 -6.365000 -1.150000
c<B>r<148>R<VAL> -2.062000 -7.290000 -4.628000
c<B>r<149>R<ILE> -0.942000 -10.661000 -3.420000
c<B>r<150>R<ALA> -4.126000 -11.260000 -1.456000
c<B>r<151>R<HIS> -6.246000 -10.438000 -4.424000
c<B>r<152>R<ALA> -4.057000 -12.683000 -6.733000
c<B>r<153>R<HIS> -4.502000 -15.576000 -4.317000
c<B>r<154>R<ALA> -8.263000 -15.042000 -4.033000
c<B>r<155>R<VAL> -8.823000 -15.308000 -7.850000
c<B>r<156>R<GLY> -6.459000 -18.174000 -8.096000
