c<A>r<2>R<HIS> -6.533000 21.816999 -5.040000
c<A>r<3>R<HIS> -3.675000 21.284000 -2.534000
c<A>r<4>R<MET> -2.386000 17.714001 -2.001000
c<A>r<5>R<GLU> -2.023000 17.649000 1.829000
c<A>r<6>R<ASN> 0.973000 15.795000 3.403000
c<A>r<7>R<PHE> 0.045000 12.206000 4.461000
c<A>r<8>R<VAL> 1.236000 8.856000 5.849000
c<A>r<9>R<PHE> -0.237000 5.774000 4.123000
c<A>r<10>R<HIS> 0.146000 2.329000 5.758000
c<A>r<11>R<ASN> -2.470000 -0.444000 5.517000
c<A>r<12>R<PRO> -1.034000 -3.858000 6.583000
c<A>r<13>R<THR> -4.293000 -5.873000 6.142000
c<A>r<14>R<LYS> -4.183000 -8.795000 3.672000
c<A>r<15>R<ILE> -7.371000 -9.192000 1.584000
c<A>r<16>R<VAL> -8.351000 -12.584000 0.097000
c<A>r<17>R<PHE> -11.106000 -11.752000 -2.407000
c<A>r<18>R<GLY> -13.575000 -13.674000 -4.596000
c<A>r<19>R<ARG> -15.566000 -16.945999 -4.939000
c<A>r<20>R<GLY> -14.554000 -20.028000 -2.914000
c<A>r<21>R<THR> -12.048000 -18.083000 -0.740000
c<A>r<176>R<VAL> -6.367000 -11.182000 7.074000
c<A>r<178>R<ILE> -11.727000 -12.895000 3.432000
c<A>r<179>R<ILE> -14.384000 -11.370000 1.160000
c<A>r<180>R<ASP> -16.500000 -13.800000 -0.891000
c<A>r<213>R<PRO> -6.494000 17.014000 -4.880000
c<A>r<214>R<GLU> -7.108000 15.844000 -8.481000
c<A>r<215>R<ILE> -6.135000 12.137000 -8.128000
c<A>r<216>R<SER> -8.123000 11.643000 -4.870000
c<A>r<217>R<ASN> -11.199000 13.313000 -6.444000
c<A>r<218>R<GLU> -11.005000 11.181000 -9.660000
c<A>r<219>R<ILE> -10.730000 7.963000 -7.517000
c<A>r<220>R<ALA> -13.603000 9.121000 -5.224000
c<A>r<221>R<GLU> -15.887000 10.074000 -8.174000
c<A>r<222>R<GLY> -15.230000 6.837000 -10.126000
c<A>r<223>R<THR> -15.930000 4.811000 -6.941000
c<A>r<224>R<ILE> -19.222000 6.700000 -6.180000
c<A>r<225>R<ARG> -20.445999 6.222000 -9.814000
c<A>r<226>R<THR> -19.542000 2.503000 -9.564000
c<A>r<227>R<ILE> -21.421000 2.056000 -6.224000
c<A>r<229>R<LYS> -24.531000 1.661000 -10.800000
c<A>r<230>R<MET> -23.975000 -1.610000 -8.850000
c<A>r<241>R<TYR> -21.872999 -11.542000 -8.728000
c<A>r<242>R<GLU> -20.162001 -8.734000 -10.694000
c<A>r<243>R<ALA> -22.313000 -6.071000 -9.003000
c<A>r<244>R<ARG> -21.573999 -7.639000 -5.540000
c<A>r<245>R<ALA> -17.841999 -7.900000 -6.315000
c<A>r<246>R<ASN> -17.506001 -4.289000 -7.608000
c<A>r<247>R<LEU> -19.601999 -2.948000 -4.647000
c<A>r<249>R<TRP> -14.168000 -3.677000 -3.300000
c<A>r<250>R<SER> -15.670000 -0.136000 -3.540000
c<A>r<258>R<THR> -7.483000 5.375000 -0.139000
c<A>r<261>R<VAL> -4.825000 10.359000 0.700000
c<A>r<262>R<GLY> -4.006000 14.061000 0.193000
c<B>r<2>R<HIS> -16.709000 -7.344000 -16.948000
c<B>r<3>R<HIS> -15.699000 -10.185000 -14.581000
c<B>r<4>R<MET> -14.036000 -9.228000 -11.262000
c<B>r<5>R<GLU> -11.261000 -11.885000 -11.083000
c<B>r<6>R<ASN> -10.335000 -13.454000 -7.692000
c<B>r<7>R<PHE> -7.322000 -11.675000 -6.084000
c<B>r<8>R<VAL> -5.056000 -11.360000 -3.032000
c<B>r<9>R<PHE> -4.176000 -7.765000 -2.061000
c<B>r<10>R<HIS> -1.352000 -7.154000 0.452000
c<B>r<11>R<ASN> 0.981000 -4.131000 0.354000
c<B>r<12>R<PRO> 2.952000 -3.700000 3.636000
c<B>r<13>R<THR> 4.996000 -0.627000 2.513000
c<B>r<14>R<LYS> 4.607000 2.559000 4.601000
c<B>r<15>R<ILE> 4.575000 5.789000 2.535000
c<B>r<16>R<VAL> 5.612000 9.135000 4.093000
c<B>r<17>R<PHE> 4.435000 11.736000 1.563000
c<B>r<18>R<GLY> 4.802000 15.506000 1.115000
c<B>r<19>R<ARG> 7.055000 18.556000 1.752000
c<B>r<20>R<GLY> 9.747000 18.385000 4.466000
c<B>r<21>R<THR> 9.356000 14.593000 4.959000
c<B>r<176>R<VAL> 9.308000 2.739000 4.412000
c<B>r<178>R<ILE> 9.680000 8.835000 1.637000
c<B>r<179>R<ILE> 8.297000 10.878000 -1.273000
c<B>r<180>R<ASP> 8.883000 14.652000 -1.219000
c<B>r<213>R<PRO> -14.073000 -4.816000 -13.816000
c<B>r<214>R<GLU> -15.935000 -1.480000 -13.415000
c<B>r<215>R<ILE> -14.181000 -0.174000 -10.248000
c<B>r<216>R<SER> -10.657000 -1.018000 -11.539000
c<B>r<217>R<ASN> -11.414000 0.679000 -14.895000
c<B>r<218>R<GLU> -12.822000 3.858000 -13.203000
c<B>r<219>R<ILE> -9.661000 4.087000 -10.979000
c<B>r<220>R<ALA> -7.355000 3.416000 -13.994000
c<B>r<221>R<GLU> -9.140000 6.005000 -16.215000
c<B>r<222>R<GLY> -9.207000 8.731000 -13.523000
c<B>r<223>R<THR> -5.482000 8.117000 -12.848000
c<B>r<224>R<ILE> -4.503000 8.249000 -16.589001
c<B>r<225>R<ARG> -6.476000 11.534000 -17.077999
c<B>r<226>R<THR> -4.782000 12.952000 -13.945000
c<B>r<227>R<ILE> -1.262000 11.968000 -15.157000
c<B>r<229>R<LYS> -3.153000 16.783001 -17.108000
c<B>r<230>R<MET> -0.237000 16.995001 -14.607000
c<B>r<241>R<TYR> 4.074000 21.341000 -6.469000
c<B>r<242>R<GLU> 0.448000 20.197001 -6.941000
c<B>r<243>R<ALA> 1.238000 18.722000 -10.378000
c<B>r<244>R<ARG> 4.338000 16.922001 -8.919000
c<B>r<245>R<ALA> 2.322000 15.664000 -5.922000
c<B>r<246>R<ASN> -0.632000 14.348000 -8.019000
c<B>r<247>R<LEU> 1.771000 12.741000 -10.585000
c<B>r<249>R<TRP> 0.914000 9.470000 -6.057000
c<B>r<250>R<SER> -0.469000 8.440000 -9.505000
c<B>r<258>R<THR> -4.162000 -1.023000 -7.061000
c<B>r<261>R<VAL> -7.202000 -5.684000 -8.398000
c<B>r<262>R<GLY> -9.825000 -7.814000 -10.192000
