c<A>r<34>R<TYR> 26.473000 7.363000 -18.413000
c<A>r<36>R<THR> 27.841999 12.638000 -18.035000
c<A>r<37>R<LYS> 25.024000 11.477000 -15.644000
c<A>r<41>R<LEU> 27.886999 18.375000 -13.413000
c<A>r<42>R<PRO> 24.656000 20.180000 -12.299000
c<A>r<43>R<ARG> 21.489000 18.441000 -13.648000
c<A>r<44>R<ILE> 18.332001 20.486000 -14.566000
c<A>r<45>R<SER> 14.983000 18.837000 -13.635000
c<A>r<46>R<LEU> 12.448000 18.150000 -16.443001
c<A>r<47>R<GLN> 10.092000 20.643000 -14.660000
c<A>r<48>R<ALA> 12.800000 23.403999 -14.740000
c<A>r<49>R<ALA> 13.977000 22.638000 -18.349001
c<A>r<50>R<VAL> 10.470000 23.693001 -19.586000
c<A>r<51>R<GLY> 9.896000 26.216000 -16.705000
c<A>r<52>R<ASP> 6.848000 24.743999 -14.857000
c<A>r<53>R<ARG> 4.592000 24.419001 -17.993000
c<A>r<150>R<ILE> 13.393000 5.524000 -26.101000
c<A>r<153>R<LYS> 9.979000 9.228000 -24.988001
c<A>r<154>R<LEU> 12.042000 11.307000 -27.485001
c<A>r<163>R<LYS> 9.862000 25.517000 -28.896999
c<A>r<164>R<GLU> 12.521000 23.681999 -26.827999
c<A>r<165>R<PHE> 12.915000 20.062000 -28.090000
c<A>r<178>R<GLN> 20.362000 5.930000 -24.903999
c<A>r<181>R<TYR> 23.167000 4.167000 -21.475000
c<A>r<182>R<ARG> 20.528000 1.429000 -20.782000
c<A>r<185>R<VAL> 22.775000 0.875000 -16.250999
c<A>r<191>R<ARG> 20.997000 -1.437000 -11.754000
c<A>r<192>R<ARG> 17.611000 -3.133000 -12.335000
c<A>r<193>R<SER> 14.345000 -1.137000 -12.877000
c<A>r<194>R<ALA> 11.208000 -1.185000 -10.648000
c<A>r<224>R<ASP> 8.182000 2.080000 -15.633000
c<A>r<225>R<GLY> 9.909000 3.413000 -18.816999
c<A>r<226>R<TRP> 12.216000 0.301000 -18.865999
c<A>r<290>R<HIS> 7.281000 15.343000 -14.607000
c<A>r<291>R<SER> 7.017000 12.547000 -11.968000
c<A>r<292>R<ARG> 9.936000 10.120000 -12.642000
c<A>r<293>R<LEU> 8.888000 6.481000 -13.248000
c<A>r<294>R<GLY> 9.546000 3.365000 -11.101000
c<A>r<295>R<PHE> 9.718000 3.552000 -7.267000
c<A>r<296>R<PHE> 8.722000 6.859000 -5.598000
c<A>r<297>R<ARG> 11.008000 8.541000 -2.954000
c<B>r<1>R<PRO> 9.839000 29.905001 -19.025999
c<B>r<2>R<VAL> 13.446000 29.122999 -20.509001
c<B>r<3>R<ASP> 15.578000 26.106001 -22.033001
c<B>r<4>R<LEU> 16.844000 22.469000 -21.591000
c<B>r<5>R<GLY> 20.608000 22.082001 -21.674999
c<B>r<6>R<LEU> 21.500999 19.724001 -18.665001
c<B>r<7>R<LEU> 18.362000 17.528999 -18.475000
c<B>r<8>R<GLU> 17.120001 15.006000 -15.899000
c<B>r<9>R<GLU> 15.740000 12.422000 -18.344999
c<B>r<10>R<ASP> 13.296000 10.156000 -16.351000
c<B>r<11>R<ASP> 15.453000 6.950000 -16.825001
c<B>r<12>R<GLU> 17.746000 7.866000 -13.866000
c<B>r<13>R<PHE> 17.202999 5.509000 -10.879000
c<B>r<14>R<GLU> 18.010000 7.021000 -7.431000
c<B>r<15>R<GLU> 19.155001 4.144000 -5.178000
c<B>r<16>R<PHE> 19.275000 5.210000 -1.526000
