c<A>r<32>R<PRO> 6.118000 -16.752001 3.921000
c<A>r<52>R<GLY> -1.531000 -5.244000 -0.964000
c<A>r<53>R<GLY> -3.495000 -5.345000 2.161000
c<A>r<75>R<GLY> -0.744000 -8.523000 3.664000
c<A>r<76>R<GLU> -2.696000 -8.109000 6.821000
c<A>r<77>R<ILE> -5.980000 -6.303000 6.660000
c<A>r<78>R<PHE> -5.269000 -2.891000 4.919000
c<A>r<79>R<THR> -1.578000 -3.474000 5.441000
c<A>r<80>R<SER> 1.006000 -3.928000 2.669000
c<A>r<81>R<PRO> 2.764000 -7.309000 2.458000
c<A>r<82>R<THR> 6.314000 -7.491000 3.662000
c<A>r<83>R<PRO> 9.096000 -7.438000 1.032000
c<A>r<84>R<ASP> 10.050000 -11.132000 1.748000
c<A>r<85>R<LYS> 6.617000 -12.235000 0.482000
c<A>r<106>R<TYR> 0.076000 3.712000 -0.983000
c<A>r<107>R<THR> 3.106000 4.541000 1.061000
c<A>r<108>R<GLY> 3.409000 0.994000 2.535000
c<A>r<109>R<ASP> 2.959000 -0.635000 -0.798000
c<A>r<110>R<ILE> 5.513000 1.659000 -2.408000
c<A>r<111>R<LEU> 8.122000 1.043000 0.199000
c<A>r<112>R<ASN> 7.721000 -2.736000 0.393000
c<A>r<114>R<GLU> 10.433000 -1.055000 -4.035000
c<A>r<115>R<THR> 12.541000 -2.979000 -1.534000
c<A>r<138>R<VAL> -7.040000 13.414000 -3.948000
c<A>r<141>R<SER> -1.256000 18.346001 -3.064000
c<A>r<142>R<LEU> 2.015000 19.065001 -2.269000
c<A>r<143>R<TYR> 1.517000 17.094000 0.592000
c<A>r<144>R<THR> 0.732000 13.685000 -0.227000
c<A>r<145>R<ALA> 2.516000 11.169000 -2.038000
c<A>r<146>R<GLY> 0.084000 11.606000 -4.788000
c<A>r<147>R<ARG> -3.179000 10.010000 -5.794000
c<A>r<148>R<ARG> -4.347000 6.620000 -4.339000
c<A>r<196>R<VAL> -11.723000 -3.741000 10.379000
c<A>r<198>R<ALA> -9.048000 -6.084000 14.583000
c<A>r<199>R<ALA> -10.269000 -2.569000 15.329000
c<A>r<201>R<LYS> -15.260000 -0.303000 15.460000
c<A>r<203>R<SER> -13.162000 3.439000 10.747000
c<A>r<204>R<PHE> -15.346000 6.529000 10.633000
c<A>r<216>R<GLY> -10.414000 5.757000 -0.105000
c<A>r<218>R<HIS> -8.816000 1.764000 3.328000
c<A>r<219>R<GLY> -11.413000 4.119000 4.718000
c<A>r<220>R<GLU> -9.364000 7.304000 4.157000
c<A>r<221>R<PRO> -11.251000 10.604000 4.240000
c<A>r<222>R<GLY> -12.573000 11.845000 0.853000
c<A>r<223>R<ILE> -12.928000 15.322000 -0.423000
c<B>r<28>R<THR> -3.086000 1.399000 17.881001
c<B>r<29>R<GLY> -5.399000 4.042000 19.323000
c<B>r<32>R<ARG> -6.805000 4.761000 14.615000
c<B>r<33>R<GLU> -7.226000 8.570000 14.537000
c<B>r<34>R<ILE> -4.963000 9.370000 11.665000
c<B>r<35>R<GLY> -4.216000 6.015000 10.022000
c<B>r<36>R<ASP> -5.531000 2.409000 9.696000
c<B>r<37>R<ALA> -5.388000 1.333000 13.420000
c<B>r<38>R<ASP> -2.635000 -1.241000 13.142000
c<B>r<39>R<HIS> 0.576000 0.482000 14.202000
c<B>r<41>R<LEU> -0.144000 -4.434000 16.493000
c<B>r<42>R<ASN> 2.629000 -4.121000 13.881000
c<B>r<71>R<MET> 16.006001 -7.983000 8.849000
c<B>r<73>R<LEU> 11.463000 -6.158000 11.275000
c<B>r<74>R<LEU> 11.571000 -5.988000 7.436000
c<B>r<75>R<SER> 10.171000 -9.489000 7.191000
c<B>r<76>R<SER> 7.621000 -9.414000 10.071000
c<B>r<77>R<VAL> 6.082000 -5.939000 9.978000
c<B>r<78>R<GLY> 3.972000 -4.958000 7.047000
c<B>r<79>R<GLY> 3.066000 -1.417000 6.052000
c<B>r<80>R<ALA> 5.397000 1.524000 6.220000
c<B>r<81>R<SER> 6.693000 0.790000 9.723000
c<B>r<82>R<GLY> 8.512000 -2.447000 8.709000
c<B>r<83>R<PRO> 10.686000 -0.952000 6.034000
c<B>r<84>R<LEU> 11.295000 2.291000 7.998000
c<B>r<121>R<ARG> 13.711000 5.619000 2.454000
c<B>r<122>R<GLY> 10.608000 7.438000 3.532000
c<B>r<123>R<LYS> 11.475000 10.727000 1.780000
c<B>r<128>R<ASP> 5.974000 16.224001 8.063000
c<B>r<174>R<GLN> -0.293000 18.533001 9.657000
c<B>r<175>R<ALA> 0.662000 15.119000 8.246000
c<B>r<176>R<ARG> 2.388000 15.351000 4.853000
c<B>r<177>R<LYS> 3.678000 11.761000 4.597000
c<B>r<178>R<GLY> 2.259000 8.235000 5.004000
c<B>r<179>R<ARG> -1.312000 7.249000 5.519000
c<B>r<180>R<ALA> -1.923000 10.191000 7.761000
c<B>r<181>R<SER> -1.210000 12.586000 4.861000
c<B>r<182>R<TYR> -4.611000 11.612000 3.382000
c<B>r<183>R<LEU> -6.411000 13.246000 6.239000
c<B>r<184>R<GLY> -4.829000 16.723000 5.469000
c<B>r<186>R<ARG> -7.863000 16.667999 9.951000
