1762842758928 0.0 33
1762842758944 0.0 33
1762842799042 1.0 67
1762842799058 1.0 67
1762842840279 2.0 101
1762842840298 2.0 101
1762842881859 3.0 135
1762842881879 3.0 135
1762842924625 4.0 169
1762842924644 4.0 169
1762842966229 5.0 203
1762842966246 5.0 203
1762843009002 6.0 237
1762843009006 6.0 237
1762843052918 7.0 271
1762843052935 7.0 271
1762843097225 8.0 305
1762843097246 8.0 305
1762843142652 9.0 339
1762843142673 9.0 339
1762843187162 10.0 373
1762843187165 10.0 373
1762843231066 11.0 407
1762843231079 11.0 407
1762843273312 12.0 441
1762843273326 12.0 441
1762843314442 13.0 475
1762843314454 13.0 475
1762843356980 14.0 509
1762843356999 14.0 509
1762843403008 15.0 543
1762843403011 15.0 543
1762843447903 16.0 577
1762843447924 16.0 577
1762843493162 17.0 611
1762843493165 17.0 611
1762843538580 18.0 645
1762843538601 18.0 645
1762843584141 19.0 679
1762843584144 19.0 679
1762843628137 20.0 713
1762843628141 20.0 713
1762843672865 21.0 747
1762843672869 21.0 747
1762843718959 22.0 781
1762843718979 22.0 781
1762843764759 23.0 815
1762843764782 23.0 815
1762843808743 24.0 849
1762843808763 24.0 849
1762843854903 25.0 883
1762843854923 25.0 883
1762843900714 26.0 917
1762843900733 26.0 917
1762843946837 27.0 951
1762843946850 27.0 951
1762843988913 28.0 985
1762843988918 28.0 985
1762844032505 29.0 1019
1762844032518 29.0 1019
1762844076219 30.0 1053
1762844076233 30.0 1053
1762844119447 31.0 1087
1762844119470 31.0 1087
1762844162826 32.0 1121
1762844162830 32.0 1121
1762844208740 33.0 1155
1762844208762 33.0 1155
1762844256400 34.0 1189
1762844256404 34.0 1189
1762844304334 35.0 1223
1762844304336 35.0 1223
1762844348639 36.0 1257
1762844348642 36.0 1257
1762844392283 37.0 1291
1762844392305 37.0 1291
1762844436461 38.0 1325
1762844436481 38.0 1325
1762844482814 39.0 1359
1762844482817 39.0 1359
1762844527815 40.0 1393
1762844527819 40.0 1393
1762844572164 41.0 1427
1762844572168 41.0 1427
1762844617717 42.0 1461
1762844617730 42.0 1461
1762844663222 43.0 1495
1762844663235 43.0 1495
1762844709118 44.0 1529
1762844709130 44.0 1529
1762844754461 45.0 1563
1762844754474 45.0 1563
1762844799203 46.0 1597
1762844799217 46.0 1597
1762844845518 47.0 1631
1762844845531 47.0 1631
1762844892250 48.0 1665
1762844892274 48.0 1665
1762844937193 49.0 1699
1762844937213 49.0 1699
1762844983039 50.0 1733
1762844983059 50.0 1733
1762845030793 51.0 1767
1762845030805 51.0 1767
1762845078051 52.0 1801
1762845078054 52.0 1801
1762845122997 53.0 1835
1762845123001 53.0 1835
1762845168490 54.0 1869
1762845168495 54.0 1869
1762845214256 55.0 1903
1762845214261 55.0 1903
1762845260164 56.0 1937
1762845260176 56.0 1937
1762845306678 57.0 1971
1762845306691 57.0 1971
1762845353072 58.0 2005
1762845353087 58.0 2005
1762845399156 59.0 2039
1762845399160 59.0 2039
1762845444763 60.0 2073
1762845444767 60.0 2073
1762845489926 61.0 2107
1762845489931 61.0 2107
1762845535858 62.0 2141
1762845535861 62.0 2141
1762845581372 63.0 2175
1762845581375 63.0 2175
1762845627935 64.0 2209
1762845627939 64.0 2209
1762845672694 65.0 2243
1762845672697 65.0 2243
1762845719024 66.0 2277
1762845719028 66.0 2277
1762845766085 67.0 2311
1762845766089 67.0 2311
1762845811632 68.0 2345
1762845811635 68.0 2345
1762845858388 69.0 2379
1762845858391 69.0 2379
1762845902700 70.0 2413
1762845902703 70.0 2413
1762845948208 71.0 2447
1762845948211 71.0 2447
1762845993228 72.0 2481
1762845993231 72.0 2481
1762846040583 73.0 2515
1762846040586 73.0 2515
1762846085262 74.0 2549
1762846085265 74.0 2549
1762846131504 75.0 2583
1762846131507 75.0 2583
1762846177442 76.0 2617
1762846177445 76.0 2617
1762846222526 77.0 2651
1762846222529 77.0 2651
1762846269243 78.0 2685
1762846269247 78.0 2685
1762846313833 79.0 2719
1762846313837 79.0 2719
1762846357185 80.0 2753
1762846357188 80.0 2753
1762846402353 81.0 2787
1762846402356 81.0 2787
1762846446932 82.0 2821
1762846446936 82.0 2821
1762846490687 83.0 2855
1762846490690 83.0 2855
1762846536240 84.0 2889
1762846536243 84.0 2889
1762846581609 85.0 2923
1762846581612 85.0 2923
1762846628010 86.0 2957
1762846628013 86.0 2957
1762846674220 87.0 2991
1762846674224 87.0 2991
1762846719466 88.0 3025
1762846719471 88.0 3025
1762846765460 89.0 3059
1762846765464 89.0 3059
1762846810560 90.0 3093
1762846810563 90.0 3093
1762846858151 91.0 3127
1762846858155 91.0 3127
1762846903010 92.0 3161
1762846903016 92.0 3161
1762846948576 93.0 3195
1762846948579 93.0 3195
1762846996031 94.0 3229
1762846996034 94.0 3229
1762847042736 95.0 3263
1762847042740 95.0 3263
1762847050430 96.0 3264
