c<A>r<5>R<GLY> -13.187000 21.634001 -4.928000
c<A>r<6>R<LEU> -10.803000 18.843000 -4.039000
c<A>r<7>R<ALA> -12.073000 17.917999 -0.544000
c<A>r<8>R<VAL> -12.787000 14.391000 -1.786000
c<A>r<9>R<MET> -9.012000 13.851000 -1.820000
c<A>r<10>R<LYS> -8.927000 13.989000 2.007000
c<A>r<11>R<THR> -9.785000 10.313000 2.345000
c<A>r<12>R<ILE> -6.787000 9.288000 0.199000
c<A>r<13>R<ASP> -4.652000 11.686000 2.316000
c<A>r<15>R<LEU> -5.156000 6.501000 4.168000
c<A>r<16>R<LEU> -1.513000 7.444000 3.525000
c<A>r<29>R<MET> 6.378000 -1.274000 6.616000
c<A>r<30>R<ILE> 3.620000 -3.829000 6.332000
c<A>r<31>R<ILE> 2.762000 -6.464000 8.937000
c<A>r<32>R<PRO> 2.139000 -9.342000 6.385000
c<A>r<33>R<GLN> -0.030000 -11.445000 8.740000
c<A>r<34>R<CYS> -2.566000 -8.586000 9.355000
c<A>r<35>R<SER> -1.885000 -6.151000 6.413000
c<A>r<36>R<HIS> -1.541000 -3.033000 8.746000
c<A>r<37>R<ASN> 1.138000 -0.443000 7.824000
c<A>r<64>R<ASP> 8.055000 -10.087000 10.530000
c<A>r<65>R<LEU> 8.110000 -6.569000 9.106000
c<A>r<66>R<LYS> 8.346000 -6.154000 5.343000
c<A>r<67>R<ASN> 8.772000 -3.072000 3.216000
c<A>r<68>R<ASN> 5.640000 -1.738000 1.348000
c<A>r<69>R<ARG> 7.424000 0.425000 -1.199000
c<A>r<70>R<ILE> 4.381000 1.327000 -3.210000
c<A>r<71>R<LEU> 2.996000 3.348000 -0.244000
c<A>r<73>R<GLU> 5.637000 6.127000 -4.057000
c<A>r<74>R<LEU> 2.028000 6.995000 -3.506000
c<A>r<75>R<VAL> 2.969000 9.527000 -0.689000
c<A>r<76>R<LYS> 5.470000 11.143000 -3.010000
c<A>r<77>R<SER> 2.998000 11.378000 -5.940000
c<A>r<78>R<LEU> 0.167000 12.669000 -3.783000
c<A>r<80>R<PHE> 3.435000 16.450001 -5.700000
c<A>r<81>R<ALA> -0.164000 16.503000 -6.996000
c<A>r<82>R<ARG> -1.290000 18.527000 -4.031000
c<A>r<84>R<HIS> 0.808000 21.379000 -8.109000
c<A>r<85>R<LEU> -2.975000 21.826000 -7.776000
c<A>r<88>R<PHE> -2.787000 26.934999 -9.943000
c<A>r<89>R<ALA> -5.792000 27.469999 -7.859000
c<B>r<6>R<GLY> -6.434000 20.499001 -14.843000
c<B>r<7>R<LEU> -5.995000 17.209000 -13.042000
c<B>r<8>R<ALA> -3.429000 15.497000 -15.293000
c<B>r<9>R<VAL> -1.016000 15.260000 -12.333000
c<B>r<10>R<MET> -3.334000 12.574000 -10.917000
c<B>r<11>R<LYS> -2.328000 10.172000 -13.712000
c<B>r<12>R<THR> 0.765000 9.031000 -11.846000
c<B>r<13>R<ILE> -1.269000 7.996000 -8.760000
c<B>r<14>R<ASP> -3.723000 6.248000 -11.166000
c<B>r<16>R<LEU> 0.590000 3.267000 -9.388000
c<B>r<17>R<LEU> -2.728000 1.650000 -8.427000
c<B>r<30>R<MET> -1.368000 -9.148000 -2.970000
c<B>r<31>R<ILE> 2.138000 -8.179000 -2.012000
c<B>r<32>R<ILE> 5.246000 -10.298000 -2.527000
c<B>r<33>R<PRO> 6.843000 -9.470000 0.930000
c<B>r<34>R<GLN> 10.431000 -10.362000 -0.096000
c<B>r<35>R<CYS> 10.446000 -7.875000 -3.077000
c<B>r<36>R<SER> 7.495000 -5.500000 -2.249000
c<B>r<37>R<HIS> 5.848000 -5.908000 -5.763000
c<B>r<38>R<ASN> 2.002000 -6.044000 -5.913000
c<B>r<65>R<ASP> 4.538000 -16.320999 0.103000
c<B>r<66>R<LEU> 1.734000 -14.021000 -1.015000
c<B>r<67>R<LYS> 0.197000 -11.669000 1.543000
c<B>r<68>R<ASN> -2.784000 -9.392000 1.306000
c<B>r<69>R<ASN> -2.098000 -5.582000 0.925000
c<B>r<70>R<ARG> -5.501000 -4.325000 1.957000
c<B>r<71>R<ILE> -4.614000 -0.688000 1.983000
c<B>r<72>R<LEU> -4.154000 -0.754000 -1.837000
c<B>r<74>R<GLU> -8.935000 1.009000 -0.018000
c<B>r<75>R<LEU> -6.874000 3.425000 -2.008000
c<B>r<76>R<VAL> -8.386000 2.086000 -5.363000
c<B>r<77>R<LYS> -11.857000 2.529000 -3.942000
c<B>r<78>R<SER> -11.156000 6.096000 -2.714000
c<B>r<79>R<LEU> -9.465000 7.134000 -5.946000
c<B>r<81>R<PHE> -14.787000 7.733000 -5.921000
c<B>r<82>R<ALA> -12.686000 10.943000 -6.155000
c<B>r<83>R<ARG> -12.416000 10.578000 -9.903000
c<B>r<85>R<HIS> -16.847000 13.078000 -8.126000
c<B>r<86>R<LEU> -14.366000 15.447000 -9.837000
c<B>r<89>R<PHE> -18.811001 18.634001 -12.222000
