c<A>r<5>R<GLY> -18.684999 -3.515000 18.771000
c<A>r<6>R<LEU> -16.642000 -2.139000 15.790000
c<A>r<7>R<ALA> -13.246000 -3.726000 16.702999
c<A>r<8>R<VAL> -13.360000 -5.515000 13.275000
c<A>r<9>R<MET> -12.744000 -2.090000 11.616000
c<A>r<10>R<LYS> -9.170000 -2.069000 13.082000
c<A>r<11>R<THR> -7.845000 -4.165000 10.131000
c<A>r<12>R<ILE> -9.075000 -1.452000 7.699000
c<A>r<13>R<ASP> -7.291000 1.216000 9.829000
c<A>r<15>R<LEU> -4.255000 -1.095000 6.024000
c<A>r<16>R<LEU> -4.690000 2.738000 5.678000
c<A>r<30>R<ILE> 2.310000 3.901000 -4.678000
c<A>r<31>R<ILE> 5.503000 2.198000 -5.903000
c<A>r<32>R<PRO> 4.019000 0.699000 -9.133000
c<A>r<33>R<GLN> 6.560000 -2.198000 -9.389000
c<A>r<34>R<CYS> 5.657000 -3.679000 -5.934000
c<A>r<35>R<SER> 2.319000 -1.943000 -5.024000
c<A>r<36>R<HIS> 3.588000 -0.754000 -1.577000
c<A>r<37>R<ASN> 2.173000 2.585000 -0.343000
c<A>r<64>R<ASP> 8.814000 5.984000 -10.170000
c<A>r<65>R<LEU> 6.388000 7.194000 -7.442000
c<A>r<66>R<LYS> 2.726000 7.651000 -8.502000
c<A>r<67>R<ASN> -0.254000 9.069000 -6.578000
c<A>r<68>R<ASN> -2.809000 6.614000 -5.082000
c<A>r<69>R<ARG> -5.607000 9.207000 -4.570000
c<A>r<70>R<ILE> -8.263000 6.591000 -3.608000
c<A>r<71>R<LEU> -6.328000 5.858000 -0.353000
c<A>r<73>R<GLU> -10.388000 9.423000 -0.029000
c<A>r<74>R<LEU> -10.671000 6.136000 1.952000
c<A>r<75>R<VAL> -8.766000 7.749000 4.907000
c<A>r<76>R<LYS> -11.182000 10.753000 4.810000
c<A>r<77>R<SER> -14.256000 8.463000 4.588000
c<A>r<78>R<LEU> -13.019000 6.139000 7.391000
c<A>r<80>R<PHE> -15.701000 10.546000 9.007000
c<A>r<81>R<ALA> -17.365999 7.132000 9.638000
c<A>r<82>R<ARG> -15.409000 6.682000 12.919000
c<A>r<84>R<HIS> -20.027000 9.680000 13.333000
c<A>r<85>R<LEU> -20.157000 6.180000 14.942000
c<B>r<5>R<GLY> -26.872999 2.998000 12.088000
c<B>r<6>R<LEU> -24.010000 2.144000 9.621000
c<B>r<7>R<ALA> -25.253000 4.141000 6.561000
c<B>r<8>R<VAL> -21.948999 6.148000 6.665000
c<B>r<9>R<MET> -20.097000 2.941000 5.593000
c<B>r<10>R<LYS> -21.736000 3.270000 2.114000
c<B>r<11>R<THR> -19.098000 5.861000 1.036000
c<B>r<12>R<ILE> -16.270000 3.359000 1.815000
c<B>r<13>R<ASP> -18.284000 0.603000 0.011000
c<B>r<15>R<LEU> -14.950000 3.811000 -3.085000
c<B>r<16>R<LEU> -14.038000 0.063000 -3.241000
c<B>r<30>R<ILE> -4.467000 1.422000 -11.125000
c<B>r<31>R<ILE> -3.851000 3.710000 -14.123000
c<B>r<32>R<PRO> -0.685000 5.428000 -12.715000
c<B>r<33>R<GLN> -1.076000 8.673000 -14.788000
c<B>r<34>R<CYS> -4.558000 9.505000 -13.342000
c<B>r<35>R<SER> -4.891000 7.178000 -10.272000
c<B>r<36>R<HIS> -8.262000 5.700000 -11.439000
c<B>r<37>R<ASN> -8.897000 2.069000 -10.397000
c<B>r<64>R<ASP> 0.560000 1.091000 -18.299000
c<B>r<65>R<LEU> -1.716000 -0.853000 -15.888000
c<B>r<66>R<LYS> -0.249000 -1.677000 -12.432000
c<B>r<67>R<ASN> -1.656000 -3.745000 -9.544000
c<B>r<68>R<ASN> -3.109000 -1.858000 -6.528000
c<B>r<69>R<ARG> -2.925000 -4.836000 -4.096000
c<B>r<70>R<ILE> -3.951000 -2.767000 -1.015000
c<B>r<71>R<LEU> -7.453000 -2.294000 -2.556000
c<B>r<73>R<GLU> -6.926000 -6.367000 0.953000
c<B>r<74>R<LEU> -9.309000 -3.466000 1.811000
c<B>r<75>R<VAL> -12.162000 -5.241000 -0.101000
c<B>r<76>R<LYS> -11.433000 -8.485000 1.855000
c<B>r<77>R<SER> -11.309000 -6.578000 5.187000
c<B>r<78>R<LEU> -14.521000 -4.602000 4.435000
c<B>r<80>R<PHE> -15.256000 -9.493000 6.622000
c<B>r<81>R<ALA> -16.320999 -6.447000 8.716000
c<B>r<82>R<ARG> -19.670000 -6.250000 6.844000
c<B>r<84>R<HIS> -19.669001 -9.555000 11.169000
c<B>r<85>R<LEU> -21.681999 -6.285000 11.612000
