c<A>r<1>R<ASP> 9.015000 -11.705000 14.634000
c<A>r<2>R<PRO> 7.875000 -10.811000 11.091000
c<A>r<3>R<LYS> 4.198000 -10.009000 11.051000
c<A>r<4>R<HIS> 2.007000 -10.796000 8.109000
c<A>r<5>R<GLY> -1.623000 -10.356000 6.956000
c<A>r<6>R<ASN> -3.889000 -9.766000 4.065000
c<A>r<7>R<LEU> -5.509000 -6.380000 3.266000
c<A>r<8>R<PHE> -8.518000 -8.165000 1.868000
c<A>r<9>R<ALA> -9.032000 -10.455000 4.741000
c<A>r<23>R<LEU> -0.626000 -2.134000 10.439000
c<A>r<24>R<LEU> 2.699000 -0.527000 11.552000
c<A>r<25>R<GLU> 3.465000 2.434000 13.731000
c<A>r<26>R<ARG> 6.998000 3.998000 14.193000
c<A>r<27>R<LYS> 8.191000 7.468000 15.178000
c<A>r<28>R<GLY> 6.636000 9.812000 12.643000
c<A>r<29>R<LEU> 5.197000 6.998000 10.653000
c<A>r<31>R<ILE> 0.790000 2.572000 7.947000
c<A>r<52>R<ASP> 2.314000 13.890000 4.430000
c<A>r<53>R<GLU> -0.165000 11.245000 3.424000
c<A>r<54>R<TRP> 0.403000 8.692000 0.717000
c<A>r<55>R<VAL> -2.702000 6.653000 -0.040000
c<A>r<56>R<VAL> -3.514000 3.877000 -2.596000
c<A>r<57>R<VAL> -6.966000 2.494000 -3.259000
c<A>r<58>R<SER> -8.597000 -0.899000 -3.883000
c<A>r<65>R<CYS> -7.904000 18.379000 -2.944000
c<A>r<68>R<ASP> -8.896000 20.850000 -7.638000
c<A>r<73>R<VAL> -9.506000 7.078000 -8.017000
c<A>r<74>R<ARG> -9.563000 3.495000 -9.345000
c<A>r<75>R<PRO> -7.850000 0.349000 -8.120000
c<A>r<76>R<GLY> -4.150000 1.025000 -7.890000
c<A>r<77>R<ASP> -4.455000 4.794000 -7.984000
c<A>r<78>R<TRP> -2.311000 6.477000 -5.445000
c<A>r<79>R<LEU> -2.247000 10.065000 -4.200000
c<A>r<80>R<HIS> 0.400000 11.898000 -2.321000
c<A>r<81>R<VAL> -1.184000 14.623000 -0.108000
c<A>r<82>R<PRO> 1.531000 16.999001 1.146000
c<A>r<83>R<ALA> 1.314000 18.332001 4.738000
c<A>r<85>R<CYS> -2.861000 20.237000 1.706000
c<A>r<87>R<HIS> -8.452000 17.273001 1.007000
c<A>r<101>R<LEU> -3.696000 1.645000 2.260000
c<A>r<103>R<VAL> 0.999000 5.954000 4.889000
c<A>r<105>R<CYS> 4.858000 10.432000 7.600000
c<A>r<106>R<ASP> 6.758000 13.518000 8.587000
c<A>r<107>R<ALA> 6.755000 16.225000 5.914000
c<B>r<1>R<ASP> 1.228000 20.006001 -5.511000
c<B>r<2>R<PRO> -0.448000 16.605000 -4.842000
c<B>r<3>R<LYS> 1.096000 13.912000 -6.963000
c<B>r<4>R<HIS> -0.841000 10.985000 -8.273000
c<B>r<5>R<GLY> -0.285000 7.742000 -10.255000
c<B>r<6>R<ASN> -1.341000 4.205000 -10.734000
c<B>r<7>R<LEU> 0.690000 1.190000 -9.488000
c<B>r<8>R<PHE> -0.558000 -0.827000 -12.417000
c<B>r<9>R<ALA> 0.221000 1.687000 -15.038000
c<B>r<23>R<LEU> 7.094000 7.037000 -5.200000
c<B>r<24>R<LEU> 7.937000 9.150000 -2.094000
c<B>r<25>R<GLU> 11.156000 9.742000 -0.246000
c<B>r<26>R<ARG> 11.473000 11.595000 3.138000
c<B>r<27>R<LYS> 14.004000 11.460000 5.974000
c<B>r<28>R<GLY> 14.066000 7.831000 7.093000
c<B>r<29>R<LEU> 11.294000 6.880000 4.768000
c<B>r<31>R<ILE> 7.864000 4.273000 -0.504000
c<B>r<52>R<ASP> 12.047000 -1.928000 8.834000
c<B>r<53>R<GLU> 10.374000 -2.973000 5.627000
c<B>r<54>R<TRP> 6.654000 -3.266000 5.131000
c<B>r<55>R<VAL> 5.739000 -4.813000 1.790000
c<B>r<56>R<VAL> 2.395000 -5.778000 0.119000
c<B>r<57>R<VAL> 2.047000 -7.775000 -3.064000
c<B>r<58>R<SER> -0.052000 -7.747000 -6.236000
c<B>r<65>R<CYS> 12.608000 -15.129000 6.351000
c<B>r<73>R<VAL> 2.184000 -14.556000 -0.789000
c<B>r<74>R<ARG> -1.044000 -13.785000 -2.716000
c<B>r<75>R<PRO> -2.581000 -10.505000 -3.798000
c<B>r<76>R<GLY> -3.040000 -8.324000 -0.753000
c<B>r<77>R<ASP> -0.628000 -10.226000 1.470000
c<B>r<78>R<TRP> 1.634000 -7.982000 3.417000
c<B>r<79>R<LEU> 4.764000 -8.676000 5.450000
c<B>r<80>R<HIS> 6.489000 -6.593000 8.009000
c<B>r<81>R<VAL> 10.264000 -7.380000 8.016000
c<B>r<82>R<PRO> 11.867000 -5.894000 11.150000
c<B>r<83>R<ALA> 15.363000 -4.319000 10.879000
c<B>r<85>R<CYS> 15.601000 -9.754000 9.922000
c<B>r<87>R<HIS> 14.897000 -12.436000 4.189000
c<B>r<101>R<LEU> 4.519000 -1.800000 -2.768000
c<B>r<103>R<VAL> 7.736000 0.984000 2.655000
c<B>r<105>R<CYS> 11.323000 3.215000 7.571000
c<B>r<106>R<ASP> 13.401000 3.693000 10.702000
c<B>r<107>R<ALA> 13.234000 0.818000 13.060000
c<B>r<108>R<ALA> 11.540000 1.065000 16.610001
