c<C>r<19>R<LEU> -28.922001 3.204000 -42.178001
c<C>r<20>R<PRO> -27.392000 4.106000 -39.032001
c<C>r<21>R<SER> -29.969000 5.336000 -36.297001
c<C>r<22>R<ARG> -29.681000 8.686000 -34.528000
c<C>r<23>R<GLN> -27.268000 8.121000 -31.962000
c<C>r<24>R<ILE> -28.148001 8.843000 -28.438000
c<C>r<25>R<SER> -24.929001 8.911000 -26.663000
c<C>r<26>R<ILE> -24.403000 6.982000 -23.429001
c<C>r<27>R<GLY> -21.559999 7.855000 -21.142000
c<C>r<28>R<SER> -19.440001 5.398000 -19.129000
c<C>r<29>R<LYS> -19.127001 4.630000 -15.402000
c<C>r<30>R<HIS> -15.427000 4.718000 -14.325000
c<C>r<31>R<PRO> -14.025000 1.098000 -13.970000
c<C>r<32>R<LEU> -12.942000 1.935000 -10.376000
c<C>r<33>R<THR> -16.430000 3.069000 -9.517000
c<C>r<37>R<GLU> -19.982000 -0.294000 -6.133000
c<C>r<40>R<GLU> -20.364000 -2.082000 -1.641000
c<C>r<41>R<ASP> -23.458000 -3.944000 -2.899000
c<C>r<42>R<LEU> -22.055000 -7.187000 -1.554000
c<C>r<43>R<PHE> -21.459000 -5.828000 1.950000
c<C>r<44>R<LEU> -24.702999 -3.914000 2.013000
c<C>r<45>R<GLY> -26.299000 -7.271000 1.481000
c<C>r<46>R<LEU> -24.459999 -8.485000 4.537000
c<C>r<47>R<GLY> -25.766001 -5.690000 6.614000
c<C>r<48>R<TYR> -22.621000 -3.454000 6.557000
c<C>r<49>R<GLU> -22.716000 0.348000 6.548000
c<C>r<50>R<ILE> -20.729000 2.423000 4.056000
c<C>r<51>R<VAL> -18.714001 5.093000 5.914000
c<C>r<54>R<TYR> -11.362000 12.687000 5.582000
c<C>r<55>R<GLU> -8.622000 12.473000 2.942000
c<C>r<56>R<VAL> -6.487000 14.877000 5.052000
c<C>r<57>R<GLU> -5.956000 13.244000 8.444000
c<C>r<58>R<GLN> -4.301000 13.732000 11.829000
c<C>r<71>R<SER> 9.259000 5.831000 15.477000
c<C>r<72>R<HIS> 7.600000 3.538000 12.909000
c<C>r<73>R<PRO> 9.141000 3.720000 9.435000
c<C>r<76>R<ASP> 8.658000 8.766000 7.983000
c<C>r<77>R<MET> 8.423000 11.845000 5.790000
c<C>r<78>R<GLN> 9.809000 9.624000 2.999000
c<C>r<80>R<SER> 3.910000 9.606000 3.795000
c<C>r<81>R<PHE> 2.674000 13.114000 2.456000
c<C>r<82>R<TYR> 2.902000 15.503000 5.485000
c<C>r<83>R<ILE> 1.249000 18.900999 5.465000
c<C>r<84>R<THR> 2.463000 19.652000 9.043000
c<C>r<85>R<ASP> 4.237000 17.457001 11.579000
c<C>r<86>R<GLU> 0.764000 16.306000 12.778000
c<C>r<87>R<ILE> -1.409000 16.541000 9.625000
c<C>r<88>R<LEU> -0.929000 14.317000 6.513000
c<C>r<89>R<MET> -2.696000 12.841000 3.476000
c<C>r<109>R<PRO> -21.716000 -4.214000 16.948000
c<C>r<111>R<LYS> -20.059000 -3.444000 10.885000
c<C>r<112>R<ILE> -18.712999 -0.958000 8.287000
c<C>r<117>R<LYS> -8.831000 7.636000 -1.953000
c<C>r<119>R<TYR> -2.011000 8.646000 -0.764000
c<C>r<121>R<ARG> 4.807000 8.756000 -1.563000
c<C>r<122>R<ASP> 5.557000 6.350000 -4.348000
c<C>r<123>R<SER> 6.579000 7.039000 -7.873000
c<C>r<130>R<HIS> 0.773000 8.143000 -5.499000
c<C>r<131>R<GLN> -3.087000 8.293000 -5.458000
c<C>r<132>R<PHE> -5.108000 5.167000 -5.357000
c<C>r<139>R<VAL> -16.523001 -5.844000 12.350000
c<C>r<141>R<ASP> -18.750000 -7.430000 18.431999
c<C>r<142>R<LYS> -18.743000 -10.102000 21.209999
c<C>r<143>R<ASN> -17.606001 -13.426000 19.864000
c<C>r<144>R<ILE> -16.018000 -12.546000 16.556999
c<C>r<145>R<LYS> -13.523000 -15.213000 15.568000
c<C>r<146>R<MET> -10.868000 -15.563000 12.901000
c<C>r<147>R<SER> -13.042000 -18.299999 11.329000
c<C>r<148>R<ASP> -15.670000 -15.491000 10.746000
c<C>r<149>R<LEU> -12.999000 -13.482000 8.957000
c<C>r<150>R<LYS> -12.159000 -16.466000 6.732000
c<C>r<151>R<GLY> -15.846000 -17.038000 5.850000
c<C>r<152>R<THR> -16.391001 -13.377000 5.017000
c<C>r<153>R<LEU> -13.299000 -13.227000 2.814000
c<C>r<154>R<GLU> -14.334000 -16.462000 1.016000
c<C>r<155>R<LEU> -17.705999 -14.818000 0.151000
c<C>r<167>R<ILE> -8.867000 -18.590000 -1.050000
c<C>r<168>R<ARG> -5.614000 -19.232000 0.761000
c<C>r<169>R<LEU> -4.669000 -17.466000 4.004000
c<C>r<170>R<ARG> -0.990000 -16.648001 4.753000
c<C>r<171>R<PRO> 0.336000 -15.351000 7.956000
c<C>r<172>R<SER> 1.422000 -11.644000 7.708000
c<C>r<173>R<TYR> 2.187000 -8.584000 9.833000
c<C>r<174>R<PHE> 0.180000 -5.461000 10.335000
c<C>r<175>R<PRO> 0.619000 -3.270000 13.455000
c<C>r<178>R<GLU> -2.887000 -9.819000 15.427000
c<C>r<179>R<PRO> -3.044000 -12.544000 14.082000
c<C>r<180>R<SER> -2.630000 -10.902000 10.551000
c<C>r<181>R<VAL> -3.177000 -12.618000 7.196000
c<C>r<182>R<GLU> -2.540000 -12.044000 3.587000
c<C>r<211>R<MET> -8.056000 -9.839000 14.017000
c<C>r<213>R<HIS> -5.166000 -5.756000 17.740999
c<C>r<214>R<PRO> -6.345000 -5.565000 21.468000
c<C>r<228>R<SER> -13.194000 -8.993000 19.415001
c<C>r<229>R<GLY> -13.193000 -7.929000 15.778000
c<C>r<252>R<PHE> -7.379000 5.064000 -14.141000
c<C>r<253>R<TYR> -6.300000 8.691000 -13.681000
c<C>r<254>R<THR> -5.441000 9.833000 -17.275999
c<C>r<255>R<ASN> -9.190000 9.917000 -18.139000
c<C>r<256>R<ASP> -8.433000 8.932000 -21.785999
c<C>r<257>R<VAL> -11.938000 8.723000 -23.433001
c<C>r<258>R<ARG> -10.683000 5.664000 -25.476000
c<C>r<260>R<LEU> -13.287000 5.092000 -20.296000
c<C>r<261>R<GLU> -15.717000 4.235000 -23.184999
c<C>r<263>R<PHE> -16.738001 0.308000 -19.761000
c<C>r<264>R<LYS> -20.157000 1.553000 -21.136000
c<D>r<26>R<THR> 6.001000 -20.031000 2.746000
c<D>r<27>R<ARG> 2.819000 -21.698000 3.938000
c<D>r<28>R<THR> 3.693000 -21.215000 7.565000
c<D>r<29>R<GLY> 4.562000 -17.500000 7.543000
c<D>r<30>R<ILE> 7.810000 -16.625999 5.791000
c<D>r<31>R<GLU> 7.425000 -15.793000 2.114000
c<D>r<154>R<LEU> 10.418000 -11.069000 5.569000
c<D>r<155>R<THR> 7.846000 -9.185000 7.611000
c<D>r<156>R<PRO> 9.236000 -6.787000 10.239000
c<D>r<157>R<ASN> 8.195000 -9.216000 13.066000
c<D>r<158>R<ARG> 10.253000 -12.135000 11.700000
c<D>r<334>R<PRO> 17.114000 0.779000 16.382000
c<D>r<335>R<VAL> 15.676000 4.283000 15.775000
c<D>r<336>R<SER> 19.014999 6.031000 16.188999
c<D>r<338>R<ARG> 17.948999 3.908000 11.238000
c<D>r<339>R<HIS> 18.013000 7.747000 11.270000
c<D>r<407>R<ASN> -9.974000 -21.573000 20.436001
c<D>r<408>R<LYS> -12.265000 -18.541000 21.017000
c<D>r<409>R<THR> -10.037000 -16.270000 19.032000
c<D>r<410>R<ILE> -9.433000 -18.657000 16.021000
c<D>r<411>R<GLY> -12.572000 -20.732000 16.056999
c<D>r<412>R<PHE> -10.657000 -23.945999 16.615999
c<D>r<452>R<GLU> -2.134000 -12.890000 21.055000
c<D>r<453>R<ASP> 1.302000 -13.325000 19.500999
c<D>r<454>R<LEU> 1.137000 -17.016001 20.745001
c<D>r<455>R<ILE> -2.259000 -17.452000 19.164000
c<D>r<456>R<GLU> -0.731000 -16.714001 15.733000
c<D>r<457>R<GLU> 2.000000 -19.275000 16.408001
c<D>r<459>R<ALA> -2.699000 -21.045000 14.131000
c<D>r<460>R<ARG> 0.227000 -20.879999 11.690000
c<D>r<463>R<GLY> -2.302000 -24.575001 9.639000
c<D>r<464>R<TYR> -4.406000 -21.599001 8.336000
c<D>r<465>R<ASP> -5.993000 -24.136000 5.930000
c<D>r<466>R<GLU> -7.439000 -25.847000 8.969000
c<D>r<467>R<ILE> -9.278000 -22.761000 10.242000
c<D>r<468>R<PRO> -12.983000 -23.249001 9.927000
c<D>r<469>R<SER> -14.969000 -21.048000 7.591000
c<D>r<470>R<SER> -17.892000 -19.295000 9.446000
c<D>r<471>R<LEU> -19.868000 -16.079000 9.091000
c<D>r<472>R<PRO> -20.476999 -13.817000 11.985000
c<D>r<473>R<VAL> -23.962000 -13.880000 13.420000
c<D>r<474>R<PHE> -25.187000 -10.568000 14.669000
c<D>r<475>R<GLY> -27.714001 -10.423000 17.420000
c<D>r<476>R<GLU> -29.158001 -7.344000 15.881000
c<D>r<477>R<VAL> -29.988001 -7.568000 12.237000
c<D>r<478>R<THR> -29.747999 -4.192000 10.459000
c<D>r<479>R<SER> -30.575001 -3.742000 6.796000
c<D>r<480>R<GLY> -27.740999 -2.664000 4.917000
c<D>r<481>R<GLU> -28.955999 0.251000 2.787000
c<D>r<482>R<LEU> -27.561001 3.268000 1.025000
c<D>r<483>R<THR> -28.004999 6.532000 2.843000
c<D>r<486>R<GLN> -25.434000 7.812000 -1.322000
c<D>r<490>R<ARG> -25.674000 6.826000 -7.614000
c<D>r<493>R<LYS> -24.285999 9.538000 -11.851000
c<D>r<494>R<GLU> -26.754000 7.372000 -13.886000
c<D>r<495>R<THR> -28.500000 10.479000 -15.139000
c<D>r<496>R<LEU> -25.177000 12.135000 -16.198000
c<D>r<497>R<GLU> -24.047001 9.049000 -17.927999
c<D>r<498>R<GLY> -27.481001 8.786000 -19.583000
c<D>r<499>R<ALA> -26.796000 12.258000 -21.025000
c<D>r<500>R<GLY> -23.570000 11.122000 -22.650999
c<D>r<501>R<LEU> -20.974001 12.247000 -20.024000
c<D>r<502>R<ASN> -18.070000 9.939000 -19.007000
c<D>r<503>R<GLN> -17.115999 9.618000 -15.298000
c<D>r<504>R<ALA> -13.623000 11.005000 -14.708000
c<D>r<505>R<ILE> -11.307000 10.580000 -11.634000
c<D>r<506>R<THR> -8.518000 13.216000 -11.441000
c<D>r<507>R<TYR> -5.498000 13.761000 -9.080000
c<D>r<508>R<SER> -6.269000 15.730000 -5.892000
c<D>r<509>R<LEU> -2.791000 17.415001 -5.890000
c<D>r<526>R<ILE> -2.786000 23.424000 1.439000
c<D>r<527>R<SER> 0.799000 22.504999 0.336000
c<D>r<528>R<LEU> 2.797000 19.382000 1.071000
c<D>r<529>R<LEU> 6.016000 19.688999 3.092000
c<D>r<530>R<MET> 7.912000 17.341000 0.680000
c<D>r<531>R<PRO> 6.196000 17.032000 -2.726000
c<D>r<532>R<MET> 7.612000 14.488000 -5.146000
c<D>r<533>R<SER> 6.741000 16.611000 -8.074000
c<D>r<536>R<HIS> 1.458000 17.424999 -7.378000
c<D>r<537>R<ALA> 2.455000 19.816000 -4.598000
c<D>r<538>R<THR> -0.695000 21.556000 -3.430000
c<D>r<539>R<LEU> -4.354000 20.356001 -2.766000
c<D>r<546>R<HIS> -7.281000 18.631001 -14.142000
c<D>r<547>R<LEU> -10.513000 18.275000 -16.120001
c<D>r<549>R<GLU> -5.838000 18.989000 -18.600000
c<D>r<550>R<ALA> -7.681000 15.732000 -19.365999
c<D>r<551>R<THR> -9.629000 17.410999 -22.167000
c<D>r<553>R<TYR> -4.844000 15.441000 -23.403999
c<D>r<554>R<ASN> -7.759000 13.910000 -25.320000
c<D>r<555>R<VAL> -7.922000 16.614000 -28.021000
c<D>r<557>R<ARG> -4.792000 12.497000 -29.329000
c<D>r<559>R<ASN> -10.409000 12.764000 -29.627001
c<D>r<561>R<ASP> -15.630000 15.131000 -28.683001
c<D>r<562>R<VAL> -14.972000 15.147000 -25.000999
c<D>r<563>R<ARG> -17.778000 15.005000 -22.330000
c<D>r<564>R<LEU> -16.506001 14.411000 -18.740000
c<D>r<565>R<TYR> -18.049999 14.822000 -15.221000
c<D>r<566>R<GLU> -16.409000 14.290000 -11.766000
c<D>r<569>R<ARG> -13.256000 16.740000 -3.055000
c<D>r<571>R<PHE> -9.643000 21.492001 -0.090000
c<D>r<576>R<GLU> -2.106000 26.183001 10.677000
c<D>r<577>R<GLY> -2.566000 22.856001 12.411000
c<D>r<578>R<GLU> -6.255000 22.549000 11.623000
c<D>r<579>R<LEU> -7.829000 20.075001 9.212000
c<D>r<580>R<PRO> -9.054000 21.667000 5.997000
c<D>r<581>R<ASP> -12.585000 21.922001 4.807000
c<D>r<582>R<GLU> -13.056000 19.097000 2.417000
c<D>r<594>R<TYR> -23.181000 16.672001 -28.819000
c<D>r<595>R<VAL> -25.268000 15.005000 -31.648001
c<D>r<596>R<VAL> -23.969000 13.840000 -35.032001
c<D>r<597>R<ASN> -25.695000 11.945000 -37.877998
c<D>r<598>R<ALA> -23.680000 12.917000 -40.888000
c<D>r<599>R<TRP> -25.926001 11.240000 -43.626999
c<D>r<600>R<GLN> -29.000999 13.149000 -42.131001
c<D>r<602>R<LYS> -27.431999 16.632000 -38.347000
