c<A>r<1>R<ILE> 14.865000 -4.653000 5.151000
c<A>r<2>R<GLU> 15.586000 -0.905000 5.694000
c<A>r<3>R<LEU> 13.993000 1.498000 3.032000
c<A>r<4>R<SER> 16.410999 2.592000 0.513000
c<A>r<6>R<GLU> 15.422000 6.678000 -2.472000
c<A>r<7>R<GLN> 12.443000 5.356000 -0.746000
c<A>r<8>R<GLN> 12.846000 7.305000 2.240000
c<A>r<10>R<SER> 10.026000 9.499000 -1.659000
c<A>r<11>R<ILE> 8.058000 9.106000 1.670000
c<A>r<12>R<ARG> 9.244000 12.390000 2.945000
c<A>r<14>R<PHE> 5.054000 12.805000 -0.401000
c<A>r<15>R<ALA> 4.519000 13.617000 3.305000
c<A>r<16>R<THR> 5.339000 17.190001 2.434000
c<A>r<18>R<VAL> 0.117000 15.858000 1.544000
c<A>r<19>R<GLN> 0.683000 18.495001 4.155000
c<A>r<25>R<ALA> -4.756000 15.238000 -0.973000
c<A>r<26>R<LYS> -7.901000 13.426000 0.013000
c<A>r<27>R<ASP> -8.353000 11.753000 -3.491000
c<A>r<28>R<PHE> -4.771000 10.733000 -3.481000
c<A>r<29>R<LEU> -4.985000 9.067000 -0.160000
c<A>r<30>R<VAL> -8.081000 7.002000 -1.237000
c<A>r<31>R<LYS> -6.265000 5.678000 -4.319000
c<A>r<32>R<LEU> -3.272000 4.787000 -2.404000
c<A>r<33>R<TYR> -5.249000 2.784000 0.075000
c<A>r<34>R<GLU> -6.958000 1.082000 -2.685000
c<A>r<35>R<GLN> -3.654000 -0.009000 -3.940000
c<A>r<36>R<VAL> -2.463000 -1.349000 -0.694000
c<A>r<37>R<VAL> -5.464000 -3.364000 -0.242000
c<A>r<38>R<ARG> -5.193000 -4.774000 -3.609000
c<A>r<39>R<GLU> -1.736000 -5.676000 -3.115000
c<A>r<40>R<ALA> -2.432000 -7.181000 0.241000
c<A>r<41>R<THR> -5.337000 -9.392000 -1.275000
c<A>r<42>R<TYR> -3.096000 -10.570000 -4.125000
c<A>r<45>R<LEU> -4.288000 -15.416000 -2.679000
c<B>r<1>R<ILE> -8.260000 -10.053000 -9.743000
c<B>r<2>R<GLU> -11.508000 -8.223000 -8.452000
c<B>r<3>R<LEU> -11.302000 -7.101000 -4.714000
c<B>r<4>R<SER> -13.112000 -9.189000 -2.442000
c<B>r<6>R<GLU> -14.453000 -7.481000 2.291000
c<B>r<7>R<GLN> -11.823000 -5.484000 0.685000
c<B>r<8>R<GLN> -14.124000 -3.255000 -1.003000
c<B>r<10>R<SER> -12.693000 -1.858000 3.858000
c<B>r<11>R<ILE> -11.812000 0.777000 1.156000
c<B>r<12>R<ARG> -15.127000 2.400000 1.419000
c<B>r<14>R<PHE> -11.693000 3.953000 5.268000
c<B>r<15>R<ALA> -12.674000 6.462000 2.573000
c<B>r<16>R<THR> -15.471000 7.609000 4.825000
c<B>r<18>R<VAL> -10.763000 9.941000 6.013000
c<B>r<19>R<GLN> -13.504000 12.261000 4.853000
c<B>r<25>R<ALA> -6.416000 11.273000 8.662000
c<B>r<26>R<LYS> -3.094000 12.825000 7.814000
c<B>r<27>R<ASP> -1.125000 10.365000 10.088000
c<B>r<28>R<PHE> -2.917000 7.479000 8.638000
c<B>r<29>R<LEU> -2.122000 8.418000 5.130000
c<B>r<30>R<VAL> 1.624000 8.766000 5.875000
c<B>r<31>R<LYS> 1.760000 5.244000 7.382000
c<B>r<32>R<LEU> -0.009000 3.772000 4.605000
c<B>r<33>R<TYR> 2.372000 5.184000 2.108000
c<B>r<34>R<GLU> 5.174000 3.960000 4.094000
c<B>r<35>R<GLN> 3.793000 0.534000 3.796000
c<B>r<36>R<VAL> 3.377000 0.653000 0.119000
c<B>r<37>R<VAL> 6.852000 1.767000 -0.356000
c<B>r<38>R<ARG> 8.123000 -0.926000 1.789000
c<B>r<39>R<GLU> 6.207000 -3.477000 0.022000
c<B>r<40>R<ALA> 7.312000 -2.178000 -3.293000
c<B>r<41>R<THR> 11.134000 -2.273000 -2.215000
c<B>r<42>R<TYR> 10.731000 -5.832000 -0.943000
c<B>r<45>R<LEU> 14.703000 -7.148000 -3.970000
