c<A>r<35>R<ASP> 15.488000 3.696000 -6.396000
c<A>r<36>R<TYR> 11.803000 3.212000 -5.128000
c<A>r<39>R<VAL> 2.294000 5.943000 -5.001000
c<A>r<41>R<ASN> -3.741000 6.777000 -4.347000
c<A>r<42>R<SER> -7.228000 5.451000 -3.262000
c<A>r<43>R<TYR> -9.648000 5.527000 -6.214000
c<A>r<45>R<GLY> -8.277000 1.272000 -9.684000
c<A>r<46>R<GLU> -11.973000 1.168000 -9.090000
c<A>r<51>R<SER> -4.805000 -1.776000 -13.128000
c<A>r<52>R<GLY> -1.174000 -1.497000 -12.082000
c<A>r<53>R<LEU> -1.171000 2.301000 -11.482000
c<A>r<54>R<SER> 2.241000 2.333000 -9.763000
c<A>r<55>R<SER> 3.939000 0.335000 -12.571000
c<A>r<56>R<LEU> 2.324000 2.516000 -15.236000
c<A>r<57>R<ILE> 3.542000 5.669000 -13.429000
c<A>r<58>R<THR> 7.177000 4.449000 -13.441000
c<A>r<59>R<THR> 6.850000 3.593000 -17.153999
c<A>r<60>R<TYR> 5.397000 6.979000 -17.858000
c<A>r<62>R<ASN> 10.835000 6.550000 -17.830000
c<A>r<63>R<LEU> 11.847000 4.906000 -14.477000
c<A>r<64>R<ASP> 11.467000 1.516000 -16.094000
c<A>r<65>R<TYR> 13.611000 -0.500000 -13.638000
c<A>r<66>R<VAL> 12.635000 1.377000 -10.428000
c<A>r<67>R<PRO> 10.341000 -0.727000 -8.222000
c<A>r<68>R<SER> 7.007000 0.782000 -7.181000
c<A>r<69>R<LEU> 3.863000 -0.032000 -5.162000
c<A>r<70>R<ARG> 0.584000 1.682000 -4.445000
c<A>r<71>R<VAL> -0.406000 2.544000 -0.815000
c<A>r<72>R<ASP> -4.075000 2.972000 -0.047000
c<A>r<73>R<ASN> -5.627000 4.119000 3.278000
c<A>r<74>R<THR> -8.416000 6.340000 1.795000
c<A>r<75>R<SER> -7.936000 9.995000 3.097000
c<A>r<76>R<GLY> -4.970000 8.677000 5.182000
c<A>r<77>R<SER> -3.093000 7.308000 2.126000
c<A>r<80>R<SER> 0.757000 6.002000 5.333000
c<A>r<81>R<ALA> 2.802000 6.355000 2.141000
c<A>r<83>R<LEU> 5.583000 5.948000 6.765000
c<A>r<84>R<VAL> 6.295000 3.219000 4.167000
c<A>r<85>R<ALA> 8.968000 5.425000 2.573000
c<A>r<86>R<LYS> 10.638000 6.123000 5.933000
c<A>r<87>R<SER> 10.626000 2.382000 6.754000
c<A>r<88>R<LEU> 12.156000 1.446000 3.380000
c<A>r<89>R<LEU> 14.967000 3.956000 3.973000
c<A>r<90>R<GLU> 15.704000 3.016000 7.614000
c<A>r<91>R<SER> 15.654000 -0.696000 6.746000
c<A>r<92>R<LYS> 18.171000 -0.032000 3.869000
c<A>r<93>R<GLU> 15.852000 -1.514000 1.357000
c<A>r<94>R<ALA> 16.065001 1.851000 -0.495000
c<A>r<111>R<ILE> -18.264000 8.264000 -2.596000
c<A>r<213>R<GLY> 8.566000 10.937000 14.450000
c<A>r<214>R<ILE> 5.501000 9.159000 12.944000
c<A>r<215>R<GLY> 2.510000 7.810000 14.910000
c<A>r<216>R<SER> -0.195000 5.602000 13.404000
c<A>r<217>R<SER> -3.474000 4.265000 14.761000
c<A>r<218>R<ASN> -6.807000 2.954000 13.630000
c<A>r<219>R<TYR> -10.207000 3.072000 15.356000
c<A>r<220>R<THR> -13.520000 1.354000 14.670000
c<A>r<221>R<ALA> -14.614000 1.886000 11.070000
c<A>r<222>R<TYR> -18.309999 1.868000 12.207000
c<A>r<233>R<PRO> -9.524000 8.257000 19.184000
c<A>r<234>R<ALA> -7.288000 7.279000 16.204000
c<A>r<237>R<GLU> -3.385000 7.632000 19.802999
c<A>r<238>R<ALA> -1.463000 8.486000 16.618999
c<A>r<245>R<LYS> 9.012000 9.229000 18.983000
c<A>r<343>R<GLY> -10.406000 10.110000 7.386000
c<A>r<346>R<ASN> -10.915000 5.266000 10.896000
c<A>r<347>R<SER> -7.165000 5.678000 10.465000
c<A>r<348>R<ALA> -4.751000 8.436000 11.427000
c<A>r<349>R<THR> -1.098000 9.095000 10.662000
c<C>r<35>R<ASP> 0.773000 -3.928000 16.219000
c<C>r<36>R<TYR> 0.429000 -3.380000 12.342000
c<C>r<39>R<VAL> -3.395000 -5.922000 3.590000
c<C>r<41>R<ASN> -5.299000 -6.628000 -2.185000
c<C>r<42>R<SER> -5.804000 -5.164000 -5.727000
c<C>r<43>R<TYR> -9.466000 -5.303000 -6.634000
c<C>r<44>R<SER> -11.657000 -4.298000 -3.580000
c<C>r<45>R<THR> -13.274000 -1.039000 -2.431000
c<C>r<46>R<SER> -11.167000 1.611000 -0.771000
c<C>r<47>R<GLY> -11.160000 1.532000 3.071000
c<C>r<48>R<LEU> -10.609000 -2.202000 3.057000
c<C>r<49>R<SER> -7.666000 -2.265000 5.529000
c<C>r<50>R<SER> -9.525000 -0.273000 8.231000
c<C>r<51>R<LEU> -12.666000 -2.374000 7.770000
c<C>r<52>R<ILE> -10.585000 -5.562000 8.153000
c<C>r<53>R<THR> -9.090000 -4.433000 11.502000
c<C>r<54>R<THR> -12.594000 -3.504000 12.708000
c<C>r<55>R<TYR> -13.911000 -6.850000 11.613000
c<C>r<57>R<ASN> -11.656000 -6.520000 16.591000
c<C>r<58>R<LEU> -8.144000 -4.935000 16.171000
c<C>r<59>R<ASP> -9.693000 -1.512000 16.547001
c<C>r<60>R<TYR> -6.528000 0.408000 17.517000
c<C>r<61>R<VAL> -4.038000 -1.506000 15.312000
c<C>r<62>R<PRO> -2.894000 0.618000 12.347000
c<C>r<63>R<SER> -3.349000 -0.841000 8.854000
c<C>r<64>R<LEU> -2.792000 0.031000 5.169000
c<C>r<65>R<ARG> -3.480000 -1.620000 1.835000
c<C>r<66>R<VAL> -0.586000 -2.519000 -0.528000
c<C>r<67>R<ASP> -1.403000 -2.873000 -4.199000
c<C>r<68>R<ASN> 0.968000 -4.035000 -6.967000
c<C>r<69>R<THR> -1.646000 -6.148000 -8.934000
c<C>r<70>R<SER> -0.282000 -9.826000 -9.161000
c<C>r<71>R<GLY> 2.844000 -8.630000 -7.275000
c<C>r<72>R<SER> 0.854000 -7.272000 -4.273000
c<C>r<75>R<SER> 5.378000 -6.102000 -2.053000
c<C>r<76>R<ALA> 3.313000 -6.448000 1.119000
c<C>r<78>R<LEU> 8.660000 -6.172000 1.745000
c<C>r<79>R<VAL> 6.655000 -3.420000 3.500000
c<C>r<80>R<ALA> 6.239000 -5.657000 6.561000
c<C>r<81>R<LYS> 9.976000 -6.427000 6.687000
c<C>r<82>R<SER> 10.785000 -2.688000 6.388000
c<C>r<83>R<LEU> 8.357000 -1.741000 9.176000
c<C>r<84>R<LEU> 9.990000 -4.310000 11.470000
c<C>r<85>R<GLU> 13.625000 -3.446000 10.663000
c<C>r<86>R<SER> 12.892000 0.290000 11.032000
c<C>r<87>R<LYS> 11.276000 -0.392000 14.496000
c<C>r<88>R<GLU> 8.073000 1.185000 13.407000
c<C>r<89>R<ALA> 6.403000 -2.170000 14.306000
c<C>r<197>R<GLY> 16.782000 -11.318000 1.249000
c<C>r<198>R<ILE> 14.186000 -9.463000 -0.907000
c<C>r<199>R<GLY> 14.774000 -8.074000 -4.423000
c<C>r<200>R<SER> 12.345000 -5.787000 -6.233000
c<C>r<201>R<SER> 12.269000 -4.404000 -9.765000
c<C>r<202>R<ASN> 9.901000 -3.009000 -12.341000
c<C>r<203>R<TYR> 10.092000 -3.079000 -16.141001
c<C>r<204>R<THR> 8.178000 -1.221000 -18.830000
c<C>r<205>R<ALA> 4.428000 -1.738000 -18.452000
c<C>r<206>R<TYR> 4.058000 -1.466000 -22.240000
c<C>r<217>R<PRO> 13.728000 -8.322000 -17.153999
c<C>r<218>R<ALA> 11.954000 -7.347000 -13.865000
c<C>r<221>R<GLU> 16.837999 -7.847000 -11.796000
c<C>r<222>R<ALA> 14.709000 -8.687000 -8.745000
c<C>r<229>R<LYS> 21.143999 -9.693000 -0.178000
c<C>r<327>R<GLY> 2.664000 -9.440000 -12.920000
c<C>r<329>R<GLY> 6.600000 -8.605000 -16.063999
c<C>r<330>R<ASN> 5.669000 -5.165000 -14.954000
c<C>r<331>R<SER> 6.789000 -5.681000 -11.380000
c<C>r<332>R<ALA> 8.635000 -8.505000 -9.614000
c<C>r<333>R<THR> 9.407000 -9.217000 -5.978000
