c<A>r<2>R<HIS> -0.642000 -12.641000 -8.971000
c<A>r<3>R<TYR> -0.800000 -9.141000 -7.561000
c<A>r<4>R<TYR> 1.815000 -7.880000 -5.054000
c<A>r<5>R<VAL> 1.930000 -4.595000 -3.118000
c<A>r<7>R<PHE> 5.214000 -0.272000 -0.157000
c<A>r<26>R<LEU> 8.687000 5.592000 -14.460000
c<A>r<29>R<LEU> 6.231000 1.195000 -14.415000
c<A>r<30>R<LYS> 5.398000 1.952000 -18.020000
c<A>r<33>R<GLN> 1.571000 -1.159000 -17.736000
c<A>r<38>R<LEU> 0.201000 -2.811000 -13.435000
c<A>r<39>R<LEU> -2.900000 -2.130000 -11.255000
c<A>r<40>R<THR> -1.757000 1.294000 -9.823000
c<A>r<41>R<ALA> 1.382000 3.187000 -8.745000
c<A>r<42>R<GLY> 2.286000 6.575000 -7.275000
c<A>r<43>R<PRO> 4.266000 8.457000 -4.642000
c<A>r<44>R<ASN> 3.206000 9.264000 -1.026000
c<A>r<45>R<PRO> 3.325000 13.084000 -0.627000
c<A>r<46>R<ALA> 4.820000 14.242000 2.686000
c<A>r<47>R<ILE> 1.855000 16.635000 3.218000
c<A>r<48>R<ASP> -1.874000 16.299999 2.461000
c<A>r<49>R<ASP> -1.436000 17.749001 -1.100000
c<A>r<50>R<GLU> -0.867000 15.888000 -4.454000
c<A>r<51>R<ASN> 1.784000 18.309999 -5.284000
c<A>r<57>R<PHE> 7.525000 12.449000 -0.576000
c<A>r<58>R<THR> 7.660000 9.862000 2.204000
c<A>r<59>R<GLY> 7.494000 6.881000 -0.207000
c<A>r<60>R<SER> 5.703000 5.041000 -3.042000
c<A>r<61>R<THR> 2.993000 2.469000 -3.402000
c<A>r<62>R<VAL> 2.894000 0.037000 -6.371000
c<A>r<63>R<ILE> 0.435000 -2.807000 -6.985000
c<A>r<67>R<GLU> 5.202000 -14.554000 -11.391000
c<A>r<68>R<ASN> 5.889000 -15.086000 -7.688000
c<A>r<69>R<LEU> 6.824000 -13.170000 -4.487000
c<A>r<70>R<GLN> 10.550000 -13.584000 -5.132000
c<A>r<92>R<VAL> 6.696000 -6.562000 -0.630000
c<A>r<93>R<LYS> 3.650000 -8.642000 0.100000
c<A>r<94>R<PRO> 1.178000 -10.825000 -1.853000
c<A>r<95>R<PHE> -2.115000 -8.948000 -2.568000
c<A>r<96>R<LYS> -5.378000 -10.666000 -3.054000
c<A>r<97>R<LYS> -7.413000 -8.121000 -5.096000
c<A>r<98>R<VAL> -11.036000 -8.192000 -3.825000
c<A>r<99>R<PHE> -12.191000 -4.788000 -4.967000
c<B>r<2>R<HIS> -7.778000 12.694000 -2.812000
c<B>r<3>R<TYR> -6.505000 9.132000 -2.716000
c<B>r<4>R<TYR> -4.892000 7.688000 0.453000
c<B>r<5>R<VAL> -3.175000 4.316000 0.980000
c<B>r<7>R<PHE> -1.410000 -0.219000 4.775000
c<B>r<26>R<LEU> -16.295000 -5.579000 3.774000
c<B>r<29>R<LEU> -15.409000 -1.118000 1.616000
c<B>r<30>R<LYS> -18.643000 -1.696000 -0.233000
c<B>r<33>R<GLN> -17.177999 1.513000 -3.688000
c<B>r<38>R<LEU> -12.617000 3.019000 -3.703000
c<B>r<39>R<LEU> -9.659000 2.352000 -6.080000
c<B>r<40>R<THR> -8.719000 -1.167000 -4.720000
c<B>r<41>R<ALA> -8.644000 -3.191000 -1.481000
c<B>r<42>R<GLY> -7.598000 -6.665000 -0.340000
c<B>r<43>R<PRO> -5.716000 -8.725000 2.225000
c<B>r<44>R<ASN> -1.973000 -9.647000 2.211000
c<B>r<45>R<PRO> -1.747000 -13.479000 2.271000
c<B>r<46>R<ALA> 0.964000 -14.827000 4.594000
c<B>r<47>R<ILE> 2.241000 -17.131001 1.804000
c<B>r<48>R<ASP> 2.598000 -16.643000 -1.967000
c<B>r<49>R<ASP> -0.985000 -17.947001 -2.618000
c<B>r<50>R<GLU> -4.306000 -15.968000 -2.953000
c<B>r<51>R<ASN> -5.924000 -18.448999 -0.751000
c<B>r<57>R<PHE> -2.881000 -12.981000 6.343000
c<B>r<58>R<THR> -0.172000 -10.521000 7.361000
c<B>r<59>R<GLY> -2.336000 -7.436000 6.643000
c<B>r<60>R<SER> -4.482000 -5.416000 4.206000
c<B>r<61>R<THR> -3.972000 -2.748000 1.609000
c<B>r<62>R<VAL> -6.716000 -0.195000 0.776000
c<B>r<63>R<ILE> -6.509000 2.739000 -1.642000
c<B>r<68>R<ASN> -8.351000 14.873000 3.899000
c<B>r<69>R<LEU> -5.614000 12.784000 5.626000
c<B>r<70>R<GLN> -7.293000 13.125000 9.023000
c<B>r<92>R<VAL> -2.099000 6.036000 6.334000
c<B>r<93>R<LYS> -0.459000 8.172000 3.708000
c<B>r<94>R<PRO> -1.552000 10.516000 0.881000
c<B>r<95>R<PHE> -1.346000 8.763000 -2.554000
c<B>r<96>R<LYS> -0.825000 10.608000 -5.738000
c<B>r<97>R<LYS> -2.253000 8.225000 -8.392000
c<B>r<98>R<VAL> 0.010000 8.352000 -11.490000
c<B>r<99>R<PHE> -0.869000 5.038000 -13.051000
