c<A>r<62>R<THR> -3.754000 -10.121000 1.396000
c<A>r<63>R<GLY> 0.052000 -10.672000 1.390000
c<A>r<69>R<GLY> -0.231000 -0.090000 10.609000
c<A>r<70>R<GLY> -2.087000 -0.991000 7.394000
c<A>r<71>R<PRO> -3.780000 0.752000 4.385000
c<A>r<72>R<PRO> -7.530000 0.169000 5.162000
c<A>r<73>R<ALA> -8.704000 0.788000 1.549000
c<A>r<74>R<LEU> -6.194000 -1.737000 0.138000
c<A>r<77>R<TRP> -9.894000 -4.245000 -1.674000
c<A>r<78>R<ASN> -7.728000 -7.406000 -1.400000
c<A>r<81>R<HIS> -14.113000 -11.397000 -2.993000
c<A>r<91>R<SER> -16.115000 5.911000 -10.500000
c<A>r<92>R<ARG> -17.980000 2.525000 -10.169000
c<A>r<99>R<VAL> -11.256000 6.111000 -3.378000
c<A>r<100>R<ASP> -9.762000 6.071000 -6.918000
c<A>r<101>R<GLY> -8.449000 9.704000 -7.147000
c<A>r<102>R<THR> -11.977000 11.222000 -7.501000
c<A>r<103>R<ASP> -12.592000 14.550000 -5.675000
c<A>r<115>R<LEU> -7.311000 9.686000 7.729000
c<A>r<117>R<GLY> -3.588000 13.510000 10.765000
c<A>r<118>R<GLN> -0.798000 11.586000 8.970000
c<A>r<119>R<GLU> -1.063000 7.882000 10.043000
c<A>r<148>R<ASP> -9.060000 12.377000 3.844000
c<A>r<149>R<VAL> -11.638000 9.685000 2.899000
c<A>r<150>R<LEU> -10.136000 6.237000 2.166000
c<A>r<162>R<GLN> -17.292999 14.339000 -12.486000
c<C>r<62>R<THR> -5.544000 -8.017000 -10.909000
c<C>r<63>R<GLY> -9.334000 -8.617000 -11.042000
c<C>r<65>R<GLU> -11.820000 -3.610000 -14.880000
c<C>r<69>R<GLY> -9.241000 3.845000 -17.461000
c<C>r<70>R<GLY> -7.443000 2.260000 -14.492000
c<C>r<71>R<PRO> -5.919000 3.175000 -11.061000
c<C>r<72>R<PRO> -2.125000 2.888000 -11.788000
c<C>r<73>R<ALA> -1.180000 2.529000 -8.071000
c<C>r<74>R<LEU> -3.628000 -0.392000 -7.466000
c<C>r<77>R<TRP> 0.273000 -3.109000 -6.293000
c<C>r<78>R<ASN> -1.828000 -6.112000 -7.420000
c<C>r<81>R<HIS> 4.579000 -10.275000 -6.703000
c<C>r<89>R<THR> 4.749000 2.569000 0.241000
c<C>r<91>R<SER> 5.814000 4.820000 5.161000
c<C>r<99>R<VAL> 1.022000 6.470000 -2.037000
c<C>r<100>R<ASP> -0.496000 5.462000 1.351000
c<C>r<101>R<GLY> -1.846000 8.917000 2.453000
c<C>r<102>R<THR> 1.529000 10.528000 3.403000
c<C>r<103>R<ASP> 1.995000 14.207000 2.426000
c<C>r<115>R<LEU> -2.554000 12.815000 -11.889000
c<C>r<118>R<GLN> -8.949000 14.961000 -12.872000
c<C>r<119>R<GLU> -8.729000 11.623000 -14.838000
c<C>r<148>R<ASP> -1.030000 14.490000 -7.426000
c<C>r<150>R<LEU> 0.205000 8.083000 -7.303000
c<C>r<161>R<GLY> 5.995000 8.592000 7.719000
c<C>r<162>R<GLU> 6.915000 9.969000 11.191000
