c<A>r<33>R<PRO> -12.326000 -11.421000 -24.006001
c<A>r<34>R<GLU> -11.694000 -8.522000 -21.547001
c<A>r<35>R<ARG> -13.465000 -10.297000 -18.617001
c<A>r<36>R<PHE> -11.541000 -13.480000 -19.490999
c<A>r<37>R<ASN> -8.233000 -11.495000 -19.407000
c<A>r<38>R<VAL> -9.188000 -10.063000 -15.964000
c<A>r<39>R<PHE> -10.049000 -13.617000 -14.797000
c<A>r<40>R<LYS> -6.638000 -14.881000 -16.089001
c<A>r<41>R<TYR> -4.899000 -11.946000 -14.373000
c<A>r<42>R<ASN> -6.636000 -12.520000 -11.000000
c<A>r<43>R<VAL> -6.335000 -16.365999 -10.993000
c<A>r<44>R<ARG> -2.554000 -16.226999 -11.712000
c<A>r<45>R<ARG> -2.081000 -13.756000 -8.791000
c<A>r<65>R<ASP> -13.644000 -11.220000 -13.482000
c<A>r<66>R<MET> -13.450000 -7.765000 -11.770000
c<A>r<67>R<THR> -10.270000 -5.679000 -11.706000
c<A>r<68>R<ASN> -9.368000 -4.476000 -8.191000
c<A>r<69>R<LEU> -10.261000 -0.890000 -9.263000
c<A>r<70>R<GLU> -13.791000 -2.006000 -10.378000
c<A>r<79>R<LYS> -14.878000 7.350000 1.716000
c<A>r<81>R<SER> -10.942000 8.755000 5.552000
c<A>r<82>R<HIS> -12.139000 11.521000 3.182000
c<A>r<83>R<PHE> -15.212000 12.456000 5.290000
c<A>r<84>R<GLN> -13.085000 12.119000 8.469000
c<A>r<85>R<ALA> -10.512000 14.598000 7.046000
c<A>r<86>R<LEU> -13.303000 17.049000 5.978000
c<A>r<87>R<ARG> -15.366000 16.954000 9.220000
c<A>r<88>R<GLY> -13.622000 14.827000 11.878000
c<A>r<89>R<SER> -10.310000 14.845000 13.770000
c<A>r<90>R<ALA> -6.932000 13.251000 13.059000
c<A>r<91>R<PRO> -6.619000 9.779000 14.705000
c<A>r<92>R<GLY> -5.557000 9.962000 18.431999
c<A>r<93>R<SER> -7.231000 13.320000 19.426001
c<A>r<241>R<SER> -8.087000 -2.246000 -1.297000
c<A>r<242>R<GLY> -5.825000 -4.668000 -3.242000
c<A>r<243>R<HIS> -6.084000 -8.168000 -4.777000
c<A>r<244>R<GLY> -5.348000 -9.999000 -1.462000
c<A>r<255>R<GLY> -0.865000 -8.979000 3.552000
c<A>r<256>R<ASP> -0.318000 -5.445000 2.248000
c<A>r<257>R<CYS> -2.890000 -2.671000 2.749000
c<A>r<258>R<GLY> -2.764000 1.135000 3.110000
c<A>r<259>R<THR> -3.967000 3.334000 6.025000
c<A>r<260>R<GLU> -6.792000 5.217000 4.220000
c<A>r<262>R<ASN> -12.559000 3.285000 2.569000
c<A>r<308>R<CYS> -5.362000 -1.550000 7.104000
c<B>r<33>R<PRO> -13.623000 25.375999 7.287000
c<B>r<34>R<GLU> -13.527000 22.054001 5.333000
c<B>r<35>R<ARG> -10.092000 22.791000 3.753000
c<B>r<36>R<PHE> -8.817000 23.927999 7.170000
c<B>r<37>R<ASN> -10.015000 20.605000 8.721000
c<B>r<38>R<VAL> -8.217000 18.650999 5.934000
c<B>r<39>R<PHE> -5.077000 20.759001 6.569000
c<B>r<40>R<LYS> -5.329000 19.993999 10.344000
c<B>r<41>R<TYR> -5.829000 16.282000 9.573000
c<B>r<42>R<ASN> -2.821000 16.084000 7.200000
c<B>r<43>R<VAL> -0.415000 18.214001 9.338000
c<B>r<44>R<ARG> -1.078000 16.112000 12.495000
c<B>r<45>R<ARG> -0.342000 12.896000 10.503000
c<B>r<65>R<ASP> -5.527000 20.940001 2.076000
c<B>r<66>R<MET> -6.328000 17.908001 -0.176000
c<B>r<67>R<THR> -7.638000 14.632000 1.240000
c<B>r<68>R<ASN> -5.650000 11.615000 -0.001000
c<B>r<69>R<LEU> -8.730000 10.543000 -2.053000
c<B>r<70>R<GLU> -8.865000 13.975000 -3.820000
c<B>r<79>R<LYS> -5.271000 3.099000 -13.982000
c<B>r<81>R<SER> -3.175000 -2.116000 -13.130000
c<B>r<82>R<HIS> -6.768000 -1.901000 -14.436000
c<B>r<83>R<PHE> -5.690000 -1.557000 -18.112000
c<B>r<84>R<GLN> -3.022000 -4.260000 -17.539000
c<B>r<85>R<ALA> -5.705000 -6.681000 -16.219000
c<B>r<86>R<LEU> -8.059000 -5.880000 -19.176001
c<B>r<87>R<ARG> -5.479000 -6.062000 -22.025999
c<B>r<88>R<GLY> -2.104000 -7.208000 -20.635000
c<B>r<89>R<SER> -0.668000 -10.217000 -18.798000
c<B>r<90>R<ALA> -0.244000 -11.022000 -15.097000
c<B>r<91>R<PRO> 3.178000 -9.909000 -13.697000
c<B>r<92>R<GLY> 5.999000 -12.488000 -14.292000
c<B>r<93>R<SER> 4.622000 -13.997000 -17.591999
c<B>r<241>R<SER> -1.627000 6.127000 -2.769000
c<B>r<242>R<GLY> -1.689000 7.072000 0.944000
c<B>r<243>R<HIS> -0.699000 10.106000 3.055000
c<B>r<244>R<GLY> 3.021000 9.125000 3.238000
c<B>r<255>R<GLY> 6.275000 3.219000 4.214000
c<B>r<256>R<ASP> 3.030000 1.353000 3.492000
c<B>r<257>R<CYS> 1.757000 1.049000 -0.088000
c<B>r<258>R<GLY> -0.353000 -1.492000 -2.013000
c<B>r<259>R<THR> 0.539000 -3.485000 -5.176000
c<B>r<260>R<GLU> -2.043000 -1.999000 -7.611000
c<B>r<262>R<ASN> -2.041000 3.628000 -10.561000
c<B>r<308>R<CYS> 4.448000 -0.180000 -4.277000
