c<A>r<122>R<SER> -3.458000 6.731000 -7.030000
c<A>r<124>R<LEU> 0.478000 2.327000 -4.555000
c<A>r<125>R<LEU> 2.871000 -0.577000 -4.041000
c<A>r<126>R<ALA> 1.804000 -3.455000 -6.196000
c<A>r<127>R<MET> 3.678000 -6.427000 -7.607000
c<A>r<128>R<GLY> 6.958000 -5.394000 -6.142000
c<A>r<129>R<CYS> 7.011000 -1.797000 -7.368000
c<A>r<130>R<PRO> 5.199000 1.525000 -7.119000
c<A>r<131>R<VAL> 2.439000 1.900000 -9.605000
c<A>r<132>R<ILE> 0.569000 5.029000 -10.760000
c<A>r<133>R<ILE> -3.023000 4.346000 -11.559000
c<A>r<134>R<ALA> -5.177000 6.919000 -13.239000
c<A>r<140>R<ILE> -12.247000 3.006000 -10.567000
c<A>r<141>R<GLU> -14.702000 0.167000 -9.932000
c<A>r<142>R<GLU> -16.948000 1.078000 -12.859000
c<A>r<143>R<VAL> -14.059000 1.797000 -15.187000
c<A>r<144>R<ALA> -12.336000 -1.518000 -14.355000
c<A>r<145>R<GLN> -15.596000 -3.331000 -15.429000
c<A>r<148>R<PRO> -10.365000 -1.686000 -18.462999
c<A>r<151>R<LEU> -7.437000 2.571000 -16.610001
c<A>r<152>R<PHE> -3.918000 3.889000 -17.122999
c<A>r<153>R<LYS> -1.243000 1.933000 -15.236000
c<A>r<154>R<VAL> 2.236000 3.298000 -15.021000
c<A>r<155>R<PRO> 4.708000 0.944000 -13.197000
c<A>r<156>R<ILE> 7.462000 3.021000 -11.675000
c<A>r<157>R<SER> 11.140000 2.078000 -11.249000
c<A>r<158>R<VAL> 12.003000 1.286000 -7.675000
c<A>r<159>R<LYS> 15.497000 2.702000 -8.358000
c<A>r<196>R<ASP> 8.333000 7.654000 -1.566000
c<A>r<197>R<LYS> 9.591000 10.024000 1.301000
c<A>r<198>R<CYS> 6.752000 9.432000 3.722000
c<A>r<199>R<ASP> 6.934000 5.681000 3.224000
c<A>r<200>R<SER> 3.270000 5.684000 2.247000
c<A>r<201>R<THR> 1.621000 2.475000 1.038000
c<A>r<229>R<PHE> 1.077000 4.430000 5.815000
c<B>r<10>R<GLN> 5.105000 -3.002000 7.761000
c<B>r<13>R<GLN> 8.996000 -0.995000 5.048000
c<B>r<14>R<LYS> 9.118000 1.678000 7.717000
c<B>r<15>R<TYR> 12.874000 1.377000 7.897000
c<B>r<16>R<GLY> 13.342000 1.410000 4.156000
c<B>r<18>R<ARG> 11.321000 -3.793000 0.562000
c<B>r<19>R<ALA> 8.577000 -6.281000 1.489000
c<B>r<20>R<GLN> 5.820000 -7.826000 -0.562000
c<B>r<21>R<SER> 2.773000 -5.645000 -0.033000
c<B>r<22>R<GLY> -0.486000 -7.110000 1.259000
c<B>r<36>R<LYS> -11.212000 -7.087000 -6.270000
c<B>r<37>R<LYS> -9.552000 -3.843000 -5.539000
c<B>r<38>R<LEU> -6.193000 -5.179000 -6.720000
c<B>r<39>R<TRP> -7.873000 -6.891000 -9.676000
c<B>r<40>R<ASN> -9.524000 -3.678000 -10.663000
c<B>r<41>R<GLN> -6.179000 -2.035000 -10.573000
c<B>r<42>R<PHE> -4.252000 -4.925000 -12.256000
c<B>r<43>R<PRO> -6.592000 -7.129000 -14.287000
c<B>r<45>R<CYS> -2.879000 -10.380000 -11.631000
c<B>r<46>R<GLU> -2.426000 -13.413000 -9.359000
c<B>r<47>R<PHE> -2.867000 -13.433000 -5.620000
c<B>r<110>R<CYS> -1.079000 -10.019000 -1.684000
c<B>r<111>R<GLY> -0.590000 -9.468000 -5.325000
c<B>r<112>R<ALA> 1.641000 -12.245000 -6.528000
c<B>r<113>R<VAL> 5.195000 -11.274000 -7.538000
c<B>r<114>R<ASP> 7.486000 -12.978000 -10.024000
c<B>r<183>R<ASP> 22.868000 -3.915000 -9.214000
c<B>r<187>R<ASP> 20.132999 -3.657000 -3.572000
c<B>r<215>R<ILE> 11.709000 -10.607000 -7.840000
c<B>r<216>R<GLU> 11.065000 -9.178000 -11.293000
c<B>r<217>R<THR> 9.001000 -6.029000 -11.242000
c<B>r<218>R<PRO> 6.526000 -4.918000 -13.871000
c<B>r<219>R<THR> 9.214000 -2.537000 -15.054000
c<B>r<220>R<ASP> 11.396000 -5.639000 -15.742000
c<B>r<221>R<GLU> 13.704000 -4.602000 -12.930000
c<B>r<222>R<LYS> 15.137000 -7.294000 -10.612000
c<B>r<223>R<VAL> 14.990000 -6.232000 -7.041000
c<B>r<224>R<ILE> 15.495000 -7.684000 -3.549000
c<B>r<225>R<CYS> 12.217000 -8.201000 -1.712000
c<B>r<226>R<CYS> 11.237000 -9.687000 1.653000
c<B>r<227>R<LEU> 8.573000 -12.185000 0.595000
