c<A>r<4>R<LYS> 27.49 5.152 63.413
c<A>r<5>R<PRO> 24.402 4.052 65.463
c<A>r<7>R<TRP> 22.017 6.37 69.727
c<A>r<8>R<GLU> 25.628 7.421 69.442
c<A>r<33>R<TYR> 14.269 18.718 80.55
c<A>r<34>R<ILE> 10.559 17.979 81.128
c<A>r<35>R<ASP> 8.204 18.209 84.091
c<A>r<36>R<ALA> 8.858 14.573 84.858
c<A>r<37>R<SER> 12.65 14.928 84.957
c<A>r<38>R<CYS> 14.91 13.933 87.834
c<A>r<39>R<LEU> 18.347 15.354 88.703
c<A>r<40>R<THR> 20.777 14.038 91.269
c<A>r<41>R<TRP> 23.554 16.527 91.989
c<A>r<42>R<GLU> 26.253 15.561 94.411
c<A>r<43>R<GLY> 23.958 12.978 95.973
c<A>r<44>R<GLN> 20.966 15.294 96.313
c<A>r<45>R<GLN> 17.849 14.601 94.268
c<A>r<46>R<PHE> 15.597 17.187 92.612
c<A>r<47>R<GLN> 12.318 16.28 90.868
c<A>r<48>R<GLY> 10.636 18.26 88.13
c<A>r<49>R<LYS> 11.995 20.797 85.687
c<A>r<50>R<ALA> 11.362 23.819 87.912
c<A>r<51>R<ALA> 13.332 22.449 90.87
c<A>r<52>R<ILE> 16.103 21.255 88.549
c<A>r<53>R<VAL> 16.602 24.579 86.773
c<A>r<54>R<GLU> 16.418 26.368 90.144
c<A>r<55>R<LYS> 19.185 24.146 91.547
c<A>r<56>R<LEU> 21.488 24.39 88.54
c<A>r<57>R<SER> 21.071 28.147 88.253
c<A>r<58>R<SER> 21.833 28.475 91.961
c<A>r<59>R<LEU> 25.354 26.987 91.826
c<A>r<60>R<PRO> 27.895 29.49 93.269
c<A>r<61>R<PHE> 30.201 29.506 90.249
c<A>r<62>R<GLN> 30.815 32.477 87.965
c<A>r<63>R<LYS> 32.537 30.592 85.149
c<A>r<64>R<ILE> 32.444 26.852 84.368
c<A>r<65>R<GLN> 34.089 24.729 81.663
c<A>r<66>R<HIS> 33.571 20.992 81.104
c<A>r<67>R<SER> 35.908 18.771 79.108
c<A>r<68>R<ILE> 34.885 15.242 78.107
c<A>r<69>R<THR> 37.377 12.425 78.558
c<A>r<70>R<ALA> 35.095 9.654 77.383
c<A>r<71>R<GLN> 31.442 9.172 76.529
c<A>r<72>R<ASP> 29.538 5.915 75.958
c<A>r<73>R<HIS> 25.987 5.526 74.624
c<A>r<74>R<GLN> 23.585 2.582 74.375
c<A>r<75>R<PRO> 19.929 2.029 73.392
c<A>r<76>R<THR> 17.643 0.781 76.207
c<A>r<77>R<PRO> 14.678 -1.661 76.081
c<A>r<78>R<ASP> 12.083 1.158 76.205
c<A>r<79>R<SER> 13.463 3.026 73.158
c<A>r<80>R<CYS> 15.525 5.409 75.259
c<A>r<81>R<ILE> 19.239 6.336 75.011
c<A>r<82>R<ILE> 21.478 6.069 78.066
c<A>r<83>R<SER> 24.8 7.855 78.204
c<A>r<84>R<MET> 27.751 7.855 80.566
c<A>r<85>R<VAL> 30.263 10.715 80.618
c<A>r<86>R<VAL> 33.618 10.87 82.433
c<A>r<87>R<GLY> 35.489 14.164 82.231
c<A>r<88>R<GLN> 37.032 17.124 84.007
c<A>r<89>R<LEU> 35.691 20.411 85.07
c<A>r<90>R<LYS> 37.177 23.769 85.885
c<A>r<91>R<ALA> 35.102 26.409 87.699
c<A>r<92>R<ASP> 36.479 29.868 88.573
c<A>r<93>R<GLU> 39.815 29.297 90.276
c<A>r<94>R<ASP> 38.835 26.041 91.94
c<A>r<95>R<PRO> 41.112 23.059 91.301
c<A>r<96>R<ILE> 40.321 21.091 88.125
c<A>r<97>R<MET> 38.466 17.938 89.147
c<A>r<98>R<GLY> 37.103 14.851 87.51
c<A>r<99>R<PHE> 33.399 14.23 87.214
c<A>r<100>R<HIS> 31.038 11.482 86.155
c<A>r<101>R<GLN> 27.577 12.137 84.703
c<A>r<102>R<MET> 24.766 9.981 83.353
c<A>r<103>R<PHE> 21.894 11.018 81.043
c<A>r<104>R<LEU> 18.751 9.105 80.022
c<A>r<105>R<LEU> 17.115 10.528 76.89
c<A>r<106>R<LYS> 13.626 9.848 75.551
c<A>r<107>R<ASN> 12.088 11.033 72.306
c<A>r<108>R<ILE> 8.975 13.08 73.021
c<A>r<113>R<VAL> 14.902 15.33 75.971
c<A>r<114>R<CYS> 16.45 14.311 79.267
c<A>r<115>R<THR> 14.389 12.429 81.829
c<A>r<116>R<ASN> 17.218 11.542 84.24
c<A>r<117>R<ASP> 20.5 13.382 84.905
c<A>r<118>R<MET> 22.972 12.239 87.626
c<A>r<119>R<PHE> 26.152 14.182 88.368
c<A>r<120>R<ARG> 28.956 13.649 90.859
c<A>r<121>R<LEU> 32.233 15.521 91.173
c<A>r<122>R<ALA> 35.307 13.649 92.364
c<A>r<123>R<LEU> 36.788 14.631 95.708
c<A>r<124>R<HIS> 40.536 14.3 96.263
c<A>r<125>R<ASN> 41.442 11.65 98.843
c<A>r<126>R<PHE> 43.726 13.34 101.342
c<A>r<127>R<GLY> 45.796 11.804 104.079
c<B>r<3>R<ASP> 14.23 4.619 105.485
c<B>r<4>R<LYS> 15.79 4.962 102.054
c<B>r<5>R<PRO> 13.604 5.454 98.971
c<B>r<6>R<ILE> 12.527 2.255 97.231
c<B>r<7>R<TRP> 14.785 2.845 94.218
c<B>r<8>R<GLU> 17.844 3.238 96.482
c<B>r<9>R<GLN> 16.891 0.016 98.309
c<B>r<10>R<ILE> 16.676 -1.924 95.014
c<B>r<11>R<GLY> 19.674 -0.213 93.465
c<B>r<12>R<SER> 21.961 -0.652 96.452
c<B>r<33>R<TYR> 21.763 -9.989 83.251
c<B>r<34>R<ILE> 19.212 -11.011 80.608
c<B>r<35>R<ASP> 19.962 -12.435 77.181
c<B>r<36>R<ALA> 19.601 -9.013 75.54
c<B>r<37>R<SER> 21.81 -7.082 78.011
c<B>r<38>R<CYS> 24.49 -4.753 76.636
c<B>r<39>R<LEU> 27.835 -3.902 78.177
c<B>r<40>R<THR> 30.371 -1.239 77.163
c<B>r<41>R<TRP> 33.659 -2.074 78.886
c<B>r<42>R<GLU> 36.567 0.38 78.471
c<B>r<43>R<GLY> 34.863 1.579 75.293
c<B>r<44>R<GLN> 34.41 -1.911 73.778
c<B>r<45>R<GLN> 30.877 -3.204 73.423
c<B>r<46>R<PHE> 29.786 -6.741 74.266
c<B>r<47>R<GLN> 26.232 -7.571 73.25
c<B>r<48>R<GLY> 24.153 -10.344 74.777
c<B>r<68>R<ILE> 32.258 1.555 96.328
c<B>r<69>R<THR> 33.169 5.11 97.327
c<B>r<70>R<ALA> 29.852 6.627 96.18
c<B>r<71>R<GLN> 26.626 5.227 94.794
c<B>r<72>R<ASP> 23.669 7.23 93.478
c<B>r<73>R<HIS> 20.307 5.802 92.352
c<B>r<74>R<GLN> 17.286 7.203 90.482
c<B>r<75>R<PRO> 13.923 5.847 89.334
c<B>r<76>R<THR> 12.842 6.495 85.683
c<B>r<77>R<PRO> 9.384 7.269 84.279
c<B>r<78>R<ASP> 9.274 3.823 82.603
c<B>r<79>R<SER> 9.744 1.839 85.806
c<B>r<80>R<CYS> 13.493 1.368 85.596
c<B>r<81>R<ILE> 16.312 2.321 87.956
c<B>r<82>R<ILE> 19.67 3.9 87.106
c<B>r<83>R<SER> 22.63 3.259 89.458
c<B>r<84>R<MET> 25.842 5.299 89.149
c<B>r<85>R<VAL> 28.928 4.085 90.997
c<B>r<86>R<VAL> 32.435 5.384 91.635
c<B>r<87>R<GLY> 34.956 3.243 93.494
c<B>r<88>R<GLN> 38.356 1.573 93.705
c<B>r<96>R<ILE> 44.703 0.067 93.358
c<B>r<97>R<MET> 42.795 1.671 90.488
c<B>r<98>R<GLY> 39.736 3.905 90.454
c<B>r<99>R<PHE> 36.639 3.106 88.35
c<B>r<100>R<HIS> 33.262 4.426 87.249
c<B>r<101>R<GLN> 30.296 2.214 86.43
c<B>r<102>R<MET> 26.629 2.76 85.55
c<B>r<103>R<PHE> 23.77 0.255 85.451
c<B>r<104>R<LEU> 20.228 0.448 84.119
c<B>r<105>R<LEU> 17.883 -2.01 85.892
c<B>r<106>R<LYS> 14.42 -3.249 84.933
c<B>r<107>R<ASN> 12.052 -5.674 86.572
c<B>r<108>R<ILE> 11.556 -8.549 84.122
c<B>r<112>R<TRP> 15.272 -6.732 88.97
c<B>r<113>R<VAL> 17.988 -7.34 86.362
c<B>r<114>R<CYS> 20.557 -5.249 84.496
c<B>r<115>R<THR> 19.785 -4.388 80.86
c<B>r<116>R<ASN> 22.621 -1.898 80.295
c<B>r<117>R<ASP> 26.066 -1.661 81.921
c<B>r<118>R<MET> 28.937 0.782 81.22
c<B>r<119>R<PHE> 32.351 0.523 82.89
c<B>r<120>R<ARG> 35.493 2.711 82.71
c<B>r<121>R<LEU> 38.753 2.462 84.648
c<B>r<122>R<ALA> 39.998 5.719 86.155
c<B>r<123>R<LEU> 42.522 7.408 83.872
c<B>r<124>R<HIS> 45.206 9.2 85.911
c<B>r<125>R<ASN> 47.53 10.556 83.199
c<C>r<15>R<LEU> 28.959 25.261 106.465
c<C>r<16>R<VAL> 28.826 21.681 105.064
c<C>r<17>R<GLY> 26.506 19.243 103.179
c<C>r<18>R<ASP> 25.741 17.757 99.727
c<C>r<19>R<GLY> 25.917 19.715 96.449
c<C>r<20>R<GLY> 22.61 21.329 95.515
c<C>r<21>R<THR> 21.089 21.651 99.041
c<C>r<22>R<GLY> 21.118 25.481 99.074
c<C>r<23>R<LYS> 24.299 26.371 101.054
c<C>r<24>R<THR> 25.41 29.343 98.896
c<C>r<25>R<THR> 21.771 30.594 98.678
c<C>r<26>R<PHE> 21.383 30.506 102.494
c<C>r<27>R<VAL> 24.659 32.361 103.276
c<C>r<28>R<LYS> 23.928 35.084 100.631
c<C>r<29>R<ARG> 20.739 36.32 102.375
c<C>r<34>R<GLU> 28.076 38.978 100.42
c<C>r<37>R<LYS> 33.221 38.414 101.097
c<C>r<38>R<LYS> 36.814 37.26 100.534
c<C>r<39>R<TYR> 37.849 34.718 97.881
c<C>r<40>R<VAL> 40.583 32.515 99.381
c<C>r<41>R<ALA> 41.994 31.181 96.145
c<C>r<42>R<THR> 44.104 28.188 97.326
c<C>r<43>R<LEU> 41.634 26.409 99.703
c<C>r<44>R<GLY> 38.689 26.708 97.246
c<C>r<45>R<VAL> 36.544 28.781 99.642
c<C>r<46>R<GLU> 34.608 32.027 100.02
c<C>r<47>R<VAL> 34.71 33.512 103.561
c<C>r<48>R<HIS> 31.657 35.656 104.438
c<C>r<64>R<TRP> 33.373 29.381 105.151
c<C>r<65>R<ASP> 31.247 28.304 102.131
c<C>r<66>R<THR> 32.824 25.837 99.733
c<C>r<67>R<ALA> 33.07 27.105 96.158
c<C>r<68>R<GLY> 32.954 23.662 94.507
c<C>r<69>R<LEU> 30.44 20.778 94.681
c<C>r<70>R<GLU> 32.617 18.445 96.759
c<C>r<71>R<LYS> 31.496 15.053 98.078
c<C>r<72>R<PHE> 31.525 13.573 101.59
c<C>r<73>R<GLY> 35.166 12.777 102.33
c<C>r<74>R<GLY> 36.474 15.387 99.872
c<C>r<75>R<LEU> 37.061 18.454 102.054
c<C>r<76>R<ARG> 40.693 18.971 103.018
c<C>r<77>R<ASP> 41.618 19.155 106.723
c<C>r<78>R<GLY> 42.4 22.897 106.419
c<C>r<79>R<TYR> 38.725 23.688 105.777
c<C>r<80>R<TYR> 37.88 22.259 109.243
c<C>r<88>R<ILE> 25.091 20.764 108.447
c<C>r<89>R<MET> 22.461 21.074 105.69
c<C>r<90>R<PHE> 20.107 18.79 103.741
c<C>r<91>R<ASP> 17.251 19.32 101.242
c<C>r<92>R<VAL> 13.742 18.12 102.371
c<C>r<93>R<THR> 12.618 17.179 98.791
c<C>r<94>R<SER> 15.59 14.787 98.327
c<C>r<95>R<ARG> 16.01 11.714 100.608
c<C>r<96>R<VAL> 19.638 10.923 99.59
c<C>r<97>R<THR> 20.881 14.321 101.015
c<C>r<98>R<TYR> 19.392 13.411 104.417
c<C>r<99>R<LYS> 20.891 9.857 104.301
c<C>r<100>R<ASN> 24.385 11.432 103.843
c<C>r<101>R<VAL> 24.053 13.618 107.078
c<C>r<102>R<PRO> 25.821 10.979 109.274
c<C>r<103>R<ASN> 28.919 10.918 106.975
c<C>r<104>R<TRP> 29.161 14.757 106.974
c<C>r<107>R<ASP> 34.068 14.115 108.842
c<C>r<110>R<ARG> 37.212 13.576 113.443
c<C>r<111>R<VAL> 39.02 16.924 112.917
c<C>r<121>R<GLY> 16.47 21.025 106.574
c<C>r<122>R<ASN> 16.117 23.476 103.631
c<C>r<123>R<LYS> 13.488 24.144 100.922
c<C>r<124>R<VAL> 10.298 23.78 103.047
c<C>r<125>R<ASP> 8.383 26.23 100.715
c<C>r<126>R<ILE> 7.913 23.269 98.306
c<C>r<127>R<LYS> 4.591 21.453 98.722
c<C>r<128>R<ASP> 5.837 17.916 97.709
c<C>r<129>R<ARG> 8.101 17.297 100.762
c<C>r<130>R<LYS> 9.77 13.898 101.246
c<C>r<131>R<VAL> 11.567 14.057 104.635
c<C>r<132>R<LYS> 9.09 14.962 107.423
c<C>r<133>R<ALA> 9.314 15.747 111.175
c<C>r<134>R<LYS> 8.525 12.181 112.394
c<C>r<135>R<SER> 11.639 10.87 110.555
c<C>r<136>R<ILE> 13.724 13.864 111.88
c<C>r<137>R<VAL> 13.222 12.702 115.54
c<C>r<138>R<PHE> 16.096 10.492 114.673
c<C>r<139>R<HIS> 19.683 11.83 114.205
c<C>r<150>R<SER> 13.583 28.165 103.633
c<C>r<151>R<ALA> 16.598 30.141 102.273
c<C>r<152>R<LYS> 14.704 31.876 99.422
c<C>r<186>R<GLU> 12.014 35.513 96.215
c<C>r<187>R<VAL> 9.514 32.651 96.873
