c<A>r<120>i<C>R<ALA> 11.443000 3.468000 43.819000
c<A>r<120>i<D>R<ASN> 14.779000 2.493000 45.368000
c<A>r<120>i<E>R<GLY> 16.622000 0.652000 42.611000
c<A>r<120>i<G>R<SER> 14.540000 -2.486000 41.925999
c<A>r<120>i<H>R<SER> 13.000000 -2.311000 45.374001
c<A>r<120>i<I>R<PHE> 10.654000 0.150000 47.123001
c<A>r<120>i<J>R<VAL> 10.312000 2.455000 50.118000
c<A>r<120>i<K>R<THR> 6.808000 2.374000 51.601002
c<A>r<125>R<THR> 5.561000 14.090000 58.960999
c<A>r<129>R<GLU> 8.001000 16.903999 58.104000
c<A>r<131>R<ALA> 13.817000 18.829000 60.873001
c<A>r<132>R<VAL> 17.079000 20.313999 59.723999
c<A>r<133>R<GLY> 19.754999 17.693001 60.355000
c<A>r<134>R<ALA> 17.577000 14.691000 59.480000
c<A>r<135>R<ALA> 18.655001 12.133000 56.935001
c<A>r<136>R<VAL> 16.531000 12.115000 53.768002
c<A>r<137>R<CYS> 16.556999 10.448000 50.366001
c<A>r<138>R<ARG> 15.135000 11.297000 46.939999
c<A>r<156>R<GLY> 17.934000 7.190000 40.824001
c<A>r<157>R<TYR> 17.752001 6.960000 44.612000
c<A>r<158>R<GLN> 20.173000 9.256000 46.476002
c<A>r<159>R<CYS> 20.504999 10.119000 50.157001
c<A>r<160>R<GLY> 21.913000 12.914000 52.292000
c<A>r<161>R<THR> 20.636999 15.246000 55.044998
c<A>r<162>R<ILE> 18.455000 18.312000 55.293999
c<A>r<163>R<THR> 20.677000 21.372999 55.622002
c<A>r<164>R<ALA> 18.322001 24.427999 55.549999
c<A>r<165>R<LYS> 14.724000 25.528999 55.179001
c<A>r<166>R<ASN> 12.970000 28.504000 53.580002
c<A>r<167>R<VAL> 15.510000 28.833000 50.741001
c<A>r<168>R<THR> 14.869000 30.950001 47.652000
c<A>r<179>R<GLY> 10.175000 28.493000 50.750000
c<A>r<180>R<LEU> 12.212000 25.513000 49.486000
c<A>r<181>R<THR> 13.929000 22.978001 51.726002
c<A>r<182>R<GLN> 17.599001 22.243999 50.988998
c<A>r<183>R<GLY> 19.377001 18.924999 51.251999
c<A>r<184>R<ASN> 22.716000 17.549999 50.157001
c<A>r<185>R<ALA> 21.579000 14.380000 48.425999
c<A>r<189>R<CYS> 22.671000 14.759000 44.800999
c<A>r<200>R<ILE> 11.255000 10.719000 51.598000
c<A>r<201>R<THR> 12.917000 9.509000 54.769001
c<A>r<201>i<A>R<SER> 13.960000 5.885000 55.018002
c<A>r<202>R<ALA> 11.163000 5.528000 57.689999
c<A>r<207>R<GLY> 8.644000 6.422000 54.986000
c<A>r<220>i<A>R<CYS> 26.722000 14.135000 42.125000
c<A>r<221>R<GLY> 30.325001 14.886000 41.019001
c<A>r<222>R<ILE> 30.927999 17.530001 43.730999
c<A>r<222>i<A>R<PRO> 31.120001 16.875000 47.473999
c<A>r<222>i<B>R<ALA> 27.964001 16.841999 49.606998
c<A>r<222>i<C>R<SER> 29.249001 19.976999 51.375000
c<A>r<223>R<GLN> 28.988001 21.867001 48.049999
c<A>r<224>R<ARG> 25.517000 20.650999 47.007999
c<A>r<225>R<SER> 22.271000 22.607000 47.106998
c<C>r<15>R<ASP> 1.653000 15.227000 66.317001
c<C>r<16>R<LEU> 4.228000 17.971001 65.953003
c<C>r<30>R<GLU> 14.320000 27.798000 61.661999
c<C>r<31>R<LYS> 14.901000 31.325001 60.367001
c<C>r<32>R<LEU> 18.511000 31.530001 61.589001
c<C>r<33>R<ALA> 19.419001 28.349001 59.675999
c<C>r<34>R<ARG> 18.010000 29.517000 56.311001
c<C>r<35>R<THR> 20.202999 32.625999 56.591999
c<C>r<36>R<GLN> 23.580000 31.497999 57.994999
c<C>r<37>R<ALA> 22.957001 28.749001 55.501999
c<C>r<38>R<ALA> 25.132999 30.122999 52.688999
c<C>r<41>R<GLU> 28.570999 26.270000 54.011002
c<C>r<42>R<ARG> 31.205000 28.594999 52.660999
c<C>r<44>R<PHE> 33.748001 25.323000 56.390999
c<C>r<45>R<GLY> 34.137001 24.492001 52.803001
c<C>r<46>R<ALA> 34.407001 20.851999 52.014000
c<C>r<47>R<GLN> 35.360001 19.937000 55.553001
c<C>r<48>R<PHE> 31.746000 20.903000 56.048000
c<C>r<49>R<ALA> 30.069000 17.878000 57.591000
c<C>r<50>R<GLY> 26.468000 19.010000 57.436001
c<C>r<51>R<SER> 24.209000 20.983000 59.714001
c<C>r<52>R<TRP> 21.048000 20.502001 61.806000
c<C>r<53>R<ILE> 18.983999 21.763000 64.769997
c<C>r<54>R<GLU> 19.219000 20.229000 68.297997
c<C>r<63>R<LEU> 21.419001 25.233000 65.295998
c<C>r<64>R<VAL> 24.573999 23.082001 65.016998
c<C>r<65>R<ALA> 26.837000 23.059000 61.959000
c<C>r<67>R<THR> 33.008999 20.398001 60.113998
c<C>r<68>R<SER> 34.916000 17.325001 59.071999
c<C>r<87>R<SER> 32.771000 14.883000 55.931000
c<C>r<88>R<LEU> 29.587999 15.191000 53.929001
c<C>r<89>R<LYS> 31.976999 14.682000 51.049000
c<C>r<90>R<GLN> 33.480999 11.358000 52.089001
c<C>r<91>R<LEU> 30.076000 10.298000 53.367001
c<C>r<92>R<GLN> 28.430000 10.750000 49.978001
c<C>r<93>R<SER> 31.128000 8.494000 48.519001
c<C>r<95>R<MET> 26.597000 6.375000 49.442001
c<C>r<96>R<GLU> 27.851000 6.025000 45.903999
c<C>r<98>R<LEU> 25.754000 1.886000 49.009998
c<C>r<99>R<ASP> 24.166000 2.423000 45.624001
c<C>r<102>R<ALA> 22.660000 -2.061000 45.471001
c<C>r<115>R<GLY> 15.370000 -6.248000 53.915001
c<C>r<116>R<VAL> 17.230000 -2.937000 53.311001
c<C>r<117>R<GLN> 14.397000 -0.442000 54.002998
c<C>r<118>R<SER> 16.327000 2.392000 52.259998
c<C>r<119>R<TRP> 19.768000 3.940000 52.951000
c<C>r<120>R<TYR> 20.969000 7.566000 52.794998
c<C>r<121>R<VAL> 23.341999 10.162000 54.276001
c<C>r<122>R<ASP> 22.671000 11.681000 57.705002
c<C>r<123>R<PRO> 24.988001 14.238000 59.448002
c<C>r<124>R<ARG> 23.416000 14.156000 62.944000
c<C>r<125>R<SER> 24.945000 10.669000 63.264000
c<C>r<127>R<ALA> 27.378000 8.823000 58.578999
c<C>r<128>R<VAL> 25.232000 7.097000 56.032001
c<C>r<129>R<VAL> 22.232000 5.566000 57.754002
c<C>r<130>R<VAL> 21.231001 2.172000 56.312000
c<C>r<131>R<LYS> 17.653000 1.210000 57.188999
c<C>r<132>R<VAL> 16.402000 -2.352000 57.639999
c<C>r<133>R<ASP> 13.279000 -4.145000 58.928001
c<C>r<157>R<GLU> 19.105000 1.213000 61.856998
c<C>r<158>R<SER> 15.976000 -0.778000 62.506001
