c<A>r<120>i<C>R<ALA> 11.443000 3.468000 43.819000
c<A>r<120>i<D>R<ASN> 14.779000 2.493000 45.368000
c<A>r<120>i<E>R<GLY> 16.622000 0.652000 42.611000
c<A>r<120>i<G>R<SER> 14.540000 -2.486000 41.925999
c<A>r<120>i<H>R<SER> 13.000000 -2.311000 45.374001
c<A>r<120>i<I>R<PHE> 10.654000 0.150000 47.123001
c<A>r<120>i<J>R<VAL> 10.312000 2.455000 50.118000
c<A>r<125>R<THR> 5.561000 14.090000 58.960999
c<A>r<131>R<ALA> 13.817000 18.829000 60.873001
c<A>r<132>R<VAL> 17.079000 20.313999 59.723999
c<A>r<133>R<GLY> 19.754999 17.693001 60.355000
c<A>r<134>R<ALA> 17.577000 14.691000 59.480000
c<A>r<135>R<ALA> 18.655001 12.133000 56.935001
c<A>r<136>R<VAL> 16.531000 12.115000 53.768002
c<A>r<137>R<CYS> 16.556999 10.448000 50.366001
c<A>r<138>R<ARG> 15.135000 11.297000 46.939999
c<A>r<143>R<THR> 20.142000 9.836000 39.189999
c<A>r<156>R<GLY> 17.934000 7.190000 40.824001
c<A>r<157>R<TYR> 17.752001 6.960000 44.612000
c<A>r<158>R<GLN> 20.173000 9.256000 46.476002
c<A>r<159>R<CYS> 20.504999 10.119000 50.157001
c<A>r<160>R<GLY> 21.913000 12.914000 52.292000
c<A>r<161>R<THR> 20.636999 15.246000 55.044998
c<A>r<162>R<ILE> 18.455000 18.312000 55.293999
c<A>r<163>R<THR> 20.677000 21.372999 55.622002
c<A>r<164>R<ALA> 18.322001 24.427999 55.549999
c<A>r<165>R<LYS> 14.724000 25.528999 55.179001
c<A>r<166>R<ASN> 12.970000 28.504000 53.580002
c<A>r<167>R<VAL> 15.510000 28.833000 50.741001
c<A>r<181>R<THR> 13.929000 22.978001 51.726002
c<A>r<182>R<GLN> 17.599001 22.243999 50.988998
c<A>r<183>R<GLY> 19.377001 18.924999 51.251999
c<A>r<184>R<ASN> 22.716000 17.549999 50.157001
c<A>r<185>R<ALA> 21.579000 14.380000 48.425999
c<A>r<189>R<CYS> 22.671000 14.759000 44.800999
c<A>r<201>R<THR> 12.917000 9.509000 54.769001
c<A>r<201>i<A>R<SER> 13.960000 5.885000 55.018002
c<A>r<202>R<ALA> 11.163000 5.528000 57.689999
c<A>r<220>i<A>R<CYS> 26.722000 14.135000 42.125000
c<A>r<221>R<GLY> 30.325001 14.886000 41.019001
c<A>r<222>R<ILE> 30.927999 17.530001 43.730999
c<A>r<222>i<A>R<PRO> 31.120001 16.875000 47.473999
c<A>r<222>i<B>R<ALA> 27.964001 16.841999 49.606998
c<A>r<222>i<C>R<SER> 29.249001 19.976999 51.375000
c<A>r<223>R<GLN> 28.988001 21.867001 48.049999
c<A>r<224>R<ARG> 25.517000 20.650999 47.007999
c<A>r<225>R<SER> 22.271000 22.607000 47.106998
c<C>r<16>R<LEU> 6.876000 14.233000 68.853996
c<C>r<26>R<TYR> 14.377000 23.608999 69.407997
c<C>r<27>R<LEU> 12.546000 25.745001 66.973000
c<C>r<29>R<THR> 17.625000 26.195999 66.524002
c<C>r<30>R<GLU> 15.424000 25.052000 63.688000
c<C>r<31>R<LYS> 15.561000 28.707001 62.646999
c<C>r<32>R<LEU> 19.323999 29.056000 63.180000
c<C>r<33>R<ALA> 20.004999 26.115999 60.837002
c<C>r<34>R<ARG> 17.912001 27.459999 57.924000
c<C>r<35>R<THR> 19.954000 30.677999 58.080002
c<C>r<36>R<GLN> 23.593000 29.672001 58.707001
c<C>r<37>R<ALA> 22.639999 27.103001 56.126999
c<C>r<38>R<ALA> 24.155001 28.853001 53.097000
c<C>r<40>R<ILE> 28.278000 26.826000 56.801998
c<C>r<41>R<GLU> 27.976999 25.148001 53.374001
c<C>r<42>R<ARG> 30.177000 27.753000 51.778999
c<C>r<43>R<GLU> 32.619999 28.032000 54.707001
c<C>r<44>R<PHE> 33.558998 24.364000 54.633999
c<C>r<45>R<GLY> 33.286999 23.863001 50.974998
c<C>r<46>R<ALA> 33.584999 20.329000 49.806999
c<C>r<47>R<GLN> 35.252998 19.190001 53.000000
c<C>r<48>R<PHE> 31.759001 19.861000 54.257000
c<C>r<49>R<ALA> 30.572001 16.610001 55.794998
c<C>r<50>R<GLY> 26.955999 17.500999 56.431000
c<C>r<51>R<SER> 25.083000 19.118000 59.271000
c<C>r<52>R<TRP> 22.417000 18.249001 61.866001
c<C>r<53>R<ILE> 20.907000 19.114000 65.273003
c<C>r<54>R<GLU> 21.900999 17.311001 68.531998
c<C>r<63>R<LEU> 23.216000 22.687000 65.656998
c<C>r<64>R<VAL> 26.362000 20.788000 64.584999
c<C>r<65>R<ALA> 27.987000 21.174999 61.166000
c<C>r<66>R<ALA> 30.680000 18.833000 60.018002
c<C>r<67>R<THR> 33.811001 19.107000 57.945999
c<C>r<68>R<SER> 35.634998 16.270000 56.275002
c<C>r<87>R<SER> 33.049000 13.956000 53.377998
c<C>r<88>R<LEU> 29.527000 14.210000 52.051998
c<C>r<89>R<LYS> 31.334000 14.108000 48.737999
c<C>r<90>R<GLN> 33.181000 10.820000 49.154999
c<C>r<91>R<LEU> 30.146999 9.426000 50.945999
c<C>r<92>R<GLN> 27.854000 10.045000 47.987000
c<C>r<93>R<SER> 30.330000 8.109000 45.837002
c<C>r<95>R<MET> 26.179001 5.615000 47.394001
c<C>r<96>R<GLU> 26.739000 5.647000 43.667000
c<C>r<98>R<LEU> 25.500000 1.129000 46.706001
c<C>r<99>R<ASP> 23.259001 1.836000 43.747002
c<C>r<100>R<ALA> 25.535000 0.807000 40.889000
c<C>r<101>R<GLY> 25.573999 -2.771000 42.124001
c<C>r<102>R<ALA> 21.983999 -2.713000 43.456001
c<C>r<116>R<VAL> 18.232000 -4.608000 52.061001
c<C>r<117>R<GLN> 15.463000 -2.380000 53.507999
c<C>r<118>R<SER> 16.870001 0.715000 51.709000
c<C>r<119>R<TRP> 20.295000 2.432000 51.882000
c<C>r<120>R<TYR> 21.254999 6.133000 51.847000
c<C>r<121>R<VAL> 23.733999 8.753000 53.092999
c<C>r<122>R<ASP> 23.665001 9.932000 56.715000
c<C>r<123>R<PRO> 26.141001 12.488000 58.223999
c<C>r<124>R<ARG> 25.285000 12.008000 61.930000
c<C>r<127>R<ALA> 28.593000 7.341000 56.410000
c<C>r<128>R<VAL> 26.084999 5.689000 54.161999
c<C>r<129>R<VAL> 23.558001 3.818000 56.264999
c<C>r<131>R<LYS> 19.187000 -0.779000 56.164001
