c<A>r<91>R<VAL> 1.940000 26.959000 40.679001
c<A>r<94>R<PHE> 5.323000 27.903999 39.196999
c<A>r<95>R<PRO> 7.306000 30.122000 39.775002
c<A>r<100>R<GLY> 6.702000 31.603001 43.248001
c<A>r<101>R<ASN> 5.998000 28.049000 44.360001
c<A>r<125>R<THR> 5.561000 14.090000 58.960999
c<A>r<129>R<GLU> 8.001000 16.903999 58.104000
c<A>r<130>R<ALA> 11.583000 16.211000 59.193001
c<A>r<131>R<ALA> 13.817000 18.829000 60.873001
c<A>r<132>R<VAL> 17.079000 20.313999 59.723999
c<A>r<163>R<THR> 20.677000 21.372999 55.622002
c<A>r<164>R<ALA> 18.322001 24.427999 55.549999
c<A>r<165>R<LYS> 14.724000 25.528999 55.179001
c<A>r<166>R<ASN> 12.970000 28.504000 53.580002
c<A>r<167>R<VAL> 15.510000 28.833000 50.741001
c<A>r<168>R<THR> 14.869000 30.950001 47.652000
c<A>r<169>R<ALA> 15.868000 29.674000 44.188000
c<A>r<170>R<ASN> 16.343000 32.248001 41.408001
c<A>r<171>R<TYR> 15.321000 30.197001 38.381001
c<A>r<173>R<ALA> 15.180000 31.365000 34.776001
c<A>r<174>R<GLU> 11.414000 31.969999 35.071999
c<A>r<177>R<VAL> 10.691000 30.230000 43.988998
c<A>r<178>R<ARG> 10.549000 30.773001 47.762001
c<A>r<179>R<GLY> 10.175000 28.493000 50.750000
c<A>r<180>R<LEU> 12.212000 25.513000 49.486000
c<A>r<181>R<THR> 13.929000 22.978001 51.726002
c<A>r<182>R<GLN> 17.599001 22.243999 50.988998
c<A>r<183>R<GLY> 19.377001 18.924999 51.251999
c<A>r<192>R<ARG> 18.160000 17.271999 35.306999
c<A>r<210>R<GLN> 8.881000 15.277000 52.574001
c<A>r<215>R<GLY> 16.004999 22.246000 41.448002
c<A>r<216>R<GLY> 19.593000 22.552999 42.494999
c<A>r<217>R<ASN> 23.132999 23.521000 41.596001
c<A>r<218>R<VAL> 23.643000 21.098000 38.695000
c<A>r<219>R<GLN> 27.077999 21.181999 37.112000
c<A>r<219>i<A>R<SER> 28.094999 20.934000 33.437000
c<A>r<219>i<B>R<ASN> 27.395000 17.156000 33.487999
c<A>r<219>i<C>R<GLY> 23.757999 17.864000 34.366001
c<A>r<219>i<D>R<ASN> 23.931000 16.764999 38.028999
c<A>r<220>R<ASN> 25.587000 17.683001 41.324001
c<A>r<222>R<ILE> 30.927999 17.530001 43.730999
c<A>r<222>i<A>R<PRO> 31.120001 16.875000 47.473999
c<A>r<222>i<C>R<SER> 29.249001 19.976999 51.375000
c<A>r<223>R<GLN> 28.988001 21.867001 48.049999
c<A>r<224>R<ARG> 25.517000 20.650999 47.007999
c<A>r<225>R<SER> 22.271000 22.607000 47.106998
c<A>r<226>R<SER> 19.388000 20.277000 46.182999
c<A>r<230>R<ARG> 7.463000 20.878000 50.824001
c<A>r<232>R<GLN> 2.266000 19.662001 53.127998
c<A>r<233>R<PRO> 1.276000 22.896999 51.308998
c<A>r<234>R<ILE> 0.744000 20.924000 48.081001
c<A>r<236>R<SER> -3.690000 21.278000 51.452000
c<A>r<237>R<GLN> -3.749000 23.607000 48.477001
c<A>r<238>R<TYR> -5.308000 20.871000 46.275002
c<C>r<9>R<LYS> -5.663000 30.927999 52.764999
c<C>r<10>R<PHE> -5.470000 29.604000 49.182999
c<C>r<11>R<ALA> -3.930000 32.839001 47.924000
c<C>r<13>R<GLN> -0.073000 29.936001 49.955002
c<C>r<14>R<ARG> -0.685000 31.097000 46.432999
c<C>r<15>R<ASP> 1.710000 34.077999 46.394001
c<C>r<16>R<LEU> 3.254000 34.561001 49.811001
c<C>r<17>R<GLY> 3.684000 30.855000 50.223000
c<C>r<18>R<ILE> 2.448000 30.666000 53.785000
c<C>r<19>R<PHE> -0.844000 30.216000 55.653000
c<C>r<52>R<TRP> 18.631001 33.699001 58.136002
c<C>r<53>R<ILE> 15.216000 32.224998 59.028999
c<C>r<54>R<GLU> 14.334000 28.507000 58.523998
c<C>r<55>R<ARG> 11.178000 26.478001 58.894001
c<C>r<56>R<ASN> 10.513000 23.857000 61.547001
c<C>r<57>R<GLU> 8.921000 20.615000 60.368000
c<C>r<58>R<ASP> 6.191000 21.597000 62.776001
c<C>r<59>R<GLY> 5.716000 24.267000 60.137001
c<C>r<61>R<PHE> 10.022000 29.294001 61.388000
c<C>r<62>R<LYS> 13.227000 29.610001 63.304001
c<C>r<64>R<VAL> 19.479000 30.688999 62.566002
c<C>r<85>R<ARG> 32.735001 26.579000 57.310001
c<C>r<117>R<GLN> 22.516001 35.084000 35.185001
c<C>r<118>R<SER> 24.084000 37.014999 38.119999
c<C>r<124>R<ARG> 22.018999 29.645000 53.747002
c<C>r<125>R<SER> 24.205999 27.611000 51.365002
c<C>r<126>R<ASN> 27.348000 28.900000 52.912998
c<C>r<127>R<ALA> 28.856001 30.260000 49.740002
c<C>r<129>R<VAL> 25.791000 31.458000 44.549000
c<C>r<130>R<VAL> 26.563000 31.813000 40.824001
c<C>r<131>R<LYS> 23.419001 31.848000 38.676998
c<C>r<132>R<VAL> 23.205999 30.566000 35.103001
c<C>r<133>R<ASP> 20.514000 29.792999 32.498001
c<C>r<134>R<ASP> 19.452000 26.170000 31.990000
c<C>r<135>R<GLY> 22.112000 24.983999 29.598000
c<C>r<136>R<ALA> 24.643999 27.343000 31.136000
c<C>r<137>R<THR> 26.312000 25.506001 34.111000
c<C>r<138>R<ASP> 29.104000 25.040001 31.598000
c<C>r<139>R<ALA> 29.230000 28.840000 31.493999
c<C>r<140>R<GLY> 29.840000 29.066999 35.249001
c<C>r<141>R<VAL> 32.053001 26.021999 35.641998
c<C>r<142>R<ASP> 34.075001 28.143999 33.265999
c<C>r<151>R<SER> 35.415001 26.495001 44.071999
c<C>r<152>R<ALA> 34.898998 25.313000 47.632000
c<C>r<153>R<GLN> 33.116001 28.594999 48.137001
c<C>r<154>R<VAL> 31.216999 28.569000 44.848000
c<C>r<155>R<ARG> 27.806000 27.122999 44.044998
c<C>r<156>R<ILE> 26.382999 27.101000 40.466000
c<C>r<157>R<GLU> 22.627001 27.297001 40.278000
c<C>r<158>R<SER> 20.266001 27.014999 37.359001
