c<A>r<32>R<GLU> 9.707000 8.788000 34.623001
c<A>r<41>R<LEU> 10.610000 14.296000 31.132000
c<A>r<120>i<D>R<ASN> 14.779000 2.493000 45.368000
c<A>r<120>i<E>R<GLY> 16.622000 0.652000 42.611000
c<A>r<120>i<G>R<SER> 14.540000 -2.486000 41.925999
c<A>r<133>R<GLY> 19.754999 17.693001 60.355000
c<A>r<134>R<ALA> 17.577000 14.691000 59.480000
c<A>r<135>R<ALA> 18.655001 12.133000 56.935001
c<A>r<136>R<VAL> 16.531000 12.115000 53.768002
c<A>r<137>R<CYS> 16.556999 10.448000 50.366001
c<A>r<138>R<ARG> 15.135000 11.297000 46.939999
c<A>r<139>R<SER> 14.128000 9.279000 43.872002
c<A>r<140>R<GLY> 14.008000 10.244000 40.191002
c<A>r<141>R<ARG> 14.596000 9.057000 36.632000
c<A>r<142>R<THR> 18.068001 10.570000 36.089001
c<A>r<143>R<THR> 20.142000 9.836000 39.189999
c<A>r<156>R<GLY> 17.934000 7.190000 40.824001
c<A>r<157>R<TYR> 17.752001 6.960000 44.612000
c<A>r<158>R<GLN> 20.173000 9.256000 46.476002
c<A>r<159>R<CYS> 20.504999 10.119000 50.157001
c<A>r<160>R<GLY> 21.913000 12.914000 52.292000
c<A>r<161>R<THR> 20.636999 15.246000 55.044998
c<A>r<162>R<ILE> 18.455000 18.312000 55.293999
c<A>r<184>R<ASN> 22.716000 17.549999 50.157001
c<A>r<185>R<ALA> 21.579000 14.380000 48.425999
c<A>r<189>R<CYS> 22.671000 14.759000 44.800999
c<A>r<190>R<MET> 20.316000 15.126000 41.840000
c<A>r<191>R<GLY> 20.294001 15.880000 38.129002
c<A>r<192>R<ARG> 18.160000 17.271999 35.306999
c<A>r<193>R<GLY> 15.030000 15.133000 34.952999
c<A>r<194>R<ASP> 14.833000 14.222000 38.658001
c<A>r<201>R<THR> 12.917000 9.509000 54.769001
c<A>r<201>i<A>R<SER> 13.960000 5.885000 55.018002
c<A>r<218>R<VAL> 23.643000 21.098000 38.695000
c<A>r<219>R<GLN> 27.077999 21.181999 37.112000
c<A>r<219>i<A>R<SER> 28.094999 20.934000 33.437000
c<A>r<219>i<B>R<ASN> 27.395000 17.156000 33.487999
c<A>r<219>i<C>R<GLY> 23.757999 17.864000 34.366001
c<A>r<219>i<D>R<ASN> 23.931000 16.764999 38.028999
c<A>r<220>R<ASN> 25.587000 17.683001 41.324001
c<A>r<220>i<A>R<CYS> 26.722000 14.135000 42.125000
c<A>r<221>R<GLY> 30.325001 14.886000 41.019001
c<A>r<222>R<ILE> 30.927999 17.530001 43.730999
c<A>r<222>i<A>R<PRO> 31.120001 16.875000 47.473999
c<A>r<222>i<B>R<ALA> 27.964001 16.841999 49.606998
c<A>r<222>i<C>R<SER> 29.249001 19.976999 51.375000
c<A>r<223>R<GLN> 28.988001 21.867001 48.049999
c<A>r<224>R<ARG> 25.517000 20.650999 47.007999
c<C>r<29>R<THR> 33.985001 20.849001 27.282000
c<C>r<30>R<GLU> 32.342999 22.919001 29.969000
c<C>r<31>R<LYS> 29.688000 23.521000 27.315001
c<C>r<32>R<LEU> 29.493999 19.872000 26.214001
c<C>r<33>R<ALA> 28.757999 18.753000 29.792000
c<C>r<34>R<ARG> 25.857000 21.190001 30.361000
c<C>r<35>R<THR> 24.202000 19.787001 27.224001
c<C>r<36>R<GLN> 24.749001 16.000000 27.261000
c<C>r<37>R<ALA> 23.843000 16.563999 30.870001
c<C>r<38>R<ALA> 20.177000 15.544000 30.629999
c<C>r<39>R<ALA> 21.000000 12.782000 28.141001
c<C>r<40>R<ILE> 23.825001 10.952000 29.969000
c<C>r<41>R<GLU> 21.674000 11.082000 33.132999
c<C>r<42>R<ARG> 18.763000 9.488000 31.358000
c<C>r<43>R<GLU> 20.861000 7.013000 29.334000
c<C>r<44>R<PHE> 22.413000 5.402000 32.390999
c<C>r<45>R<GLY> 19.497999 5.738000 34.651001
c<C>r<46>R<ALA> 20.115000 4.830000 38.220001
c<C>r<47>R<GLN> 23.218000 2.837000 37.398998
c<C>r<48>R<PHE> 24.451000 6.334000 36.707001
c<C>r<49>R<ALA> 27.486000 6.817000 38.922001
c<C>r<50>R<GLY> 28.091000 10.504000 38.362999
c<C>r<51>R<SER> 30.042999 12.519000 35.849998
c<C>r<52>R<TRP> 33.063999 14.855000 35.709999
c<C>r<53>R<ILE> 35.819000 16.348000 33.515999
c<C>r<63>R<LEU> 34.160000 14.740000 29.923000
c<C>r<64>R<VAL> 33.714001 11.343000 31.629999
c<C>r<65>R<ALA> 30.340000 9.975000 32.737000
c<C>r<79>R<VAL> 31.173000 11.502000 26.298000
c<C>r<87>R<SER> 26.313999 3.993000 42.032001
c<C>r<88>R<LEU> 25.499001 7.555000 42.967999
c<C>r<89>R<LYS> 22.424999 5.911000 44.417999
c<C>r<90>R<GLN> 24.104000 3.460000 46.777000
c<C>r<91>R<LEU> 26.721001 6.093000 47.535000
c<C>r<92>R<GLN> 24.150000 8.591000 48.779999
c<C>r<93>R<SER> 22.871000 5.893000 51.141998
c<C>r<94>R<ALA> 26.173000 5.645000 52.978001
c<C>r<95>R<MET> 25.951000 9.424000 53.120998
c<C>r<96>R<GLU> 22.615999 9.048000 54.837002
c<C>r<97>R<GLN> 24.587999 6.945000 57.362000
c<C>r<98>R<LEU> 27.563999 9.274000 57.414001
c<C>r<99>R<ASP> 24.945000 11.738000 58.575001
c<C>r<100>R<ALA> 22.646000 9.438000 60.530998
c<C>r<101>R<GLY> 25.410999 8.670000 63.000000
c<C>r<102>R<ALA> 27.013000 12.142000 62.813000
c<C>r<118>R<SER> 33.247002 17.438999 56.558998
c<C>r<119>R<TRP> 32.136002 14.395000 54.506001
c<C>r<120>R<TYR> 30.226999 14.154000 51.202999
c<C>r<121>R<VAL> 29.747999 12.162000 47.983002
c<C>r<122>R<ASP> 32.353001 12.290000 45.206001
c<C>r<123>R<PRO> 32.133999 10.276000 41.914001
c<C>r<124>R<ARG> 35.700001 10.861000 40.638000
c<C>r<125>R<SER> 36.811001 8.529000 43.452999
c<C>r<126>R<ASN> 33.648998 6.555000 43.264999
c<C>r<128>R<VAL> 31.823000 9.229000 49.758999
c<C>r<129>R<VAL> 34.870998 11.260000 50.701000
c<C>r<130>R<VAL> 35.243999 11.767000 54.470001
