c<A>r<91>R<VAL> 1.940000 26.959000 40.679001
c<A>r<94>R<PHE> 5.323000 27.903999 39.196999
c<A>r<95>R<PRO> 7.306000 30.122000 39.775002
c<A>r<100>R<GLY> 6.702000 31.603001 43.248001
c<A>r<101>R<ASN> 5.998000 28.049000 44.360001
c<A>r<102>R<ASP> 6.944000 24.879999 42.422001
c<A>r<124>R<SER> 3.861000 13.058000 55.720001
c<A>r<125>R<THR> 5.561000 14.090000 58.960999
c<A>r<129>R<GLU> 8.001000 16.903999 58.104000
c<A>r<130>R<ALA> 11.583000 16.211000 59.193001
c<A>r<131>R<ALA> 13.817000 18.829000 60.873001
c<A>r<132>R<VAL> 17.079000 20.313999 59.723999
c<A>r<133>R<GLY> 19.754999 17.693001 60.355000
c<A>r<162>R<ILE> 18.455000 18.312000 55.293999
c<A>r<163>R<THR> 20.677000 21.372999 55.622002
c<A>r<164>R<ALA> 18.322001 24.427999 55.549999
c<A>r<165>R<LYS> 14.724000 25.528999 55.179001
c<A>r<166>R<ASN> 12.970000 28.504000 53.580002
c<A>r<169>R<ALA> 15.868000 29.674000 44.188000
c<A>r<170>R<ASN> 16.343000 32.248001 41.408001
c<A>r<176>R<ALA> 12.081000 33.235001 42.124001
c<A>r<177>R<VAL> 10.691000 30.230000 43.988998
c<A>r<178>R<ARG> 10.549000 30.773001 47.762001
c<A>r<179>R<GLY> 10.175000 28.493000 50.750000
c<A>r<180>R<LEU> 12.212000 25.513000 49.486000
c<A>r<182>R<GLN> 17.599001 22.243999 50.988998
c<A>r<183>R<GLY> 19.377001 18.924999 51.251999
c<A>r<208>R<GLN> 7.745000 10.034000 55.806999
c<A>r<210>R<GLN> 8.881000 15.277000 52.574001
c<A>r<215>R<GLY> 16.004999 22.246000 41.448002
c<A>r<216>R<GLY> 19.593000 22.552999 42.494999
c<A>r<217>R<ASN> 23.132999 23.521000 41.596001
c<A>r<218>R<VAL> 23.643000 21.098000 38.695000
c<A>r<219>R<GLN> 27.077999 21.181999 37.112000
c<A>r<219>i<A>R<SER> 28.094999 20.934000 33.437000
c<A>r<219>i<B>R<ASN> 27.395000 17.156000 33.487999
c<A>r<219>i<C>R<GLY> 23.757999 17.864000 34.366001
c<A>r<219>i<D>R<ASN> 23.931000 16.764999 38.028999
c<A>r<220>R<ASN> 25.587000 17.683001 41.324001
c<A>r<222>R<ILE> 30.927999 17.530001 43.730999
c<A>r<222>i<A>R<PRO> 31.120001 16.875000 47.473999
c<A>r<222>i<B>R<ALA> 27.964001 16.841999 49.606998
c<A>r<222>i<C>R<SER> 29.249001 19.976999 51.375000
c<A>r<223>R<GLN> 28.988001 21.867001 48.049999
c<A>r<224>R<ARG> 25.517000 20.650999 47.007999
c<A>r<225>R<SER> 22.271000 22.607000 47.106998
c<A>r<226>R<SER> 19.388000 20.277000 46.182999
c<A>r<227>R<LEU> 16.021999 21.981001 46.735001
c<A>r<230>R<ARG> 7.463000 20.878000 50.824001
c<A>r<232>R<GLN> 2.266000 19.662001 53.127998
c<A>r<233>R<PRO> 1.276000 22.896999 51.308998
c<A>r<234>R<ILE> 0.744000 20.924000 48.081001
c<A>r<236>R<SER> -3.690000 21.278000 51.452000
c<A>r<237>R<GLN> -3.749000 23.607000 48.477001
c<A>r<238>R<TYR> -5.308000 20.871000 46.275002
c<C>r<6>R<PRO> -9.623000 31.061001 48.497002
c<C>r<9>R<LYS> -5.196000 30.872999 50.754002
c<C>r<10>R<PHE> -4.018000 30.021000 47.216999
c<C>r<11>R<ALA> -2.035000 33.248001 46.951000
c<C>r<13>R<GLN> 0.925000 29.783001 49.533001
c<C>r<14>R<ARG> 1.425000 31.445999 46.200001
c<C>r<15>R<ASP> 3.855000 34.188999 47.292999
c<C>r<16>R<LEU> 4.347000 34.083000 51.041000
c<C>r<17>R<GLY> 4.473000 30.332001 50.993000
c<C>r<18>R<ILE> 2.239000 29.782000 53.986000
c<C>r<19>R<PHE> -1.473000 29.375000 54.750000
c<C>r<52>R<TRP> 16.546000 30.813000 63.164001
c<C>r<53>R<ILE> 12.958000 29.533001 62.816002
c<C>r<54>R<GLU> 12.102000 26.004000 61.523998
c<C>r<55>R<ARG> 8.890000 24.223000 60.671001
c<C>r<56>R<ASN> 7.361000 21.341000 62.598000
c<C>r<57>R<GLU> 6.045000 18.431999 60.540001
c<C>r<58>R<ASP> 2.774000 19.320000 62.192001
c<C>r<59>R<GLY> 3.212000 22.344999 59.960999
c<C>r<60>R<SER> 4.069000 24.631001 62.855000
c<C>r<82>R<ARG> 20.771000 22.854000 68.761002
c<C>r<122>R<ASP> 24.389999 31.249001 57.202000
c<C>r<123>R<PRO> 23.716999 29.407000 60.533001
c<C>r<124>R<ARG> 20.893000 27.097000 59.359001
c<C>r<125>R<SER> 23.591999 25.214001 57.417999
c<C>r<126>R<ASN> 26.194000 26.013000 59.972000
c<C>r<127>R<ALA> 28.625999 27.645000 57.602001
c<C>r<129>R<VAL> 27.275999 29.775000 51.995998
c<C>r<130>R<VAL> 29.122999 30.549999 48.743000
c<C>r<131>R<LYS> 26.753000 31.138000 45.821999
c<C>r<132>R<VAL> 27.542000 30.361000 42.183998
c<C>r<133>R<ASP> 25.704000 30.173000 38.834999
c<C>r<134>R<ASP> 24.679001 26.753000 37.505001
c<C>r<135>R<GLY> 27.870001 25.667999 35.818001
c<C>r<136>R<ALA> 29.938999 27.577000 38.348999
c<C>r<137>R<THR> 30.577999 25.229000 41.362999
c<C>r<138>R<ASP> 33.962002 24.860001 39.707001
c<C>r<140>R<GLY> 33.768002 28.291000 43.980999
c<C>r<141>R<VAL> 35.632999 25.042000 44.522999
c<C>r<151>R<SER> 36.388000 24.108999 53.530998
c<C>r<152>R<ALA> 34.797001 22.518000 56.576000
c<C>r<153>R<GLN> 33.091000 25.844999 57.042999
c<C>r<154>R<VAL> 32.242001 26.417000 53.386002
c<C>r<155>R<ARG> 29.158001 25.386999 51.438000
c<C>r<156>R<ILE> 28.849001 25.959000 47.640999
c<C>r<157>R<GLU> 25.326000 26.500999 46.424999
c<C>r<158>R<SER> 23.916000 26.809999 42.946999
