c<A>r<124>R<SER> 3.861000 13.058000 55.720001
c<A>r<125>R<THR> 5.561000 14.090000 58.960999
c<A>r<129>R<GLU> 8.001000 16.903999 58.104000
c<A>r<130>R<ALA> 11.583000 16.211000 59.193001
c<A>r<131>R<ALA> 13.817000 18.829000 60.873001
c<A>r<132>R<VAL> 17.079000 20.313999 59.723999
c<A>r<133>R<GLY> 19.754999 17.693001 60.355000
c<A>r<134>R<ALA> 17.577000 14.691000 59.480000
c<A>r<135>R<ALA> 18.655001 12.133000 56.935001
c<A>r<136>R<VAL> 16.531000 12.115000 53.768002
c<A>r<137>R<CYS> 16.556999 10.448000 50.366001
c<A>r<158>R<GLN> 20.173000 9.256000 46.476002
c<A>r<159>R<CYS> 20.504999 10.119000 50.157001
c<A>r<160>R<GLY> 21.913000 12.914000 52.292000
c<A>r<161>R<THR> 20.636999 15.246000 55.044998
c<A>r<162>R<ILE> 18.455000 18.312000 55.293999
c<A>r<163>R<THR> 20.677000 21.372999 55.622002
c<A>r<164>R<ALA> 18.322001 24.427999 55.549999
c<A>r<165>R<LYS> 14.724000 25.528999 55.179001
c<A>r<166>R<ASN> 12.970000 28.504000 53.580002
c<A>r<167>R<VAL> 15.510000 28.833000 50.741001
c<A>r<168>R<THR> 14.869000 30.950001 47.652000
c<A>r<169>R<ALA> 15.868000 29.674000 44.188000
c<A>r<170>R<ASN> 16.343000 32.248001 41.408001
c<A>r<171>R<TYR> 15.321000 30.197001 38.381001
c<A>r<176>R<ALA> 12.081000 33.235001 42.124001
c<A>r<178>R<ARG> 10.549000 30.773001 47.762001
c<A>r<179>R<GLY> 10.175000 28.493000 50.750000
c<A>r<180>R<LEU> 12.212000 25.513000 49.486000
c<A>r<181>R<THR> 13.929000 22.978001 51.726002
c<A>r<182>R<GLN> 17.599001 22.243999 50.988998
c<A>r<184>R<ASN> 22.716000 17.549999 50.157001
c<A>r<185>R<ALA> 21.579000 14.380000 48.425999
c<A>r<189>R<CYS> 22.671000 14.759000 44.800999
c<A>r<201>R<THR> 12.917000 9.509000 54.769001
c<A>r<201>i<A>R<SER> 13.960000 5.885000 55.018002
c<A>r<202>R<ALA> 11.163000 5.528000 57.689999
c<A>r<208>R<GLN> 7.745000 10.034000 55.806999
c<A>r<216>R<GLY> 19.593000 22.552999 42.494999
c<A>r<217>R<ASN> 23.132999 23.521000 41.596001
c<A>r<222>i<B>R<ALA> 27.964001 16.841999 49.606998
c<A>r<222>i<C>R<SER> 29.249001 19.976999 51.375000
c<A>r<223>R<GLN> 28.988001 21.867001 48.049999
c<A>r<225>R<SER> 22.271000 22.607000 47.106998
c<C>r<12>R<MET> 26.399000 3.973000 54.152000
c<C>r<15>R<ASP> 26.875999 8.000000 50.505001
c<C>r<16>R<LEU> 24.486000 8.515000 53.389000
c<C>r<17>R<GLY> 27.320000 9.447000 55.667999
c<C>r<18>R<ILE> 26.193001 7.393000 58.627998
c<C>r<23>R<LEU> 20.694000 4.662000 61.924999
c<C>r<24>R<PRO> 17.726000 3.711000 64.058998
c<C>r<26>R<TYR> 18.577000 9.014000 63.845001
c<C>r<27>R<LEU> 15.282000 7.917000 62.507000
c<C>r<28>R<GLN> 13.911000 7.841000 66.111000
c<C>r<29>R<THR> 14.818000 11.536000 66.098000
c<C>r<30>R<GLU> 13.519000 11.972000 62.587002
c<C>r<31>R<LYS> 10.225000 10.826000 64.099998
c<C>r<32>R<LEU> 10.488000 13.060000 67.183998
c<C>r<33>R<ALA> 10.896000 16.164000 64.994003
c<C>r<34>R<ARG> 7.805000 15.508000 62.827999
c<C>r<35>R<THR> 5.735000 15.319000 66.026001
c<C>r<37>R<ALA> 6.934000 19.957001 65.098999
c<C>r<38>R<ALA> 3.598000 21.729000 65.625000
c<C>r<50>R<GLY> 14.015000 27.528000 63.242001
c<C>r<51>R<SER> 14.847000 23.966000 64.139999
c<C>r<52>R<TRP> 17.216999 21.171000 63.057999
c<C>r<53>R<ILE> 18.990999 17.941999 64.086998
c<C>r<54>R<GLU> 22.612000 17.863001 65.406998
c<C>r<55>R<ARG> 25.024000 15.108000 66.306000
c<C>r<61>R<PHE> 21.818001 12.894000 66.853996
c<C>r<62>R<LYS> 19.801001 15.401000 68.773003
c<C>r<63>R<LEU> 16.844000 17.653999 67.768997
c<C>r<64>R<VAL> 17.514000 21.357000 68.469002
c<C>r<65>R<ALA> 14.859000 24.066000 68.169998
c<C>r<88>R<LEU> 13.280000 33.182999 61.217999
c<C>r<91>R<LEU> 15.859000 36.507999 58.612999
c<C>r<92>R<GLN> 13.236000 36.085999 55.903000
c<C>r<95>R<MET> 15.856000 37.347000 52.117001
c<C>r<96>R<GLU> 13.192000 39.627998 50.736000
c<C>r<98>R<LEU> 18.479000 39.391998 48.957001
c<C>r<99>R<ASP> 15.797000 38.964001 46.330002
c<C>r<102>R<ALA> 18.729000 40.412998 42.909000
c<C>r<117>R<GLN> 25.448999 30.496000 43.333000
c<C>r<118>R<SER> 22.047001 30.910999 45.080002
c<C>r<119>R<TRP> 21.084999 32.424000 48.471001
c<C>r<120>R<TYR> 18.503000 31.327999 51.069000
c<C>r<121>R<VAL> 17.643999 31.184000 54.785000
c<C>r<122>R<ASP> 19.400999 28.716999 57.096001
c<C>r<123>R<PRO> 18.775000 28.468000 60.902000
c<C>r<124>R<ARG> 21.726000 26.205000 61.830002
c<C>r<125>R<SER> 23.938000 29.240000 61.126999
c<C>r<128>R<VAL> 20.629999 33.796001 55.344002
c<C>r<129>R<VAL> 23.354000 31.837000 53.598000
c<C>r<131>R<LYS> 26.350000 31.011999 48.067001
c<C>r<133>R<ASP> 31.702000 30.174000 43.430000
c<C>r<157>R<GLU> 29.691000 30.621000 51.613998
c<C>r<158>R<SER> 31.907000 29.167000 48.939999
