c<A>r<90>R<ARG> 0.172000 24.016001 39.030998
c<A>r<91>R<VAL> 1.940000 26.959000 40.679001
c<A>r<94>R<PHE> 5.323000 27.903999 39.196999
c<A>r<95>R<PRO> 7.306000 30.122000 39.775002
c<A>r<100>R<GLY> 6.702000 31.603001 43.248001
c<A>r<101>R<ASN> 5.998000 28.049000 44.360001
c<A>r<102>R<ASP> 6.944000 24.879999 42.422001
c<A>r<103>R<ARG> 4.051000 22.405001 42.678001
c<A>r<125>R<THR> 5.561000 14.090000 58.960999
c<A>r<129>R<GLU> 8.001000 16.903999 58.104000
c<A>r<130>R<ALA> 11.583000 16.211000 59.193001
c<A>r<131>R<ALA> 13.817000 18.829000 60.873001
c<A>r<132>R<VAL> 17.079000 20.313999 59.723999
c<A>r<164>R<ALA> 18.322001 24.427999 55.549999
c<A>r<165>R<LYS> 14.724000 25.528999 55.179001
c<A>r<166>R<ASN> 12.970000 28.504000 53.580002
c<A>r<167>R<VAL> 15.510000 28.833000 50.741001
c<A>r<168>R<THR> 14.869000 30.950001 47.652000
c<A>r<169>R<ALA> 15.868000 29.674000 44.188000
c<A>r<170>R<ASN> 16.343000 32.248001 41.408001
c<A>r<171>R<TYR> 15.321000 30.197001 38.381001
c<A>r<173>R<ALA> 15.180000 31.365000 34.776001
c<A>r<174>R<GLU> 11.414000 31.969999 35.071999
c<A>r<177>R<VAL> 10.691000 30.230000 43.988998
c<A>r<178>R<ARG> 10.549000 30.773001 47.762001
c<A>r<179>R<GLY> 10.175000 28.493000 50.750000
c<A>r<180>R<LEU> 12.212000 25.513000 49.486000
c<A>r<181>R<THR> 13.929000 22.978001 51.726002
c<A>r<182>R<GLN> 17.599001 22.243999 50.988998
c<A>r<192>R<ARG> 18.160000 17.271999 35.306999
c<A>r<210>R<GLN> 8.881000 15.277000 52.574001
c<A>r<215>R<GLY> 16.004999 22.246000 41.448002
c<A>r<216>R<GLY> 19.593000 22.552999 42.494999
c<A>r<217>R<ASN> 23.132999 23.521000 41.596001
c<A>r<218>R<VAL> 23.643000 21.098000 38.695000
c<A>r<219>R<GLN> 27.077999 21.181999 37.112000
c<A>r<219>i<A>R<SER> 28.094999 20.934000 33.437000
c<A>r<219>i<B>R<ASN> 27.395000 17.156000 33.487999
c<A>r<219>i<C>R<GLY> 23.757999 17.864000 34.366001
c<A>r<223>R<GLN> 28.988001 21.867001 48.049999
c<A>r<224>R<ARG> 25.517000 20.650999 47.007999
c<A>r<225>R<SER> 22.271000 22.607000 47.106998
c<A>r<230>R<ARG> 7.463000 20.878000 50.824001
c<A>r<232>R<GLN> 2.266000 19.662001 53.127998
c<A>r<233>R<PRO> 1.276000 22.896999 51.308998
c<A>r<234>R<ILE> 0.744000 20.924000 48.081001
c<A>r<236>R<SER> -3.690000 21.278000 51.452000
c<A>r<237>R<GLN> -3.749000 23.607000 48.477001
c<A>r<238>R<TYR> -5.308000 20.871000 46.275002
c<C>r<6>R<PRO> -11.030000 29.854000 50.432999
c<C>r<9>R<LYS> -6.155000 30.662001 50.987000
c<C>r<10>R<PHE> -6.018000 28.962999 47.564999
c<C>r<11>R<ALA> -4.800000 32.140999 45.882000
c<C>r<12>R<MET> -2.278000 33.124001 48.501999
c<C>r<13>R<GLN> -0.635000 29.781000 48.005001
c<C>r<14>R<ARG> -1.496000 30.490999 44.417000
c<C>r<15>R<ASP> 0.648000 33.618000 43.925999
c<C>r<16>R<LEU> 2.301000 34.596001 47.182999
c<C>r<17>R<GLY> 3.044000 31.002001 47.971001
c<C>r<18>R<ILE> 1.989000 31.122000 51.592999
c<C>r<19>R<PHE> -1.169000 30.639999 53.673000
c<C>r<52>R<TRP> 18.056999 35.823002 54.716000
c<C>r<53>R<ILE> 14.814000 34.208000 55.945000
c<C>r<54>R<GLU> 14.212000 30.400000 55.893002
c<C>r<55>R<ARG> 11.247000 28.195999 56.650002
c<C>r<56>R<ASN> 10.915000 25.847000 59.603001
c<C>r<57>R<GLU> 9.536000 22.382999 58.869999
c<C>r<58>R<ASP> 6.848000 23.423000 61.299999
c<C>r<59>R<GLY> 6.042000 25.737000 58.416000
c<C>r<60>R<SER> 7.359000 28.798000 60.214001
c<C>r<61>R<PHE> 9.984000 31.180000 58.882999
c<C>r<62>R<LYS> 13.236000 31.947001 60.577999
c<C>r<63>R<LEU> 15.823000 34.750999 60.060001
c<C>r<64>R<VAL> 19.341999 33.400002 59.393002
c<C>r<82>R<ARG> 25.115999 30.100000 60.187000
c<C>r<117>R<GLN> 20.780001 34.911999 31.573999
c<C>r<118>R<SER> 22.319000 37.270000 34.194000
c<C>r<122>R<ASP> 23.438999 35.230000 46.473999
c<C>r<124>R<ARG> 21.556999 31.566000 50.616001
c<C>r<125>R<SER> 23.791000 29.447001 48.354000
c<C>r<126>R<ASN> 26.886000 31.132000 49.583000
c<C>r<129>R<VAL> 24.754000 32.612999 41.087002
c<C>r<130>R<VAL> 25.326000 32.604000 37.308998
c<C>r<131>R<LYS> 22.096001 32.164001 35.342999
c<C>r<132>R<VAL> 21.825001 30.476000 31.945999
c<C>r<133>R<ASP> 19.089001 29.218000 29.587999
c<C>r<134>R<ASP> 18.298000 25.490999 29.532000
c<C>r<136>R<ALA> 23.336000 26.945000 28.278999
c<C>r<137>R<THR> 25.278000 25.584000 31.341999
c<C>r<138>R<ASP> 27.983000 25.048000 28.747999
c<C>r<139>R<ALA> 27.799000 28.811001 28.226999
c<C>r<140>R<GLY> 28.556999 29.502001 31.896999
c<C>r<141>R<VAL> 31.023001 26.694000 32.498001
c<C>r<142>R<ASP> 32.758999 28.681999 29.801001
c<C>r<152>R<ALA> 34.452999 27.549000 44.324001
c<C>r<154>R<VAL> 30.400999 30.188999 41.405998
c<C>r<155>R<ARG> 27.084999 28.410999 40.948002
c<C>r<156>R<ILE> 25.507999 27.881001 37.473999
c<C>r<157>R<GLU> 21.743000 27.775000 37.467999
c<C>r<158>R<SER> 19.283001 26.990999 34.727001
