c<A>r<48>R<THR> -6.346000 10.893000 45.956001
c<A>r<48>i<A>R<ARG> -8.759000 13.832000 45.692001
c<A>r<48>i<B>R<GLY> -12.066000 12.225000 46.637001
c<A>r<48>i<C>R<ALA> -12.691000 9.642000 43.962002
c<A>r<49>R<THR> -10.043000 11.119000 41.647999
c<A>r<50>R<LYS> -6.633000 9.431000 41.386002
c<A>r<51>R<GLY> -3.523000 11.589000 41.056999
c<A>r<59>i<B>R<VAL> -2.535000 23.047001 33.176998
c<A>r<60>R<ASN> -4.086000 20.469000 30.826000
c<A>r<85>R<GLY> -3.715000 11.745000 32.775002
c<A>r<87>R<THR> -3.332000 15.518000 32.576000
c<A>r<88>R<PHE> -1.990000 18.334999 34.734001
c<A>r<88>i<A>R<ALA> -4.939000 19.511999 36.853001
c<A>r<89>R<ALA> -3.260000 22.483000 38.536999
c<A>r<90>R<ARG> 0.172000 24.016001 39.030998
c<A>r<91>R<VAL> 1.940000 26.959000 40.679001
c<A>r<104>R<ALA> 1.516000 20.537001 40.577999
c<A>r<105>R<TRP> -0.741000 17.525999 40.533001
c<A>r<106>R<VAL> -1.617000 15.248000 37.633999
c<A>r<107>R<SER> -5.186000 13.998000 37.530998
c<A>r<108>R<LEU> -5.096000 10.324000 36.397999
c<A>r<109>R<THR> -7.571000 8.098000 34.645000
c<A>r<110>R<SER> -9.371000 5.524000 36.817001
c<A>r<122>R<ARG> 3.837000 5.746000 55.633999
c<A>r<123>R<GLY> 2.898000 9.413000 56.230999
c<A>r<124>R<SER> 3.861000 13.058000 55.720001
c<A>r<125>R<THR> 5.561000 14.090000 58.960999
c<A>r<129>R<GLU> 8.001000 16.903999 58.104000
c<A>r<130>R<ALA> 11.583000 16.211000 59.193001
c<A>r<207>R<GLY> 8.644000 6.422000 54.986000
c<A>r<208>R<GLN> 7.745000 10.034000 55.806999
c<A>r<231>R<LEU> 4.682000 18.329000 50.495998
c<A>r<232>R<GLN> 2.266000 19.662001 53.127998
c<A>r<233>R<PRO> 1.276000 22.896999 51.308998
c<A>r<234>R<ILE> 0.744000 20.924000 48.081001
c<A>r<235>R<LEU> -1.616000 18.510000 49.838001
c<A>r<236>R<SER> -3.690000 21.278000 51.452000
c<A>r<237>R<GLN> -3.749000 23.607000 48.477001
c<A>r<238>R<TYR> -5.308000 20.871000 46.275002
c<A>r<239>R<GLY> -7.259000 18.906000 48.921001
c<A>r<240>R<LEU> -5.139000 15.788000 48.368999
c<A>r<241>R<SER> -4.629000 12.740000 50.596001
c<A>r<242>R<LEU> -1.412000 10.745000 50.446999
c<A>r<243>R<VAL> -1.714000 7.028000 49.546001
c<A>r<244>R<THR> 0.022000 5.165000 52.405998
c<A>r<245>R<GLY> 0.919000 1.659000 53.466000
c<C>r<27>R<LEU> -17.208000 8.876000 34.507999
c<C>r<29>R<THR> -18.087999 13.399000 36.738998
c<C>r<30>R<GLU> -14.722000 11.705000 36.825001
c<C>r<31>R<LYS> -13.975000 13.944000 33.844002
c<C>r<33>R<ALA> -13.194000 16.726000 38.467999
c<C>r<34>R<ARG> -9.933000 16.413000 36.480999
c<C>r<35>R<THR> -10.797000 19.700001 34.749001
c<C>r<36>R<GLN> -12.262000 22.025000 37.412998
c<C>r<37>R<ALA> -9.373000 20.568001 39.334999
c<C>r<38>R<ALA> -6.937000 23.459999 38.845001
c<C>r<39>R<ALA> -9.747000 26.013000 39.131001
c<C>r<40>R<ILE> -11.434000 24.898001 42.386002
c<C>r<41>R<GLU> -7.946000 24.643999 43.943001
c<C>r<42>R<ARG> -7.121000 28.181000 42.953999
c<C>r<44>R<PHE> -10.528000 28.525000 47.354000
c<C>r<45>R<GLY> -6.894000 28.952000 47.933998
c<C>r<46>R<ALA> -5.627000 27.681000 51.209000
c<C>r<47>R<GLN> -9.062000 27.679001 52.780998
c<C>r<48>R<PHE> -9.433000 24.836000 50.328999
c<C>r<49>R<ALA> -10.420000 21.815001 52.390999
c<C>r<50>R<GLY> -10.173000 19.136999 49.737999
c<C>r<51>R<SER> -12.540000 17.718000 47.174000
c<C>r<52>R<TRP> -14.318000 14.437000 46.359001
c<C>r<53>R<ILE> -17.278000 12.791000 44.578999
c<C>r<54>R<GLU> -20.566000 11.880000 46.373001
c<C>r<63>R<LEU> -18.451000 16.422001 42.660000
c<C>r<64>R<VAL> -18.096001 18.306999 45.973000
c<C>r<65>R<ALA> -15.230000 20.688999 46.737000
c<C>r<66>R<ALA> -14.660000 21.993999 50.206001
c<C>r<67>R<THR> -13.468000 25.225000 51.727001
c<C>r<87>R<SER> -8.551000 23.098000 56.118000
c<C>r<88>R<LEU> -6.395000 20.657000 54.214001
c<C>r<89>R<LYS> -3.646000 22.914000 55.481998
c<C>r<90>R<GLN> -4.316000 22.650000 59.208000
c<C>r<91>R<LEU> -5.192000 18.997000 58.717999
c<C>r<92>R<GLN> -1.793000 18.159000 57.256001
c<C>r<93>R<SER> -0.225000 19.740999 60.345001
c<C>r<94>R<ALA> -1.836000 17.245001 62.692001
c<C>r<95>R<MET> -0.526000 14.664000 60.249001
c<C>r<96>R<GLU> 2.929000 16.065001 60.800999
c<C>r<97>R<GLN> 2.222000 15.319000 64.494003
c<C>r<98>R<LEU> 0.584000 11.983000 63.804001
c<C>r<99>R<ASP> 3.965000 11.234000 62.292999
c<C>r<100>R<ALA> 6.210000 13.290000 64.557999
c<C>r<101>R<GLY> 5.227000 11.187000 67.547997
c<C>r<102>R<ALA> 4.845000 7.932000 65.568001
c<C>r<117>R<GLN> -3.231000 0.243000 61.171001
c<C>r<118>R<SER> -2.038000 3.429000 59.375000
c<C>r<119>R<TRP> -3.177000 7.082000 59.631001
c<C>r<120>R<TYR> -3.611000 9.772000 56.949001
c<C>r<121>R<VAL> -5.601000 12.842000 55.863998
c<C>r<122>R<ASP> -9.153000 12.490000 54.530998
c<C>r<123>R<PRO> -11.393000 15.460000 53.480000
c<C>r<124>R<ARG> -14.724000 13.591000 53.162998
c<C>r<128>R<VAL> -7.042000 12.946000 59.602001
