c<A>r<1>R<GLY> -0.374000 22.113001 -8.188000
c<A>r<2>R<SER> -1.480000 18.806000 -7.691000
c<A>r<3>R<HIS> -2.600000 18.825001 -4.560000
c<A>r<4>R<MET> -1.201000 15.937000 -3.140000
c<A>r<5>R<THR> -3.772000 14.385000 -1.039000
c<A>r<6>R<TYR> -2.699000 12.416000 1.832000
c<A>r<7>R<PRO> -4.732000 9.782000 3.697000
c<A>r<8>R<THR> -3.979000 11.682000 6.914000
c<A>r<20>R<SER> 10.633000 15.743000 17.025999
c<A>r<21>R<PHE> 8.126000 12.888000 18.000999
c<A>r<22>R<SER> 5.628000 10.954000 15.784000
c<A>r<23>R<PHE> 3.530000 8.685000 17.969000
c<A>r<24>R<THR> 0.889000 7.456000 15.541000
c<A>r<25>R<GLY> -0.908000 4.335000 14.359000
c<A>r<26>R<GLU> -0.238000 5.252000 10.643000
c<A>r<27>R<ASN> 1.571000 1.937000 10.157000
c<A>r<28>R<ASN> -1.004000 -0.270000 11.861000
c<A>r<30>R<ALA> -4.020000 2.089000 15.851000
c<A>r<47>R<VAL> 1.378000 14.934000 27.055000
c<A>r<48>R<ARG> 1.063000 11.221000 27.629999
c<A>r<49>R<ALA> -0.799000 9.259000 24.829000
c<A>r<50>R<TRP> -2.074000 5.625000 24.742001
c<A>r<51>R<LEU> -2.830000 3.966000 21.313000
c<A>r<55>R<ARG> 1.703000 1.571000 22.924999
c<A>r<56>R<ASP> 2.004000 4.477000 25.355000
c<A>r<57>R<GLU> 4.553000 7.368000 25.594000
c<A>r<58>R<THR> 5.027000 10.634000 27.541000
c<A>r<59>R<PHE> 6.267000 13.805000 25.731001
c<A>r<127>R<LEU> -4.085000 7.934000 14.692000
c<A>r<128>R<GLY> -1.931000 9.673000 17.398001
c<A>r<129>R<ILE> 0.001000 12.813000 18.014999
c<A>r<130>R<VAL> 2.979000 14.370000 16.184000
c<A>r<131>R<GLY> 5.143000 17.261999 17.322001
c<A>r<143>R<MET> -2.907000 12.970000 13.081000
c<A>r<154>R<THR> -7.323000 -7.963000 1.344000
c<A>r<155>R<ASN> -4.613000 -10.520000 0.668000
c<A>r<284>R<LYS> -6.544000 -0.891000 2.570000
c<A>r<285>R<ILE> -8.304000 2.357000 3.604000
c<A>r<286>R<THR> -9.353000 4.421000 0.685000
c<A>r<289>R<ASN> -9.833000 12.315000 -1.479000
c<A>r<290>R<GLY> -8.502000 9.331000 -3.266000
c<A>r<291>R<SER> -5.539000 8.711000 -1.018000
c<A>r<292>R<VAL> -4.924000 5.261000 0.336000
c<A>r<293>R<LEU> -3.548000 4.137000 3.707000
c<A>r<294>R<GLN> -2.501000 0.550000 3.578000
c<A>r<295>R<TYR> -0.863000 -1.585000 6.237000
c<A>r<296>R<GLU> -0.312000 -5.274000 7.085000
c<B>r<1>R<GLY> 4.580000 9.251000 21.419001
c<B>r<2>R<SER> 4.279000 7.013000 18.698000
c<B>r<3>R<HIS> 5.693000 8.637000 16.186001
c<B>r<4>R<MET> 3.461000 8.157000 13.491000
c<B>r<5>R<THR> 5.487000 7.487000 10.506000
c<B>r<6>R<TYR> 4.164000 8.403000 7.238000
c<B>r<7>R<PRO> 5.249000 7.087000 3.830000
c<B>r<8>R<THR> 5.745000 10.696000 2.734000
c<B>r<20>R<SER> -4.641000 25.457001 -0.021000
c<B>r<21>R<PHE> -3.338000 23.219000 -2.961000
c<B>r<22>R<SER> -2.115000 19.568001 -2.943000
c<B>r<23>R<PHE> -0.777000 18.636000 -6.350000
c<B>r<24>R<THR> 0.815000 15.270000 -5.727000
c<B>r<25>R<GLY> 1.099000 11.738000 -7.101000
c<B>r<26>R<GLU> 0.335000 10.202000 -3.619000
c<B>r<27>R<ASN> -2.655000 8.359000 -5.086000
c<B>r<28>R<ASN> -0.917000 7.010000 -8.184000
c<B>r<32>R<LEU> 7.360000 15.774000 -10.374000
c<B>r<47>R<VAL> 4.856000 27.822001 -9.598000
c<B>r<48>R<ARG> 3.772000 25.586000 -12.436000
c<B>r<49>R<ALA> 4.327000 21.782000 -11.880000
c<B>r<50>R<TRP> 4.061000 18.812000 -14.315000
c<B>r<51>R<LEU> 3.652000 15.220000 -12.907000
c<B>r<55>R<ARG> -1.195000 16.362000 -14.924000
c<B>r<56>R<ASP> -0.036000 19.971001 -14.855000
c<B>r<57>R<GLU> -1.190000 23.021000 -12.806000
c<B>r<58>R<THR> -0.098000 26.636000 -12.118000
c<B>r<59>R<PHE> -0.242000 28.075001 -8.546000
c<B>r<60>R<GLY> -0.037000 31.903999 -7.990000
c<B>r<127>R<LEU> 5.437000 13.160000 -5.566000
c<B>r<128>R<GLY> 4.526000 16.868000 -6.155000
c<B>r<129>R<ILE> 4.057000 20.084999 -4.318000
c<B>r<130>R<VAL> 1.691000 21.091000 -1.469000
c<B>r<131>R<GLY> 0.997000 24.576000 -0.153000
c<B>r<132>R<ARG> -1.257000 27.829000 -0.280000
c<B>r<133>R<GLY> -1.445000 30.511999 -2.888000
c<B>r<142>R<PHE> 7.664000 19.368000 -1.809000
c<B>r<143>R<MET> 6.103000 15.930000 -0.938000
c<B>r<154>R<THR> 0.453000 -7.277000 -6.148000
c<B>r<155>R<ASN> -3.085000 -8.416000 -6.842000
c<B>r<284>R<LYS> 2.638000 -1.472000 -2.439000
c<B>r<285>R<ILE> 5.625000 0.697000 -1.415000
c<B>r<286>R<THR> 6.984000 -0.193000 1.950000
c<B>r<289>R<ASN> 10.174000 3.497000 8.542000
c<B>r<290>R<GLY> 7.555000 0.848000 8.195000
c<B>r<291>R<SER> 4.923000 3.020000 6.563000
c<B>r<292>R<VAL> 3.212000 1.822000 3.431000
c<B>r<293>R<LEU> 2.002000 3.749000 0.389000
c<B>r<294>R<GLN> -0.357000 1.684000 -1.655000
c<B>r<295>R<TYR> -2.315000 2.568000 -4.777000
c<B>r<296>R<GLU> -4.126000 0.852000 -7.690000
