c<G>r<52>R<ARG> 2.643000 0.857000 10.334000
c<G>r<53>R<GLY> -0.078000 3.508000 10.217000
c<G>r<54>R<SER> -3.570000 2.980000 8.953000
c<G>r<55>R<TYR> -4.282000 -0.172000 6.836000
c<G>r<56>R<ALA> -7.032000 -2.454000 5.519000
c<G>r<57>R<GLN> -7.069000 -6.264000 5.808000
c<G>r<58>R<THR> -9.677000 -7.407000 3.244000
c<G>r<59>R<ASP> -10.568000 -10.034000 0.739000
c<G>r<60>R<GLY> -11.045000 -7.072000 -1.690000
c<G>r<61>R<HIS> -14.775000 -7.852000 -2.049000
c<G>r<62>R<GLY> -16.365000 -6.317000 1.059000
c<G>r<63>R<ARG> -15.018000 -8.544000 3.899000
c<G>r<64>R<GLY> -12.296000 -7.663000 6.364000
c<G>r<65>R<TYR> -11.377000 -4.776000 8.723000
c<G>r<66>R<ILE> -9.847000 -1.349000 8.579000
c<G>r<68>R<LEU> -7.042000 3.775000 11.703000
c<G>r<69>R<ASP> -3.857000 4.889000 13.388000
c<G>r<72>R<GLN> -1.003000 9.073000 11.147000
c<G>r<76>R<TYR> -2.645000 13.331000 7.034000
c<G>r<81>R<VAL> -7.041000 8.083000 4.948000
c<G>r<82>R<THR> -10.415000 6.442000 5.813000
c<G>r<84>R<HIS> -8.514000 5.207000 0.925000
c<G>r<85>R<GLU> -8.606000 2.270000 3.339000
c<G>r<88>R<HIS> -9.254000 -1.508000 -0.504000
c<G>r<89>R<VAL> -12.407000 -3.186000 0.828000
c<G>r<90>R<LEU> -13.993000 -2.355000 -2.556000
c<G>r<91>R<GLY> -11.088000 -4.043000 -4.421000
c<G>r<92>R<LEU> -8.694000 -1.259000 -5.387000
c<G>r<93>R<PRO> -4.916000 -1.722000 -5.099000
c<G>r<94>R<ASP> -2.431000 0.870000 -3.894000
c<G>r<95>R<HIS> -0.624000 3.142000 -6.452000
c<G>r<96>R<TYR> 1.849000 5.102000 -4.201000
c<G>r<97>R<GLN> 3.544000 6.960000 -7.151000
c<G>r<98>R<GLY> 0.175000 8.232000 -8.356000
c<G>r<104>R<MET> -5.363000 5.084000 -4.011000
c<G>r<105>R<SER> -2.023000 6.960000 -4.129000
c<G>r<106>R<GLY> -2.550000 7.043000 -0.358000
c<G>r<107>R<GLY> 0.198000 8.920000 1.499000
c<G>r<108>R<GLY> 2.369000 8.928000 -1.667000
c<G>r<109>R<PRO> 1.758000 12.664000 -2.516000
c<G>r<110>R<GLY> 2.429000 13.716000 1.120000
c<G>r<125>R<ARG> -12.847000 -0.121000 -11.614000
c<G>r<126>R<VAL> -15.035000 -0.471000 -8.478000
c<G>r<128>R<ALA> -16.674000 -3.258000 -12.807000
c<G>r<129>R<LEU> -15.662000 -5.325000 -9.765000
c<G>r<130>R<TRP> -19.186001 -5.231000 -8.382000
c<H>r<1>R<GLY> -10.543000 -7.666000 -6.429000
c<H>r<2>R<SER> -7.557000 -9.299000 -4.782000
c<H>r<3>R<ALA> -7.011000 -9.707000 -1.125000
c<H>r<4>R<HIS> -5.307000 -6.633000 0.413000
c<H>r<5>R<GLY> -3.248000 -6.142000 3.731000
c<H>r<6>R<PRO> -0.278000 -4.254000 5.165000
c<H>r<7>R<SER> 3.191000 -5.294000 3.831000
c<H>r<8>R<ALA> 6.408000 -5.357000 5.917000
c<H>r<31>R<SER> 6.631000 -1.133000 4.767000
c<H>r<32>R<CYS> 3.564000 -0.682000 2.539000
c<H>r<33>R<ALA> 0.387000 0.633000 4.260000
c<H>r<34>R<TYR> -1.268000 4.078000 3.881000
c<H>r<35>R<THR> 2.325000 5.293000 3.381000
c<H>r<36>R<ALA> 5.342000 3.573000 1.754000
c<H>r<37>R<GLU> 8.315000 3.663000 4.165000
c<H>r<43>R<PRO> 9.781000 2.812000 -1.079000
c<H>r<44>R<ARG> 6.855000 4.019000 -3.188000
c<H>r<45>R<ALA> 8.132000 2.484000 -6.379000
c<H>r<46>R<ALA> 9.042000 -0.692000 -4.533000
c<H>r<47>R<CYS> 5.573000 -0.954000 -2.975000
c<H>r<48>R<ASP> 3.898000 -0.459000 -6.348000
c<H>r<49>R<ALA> 6.153000 -3.154000 -7.942000
c<H>r<51>R<ASN> 1.590000 -4.966000 -5.572000
c<H>r<52>R<ALA> 1.901000 -5.704000 -9.276000
c<H>r<54>R<ASP> -0.204000 -10.039000 -6.774000
c<H>r<80>R<ASN> -0.670000 -8.166000 1.813000
c<H>r<81>R<GLY> -1.097000 -10.006000 5.119000
