c<A>r<1>R<MET> 15.692000 -9.372000 -10.194000
c<A>r<2>R<GLN> 17.396999 -5.910000 -9.867000
c<A>r<3>R<ALA> 16.291000 -3.941000 -12.976000
c<A>r<4>R<GLU> 16.780001 -0.304000 -13.973000
c<A>r<5>R<ILE> 13.597000 1.083000 -15.562000
c<A>r<6>R<LEU> 13.713000 3.792000 -18.221001
c<A>r<7>R<LEU> 10.614000 5.753000 -19.223000
c<A>r<8>R<THR> 10.240000 7.291000 -22.697001
c<A>r<9>R<LEU> 7.278000 9.618000 -23.311001
c<A>r<10>R<LYS> 6.156000 10.171000 -26.910000
c<A>r<11>R<LEU> 3.806000 12.931000 -28.054001
c<A>r<12>R<GLN> 2.362000 12.765000 -31.601000
c<A>r<13>R<GLN> 4.622000 9.682000 -32.265999
c<A>r<14>R<LYS> 7.753000 11.869000 -31.601000
c<A>r<15>R<LEU> 10.216000 11.712000 -28.709000
c<A>r<16>R<PHE> 9.004000 14.155000 -26.031000
c<A>r<17>R<ALA> 10.730000 13.148000 -22.750999
c<A>r<18>R<ASP> 13.439000 10.585000 -21.850000
c<A>r<58>R<LEU> 5.349000 19.177999 -28.978001
c<A>r<59>R<SER> 4.211000 20.690001 -25.639000
c<A>r<60>R<GLU> 1.085000 22.882999 -25.259001
c<A>r<74>R<TYR> 5.041000 23.955999 -16.825001
c<A>r<77>R<ARG> 5.738000 20.448000 -13.554000
c<A>r<78>R<LEU> 6.996000 18.115999 -16.347000
c<A>r<79>R<ILE> 10.139000 17.283001 -14.279000
c<A>r<80>R<GLN> 7.959000 16.551001 -11.193000
c<A>r<81>R<LEU> 5.534000 14.397000 -13.263000
c<A>r<82>R<TYR> 8.395000 12.421000 -14.886000
c<A>r<83>R<ASP> 10.262000 11.842000 -11.573000
c<A>r<84>R<LEU> 7.037000 10.723000 -9.854000
c<A>r<85>R<LEU> 6.177000 8.370000 -12.764000
c<A>r<86>R<ALA> 9.715000 6.885000 -12.525000
c<A>r<87>R<GLN> 9.239000 6.283000 -8.738000
c<A>r<88>R<ILE> 5.774000 4.665000 -9.263000
c<A>r<89>R<GLN> 7.222000 2.451000 -11.991000
c<A>r<90>R<GLN> 10.227000 1.331000 -9.895000
c<A>r<91>R<LYS> 7.989000 0.578000 -6.843000
c<A>r<92>R<ALA> 5.526000 -1.362000 -9.056000
c<A>r<93>R<PHE> 8.384000 -3.454000 -10.533000
c<A>r<95>R<VAL> 6.742000 -5.447000 -5.626000
c<A>r<96>R<LEU> 5.486000 -7.371000 -8.710000
c<A>r<97>R<SER> 8.870000 -8.996000 -9.556000
c<A>r<100>R<ASP> 5.885000 -16.238001 -7.377000
c<A>r<101>R<ALA> 2.206000 -15.639000 -8.310000
c<A>r<102>R<LEU> 1.555000 -12.581000 -10.501000
c<A>r<103>R<PRO> -1.723000 -10.727000 -9.716000
c<A>r<104>R<LEU> -4.812000 -12.037000 -11.598000
c<A>r<105>R<ASN> -5.725000 -8.547000 -12.957000
c<A>r<106>R<LEU> -4.693000 -4.836000 -12.940000
c<A>r<107>R<LEU> -6.739000 -4.171000 -9.725000
c<A>r<108>R<ALA> -4.914000 -6.948000 -7.808000
c<A>r<109>R<ALA> -1.576000 -5.625000 -9.096000
c<A>r<110>R<ILE> -2.269000 -1.987000 -8.169000
c<A>r<111>R<SER> -3.399000 -3.172000 -4.687000
c<A>r<112>R<ARG> 0.090000 -4.765000 -4.080000
c<A>r<113>R<PHE> 2.295000 -1.665000 -4.749000
c<A>r<114>R<SER> -0.266000 1.115000 -4.064000
c<A>r<115>R<LEU> -1.764000 2.251000 -0.726000
c<A>r<116>R<GLN> -1.442000 -0.513000 1.888000
c<A>r<117>R<THR> -4.291000 -0.286000 4.436000
c<A>r<118>R<SER> -4.681000 -1.012000 8.179000
c<A>r<119>R<ALA> -7.764000 -3.133000 7.319000
c<A>r<120>R<ARG> -6.873000 -6.746000 8.233000
c<A>r<133>R<ASP> -31.573999 5.130000 -2.796000
c<A>r<134>R<ASP> -31.010000 8.926000 -2.739000
c<A>r<135>R<VAL> -28.625999 9.012000 0.297000
c<A>r<136>R<GLN> -27.419001 5.502000 1.232000
c<A>r<153>R<ALA> -23.799999 0.190000 2.182000
c<A>r<154>R<ILE> -22.260000 3.325000 0.543000
c<A>r<155>R<THR> -23.260000 6.964000 -0.042000
c<A>r<156>R<ALA> -25.097000 7.511000 -3.368000
c<A>r<157>R<GLN> -22.316000 9.926000 -4.459000
c<A>r<158>R<SER> -19.622999 7.281000 -3.662000
c<A>r<159>R<GLY> -21.597000 4.684000 -5.698000
c<A>r<161>R<ARG> -18.187000 8.400000 -8.414000
c<A>r<162>R<LEU> -16.698999 4.868000 -8.244000
c<A>r<164>R<LEU> -20.150000 0.573000 -8.691000
c<A>r<170>R<VAL> -13.676000 -4.255000 -6.227000
c<A>r<171>R<LEU> -11.516000 -4.713000 -3.138000
c<A>r<172>R<ILE> -13.446000 -5.071000 0.150000
c<A>r<173>R<LEU> -11.758000 -3.292000 3.106000
c<A>r<174>R<LEU> -12.994000 -4.531000 6.517000
c<A>r<175>R<LYS> -11.229000 -3.476000 9.752000
c<A>r<176>R<ALA> -10.805000 -6.104000 12.507000
c<A>r<177>R<PRO> -12.851000 -4.187000 15.229000
c<A>r<178>R<TRP> -15.940000 -4.174000 12.921000
c<A>r<203>R<GLU> -4.427000 -13.677000 21.040001
c<A>r<204>R<ARG> -5.668000 -12.195000 24.367001
c<A>r<205>R<GLY> -4.542000 -8.666000 25.344000
c<A>r<206>R<ALA> -5.487000 -6.494000 28.358000
c<A>r<207>R<GLU> -8.704000 -4.974000 26.841999
c<A>r<208>R<GLN> -8.915000 -6.543000 23.334999
c<A>r<209>R<CYS> -8.543000 -10.036000 21.809999
c<A>r<210>R<GLU> -7.320000 -10.705000 18.243999
c<A>r<222>R<CYS> -9.190000 -11.318000 11.587000
c<A>r<223>R<ALA> -11.455000 -9.787000 14.274000
c<A>r<224>R<THR> -10.563000 -7.524000 17.247999
c<A>r<225>R<VAL> -13.081000 -8.401000 19.983999
c<A>r<246>R<ASP> -22.219999 0.149000 6.643000
c<A>r<247>R<SER> -19.056000 -1.293000 8.308000
c<A>r<248>R<VAL> -17.224001 -1.901000 4.971000
c<A>r<249>R<ILE> -15.143000 0.308000 2.624000
c<A>r<250>R<ILE> -15.100000 -0.503000 -1.116000
c<A>r<251>R<ALA> -11.965000 0.235000 -3.139000
c<A>r<252>R<THR> -11.770000 0.152000 -6.998000
c<A>r<253>R<LEU> -9.713000 1.459000 -9.909000
c<A>r<254>R<CYS> -10.984000 4.769000 -11.278000
c<B>r<1>R<MET> -1.618000 15.676000 -22.728001
c<B>r<2>R<GLN> -1.982000 12.450000 -24.823000
c<B>r<3>R<ALA> 1.367000 10.622000 -24.426001
c<B>r<4>R<GLU> 2.449000 7.087000 -25.319000
c<B>r<5>R<ILE> 4.746000 5.676000 -22.591999
c<B>r<6>R<LEU> 7.456000 3.201000 -23.549999
c<B>r<7>R<LEU> 9.041000 1.033000 -20.862000
c<B>r<8>R<THR> 12.681000 -0.136000 -21.135000
c<B>r<9>R<LEU> 13.989000 -2.673000 -18.593000
c<B>r<10>R<LYS> 17.774000 -2.979000 -18.150999
c<B>r<11>R<LEU> 19.542999 -5.812000 -16.311001
c<B>r<12>R<GLN> 23.261000 -5.434000 -15.453000
c<B>r<13>R<GLN> 23.306999 -2.116000 -17.459000
c<B>r<14>R<LYS> 22.264000 -4.078000 -20.632000
c<B>r<15>R<LEU> 18.976000 -3.976000 -22.537001
c<B>r<16>R<PHE> 16.761000 -6.763000 -21.136000
c<B>r<17>R<ALA> 13.184000 -5.932000 -22.243000
c<B>r<18>R<ASP> 11.611000 -3.214000 -24.443001
c<B>r<59>R<SER> 17.761000 -13.731000 -16.948999
c<B>r<60>R<GLU> 18.041000 -16.225000 -14.051000
c<B>r<77>R<ARG> 5.536000 -14.374000 -16.525000
c<B>r<78>R<LEU> 7.888000 -11.723000 -18.040001
c<B>r<80>R<GLN> 2.505000 -10.553000 -18.045000
c<B>r<81>R<LEU> 4.728000 -8.451000 -15.712000
c<B>r<82>R<TYR> 5.730000 -6.092000 -18.572001
c<B>r<83>R<ASP> 2.129000 -5.660000 -19.858000
c<B>r<84>R<LEU> 0.900000 -4.982000 -16.318001
c<B>r<85>R<LEU> 3.693000 -2.428000 -15.659000
c<B>r<86>R<ALA> 2.816000 -0.698000 -18.976999
c<B>r<87>R<GLN> -0.889000 -0.487000 -17.898001
c<B>r<88>R<ILE> 0.054000 0.909000 -14.431000
c<B>r<89>R<GLN> 2.313000 3.470000 -16.106001
c<B>r<90>R<GLN> -0.283000 4.622000 -18.662001
c<B>r<91>R<LYS> -2.977000 4.903000 -15.921000
c<B>r<92>R<ALA> -0.576000 6.828000 -13.635000
c<B>r<93>R<PHE> 0.232000 9.266000 -16.482000
c<B>r<95>R<VAL> -4.365000 10.686000 -13.978000
c<B>r<96>R<LEU> -1.246000 12.737000 -13.039000
c<B>r<97>R<SER> -1.131000 14.735000 -16.333000
c<B>r<99>R<ASP> -2.574000 20.517000 -14.646000
c<B>r<101>R<LEU> -2.901000 18.374001 -9.437000
c<B>r<102>R<PRO> -0.100000 18.978001 -6.850000
c<B>r<103>R<LEU> 2.830000 16.552000 -7.574000
c<B>r<104>R<ASN> 4.861000 17.150000 -4.347000
c<B>r<105>R<SER> 4.112000 13.810000 -2.521000
c<B>r<106>R<LEU> 4.476000 10.277000 -3.942000
c<B>r<107>R<LEU> 1.684000 9.159000 -1.526000
c<B>r<108>R<ALA> -0.650000 11.924000 -2.778000
c<B>r<109>R<ALA> 0.072000 11.048000 -6.436000
c<B>r<110>R<ILE> -0.303000 7.246000 -5.883000
c<B>r<111>R<SER> -3.631000 7.905000 -4.067000
c<B>r<112>R<ARG> -5.108000 9.479000 -7.275000
c<B>r<113>R<PHE> -4.396000 6.689000 -9.821000
c<B>r<114>R<SER> -4.539000 3.838000 -7.268000
c<B>r<115>R<LEU> -7.585000 2.324000 -5.540000
c<B>r<116>R<GLN> -10.351000 4.935000 -5.171000
c<B>r<117>R<THR> -12.358000 4.283000 -1.984000
c<B>r<118>R<SER> -16.013000 4.656000 -0.900000
c<B>r<119>R<ALA> -14.764000 6.619000 2.155000
c<B>r<120>R<ARG> -16.174999 10.169000 1.787000
c<B>r<133>R<ASP> -0.082000 -2.339000 23.165001
c<B>r<134>R<ASP> -0.023000 -6.064000 22.266001
c<B>r<135>R<VAL> -3.374000 -6.353000 20.372000
c<B>r<136>R<GLN> -4.788000 -2.882000 19.580999
c<B>r<153>R<ALA> -6.739000 2.610000 16.666000
c<B>r<154>R<ILE> -5.146000 -0.253000 14.639000
c<B>r<155>R<THR> -4.110000 -3.879000 15.249000
c<B>r<156>R<ALA> -0.470000 -4.252000 16.427000
c<B>r<157>R<GLN> 0.273000 -6.380000 13.311000
c<B>r<158>R<SER> -1.145000 -3.598000 11.038000
c<B>r<159>R<GLY> 1.001000 -0.966000 12.836000
c<B>r<161>R<ARG> 3.373000 -4.179000 8.751000
c<B>r<162>R<LEU> 2.681000 -0.578000 7.602000
c<B>r<164>R<LEU> 3.356000 3.477000 11.292000
c<B>r<170>R<VAL> -0.582000 8.506000 5.787000
c<B>r<171>R<LEU> -4.021000 8.818000 4.207000
c<B>r<172>R<ILE> -6.941000 8.749000 6.682000
c<B>r<173>R<LEU> -10.002000 6.839000 5.372000
c<B>r<174>R<LEU> -13.237000 7.655000 7.261000
c<B>r<175>R<LYS> -16.657000 6.482000 5.984000
c<B>r<176>R<ALA> -19.615000 8.894000 6.299000
c<B>r<177>R<PRO> -21.795000 6.597000 8.587000
c<B>r<178>R<TRP> -19.007000 6.560000 11.253000
c<B>r<203>R<GLU> -29.636999 16.135000 2.084000
c<B>r<204>R<ARG> -32.576000 14.245000 3.697000
c<B>r<205>R<GLY> -33.458000 10.751000 2.410000
c<B>r<206>R<ALA> -36.092999 8.261000 3.636000
c<B>r<207>R<GLU> -33.966000 6.631000 6.423000
c<B>r<208>R<GLN> -30.614000 8.518000 6.235000
c<B>r<209>R<CYS> -29.419001 12.146000 5.933000
c<B>r<210>R<GLU> -26.181000 13.204000 4.194000
c<B>r<222>R<CYS> -19.368999 14.255000 5.023000
c<B>r<223>R<ALA> -21.514999 12.336000 7.548000
c<B>r<224>R<THR> -24.423000 9.901000 6.952000
c<B>r<225>R<VAL> -26.752001 10.339000 9.948000
c<B>r<246>R<ASP> -11.390000 2.335000 15.922000
c<B>r<247>R<SER> -13.667000 3.813000 13.182000
c<B>r<248>R<VAL> -10.734000 4.899000 10.931000
c<B>r<249>R<ILE> -8.636000 3.072000 8.290000
c<B>r<250>R<ILE> -5.035000 4.204000 7.670000
c<B>r<251>R<ALA> -3.563000 3.890000 4.176000
c<B>r<252>R<THR> 0.193000 4.370000 3.400000
c<B>r<253>R<LEU> 2.951000 3.369000 0.960000
c<B>r<254>R<CYS> 4.997000 0.258000 1.735000
