c<A>r<36>R<THR> -23.599001 -0.478000 10.951000
c<A>r<37>R<ARG> -21.250999 -0.342000 7.872000
c<A>r<42>R<GLY> -12.727000 -7.402000 -4.859000
c<A>r<43>R<SER> -9.563000 -7.282000 -7.036000
c<A>r<44>R<GLY> -8.307000 -5.244000 -10.049000
c<A>r<45>R<THR> -11.190000 -3.499000 -11.933000
c<A>r<47>R<TYR> -11.544000 -3.054000 -6.492000
c<A>r<55>R<THR> -16.527000 8.735000 -2.884000
c<A>r<56>R<PHE> -20.375999 8.543000 -2.902000
c<A>r<57>R<GLN> -20.547001 7.178000 0.711000
c<A>r<58>R<ARG> -22.434000 10.482000 1.379000
c<A>r<61>R<ALA> -25.358999 7.379000 5.639000
c<A>r<62>R<LEU> -23.035999 4.493000 6.760000
c<A>r<63>R<PRO> -19.223000 4.053000 6.737000
c<A>r<64>R<VAL> -18.077000 2.439000 3.425000
c<A>r<65>R<ASP> -14.844000 0.425000 3.352000
c<A>r<68>R<TRP> -9.022000 -6.586000 -1.136000
c<A>r<69>R<PRO> -10.509000 -10.082000 -0.359000
c<A>r<70>R<PHE> -7.796000 -10.996000 2.235000
c<A>r<71>R<LEU> -9.551000 -9.913000 5.485000
c<A>r<72>R<ASP> -9.231000 -12.658000 8.138000
c<A>r<74>R<GLU> -10.771000 -12.208000 13.436000
c<A>r<75>R<THR> -10.790000 -8.802000 11.672000
c<A>r<76>R<LEU> -14.327000 -9.444000 10.368000
c<A>r<78>R<ARG> -14.316000 -7.388000 15.431000
c<A>r<79>R<SER> -16.177000 -5.306000 12.856000
c<A>r<80>R<GLY> -19.591000 -3.928000 13.709000
c<A>r<94>R<LEU> -10.923000 -14.882000 -3.553000
c<A>r<197>R<ALA> 9.297000 4.595000 -21.115999
c<A>r<198>R<ASP> 6.518000 4.868000 -18.482000
c<A>r<199>R<ILE> 3.087000 6.531000 -18.055000
c<A>r<200>R<ARG> 2.080000 8.230000 -14.778000
c<A>r<204>R<PRO> -7.711000 14.525000 -7.310000
c<A>r<205>R<ALA> -8.760000 12.091000 -4.521000
c<A>r<206>R<THR> -12.373000 12.147000 -5.951000
c<A>r<215>R<ALA> -3.537000 2.799000 -15.113000
c<A>r<216>R<LEU> -4.627000 -0.884000 -15.202000
c<A>r<217>R<LYS> -6.179000 -0.407000 -18.712000
c<A>r<218>R<LEU> -3.217000 1.575000 -20.117001
c<A>r<219>R<GLU> -0.890000 -1.319000 -19.011999
c<A>r<220>R<THR> -2.252000 -2.903000 -22.292000
c<A>r<221>R<LEU> 0.076000 -0.420000 -24.108999
c<A>r<222>R<ARG> 2.887000 -2.775000 -22.825001
c<A>r<223>R<CYS> 4.739000 0.069000 -21.059000
c<A>r<224>R<PRO> 4.807000 0.595000 -17.242001
c<A>r<225>R<VAL> 1.721000 2.505000 -16.003000
c<A>r<226>R<SER> 0.960000 3.797000 -12.485000
c<A>r<227>R<GLY> -1.887000 5.831000 -10.989000
c<A>r<229>R<GLU> -3.560000 10.687000 -6.060000
c<A>r<231>R<GLU> -0.800000 14.932000 -3.252000
c<A>r<232>R<GLU> 0.779000 11.442000 -3.057000
c<A>r<233>R<PHE> 2.446000 12.074000 -6.466000
c<A>r<234>R<ILE> 4.118000 15.285000 -5.131000
c<A>r<235>R<HIS> 5.208000 13.373000 -1.924000
c<A>r<236>R<GLY> 8.256000 11.914000 -3.786000
c<A>r<237>R<ILE> 6.943000 9.994000 -6.870000
c<A>r<238>R<TYR> 7.884000 12.988000 -9.101000
c<A>r<239>R<ASN> 11.604000 12.183000 -8.343000
c<A>r<240>R<ALA> 11.370000 9.209000 -10.776000
c<A>r<241>R<PHE> 9.649000 11.270000 -13.470000
c<A>r<242>R<ASN> 12.147000 11.759000 -16.336000
c<A>r<245>R<SER> 8.010000 9.596000 -18.783001
c<B>r<36>R<THR> -15.713000 3.016000 18.285000
c<B>r<37>R<ARG> -12.807000 3.154000 15.749000
c<B>r<42>R<GLY> -1.127000 10.941000 6.596000
c<B>r<43>R<SER> 0.680000 11.242000 3.217000
c<B>r<44>R<GLY> 3.651000 9.435000 1.570000
c<B>r<45>R<THR> 5.832000 7.598000 4.175000
c<B>r<47>R<TYR> 0.485000 6.946000 4.945000
c<B>r<55>R<THR> -2.166000 -5.132000 9.276000
c<B>r<56>R<PHE> -1.856000 -5.369000 13.111000
c<B>r<57>R<GLN> -5.494000 -4.325000 13.753000
c<B>r<58>R<ARG> -5.673000 -7.876000 15.303000
c<B>r<59>R<TRP> -3.912000 -6.250000 18.316000
c<B>r<60>R<CYS> -6.706000 -3.622000 18.645000
c<B>r<61>R<ALA> -10.292000 -4.328000 19.813999
c<B>r<62>R<LEU> -11.423000 -1.487000 17.445999
c<B>r<63>R<PRO> -11.613000 -1.179000 13.619000
c<B>r<64>R<VAL> -8.565000 0.673000 12.176000
c<B>r<65>R<ASP> -9.112000 2.762000 9.025000
c<B>r<68>R<TRP> -5.377000 10.475000 3.180000
c<B>r<69>R<PRO> -5.913000 13.866000 4.953000
c<B>r<70>R<PHE> -8.751000 14.777000 2.480000
c<B>r<71>R<LEU> -11.838000 13.420000 4.293000
c<B>r<74>R<GLU> -19.618000 15.181000 6.539000
c<B>r<75>R<THR> -17.665001 11.924000 6.012000
c<B>r<76>R<LEU> -15.780000 12.416000 9.309000
c<B>r<78>R<ARG> -20.629999 9.965000 9.845000
c<B>r<79>R<SER> -17.638000 7.760000 10.855000
c<B>r<80>R<GLY> -18.993999 7.489000 14.449000
c<B>r<94>R<LEU> -2.342000 18.459000 5.199000
c<B>r<197>R<ALA> 13.537000 0.508000 -17.371000
c<B>r<198>R<ASP> 11.156000 -0.034000 -14.407000
c<B>r<199>R<ILE> 11.228000 -1.686000 -10.940000
c<B>r<200>R<ARG> 8.139000 -3.575000 -9.680000
c<B>r<204>R<PRO> 1.683000 -10.401000 0.519000
c<B>r<205>R<ALA> -1.117000 -8.209000 1.968000
c<B>r<206>R<THR> 0.697000 -8.196000 5.399000
c<B>r<215>R<ALA> 8.665000 1.619000 -3.887000
c<B>r<216>R<LEU> 8.595000 5.276000 -2.669000
c<B>r<217>R<LYS> 12.213000 4.985000 -1.396000
c<B>r<218>R<LEU> 13.452000 3.419000 -4.670000
c<B>r<219>R<GLU> 11.829000 6.272000 -6.761000
c<B>r<220>R<THR> 15.056000 8.194000 -5.708000
c<B>r<221>R<LEU> 16.895000 5.953000 -8.260000
c<B>r<222>R<ARG> 15.196000 8.146000 -10.973000
c<B>r<223>R<CYS> 13.756000 5.042000 -12.670000
c<B>r<224>R<PRO> 10.022000 4.172000 -12.531000
c<B>r<225>R<VAL> 9.052000 2.231000 -9.358000
c<B>r<226>R<SER> 5.689000 0.671000 -8.381000
c<B>r<227>R<GLY> 4.468000 -1.418000 -5.426000
c<B>r<229>R<GLU> -0.018000 -6.562000 -3.461000
c<B>r<231>R<GLU> -2.852000 -10.805000 -6.097000
c<B>r<232>R<GLU> -3.282000 -7.314000 -7.625000
c<B>r<233>R<PHE> 0.021000 -7.730000 -9.543000
c<B>r<234>R<ILE> -1.312000 -10.947000 -11.210000
c<B>r<235>R<HIS> -4.601000 -9.115000 -12.187000
c<B>r<236>R<GLY> -2.812000 -7.909000 -15.374000
c<B>r<237>R<ILE> -0.021000 -5.538000 -14.149000
c<B>r<238>R<TYR> 2.641000 -8.105000 -15.210000
c<B>r<239>R<ASN> 1.514000 -7.425000 -18.837999
c<B>r<240>R<ALA> 3.831000 -4.347000 -19.233000
c<B>r<241>R<PHE> 6.775000 -6.462000 -18.006001
c<B>r<242>R<ASN> 9.659000 -6.643000 -20.531000
c<B>r<245>R<SER> 11.975000 -4.598000 -16.172001
