c<A>r<105>R<VAL> -8.724000 4.180000 -15.274000
c<A>r<106>R<PRO> -4.908000 3.947000 -14.490000
c<A>r<107>R<GLU> -3.001000 1.904000 -17.041000
c<A>r<108>R<GLY> -1.195000 -0.217000 -14.361000
c<A>r<109>R<PRO> 2.494000 -1.326000 -14.854000
c<A>r<112>R<LEU> 3.226000 -5.265000 -19.007000
c<A>r<166>R<GLU> -15.267000 5.548000 -13.479000
c<A>r<167>R<SER> -15.299000 6.844000 -9.909000
c<A>r<199>R<VAL> -25.794001 -3.387000 -11.024000
c<A>r<201>R<ALA> -21.815001 0.005000 -6.816000
c<A>r<202>R<VAL> -20.468000 1.572000 -3.664000
c<A>r<203>R<TRP> -16.799999 2.603000 -3.230000
c<A>r<204>R<PHE> -15.449000 2.686000 0.309000
c<A>r<205>R<ARG> -11.974000 3.035000 2.014000
c<A>r<209>R<ARG> -4.622000 1.500000 12.758000
c<A>r<211>R<THR> 0.026000 -0.555000 17.740999
c<A>r<212>R<PRO> 3.460000 -0.296000 16.089001
c<A>r<213>R<VAL> 6.406000 -1.964000 18.047001
c<A>r<214>R<HIS> 9.915000 -3.161000 17.115999
c<A>r<215>R<VAL> 9.421000 -6.486000 15.391000
c<A>r<216>R<ALA> 11.623000 -8.038000 18.172001
c<A>r<217>R<TYR> 8.583000 -7.411000 20.482000
c<A>r<218>R<SER> 5.849000 -7.972000 17.823999
c<A>r<219>R<GLU> 3.613000 -9.819000 20.367001
c<A>r<221>R<GLY> 1.913000 -4.796000 19.285000
c<A>r<223>R<SER> 0.001000 -4.922000 12.699000
c<A>r<224>R<ALA> -2.434000 -2.764000 10.733000
c<A>r<225>R<ILE> -1.486000 -4.878000 7.662000
c<A>r<226>R<LEU> -2.363000 -8.260000 9.179000
c<A>r<228>R<ALA> -6.565000 -9.354000 6.445000
c<A>r<231>R<ILE> -10.883000 -8.524000 3.784000
c<A>r<256>R<ASN> -22.247999 -14.356000 -8.169000
c<A>r<257>R<PRO> -23.466999 -11.117000 -9.807000
c<A>r<258>R<ILE> -22.334000 -9.082000 -6.732000
c<A>r<259>R<LYS> -18.639999 -8.456000 -6.909000
c<A>r<260>R<PHE> -16.240999 -7.317000 -4.038000
c<A>r<261>R<ASN> -12.843000 -5.933000 -4.897000
c<A>r<262>R<VAL> -9.828000 -4.519000 -2.951000
c<A>r<263>R<GLY> -8.346000 -2.463000 -5.706000
c<A>r<264>R<ILE> -5.695000 -0.447000 -3.738000
c<A>r<265>R<ILE> -3.775000 -1.361000 -0.581000
c<A>r<266>R<LYS> -1.071000 0.773000 1.168000
c<A>r<267>R<GLY> 0.307000 0.333000 4.648000
c<A>r<268>R<GLY> 3.337000 0.274000 6.984000
c<A>r<269>R<ASP> 6.477000 2.403000 7.160000
c<A>r<270>R<TRP> 9.377000 0.033000 7.996000
c<A>r<271>R<ALA> 10.217000 -3.674000 7.498000
c<A>r<272>R<SER> 11.390000 -4.240000 11.109000
c<A>r<273>R<SER> 8.402000 -2.325000 12.667000
c<A>r<274>R<THR> 4.880000 -3.669000 13.085000
c<A>r<275>R<ALA> 2.666000 -1.560000 10.693000
c<A>r<276>R<ALA> 0.934000 1.346000 12.391000
c<A>r<277>R<TRP> -1.534000 2.010000 9.568000
c<A>r<278>R<CYS> -3.073000 0.233000 6.515000
c<A>r<279>R<GLU> -5.640000 1.620000 3.973000
c<A>r<280>R<LEU> -7.829000 -0.486000 1.633000
c<A>r<281>R<ASP> -9.789000 1.089000 -1.351000
c<A>r<282>R<CYS> -12.669000 -1.273000 -2.018000
c<A>r<283>R<ARG> -15.737000 -1.721000 -4.424000
c<A>r<284>R<LEU> -18.947001 -3.577000 -3.609000
c<A>r<285>R<GLY> -21.718000 -4.146000 -6.286000
c<A>r<322>R<SER> -14.662000 7.098000 -1.252000
c<A>r<323>R<GLY> -16.631001 7.504000 -4.581000
c<A>r<358>R<SER> -23.948999 -5.690000 -16.799000
c<A>r<359>R<THR> -22.216999 -6.267000 -13.487000
c<A>r<360>R<ALA> -20.507000 -2.798000 -14.037000
c<A>r<361>R<VAL> -22.204000 0.588000 -13.429000
c<A>r<384>R<GLY> -9.719000 -5.802000 -22.030001
c<A>r<385>R<PRO> -11.530000 -3.020000 -20.143000
c<A>r<386>R<HIS> -9.429000 -1.902000 -17.124001
c<A>r<387>R<ALA> -6.888000 -4.584000 -18.252001
c<A>r<388>R<PHE> -3.585000 -4.597000 -19.997999
c<A>r<390>R<GLU> -7.306000 -2.853000 -23.774000
c<B>r<105>R<VAL> 13.208000 4.494000 11.690000
c<B>r<106>R<PRO> 10.116000 6.419000 10.296000
c<B>r<107>R<GLU> 8.004000 7.981000 13.015000
c<B>r<108>R<GLY> 4.697000 6.569000 11.596000
c<B>r<109>R<PRO> 1.426000 8.646000 11.727000
c<B>r<112>R<LEU> -0.703000 9.329000 17.041000
c<B>r<166>R<GLU> 18.399000 -0.021000 11.008000
c<B>r<167>R<SER> 18.433001 -1.317000 7.442000
c<B>r<199>R<VAL> 19.615000 -12.927000 16.382000
c<B>r<201>R<ALA> 17.972000 -10.854000 10.220000
c<B>r<202>R<VAL> 17.278000 -10.876000 6.515000
c<B>r<203>R<TRP> 15.200000 -8.182000 4.753000
c<B>r<204>R<PHE> 13.454000 -9.199000 1.545000
c<B>r<205>R<ARG> 10.775000 -7.684000 -0.827000
c<B>r<209>R<ARG> 1.948000 -9.577000 -10.341000
c<B>r<211>R<THR> -3.897000 -10.366000 -14.305000
c<B>r<212>R<PRO> -5.825000 -7.087000 -13.916000
c<B>r<213>R<VAL> -9.492000 -7.120000 -15.257000
c<B>r<214>R<HIS> -12.593000 -4.960000 -14.674000
c<B>r<215>R<VAL> -13.998000 -6.083000 -11.354000
c<B>r<216>R<ALA> -17.246000 -6.986000 -13.253000
c<B>r<217>R<TYR> -15.186000 -9.902000 -14.738000
c<B>r<218>R<SER> -12.960000 -10.517000 -11.664000
c<B>r<219>R<GLU> -13.132000 -14.338000 -12.172000
c<B>r<221>R<GLY> -8.387000 -12.215000 -13.663000
c<B>r<223>R<SER> -5.550000 -9.918000 -7.848000
c<B>r<224>R<ALA> -1.926000 -9.288000 -6.886000
c<B>r<225>R<ILE> -3.271000 -8.093000 -3.485000
c<B>r<226>R<LEU> -5.191000 -11.248000 -2.651000
c<B>r<228>R<ALA> -2.226000 -13.083000 1.098000
c<B>r<231>R<ILE> 2.042000 -14.015000 3.819000
c<B>r<256>R<ASN> 9.252000 -17.934999 19.256001
c<B>r<257>R<PRO> 12.620000 -16.136999 19.091999
c<B>r<258>R<ILE> 12.410000 -16.013000 15.245000
c<B>r<259>R<LYS> 10.192000 -13.182000 14.181000
c<B>r<260>R<PHE> 8.529000 -12.593000 10.690000
c<B>r<261>R<ASN> 7.177000 -9.185000 9.836000
c<B>r<262>R<VAL> 5.467000 -7.538000 6.795000
c<B>r<263>R<GLY> 6.367000 -3.990000 7.540000
c<B>r<264>R<ILE> 5.317000 -2.287000 4.238000
c<B>r<265>R<ILE> 2.596000 -3.243000 1.749000
c<B>r<266>R<LYS> 1.628000 -1.316000 -1.457000
c<B>r<267>R<GLY> -0.468000 -2.542000 -4.335000
c<B>r<268>R<GLY> -3.242000 -1.886000 -6.893000
c<B>r<269>R<ASP> -4.158000 1.179000 -8.938000
c<B>r<270>R<TRP> -7.991000 1.369000 -8.970000
c<B>r<271>R<ALA> -10.895000 0.241000 -6.739000
c<B>r<272>R<SER> -12.957000 -1.270000 -9.595000
c<B>r<273>R<SER> -9.919000 -3.061000 -11.204000
c<B>r<274>R<THR> -8.346000 -6.295000 -9.977000
c<B>r<275>R<ALA> -4.815000 -5.316000 -8.701000
c<B>r<276>R<ALA> -2.070000 -5.851000 -11.253000
c<B>r<277>R<TRP> 0.809000 -5.562000 -8.778000
c<B>r<278>R<CYS> 1.477000 -5.826000 -4.996000
c<B>r<279>R<GLU> 4.827000 -5.377000 -3.108000
c<B>r<280>R<LEU> 5.583000 -6.628000 0.435000
c<B>r<281>R<ASP> 8.722000 -5.440000 2.434000
c<B>r<282>R<CYS> 9.415000 -8.195000 4.932000
c<B>r<283>R<ARG> 11.898000 -9.113000 7.833000
c<B>r<284>R<LEU> 12.820000 -12.628000 8.935000
c<B>r<285>R<GLY> 15.076000 -13.272000 12.045000
c<B>r<322>R<SER> 16.121000 -5.512000 0.196000
c<B>r<323>R<GLY> 18.584999 -4.760000 3.116000
c<B>r<358>R<SER> 18.131001 -9.782000 21.851999
c<B>r<359>R<THR> 15.734000 -10.763000 19.103001
c<B>r<360>R<ALA> 16.882999 -7.530000 17.247000
c<B>r<361>R<VAL> 20.172001 -7.173000 15.309000
c<B>r<384>R<GLY> 8.997000 2.287000 22.796000
c<B>r<385>R<PRO> 11.679000 1.542000 20.188999
c<B>r<386>R<HIS> 10.189000 1.858000 16.658001
c<B>r<387>R<ALA> 6.875000 2.718000 18.436001
c<B>r<388>R<PHE> 4.880000 5.811000 19.072001
c<B>r<390>R<GLU> 9.571000 6.382000 22.025000
