c<A>r<46>R<LYS> -20.207001 5.667000 -0.013000
c<A>r<47>R<ALA> -21.007000 8.144000 2.715000
c<A>r<49>R<ASN> -16.076000 5.314000 2.731000
c<A>r<50>R<PRO> -15.950000 7.293000 -0.492000
c<A>r<51>R<GLN> -13.577000 4.660000 -1.994000
c<A>r<52>R<GLN> -16.549000 2.266000 -1.626000
c<A>r<61>R<ALA> -15.509000 8.882000 17.006001
c<A>r<62>R<GLN> -14.550000 8.432000 13.333000
c<A>r<63>R<VAL> -14.657000 5.966000 10.461000
c<A>r<64>R<LEU> -11.197000 4.544000 9.679000
c<A>r<65>R<ILE> -10.422000 3.324000 6.129000
c<A>r<66>R<GLN> -7.591000 1.503000 4.292000
c<A>r<67>R<SER> -6.503000 -1.690000 6.074000
c<A>r<68>R<PRO> -2.797000 -0.582000 6.204000
c<A>r<69>R<ALA> -3.737000 2.641000 7.970000
c<A>r<70>R<ILE> -6.233000 0.967000 10.347000
c<A>r<71>R<ILE> -3.747000 -1.653000 11.393000
c<A>r<72>R<GLU> -1.179000 1.019000 12.154000
c<A>r<73>R<TRP> -3.772000 2.859000 14.230000
c<A>r<74>R<LEU> -4.483000 -0.389000 16.141001
c<A>r<75>R<GLU> -0.786000 -0.874000 16.747999
c<A>r<76>R<GLU> -0.604000 2.608000 18.254999
c<A>r<77>R<GLN> -3.848000 2.486000 20.313000
c<A>r<87>R<ASP> 13.724000 -1.610000 16.757999
c<A>r<88>R<ALA> 13.162000 0.601000 13.691000
c<A>r<89>R<ASP> 15.069000 -1.815000 11.361000
c<A>r<90>R<GLY> 12.886000 -4.754000 12.367000
c<A>r<91>R<ARG> 9.733000 -2.661000 12.039000
c<A>r<92>R<GLN> 10.806000 -1.660000 8.487000
c<A>r<93>R<ARG> 11.311000 -5.344000 7.578000
c<A>r<94>R<VAL> 7.922000 -6.340000 8.860000
c<A>r<95>R<ARG> 6.266000 -3.371000 7.107000
c<A>r<96>R<ALA> 8.109000 -4.150000 3.834000
c<A>r<97>R<LEU> 6.843000 -7.716000 3.911000
c<A>r<98>R<ALA> 3.296000 -6.465000 4.506000
c<A>r<99>R<ALA> 3.604000 -3.950000 1.675000
c<A>r<100>R<ILE> 4.577000 -6.718000 -0.827000
c<A>r<101>R<VAL> 1.124000 -8.156000 -0.246000
c<A>r<102>R<GLY> -0.764000 -4.925000 0.379000
c<A>r<103>R<CYS> 0.562000 -2.998000 -2.593000
c<A>r<104>R<ASP> 1.997000 -5.356000 -5.119000
c<A>r<105>R<ILE> -0.371000 -8.397000 -5.024000
c<A>r<106>R<HIS> -3.756000 -7.701000 -3.490000
c<A>r<107>R<PRO> -4.676000 -4.411000 -5.306000
c<A>r<108>R<ILE> -3.811000 -5.830000 -8.724000
c<A>r<109>R<ASN> -5.982000 -8.843000 -8.166000
c<A>r<110>R<ASN> -8.891000 -6.909000 -6.630000
c<A>r<112>R<ARG> -12.828000 -4.402000 -9.576000
c<A>r<113>R<ILE> -9.616000 -5.064000 -11.588000
c<A>r<116>R<TYR> -12.448000 -4.548000 -15.784000
c<A>r<117>R<LEU> -10.355000 -7.222000 -17.525999
c<A>r<120>R<THR> -13.051000 -4.519000 -21.457001
c<A>r<121>R<PHE> -10.680000 -7.275000 -22.698999
c<A>r<122>R<GLY> -13.034000 -10.302000 -22.681000
c<A>r<123>R<ALA> -10.643000 -12.190000 -20.291000
c<A>r<127>R<ALA> -6.967000 -15.499000 -18.566999
c<A>r<131>R<TRP> -3.372000 -12.785000 -14.487000
c<A>r<134>R<THR> 1.384000 -13.867000 -12.351000
c<A>r<135>R<TRP> 1.210000 -11.293000 -9.725000
c<A>r<138>R<ALA> 5.856000 -12.531000 -8.321000
c<A>r<139>R<GLY> 5.045000 -11.364000 -4.811000
c<A>r<140>R<PHE> 5.520000 -14.823000 -3.287000
c<A>r<141>R<ASP> 8.880000 -15.208000 -5.001000
c<A>r<142>R<ALA> 10.134000 -12.029000 -3.351000
c<A>r<143>R<TYR> 8.488000 -12.829000 0.017000
c<A>r<144>R<GLU> 9.999000 -16.308001 0.066000
c<A>r<145>R<ALA> 13.475000 -14.945000 -0.780000
c<A>r<146>R<LEU> 13.291000 -12.357000 1.987000
c<B>r<46>R<LYS> 17.841999 -8.635000 -7.739000
c<B>r<47>R<ALA> 20.395000 -9.378000 -5.073000
c<B>r<49>R<ASN> 15.846000 -6.182000 -3.910000
c<B>r<50>R<PRO> 14.354000 -9.513000 -4.897000
c<B>r<51>R<GLN> 11.139000 -7.717000 -6.011000
c<B>r<52>R<GLN> 13.375000 -6.042000 -8.634000
c<B>r<61>R<ALA> 23.622000 -1.444000 7.659000
c<B>r<62>R<GLN> 20.790001 -2.864000 5.520000
c<B>r<63>R<VAL> 18.921000 -2.361000 2.265000
c<B>r<64>R<LEU> 15.398000 -0.993000 2.847000
c<B>r<65>R<ILE> 12.648000 -1.749000 0.286000
c<B>r<66>R<GLN> 9.009000 -0.729000 -0.373000
c<B>r<67>R<SER> 8.507000 3.053000 -0.319000
c<B>r<68>R<PRO> 5.706000 2.843000 2.348000
c<B>r<69>R<ALA> 7.992000 0.949000 4.715000
c<B>r<70>R<ILE> 11.036000 3.180000 4.041000
c<B>r<71>R<ILE> 9.088000 6.332000 4.660000
c<B>r<72>R<GLU> 7.827000 4.963000 7.954000
c<B>r<73>R<TRP> 11.397000 4.096000 8.907000
c<B>r<74>R<LEU> 12.455000 7.685000 8.055000
c<B>r<75>R<GLU> 9.649000 9.046000 10.178000
c<B>r<76>R<GLU> 10.900000 6.978000 13.108000
c<B>r<77>R<GLN> 14.663000 7.625000 12.652000
c<B>r<87>R<ASP> -2.456000 12.159000 17.563999
c<B>r<88>R<ALA> -3.262000 8.591000 16.424000
c<B>r<89>R<ASP> -6.501000 9.683000 14.637000
c<B>r<90>R<GLY> -4.670000 12.286000 12.571000
c<B>r<91>R<ARG> -1.882000 9.836000 11.772000
c<B>r<92>R<GLN> -4.499000 7.299000 10.551000
c<B>r<93>R<ARG> -6.024000 9.955000 8.268000
c<B>r<94>R<VAL> -2.714000 10.884000 6.764000
c<B>r<95>R<ARG> -1.769000 7.201000 6.309000
c<B>r<96>R<ALA> -5.176000 6.423000 4.730000
c<B>r<97>R<LEU> -4.705000 9.205000 2.208000
c<B>r<98>R<ALA> -1.241000 7.876000 1.363000
c<B>r<99>R<ALA> -2.575000 4.333000 1.014000
c<B>r<100>R<ILE> -5.203000 5.465000 -1.570000
c<B>r<101>R<VAL> -2.291000 6.371000 -3.809000
c<B>r<102>R<GLY> 0.169000 3.708000 -2.700000
c<B>r<103>R<CYS> -2.187000 0.753000 -2.899000
c<B>r<104>R<ASP> -5.134000 1.610000 -5.039000
c<B>r<105>R<ILE> -3.661000 3.777000 -7.863000
c<B>r<106>R<HIS> 0.078000 3.435000 -8.310000
c<B>r<107>R<PRO> 0.441000 -0.417000 -8.249000
c<B>r<108>R<ILE> -2.357000 -0.911000 -10.770000
c<B>r<109>R<ASN> -0.775000 1.509000 -13.169000
c<B>r<110>R<ASN> 2.779000 0.229000 -12.696000
c<B>r<112>R<ARG> 4.888000 -4.087000 -15.400000
c<B>r<113>R<ILE> 1.038000 -4.063000 -15.352000
c<B>r<116>R<TYR> 1.227000 -7.212000 -19.344999
c<B>r<117>R<LEU> -1.902000 -5.575000 -20.785999
c<B>r<120>R<THR> -1.315000 -10.363000 -23.367001
c<B>r<121>R<PHE> -4.414000 -8.341000 -24.379999
c<B>r<122>R<GLY> -2.978000 -6.213000 -27.243000
c<B>r<123>R<ALA> -4.003000 -2.972000 -25.392000
c<B>r<127>R<ALA> -6.687000 1.321000 -24.066999
c<B>r<131>R<TRP> -7.008000 1.865000 -18.014999
c<B>r<134>R<THR> -9.977000 4.717000 -14.647000
c<B>r<135>R<TRP> -7.982000 3.942000 -11.647000
c<B>r<138>R<ALA> -11.278000 6.502000 -8.887000
c<B>r<139>R<GLY> -8.529000 7.273000 -6.398000
c<B>r<140>R<PHE> -8.708000 11.037000 -6.990000
c<B>r<141>R<ASP> -12.464000 11.015000 -6.519000
c<B>r<142>R<ALA> -12.063000 9.475000 -3.076000
c<B>r<143>R<TYR> -9.040000 11.650000 -2.173000
c<B>r<144>R<GLU> -10.861000 14.820000 -3.182000
c<B>r<145>R<ALA> -13.951000 13.836000 -1.145000
c<B>r<146>R<LEU> -11.869000 13.131000 1.946000
