c<A>r<1>R<SER> -30.587000 8.881000 18.222000
c<A>r<2>R<SER> -27.038000 9.468000 16.806000
c<A>r<3>R<THR> -25.610001 8.135000 20.150000
c<A>r<5>R<LEU> -26.643999 4.332000 16.493000
c<A>r<6>R<HIS> -22.978001 4.948000 17.514999
c<A>r<8>R<ALA> -24.754000 -0.258000 17.954000
c<A>r<9>R<MET> -22.096001 0.533000 15.284000
c<A>r<10>R<GLN> -19.190001 -0.104000 17.747999
c<A>r<12>R<THR> -21.259001 -4.383000 14.841000
c<A>r<13>R<ALA> -17.746000 -3.150000 13.887000
c<A>r<14>R<PHE> -16.171000 -5.364000 16.591999
c<A>r<15>R<ASP> -18.149000 -8.444000 15.443000
c<A>r<16>R<VAL> -17.399000 -7.882000 11.685000
c<A>r<17>R<LEU> -13.659000 -7.129000 12.182000
c<A>r<18>R<SER> -13.151000 -10.006000 14.674000
c<A>r<19>R<SER> -14.987000 -12.384000 12.257000
c<A>r<20>R<ILE> -12.696000 -11.369000 9.319000
c<A>r<21>R<LEU> -9.584000 -11.544000 11.594000
c<A>r<23>R<LEU> -10.649000 -16.353001 9.290000
c<A>r<24>R<MET> -7.291000 -14.630000 8.544000
c<A>r<27>R<ASP> -4.776000 -18.747999 6.686000
c<A>r<29>R<LEU> -0.209000 -16.250999 5.269000
c<A>r<30>R<TYR> -1.147000 -14.837000 8.717000
c<A>r<46>R<GLY> 0.911000 0.755000 6.772000
c<A>r<49>R<TYR> -1.374000 3.743000 3.437000
c<A>r<50>R<LEU> -3.413000 4.774000 6.521000
c<A>r<51>R<GLU> -2.402000 8.482000 6.031000
c<A>r<52>R<GLU> -3.541000 8.350000 2.334000
c<A>r<53>R<ARG> -6.860000 6.570000 3.091000
c<A>r<54>R<ALA> -7.560000 8.856000 6.074000
c<A>r<55>R<SER> -6.853000 11.899000 3.805000
c<A>r<57>R<LEU> -12.008000 9.961000 3.733000
c<A>r<58>R<VAL> -11.439000 13.461000 5.273000
c<A>r<60>R<LYS> -14.886000 12.746000 1.000000
c<A>r<61>R<PHE> -16.851999 14.063000 4.025000
c<A>r<62>R<LEU> -15.628000 17.629000 4.726000
c<A>r<64>R<LYS> -19.365000 19.228001 0.932000
c<A>r<65>R<TYR> -19.545000 21.573000 3.983000
c<A>r<66>R<GLU> -18.243999 25.097000 3.194000
c<A>r<67>R<GLN> -18.799999 25.851000 6.947000
c<A>r<68>R<ILE> -15.840000 23.547001 7.865000
c<A>r<69>R<PRO> -12.546000 25.520000 7.830000
c<A>r<72>R<MET> -10.452000 20.877001 10.634000
c<A>r<75>R<GLY> -7.047000 18.403999 12.544000
c<A>r<76>R<LEU> -9.331000 15.417000 11.746000
c<A>r<77>R<ARG> -6.561000 13.627000 9.757000
c<A>r<78>R<ILE> -4.015000 14.066000 12.620000
c<A>r<79>R<HIS> -6.707000 12.916000 15.099000
c<A>r<80>R<THR> -7.364000 9.813000 12.894000
c<A>r<81>R<VAL> -3.758000 8.623000 12.391000
c<A>r<82>R<LYS> -2.299000 9.587000 15.821000
c<A>r<85>R<THR> -6.522000 6.736000 18.316999
c<A>r<86>R<LEU> -4.877000 3.616000 16.854000
c<A>r<88>R<GLU> -7.978000 2.964000 21.301001
c<A>r<89>R<ILE> -8.968000 0.884000 18.202000
c<A>r<90>R<PHE> -6.412000 -1.816000 19.177000
c<A>r<93>R<LEU> -10.752000 -4.918000 18.938999
c<A>r<105>R<VAL> -2.232000 -1.379000 13.894000
c<A>r<106>R<GLU> -0.063000 0.267000 11.180000
c<A>r<108>R<LEU> -1.274000 -5.037000 10.588000
c<A>r<109>R<ILE> -2.707000 -2.666000 7.890000
c<A>r<110>R<GLY> 0.552000 -2.592000 5.879000
c<A>r<111>R<GLY> 1.132000 -6.366000 6.142000
c<A>r<112>R<CYS> -2.490000 -7.139000 5.096000
c<A>r<113>R<VAL> -2.253000 -4.793000 2.054000
c<A>r<114>R<LEU> 1.192000 -6.213000 1.084000
c<A>r<115>R<LEU> -0.083000 -9.846000 1.394000
c<A>r<116>R<SER> -3.160000 -8.987000 -0.735000
c<A>r<117>R<GLN> -0.866000 -7.610000 -3.481000
c<A>r<119>R<GLU> -2.119000 -13.170000 -4.141000
c<A>r<120>R<ASN> -4.325000 -10.775000 -6.204000
c<A>r<121>R<ALA> -2.442000 -9.461000 -9.188000
c<A>r<122>R<THR> -5.704000 -9.677000 -11.199000
c<A>r<123>R<LEU> -4.680000 -9.343000 -14.824000
c<A>r<124>R<PHE> -6.047000 -5.742000 -14.467000
c<A>r<125>R<LEU> -3.791000 -4.863000 -11.443000
c<A>r<126>R<LEU> -0.834000 -6.571000 -13.188000
c<A>r<127>R<PHE> -1.492000 -4.349000 -16.249001
c<A>r<128>R<ALA> -1.886000 -1.131000 -14.192000
c<A>r<129>R<HIS> 1.373000 -1.749000 -12.247000
c<A>r<130>R<ALA> 3.299000 -2.795000 -15.394000
c<A>r<131>R<LEU> 2.001000 0.357000 -17.174000
c<A>r<132>R<ILE> 2.912000 2.730000 -14.270000
c<A>r<133>R<ASP> 6.372000 1.116000 -13.879000
c<A>r<134>R<TYR> 6.909000 1.561000 -17.688999
c<A>r<135>R<ILE> 5.670000 5.224000 -17.638000
c<A>r<136>R<PHE> 8.122000 5.988000 -14.777000
c<A>r<137>R<TYR> 10.991000 4.080000 -16.466999
c<A>r<138>R<HIS> 10.510000 5.858000 -19.829000
c<A>r<139>R<SER> 9.867000 9.327000 -18.296000
c<A>r<140>R<SER> 13.013000 8.975000 -16.100000
c<A>r<141>R<TYR> 15.213000 8.075000 -19.093000
c<A>r<142>R<ILE> 13.912000 11.083000 -21.135000
c<A>r<143>R<TYR> 13.990000 13.470000 -18.125000
c<A>r<144>R<PHE> 17.625999 12.728000 -17.094000
c<A>r<147>R<ASN> 18.105000 17.521999 -17.386999
c<A>r<148>R<PRO> 21.355000 15.644000 -16.535999
c<A>r<149>R<PRO> 22.170000 15.625000 -12.779000
c<A>r<150>R<LYS> 25.836000 16.547001 -12.304000
c<A>r<151>R<LEU> 28.101999 13.480000 -11.816000
c<A>r<152>R<VAL> 25.289000 10.932000 -10.977000
c<A>r<153>R<LYS> 23.204000 10.804000 -14.245000
c<A>r<154>R<GLU> 24.541000 7.431000 -15.467000
c<A>r<155>R<GLU> 24.285000 5.850000 -11.956000
c<A>r<156>R<ILE> 20.599001 6.924000 -11.568000
c<A>r<157>R<ILE> 19.766001 5.698000 -15.101000
c<A>r<158>R<THR> 21.552000 2.344000 -14.410000
c<A>r<159>R<ASP> 19.671000 1.895000 -11.073000
c<A>r<160>R<ILE> 16.292000 2.589000 -12.768000
c<A>r<161>R<GLN> 17.202999 0.303000 -15.740000
c<A>r<163>R<TRP> 14.952000 -2.215000 -11.368000
c<A>r<164>R<PHE> 12.746000 -2.051000 -14.487000
c<A>r<165>R<LYS> 14.467000 -5.169000 -15.953000
c<A>r<167>R<LYS> 10.040000 -5.785000 -12.950000
c<A>r<168>R<LEU> 9.640000 -6.945000 -16.591999
c<A>r<169>R<PHE> 10.880000 -10.428000 -15.540000
c<A>r<171>R<TYR> 5.425000 -9.312000 -15.004000
c<A>r<172>R<ARG> 6.336000 -11.976000 -17.622999
c<A>r<173>R<SER> 6.578000 -14.738000 -14.965000
c<A>r<174>R<SER> 3.172000 -13.629000 -13.557000
c<A>r<175>R<LEU> 1.637000 -13.630000 -17.091000
c<A>r<176>R<GLU> 2.910000 -17.222000 -17.747000
c<A>r<178>R<TYR> -2.172000 -16.778999 -15.894000
c<A>r<179>R<GLN> -1.843000 -18.552000 -19.283001
c<B>r<2>R<SER> 22.434000 3.312000 -22.462999
c<B>r<3>R<THR> 20.170000 4.059000 -25.516001
c<B>r<5>R<LEU> 19.419001 -0.963000 -23.589001
c<B>r<6>R<HIS> 16.566999 1.616000 -23.339001
c<B>r<7>R<ASN> 15.196000 0.617000 -26.778000
c<B>r<9>R<MET> 13.516000 -2.496000 -22.608999
c<B>r<10>R<GLN> 10.809000 -0.483000 -24.461000
c<B>r<12>R<THR> 10.102000 -5.891000 -23.860001
c<B>r<13>R<ALA> 7.669000 -3.585000 -21.988001
c<B>r<14>R<PHE> 5.476000 -3.338000 -25.129000
c<B>r<15>R<ASP> 5.428000 -7.179000 -25.497999
c<B>r<16>R<VAL> 4.528000 -7.740000 -21.791000
c<B>r<17>R<LEU> 1.879000 -4.949000 -21.662001
c<B>r<18>R<SER> 0.268000 -5.959000 -24.997999
c<B>r<19>R<SER> 0.142000 -9.618000 -23.856001
c<B>r<20>R<ILE> -1.504000 -8.685000 -20.507000
c<B>r<21>R<LEU> -3.950000 -6.319000 -22.336000
c<B>r<23>R<LEU> -5.780000 -11.430000 -22.011000
c<B>r<24>R<MET> -7.775000 -8.572000 -20.325001
c<B>r<27>R<ASP> -12.190000 -11.028000 -19.528000
c<B>r<29>R<LEU> -14.840000 -7.139000 -16.804001
c<B>r<30>R<TYR> -12.940000 -5.397000 -19.634001
c<B>r<46>R<GLY> -6.148000 6.941000 -12.115000
c<B>r<49>R<TYR> -3.041000 6.757000 -8.158000
c<B>r<50>R<LEU> -0.458000 7.534000 -10.883000
c<B>r<51>R<GLU> 0.628000 10.714000 -8.981000
c<B>r<52>R<GLU> 1.160000 8.693000 -5.741000
c<B>r<53>R<ARG> 3.055000 5.868000 -7.529000
c<B>r<54>R<ALA> 5.184000 8.356000 -9.504000
c<B>r<55>R<SER> 6.006000 10.238000 -6.230000
c<B>r<57>R<LEU> 9.213000 5.872000 -7.396000
c<B>r<58>R<VAL> 10.836000 9.376000 -7.656000
c<B>r<60>R<LYS> 12.815000 5.543000 -4.109000
c<B>r<61>R<PHE> 15.499000 6.404000 -6.709000
c<B>r<62>R<LEU> 16.499001 10.048000 -6.121000
c<B>r<64>R<LYS> 19.915001 7.563000 -2.798000
c<B>r<65>R<TYR> 21.839001 10.511000 -4.352000
c<B>r<66>R<GLU> 22.603001 13.387000 -1.902000
c<B>r<67>R<GLN> 23.766001 15.656000 -4.800000
c<B>r<68>R<ILE> 20.263000 15.783000 -6.408000
c<B>r<69>R<PRO> 18.544001 19.195999 -5.983000
c<B>r<72>R<MET> 14.635000 17.389999 -9.829000
c<B>r<75>R<GLY> 10.594000 17.993000 -12.149000
c<B>r<76>R<LEU> 10.769000 14.178000 -12.617000
c<B>r<77>R<ARG> 7.312000 13.682000 -10.983000
c<B>r<78>R<ILE> 5.715000 16.386000 -13.218000
c<B>r<79>R<HIS> 7.526000 14.925000 -16.263000
c<B>r<80>R<THR> 6.189000 11.415000 -15.373000
c<B>r<81>R<VAL> 2.506000 12.375000 -14.880000
c<B>r<82>R<LYS> 2.127000 15.186000 -17.489000
c<B>r<85>R<THR> 4.281000 11.866000 -21.465000
c<B>r<86>R<LEU> 1.128000 9.770000 -20.989000
c<B>r<88>R<GLU> 3.612000 9.413000 -25.820000
c<B>r<89>R<ILE> 3.232000 6.144000 -23.790001
c<B>r<90>R<PHE> -0.304000 5.665000 -25.214001
c<B>r<93>R<LEU> 1.713000 0.985000 -26.614000
c<B>r<105>R<VAL> -3.963000 6.239000 -19.757999
c<B>r<106>R<GLU> -5.165000 7.657000 -16.398001
c<B>r<108>R<LEU> -7.164000 2.792000 -17.957001
c<B>r<109>R<ILE> -4.901000 2.757000 -14.824000
c<B>r<110>R<GLY> -7.716000 3.883000 -12.498000
c<B>r<111>R<GLY> -10.297000 1.491000 -14.006000
c<B>r<112>R<CYS> -7.859000 -1.481000 -13.828000
c<B>r<113>R<VAL> -6.994000 -0.736000 -10.159000
c<B>r<114>R<LEU> -10.710000 -0.210000 -9.302000
c<B>r<115>R<LEU> -11.688000 -3.519000 -11.045000
c<B>r<116>R<SER> -8.867000 -5.359000 -9.209000
c<B>r<117>R<GLN> -10.225000 -4.056000 -5.870000
c<B>r<119>R<GLU> -13.043000 -8.686000 -7.963000
c<B>r<120>R<ASN> -10.461000 -9.754000 -5.370000
c<B>r<121>R<ALA> -10.389000 -8.138000 -1.973000
c<B>r<122>R<THR> -8.473000 -11.038000 -0.353000
c<B>r<123>R<LEU> -9.657000 -11.569000 3.218000
c<B>r<124>R<PHE> -6.503000 -9.556000 4.224000
c<B>r<125>R<LEU> -7.346000 -6.489000 2.008000
c<B>r<126>R<LEU> -10.992000 -6.667000 3.172000
c<B>r<127>R<PHE> -9.705000 -6.538000 6.784000
c<B>r<128>R<ALA> -7.271000 -3.635000 6.126000
c<B>r<129>R<HIS> -10.064000 -1.544000 4.505000
c<B>r<130>R<ALA> -12.607000 -2.439000 7.232000
c<B>r<131>R<LEU> -10.050000 -1.505000 9.943000
c<B>r<132>R<ILE> -9.201000 1.892000 8.321000
c<B>r<133>R<ASP> -12.925000 2.664000 7.835000
c<B>r<134>R<TYR> -13.477000 1.878000 11.569000
c<B>r<135>R<ILE> -10.458000 4.043000 12.636000
c<B>r<136>R<PHE> -11.895000 6.942000 10.564000
c<B>r<137>R<TYR> -15.454000 6.408000 11.926000
c<B>r<138>R<HIS> -14.289000 6.280000 15.595000
c<B>r<139>R<SER> -11.909000 9.257000 15.157000
c<B>r<140>R<SER> -14.420000 11.489000 13.304000
c<B>r<141>R<TYR> -17.252001 10.779000 15.787000
c<B>r<142>R<ILE> -14.961000 11.845000 18.711000
c<B>r<143>R<TYR> -13.367000 14.752000 16.778000
c<B>r<144>R<PHE> -16.680000 16.441000 15.760000
c<B>r<147>R<ASN> -14.686000 20.301001 17.823999
c<B>r<148>R<PRO> -18.270000 21.032000 16.635000
c<B>r<149>R<PRO> -18.323000 22.702000 13.162000
c<B>r<150>R<LYS> -20.627001 25.733000 12.809000
c<B>r<151>R<LEU> -24.250999 24.681000 11.999000
c<B>r<152>R<VAL> -23.377001 21.259001 10.429000
c<B>r<153>R<LYS> -22.277000 19.091000 13.458000
c<B>r<154>R<GLU> -25.302999 16.728001 13.393000
c<B>r<155>R<GLU> -25.344000 16.507000 9.545000
c<B>r<156>R<ILE> -21.649000 15.503000 9.210000
c<B>r<157>R<ILE> -21.945999 12.949000 12.070000
c<B>r<158>R<THR> -25.125999 11.505000 10.429000
c<B>r<159>R<ASP> -23.434000 11.223000 7.000000
c<B>r<160>R<ILE> -20.357000 9.465000 8.446000
c<B>r<161>R<GLN> -22.667000 7.181000 10.515000
c<B>r<162>R<ASN> -24.785000 6.191000 7.478000
c<B>r<163>R<TRP> -21.669001 5.534000 5.350000
c<B>r<164>R<PHE> -19.968000 3.357000 8.003000
c<B>r<165>R<LYS> -23.228001 1.365000 8.552000
c<B>r<167>R<LYS> -19.674000 -0.338000 4.853000
c<B>r<168>R<LEU> -20.294001 -2.789000 7.761000
c<B>r<169>R<PHE> -23.121000 -4.394000 5.707000
c<B>r<171>R<TYR> -17.943001 -6.233000 4.862000
c<B>r<172>R<ARG> -20.400999 -8.750000 6.427000
c<B>r<173>R<SER> -21.795000 -9.784000 3.011000
c<B>r<174>R<SER> -18.261000 -10.117000 1.525000
c<B>r<175>R<LEU> -17.202000 -12.267000 4.530000
c<B>r<176>R<GLU> -20.285000 -14.549000 4.168000
c<B>r<178>R<TYR> -15.783000 -15.846000 1.297000
c<B>r<179>R<GLN> -16.847000 -18.537001 3.849000
