c<B>r<28>R<ILE> 9.002000 -0.468000 12.671000
c<B>r<29>R<TYR> 9.780000 -3.634000 14.638000
c<B>r<51>R<GLU> 0.606000 -10.824000 17.437000
c<B>r<52>R<LEU> 1.860000 -9.437000 14.232000
c<B>r<53>R<ILE> 1.687000 -12.840000 12.603000
c<B>r<54>R<LYS> -1.903000 -13.225000 13.676000
c<B>r<55>R<TYR> -2.751000 -9.741000 12.403000
c<B>r<56>R<LEU> -1.077000 -10.194000 9.024000
c<B>r<58>R<ASN> -6.027000 -12.182000 9.095000
c<B>r<59>R<VAL> -5.407000 -9.323000 6.700000
c<B>r<71>R<SER> -13.069000 -5.498000 -4.986000
c<B>r<72>R<VAL> -9.650000 -4.214000 -3.923000
c<B>r<73>R<GLN> -8.351000 -1.082000 -5.555000
c<B>r<74>R<LYS> -5.364000 -0.147000 -3.334000
c<B>r<75>R<LEU> -3.365000 -1.449000 -0.379000
c<B>r<76>R<VAL> -1.468000 1.187000 1.534000
c<B>r<78>R<VAL> 1.042000 4.076000 6.349000
c<B>r<81>R<ASN> 5.253000 9.206000 14.130000
c<B>r<82>R<ILE> 3.999000 7.440000 17.209000
c<B>r<83>R<GLU> 4.007000 10.651000 19.305000
c<B>r<85>R<GLY> 0.597000 10.893000 14.513000
c<B>r<89>R<GLU> 5.736000 7.553000 4.623000
c<B>r<90>R<ARG> 2.969000 5.988000 2.505000
c<B>r<91>R<TRP> 3.605000 2.809000 0.556000
c<B>r<92>R<GLN> 0.913000 2.520000 -1.954000
c<B>r<93>R<PHE> 0.027000 -0.560000 -4.111000
c<B>r<94>R<ASP> -2.593000 0.095000 -6.800000
c<B>r<140>R<CYS> 7.071000 4.922000 14.193000
c<B>r<141>R<SER> 3.825000 2.918000 13.931000
c<B>r<142>R<PHE> 2.165000 1.423000 10.880000
c<B>r<143>R<ASP> -1.389000 1.082000 9.609000
c<B>r<144>R<LEU> -2.636000 -1.059000 6.715000
c<B>r<145>R<LEU> -5.307000 0.580000 4.646000
c<B>r<146>R<ILE> -7.256000 -1.250000 1.995000
c<B>r<147>R<TYR> -9.252000 0.747000 -0.556000
c<B>r<148>R<THR> -12.285000 -1.225000 -1.686000
c<B>r<149>R<ASP> -15.500000 -0.766000 -3.592000
c<B>r<150>R<LYS> -17.973000 1.363000 -1.676000
c<B>r<151>R<ASP> -20.618000 -1.348000 -1.724000
c<B>r<152>R<LEU> -18.433001 -4.003000 -0.163000
c<B>r<154>R<VAL> -17.372999 -4.588000 5.929000
c<B>r<155>R<PRO> -16.482000 -7.585000 8.051000
c<B>r<156>R<GLU> -16.851000 -7.348000 11.929000
c<B>r<157>R<LYS> -13.102000 -6.930000 12.538000
c<B>r<158>R<TRP> -12.780000 -4.211000 10.063000
c<B>r<159>R<GLU> -13.695000 -0.601000 10.165000
c<B>r<160>R<GLU> -13.801000 2.311000 7.850000
c<B>r<161>R<SER> -10.857000 4.633000 8.132000
c<B>r<162>R<GLY> -9.698000 7.986000 6.579000
c<B>r<163>R<PRO> -7.036000 8.081000 3.854000
c<B>r<164>R<GLN> -4.290000 9.234000 6.220000
c<B>r<165>R<PHE> -2.880000 11.904000 3.982000
c<B>r<166>R<ILE> 0.773000 12.716000 3.638000
c<B>r<167>R<THR> 1.584000 16.337000 3.139000
c<B>r<168>R<ASN> 4.690000 17.768999 1.426000
c<B>r<169>R<SER> 5.794000 14.455000 0.018000
c<B>r<170>R<GLU> 8.048000 13.243000 -2.665000
c<B>r<171>R<GLU> 7.188000 10.034000 -4.551000
c<B>r<187>R<MET> 4.853000 3.521000 -5.180000
c<B>r<188>R<VAL> 6.101000 5.192000 -2.041000
c<B>r<189>R<ALA> 5.428000 8.731000 -0.891000
c<B>r<190>R<TYR> 7.727000 10.154000 1.790000
c<F>r<36>R<ARG> 0.040000 13.096000 -7.187000
c<F>r<37>R<ARG> -2.992000 13.682000 -5.000000
c<F>r<38>R<ALA> -3.963000 10.098000 -5.287000
c<F>r<39>R<LEU> -0.541000 9.177000 -3.976000
c<F>r<40>R<GLN> -1.008000 11.402000 -1.153000
c<F>r<41>R<GLY> -4.168000 9.600000 -0.118000
c<F>r<42>R<ASP> -7.018000 11.203000 -2.212000
c<F>r<43>R<TYR> -9.754000 8.910000 -3.370000
c<F>r<44>R<ASP> -13.212000 9.204000 -4.794000
c<F>r<45>R<GLN> -15.540000 8.752000 -1.836000
c<F>r<46>R<SER> -18.611000 8.046000 -4.017000
c<F>r<47>R<ARG> -17.055000 4.776000 -5.222000
c<F>r<48>R<THR> -14.492000 3.831000 -2.667000
c<F>r<49>R<LYS> -14.250000 3.224000 1.024000
c<F>r<50>R<VAL> -11.045000 2.849000 3.037000
c<F>r<51>R<LEU> -10.845000 -0.049000 5.454000
c<F>r<52>R<HIS> -8.390000 -1.228000 8.001000
c<F>r<53>R<MET> -8.480000 -3.909000 10.691000
c<F>r<54>R<SER> -9.250000 -2.558000 14.298000
c<F>r<55>R<LEU> -6.656000 -4.618000 16.090000
c<F>r<56>R<ASN> -3.498000 -3.459000 14.624000
c<F>r<57>R<PRO> -0.711000 -4.284000 17.052000
c<F>r<58>R<THR> 0.950000 -0.936000 16.662001
c<F>r<59>R<SER> -2.229000 0.985000 16.966000
c<F>r<60>R<VAL> -2.967000 -0.811000 20.204000
c<F>r<61>R<ALA> 0.505000 -0.060000 21.478001
c<F>r<62>R<ARG> 0.187000 3.544000 20.593000
c<F>r<63>R<GLN> -3.028000 3.911000 22.341000
c<F>r<65>R<LEU> 1.330000 4.562000 25.506001
c<F>r<66>R<ARG> -0.867000 7.576000 25.176001
