c<A>r<58>R<ARG> 14.827000 12.579000 13.900000
c<A>r<59>R<SER> 18.230000 13.027000 12.189000
c<A>r<60>R<LYS> 19.514000 10.427000 14.561000
c<A>r<61>R<CYS> 17.077000 7.862000 13.231000
c<A>r<62>R<ASP> 18.070000 5.109000 10.856000
c<A>r<63>R<PHE> 16.127001 2.831000 8.534000
c<A>r<64>R<LYS> 16.857000 -0.629000 9.597000
c<A>r<65>R<GLN> 15.452000 -4.125000 9.488000
c<A>r<71>R<PRO> 15.165000 -13.078000 8.247000
c<A>r<72>R<PHE> 13.194000 -14.904000 5.481000
c<A>r<74>R<ARG> 12.248000 -9.151000 6.232000
c<A>r<76>R<GLN> 15.941000 -4.641000 3.391000
c<A>r<77>R<ASN> 17.011000 -1.238000 2.519000
c<A>r<78>R<THR> 18.513000 -2.706000 -0.697000
c<A>r<79>R<ASP> 14.978000 -3.694000 -1.704000
c<A>r<80>R<TYR> 14.043000 0.057000 -1.764000
c<A>r<81>R<ARG> 17.146999 1.549000 -3.148000
c<A>r<82>R<ARG> 16.693001 2.697000 -6.822000
c<A>r<85>R<TYR> 9.818000 4.254000 -4.299000
c<A>r<86>R<ASP> 10.232000 5.871000 -0.893000
c<A>r<87>R<ARG> 10.373000 3.881000 2.318000
c<A>r<88>R<GLY> 6.970000 5.289000 3.470000
c<A>r<89>R<HIS> 6.088000 5.151000 7.141000
c<A>r<92>R<ALA> 4.527000 8.486000 11.029000
c<A>r<93>R<ALA> 7.712000 9.591000 12.868000
c<A>r<94>R<GLY> 6.062000 12.997000 13.629000
c<A>r<107>R<PHE> 12.180000 3.606000 11.161000
c<A>r<117>R<GLY> 7.800000 9.841000 -3.202000
c<A>r<118>R<GLN> 7.049000 13.327000 -4.785000
c<A>r<119>R<GLY> 3.350000 13.919000 -5.150000
c<A>r<121>R<ASN> 4.638000 10.284000 0.522000
c<A>r<122>R<ARG> 6.256000 13.808000 0.525000
c<A>r<123>R<ASP> 3.020000 15.699000 -0.312000
c<A>r<126>R<ASN> 1.976000 13.945000 4.461000
c<A>r<127>R<THR> -0.938000 16.389999 4.365000
c<A>r<130>R<ALA> -0.589000 16.464001 9.390000
c<A>r<151>R<LEU> -7.371000 -2.975000 -5.129000
c<A>r<152>R<PRO> -8.788000 -4.747000 -8.207000
c<A>r<153>R<HIS> -9.237000 -3.028000 -11.530000
c<A>r<154>R<LYS> -11.385000 -4.167000 -14.469000
c<A>r<168>R<GLY> 14.062000 -5.911000 -4.564000
c<A>r<169>R<ALA> 15.344000 -9.384000 -4.049000
c<A>r<170>R<ASN> 12.907000 -9.833000 -1.244000
c<A>r<197>R<VAL> -8.243000 5.650000 0.850000
c<A>r<198>R<MET> -5.543000 7.231000 -1.265000
c<A>r<199>R<PRO> -3.917000 5.898000 -4.449000
c<A>r<201>R<GLN> 0.400000 7.675000 -7.122000
c<A>r<202>R<VAL> 1.199000 11.311000 -7.790000
c<A>r<203>R<ILE> -1.599000 13.443000 -6.349000
c<A>r<204>R<SER> -1.958000 17.221001 -7.111000
c<A>r<205>R<ASN> -1.336000 19.434999 -3.980000
c<A>r<206>R<ASP> -4.625000 21.222000 -4.635000
c<A>r<207>R<THR> -6.618000 18.169001 -4.004000
c<A>r<208>R<PRO> -8.429000 18.334999 -0.704000
c<A>r<211>R<VAL> -12.037000 13.808000 -1.732000
c<A>r<212>R<PHE> -10.452000 10.559000 -0.465000
c<A>r<213>R<GLN> -13.040000 9.918000 2.266000
c<A>r<214>R<VAL> -14.687000 6.478000 1.969000
c<A>r<215>R<PRO> -17.115000 4.453000 4.128000
c<A>r<217>R<GLU> -16.896999 -0.707000 5.533000
c<A>r<218>R<SER> -15.175000 -0.211000 2.186000
c<A>r<219>R<VAL> -11.769000 -0.225000 3.853000
c<A>r<221>R<ARG> -13.772000 -5.230000 2.886000
c<A>r<222>R<SER> -10.754000 -4.341000 0.863000
c<C>r<24>R<VAL> 27.139999 -0.943000 -0.507000
c<C>r<25>R<GLN> 24.483999 -2.804000 -2.614000
c<C>r<26>R<VAL> 25.535999 -6.385000 -1.900000
c<C>r<27>R<ASP> 22.452999 -8.705000 -2.115000
c<C>r<28>R<GLU> 23.608000 -10.483000 0.983000
c<C>r<29>R<ILE> 21.855000 -10.070000 4.216000
c<C>r<30>R<VAL> 24.278999 -7.413000 5.552000
c<C>r<31>R<ASP> 23.924000 -5.415000 8.727000
c<C>r<32>R<ASP> 22.549999 -2.007000 7.830000
c<C>r<33>R<ASP> 25.476999 -0.552000 9.878000
c<C>r<35>R<THR> 26.253000 -0.832000 4.612000
c<C>r<36>R<LYS> 26.143999 2.677000 6.029000
c<C>r<77>R<GLY> 21.216000 10.620000 -4.921000
c<C>r<78>R<ASP> 22.886999 7.999000 -2.803000
c<C>r<81>R<PHE> 19.048000 7.487000 0.686000
c<C>r<82>R<TYR> 21.863001 6.322000 2.955000
c<C>r<83>R<ASP> 23.039000 9.350000 4.887000
c<C>r<84>R<PRO> 22.212999 12.982000 3.871000
c<C>r<85>R<THR> 23.875000 14.606000 6.938000
c<C>r<121>R<SER> 12.036000 16.253000 2.228000
c<C>r<122>R<ARG> 11.610000 16.697001 -1.469000
c<C>r<123>R<ASP> 14.291000 14.185000 -2.433000
c<C>r<124>R<SER> 14.912000 12.191000 0.819000
c<C>r<125>R<ASP> 12.593000 10.007000 3.024000
c<C>r<126>R<LEU> 14.988000 10.813000 5.864000
c<C>r<127>R<PHE> 13.346000 14.210000 6.031000
c<C>r<128>R<ASP> 9.680000 15.259000 6.500000
c<C>r<129>R<SER> 7.490000 18.271999 5.901000
c<C>r<130>R<ASP> 8.548000 19.624001 9.239000
c<C>r<131>R<ASP> 12.107000 20.089001 8.075000
c<C>r<150>R<SER> 4.158000 24.396000 -6.855000
c<C>r<151>R<LEU> 3.604000 20.976000 -8.281000
c<C>r<152>R<LYS> 0.106000 21.107000 -9.802000
c<C>r<153>R<VAL> -0.738000 17.337999 -10.151000
c<C>r<154>R<ARG> -4.000000 16.386999 -11.925000
c<C>r<155>R<LEU> -6.253000 14.304000 -9.523000
c<C>r<156>R<GLU> -7.473000 11.465000 -11.580000
c<C>r<157>R<GLU> -10.953000 10.449000 -10.282000
c<C>r<158>R<TYR> -10.141000 7.652000 -7.899000
c<C>r<159>R<ARG> -13.648000 7.861000 -6.466000
c<C>r<161>R<LEU> -12.731000 2.691000 -7.609000
c<C>r<162>R<MET> -14.166000 2.514000 -4.192000
c<C>r<163>R<LYS> -17.782000 2.334000 -5.334000
c<C>r<164>R<ARG> -17.909000 -1.395000 -5.554000
c<C>r<165>R<PHE> -19.340000 -2.344000 -2.339000
c<C>r<166>R<VAL> -19.780001 -6.048000 -2.620000
