c<A>r<12>R<LEU> -33.560001 0.182000 34.051998
c<A>r<15>R<LYS> -30.750999 -2.446000 30.857000
c<A>r<16>R<VAL> -28.219000 0.472000 31.065001
c<A>r<19>R<LEU> -26.358000 -1.374000 26.757000
c<A>r<20>R<GLU> -23.032000 0.144000 28.024000
c<A>r<22>R<GLN> -22.757999 -3.676000 24.066000
c<A>r<23>R<ASN> -21.690001 -0.070000 23.181999
c<A>r<26>R<LEU> -19.280001 -2.523000 19.281000
c<A>r<27>R<LEU> -16.711000 0.305000 19.811001
c<A>r<29>R<GLU> -15.075000 -4.092000 17.052000
c<A>r<30>R<LEU> -15.216000 -0.680000 15.266000
c<A>r<33>R<LEU> -11.903000 -3.178000 12.118000
c<A>r<34>R<LYS> -10.862000 0.520000 11.540000
c<A>r<37>R<GLY> -9.122000 -3.545000 7.664000
c<A>r<38>R<LYS> -6.873000 -0.541000 6.770000
c<A>r<41>R<LEU> -4.862000 -3.505000 2.563000
c<A>r<42>R<GLY> -2.599000 -0.389000 2.800000
c<A>r<45>R<TYR> -0.758000 -1.229000 -1.817000
c<A>r<46>R<GLU> 2.197000 0.616000 -0.177000
c<A>r<48>R<GLU> 3.263000 -2.118000 -4.928000
c<A>r<49>R<MET> 3.367000 1.748000 -4.831000
c<A>r<52>R<LEU> 6.296000 1.448000 -8.744000
c<A>r<53>R<ARG> 7.798000 4.653000 -7.190000
c<A>r<55>R<GLN> 10.667000 2.128000 -10.871000
c<A>r<56>R<VAL> 9.665000 5.799000 -11.604000
c<A>r<59>R<LEU> 13.396000 5.408000 -14.998000
c<A>r<60>R<THR> 13.742000 9.146000 -14.079000
c<A>r<62>R<ASP> 18.004000 6.417000 -16.330000
c<A>r<63>R<LYS> 16.167999 8.959000 -18.573999
c<A>r<64>R<ALA> 18.052000 11.886000 -16.910000
c<A>r<66>R<VAL> 20.375000 9.367000 -21.353001
c<A>r<67>R<GLU> 19.152000 13.008000 -21.618999
c<A>r<69>R<GLU> 24.188999 11.782000 -22.843000
c<A>r<70>R<ARG> 21.983000 13.521000 -25.530001
c<A>r<73>R<LEU> 26.153000 15.855000 -27.663000
c<B>r<7>R<LEU> -28.809000 10.167000 32.306000
c<B>r<10>R<LYS> -28.112000 8.711000 28.082001
c<B>r<11>R<VAL> -30.489000 5.741000 27.547001
c<B>r<14>R<LEU> -26.856001 4.923000 23.867001
c<B>r<15>R<GLU> -29.778000 3.276000 21.945000
c<B>r<17>R<GLN> -25.615000 5.458000 19.278000
c<B>r<18>R<ASN> -26.035999 1.655000 18.849001
c<B>r<21>R<LEU> -22.620001 2.614000 15.283000
c<B>r<22>R<LEU> -24.337000 -0.376000 13.554000
c<B>r<24>R<GLU> -21.341000 2.996000 10.666000
c<B>r<25>R<LEU> -20.253000 -0.692000 10.961000
c<B>r<28>R<LEU> -17.455000 1.162000 6.865000
c<B>r<29>R<LYS> -17.466000 -2.648000 6.154000
c<B>r<32>R<GLY> -14.134000 1.762000 3.985000
c<B>r<33>R<LYS> -12.814000 -1.094000 1.757000
c<B>r<36>R<LEU> -9.473000 2.892000 -0.099000
c<B>r<37>R<GLY> -8.921000 0.358000 -2.954000
c<B>r<40>R<TYR> -4.907000 3.057000 -4.458000
c<B>r<41>R<GLU> -5.973000 1.650000 -7.874000
c<B>r<43>R<GLU> -2.576000 6.015000 -8.001000
c<B>r<44>R<MET> -1.324000 2.605000 -9.325000
c<B>r<47>R<LEU> 2.090000 5.224000 -11.820000
c<B>r<48>R<ARG> 1.764000 2.350000 -14.386000
c<B>r<50>R<GLN> 3.984000 6.903000 -16.121000
c<B>r<51>R<VAL> 6.154000 3.701000 -16.358999
c<B>r<54>R<LEU> 8.870000 6.805000 -19.537001
c<B>r<55>R<THR> 9.559000 3.439000 -21.306999
c<B>r<57>R<ASP> 9.994000 8.155000 -24.150000
c<B>r<58>R<LYS> 13.349000 6.442000 -23.301001
c<B>r<59>R<ALA> 13.027000 4.050000 -26.297001
c<B>r<61>R<VAL> 15.583000 9.039000 -27.160999
c<B>r<62>R<GLU> 17.736000 5.853000 -27.496000
c<B>r<64>R<GLU> 17.486000 9.564000 -31.469999
c<B>r<65>R<ARG> 20.965000 8.899000 -29.872999
c<B>r<68>R<LEU> 23.216000 10.690000 -34.207001
c<B>r<69>R<ALA> 25.958000 8.086000 -33.479000
