c<A>r<42>R<GLU> 16.544001 1.562000 6.674000
c<A>r<124>R<HIS> 9.387000 -13.738000 -5.365000
c<A>r<125>R<ARG> 7.970000 -10.578000 -7.148000
c<A>r<126>R<ASP> 10.566000 -10.571000 -9.908000
c<A>r<127>R<LEU> 10.374000 -13.799000 -11.857000
c<A>r<128>R<LYS> 12.115000 -13.403000 -15.240000
c<A>r<129>R<ALA> 14.468000 -15.477000 -17.375999
c<A>r<144>R<ASP> 17.110001 -11.978000 -6.963000
c<A>r<145>R<PHE> 14.105000 -12.093000 -4.881000
c<A>r<146>R<GLY> 12.215000 -8.941000 -5.348000
c<A>r<147>R<VAL> 11.308000 -9.315000 -1.903000
c<A>r<148>R<SER> 9.262000 -6.614000 -0.967000
c<A>r<160>R<SER> -0.858000 1.238000 11.639000
c<A>r<161>R<PHE> -4.218000 1.556000 10.045000
c<A>r<162>R<ILE> -4.416000 5.031000 8.738000
c<A>r<163>R<GLY> -7.629000 5.723000 10.287000
c<A>r<164>R<THR> -10.056000 4.264000 12.778000
c<A>r<165>R<PRO> -11.475000 0.954000 11.310000
c<A>r<166>R<TYR> -15.171000 1.848000 11.959000
c<A>r<167>R<TRP> -15.147000 4.755000 9.475000
c<A>r<168>R<MET> -12.793000 3.205000 6.896000
c<A>r<169>R<ALA> -14.123000 2.890000 3.355000
c<A>r<170>R<PRO> -14.271000 -0.628000 1.977000
c<A>r<171>R<GLU> -11.568000 0.058000 -0.593000
c<A>r<172>R<VAL> -9.394000 1.499000 2.135000
c<A>r<173>R<VAL> -9.896000 -1.675000 4.142000
c<A>r<174>R<MET> -9.139000 -3.671000 1.096000
c<A>r<175>R<CYS> -6.085000 -1.706000 0.273000
c<A>r<176>R<GLU> -4.832000 -1.283000 3.744000
c<A>r<177>R<THR> -5.511000 -4.785000 4.756000
c<A>r<178>R<MET> -4.047000 -5.773000 1.491000
c<A>r<179>R<LYS> -1.475000 -3.056000 1.650000
c<A>r<181>R<THR> 0.055000 -7.795000 0.597000
c<A>r<182>R<PRO> -1.928000 -6.210000 -2.015000
c<A>r<183>R<TYR> -1.443000 -9.288000 -3.848000
c<A>r<184>R<ASP> -0.599000 -12.826000 -2.747000
c<A>r<186>R<LYS> -0.536000 -15.783000 -7.191000
c<A>r<187>R<ALA> 1.337000 -12.826000 -8.711000
c<A>r<188>R<ASP> 4.377000 -15.081000 -9.026000
c<A>r<189>R<ILE> 2.267000 -17.556999 -11.027000
c<A>r<190>R<TRP> 1.393000 -14.850000 -13.561000
c<A>r<191>R<SER> 5.022000 -13.832000 -13.709000
c<A>r<192>R<LEU> 5.955000 -17.489000 -14.334000
c<A>r<193>R<GLY> 3.604000 -17.573000 -17.267000
c<A>r<194>R<ILE> 5.185000 -14.499000 -18.768000
c<A>r<195>R<THR> 8.631000 -15.932000 -18.153000
c<A>r<198>R<GLU> 9.840000 -15.052000 -22.754000
c<A>r<203>R<GLU> 11.315000 -11.449000 -25.288000
c<A>r<204>R<PRO> 8.357000 -11.049000 -22.940001
c<A>r<205>R<PRO> 4.990000 -9.881000 -24.225000
c<A>r<206>R<HIS> 4.771000 -6.072000 -25.087000
c<A>r<207>R<HIS> 8.550000 -5.860000 -25.171000
c<A>r<209>R<LEU> 6.424000 -0.770000 -25.377001
c<A>r<210>R<ASN> 8.170000 1.457000 -22.809999
c<A>r<211>R<PRO> 7.822000 0.233000 -19.197001
c<A>r<212>R<MET> 5.215000 2.869000 -18.277000
c<A>r<213>R<ARG> 2.983000 1.921000 -21.221001
c<A>r<214>R<VAL> 3.382000 -1.774000 -20.537001
c<A>r<215>R<LEU> 1.688000 -1.287000 -17.141001
c<A>r<216>R<LEU> -1.463000 0.090000 -18.934000
c<A>r<217>R<ALA> -1.348000 -2.654000 -21.555000
c<A>r<218>R<ILE> -1.210000 -5.410000 -18.986000
c<A>r<219>R<ALA> -4.380000 -4.020000 -17.326000
c<A>r<220>R<ALA> -6.317000 -3.459000 -20.568001
c<A>r<223>R<PRO> -3.720000 -12.457000 -21.290001
c<A>r<244>R<LEU> -2.162000 -16.336000 -17.025000
c<A>r<245>R<ASP> -5.573000 -15.886000 -15.493000
c<A>r<246>R<LYS> -6.166000 -12.204000 -14.866000
c<A>r<247>R<ASN> -8.199000 -13.048000 -11.769000
c<A>r<248>R<PRO> -5.855000 -14.026000 -8.944000
c<B>r<51>R<GLU> 11.076000 8.635000 9.434000
c<B>r<133>R<HIS> -8.420000 13.280000 4.894000
c<B>r<134>R<ARG> -8.415000 9.456000 5.712000
c<B>r<135>R<ASP> -9.748000 9.805000 9.222000
c<B>r<136>R<LEU> -13.134000 11.474000 9.155000
c<B>r<137>R<LYS> -14.992000 10.882000 12.451000
c<B>r<138>R<ALA> -17.039000 12.966000 14.805000
c<B>r<153>R<ASP> -6.324000 15.333000 12.477000
c<B>r<154>R<PHE> -5.620000 14.445000 8.939000
c<B>r<155>R<GLY> -4.914000 10.716000 8.774000
c<B>r<156>R<VAL> -2.178000 11.340000 6.396000
c<B>r<157>R<SER> -0.727000 8.316000 5.030000
c<B>r<158>R<ALA> 2.437000 10.176000 4.029000
c<B>r<170>R<PHE> 8.621000 -0.823000 -8.808000
c<B>r<171>R<ILE> 9.293000 -4.033000 -7.117000
c<B>r<172>R<GLY> 9.879000 -5.979000 -10.197000
c<B>r<173>R<THR> 10.397000 -5.447000 -13.969000
c<B>r<174>R<PRO> 7.052000 -4.089000 -15.486000
c<B>r<175>R<TYR> 6.882000 -6.669000 -18.379999
c<B>r<176>R<TRP> 6.459000 -9.656000 -16.006001
c<B>r<177>R<MET> 4.309000 -7.888000 -13.404000
c<B>r<178>R<ALA> 0.940000 -9.462000 -12.641000
c<B>r<179>R<PRO> -2.082000 -7.281000 -13.303000
c<B>r<180>R<GLU> -2.949000 -7.068000 -9.627000
c<B>r<181>R<VAL> 0.606000 -6.113000 -8.848000
c<B>r<182>R<VAL> 0.370000 -3.369000 -11.464000
c<B>r<183>R<MET> -2.872000 -2.306000 -10.001000
c<B>r<184>R<CYS> -1.556000 -2.353000 -6.514000
c<B>r<185>R<GLU> 1.750000 -0.867000 -7.269000
c<B>r<186>R<THR> 0.452000 1.748000 -9.526000
c<B>r<187>R<MET> -2.301000 2.233000 -7.050000
c<B>r<188>R<LYS> 0.015000 1.664000 -4.149000
c<B>r<190>R<THR> -3.189000 5.691000 -3.880000
c<B>r<191>R<PRO> -4.973000 2.499000 -3.675000
c<B>r<192>R<TYR> -7.958000 4.495000 -3.175000
c<B>r<193>R<ASP> -8.904000 8.087000 -4.178000
c<B>r<195>R<LYS> -13.984000 8.898000 -2.565000
c<B>r<196>R<ALA> -12.915000 7.051000 0.595000
c<B>r<197>R<ASP> -13.533000 10.300000 2.482000
c<B>r<198>R<ILE> -17.098000 10.360000 1.146000
c<B>r<199>R<TRP> -17.768000 6.906000 2.636000
c<B>r<200>R<SER> -16.224001 8.021000 5.904000
c<B>r<201>R<LEU> -18.497000 11.117000 5.862000
c<B>r<202>R<GLY> -21.500999 8.876000 5.514000
c<B>r<203>R<ILE> -20.424000 6.813000 8.515000
c<B>r<204>R<THR> -19.721001 9.970000 10.486000
c<B>r<207>R<GLU> -22.371000 8.292000 14.158000
c<B>r<212>R<GLU> -21.865999 5.419000 17.768000
c<B>r<213>R<PRO> -20.725000 4.358000 14.325000
c<B>r<214>R<PRO> -22.038000 1.184000 12.722000
c<B>r<215>R<HIS> -20.563999 -2.153000 14.136000
c<B>r<216>R<HIS> -19.353001 -0.299000 17.219000
c<B>r<218>R<LEU> -17.322001 -5.481000 17.163000
c<B>r<219>R<ASN> -13.527000 -5.493000 17.784000
c<B>r<220>R<PRO> -11.560000 -3.451000 15.210000
c<B>r<221>R<MET> -10.241000 -6.578000 13.417000
c<B>r<222>R<ARG> -13.743000 -7.986000 12.937000
c<B>r<223>R<VAL> -15.055000 -4.651000 11.809000
c<B>r<224>R<LEU> -12.707000 -4.742000 8.815000
c<B>r<225>R<LEU> -14.349000 -8.103000 7.728000
c<B>r<226>R<ALA> -17.850000 -6.828000 8.354000
c<B>r<227>R<ILE> -17.382000 -3.711000 6.289000
c<B>r<228>R<ALA> -16.361000 -5.872000 3.297000
c<B>r<229>R<ALA> -19.127001 -8.491000 3.666000
c<B>r<232>R<PRO> -23.927000 -0.432000 3.421000
c<B>r<253>R<LEU> -22.379999 4.908000 1.208000
c<B>r<254>R<ASP> -21.959999 3.286000 -2.179000
c<B>r<255>R<LYS> -19.608999 0.370000 -1.879000
c<B>r<256>R<ASN> -18.299000 1.033000 -5.409000
c<B>r<257>R<PRO> -15.943000 4.020000 -5.328000
