c<E>r<24>R<VAL> -26.400999 -19.989000 4.817000
c<E>r<25>R<PRO> -26.865000 -17.415001 1.946000
c<E>r<26>R<GLN> -25.118999 -14.122000 1.880000
c<E>r<27>R<ASN> -27.523001 -11.186000 2.762000
c<E>r<28>R<ASP> -26.577000 -8.028000 0.737000
c<E>r<29>R<GLY> -29.903999 -6.353000 1.602000
c<E>r<30>R<PRO> -32.710999 -5.067000 -0.715000
c<E>r<31>R<SER> -30.379999 -2.635000 -2.504000
c<E>r<32>R<PRO> -26.971001 -4.258000 -2.889000
c<E>r<33>R<VAL> -23.947001 -2.120000 -3.494000
c<E>r<34>R<VAL> -20.947001 -3.351000 -5.593000
c<E>r<35>R<GLN> -22.624001 -6.671000 -5.794000
c<E>r<36>R<ILE> -20.471001 -9.494000 -7.319000
c<E>r<37>R<ILE> -22.108000 -11.992000 -9.612000
c<E>r<38>R<TYR> -20.650999 -15.200000 -8.325000
c<E>r<39>R<SER> -20.461000 -18.441000 -10.153000
c<E>r<42>R<PHE> -18.365999 -20.003000 -5.695000
c<E>r<46>R<TYR> -19.325001 -20.077999 0.566000
c<E>r<47>R<ASP> -22.972000 -20.707001 1.508000
c<E>r<49>R<PHE> -18.705000 -22.075001 4.620000
c<E>r<50>R<ARG> -21.059999 -19.507000 6.216000
c<E>r<51>R<ALA> -23.031000 -22.419001 7.761000
c<E>r<53>R<LEU> -18.503000 -20.923000 10.444000
c<E>r<54>R<GLN> -21.707001 -19.872999 12.092000
c<E>r<55>R<ARG> -21.919001 -23.177999 13.873000
c<E>r<56>R<ASP> -18.311001 -23.034000 14.696000
c<E>r<70>R<ILE> -9.393000 -20.724001 -0.256000
c<E>r<72>R<LEU> -11.924000 -19.863001 -4.845000
c<E>r<73>R<ASN> -10.648000 -16.797001 -3.020000
c<E>r<74>R<ALA> -7.164000 -16.937000 -1.506000
c<E>r<75>R<ALA> -7.500000 -13.354000 -0.244000
c<E>r<76>R<ASN> -10.377000 -14.305000 2.179000
c<E>r<77>R<TYR> -8.694000 -13.714000 5.534000
c<E>r<78>R<THR> -11.660000 -15.099000 7.501000
c<E>r<79>R<VAL> -11.456000 -18.492001 5.837000
c<E>r<81>R<HIS> -8.362000 -17.652000 10.196000
c<E>r<82>R<PHE> -10.940000 -20.437000 10.606000
c<E>r<112>R<TYR> -0.761000 -11.311000 1.475000
c<E>r<113>R<GLN> -2.624000 -14.059000 3.467000
c<E>r<115>R<TRP> 2.626000 -15.484000 3.283000
c<E>r<116>R<HIS> 1.200000 -14.629000 6.640000
c<E>r<117>R<HIS> -0.183000 -18.148001 7.058000
c<E>r<119>R<ARG> 4.856000 -17.344999 8.847000
c<E>r<120>R<VAL> 2.365000 -18.566000 11.470000
c<E>r<144>R<LYS> 11.472000 -8.779000 -7.182000
c<E>r<146>R<TYR> 8.102000 -7.833000 -2.501000
c<E>r<149>R<TRP> 11.828000 -10.433000 0.224000
c<E>r<150>R<GLN> 9.792000 -9.244000 3.189000
c<E>r<153>R<GLN> 14.127000 -10.668000 6.008000
c<E>r<178>R<ARG> 19.667000 -3.752000 -11.877000
c<E>r<179>R<ASN> 17.665001 -5.725000 -9.264000
c<E>r<180>R<ASN> 16.891001 -2.931000 -6.773000
c<E>r<181>R<SER> 15.468000 -5.526000 -4.284000
c<E>r<182>R<VAL> 18.857000 -7.248000 -4.121000
c<E>r<183>R<TRP> 20.695000 -3.874000 -3.650000
c<E>r<184>R<ASN> 18.270000 -3.291000 -0.751000
c<E>r<185>R<GLN> 18.993000 -6.739000 0.663000
c<E>r<187>R<HIS> 22.208000 -2.900000 2.528000
c<E>r<188>R<PHE> 19.930000 -4.880000 4.903000
c<E>r<189>R<VAL> 22.552999 -7.617000 5.558000
c<E>r<191>R<SER> 23.648001 -2.767000 8.198000
c<E>r<192>R<ASN> 22.582001 -5.619000 10.544000
c<E>r<219>R<ASN> 21.778999 1.594000 -13.665000
c<E>r<220>R<GLU> 20.082001 3.825000 -11.039000
c<E>r<221>R<SER> 20.264000 1.177000 -8.235000
c<E>r<223>R<TRP> 24.186001 5.022000 -7.910000
c<E>r<224>R<ASN> 21.507000 5.094000 -5.199000
c<E>r<225>R<TYR> 23.469999 2.459000 -3.176000
c<E>r<226>R<LEU> 26.747999 4.454000 -3.463000
c<E>r<227>R<LYS> 24.952999 7.631000 -2.465000
c<E>r<228>R<GLY> 23.024000 5.910000 0.336000
c<E>r<229>R<ILE> 26.117001 4.459000 2.159000
c<E>r<230>R<LEU> 28.068001 7.763000 1.977000
c<E>r<231>R<GLN> 25.608000 10.699000 2.137000
c<E>r<232>R<ASP> 24.827000 10.505000 5.897000
c<E>r<296>R<THR> 15.135000 16.912001 -19.691000
c<E>r<297>R<ILE> 12.168000 14.910000 -18.225000
c<E>r<298>R<ARG> 13.129000 16.540001 -14.869000
c<E>r<299>R<LYS> 14.175000 19.966999 -16.304001
c<E>r<300>R<GLU> 11.895000 21.867001 -13.891000
c<E>r<301>R<TYR> 13.475000 20.091999 -10.932000
c<E>r<302>R<TRP> 17.056999 20.698000 -12.002000
c<E>r<303>R<ARG> 16.302000 24.416000 -12.576000
c<E>r<304>R<TYR> 14.760000 24.549000 -9.144000
c<F>r<13>R<GLN> -21.830000 3.870000 -11.636000
c<F>r<14>R<ARG> -21.671000 0.377000 -13.065000
c<F>r<15>R<CYS> -19.024000 -0.601000 -10.452000
c<F>r<16>R<LEU> -21.466000 0.419000 -7.704000
c<F>r<17>R<GLN> -24.341000 -1.603000 -9.190000
c<F>r<18>R<VAL> -22.698999 -4.859000 -10.311000
c<F>r<19>R<LEU> -19.250000 -6.452000 -10.636000
c<F>r<20>R<PRO> -18.368000 -9.509000 -12.694000
c<F>r<21>R<GLU> -17.093000 -12.825000 -11.321000
c<F>r<22>R<ARG> -13.466000 -11.810000 -11.861000
c<F>r<23>R<TYR> -13.915000 -9.479000 -8.774000
c<F>r<24>R<SER> -14.741000 -12.496000 -6.585000
c<F>r<25>R<SER> -11.173000 -12.274000 -5.107000
c<F>r<26>R<LEU> -12.136000 -8.909000 -3.683000
c<F>r<27>R<GLU> -15.325000 -10.168000 -1.884000
c<F>r<28>R<THR> -14.004000 -9.272000 1.640000
c<F>r<29>R<SER> -12.929000 -5.763000 0.419000
c<F>r<30>R<ARG> -16.159000 -4.639000 -1.353000
c<F>r<31>R<LEU> -16.302999 -1.529000 0.887000
c<F>r<32>R<THR> -12.924000 -0.448000 -0.595000
c<F>r<33>R<ILE> -14.287000 -0.887000 -4.130000
c<F>r<34>R<ALA> -17.278000 1.224000 -3.152000
c<F>r<37>R<ALA> -16.202999 4.218000 -7.238000
c<F>r<51>R<ASN> -29.058001 6.640000 -4.537000
c<F>r<54>R<ASP> -29.400999 3.280000 -0.064000
c<F>r<55>R<ILE> -25.649000 3.284000 -0.160000
c<F>r<56>R<ILE> -25.504999 4.882000 3.304000
c<F>r<57>R<GLU> -27.788000 2.117000 4.674000
c<F>r<58>R<TRP> -25.552000 -0.500000 3.037000
c<F>r<59>R<ILE> -22.427000 1.051000 4.686000
c<F>r<61>R<SER> -25.145000 -2.514000 7.759000
c<F>r<62>R<LEU> -21.379999 -3.309000 7.692000
c<F>r<81>R<SER> -19.041000 -7.057000 3.057000
c<F>r<82>R<SER> -21.844999 -9.330000 4.071000
c<F>r<83>R<TYR> -19.636999 -12.367000 3.427000
c<F>r<84>R<LEU> -20.209999 -13.766000 7.008000
c<F>r<85>R<GLY> -23.986000 -14.104000 6.459000
c<F>r<86>R<ILE> -24.969000 -11.616000 9.194000
c<F>r<87>R<PRO> -28.533001 -10.392000 8.620000
c<F>r<88>R<PHE> -28.903999 -7.040000 6.900000
c<F>r<89>R<ASN> -29.735001 -4.609000 9.739000
c<F>r<90>R<PRO> -28.381001 -1.078000 9.259000
c<F>r<98>R<HIS> -20.652000 -13.851000 15.779000
c<F>r<99>R<PRO> -17.500999 -15.803000 16.792000
c<F>r<100>R<TYR> -15.527000 -14.629000 13.765000
c<F>r<101>R<ASP> -16.927999 -11.110000 13.092000
c<F>r<102>R<SER> -14.517000 -8.118000 13.277000
c<F>r<146>R<ALA> -5.711000 -5.406000 9.722000
c<F>r<147>R<VAL> -7.855000 -7.693000 12.044000
c<F>r<149>R<GLU> -6.708000 -12.464000 14.701000
c<F>r<150>R<GLY> -3.529000 -11.116000 13.210000
c<F>r<151>R<SER> -2.518000 -10.237000 9.536000
c<F>r<152>R<GLU> 0.308000 -8.591000 7.716000
c<F>r<153>R<ASN> 1.389000 -5.332000 9.409000
c<F>r<188>R<SER> 15.435000 3.099000 3.636000
c<F>r<189>R<TYR> 19.083000 3.970000 2.666000
c<F>r<190>R<ASP> 17.785000 5.626000 -0.589000
c<F>r<191>R<ASN> 15.487000 7.898000 1.543000
c<F>r<195>R<GLN> 6.357000 -0.905000 4.290000
c<F>r<196>R<GLY> 8.559000 -1.428000 7.402000
c<F>r<197>R<ALA> 12.129000 -1.127000 8.677000
c<F>r<198>R<GLY> 14.815000 -2.556000 6.291000
c<F>r<199>R<LEU> 12.397000 -3.144000 3.400000
c<F>r<200>R<GLU> 12.771000 -1.680000 -0.112000
c<F>r<201>R<SER> 11.440000 1.874000 -0.653000
c<F>r<202>R<HIS> 8.096000 1.959000 -2.492000
c<F>r<227>R<GLU> 15.942000 14.375000 4.972000
c<F>r<233>R<ARG> 14.640000 13.670000 -4.752000
c<F>r<234>R<TRP> 13.646000 9.995000 -4.397000
c<F>r<236>R<ILE> 11.096000 13.106000 -8.395000
c<F>r<237>R<MET> 13.279000 10.254000 -9.713000
c<F>r<239>R<GLN> 8.847000 9.993000 -12.939000
c<F>r<240>R<GLN> 9.418000 8.604000 -16.438000
c<F>r<241>R<ASN> 6.658000 9.109000 -19.044001
c<F>r<246>R<ARG> 10.384000 1.769000 -7.347000
c<F>r<247>R<PRO> 13.603000 1.788000 -9.354000
c<F>r<248>R<ASN> 13.740000 -0.405000 -12.488000
c<F>r<249>R<LYS> 9.872000 -1.197000 -12.358000
c<F>r<268>R<ILE> 7.564000 20.114000 -5.112000
c<F>r<269>R<PHE> 4.910000 18.590000 -7.473000
c<F>r<270>R<GLN> 5.029000 21.770000 -9.744000
c<F>r<271>R<TYR> 8.610000 20.740999 -10.698000
c<F>r<272>R<THR> 7.482000 17.504999 -12.411000
c<F>r<273>R<ASN> 6.602000 16.988001 -16.084000
c<F>r<274>R<PHE> 2.779000 17.334999 -16.261999
c<F>r<276>R<LYS> 4.190000 13.452000 -20.044001
