c<A>r<111>R<GLU> -13.235000 -16.339001 -0.835000
c<A>r<114>R<ALA> -9.299000 -12.849000 -0.991000
c<A>r<115>R<SER> -6.747000 -11.855000 1.678000
c<A>r<118>R<LEU> -5.807000 -8.057000 -1.999000
c<A>r<119>R<ARG> -2.402000 -7.989000 -0.322000
c<A>r<122>R<LEU> -1.594000 -3.845000 -3.494000
c<A>r<126>R<LEU> 0.529000 0.183000 -5.629000
c<A>r<127>R<ILE> 3.756000 -0.551000 -3.670000
c<A>r<130>R<TRP> 5.742000 3.626000 -5.561000
c<A>r<131>R<ASN> 9.048000 1.623000 -5.278000
c<A>r<134>R<GLN> 11.269000 6.144000 -5.230000
c<A>r<138>R<PRO> 16.481001 11.118000 -6.013000
c<A>r<156>R<ILE> -12.300000 1.172000 -13.376000
c<A>r<157>R<ALA> -10.619000 3.683000 -10.972000
c<A>r<160>R<ASP> -18.433001 6.323000 -10.443000
c<A>r<161>R<LEU> -19.889999 2.815000 -11.027000
c<A>r<162>R<THR> -18.111000 -0.467000 -10.291000
c<A>r<163>R<ASP> -19.309000 -3.107000 -12.815000
c<A>r<164>R<GLY> -20.288000 -5.741000 -10.191000
c<A>r<165>R<ARG> -17.205999 -7.916000 -10.917000
c<A>r<166>R<GLY> -16.934000 -9.737000 -7.595000
c<A>r<167>R<GLY> -13.223000 -10.522000 -6.996000
c<A>r<168>R<THR> -11.569000 -7.187000 -8.145000
c<A>r<169>R<ASP> -11.027000 -5.791000 -4.601000
c<A>r<170>R<ALA> -7.221000 -5.571000 -5.140000
c<A>r<171>R<TYR> -7.378000 -4.215000 -8.688000
c<A>r<172>R<LEU> -10.008000 -1.478000 -8.098000
c<A>r<173>R<THR> -8.485000 -0.465000 -4.728000
c<A>r<174>R<SER> -4.884000 -0.306000 -6.088000
c<A>r<175>R<LYS> -5.882000 1.523000 -9.344000
c<A>r<176>R<LEU> -7.872000 4.169000 -7.332000
c<A>r<177>R<ALA> -4.876000 4.509000 -4.966000
c<A>r<178>R<ILE> -2.667000 5.237000 -8.058000
c<A>r<179>R<THR> -4.831000 8.354000 -8.778000
c<A>r<180>R<GLY> -3.951000 9.595000 -5.251000
c<A>r<181>R<LEU> -0.255000 8.786000 -5.768000
c<A>r<182>R<VAL> -0.137000 10.607000 -9.176000
c<A>r<183>R<ARG> -1.703000 13.796000 -7.711000
c<A>r<184>R<SER> 0.440000 13.840000 -4.530000
c<A>r<185>R<TYR> 3.751000 13.337000 -6.426000
c<A>r<186>R<ALA> 2.693000 15.834000 -9.158000
c<A>r<187>R<LEU> 2.525000 18.629999 -6.550000
c<A>r<188>R<MET> 5.524000 17.413000 -4.481000
c<A>r<189>R<LEU> 7.898000 17.297001 -7.482000
c<A>r<190>R<ALA> 6.571000 20.441999 -9.258000
c<A>r<261>R<GLY> -1.338000 15.454000 -11.759000
c<B>r<111>R<GLU> 12.387000 12.059000 2.512000
c<B>r<114>R<ALA> 8.296000 9.049000 3.360000
c<B>r<115>R<SER> 8.765000 5.376000 2.391000
c<B>r<118>R<LEU> 3.452000 5.458000 3.048000
c<B>r<119>R<ARG> 3.905000 1.806000 3.992000
c<B>r<122>R<LEU> -1.385000 1.815000 3.944000
c<B>r<123>R<ASP> -0.961000 -0.958000 6.565000
c<B>r<126>R<LEU> -6.149000 0.395000 4.176000
c<B>r<127>R<ILE> -4.996000 -3.100000 5.296000
c<B>r<130>R<TRP> -9.788000 -4.500000 5.223000
c<B>r<131>R<ASN> -8.641000 -6.893000 8.043000
c<B>r<134>R<GLN> -12.564000 -9.727000 6.742000
c<B>r<138>R<PRO> -17.840000 -14.625000 7.294000
c<B>r<156>R<ILE> -9.052000 14.871000 0.929000
c<B>r<157>R<ALA> -9.940000 11.661000 -1.003000
c<B>r<160>R<ASP> -9.415000 15.666000 -6.091000
c<B>r<161>R<LEU> -7.128000 17.826000 -3.909000
c<B>r<162>R<THR> -3.542000 17.492001 -2.904000
c<B>r<163>R<ASP> -1.860000 20.204000 -0.789000
c<B>r<164>R<GLY> 1.657000 19.344000 -2.115000
c<B>r<165>R<ARG> 3.077000 18.312000 1.304000
c<B>r<166>R<GLY> 5.249000 15.128000 1.127000
c<B>r<167>R<GLY> 3.537000 13.493000 4.188000
c<B>r<168>R<THR> 0.094000 13.495000 2.405000
c<B>r<169>R<ASP> 1.142000 10.617000 0.059000
c<B>r<170>R<ALA> 0.282000 7.957000 2.681000
c<B>r<171>R<TYR> -2.943000 9.512000 3.923000
c<B>r<172>R<LEU> -4.407000 10.589000 0.536000
c<B>r<173>R<THR> -3.426000 7.311000 -1.216000
c<B>r<174>R<SER> -4.908000 5.213000 1.641000
c<B>r<175>R<LYS> -8.148000 7.298000 1.918000
c<B>r<176>R<LEU> -8.685000 7.138000 -1.901000
c<B>r<177>R<ALA> -8.057000 3.359000 -1.719000
c<B>r<178>R<ILE> -10.831000 3.159000 0.971000
c<B>r<179>R<THR> -13.303000 4.638000 -1.589000
c<B>r<180>R<GLY> -12.396000 1.758000 -3.963000
c<B>r<181>R<LEU> -12.757000 -0.745000 -1.074000
c<B>r<182>R<VAL> -16.242001 0.615000 -0.076000
c<B>r<183>R<ARG> -17.489000 0.494000 -3.725000
c<B>r<184>R<SER> -16.084999 -3.056000 -4.243000
c<B>r<185>R<TYR> -17.476000 -4.570000 -1.010000
c<B>r<186>R<ALA> -20.871000 -2.818000 -1.458000
c<B>r<187>R<LEU> -21.441999 -4.781000 -4.711000
c<B>r<188>R<MET> -19.812000 -8.038000 -3.504000
c<B>r<189>R<LEU> -21.955000 -8.268000 -0.333000
c<B>r<190>R<ALA> -25.247000 -6.930000 -1.815000
c<B>r<261>R<GLY> -21.441000 1.972000 -1.865000
