c<A>r<65>R<ARG> -2.111000 -6.175000 24.787001
c<A>r<66>R<ALA> -5.226000 -7.997000 23.552000
c<A>r<67>R<MET> -6.480000 -9.530000 20.226999
c<A>r<68>R<GLN> -7.318000 -6.888000 17.646999
c<A>r<69>R<PRO> -10.959000 -7.193000 16.646999
c<A>r<70>R<ASP> -10.519000 -5.822000 13.085000
c<A>r<71>R<LEU> -8.612000 -8.419000 11.085000
c<A>r<72>R<GLU> -8.464000 -6.208000 7.937000
c<A>r<73>R<ILE> -6.900000 -3.244000 9.683000
c<A>r<74>R<ALA> -3.184000 -3.227000 10.096000
c<A>r<75>R<SER> -1.856000 -3.590000 13.601000
c<A>r<76>R<PHE> -0.238000 -0.610000 15.077000
c<A>r<77>R<ASP> 3.503000 -1.381000 14.881000
c<A>r<79>R<GLN> 7.463000 -2.904000 18.441000
c<A>r<98>R<THR> -2.461000 4.181000 6.701000
c<A>r<100>R<SER> -3.735000 0.926000 12.150000
c<A>r<101>R<GLU> -5.261000 -0.457000 15.337000
c<A>r<103>R<ARG> -6.263000 -3.226000 21.502001
c<A>r<182>R<ALA> -11.510000 12.959000 -22.552000
c<A>r<183>R<ASP> -8.063000 11.547000 -23.033001
c<A>r<184>R<GLU> -6.827000 9.270000 -20.288000
c<A>r<185>R<SER> -3.188000 10.150000 -20.677000
c<A>r<188>R<LYS> -3.525000 11.361000 -15.664000
c<A>r<219>R<GLY> -2.978000 3.607000 -0.189000
c<A>r<220>R<GLU> -4.541000 0.887000 -2.247000
c<A>r<221>R<TRP> -5.685000 3.400000 -4.742000
c<A>r<222>R<GLN> -2.258000 4.458000 -5.864000
c<A>r<223>R<GLY> -2.342000 4.928000 -9.607000
c<A>r<224>R<ALA> -6.077000 4.277000 -9.843000
c<A>r<225>R<PRO> -8.088000 6.558000 -12.119000
c<A>r<226>R<LEU> -10.348000 6.948000 -9.183000
c<A>r<227>R<LEU> -7.800000 9.523000 -7.948000
c<A>r<228>R<ALA> -7.147000 11.063000 -11.349000
c<A>r<249>R<HIS> -17.556999 11.464000 -22.511000
c<A>r<254>R<VAL> -15.282000 12.295000 -16.836000
c<A>r<258>R<ARG> -14.375000 10.377000 -11.054000
c<A>r<261>R<GLU> -16.937000 7.832000 -7.574000
c<A>r<262>R<TYR> -14.217000 8.980000 -5.226000
c<A>r<265>R<LYS> -16.266001 4.481000 -2.949000
c<A>r<266>R<VAL> -13.633000 6.031000 -0.861000
c<B>r<49>R<ARG> -5.214000 4.118000 -25.475000
c<B>r<50>R<ALA> -8.766000 4.309000 -24.143000
c<B>r<51>R<MET> -10.488000 5.081000 -20.757999
c<B>r<52>R<GLN> -10.044000 2.240000 -18.275999
c<B>r<53>R<PRO> -13.402000 0.926000 -17.107000
c<B>r<54>R<ASP> -12.277000 -0.017000 -13.561000
c<B>r<55>R<LEU> -11.698000 3.179000 -11.639000
c<B>r<56>R<GLU> -10.492000 1.317000 -8.503000
c<B>r<57>R<ILE> -7.794000 -0.612000 -10.293000
c<B>r<58>R<ALA> -4.476000 1.071000 -10.780000
c<B>r<59>R<SER> -3.529000 1.963000 -14.326000
c<B>r<60>R<PHE> -0.752000 0.050000 -15.838000
c<B>r<61>R<ASP> 2.219000 2.448000 -15.724000
c<B>r<63>R<GLN> 4.983000 5.607000 -19.327000
c<B>r<82>R<THR> -0.361000 -5.156000 -7.419000
c<B>r<84>R<SER> -3.091000 -2.898000 -12.846000
c<B>r<85>R<GLU> -5.153000 -2.391000 -15.995000
c<B>r<87>R<ARG> -7.438000 -0.420000 -22.125999
c<B>r<166>R<ALA> -3.763000 -16.892000 21.950001
c<B>r<167>R<ASP> -1.353000 -14.050000 22.356001
c<B>r<168>R<GLU> -1.367000 -11.449000 19.615000
c<B>r<169>R<SER> 2.292000 -10.567000 19.923000
c<B>r<172>R<LYS> 2.454000 -11.823000 14.918000
c<B>r<203>R<GLY> -0.939000 -4.850000 -0.530000
c<B>r<204>R<GLU> -3.530000 -3.151000 1.592000
c<B>r<205>R<TRP> -3.339000 -5.905000 4.086000
c<B>r<206>R<GLN> 0.215000 -5.271000 5.135000
c<B>r<207>R<GLY> 0.448000 -5.717000 8.867000
c<B>r<208>R<ALA> -3.176000 -6.827000 9.184000
c<B>r<209>R<PRO> -3.874000 -9.780000 11.471000
c<B>r<210>R<LEU> -5.756000 -11.181000 8.579000
c<B>r<211>R<LEU> -2.326000 -12.279000 7.289000
c<B>r<212>R<ALA> -0.958000 -13.321000 10.667000
c<B>r<233>R<HIS> -9.808000 -18.398001 22.063000
c<B>r<238>R<VAL> -7.520000 -18.093000 16.327000
c<B>r<242>R<ARG> -7.702000 -16.025999 10.518000
c<B>r<245>R<GLU> -11.222000 -15.012000 7.106000
c<B>r<246>R<TYR> -8.320000 -14.783000 4.705000
c<B>r<249>R<LYS> -12.272000 -11.778000 2.472000
c<B>r<250>R<VAL> -9.245000 -11.934000 0.329000
