c<A>r<1>R<GLN> 9.519000 -12.743000 -9.021000
c<A>r<2>R<SER> 7.043000 -11.836000 -6.250000
c<A>r<3>R<ARG> 6.965000 -8.100000 -5.458000
c<A>r<4>R<LEU> 5.446000 -6.832000 -2.219000
c<A>r<5>R<THR> 2.714000 -4.216000 -2.798000
c<A>r<6>R<PHE> 1.362000 -1.839000 -0.115000
c<A>r<7>R<VAL> -0.477000 1.513000 0.151000
c<A>r<8>R<ASN> 0.554000 4.736000 1.887000
c<A>r<9>R<LEU> -2.441000 6.678000 3.292000
c<A>r<10>R<PRO> -2.400000 10.300000 4.627000
c<A>r<26>R<PHE> -3.400000 -4.784000 13.023000
c<A>r<43>R<GLU> 2.183000 -9.339000 5.690000
c<A>r<44>R<GLN> -0.439000 -6.504000 5.842000
c<A>r<45>R<ALA> 0.009000 -3.929000 3.198000
c<A>r<46>R<PHE> -0.372000 -0.321000 4.393000
c<A>r<47>R<VAL> 1.485000 2.604000 5.996000
c<A>r<54>R<PHE> 2.744000 12.625000 2.991000
c<A>r<55>R<ALA> 2.859000 15.972000 1.085000
c<A>r<56>R<ASP> 6.663000 15.463000 0.668000
c<A>r<57>R<PHE> 5.987000 12.356000 -1.576000
c<A>r<58>R<THR> 3.501000 13.962000 -4.048000
c<A>r<59>R<SER> 3.531000 17.025000 -6.350000
c<A>r<60>R<LYS> -0.325000 17.132000 -6.246000
c<A>r<61>R<PRO> -2.550000 18.424000 -3.403000
c<A>r<62>R<ILE> -3.621000 15.670000 -0.963000
c<A>r<63>R<ALA> -7.182000 14.508000 -1.767000
c<A>r<64>R<ASP> -9.942000 15.123000 0.806000
c<A>r<65>R<ALA> -10.825000 11.452000 1.444000
c<A>r<66>R<THR> -14.012000 12.693000 3.276000
c<A>r<67>R<ALA> -15.263000 14.225000 -0.036000
c<A>r<68>R<THR> -13.838000 11.897000 -2.797000
c<A>r<69>R<THR> -12.535000 8.310000 -3.272000
c<A>r<70>R<GLU> -9.333000 7.562000 -5.259000
c<A>r<71>R<ALA> -8.635000 4.123000 -3.718000
c<A>r<72>R<ILE> -10.407000 1.328000 -1.798000
c<A>r<73>R<VAL> -8.347000 -0.691000 0.701000
c<A>r<74>R<CYS> -9.725000 -4.224000 0.842000
c<A>r<75>R<VAL> -8.996000 -6.711000 3.665000
c<A>r<76>R<SER> -9.753000 -10.450000 3.459000
c<A>r<77>R<ALA> -11.896000 -12.178000 6.104000
c<A>r<78>R<ILE> -12.256000 -15.916000 6.782000
c<A>r<98>R<ALA> -19.816000 3.214000 3.943000
c<A>r<99>R<ARG> -21.669001 1.583000 1.016000
c<A>r<100>R<ASP> -21.334000 -2.215000 1.323000
c<A>r<101>R<PRO> -19.922001 -3.735000 -1.911000
c<A>r<102>R<ASP> -21.674000 -6.198000 -4.247000
c<A>r<103>R<TYR> -18.857000 -8.264000 -5.781000
c<A>r<109>R<SER> -17.528000 -1.260000 4.147000
c<A>r<116>R<HIS> -10.415000 6.482000 3.465000
c<A>r<117>R<LEU> -12.699000 3.746000 2.087000
c<A>r<118>R<TRP> -12.116000 0.287000 3.579000
c<A>r<119>R<GLU> -13.757000 -3.011000 2.603000
c<A>r<120>R<VAL> -13.764000 -6.355000 4.447000
c<B>r<1>R<GLN> -4.014000 -15.251000 10.749000
c<B>r<2>R<SER> -2.548000 -13.436000 7.736000
c<B>r<3>R<ARG> -5.145000 -11.145000 6.074000
c<B>r<4>R<LEU> -4.565000 -10.316000 2.413000
c<B>r<5>R<THR> -4.684000 -6.568000 1.711000
c<B>r<6>R<PHE> -5.253000 -5.169000 -1.781000
c<B>r<7>R<VAL> -5.989000 -1.781000 -3.345000
c<B>r<8>R<ASN> -8.803000 -1.171000 -5.836000
c<B>r<9>R<LEU> -8.027000 1.664000 -8.295000
c<B>r<10>R<PRO> -10.486000 3.304000 -10.767000
c<B>r<25>R<GLY> 5.733000 -7.733000 -15.473000
c<B>r<26>R<PHE> 2.483000 -8.102000 -13.468000
c<B>r<41>R<VAL> -1.595000 -11.666000 -9.011000
c<B>r<42>R<SER> 1.100000 -10.839000 -6.434000
c<B>r<43>R<GLU> 1.804000 -11.726000 -2.757000
c<B>r<44>R<GLN> -0.346000 -8.579000 -2.204000
c<B>r<45>R<ALA> -2.771000 -7.732000 -5.026000
c<B>r<46>R<PHE> -4.231000 -4.615000 -6.587000
c<B>r<47>R<VAL> -7.413000 -4.497000 -8.709000
c<B>r<54>R<PHE> -15.887000 1.554000 -9.212000
c<B>r<55>R<ALA> -18.665001 4.159000 -8.632000
c<B>r<56>R<ASP> -20.936001 1.266000 -7.455000
c<B>r<57>R<PHE> -18.591000 0.689000 -4.404000
c<B>r<58>R<THR> -18.412001 4.316000 -3.103000
c<B>r<59>R<SER> -20.997999 6.965000 -2.110000
c<B>r<60>R<LYS> -18.434000 9.738000 -2.900000
c<B>r<61>R<PRO> -17.400000 11.075000 -6.336000
c<B>r<62>R<ILE> -14.318000 9.324000 -7.783000
c<B>r<63>R<ALA> -11.208000 11.472000 -7.148000
c<B>r<64>R<ASP> -9.387000 12.997000 -10.146000
c<B>r<65>R<ALA> -6.052000 11.203000 -9.613000
c<B>r<66>R<THR> -4.509000 13.590000 -12.256000
c<B>r<67>R<ALA> -5.270000 16.586000 -9.954000
c<B>r<68>R<THR> -4.973000 15.129000 -6.367000
c<B>r<69>R<THR> -3.358000 12.213000 -4.447000
c<B>r<70>R<GLU> -5.297000 10.171000 -1.831000
c<B>r<71>R<ALA> -3.097000 7.037000 -1.972000
c<B>r<72>R<ILE> 0.428000 5.978000 -3.010000
c<B>r<73>R<VAL> 0.789000 2.389000 -4.258000
c<B>r<74>R<CYS> 4.267000 1.140000 -3.387000
c<B>r<75>R<VAL> 6.027000 -1.837000 -5.071000
c<B>r<76>R<SER> 9.187000 -3.559000 -3.767000
c<B>r<77>R<ALA> 12.331000 -3.961000 -5.904000
c<B>r<78>R<ILE> 15.328000 -6.230000 -5.198000
c<B>r<98>R<ALA> 6.333000 11.737000 -10.469000
c<B>r<99>R<ARG> 8.291000 13.087000 -7.460000
c<B>r<100>R<ASP> 10.830000 10.448000 -6.349000
c<B>r<101>R<PRO> 10.472000 9.661000 -2.602000
c<B>r<102>R<ASP> 13.103000 10.315000 0.091000
c<B>r<103>R<TYR> 12.467000 7.550000 2.663000
c<B>r<109>R<SER> 7.993000 7.361000 -8.715000
c<B>r<116>R<HIS> -2.487000 7.185000 -9.662000
c<B>r<117>R<LEU> 0.825000 7.645000 -7.810000
c<B>r<118>R<TRP> 3.156000 4.629000 -7.839000
c<B>r<119>R<GLU> 6.465000 4.197000 -5.992000
c<B>r<120>R<VAL> 9.107000 1.514000 -6.643000
