1762563941412 0.0 33
1762563941424 0.0 33
1762563960068 1.0 67
1762563960078 1.0 67
1762563977498 2.0 101
1762563977509 2.0 101
1762563996775 3.0 135
1762563996778 3.0 135
1762564013083 4.0 169
1762564013093 4.0 169
1762564031082 5.0 203
1762564031093 5.0 203
1762564045474 6.0 237
1762564045486 6.0 237
1762564064982 7.0 271
1762564064984 7.0 271
1762564081918 8.0 305
1762564081921 8.0 305
1762564098149 9.0 339
1762564098158 9.0 339
1762564117377 10.0 373
1762564117385 10.0 373
1762564134751 11.0 407
1762564134761 11.0 407
1762564154536 12.0 441
1762564154544 12.0 441
1762564171491 13.0 475
1762564171499 13.0 475
1762564189155 14.0 509
1762564189167 14.0 509
1762564205076 15.0 543
1762564205078 15.0 543
1762564221009 16.0 577
1762564221019 16.0 577
1762564240389 17.0 611
1762564240398 17.0 611
1762564259819 18.0 645
1762564259828 18.0 645
1762564278205 19.0 679
1762564278207 19.0 679
1762564294754 20.0 713
1762564294756 20.0 713
1762564310882 21.0 747
1762564310884 21.0 747
1762564328367 22.0 781
1762564328375 22.0 781
1762564347936 23.0 815
1762564347947 23.0 815
1762564365690 24.0 849
1762564365700 24.0 849
1762564381956 25.0 883
1762564381958 25.0 883
1762564399766 26.0 917
1762564399775 26.0 917
1762564418320 27.0 951
1762564418329 27.0 951
1762564432845 28.0 985
1762564432847 28.0 985
1762564447083 29.0 1019
1762564447091 29.0 1019
1762564464737 30.0 1053
1762564464745 30.0 1053
1762564481691 31.0 1087
1762564481700 31.0 1087
1762564500638 32.0 1121
1762564500640 32.0 1121
1762564517204 33.0 1155
1762564517206 33.0 1155
1762564532172 34.0 1189
1762564532173 34.0 1189
1762564550548 35.0 1223
1762564550550 35.0 1223
1762564565675 36.0 1257
1762564565685 36.0 1257
1762564581911 37.0 1291
1762564581921 37.0 1291
1762564600790 38.0 1325
1762564600799 38.0 1325
1762564618562 39.0 1359
1762564618564 39.0 1359
1762564636797 40.0 1393
1762564636807 40.0 1393
1762564655515 41.0 1427
1762564655517 41.0 1427
1762564672639 42.0 1461
1762564672641 42.0 1461
1762564688481 43.0 1495
1762564688482 43.0 1495
1762564705171 44.0 1529
1762564705172 44.0 1529
1762564723853 45.0 1563
1762564723856 45.0 1563
1762564742873 46.0 1597
1762564742875 46.0 1597
1762564762703 47.0 1631
1762564762705 47.0 1631
1762564782913 48.0 1665
1762564782924 48.0 1665
1762564798743 49.0 1699
1762564798752 49.0 1699
1762564816967 50.0 1733
1762564816976 50.0 1733
1762564835143 51.0 1767
1762564835152 51.0 1767
1762564854621 52.0 1801
1762564854631 52.0 1801
1762564872833 53.0 1835
1762564872841 53.0 1835
1762564892365 54.0 1869
1762564892374 54.0 1869
1762564907482 55.0 1903
1762564907484 55.0 1903
1762564924344 56.0 1937
1762564924346 56.0 1937
1762564940650 57.0 1971
1762564940652 57.0 1971
1762564959220 58.0 2005
1762564959222 58.0 2005
1762564976828 59.0 2039
1762564976829 59.0 2039
1762564995042 60.0 2073
1762564995044 60.0 2073
1762565014284 61.0 2107
1762565014287 61.0 2107
1762565032341 62.0 2141
1762565032344 62.0 2141
1762565052032 63.0 2175
1762565052043 63.0 2175
1762565070496 64.0 2209
1762565070498 64.0 2209
1762565088205 65.0 2243
1762565088207 65.0 2243
1762565107977 66.0 2277
1762565107979 66.0 2277
1762565123892 67.0 2311
1762565123894 67.0 2311
1762565141707 68.0 2345
1762565141709 68.0 2345
1762565158159 69.0 2379
1762565158160 69.0 2379
1762565175624 70.0 2413
1762565175626 70.0 2413
1762565190324 71.0 2447
1762565190326 71.0 2447
1762565204554 72.0 2481
1762565204556 72.0 2481
1762565218733 73.0 2515
1762565218735 73.0 2515
1762565234553 74.0 2549
1762565234555 74.0 2549
1762565247735 75.0 2583
1762565247736 75.0 2583
1762565261975 76.0 2617
1762565261978 76.0 2617
1762565276207 77.0 2651
1762565276208 77.0 2651
1762565293293 78.0 2685
1762565293295 78.0 2685
1762565310918 79.0 2719
1762565310920 79.0 2719
1762565328643 80.0 2753
1762565328646 80.0 2753
1762565344002 81.0 2787
1762565344004 81.0 2787
1762565362129 82.0 2821
1762565362130 82.0 2821
1762565375080 83.0 2855
1762565375083 83.0 2855
1762565388870 84.0 2889
1762565388872 84.0 2889
1762565402079 85.0 2923
1762565402081 85.0 2923
1762565418056 86.0 2957
1762565418058 86.0 2957
1762565431167 87.0 2991
1762565431170 87.0 2991
1762565444668 88.0 3025
1762565444671 88.0 3025
1762565458612 89.0 3059
1762565458614 89.0 3059
1762565471268 90.0 3093
1762565471270 90.0 3093
1762565487855 91.0 3127
1762565487856 91.0 3127
1762565505286 92.0 3161
1762565505288 92.0 3161
1762565522841 93.0 3195
1762565522843 93.0 3195
1762565535256 94.0 3229
1762565535258 94.0 3229
1762565550206 95.0 3263
1762565550208 95.0 3263
1762565567789 96.0 3297
1762565567791 96.0 3297
1762565585326 97.0 3331
1762565585328 97.0 3331
1762565587691 98.0 3332
