c<A>r<1>R<ASP> -10.581000 11.458000 -16.566999
c<A>r<2>R<LYS> -10.757000 11.121000 -12.564000
c<A>r<3>R<LEU> -11.696000 8.232000 -10.248000
c<A>r<4>R<TRP> -15.448000 8.454000 -9.512000
c<A>r<5>R<THR> -14.516000 8.486000 -5.798000
c<A>r<6>R<VAL> -12.538000 11.602000 -6.385000
c<A>r<60>R<PRO> -15.294000 1.305000 9.249000
c<A>r<61>R<PRO> -13.466000 2.504000 6.124000
c<A>r<62>R<GLY> -15.254000 4.422000 3.412000
c<A>r<79>R<ASP> -6.087000 25.922001 7.136000
c<A>r<80>R<ILE> -5.787000 22.167999 7.071000
c<A>r<81>R<LEU> -2.568000 20.402000 7.822000
c<A>r<82>R<GLU> -3.051000 16.726000 7.018000
c<A>r<83>R<GLN> -0.593000 14.084000 7.977000
c<A>r<84>R<ASN> -0.666000 10.300000 7.476000
c<A>r<85>R<ALA> 0.055000 8.926000 10.825000
c<A>r<86>R<SER> 1.726000 6.018000 9.395000
c<A>r<87>R<ASP> 4.199000 8.194000 7.793000
c<A>r<88>R<VAL> 5.068000 9.780000 10.916000
c<A>r<89>R<ARG> 5.748000 6.826000 12.679000
c<A>r<96>R<ALA> 9.927000 17.514000 13.742000
c<A>r<97>R<GLY> 6.964000 18.128000 11.670000
c<A>r<98>R<VAL> 3.798000 18.337000 13.681000
c<A>r<99>R<LYS> 5.337000 19.855000 16.823999
c<A>r<100>R<ASN> 6.140000 22.912001 15.150000
c<A>r<101>R<ALA> 2.649000 23.422001 13.797000
c<A>r<102>R<LEU> 1.147000 22.999001 17.205000
c<A>r<103>R<ASP> 1.931000 26.556999 18.351999
c<A>r<104>R<ASN> 2.425000 28.274000 15.002000
c<A>r<105>R<MET> 0.262000 30.215000 12.544000
c<A>r<106>R<SER> -0.260000 29.209000 8.895000
c<A>r<107>R<VAL> 1.780000 31.268000 6.478000
c<A>r<108>R<VAL> -0.597000 30.302999 3.704000
c<A>r<109>R<GLY> -3.442000 31.583000 5.724000
c<A>r<110>R<TYR> -2.010000 35.120998 5.396000
c<A>r<111>R<PHE> -2.377000 34.987000 1.671000
c<A>r<112>R<LYS> -5.747000 33.602001 1.457000
c<A>r<119>R<LYS> -4.462000 31.878000 9.873000
c<A>r<121>R<PHE> -4.394000 25.348000 11.568000
c<A>r<126>R<ASP> -5.363000 10.041000 9.454000
c<A>r<127>R<GLU> -4.842000 6.188000 10.113000
c<A>r<128>R<VAL> -3.605000 6.551000 13.646000
c<A>r<129>R<ASP> -4.368000 2.901000 14.291000
c<A>r<130>R<GLY> -1.668000 2.124000 11.903000
c<A>r<131>R<MET> 1.147000 3.704000 13.959000
c<A>r<132>R<SER> 3.648000 1.531000 15.603000
c<A>r<150>R<SER> -2.800000 25.034000 21.028000
c<A>r<151>R<THR> -4.297000 24.107000 17.705000
c<A>r<158>R<ASN> -10.711000 2.476000 11.664000
c<A>r<212>R<THR> -20.445999 -3.806000 -0.122000
c<A>r<215>R<ASP> -18.615000 1.010000 2.098000
c<A>r<216>R<ILE> -19.568001 4.052000 0.038000
c<A>r<217>R<ARG> -16.034000 4.189000 -1.581000
c<A>r<218>R<GLN> -16.506001 0.562000 -2.708000
c<A>r<219>R<VAL> -19.982000 1.041000 -3.952000
c<A>r<220>R<ILE> -18.846001 4.000000 -6.081000
c<A>r<221>R<ASN> -15.943000 1.868000 -7.320000
c<A>r<222>R<LEU> -18.214001 -0.973000 -8.154000
c<A>r<224>R<SER> -17.834000 2.828000 -11.928000
c<A>r<225>R<THR> -16.688000 -0.593000 -12.917000
c<A>r<226>R<ILE> -20.136000 -1.928000 -13.894000
c<A>r<228>R<THR> -18.424999 0.400000 -18.243999
c<A>r<229>R<THR> -19.995001 -2.866000 -19.323000
c<A>r<244>R<ALA> -19.941999 -11.933000 -9.718000
c<A>r<245>R<TRP> -18.840000 -9.533000 -7.114000
c<A>r<246>R<GLU> -19.298000 -12.030000 -4.348000
c<A>r<247>R<LYS> -17.309999 -14.505000 -6.317000
c<A>r<248>R<ASN> -14.415000 -12.072000 -6.049000
c<A>r<249>R<ILE> -14.680000 -11.583000 -2.399000
c<A>r<250>R<ALA> -13.422000 -14.295000 -0.140000
c<A>r<251>R<LEU> -16.127001 -15.987000 2.027000
c<A>r<252>R<LYS> -16.150000 -15.031000 5.601000
c<A>r<266>R<TYR> -22.443001 -34.896999 1.962000
c<A>r<267>R<SER> -25.479000 -36.790001 0.679000
c<A>r<268>R<ASP> -25.091999 -38.988998 -2.415000
c<A>r<271>R<SER> -21.613001 -35.067001 -3.407000
c<A>r<272>R<ARG> -22.153000 -35.081001 -7.080000
c<A>r<275>R<THR> -17.667999 -32.490002 -5.201000
c<A>r<276>R<LEU> -14.853000 -33.272999 -2.783000
c<A>r<277>R<ASN> -12.670000 -30.764000 -4.722000
c<A>r<284>R<PHE> -8.911000 -22.113001 0.662000
c<A>r<285>R<ASP> -11.115000 -19.131001 1.059000
c<A>r<286>R<ASP> -9.638000 -18.789000 4.472000
c<A>r<287>R<PHE> -7.349000 -21.629999 5.347000
c<A>r<322>R<CYS> -9.288000 -36.108002 12.848000
c<A>r<325>R<LEU> -4.529000 -35.049000 13.379000
c<A>r<326>R<GLY> -5.156000 -31.865999 11.442000
c<A>r<328>R<ILE> -0.346000 -32.084999 13.774000
c<A>r<329>R<VAL> -0.321000 -31.299000 10.034000
c<A>r<332>R<LYS> 4.262000 -28.819000 10.049000
c<A>r<341>R<SER> 2.040000 -28.518999 -0.206000
c<A>r<342>R<LEU> 0.301000 -30.128000 2.769000
c<A>r<344>R<PRO> -4.956000 -29.893999 0.684000
c<A>r<345>R<LEU> -4.316000 -32.661999 3.192000
c<A>r<346>R<HIS> -4.921000 -30.152000 5.933000
c<A>r<348>R<VAL> -9.407000 -32.700001 4.467000
c<A>r<349>R<LEU> -8.202000 -33.650002 7.949000
c<A>r<352>R<VAL> -13.854000 -31.615000 5.285000
c<A>r<353>R<TYR> -13.474000 -35.025002 7.084000
c<A>r<354>R<PRO> -14.675000 -33.783001 10.478000
c<A>r<356>R<SER> -18.537001 -35.050999 6.901000
c<A>r<357>R<LYS> -18.978001 -36.993000 10.192000
c<B>r<22>R<GLU> -14.814000 -13.485000 -16.931999
c<B>r<23>R<THR> -11.984000 -11.705000 -15.284000
c<B>r<25>R<ASP> -13.278000 -9.698000 -20.106001
c<B>r<26>R<ARG> -13.401000 -7.177000 -17.330999
c<B>r<29>R<GLN> -13.211000 -3.464000 -20.968000
c<B>r<30>R<ILE> -10.896000 -1.412000 -18.736000
c<B>r<32>R<LYS> -10.913000 -0.097000 -23.961000
c<B>r<33>R<ASP> -12.450000 2.553000 -21.771000
c<B>r<34>R<GLY> -9.341000 3.757000 -19.983999
c<B>r<35>R<ASN> -9.390000 5.194000 -16.506001
c<B>r<36>R<MET> -8.103000 2.116000 -14.785000
c<B>r<37>R<PRO> -9.162000 1.824000 -11.085000
c<B>r<38>R<HIS> -6.847000 0.585000 -8.280000
c<B>r<40>R<ILE> -6.425000 -6.199000 -6.195000
c<B>r<41>R<ILE> -5.865000 -9.376000 -8.150000
c<B>r<42>R<SER> -6.043000 -12.533000 -5.987000
c<B>r<43>R<GLY> -5.588000 -16.239000 -6.815000
c<B>r<44>R<MET> -3.197000 -19.243000 -6.684000
c<B>r<81>R<ASP> 10.062000 2.033000 3.354000
c<B>r<89>R<HIS> 9.429000 9.025000 -6.522000
c<B>r<90>R<PHE> 7.720000 7.256000 -9.352000
c<B>r<91>R<ALA> 4.310000 8.821000 -8.715000
c<B>r<92>R<GLN> 5.705000 12.355000 -8.351000
c<B>r<93>R<LYS> 7.441000 12.270000 -11.744000
c<B>r<94>R<LYS> 5.686000 13.809000 -14.767000
c<B>r<95>R<LEU> 4.809000 11.662000 -17.690001
c<B>r<96>R<HIS> 2.854000 12.986000 -20.636999
c<B>r<98>R<PRO> -3.239000 10.839000 -23.282000
c<B>r<99>R<PRO> -6.340000 11.674000 -21.355000
c<B>r<100>R<GLY> -7.681000 8.666000 -19.374001
c<B>r<101>R<LYS> -4.320000 6.989000 -19.104000
c<B>r<102>R<HIS> -2.283000 6.786000 -15.996000
c<B>r<115>R<ALA> -0.735000 -4.381000 8.062000
c<B>r<116>R<GLY> 1.297000 -1.325000 9.022000
c<B>r<117>R<ALA> 3.006000 -1.426000 5.744000
c<B>r<118>R<GLN> -0.253000 -1.630000 3.909000
c<B>r<119>R<GLN> -1.618000 1.200000 5.908000
c<B>r<120>R<ALA> 1.277000 3.282000 4.801000
c<B>r<121>R<LEU> 0.199000 3.021000 1.129000
c<B>r<122>R<ARG> -3.369000 4.313000 1.605000
c<B>r<123>R<ARG> -2.472000 7.921000 1.510000
c<B>r<124>R<THR> -0.160000 7.543000 -1.419000
c<B>r<126>R<GLU> -5.164000 8.785000 -2.622000
c<B>r<128>R<TYR> -1.494000 10.406000 -6.596000
c<B>r<129>R<SER> -4.706000 8.838000 -7.881000
c<B>r<130>R<ASN> -4.951000 11.346000 -10.798000
c<B>r<131>R<SER> -1.578000 10.500000 -12.224000
c<B>r<133>R<ARG> -2.930000 3.786000 -10.491000
c<B>r<140>R<GLN> -5.389000 -14.263000 -0.655000
c<B>r<141>R<SER> -7.315000 -11.123000 -0.735000
c<B>r<142>R<ASN> -8.241000 -11.524000 2.989000
c<B>r<143>R<LYS> -4.629000 -10.717000 3.817000
c<B>r<146>R<GLU> -9.901000 -3.511000 4.641000
c<B>r<147>R<PRO> -8.876000 0.129000 4.229000
c<B>r<148>R<LEU> -6.800000 -0.832000 1.194000
c<B>r<149>R<GLN> -9.484000 -3.088000 -0.066000
c<B>r<150>R<SER> -11.971000 -0.235000 0.126000
c<B>r<151>R<GLN> -9.991000 1.717000 -2.461000
c<B>r<152>R<CYS> -9.488000 -1.075000 -4.949000
c<B>r<153>R<ALA> -11.447000 -3.136000 -7.489000
c<B>r<154>R<ILE> -11.089000 -6.837000 -6.513000
c<B>r<155>R<LEU> -10.579000 -9.540000 -9.147000
c<B>r<156>R<ARG> -10.309000 -13.125000 -8.170000
c<B>r<157>R<TYR> -8.548000 -15.676000 -10.372000
c<B>r<158>R<SER> -9.609000 -19.285999 -10.117000
c<B>r<262>R<THR> 1.882000 -37.192001 -2.181000
c<B>r<265>R<PHE> -3.175000 -38.358002 -2.101000
c<B>r<266>R<ARG> -3.651000 -36.771999 -5.461000
c<B>r<269>R<LYS> -8.846000 -37.401001 -4.488000
c<B>r<270>R<ASN> -9.964000 -38.140999 -7.930000
c<B>r<275>R<LYS> -17.393999 -43.555000 -2.814000
c<B>r<276>R<GLU> -16.493000 -40.242001 -1.295000
c<B>r<277>R<SER> -16.961000 -41.556999 2.243000
c<B>r<279>R<ARG> -12.046000 -41.889999 -0.198000
c<B>r<280>R<LEU> -12.033000 -39.699001 2.897000
c<B>r<281>R<GLU> -11.006000 -42.733002 4.975000
c<B>r<283>R<ILE> -7.014000 -39.958000 2.505000
c<B>r<284>R<LYS> -6.948000 -40.049999 6.335000
c<B>r<286>R<ILE> -2.484000 -41.543999 3.589000
c<B>r<287>R<GLY> -2.220000 -38.421001 5.600000
c<B>r<288>R<LEU> -1.158000 -40.344002 8.757000
c<B>r<290>R<HIS> 2.623000 -38.719002 5.235000
c<B>r<291>R<MET> 3.130000 -37.313000 8.772000
c<B>r<294>R<LEU> 7.953000 -36.456001 7.513000
c<B>r<295>R<GLU> 9.196000 -37.397999 11.054000
c<G>r<26>R<LEU> 9.195000 20.268000 -3.791000
c<G>r<41>R<VAL> 5.896000 25.944000 1.236000
c<G>r<42>R<ASP> 7.595000 23.773001 3.961000
c<G>r<43>R<ASP> 5.955000 20.641001 5.220000
c<G>r<44>R<SER> 4.588000 22.370001 8.343000
c<G>r<45>R<ARG> 3.189000 25.216000 6.108000
c<G>r<46>R<VAL> 4.858000 27.775000 8.365000
c<G>r<47>R<LEU> 7.544000 28.930000 5.987000
c<G>r<48>R<LEU> 7.059000 30.139999 2.374000
c<G>r<69>R<LEU> 10.170000 22.410999 -13.100000
c<G>r<70>R<GLY> 9.782000 20.209000 -9.945000
c<G>r<71>R<ASP> 12.402000 18.330000 -7.469000
c<G>r<95>R<THR> 5.755000 19.806000 -23.107000
c<G>r<96>R<PRO> 8.665000 18.764999 -21.155001
c<G>r<97>R<ASP> 8.902000 15.546000 -19.382000
c<G>r<98>R<SER> 12.402000 16.306999 -18.527000
c<G>r<116>R<LEU> 16.219000 15.634000 -15.132000
c<G>r<117>R<LYS> 12.615000 14.246000 -15.061000
c<G>r<118>R<LEU> 10.093000 16.834000 -13.972000
c<G>r<119>R<ASP> 7.618000 16.537001 -10.972000
c<G>r<120>R<ILE> 3.849000 17.233999 -11.193000
c<G>r<121>R<ASP> 2.607000 20.756001 -11.064000
c<G>r<125>R<LEU> 0.332000 31.330999 -4.022000
c<G>r<126>R<LYS> -0.508000 34.963001 -4.959000
c<G>r<127>R<ILE> 1.413000 37.278999 -2.870000
c<G>r<128>R<GLU> -0.283000 40.665001 -2.522000
c<G>r<129>R<GLU> 1.404000 43.757000 -1.207000
c<G>r<130>R<LEU> 1.566000 43.526001 2.416000
c<G>r<155>R<ASP> 13.778000 26.604000 20.225000
c<G>r<202>R<THR> 8.389000 35.133999 18.264999
c<G>r<203>R<PHE> 9.703000 32.662998 15.660000
c<G>r<204>R<GLY> 10.775000 29.018999 15.635000
c<G>r<206>R<LYS> 14.392000 25.941000 13.245000
c<G>r<207>R<TYR> 13.024000 28.232000 10.517000
c<G>r<228>R<GLU> -0.730000 41.262001 10.987000
c<G>r<229>R<ALA> 1.482000 39.870998 8.284000
c<G>r<230>R<PRO> 4.069000 37.112999 8.020000
c<G>r<231>R<ALA> 7.644000 38.237000 8.617000
c<G>r<245>R<PHE> 7.851000 34.568001 4.509000
c<G>r<246>R<LEU> 7.677000 33.216000 8.090000
c<G>r<247>R<ALA> 4.491000 32.951000 10.253000
c<G>r<248>R<PRO> 4.986000 33.992001 14.012000
c<G>r<249>R<LYS> 4.243000 31.733000 17.073000
c<G>r<250>R<PHE> 1.295000 32.187000 19.436001
c<G>r<251>R<ASN> 2.044000 34.305000 22.239000
