c<A>r<235>R<SER> 11.680000 -0.717000 -14.855000
c<A>r<236>R<PHE> 13.328000 1.610000 -12.269000
c<A>r<237>R<THR> 10.766000 4.341000 -13.148000
c<A>r<243>R<LEU> 15.015000 7.687000 -5.809000
c<A>r<244>R<GLY> 16.132000 11.178000 -7.031000
c<A>r<247>R<LEU> 21.257000 12.647000 -4.748000
c<A>r<248>R<ALA> 20.535000 15.106000 -1.848000
c<A>r<249>R<PHE> 22.408001 12.841000 0.667000
c<C>r<4>R<GLN> 30.073999 16.653999 -2.328000
c<C>r<5>R<ASN> 28.886000 17.972000 -5.723000
c<C>r<6>R<ILE> 28.850000 16.978001 -9.422000
c<C>r<67>R<GLU> 20.552000 1.815000 -16.465000
c<C>r<68>R<ARG> 19.573000 4.373000 -13.756000
c<C>r<70>R<LYS> 18.948999 6.088000 -18.951000
c<C>r<71>R<ASP> 15.764000 6.064000 -16.808001
c<C>r<72>R<THR> 16.665001 9.504000 -15.281000
c<C>r<74>R<ARG> 13.911000 9.414000 -20.013000
c<C>r<75>R<ALA> 12.017000 10.871000 -17.028000
c<C>r<100>R<ILE> 23.702000 14.370000 -13.848000
c<C>r<101>R<GLU> 22.386000 17.292999 -11.776000
c<C>r<102>R<LEU> 18.702999 18.275999 -12.210000
