c<A>r<18>R<ILE> 3.405000 6.650000 2.259000
c<A>r<19>R<ASP> 3.158000 5.320000 -1.326000
c<A>r<22>R<THR> -0.925000 8.985000 -0.811000
c<A>r<23>R<VAL> 0.930000 11.195000 1.596000
c<A>r<24>R<LYS> 0.481000 11.856000 5.297000
c<A>r<31>R<PRO> -2.466000 14.437000 10.870000
c<A>r<32>R<MET> -4.335000 13.401000 7.732000
c<A>r<33>R<THR> -3.598000 10.911000 4.852000
c<A>r<34>R<PHE> -4.128000 12.547000 1.485000
c<A>r<35>R<ARG> -4.991000 10.814000 -1.734000
c<A>r<42>R<PRO> 0.925000 1.847000 -9.458000
c<A>r<43>R<GLU> 1.053000 0.068000 -6.208000
c<A>r<44>R<PHE> 4.577000 -0.222000 -4.805000
c<A>r<45>R<ASN> 4.706000 -3.882000 -6.046000
c<A>r<46>R<GLU> 3.767000 -3.035000 -9.692000
c<A>r<47>R<LYS> 6.011000 -1.884000 -12.344000
c<A>r<50>R<PRO> 8.653000 2.171000 -6.623000
c<A>r<77>R<ASP> -13.157000 9.737000 0.473000
c<A>r<78>R<LYS> -14.930000 6.827000 2.158000
c<A>r<79>R<TYR> -11.640000 5.906000 3.977000
c<A>r<80>R<GLY> -11.109000 9.279000 5.542000
c<A>r<81>R<ARG> -8.402000 10.219000 3.182000
c<A>r<82>R<GLY> -8.169000 13.826000 2.165000
c<D>r<18>R<ILE> 5.518000 -0.774000 2.353000
c<D>r<19>R<ASP> 2.060000 -0.632000 3.974000
c<D>r<22>R<THR> 2.479000 -5.642000 1.692000
c<D>r<23>R<VAL> 6.176000 -5.943000 2.210000
c<D>r<24>R<LYS> 9.099000 -5.837000 -0.213000
c<D>r<31>R<PRO> 13.276000 -8.113000 -5.056000
c<D>r<32>R<MET> 9.588000 -8.998000 -4.814000
c<D>r<33>R<THR> 6.506000 -7.245000 -3.209000
c<D>r<34>R<PHE> 4.549000 -9.692000 -1.088000
c<D>r<35>R<ARG> 0.906000 -9.463000 -0.221000
c<D>r<42>R<PRO> -6.781000 -0.874000 6.359000
c<D>r<43>R<GLU> -5.166000 1.404000 3.956000
c<D>r<44>R<PHE> -2.682000 3.812000 5.601000
c<D>r<45>R<ASN> -5.361000 6.604000 5.424000
c<D>r<46>R<GLU> -8.107000 4.542000 7.191000
c<D>r<47>R<LYS> -8.572000 4.126000 10.813000
c<D>r<49>R<GLY> -4.020000 1.885000 8.792000
c<D>r<50>R<PRO> -1.094000 3.501000 10.409000
c<D>r<53>R<SER> 1.582000 -0.476000 8.931000
c<D>r<78>R<LYS> -2.498000 -10.392000 -11.067000
c<D>r<79>R<TYR> -0.126000 -7.493000 -10.032000
c<D>r<80>R<GLY> 2.948000 -9.622000 -9.638000
c<D>r<81>R<ARG> 2.820000 -9.563000 -5.925000
c<D>r<82>R<GLY> 3.933000 -12.683000 -4.125000
