c<A>r<17>R<ALA> -4.367000 6.025000 9.012000
c<A>r<18>R<ILE> -3.227000 3.412000 6.350000
c<A>r<19>R<ASP> -6.335000 1.596000 4.906000
c<A>r<43>R<GLU> -9.930000 -2.726000 -0.660000
c<A>r<44>R<PHE> -9.649000 1.067000 -1.262000
c<A>r<45>R<ASN> -10.477000 0.551000 -4.992000
c<A>r<46>R<GLU> -13.514000 -1.727000 -4.369000
c<A>r<50>R<PRO> -12.912000 4.821000 0.019000
c<A>r<53>R<SER> -10.961000 4.255000 4.766000
c<A>r<54>R<ALA> -12.528000 7.742000 5.256000
c<D>r<28>R<LYS> -9.024000 11.426000 -2.796000
c<D>r<29>R<GLY> -7.056000 12.830000 0.207000
c<D>r<30>R<GLN> -4.857000 9.666000 0.507000
c<D>r<31>R<PRO> -1.214000 8.948000 -0.489000
c<D>r<32>R<MET> -1.508000 6.204000 -3.165000
c<D>r<74>R<GLN> -8.753000 -4.086000 -11.977000
c<D>r<75>R<ARG> -7.958000 -0.707000 -10.344000
c<D>r<76>R<THR> -5.084000 -2.169000 -8.251000
c<D>r<80>R<GLY> -2.004000 -2.541000 -3.634000
c<D>r<81>R<ARG> -0.631000 -0.113000 -6.306000
c<D>r<82>R<GLY> -3.275000 1.737000 -8.348000
c<D>r<83>R<LEU> -3.489000 0.782000 -12.058000
