c<A>r<60>R<ASP> 7.486000 -0.382000 -7.801000
c<A>r<216>R<GLY> -4.643000 4.969000 -6.198000
c<A>r<217>R<ASN> -5.396000 7.571000 -3.425000
c<A>r<218>R<ALA> -2.278000 9.497000 -4.563000
c<A>r<219>R<ASP> -0.740000 12.338000 -2.524000
c<A>r<221>R<THR> -0.637000 17.764999 -1.354000
c<B>r<216>R<GLY> -5.559000 3.061000 2.471000
c<B>r<217>R<ASN> -3.417000 6.238000 1.886000
c<B>r<218>R<ALA> -5.235000 7.942000 4.765000
c<B>r<219>R<ASP> -4.914000 11.686000 5.417000
c<B>r<221>R<THR> -1.977000 15.766000 7.921000
c<B>r<239>R<GLY> 6.382000 -2.757000 1.256000
