c<A>r<32>R<SER> 8.933000 10.789000 43.451000
c<A>r<33>R<LEU> 6.481000 7.874000 43.632999
c<A>r<34>R<ASN> 8.264000 4.737000 44.813999
c<A>r<37>R<SER> 7.181000 1.063000 44.742001
c<A>r<38>R<GLY> 10.644000 -0.347000 45.597000
c<A>r<39>R<SER> 12.245000 2.066000 43.049999
c<A>r<40>R<HIS> 11.155000 5.374000 41.555000
c<A>r<41>R<PHE> 8.460000 4.820000 38.917000
c<A>r<42>R<CYS> 6.559000 8.099000 38.441002
c<A>r<55>R<ALA> -1.271000 10.390000 36.216000
c<A>r<56>R<ALA> -3.731000 7.469000 36.250000
c<A>r<57>R<HIS> -1.446000 5.399000 34.082001
c<A>r<58>R<CYS> 0.983000 5.467000 37.030998
c<A>r<59>R<TYR> -1.483000 3.573000 39.286999
c<A>r<60>R<LYS> -0.038000 1.002000 41.634998
c<A>r<61>R<SER> -1.959000 -0.401000 44.605000
c<A>r<62>R<ARG> 0.788000 0.574000 47.087002
c<A>r<63>R<ILE> 2.879000 3.772000 46.731998
c<A>r<64>R<GLN> 5.379000 5.518000 48.953999
c<A>r<72>R<ASN> 19.150000 12.767000 44.605999
c<A>r<73>R<ILE> 16.660999 9.887000 44.757000
c<A>r<74>R<ASP> 19.552999 7.435000 45.349998
c<A>r<75>R<VAL> 21.033001 9.217000 48.393002
c<A>r<76>R<LEU> 19.406000 10.273000 51.644001
c<A>r<82>R<PHE> 8.906000 9.558000 52.966999
c<A>r<87>R<LYS> -5.713000 6.408000 49.397999
c<A>r<88>R<ILE> -5.124000 6.222000 45.648998
c<A>r<89>R<ILE> -7.982000 7.524000 43.500000
c<A>r<90>R<THR> -7.912000 7.364000 39.707001
c<A>r<91>R<HIS> -10.249000 9.617000 37.728001
c<A>r<92>R<PRO> -13.516000 7.659000 37.230000
c<A>r<93>R<ASN> -13.451000 8.375000 33.476002
c<A>r<94>R<PHE> -9.798000 7.488000 32.832001
c<A>r<95>R<ASN> -9.590000 5.591000 29.583000
c<A>r<96>R<GLY> -6.423000 3.493000 29.212000
c<A>r<97>R<ASN> -6.663000 3.475000 25.388000
c<A>r<99>R<LEU> -5.507000 8.277000 27.872000
c<A>r<102>R<ASP> -5.138000 10.681000 32.839001
c<A>r<141>R<TRP> 13.611000 11.547000 37.188999
c<A>r<142>R<GLY> 12.695000 9.862000 33.931999
c<A>r<143>R<ASN> 14.847000 8.714000 31.025000
c<A>r<145>R<LYS> 18.450001 9.632000 26.590000
c<A>r<148>R<GLY> 18.816000 4.064000 24.962000
c<A>r<149>R<SER> 18.157000 4.476000 28.606001
c<A>r<150>R<SER> 19.659000 6.453000 31.423000
c<A>r<151>R<TYR> 17.822001 7.177000 34.661999
c<A>r<152>R<PRO> 19.288000 10.078000 36.625999
c<A>r<153>R<SER> 19.896999 10.349000 40.320999
c<A>r<154>R<LEU> 19.285000 14.125000 40.247002
c<A>r<191>R<CYS> 9.926000 10.509000 28.861000
c<A>r<192>R<GLN> 9.246000 7.249000 30.705999
c<A>r<193>R<GLY> 9.618000 7.728000 34.453999
c<A>r<194>R<ASP> 8.564000 11.371000 34.174999
c<A>r<195>R<SER> 4.911000 10.194000 33.967999
c<A>r<214>R<SER> 0.874000 11.774000 30.285999
c<A>r<215>R<TRP> 1.732000 10.357000 26.875999
c<A>r<216>R<GLY> 3.203000 10.816000 23.400000
c<A>r<217>R<TYR> 5.011000 8.694000 20.778999
c<A>r<219>R<GLY> 8.385000 7.759000 22.117001
c<A>r<220>R<CYS> 10.188000 10.762000 23.537001
c<I>r<5>R<ARG> 13.360000 -7.055000 52.442001
c<I>r<6>R<PRO> 15.143000 -4.738000 49.980999
c<I>r<7>R<TRP> 11.925000 -4.029000 48.022999
c<I>r<8>R<LYS> 8.270000 -3.409000 49.021999
c<I>r<9>R<CYS> 7.127000 -5.305000 45.937000
c<I>r<10>R<CYS> 8.651000 -6.938000 42.868999
c<I>r<25>R<CYS> 14.441000 -8.496000 42.041000
c<I>r<27>R<ASP> 12.783000 -4.616000 38.353001
c<I>r<28>R<GLU> 14.270000 -1.499000 36.772999
c<I>r<29>R<VAL> 14.362000 1.402000 39.247002
c<I>r<30>R<PHE> 14.627000 5.122000 38.487000
c<I>r<31>R<GLU> 15.841000 5.989000 41.950001
c<I>r<32>R<CYS> 17.438999 3.666000 44.501999
c<I>r<33>R<PRO> 14.945000 2.574000 47.216000
c<I>r<34>R<LYS> 15.891000 3.557000 50.778000
c<I>r<35>R<THR> 15.379000 -0.140000 51.613998
c<I>r<36>R<CYS> 17.931999 -1.306000 49.042000
c<I>r<38>R<SER> 23.007000 -1.209000 46.462002
c<I>r<39>R<CYS> 21.643000 -0.215000 43.088001
c<I>r<45>R<ASP> 23.120001 -2.302000 30.091000
c<I>r<46>R<PRO> 24.708000 0.491000 32.174999
c<I>r<47>R<SER> 21.389999 2.346000 31.923000
c<I>r<48>R<ARG> 19.233999 -0.502000 33.265999
c<I>r<49>R<ARG> 19.601000 -0.007000 36.988998
c<I>r<50>R<ILE> 18.216000 -2.391000 39.596001
c<I>r<51>R<CYS> 18.416000 -3.018000 43.301998
c<I>r<62>R<ILE> 3.918000 -7.942000 42.817001
c<I>r<63>R<CYS> 3.786000 -4.193000 42.105999
c<I>r<64>R<ARG> 1.674000 -4.276000 38.921001
c<I>r<65>R<PRO> -2.199000 -4.330000 38.884998
c<I>r<73>R<ILE> -2.196000 -2.626000 25.469999
c<I>r<74>R<CYS> 1.115000 -0.791000 25.857000
c<I>r<75>R<THR> 2.912000 2.321000 24.620001
c<I>r<76>R<ARG> 6.274000 2.163000 22.826000
c<I>r<77>R<SER> 8.479000 3.278000 25.721001
c<I>r<78>R<ASN> 10.814000 0.958000 27.598000
c<I>r<79>R<PRO> 9.451000 0.380000 30.124001
c<I>r<80>R<PRO> 5.965000 0.913000 28.575001
c<I>r<81>R<THR> 2.764000 2.120000 30.129999
c<I>r<82>R<CYS> 0.293000 -0.738000 29.798000
c<I>r<83>R<ARG> -3.306000 -1.436000 30.577000
c<I>r<84>R<CYS> -5.024000 -4.792000 30.568001
c<I>r<85>R<VAL> -8.510000 -5.401000 29.174999
c<I>r<92>R<ALA> -5.591000 -8.652000 41.709000
c<I>r<93>R<PRO> -5.519000 -6.886000 45.105999
c<I>r<94>R<THR> -3.003000 -4.511000 43.509998
c<I>r<95>R<CYS> -5.611000 -3.168000 41.067001
c<I>r<96>R<LYS> -6.990000 0.193000 42.233002
c<I>r<97>R<THR> -10.047000 0.495000 39.952000
c<I>r<111>R<ILE> -8.863000 -0.208000 34.224998
c<I>r<112>R<ASP> -5.545000 0.891000 35.796001
c<I>r<113>R<SER> -2.688000 2.137000 33.636002
c<I>r<114>R<TYR> 0.715000 0.966000 34.832001
c<I>r<115>R<PHE> 4.216000 2.245000 34.049999
c<I>r<116>R<GLY> 6.518000 -0.734000 34.299999
