c<A>r<16>R<ILE> 13.558000 14.409000 30.716000
c<A>r<17>R<VAL> 15.439000 14.378000 27.396000
c<A>r<18>R<GLY> 17.351000 17.509001 26.445999
c<A>r<19>R<GLY> 16.943001 19.172001 29.837999
c<A>r<20>R<TYR> 19.334999 20.250999 32.587002
c<A>r<21>R<THR> 19.788000 19.350000 36.216999
c<A>r<22>R<CYS> 17.520000 21.421000 38.433998
c<A>r<23>R<ALA> 19.016001 23.275999 41.354000
c<A>r<24>R<ALA> 18.539000 21.132999 44.479000
c<A>r<26>R<SER> 14.199000 24.278999 43.487000
c<A>r<37>R<SER> 7.181000 1.063000 44.742001
c<A>r<38>R<GLY> 10.644000 -0.347000 45.597000
c<A>r<39>R<SER> 12.245000 2.066000 43.049999
c<A>r<40>R<HIS> 11.155000 5.374000 41.555000
c<A>r<41>R<PHE> 8.460000 4.820000 38.917000
c<A>r<71>R<HIS> 16.983000 15.879000 44.800999
c<A>r<72>R<ASN> 19.150000 12.767000 44.605999
c<A>r<73>R<ILE> 16.660999 9.887000 44.757000
c<A>r<74>R<ASP> 19.552999 7.435000 45.349998
c<A>r<75>R<VAL> 21.033001 9.217000 48.393002
c<A>r<137>R<LEU> 8.838000 24.101000 33.566002
c<A>r<141>R<TRP> 13.611000 11.547000 37.188999
c<A>r<143>R<ASN> 14.847000 8.714000 31.025000
c<A>r<144>R<THR> 17.344999 11.323000 29.830000
c<A>r<145>R<LYS> 18.450001 9.632000 26.590000
c<A>r<146>R<SER> 16.764999 9.893000 23.143999
c<A>r<147>R<SER> 18.386000 6.556000 22.169001
c<A>r<148>R<GLY> 18.816000 4.064000 24.962000
c<A>r<149>R<SER> 18.157000 4.476000 28.606001
c<A>r<150>R<SER> 19.659000 6.453000 31.423000
c<A>r<151>R<TYR> 17.822001 7.177000 34.661999
c<A>r<152>R<PRO> 19.288000 10.078000 36.625999
c<A>r<153>R<SER> 19.896999 10.349000 40.320999
c<A>r<154>R<LEU> 19.285000 14.125000 40.247002
c<A>r<155>R<LEU> 16.041000 15.817000 39.299000
c<A>r<156>R<GLN> 15.987000 17.058001 35.721001
c<A>r<157>R<CYS> 14.246000 20.197001 34.421001
c<A>r<158>R<LEU> 13.116000 21.427000 31.004000
c<A>r<159>R<LYS> 11.762000 24.787001 29.898001
c<A>r<184>R<PHE> 8.983000 21.337000 20.719000
c<A>r<185>R<LEU> 8.209000 20.077999 17.246000
c<A>r<186>R<GLU> 11.929000 19.813000 16.482000
c<A>r<187>R<GLY> 12.747000 16.868999 18.829000
c<A>r<188>R<LYS> 13.514000 18.167999 24.238001
c<A>r<188>i<A>R<GLY> 15.543000 16.563000 21.368000
c<A>r<189>R<ASP> 10.699000 16.233999 25.989000
c<A>r<192>R<GLN> 9.246000 7.249000 30.705999
c<A>r<193>R<GLY> 9.618000 7.728000 34.453999
c<A>r<221>R<GLN> 11.103000 12.599000 18.400999
c<A>r<221>i<A>R<ALA> 11.846000 13.771000 21.966000
c<A>r<222>R<LYS> 10.388000 15.180000 15.729000
c<I>r<9>R<CYS> 27.886999 8.177000 37.949001
c<I>r<10>R<CYS> 27.386999 7.330000 34.283001
c<I>r<11>R<ASP> 27.214001 9.518000 31.172001
c<I>r<12>R<GLU> 26.252001 6.679000 28.839001
c<I>r<13>R<ALA> 23.909000 4.310000 30.688999
c<I>r<14>R<VAL> 22.194000 1.786000 28.414000
c<I>r<15>R<CYS> 19.159000 0.623000 30.377001
c<I>r<16>R<THR> 15.948000 -1.242000 29.697001
c<I>r<17>R<ARG> 12.628000 0.498000 30.233999
c<I>r<18>R<SER> 11.586000 -1.780000 33.064999
c<I>r<19>R<ILE> 10.957000 -1.658000 36.790001
c<I>r<20>R<PRO> 13.715000 -1.898000 37.867001
c<I>r<21>R<PRO> 15.962000 -0.953000 34.909000
c<I>r<22>R<ILE> 18.683001 -3.332000 33.771999
c<I>r<23>R<CYS> 21.714001 -1.176000 32.986000
c<I>r<24>R<THR> 25.190001 -1.220000 31.503000
c<I>r<25>R<CYS> 27.452999 1.833000 31.750999
c<I>r<57>R<GLY> 18.502001 -0.708000 39.568001
c<I>r<58>R<ASP> 18.521000 3.011000 38.823002
c<I>r<59>R<PRO> 21.702000 4.007000 36.924000
c<I>r<60>R<GLY> 22.195000 7.073000 39.095001
c<I>r<61>R<PRO> 23.386999 10.589000 38.110001
c<I>r<62>R<ILE> 25.343000 11.649000 35.041000
c<I>r<65>R<PRO> 28.212999 19.139000 33.780998
c<I>r<66>R<TRP> 25.237000 19.386000 31.361000
c<I>r<67>R<GLU> 22.305000 17.038000 30.649000
c<I>r<68>R<CYS> 22.677000 17.867001 26.981001
c<I>r<69>R<CYS> 24.268000 20.566000 24.884001
c<I>r<70>R<ASP> 23.351999 22.225000 21.618999
c<I>r<88>R<VAL> 19.971001 27.540001 30.240000
c<I>r<89>R<LYS> 17.223000 28.368999 32.734001
c<I>r<90>R<LYS> 19.059999 26.261000 35.344002
c<I>r<91>R<CYS> 22.482000 24.569000 35.331001
c<I>r<92>R<ALA> 22.697001 20.827999 35.990002
c<I>r<93>R<PRO> 23.620001 20.096001 39.632999
c<I>r<94>R<THR> 26.813999 18.565001 38.229000
c<I>r<95>R<CYS> 28.024000 21.941000 36.922001
c<I>r<120>R<PRO> 23.966000 14.480000 23.454000
c<I>r<121>R<ARG> 22.312000 17.374001 21.580999
c<I>r<122>R<CYS> 19.341999 18.945000 23.400999
c<I>r<123>R<THR> 17.351999 19.482000 20.207001
