c<A>r<23>R<ALA> 19.016001 23.275999 41.354000
c<A>r<25>R<ASN> 15.052000 21.497999 45.951000
c<A>r<26>R<SER> 14.199000 24.278999 43.487000
c<A>r<27>R<ILE> 11.039000 22.288000 42.498001
c<A>r<28>R<PRO> 9.691000 21.823999 45.995998
c<A>r<29>R<TYR> 6.299000 20.471001 44.827000
c<A>r<30>R<GLN> 7.939000 17.650000 42.861000
c<A>r<46>R<LEU> 2.092000 18.197001 45.972000
c<A>r<47>R<ILE> -1.069000 20.407000 45.773998
c<A>r<48>R<ASN> -2.256000 20.167999 49.363998
c<A>r<49>R<SER> -0.452000 19.200001 52.520000
c<A>r<50>R<GLN> -2.200000 15.813000 52.341999
c<A>r<51>R<TRP> -2.524000 15.293000 48.543999
c<A>r<111>R<PRO> 0.420000 15.534000 56.083000
c<A>r<112>R<ALA> 3.611000 16.641001 54.401001
c<A>r<113>R<THR> 5.432000 19.194000 56.464001
c<A>r<114>R<LEU> 5.711000 22.357000 54.372002
c<A>r<115>R<ASN> 8.935000 24.337999 54.348000
c<A>r<116>R<SER> 11.280000 25.833000 51.695000
c<A>r<117>R<ARG> 12.079000 22.348000 50.209000
c<A>r<118>R<VAL> 8.600000 20.805000 50.400002
c<A>r<119>R<ALA> 5.824000 23.122999 49.171001
c<A>r<120>R<THR> 2.514000 22.996000 47.383999
c<A>r<121>R<VAL> 2.016000 24.256001 43.838001
c<A>r<122>R<SER> -1.096000 26.184999 42.946999
c<A>r<123>R<LEU> -3.806000 24.681999 40.792999
c<A>r<124>R<PRO> -4.674000 26.724001 37.695000
c<A>r<125>R<ARG> -6.713000 29.896000 37.955002
c<A>r<127>R<SER> -7.379000 29.646000 34.175999
c<A>r<128>R<CYS> -6.108000 27.615000 31.287001
c<A>r<135>R<GLU> 6.491000 29.201000 29.120001
c<A>r<136>R<CYS> 6.502000 26.237000 31.532000
c<A>r<137>R<LEU> 8.838000 24.101000 33.566002
c<A>r<138>R<ILE> 8.656000 20.267000 33.262001
c<A>r<139>R<SER> 10.584000 18.113001 35.702999
c<A>r<157>R<CYS> 14.246000 20.197001 34.421001
c<A>r<158>R<LEU> 13.116000 21.427000 31.004000
c<A>r<159>R<LYS> 11.762000 24.787001 29.898001
c<A>r<160>R<ALA> 9.069000 24.382000 27.280001
c<A>r<198>R<PRO> 4.430000 18.476999 36.786999
c<A>r<199>R<VAL> 4.204000 21.070999 34.087002
c<A>r<200>R<VAL> 4.141000 24.427999 35.905998
c<A>r<201>R<CYS> 3.553000 27.658001 34.009998
c<A>r<202>R<ASN> 3.420000 31.080999 35.750000
c<A>r<203>R<GLY> 3.121000 29.518999 39.178001
c<A>r<204>R<GLN> 0.276000 27.138000 38.191002
c<A>r<209>R<LEU> 0.210000 23.378000 37.608002
c<A>r<232>R<CYS> -7.302000 23.502001 34.283001
c<A>r<233>R<ASN> -10.254000 21.159000 33.484001
c<A>r<234>R<TYR> -9.857000 19.232000 36.769001
c<A>r<235>R<VAL> -9.825000 21.791000 39.578999
c<A>r<236>R<ASN> -13.397000 20.913000 40.598999
c<A>r<237>R<TRP> -12.722000 17.197001 40.536999
c<A>r<238>R<ILE> -9.563000 17.662001 42.585999
c<A>r<239>R<GLN> -11.206000 19.940001 45.176998
c<A>r<240>R<GLN> -14.286000 17.707001 45.453999
c<A>r<241>R<THR> -12.114000 14.559000 45.990002
c<A>r<242>R<ILE> -10.026000 16.275000 48.596001
c<A>r<243>R<ALA> -13.156000 17.532000 50.460999
c<A>r<244>R<ALA> -14.754000 14.044000 50.412998
c<A>r<245>R<ASN> -11.760000 11.969000 51.598999
c<I>r<11>R<ASP> -4.847000 32.012001 47.381001
c<I>r<12>R<GLU> -6.489000 28.707001 46.484001
c<I>r<13>R<ALA> -9.575000 29.406000 44.359001
c<I>r<14>R<VAL> -11.009000 26.297001 42.694000
c<I>r<15>R<CYS> -13.101000 27.622000 39.816002
c<I>r<16>R<THR> -14.719000 26.257999 36.691002
c<I>r<17>R<ARG> -13.606000 27.532000 33.301998
c<I>r<18>R<SER> -16.936001 29.139000 32.513000
c<I>r<21>R<PRO> -16.667000 31.097000 36.909000
c<I>r<22>R<ILE> -18.145000 29.016001 39.709999
c<I>r<23>R<CYS> -15.654000 29.180000 42.577999
c<I>r<24>R<THR> -14.825000 27.770000 45.985001
c<I>r<25>R<CYS> -12.016000 29.260000 48.080002
c<I>r<26>R<MET> -10.002000 26.454000 49.695999
c<I>r<41>R<PRO> -14.193000 21.621000 57.764000
c<I>r<42>R<SER> -12.776000 20.562000 54.437000
c<I>r<43>R<MET> -10.797000 17.618999 53.080002
c<I>r<44>R<GLY> -11.917000 15.238000 55.820999
c<I>r<45>R<ASP> -9.877000 17.166000 58.359001
c<I>r<59>R<PRO> -12.644000 34.949001 42.439999
c<I>r<66>R<TRP> 3.847000 36.411999 44.859001
c<I>r<67>R<GLU> 1.825000 34.811001 42.036999
c<I>r<68>R<CYS> 4.155000 31.839001 42.205002
c<I>r<69>R<CYS> 7.591000 31.069000 43.550999
c<I>r<70>R<ASP> 10.410000 28.834000 42.404999
c<I>r<71>R<LYS> 12.703000 29.695999 45.328999
c<I>r<72>R<ALA> 10.380000 29.421000 48.328999
c<I>r<73>R<ILE> 11.898000 29.225000 51.818001
c<I>r<74>R<CYS> 9.371000 28.044001 54.405998
c<I>r<75>R<THR> 9.169000 27.004999 58.056000
c<I>r<76>R<ARG> 7.860000 23.590000 59.139999
c<I>r<77>R<SER> 4.411000 24.688000 60.318001
c<I>r<78>R<ASN> 1.207000 23.903999 58.452999
c<I>r<79>R<PRO> 0.478000 26.398001 57.104000
c<I>r<80>R<PRO> 4.140000 27.573000 56.903000
c<I>r<81>R<THR> 5.592000 31.040001 56.895000
c<I>r<82>R<CYS> 7.361000 31.429001 53.563999
c<I>r<83>R<ARG> 9.437000 33.986000 51.775002
c<I>r<84>R<CYS> 10.385000 33.995998 48.126999
c<I>r<117>R<PRO> -0.221000 27.965000 52.081001
c<I>r<118>R<VAL> 2.978000 27.240999 50.098999
c<I>r<119>R<PRO> 2.779000 29.156000 46.803001
c<I>r<120>R<PRO> 2.679000 27.188000 43.533001
c<I>r<121>R<ARG> 5.973000 26.750000 41.639999
c<I>r<122>R<CYS> 6.414000 29.108000 38.665001
c<I>r<123>R<THR> 8.115000 26.475000 36.514999
