c<A>r<34>R<ASN> 8.264000 4.737000 44.813999
c<A>r<37>R<SER> 7.181000 1.063000 44.742001
c<A>r<38>R<GLY> 10.644000 -0.347000 45.597000
c<A>r<56>R<ALA> -3.731000 7.469000 36.250000
c<A>r<57>R<HIS> -1.446000 5.399000 34.082001
c<A>r<58>R<CYS> 0.983000 5.467000 37.030998
c<A>r<59>R<TYR> -1.483000 3.573000 39.286999
c<A>r<60>R<LYS> -0.038000 1.002000 41.634998
c<A>r<61>R<SER> -1.959000 -0.401000 44.605000
c<A>r<62>R<ARG> 0.788000 0.574000 47.087002
c<A>r<63>R<ILE> 2.879000 3.772000 46.731998
c<A>r<64>R<GLN> 5.379000 5.518000 48.953999
c<A>r<65>R<VAL> 5.557000 9.240000 48.252998
c<A>r<83>R<ILE> 5.148000 9.127000 53.476002
c<A>r<84>R<ASN> 3.057000 6.161000 52.398998
c<A>r<85>R<ALA> -0.131000 6.646000 50.367001
c<A>r<86>R<ALA> -3.318000 6.132000 52.384998
c<A>r<87>R<LYS> -5.713000 6.408000 49.397999
c<A>r<88>R<ILE> -5.124000 6.222000 45.648998
c<A>r<89>R<ILE> -7.982000 7.524000 43.500000
c<A>r<90>R<THR> -7.912000 7.364000 39.707001
c<A>r<91>R<HIS> -10.249000 9.617000 37.728001
c<A>r<92>R<PRO> -13.516000 7.659000 37.230000
c<A>r<93>R<ASN> -13.451000 8.375000 33.476002
c<A>r<94>R<PHE> -9.798000 7.488000 32.832001
c<A>r<95>R<ASN> -9.590000 5.591000 29.583000
c<A>r<96>R<GLY> -6.423000 3.493000 29.212000
c<A>r<97>R<ASN> -6.663000 3.475000 25.388000
c<A>r<98>R<THR> -7.152000 7.143000 24.624001
c<A>r<99>R<LEU> -5.507000 8.277000 27.872000
c<A>r<105>R<LEU> -4.950000 11.665000 43.415001
c<A>r<106>R<ILE> -2.918000 10.239000 46.248001
c<A>r<107>R<LYS> -3.797000 11.002000 49.866001
c<A>r<108>R<LEU> -0.771000 10.921000 52.200001
c<A>r<109>R<SER> -1.066000 8.849000 55.387001
c<A>r<192>R<GLN> 9.246000 7.249000 30.705999
c<A>r<236>R<ASN> -13.397000 20.913000 40.598999
c<A>r<237>R<TRP> -12.722000 17.197001 40.536999
c<A>r<238>R<ILE> -9.563000 17.662001 42.585999
c<A>r<239>R<GLN> -11.206000 19.940001 45.176998
c<A>r<240>R<GLN> -14.286000 17.707001 45.453999
c<A>r<241>R<THR> -12.114000 14.559000 45.990002
c<A>r<242>R<ILE> -10.026000 16.275000 48.596001
c<A>r<243>R<ALA> -13.156000 17.532000 50.460999
c<A>r<244>R<ALA> -14.754000 14.044000 50.412998
c<A>r<245>R<ASN> -11.760000 11.969000 51.598999
c<I>r<10>R<CYS> -10.136000 -5.114000 45.099998
c<I>r<11>R<ASP> -9.211000 -3.538000 41.758999
c<I>r<12>R<GLU> -8.251000 -0.178000 43.245998
c<I>r<13>R<ALA> -6.533000 -0.764000 46.597000
c<I>r<14>R<VAL> -4.805000 2.333000 47.980000
c<I>r<15>R<CYS> -2.279000 0.993000 50.479000
c<I>r<16>R<THR> 0.746000 2.272000 52.339001
c<I>r<17>R<ARG> 4.129000 0.688000 51.716000
c<I>r<18>R<SER> 4.429000 -0.692000 55.223999
c<I>r<21>R<PRO> -0.047000 -2.367000 54.598999
c<I>r<22>R<ILE> -2.827000 0.009000 55.590000
c<I>r<23>R<CYS> -5.412000 -0.165000 52.806999
c<I>r<24>R<THR> -8.592000 1.398000 51.493000
c<I>r<25>R<CYS> -10.476000 -0.173000 48.580002
c<I>r<26>R<MET> -11.647000 2.562000 46.194000
c<I>r<27>R<ASP> -13.799000 0.216000 44.083000
c<I>r<28>R<GLU> -17.283001 1.528000 43.334000
c<I>r<41>R<PRO> -19.735001 8.247000 49.070999
c<I>r<42>R<SER> -16.204000 8.963000 47.969002
c<I>r<43>R<MET> -14.422000 11.639000 45.946999
c<I>r<44>R<GLY> -17.080999 14.281000 46.569000
c<I>r<45>R<ASP> -19.520000 12.367000 44.400002
c<I>r<46>R<PRO> -22.580000 11.338000 46.457001
c<I>r<48>R<ARG> -19.903000 7.079000 43.844002
c<I>r<52>R<GLN> -15.307000 2.942000 53.387001
c<I>r<54>R<GLN> -9.897000 0.873000 56.391998
c<I>r<59>R<PRO> -5.382000 -6.155000 50.264000
c<I>r<62>R<ILE> -7.722000 -8.083000 42.138000
c<I>r<68>R<CYS> -3.089000 -4.444000 33.418999
c<I>r<69>R<CYS> -3.992000 -3.867000 29.804001
c<I>r<70>R<ASP> -2.381000 -1.951000 26.979000
c<I>r<71>R<LYS> -5.095000 -2.799000 24.436001
c<I>r<72>R<ALA> -8.301000 -2.137000 26.374001
c<I>r<73>R<ILE> -11.579000 -1.833000 24.458000
c<I>r<74>R<CYS> -14.330000 -0.279000 26.579000
c<I>r<76>R<ARG> -18.851000 4.588000 27.209000
c<I>r<77>R<SER> -20.476000 3.855000 30.572001
c<I>r<78>R<ASN> -18.917000 4.771000 33.901001
c<I>r<79>R<PRO> -17.847000 2.260000 34.960999
c<I>r<80>R<PRO> -17.337999 0.780000 31.441999
c<I>r<117>R<PRO> -13.062000 0.424000 36.341999
c<I>r<118>R<VAL> -10.695000 0.751000 33.346001
c<I>r<119>R<PRO> -7.595000 -1.357000 34.060001
c<I>r<120>R<PRO> -4.215000 0.390000 34.388000
c<I>r<121>R<ARG> -1.948000 0.432000 31.309000
c<I>r<122>R<CYS> 0.871000 -2.148000 31.384001
c<I>r<123>R<THR> 3.386000 0.189000 29.752001
