c<A>r<94>R<PHE> -9.798000 7.488000 32.832001
c<A>r<95>R<ASN> -9.590000 5.591000 29.583000
c<A>r<96>R<GLY> -6.423000 3.493000 29.212000
c<A>r<97>R<ASN> -6.663000 3.475000 25.388000
c<A>r<98>R<THR> -7.152000 7.143000 24.624001
c<A>r<99>R<LEU> -5.507000 8.277000 27.872000
c<A>r<100>R<ASP> -8.337000 10.783000 28.344999
c<A>r<101>R<ASN> -8.630000 11.882000 31.974001
c<A>r<127>R<SER> -7.379000 29.646000 34.175999
c<A>r<128>R<CYS> -6.108000 27.615000 31.287001
c<A>r<129>R<ALA> -2.818000 28.796000 29.806000
c<A>r<130>R<ALA> -2.418000 30.725000 26.540001
c<A>r<132>R<ALA> -0.514000 29.139000 23.667000
c<A>r<133>R<GLY> 3.119000 30.079000 23.936001
c<A>r<134>R<THR> 3.154000 30.240999 27.740999
c<A>r<162>R<VAL> 2.492000 25.382999 25.549999
c<A>r<163>R<LEU> 2.067000 24.513000 21.877001
c<A>r<164>R<SER> -0.440000 25.908001 19.392000
c<A>r<165>R<ASP> -3.671000 23.980000 18.903999
c<A>r<166>R<SER> -2.604000 23.395000 15.294000
c<A>r<167>R<SER> 0.898000 22.143000 16.291000
c<A>r<168>R<CYS> -0.599000 19.738001 18.909000
c<A>r<169>R<LYS> -3.555000 18.277000 17.032000
c<A>r<170>R<SER> -1.628000 18.000000 13.747000
c<A>r<171>R<SER> 0.981000 15.872000 15.544000
c<A>r<172>R<TYR> -1.548000 13.321000 16.761999
c<A>r<173>R<PRO> -4.520000 13.382000 14.325000
c<A>r<174>R<GLY> -7.780000 12.604000 16.049999
c<A>r<175>R<GLN> -6.102000 11.806000 19.424000
c<A>r<176>R<ILE> -6.020000 15.157000 21.306000
c<A>r<177>R<THR> -9.113000 15.523000 23.440001
c<A>r<178>R<GLY> -10.261000 18.719000 25.190001
c<A>r<179>R<ASN> -8.506000 17.347000 28.337000
c<A>r<180>R<MET> -5.025000 17.370001 26.757000
c<A>r<181>R<ILE> -2.404000 19.943001 25.829000
c<A>r<230>R<LYS> -4.925000 19.636000 30.997000
c<A>r<232>R<CYS> -7.302000 23.502001 34.283001
c<A>r<233>R<ASN> -10.254000 21.159000 33.484001
c<I>r<4>R<LYS> -13.073000 2.353000 25.367001
c<I>r<5>R<ARG> -14.110000 5.199000 23.027000
c<I>r<6>R<PRO> -12.359000 5.254000 19.629999
c<I>r<7>R<TRP> -11.606000 9.005000 19.867001
c<I>r<8>R<LYS> -10.478000 11.331000 22.705000
c<I>r<9>R<CYS> -12.662000 14.092000 21.283001
c<I>r<10>R<CYS> -14.860000 14.710000 18.250999
c<I>r<11>R<ASP> -15.863000 17.912001 16.451000
c<I>r<25>R<CYS> -17.107000 10.571000 14.449000
c<I>r<27>R<ASP> -13.636000 14.119000 11.847000
c<I>r<28>R<GLU> -10.943000 13.884000 9.180000
c<I>r<29>R<VAL> -7.747000 12.333000 10.567000
c<I>r<30>R<PHE> -4.219000 12.585000 9.162000
c<I>r<31>R<GLU> -3.002000 9.539000 11.020000
c<I>r<32>R<CYS> -5.094000 6.723000 12.491000
c<I>r<33>R<PRO> -5.529000 7.088000 16.292999
c<I>r<34>R<LYS> -4.156000 4.197000 18.367001
c<I>r<35>R<THR> -7.625000 4.096000 19.974001
c<I>r<36>R<CYS> -9.399000 3.595000 16.643000
c<I>r<50>R<ILE> -11.829000 9.032000 9.226000
c<I>r<51>R<CYS> -11.945000 6.647000 12.136000
c<I>r<60>R<GLY> -17.398001 12.926000 24.620001
c<I>r<61>R<PRO> -15.998000 16.489000 24.318001
c<I>r<62>R<ILE> -15.368000 18.525999 21.183001
c<I>r<63>R<CYS> -11.763000 19.066000 20.046000
c<I>r<64>R<ARG> -12.077000 22.667000 18.801001
c<I>r<65>R<PRO> -11.737000 25.785999 21.070999
c<I>r<81>R<THR> -7.132000 27.083000 10.117000
c<I>r<82>R<CYS> -9.738000 29.252001 11.815000
c<I>r<92>R<ALA> -15.244000 26.796000 26.055000
c<I>r<93>R<PRO> -13.034000 24.704000 28.379000
c<I>r<94>R<THR> -11.179000 23.655001 25.221001
c<I>r<95>R<CYS> -9.933000 27.209000 24.603001
c<I>r<96>R<LYS> -6.317000 27.621000 25.750000
c<I>r<97>R<THR> -6.027000 31.436001 25.707001
c<I>r<98>R<CYS> -9.178000 33.252998 26.811001
c<I>r<99>R<LEU> -8.817000 36.990002 27.429001
c<I>r<110>R<CYS> -10.784000 33.077000 22.631001
c<I>r<111>R<ILE> -7.648000 33.923000 20.620001
c<I>r<112>R<ASP> -6.687000 30.329000 19.704000
c<I>r<113>R<SER> -6.059000 29.341999 16.097000
c<I>r<114>R<TYR> -7.394000 25.899000 15.232000
c<I>r<115>R<PHE> -6.606000 23.570000 12.324000
c<I>r<116>R<GLY> -9.740000 21.572001 11.680000
