c<A>r<32>R<SER> 8.933000 10.789000 43.451000
c<A>r<34>R<ASN> 8.264000 4.737000 44.813999
c<A>r<37>R<SER> 7.181000 1.063000 44.742001
c<A>r<38>R<GLY> 10.644000 -0.347000 45.597000
c<A>r<39>R<SER> 12.245000 2.066000 43.049999
c<A>r<40>R<HIS> 11.155000 5.374000 41.555000
c<A>r<41>R<PHE> 8.460000 4.820000 38.917000
c<A>r<42>R<CYS> 6.559000 8.099000 38.441002
c<A>r<55>R<ALA> -1.271000 10.390000 36.216000
c<A>r<56>R<ALA> -3.731000 7.469000 36.250000
c<A>r<57>R<HIS> -1.446000 5.399000 34.082001
c<A>r<58>R<CYS> 0.983000 5.467000 37.030998
c<A>r<59>R<TYR> -1.483000 3.573000 39.286999
c<A>r<60>R<LYS> -0.038000 1.002000 41.634998
c<A>r<61>R<SER> -1.959000 -0.401000 44.605000
c<A>r<62>R<ARG> 0.788000 0.574000 47.087002
c<A>r<63>R<ILE> 2.879000 3.772000 46.731998
c<A>r<64>R<GLN> 5.379000 5.518000 48.953999
c<A>r<72>R<ASN> 19.150000 12.767000 44.605999
c<A>r<73>R<ILE> 16.660999 9.887000 44.757000
c<A>r<74>R<ASP> 19.552999 7.435000 45.349998
c<A>r<75>R<VAL> 21.033001 9.217000 48.393002
c<A>r<76>R<LEU> 19.406000 10.273000 51.644001
c<A>r<82>R<PHE> 8.906000 9.558000 52.966999
c<A>r<88>R<ILE> -5.124000 6.222000 45.648998
c<A>r<89>R<ILE> -7.982000 7.524000 43.500000
c<A>r<90>R<THR> -7.912000 7.364000 39.707001
c<A>r<91>R<HIS> -10.249000 9.617000 37.728001
c<A>r<92>R<PRO> -13.516000 7.659000 37.230000
c<A>r<93>R<ASN> -13.451000 8.375000 33.476002
c<A>r<94>R<PHE> -9.798000 7.488000 32.832001
c<A>r<95>R<ASN> -9.590000 5.591000 29.583000
c<A>r<96>R<GLY> -6.423000 3.493000 29.212000
c<A>r<97>R<ASN> -6.663000 3.475000 25.388000
c<A>r<98>R<THR> -7.152000 7.143000 24.624001
c<A>r<99>R<LEU> -5.507000 8.277000 27.872000
c<A>r<102>R<ASP> -5.138000 10.681000 32.839001
c<A>r<104>R<MET> -4.957000 10.362000 39.833000
c<A>r<141>R<TRP> 13.611000 11.547000 37.188999
c<A>r<142>R<GLY> 12.695000 9.862000 33.931999
c<A>r<143>R<ASN> 14.847000 8.714000 31.025000
c<A>r<145>R<LYS> 18.450001 9.632000 26.590000
c<A>r<146>R<SER> 16.764999 9.893000 23.143999
c<A>r<147>R<SER> 18.386000 6.556000 22.169001
c<A>r<148>R<GLY> 18.816000 4.064000 24.962000
c<A>r<149>R<SER> 18.157000 4.476000 28.606001
c<A>r<150>R<SER> 19.659000 6.453000 31.423000
c<A>r<151>R<TYR> 17.822001 7.177000 34.661999
c<A>r<152>R<PRO> 19.288000 10.078000 36.625999
c<A>r<153>R<SER> 19.896999 10.349000 40.320999
c<A>r<154>R<LEU> 19.285000 14.125000 40.247002
c<A>r<191>R<CYS> 9.926000 10.509000 28.861000
c<A>r<192>R<GLN> 9.246000 7.249000 30.705999
c<A>r<193>R<GLY> 9.618000 7.728000 34.453999
c<A>r<194>R<ASP> 8.564000 11.371000 34.174999
c<A>r<195>R<SER> 4.911000 10.194000 33.967999
c<A>r<214>R<SER> 0.874000 11.774000 30.285999
c<A>r<215>R<TRP> 1.732000 10.357000 26.875999
c<A>r<216>R<GLY> 3.203000 10.816000 23.400000
c<A>r<217>R<TYR> 5.011000 8.694000 20.778999
c<A>r<219>R<GLY> 8.385000 7.759000 22.117001
c<A>r<220>R<CYS> 10.188000 10.762000 23.537001
c<I>r<5>R<ARG> 12.016000 -7.146000 52.722000
c<I>r<6>R<PRO> 14.293000 -4.964000 50.562000
c<I>r<7>R<TRP> 11.458000 -4.072000 48.140999
c<I>r<8>R<LYS> 7.741000 -3.217000 48.577000
c<I>r<9>R<CYS> 6.960000 -5.063000 45.352001
c<I>r<10>R<CYS> 8.823000 -6.812000 42.547001
c<I>r<25>R<CYS> 14.562000 -8.736000 42.602001
c<I>r<27>R<ASP> 13.728000 -4.789000 38.710999
c<I>r<28>R<GLU> 15.629000 -1.784000 37.379002
c<I>r<29>R<VAL> 15.529000 1.125000 39.842999
c<I>r<30>R<PHE> 16.139000 4.816000 39.137001
c<I>r<31>R<GLU> 16.868999 5.633000 42.744999
c<I>r<32>R<CYS> 17.914000 3.235000 45.506001
c<I>r<33>R<PRO> 14.975000 2.323000 47.810001
c<I>r<34>R<LYS> 15.432000 3.273000 51.474998
c<I>r<35>R<THR> 14.568000 -0.377000 52.219002
c<I>r<36>R<CYS> 17.400999 -1.721000 50.060001
c<I>r<39>R<CYS> 22.030001 -0.912000 44.737999
c<I>r<47>R<SER> 23.628000 1.570000 33.667000
c<I>r<48>R<ARG> 21.118999 -1.127000 34.664001
c<I>r<49>R<ARG> 20.948999 -0.626000 38.401001
c<I>r<50>R<ILE> 19.039000 -2.898000 40.764000
c<I>r<51>R<CYS> 18.638000 -3.506000 44.458000
c<I>r<61>R<PRO> 3.324000 -8.650000 45.313000
c<I>r<62>R<ILE> 4.099000 -7.519000 41.778000
c<I>r<63>R<CYS> 4.312000 -3.775000 41.061001
c<I>r<64>R<ARG> 2.704000 -3.752000 37.592999
c<I>r<65>R<PRO> -1.115000 -3.564000 36.972000
c<I>r<73>R<ILE> 1.020000 -1.972000 23.715000
c<I>r<74>R<CYS> 4.344000 -0.344000 24.600000
c<I>r<75>R<THR> 6.500000 2.640000 23.653999
c<I>r<76>R<ARG> 10.077000 2.257000 22.389000
c<I>r<77>R<SER> 11.886000 3.256000 25.586000
c<I>r<78>R<ASN> 13.760000 0.810000 27.790001
c<I>r<79>R<PRO> 11.997000 0.339000 30.080000
c<I>r<80>R<PRO> 8.826000 1.076000 28.023001
c<I>r<81>R<THR> 5.509000 2.492000 29.077999
c<I>r<82>R<CYS> 2.942000 -0.208000 28.372000
c<I>r<83>R<ARG> -0.770000 -0.673000 28.596001
c<I>r<84>R<CYS> -2.675000 -3.915000 28.323000
c<I>r<85>R<VAL> -5.943000 -4.317000 26.417999
c<I>r<92>R<ALA> -5.160000 -7.642000 39.244999
c<I>r<93>R<PRO> -5.490000 -5.858000 42.616001
c<I>r<94>R<THR> -2.618000 -3.657000 41.423000
c<I>r<95>R<CYS> -4.737000 -2.174000 38.616001
c<I>r<96>R<LYS> -6.062000 1.276000 39.564999
c<I>r<97>R<THR> -8.714000 1.750000 36.847000
c<I>r<98>R<CYS> -10.579000 -1.428000 35.916000
c<I>r<99>R<LEU> -13.652000 -0.975000 33.719002
c<I>r<109>R<VAL> -10.190000 -4.014000 30.934000
c<I>r<110>R<CYS> -7.378000 -2.479000 32.960999
c<I>r<111>R<ILE> -6.726000 0.929000 31.365000
c<I>r<112>R<ASP> -3.621000 1.831000 33.419998
c<I>r<113>R<SER> -0.398000 2.878000 31.719000
c<I>r<114>R<TYR> 2.705000 1.507000 33.414001
c<I>r<115>R<PHE> 6.357000 2.558000 33.172001
c<I>r<116>R<GLY> 8.403000 -0.556000 33.763000
