c<A>r<32>R<SER> 8.933000 10.789000 43.451000
c<A>r<33>R<LEU> 6.481000 7.874000 43.632999
c<A>r<34>R<ASN> 8.264000 4.737000 44.813999
c<A>r<37>R<SER> 7.181000 1.063000 44.742001
c<A>r<38>R<GLY> 10.644000 -0.347000 45.597000
c<A>r<39>R<SER> 12.245000 2.066000 43.049999
c<A>r<40>R<HIS> 11.155000 5.374000 41.555000
c<A>r<41>R<PHE> 8.460000 4.820000 38.917000
c<A>r<42>R<CYS> 6.559000 8.099000 38.441002
c<A>r<43>R<GLY> 6.444000 11.760000 39.402000
c<A>r<55>R<ALA> -1.271000 10.390000 36.216000
c<A>r<56>R<ALA> -3.731000 7.469000 36.250000
c<A>r<57>R<HIS> -1.446000 5.399000 34.082001
c<A>r<58>R<CYS> 0.983000 5.467000 37.030998
c<A>r<59>R<TYR> -1.483000 3.573000 39.286999
c<A>r<60>R<LYS> -0.038000 1.002000 41.634998
c<A>r<61>R<SER> -1.959000 -0.401000 44.605000
c<A>r<62>R<ARG> 0.788000 0.574000 47.087002
c<A>r<73>R<ILE> 16.660999 9.887000 44.757000
c<A>r<74>R<ASP> 19.552999 7.435000 45.349998
c<A>r<75>R<VAL> 21.033001 9.217000 48.393002
c<A>r<87>R<LYS> -5.713000 6.408000 49.397999
c<A>r<88>R<ILE> -5.124000 6.222000 45.648998
c<A>r<89>R<ILE> -7.982000 7.524000 43.500000
c<A>r<90>R<THR> -7.912000 7.364000 39.707001
c<A>r<91>R<HIS> -10.249000 9.617000 37.728001
c<A>r<92>R<PRO> -13.516000 7.659000 37.230000
c<A>r<94>R<PHE> -9.798000 7.488000 32.832001
c<A>r<95>R<ASN> -9.590000 5.591000 29.583000
c<A>r<96>R<GLY> -6.423000 3.493000 29.212000
c<A>r<97>R<ASN> -6.663000 3.475000 25.388000
c<A>r<98>R<THR> -7.152000 7.143000 24.624001
c<A>r<99>R<LEU> -5.507000 8.277000 27.872000
c<A>r<100>R<ASP> -8.337000 10.783000 28.344999
c<A>r<102>R<ASP> -5.138000 10.681000 32.839001
c<A>r<104>R<MET> -4.957000 10.362000 39.833000
c<A>r<141>R<TRP> 13.611000 11.547000 37.188999
c<A>r<142>R<GLY> 12.695000 9.862000 33.931999
c<A>r<143>R<ASN> 14.847000 8.714000 31.025000
c<A>r<144>R<THR> 17.344999 11.323000 29.830000
c<A>r<145>R<LYS> 18.450001 9.632000 26.590000
c<A>r<146>R<SER> 16.764999 9.893000 23.143999
c<A>r<147>R<SER> 18.386000 6.556000 22.169001
c<A>r<148>R<GLY> 18.816000 4.064000 24.962000
c<A>r<149>R<SER> 18.157000 4.476000 28.606001
c<A>r<150>R<SER> 19.659000 6.453000 31.423000
c<A>r<151>R<TYR> 17.822001 7.177000 34.661999
c<A>r<152>R<PRO> 19.288000 10.078000 36.625999
c<A>r<153>R<SER> 19.896999 10.349000 40.320999
c<A>r<191>R<CYS> 9.926000 10.509000 28.861000
c<A>r<192>R<GLN> 9.246000 7.249000 30.705999
c<A>r<193>R<GLY> 9.618000 7.728000 34.453999
c<A>r<194>R<ASP> 8.564000 11.371000 34.174999
c<A>r<195>R<SER> 4.911000 10.194000 33.967999
c<A>r<214>R<SER> 0.874000 11.774000 30.285999
c<A>r<215>R<TRP> 1.732000 10.357000 26.875999
c<A>r<216>R<GLY> 3.203000 10.816000 23.400000
c<A>r<217>R<TYR> 5.011000 8.694000 20.778999
c<A>r<219>R<GLY> 8.385000 7.759000 22.117001
c<I>r<6>R<PRO> 15.689000 -7.383000 45.250999
c<I>r<7>R<TRP> 12.050000 -6.424000 44.522999
c<I>r<8>R<LYS> 8.891000 -6.088000 46.679001
c<I>r<9>R<CYS> 6.810000 -7.436000 43.803001
c<I>r<28>R<GLU> 10.937000 -1.878000 33.727001
c<I>r<29>R<VAL> 11.861000 0.540000 36.528000
c<I>r<30>R<PHE> 11.991000 4.342000 36.394001
c<I>r<31>R<GLU> 14.224000 4.612000 39.418999
c<I>r<32>R<CYS> 16.455000 1.917000 40.910999
c<I>r<33>R<PRO> 14.873000 0.296000 44.016998
c<I>r<34>R<LYS> 16.884001 0.656000 47.237000
c<I>r<35>R<THR> 16.542999 -3.143000 47.521999
c<I>r<36>R<CYS> 18.158001 -3.766000 44.131001
c<I>r<39>R<CYS> 19.915001 -1.539000 37.622002
c<I>r<40>R<GLY> 20.719000 -1.364000 33.983002
c<I>r<41>R<PRO> 19.493000 -1.957000 30.431999
c<I>r<42>R<SER> 17.788000 -5.069000 29.165001
c<I>r<44>R<GLY> 19.228001 -4.408000 23.827000
c<I>r<45>R<ASP> 17.311001 -1.248000 24.638000
c<I>r<46>R<PRO> 19.537001 1.172000 26.600000
c<I>r<47>R<SER> 16.356001 2.954000 27.701000
c<I>r<48>R<ARG> 14.627000 -0.144000 29.110001
c<I>r<49>R<ARG> 16.122999 -0.307000 32.571999
c<I>r<51>R<CYS> 16.825001 -4.420000 38.308998
c<I>r<63>R<CYS> 2.496000 -5.751000 41.430000
c<I>r<64>R<ARG> -0.486000 -5.325000 39.077000
c<I>r<65>R<PRO> -4.185000 -5.474000 40.210999
c<I>r<72>R<ALA> -7.746000 -5.060000 28.974001
c<I>r<73>R<ILE> -8.211000 -1.419000 27.955000
c<I>r<74>R<CYS> -4.887000 0.406000 27.634001
c<I>r<75>R<THR> -3.461000 3.735000 26.481001
c<I>r<76>R<ARG> -0.809000 3.986000 23.750999
c<I>r<77>R<SER> 2.203000 4.628000 25.988001
c<I>r<78>R<ASN> 4.929000 2.075000 26.624001
c<I>r<79>R<PRO> 4.382000 1.023000 29.301001
c<I>r<80>R<PRO> 0.608000 1.729000 29.004999
c<I>r<81>R<THR> -1.933000 2.555000 31.648001
c<I>r<82>R<CYS> -4.469000 -0.263000 31.583000
c<I>r<83>R<ARG> -7.681000 -1.183000 33.283001
c<I>r<84>R<CYS> -9.417000 -4.528000 33.203999
c<I>r<93>R<PRO> -5.531000 -9.180000 46.591999
c<I>r<94>R<THR> -3.551000 -6.494000 44.754002
c<I>r<95>R<CYS> -6.737000 -4.808000 43.498001
c<I>r<96>R<LYS> -7.599000 -1.745000 45.603001
c<I>r<97>R<THR> -11.194000 -1.124000 44.450001
c<I>r<111>R<ILE> -11.827000 -0.769000 38.605999
c<I>r<112>R<ASP> -8.159000 0.121000 39.261002
c<I>r<113>R<SER> -6.059000 1.806000 36.591000
c<I>r<114>R<TYR> -2.488000 0.532000 36.467999
c<I>r<115>R<PHE> 0.645000 2.022000 34.897999
c<I>r<116>R<GLY> 2.826000 -0.892000 33.904999
