c<A>r<57>R<HIS> -1.446000 5.399000 34.082001
c<A>r<95>R<ASN> -9.590000 5.591000 29.583000
c<A>r<96>R<GLY> -6.423000 3.493000 29.212000
c<A>r<97>R<ASN> -6.663000 3.475000 25.388000
c<A>r<98>R<THR> -7.152000 7.143000 24.624001
c<A>r<99>R<LEU> -5.507000 8.277000 27.872000
c<A>r<100>R<ASP> -8.337000 10.783000 28.344999
c<A>r<102>R<ASP> -5.138000 10.681000 32.839001
c<A>r<143>R<ASN> 14.847000 8.714000 31.025000
c<A>r<145>R<LYS> 18.450001 9.632000 26.590000
c<A>r<146>R<SER> 16.764999 9.893000 23.143999
c<A>r<147>R<SER> 18.386000 6.556000 22.169001
c<A>r<148>R<GLY> 18.816000 4.064000 24.962000
c<A>r<149>R<SER> 18.157000 4.476000 28.606001
c<A>r<169>R<LYS> -3.555000 18.277000 17.032000
c<A>r<170>R<SER> -1.628000 18.000000 13.747000
c<A>r<171>R<SER> 0.981000 15.872000 15.544000
c<A>r<172>R<TYR> -1.548000 13.321000 16.761999
c<A>r<173>R<PRO> -4.520000 13.382000 14.325000
c<A>r<174>R<GLY> -7.780000 12.604000 16.049999
c<A>r<175>R<GLN> -6.102000 11.806000 19.424000
c<A>r<176>R<ILE> -6.020000 15.157000 21.306000
c<A>r<185>R<LEU> 8.209000 20.077999 17.246000
c<A>r<186>R<GLU> 11.929000 19.813000 16.482000
c<A>r<187>R<GLY> 12.747000 16.868999 18.829000
c<A>r<188>i<A>R<GLY> 15.543000 16.563000 21.368000
c<A>r<190>R<SER> 9.510000 14.316000 28.979000
c<A>r<191>R<CYS> 9.926000 10.509000 28.861000
c<A>r<192>R<GLN> 9.246000 7.249000 30.705999
c<A>r<193>R<GLY> 9.618000 7.728000 34.453999
c<A>r<195>R<SER> 4.911000 10.194000 33.967999
c<A>r<214>R<SER> 0.874000 11.774000 30.285999
c<A>r<215>R<TRP> 1.732000 10.357000 26.875999
c<A>r<216>R<GLY> 3.203000 10.816000 23.400000
c<A>r<217>R<TYR> 5.011000 8.694000 20.778999
c<A>r<219>R<GLY> 8.385000 7.759000 22.117001
c<A>r<220>R<CYS> 10.188000 10.762000 23.537001
c<A>r<221>R<GLN> 11.103000 12.599000 18.400999
c<A>r<221>i<A>R<ALA> 11.846000 13.771000 21.966000
c<A>r<222>R<LYS> 10.388000 15.180000 15.729000
c<A>r<223>R<ASN> 6.685000 16.254999 15.366000
c<A>r<224>R<LYS> 5.732000 14.145000 18.424999
c<A>r<226>R<GLY> 4.681000 15.492000 24.808001
c<A>r<227>R<VAL> 0.960000 15.354000 25.580000
c<I>r<4>R<LYS> -8.694000 5.302000 15.981000
c<I>r<5>R<ARG> -5.179000 5.004000 14.495000
c<I>r<6>R<PRO> -2.447000 3.927000 16.940001
c<I>r<7>R<TRP> -0.050000 6.680000 15.770000
c<I>r<8>R<LYS> -0.487000 10.369000 14.800000
c<I>r<9>R<CYS> 2.173000 9.958000 12.121000
c<I>r<10>R<CYS> 4.597000 7.308000 10.895000
c<I>r<27>R<ASP> 9.070000 3.750000 14.089000
c<I>r<28>R<GLU> 11.169000 3.450000 17.239000
c<I>r<29>R<VAL> 9.445000 5.095000 20.216999
c<I>r<30>R<PHE> 11.020000 6.293000 23.468000
c<I>r<31>R<GLU> 7.748000 6.279000 25.340000
c<I>r<32>R<CYS> 4.570000 4.386000 24.452999
c<I>r<33>R<PRO> 1.955000 6.663000 22.795000
c<I>r<34>R<LYS> -1.359000 6.955000 24.662001
c<I>r<35>R<THR> -2.977000 6.000000 21.330999
c<I>r<36>R<CYS> -1.030000 2.739000 21.065001
c<I>r<37>R<LYS> -2.380000 -0.380000 22.777000
c<I>r<38>R<SER> 0.952000 -2.214000 23.056999
c<I>r<39>R<CYS> 4.589000 -1.257000 22.756001
c<I>r<47>R<SER> 16.006001 -2.164000 23.077999
c<I>r<48>R<ARG> 14.270000 -1.206000 19.816999
c<I>r<49>R<ARG> 10.748000 -0.579000 21.018999
c<I>r<50>R<ILE> 7.817000 0.148000 18.722000
c<I>r<51>R<CYS> 4.067000 0.441000 18.863001
c<I>r<60>R<GLY> -1.566000 8.740000 7.709000
c<I>r<61>R<PRO> 1.172000 11.406000 7.326000
c<I>r<62>R<ILE> 4.910000 11.048000 7.843000
c<I>r<63>R<CYS> 6.487000 12.619000 10.946000
c<I>r<64>R<ARG> 9.768000 13.815000 9.391000
c<I>r<65>R<PRO> 10.198000 17.204000 7.566000
c<I>r<77>R<SER> 23.577000 8.397000 16.981001
c<I>r<78>R<ASN> 20.975000 5.722000 16.323999
c<I>r<79>R<PRO> 18.542000 7.182000 15.603000
c<I>r<80>R<PRO> 20.530001 10.178000 14.223000
c<I>r<81>R<THR> 19.645000 13.827000 14.063000
c<I>r<94>R<THR> 5.769000 18.757000 7.786000
c<I>r<95>R<CYS> 8.718000 21.143999 7.372000
c<I>r<96>R<LYS> 8.521000 24.024000 9.867000
c<I>r<112>R<ASP> 14.755000 21.764999 10.100000
c<I>r<113>R<SER> 16.834000 19.344000 12.148000
c<I>r<114>R<TYR> 15.046000 16.079000 12.876000
c<I>r<115>R<PHE> 15.733000 13.377000 15.470000
c<I>r<116>R<GLY> 14.553000 10.127000 13.960000
c<I>r<117>R<PRO> 15.354000 7.444000 11.368000
