c<A>r<32>R<SER> 8.933000 10.789000 43.451000
c<A>r<33>R<LEU> 6.481000 7.874000 43.632999
c<A>r<34>R<ASN> 8.264000 4.737000 44.813999
c<A>r<37>R<SER> 7.181000 1.063000 44.742001
c<A>r<38>R<GLY> 10.644000 -0.347000 45.597000
c<A>r<39>R<SER> 12.245000 2.066000 43.049999
c<A>r<40>R<HIS> 11.155000 5.374000 41.555000
c<A>r<41>R<PHE> 8.460000 4.820000 38.917000
c<A>r<42>R<CYS> 6.559000 8.099000 38.441002
c<A>r<43>R<GLY> 6.444000 11.760000 39.402000
c<A>r<55>R<ALA> -1.271000 10.390000 36.216000
c<A>r<56>R<ALA> -3.731000 7.469000 36.250000
c<A>r<57>R<HIS> -1.446000 5.399000 34.082001
c<A>r<58>R<CYS> 0.983000 5.467000 37.030998
c<A>r<59>R<TYR> -1.483000 3.573000 39.286999
c<A>r<60>R<LYS> -0.038000 1.002000 41.634998
c<A>r<61>R<SER> -1.959000 -0.401000 44.605000
c<A>r<62>R<ARG> 0.788000 0.574000 47.087002
c<A>r<63>R<ILE> 2.879000 3.772000 46.731998
c<A>r<64>R<GLN> 5.379000 5.518000 48.953999
c<A>r<73>R<ILE> 16.660999 9.887000 44.757000
c<A>r<74>R<ASP> 19.552999 7.435000 45.349998
c<A>r<75>R<VAL> 21.033001 9.217000 48.393002
c<A>r<76>R<LEU> 19.406000 10.273000 51.644001
c<A>r<86>R<ALA> -3.318000 6.132000 52.384998
c<A>r<87>R<LYS> -5.713000 6.408000 49.397999
c<A>r<88>R<ILE> -5.124000 6.222000 45.648998
c<A>r<89>R<ILE> -7.982000 7.524000 43.500000
c<A>r<90>R<THR> -7.912000 7.364000 39.707001
c<A>r<91>R<HIS> -10.249000 9.617000 37.728001
c<A>r<92>R<PRO> -13.516000 7.659000 37.230000
c<A>r<93>R<ASN> -13.451000 8.375000 33.476002
c<A>r<94>R<PHE> -9.798000 7.488000 32.832001
c<A>r<95>R<ASN> -9.590000 5.591000 29.583000
c<A>r<96>R<GLY> -6.423000 3.493000 29.212000
c<A>r<97>R<ASN> -6.663000 3.475000 25.388000
c<A>r<98>R<THR> -7.152000 7.143000 24.624001
c<A>r<99>R<LEU> -5.507000 8.277000 27.872000
c<A>r<102>R<ASP> -5.138000 10.681000 32.839001
c<A>r<103>R<ILE> -5.183000 11.955000 36.411999
c<A>r<104>R<MET> -4.957000 10.362000 39.833000
c<A>r<140>R<GLY> 11.252000 14.535000 36.672001
c<A>r<141>R<TRP> 13.611000 11.547000 37.188999
c<A>r<142>R<GLY> 12.695000 9.862000 33.931999
c<A>r<143>R<ASN> 14.847000 8.714000 31.025000
c<A>r<144>R<THR> 17.344999 11.323000 29.830000
c<A>r<145>R<LYS> 18.450001 9.632000 26.590000
c<A>r<146>R<SER> 16.764999 9.893000 23.143999
c<A>r<147>R<SER> 18.386000 6.556000 22.169001
c<A>r<148>R<GLY> 18.816000 4.064000 24.962000
c<A>r<149>R<SER> 18.157000 4.476000 28.606001
c<A>r<150>R<SER> 19.659000 6.453000 31.423000
c<A>r<151>R<TYR> 17.822001 7.177000 34.661999
c<A>r<152>R<PRO> 19.288000 10.078000 36.625999
c<A>r<153>R<SER> 19.896999 10.349000 40.320999
c<A>r<154>R<LEU> 19.285000 14.125000 40.247002
c<A>r<191>R<CYS> 9.926000 10.509000 28.861000
c<A>r<192>R<GLN> 9.246000 7.249000 30.705999
c<A>r<193>R<GLY> 9.618000 7.728000 34.453999
c<A>r<194>R<ASP> 8.564000 11.371000 34.174999
c<A>r<195>R<SER> 4.911000 10.194000 33.967999
c<A>r<196>R<GLY> 2.651000 11.852000 36.481998
c<A>r<214>R<SER> 0.874000 11.774000 30.285999
c<A>r<215>R<TRP> 1.732000 10.357000 26.875999
c<A>r<216>R<GLY> 3.203000 10.816000 23.400000
c<A>r<217>R<TYR> 5.011000 8.694000 20.778999
c<A>r<219>R<GLY> 8.385000 7.759000 22.117001
c<I>r<5>R<ARG> 14.358000 -7.347000 50.133999
c<I>r<6>R<PRO> 15.512000 -5.146000 47.230000
c<I>r<7>R<TRP> 11.922000 -4.252000 46.231998
c<I>r<8>R<LYS> 8.731000 -3.412000 48.195999
c<I>r<9>R<CYS> 6.668000 -5.244000 45.587002
c<I>r<10>R<CYS> 7.181000 -6.973000 42.248001
c<I>r<27>R<ASP> 10.015000 -4.912000 36.716999
c<I>r<28>R<GLU> 11.176000 -1.893000 34.728001
c<I>r<29>R<VAL> 12.118000 1.003000 37.022999
c<I>r<30>R<PHE> 12.371000 4.699000 36.148998
c<I>r<31>R<GLU> 14.549000 5.500000 39.119999
c<I>r<32>R<CYS> 16.662001 3.092000 41.171001
c<I>r<33>R<PRO> 14.965000 2.158000 44.492001
c<I>r<34>R<LYS> 16.921000 3.091000 47.631001
c<I>r<35>R<THR> 16.454000 -0.566000 48.646999
c<I>r<36>R<CYS> 18.118000 -1.889000 45.487999
c<I>r<37>R<LYS> 21.905001 -2.251000 45.389999
c<I>r<39>R<CYS> 20.077000 -1.036000 38.716999
c<I>r<40>R<GLY> 20.962000 -1.604000 35.137001
c<I>r<41>R<PRO> 19.791000 -2.851000 31.740000
c<I>r<45>R<ASP> 17.752001 -3.239000 25.864000
c<I>r<46>R<PRO> 20.013000 -0.541000 27.371000
c<I>r<47>R<SER> 16.868000 1.508000 28.017000
c<I>r<48>R<ARG> 15.014000 -1.203000 29.959999
c<I>r<49>R<ARG> 16.431999 -0.722000 33.424999
c<I>r<50>R<ILE> 15.695000 -3.012000 36.358002
c<I>r<51>R<CYS> 16.885000 -3.641000 39.874001
c<I>r<61>R<PRO> 3.357000 -8.845000 47.058998
c<I>r<62>R<ILE> 2.572000 -7.693000 43.533001
c<I>r<63>R<CYS> 2.460000 -3.944000 42.816002
c<I>r<64>R<ARG> -0.458000 -3.909000 40.347000
c<I>r<65>R<PRO> -4.183000 -3.732000 41.389999
c<I>r<66>R<TRP> -5.200000 -7.154000 39.966999
c<I>r<72>R<ALA> -7.496000 -5.443000 30.200001
c<I>r<73>R<ILE> -7.825000 -2.064000 28.475000
c<I>r<74>R<CYS> -4.439000 -0.429000 27.889999
c<I>r<75>R<THR> -2.884000 2.568000 26.143000
c<I>r<76>R<ARG> -0.170000 2.205000 23.488001
c<I>r<77>R<SER> 2.814000 3.194000 25.634001
c<I>r<78>R<ASN> 5.444000 0.743000 26.830999
c<I>r<79>R<PRO> 4.809000 0.254000 29.646999
c<I>r<80>R<PRO> 1.065000 0.990000 29.118999
c<I>r<81>R<THR> -1.502000 2.389000 31.480000
c<I>r<82>R<CYS> -4.124000 -0.317000 31.903000
c<I>r<83>R<ARG> -7.397000 -0.797000 33.665001
c<I>r<84>R<CYS> -9.237000 -4.044000 34.198002
c<I>r<92>R<ALA> -6.893000 -7.836000 45.127998
c<I>r<93>R<PRO> -5.777000 -6.070000 48.337002
c<I>r<94>R<THR> -3.676000 -3.853000 46.060001
c<I>r<95>R<CYS> -6.780000 -2.363000 44.412998
c<I>r<96>R<LYS> -7.587000 1.077000 45.853001
c<I>r<97>R<THR> -11.137000 1.556000 44.506001
c<I>r<111>R<ILE> -11.638000 0.770000 38.691002
c<I>r<112>R<ASP> -7.957000 1.672000 39.255001
c<I>r<113>R<SER> -5.750000 2.740000 36.362999
c<I>r<114>R<TYR> -2.220000 1.371000 36.587002
c<I>r<115>R<PHE> 0.990000 2.437000 34.838001
c<I>r<116>R<GLY> 3.098000 -0.673000 34.493999
