c<A>r<62>R<TRP> 5.939000 -15.232000 144.731995
c<A>r<63>R<ILE> 3.187000 -13.117000 146.237000
c<A>r<64>R<SER> 4.212000 -13.569000 149.862000
c<A>r<65>R<ASP> 6.753000 -15.495000 151.929993
c<A>r<66>R<HIS> 5.039000 -18.805000 151.251007
c<A>r<67>R<GLU> 3.053000 -18.608999 147.955994
c<A>r<68>R<TYR> 3.594000 -18.288000 144.207993
c<A>r<78>R<VAL> -1.612000 -20.306000 143.201996
c<A>r<80>R<ASN> 1.398000 -23.183001 148.889008
c<A>r<82>R<GLU> 5.380000 -25.577000 152.350006
c<A>r<108>R<SER> -1.531000 -6.805000 141.962997
c<A>r<109>R<PRO> -0.095000 -7.598000 145.414993
c<A>r<110>R<ASP> -3.403000 -7.498000 147.298004
c<A>r<111>R<GLY> -4.512000 -9.753000 144.436996
c<A>r<112>R<GLN> -7.603000 -7.507000 143.925003
c<A>r<138>R<ASN> -13.608000 -8.915000 143.447006
c<A>r<139>R<LYS> -16.356001 -7.156000 141.518997
c<A>r<158>R<SER> 3.148000 -0.459000 143.787994
c<A>r<159>R<PRO> 4.761000 -3.379000 145.649994
c<A>r<160>R<VAL> 1.907000 -3.322000 148.089996
c<A>r<161>R<GLY> -1.863000 -2.729000 147.888000
c<A>r<162>R<HIS> -2.961000 -1.561000 144.427994
c<A>r<163>R<LYS> -1.318000 1.735000 143.360992
c<A>r<174>R<VAL> 0.170000 7.789000 139.343994
c<A>r<175>R<LYS> -3.225000 6.268000 140.048004
c<A>r<176>R<ILE> -3.992000 5.659000 143.725998
c<A>r<177>R<GLU> -7.153000 3.700000 142.757004
c<A>r<178>R<PRO> -7.527000 1.799000 139.483002
c<A>r<180>R<LEU> -10.265000 7.013000 140.074005
c<A>r<183>R<TYR> -2.601000 12.267000 138.925003
c<A>r<216>R<TRP> 8.788000 2.137000 144.376999
c<A>r<217>R<SER> 9.248000 2.488000 148.128006
c<A>r<218>R<PRO> 8.780000 -0.965000 149.686996
c<A>r<219>R<ASN> 5.913000 0.792000 151.509995
c<A>r<220>R<GLY> 4.494000 2.038000 148.233994
c<A>r<221>R<THR> 4.720000 5.455000 149.888000
c<A>r<222>R<PHE> 7.441000 6.952000 147.662003
c<A>r<272>R<ASN> 5.391000 11.374000 148.067001
c<A>r<273>R<THR> 2.418000 9.384000 146.910004
c<A>r<274>R<ASP> 0.295000 9.211000 150.018005
c<A>r<275>R<SER> 0.267000 13.006000 149.733002
c<A>r<276>R<LEU> -0.944000 13.678000 146.169998
c<A>r<277>R<SER> -4.135000 15.690000 145.570007
c<A>r<278>R<SER> -6.197000 16.983000 142.623001
c<A>r<279>R<VAL> -6.388000 20.665001 143.630997
c<A>r<280>R<THR> -2.604000 21.228001 143.800003
c<A>r<307>R<THR> 13.982000 1.090000 153.578995
c<A>r<308>R<GLN> 10.607000 2.783000 153.873993
c<A>r<309>R<GLU> 12.637000 5.978000 154.320007
c<A>r<332>R<GLU> 9.902000 13.508000 158.300003
c<A>r<366>R<LEU> 16.148001 -5.091000 157.317993
c<A>r<367>R<ASP> 17.155001 -2.014000 159.425995
c<A>r<462>R<SER> 10.214000 -15.878000 148.348007
c<A>r<463>R<LYS> 9.650000 -12.741000 150.358994
c<A>r<464>R<GLU> 11.694000 -12.923000 153.546997
c<F>r<55>R<LEU> -16.993999 -9.817000 151.375000
c<F>r<56>R<PRO> -18.014000 -7.185000 148.796997
c<F>r<102>R<HIS> -6.617000 7.305000 156.703003
c<F>r<106>R<ASN> -9.760000 13.583000 152.893997
c<F>r<107>R<SER> -6.420000 15.403000 152.729004
c<F>r<108>R<LYS> -3.161000 13.634000 151.919006
c<F>r<109>R<VAL> -4.040000 9.942000 151.559998
c<F>r<110>R<GLU> -3.413000 9.351000 147.847000
c<F>r<111>R<PRO> -6.279000 6.890000 147.460999
c<F>r<112>R<ILE> -8.875000 9.334000 148.813004
c<F>r<113>R<PRO> -11.349000 7.002000 150.561996
c<F>r<115>R<ASN> -14.927000 8.711000 146.764008
c<F>r<117>R<ALA> -13.627000 15.189000 147.332993
c<F>r<118>R<GLU> -10.113000 16.355000 148.227005
c<F>r<119>R<GLY> -10.435000 18.113001 151.574997
c<F>r<122>R<THR> -5.076000 14.718000 157.087997
c<F>r<152>R<MET> -5.052000 -1.727000 155.882004
c<F>r<153>R<ARG> -4.009000 -4.935000 154.102997
c<F>r<154>R<HIS> -4.784000 -3.539000 150.634003
c<F>r<155>R<GLN> -2.877000 -0.302000 151.270996
c<F>r<156>R<PRO> 0.700000 -1.178000 152.393005
c<F>r<157>R<SER> 1.702000 2.319000 151.283005
c<F>r<158>R<TRP> -0.069000 3.809000 154.322998
c<F>r<159>R<SER> 1.580000 1.516000 156.891006
c<F>r<160>R<SER> 4.691000 3.598000 157.572006
c<F>r<161>R<GLU> 2.524000 6.625000 158.227997
c<F>r<164>R<GLU> 4.776000 7.035000 162.856003
c<F>r<182>R<ASP> -9.115000 -8.485000 153.518997
c<F>r<183>R<GLU> -7.116000 -11.432000 154.798996
c<F>r<184>R<THR> -7.799000 -13.552000 151.720001
c<F>r<185>R<ILE> -5.391000 -11.301000 149.817993
c<F>r<186>R<GLU> -2.526000 -13.637000 148.897003
c<F>r<187>R<GLY> 0.722000 -12.633000 150.580002
c<F>r<188>R<SER> -0.854000 -9.483000 152.029999
c<F>r<189>R<SER> 0.749000 -10.242000 155.406998
c<F>r<190>R<LEU> 4.079000 -10.406000 153.598999
c<F>r<191>R<PHE> 3.676000 -7.107000 151.753006
c<F>r<192>R<PRO> 6.922000 -5.147000 152.324997
c<F>r<193>R<GLY> 4.945000 -2.098000 153.438995
c<F>r<194>R<HIS> 3.255000 -4.015000 156.229004
c<F>r<195>R<VAL> 6.331000 -5.986000 157.283997
c<F>r<196>R<GLN> 8.465000 -2.849000 157.542007
c<F>r<197>R<ALA> 5.877000 -0.922000 159.541000
c<F>r<199>R<ALA> 9.583000 -4.067000 162.171005
c<F>r<200>R<GLU> 9.580000 -0.367000 163.033997
c<F>r<203>R<LYS> 12.112000 -0.950000 167.149002
c<F>r<219>R<ASN> -0.752000 -19.643000 157.496002
c<F>r<220>R<VAL> -1.728000 -15.976000 157.817993
c<F>r<223>R<GLU> 2.959000 -14.950000 159.175003
c<F>r<227>R<THR> 7.200000 -12.136000 160.447998
