c<A>r<63>R<ILE> 3.187000 -13.117000 146.237000
c<A>r<64>R<SER> 4.212000 -13.569000 149.862000
c<A>r<65>R<ASP> 6.753000 -15.495000 151.929993
c<A>r<66>R<HIS> 5.039000 -18.805000 151.251007
c<A>r<67>R<GLU> 3.053000 -18.608999 147.955994
c<A>r<108>R<SER> -1.531000 -6.805000 141.962997
c<A>r<109>R<PRO> -0.095000 -7.598000 145.414993
c<A>r<110>R<ASP> -3.403000 -7.498000 147.298004
c<A>r<111>R<GLY> -4.512000 -9.753000 144.436996
c<A>r<112>R<GLN> -7.603000 -7.507000 143.925003
c<A>r<158>R<SER> 3.148000 -0.459000 143.787994
c<A>r<159>R<PRO> 4.761000 -3.379000 145.649994
c<A>r<160>R<VAL> 1.907000 -3.322000 148.089996
c<A>r<161>R<GLY> -1.863000 -2.729000 147.888000
c<A>r<162>R<HIS> -2.961000 -1.561000 144.427994
c<A>r<163>R<LYS> -1.318000 1.735000 143.360992
c<A>r<175>R<LYS> -3.225000 6.268000 140.048004
c<A>r<176>R<ILE> -3.992000 5.659000 143.725998
c<A>r<177>R<GLU> -7.153000 3.700000 142.757004
c<A>r<216>R<TRP> 8.788000 2.137000 144.376999
c<A>r<217>R<SER> 9.248000 2.488000 148.128006
c<A>r<218>R<PRO> 8.780000 -0.965000 149.686996
c<A>r<219>R<ASN> 5.913000 0.792000 151.509995
c<A>r<220>R<GLY> 4.494000 2.038000 148.233994
c<A>r<221>R<THR> 4.720000 5.455000 149.888000
c<A>r<222>R<PHE> 7.441000 6.952000 147.662003
c<A>r<272>R<ASN> 5.391000 11.374000 148.067001
c<A>r<273>R<THR> 2.418000 9.384000 146.910004
c<A>r<274>R<ASP> 0.295000 9.211000 150.018005
c<A>r<275>R<SER> 0.267000 13.006000 149.733002
c<A>r<276>R<LEU> -0.944000 13.678000 146.169998
c<A>r<277>R<SER> -4.135000 15.690000 145.570007
c<A>r<278>R<SER> -6.197000 16.983000 142.623001
c<A>r<279>R<VAL> -6.388000 20.665001 143.630997
c<A>r<280>R<THR> -2.604000 21.228001 143.800003
c<A>r<307>R<THR> 13.982000 1.090000 153.578995
c<A>r<308>R<GLN> 10.607000 2.783000 153.873993
c<A>r<309>R<GLU> 12.637000 5.978000 154.320007
c<A>r<332>R<GLU> 9.902000 13.508000 158.300003
c<A>r<333>R<SER> 9.580000 17.146000 159.313004
c<A>r<366>R<LEU> 16.148001 -5.091000 157.317993
c<A>r<367>R<ASP> 17.155001 -2.014000 159.425995
c<A>r<368>R<GLY> 18.983999 -0.199000 156.645996
c<A>r<463>R<LYS> 9.650000 -12.741000 150.358994
c<A>r<464>R<GLU> 11.694000 -12.923000 153.546997
c<F>r<102>R<HIS> -4.597000 9.111000 158.093002
c<F>r<106>R<ASN> -7.317000 15.800000 154.677002
c<F>r<107>R<SER> -3.809000 17.159000 154.089996
c<F>r<108>R<LYS> -0.943000 14.981000 152.888000
c<F>r<109>R<VAL> -2.347000 11.444000 152.658005
c<F>r<110>R<GLU> -2.270000 10.821000 148.897995
c<F>r<111>R<PRO> -5.466000 8.769000 148.882996
c<F>r<112>R<ILE> -7.522000 11.521000 150.535995
c<F>r<117>R<ALA> -11.592000 17.978001 149.632996
c<F>r<118>R<GLU> -7.871000 18.652000 150.078003
c<F>r<119>R<GLY> -7.536000 20.396000 153.432999
c<F>r<122>R<THR> -2.040000 16.247000 158.251007
c<F>r<124>R<ASP> 0.849000 14.215000 162.244995
c<F>r<152>R<MET> -4.372000 -0.037000 157.123001
c<F>r<153>R<ARG> -3.997000 -3.334000 155.242004
c<F>r<154>R<HIS> -5.002000 -1.804000 151.889999
c<F>r<155>R<GLN> -2.614000 1.141000 152.270996
c<F>r<156>R<PRO> 0.925000 -0.219000 152.942993
c<F>r<157>R<SER> 2.241000 3.126000 151.703003
c<F>r<158>R<TRP> 1.076000 4.802000 154.932007
c<F>r<159>R<SER> 2.708000 2.277000 157.285004
c<F>r<160>R<SER> 6.130000 3.916000 157.565002
c<F>r<161>R<GLU> 4.487000 7.197000 158.472000
c<F>r<164>R<GLU> 7.329000 7.245000 162.781998
c<F>r<165>R<LEU> 4.312000 8.890000 164.425003
c<F>r<184>R<THR> -9.175000 -11.337000 153.386993
c<F>r<185>R<ILE> -6.741000 -9.405000 151.190002
c<F>r<186>R<GLU> -4.351000 -12.091000 149.929993
c<F>r<187>R<GLY> -0.815000 -11.551000 151.190994
c<F>r<188>R<SER> -1.763000 -8.237000 152.813004
c<F>r<189>R<SER> 0.130000 -9.245000 155.968002
c<F>r<190>R<LEU> 3.158000 -9.830000 153.761002
c<F>r<191>R<PHE> 2.976000 -6.485000 151.964005
c<F>r<192>R<PRO> 6.501000 -4.983000 152.119995
c<F>r<193>R<GLY> 5.104000 -1.712000 153.457001
c<F>r<194>R<HIS> 3.531000 -3.419000 156.444000
c<F>r<195>R<VAL> 6.422000 -5.797000 157.117004
c<F>r<196>R<GLN> 8.973000 -2.977000 157.093994
c<F>r<197>R<ALA> 6.934000 -0.746000 159.391006
c<F>r<199>R<ALA> 10.482000 -4.391000 161.552994
c<F>r<200>R<GLU> 11.082000 -0.734000 162.393997
c<F>r<202>R<VAL> 10.864000 -3.731000 166.787003
c<F>r<203>R<LYS> 14.003000 -1.701000 166.164001
c<F>r<223>R<GLU> 2.138000 -14.252000 159.451996
c<F>r<227>R<THR> 6.843000 -12.046000 160.175003
