c<A>r<40>R<ARG> 18.045000 -43.201000 113.789001
c<A>r<41>R<LYS> 16.941000 -39.558998 113.258003
c<A>r<44>R<THR> 17.301001 -31.344000 112.200996
c<A>r<46>R<THR> 14.169000 -27.233000 110.794998
c<A>r<47>R<ASP> 14.050000 -28.701000 114.325996
c<A>r<50>R<LYS> 10.538000 -24.639999 113.983002
c<A>r<51>R<ASN> 11.403000 -25.649000 117.574997
c<A>r<52>R<THR> 10.401000 -29.311001 117.570999
c<A>r<53>R<TYR> 12.070000 -29.872999 120.916000
c<A>r<54>R<ARG> 10.772000 -27.488001 123.560997
c<A>r<71>R<LYS> -0.014000 -21.216999 135.048996
c<A>r<72>R<GLN> -0.871000 -24.809999 134.309006
c<A>r<73>R<GLU> -2.147000 -25.011999 130.740997
c<A>r<74>R<ASN> -3.921000 -21.627001 130.565994
c<A>r<75>R<ASN> -5.271000 -21.104000 134.035004
c<A>r<76>R<ILE> -3.477000 -19.323999 136.839005
c<A>r<77>R<LEU> -2.979000 -21.549000 139.889008
c<A>r<86>R<SER> -2.758000 -25.431000 145.080994
c<A>r<87>R<SER> -5.995000 -23.895000 143.884003
c<A>r<88>R<VAL> -7.204000 -22.077999 140.770996
c<A>r<91>R<GLU> -9.531000 -19.764000 134.764999
c<A>r<92>R<ASN> -8.338000 -19.934000 131.154007
c<A>r<93>R<SER> -11.837000 -19.054001 130.037003
c<A>r<94>R<THR> -12.334000 -15.938000 132.091995
c<A>r<95>R<PHE> -11.479000 -13.601000 129.199997
c<A>r<96>R<ASP> -13.051000 -15.427000 126.261002
c<A>r<97>R<GLU> -15.076000 -12.299000 125.389000
c<A>r<98>R<PHE> -12.359000 -9.736000 126.178001
c<A>r<99>R<GLY> -12.151000 -8.843000 122.484001
c<A>r<100>R<HIS> -8.383000 -8.396000 122.285004
c<A>r<101>R<SER> -5.473000 -10.794000 122.031998
c<A>r<102>R<ILE> -3.960000 -10.999000 125.522003
c<A>r<103>R<ASN> -0.155000 -10.749000 125.540001
c<A>r<104>R<ASP> 0.790000 -10.634000 129.255005
c<A>r<118>R<TYR> -2.539000 -5.936000 124.456001
c<A>r<495>R<GLU> 9.413000 -29.565001 136.542007
c<A>r<496>R<ASP> 11.963000 -32.231998 135.354996
c<A>r<497>R<ASN> 11.464000 -32.080002 131.613998
c<A>r<498>R<SER> 10.576000 -35.782001 131.671005
c<A>r<499>R<ALA> 8.751000 -35.412998 128.362000
c<A>r<500>R<LEU> 11.517000 -33.594002 126.498001
c<A>r<502>R<LYS> 12.276000 -39.370998 126.148003
c<A>r<503>R<MET> 11.742000 -37.299000 122.990997
c<A>r<506>R<ASN> 15.075000 -40.900002 119.929001
c<F>r<6>R<LYS> -17.122000 -26.469999 134.013000
c<F>r<7>R<PRO> -13.778000 -26.813000 132.210999
c<F>r<81>R<TYR> -6.501000 -18.368000 115.829002
c<F>r<84>R<VAL> -9.000000 -21.301001 119.899002
c<F>r<85>R<GLU> -11.254000 -18.336000 120.718002
c<F>r<86>R<MET> -14.365000 -20.398001 119.924004
c<F>r<87>R<LYS> -13.204000 -23.159000 122.273003
c<F>r<88>R<ALA> -12.468000 -20.629000 125.022003
c<F>r<89>R<LYS> -16.093000 -19.469000 124.799004
c<F>r<90>R<ASP> -17.115999 -23.132999 125.141998
c<F>r<91>R<GLY> -15.273000 -23.430000 128.440994
c<F>r<92>R<VAL> -12.759000 -25.808001 126.914001
c<F>r<93>R<VAL> -9.364000 -25.951000 128.643005
c<F>r<94>R<TYR> -7.711000 -28.510000 126.346001
c<F>r<128>R<SER> 3.383000 -24.155001 110.115997
c<F>r<131>R<ASN> 0.749000 -24.032000 114.370003
c<F>r<136>R<GLU> -0.992000 -17.319000 119.384003
c<F>r<137>R<GLY> -4.531000 -18.353001 120.254997
c<F>r<138>R<GLU> -3.383000 -20.412001 123.217003
c<F>r<139>R<ARG> -1.523000 -17.356001 124.472000
c<F>r<140>R<ASP> -4.477000 -15.009000 123.986000
c<F>r<141>R<PHE> -7.443000 -17.121000 125.101997
c<F>r<142>R<GLY> -6.158000 -19.489000 127.781998
c<F>r<143>R<VAL> -6.844000 -22.829000 126.078003
c<F>r<144>R<LYS> -4.199000 -25.545000 125.794998
c<F>r<145>R<VAL> -4.206000 -26.569000 122.115997
c<F>r<167>R<LYS> 7.106000 -35.964001 112.938004
c<F>r<168>R<LYS> 8.453000 -32.636002 111.703003
c<F>r<169>R<TYR> 6.142000 -30.518000 113.837997
c<F>r<170>R<ARG> 5.852000 -32.826000 116.827003
c<F>r<171>R<GLU> 5.129000 -31.073000 120.126999
c<F>r<172>R<GLN> 4.685000 -27.834999 118.132004
c<F>r<173>R<THR> 1.005000 -28.598000 118.541000
c<F>r<174>R<VAL> 1.018000 -31.709999 116.315002
c<F>r<204>R<SER> 8.163000 -42.823002 115.192001
c<F>r<205>R<GLY> 6.035000 -42.497002 118.310997
c<F>r<332>R<LEU> -0.270000 -34.941002 125.443001
c<F>r<333>R<PRO> 3.152000 -35.820000 126.878998
c<F>r<334>R<GLU> 2.685000 -37.597000 130.242004
c<F>r<335>R<ASP> 4.078000 -34.543999 132.046005
c<F>r<336>R<GLU> 1.523000 -32.126999 130.597000
c<F>r<337>R<LYS> -1.233000 -34.728001 130.738998
c<F>r<339>R<GLU> -0.972000 -31.205000 134.800003
c<F>r<340>R<LEU> -4.173000 -31.164000 132.770996
c<F>r<342>R<ASP> -4.610000 -31.833000 138.171005
c<F>r<343>R<LEU> -6.495000 -28.863001 136.755005
c<F>r<346>R<LYS> -9.149000 -29.393000 141.317001
c<F>r<347>R<ALA> -11.907000 -27.954000 139.123993
