c<A>r<62>R<TRP> 5.939000 -15.232000 144.731995
c<A>r<63>R<ILE> 3.187000 -13.117000 146.237000
c<A>r<64>R<SER> 4.212000 -13.569000 149.862000
c<A>r<65>R<ASP> 6.753000 -15.495000 151.929993
c<A>r<66>R<HIS> 5.039000 -18.805000 151.251007
c<A>r<67>R<GLU> 3.053000 -18.608999 147.955994
c<A>r<68>R<TYR> 3.594000 -18.288000 144.207993
c<A>r<69>R<LEU> 1.686000 -18.152000 140.955002
c<A>r<77>R<LEU> -2.979000 -21.549000 139.889008
c<A>r<78>R<VAL> -1.612000 -20.306000 143.201996
c<A>r<79>R<PHE> 0.603000 -22.575001 145.248001
c<A>r<80>R<ASN> 1.398000 -23.183001 148.889008
c<A>r<81>R<ALA> 5.177000 -23.736000 149.009995
c<A>r<82>R<GLU> 5.380000 -25.577000 152.350006
c<A>r<83>R<TYR> 2.613000 -28.080000 151.358994
c<A>r<85>R<ASN> -1.335000 -27.781000 147.675995
c<A>r<86>R<SER> -2.758000 -25.431000 145.080994
c<A>r<87>R<SER> -5.995000 -23.895000 143.884003
c<A>r<88>R<VAL> -7.204000 -22.077999 140.770996
c<A>r<89>R<PHE> -6.934000 -18.323000 141.113998
c<A>r<90>R<LEU> -8.268000 -17.510000 137.591995
c<A>r<107>R<ILE> -1.870000 -9.307000 139.134003
c<A>r<108>R<SER> -1.531000 -6.805000 141.962997
c<A>r<109>R<PRO> -0.095000 -7.598000 145.414993
c<A>r<110>R<ASP> -3.403000 -7.498000 147.298004
c<A>r<111>R<GLY> -4.512000 -9.753000 144.436996
c<A>r<112>R<GLN> -7.603000 -7.507000 143.925003
c<A>r<113>R<PHE> -6.878000 -6.444000 140.304001
c<A>r<136>R<ASP> -11.608000 -6.126000 139.054001
c<A>r<137>R<LEU> -11.618000 -9.727000 140.354996
c<A>r<138>R<ASN> -13.608000 -8.915000 143.447006
c<A>r<139>R<LYS> -16.356001 -7.156000 141.518997
c<A>r<140>R<ARG> -16.249001 -9.465000 138.501999
c<A>r<159>R<PRO> 4.761000 -3.379000 145.649994
c<A>r<160>R<VAL> 1.907000 -3.322000 148.089996
c<A>r<161>R<GLY> -1.863000 -2.729000 147.888000
c<A>r<162>R<HIS> -2.961000 -1.561000 144.427994
c<A>r<163>R<LYS> -1.318000 1.735000 143.360992
c<A>r<176>R<ILE> -3.992000 5.659000 143.725998
c<A>r<177>R<GLU> -7.153000 3.700000 142.757004
c<A>r<178>R<PRO> -7.527000 1.799000 139.483002
c<A>r<179>R<ASN> -10.865000 3.442000 138.802994
c<A>r<180>R<LEU> -10.265000 7.013000 140.074005
c<A>r<218>R<PRO> 8.780000 -0.965000 149.686996
c<A>r<219>R<ASN> 5.913000 0.792000 151.509995
c<A>r<220>R<GLY> 4.494000 2.038000 148.233994
c<A>r<221>R<THR> 4.720000 5.455000 149.888000
c<A>r<273>R<THR> 2.418000 9.384000 146.910004
c<A>r<274>R<ASP> 0.295000 9.211000 150.018005
c<A>r<275>R<SER> 0.267000 13.006000 149.733002
c<A>r<276>R<LEU> -0.944000 13.678000 146.169998
c<A>r<307>R<THR> 13.982000 1.090000 153.578995
c<A>r<308>R<GLN> 10.607000 2.783000 153.873993
c<A>r<309>R<GLU> 12.637000 5.978000 154.320007
c<A>r<365>R<THR> 19.782000 -5.504000 156.199997
c<A>r<366>R<LEU> 16.148001 -5.091000 157.317993
c<A>r<367>R<ASP> 17.155001 -2.014000 159.425995
c<A>r<368>R<GLY> 18.983999 -0.199000 156.645996
c<A>r<410>R<LEU> 19.645000 -11.994000 152.987000
c<A>r<411>R<THR> 18.031000 -13.035000 156.304993
c<A>r<412>R<SER> 19.222000 -12.370000 159.843994
c<A>r<413>R<ASP> 21.365000 -15.521000 159.910995
c<A>r<462>R<SER> 10.214000 -15.878000 148.348007
c<A>r<463>R<LYS> 9.650000 -12.741000 150.358994
c<A>r<464>R<GLU> 11.694000 -12.923000 153.546997
c<A>r<465>R<ALA> 13.622000 -15.948000 152.104996
c<A>r<466>R<LYS> 11.423000 -18.621000 153.731995
c<A>r<485>R<SER> 15.343000 -22.448000 153.748001
c<A>r<486>R<VAL> 14.659000 -23.573000 157.337997
c<A>r<487>R<ASN> 16.955000 -26.662001 157.266006
c<F>r<33>R<ILE> -23.806999 -3.813000 146.554001
c<F>r<34>R<ALA> -22.927999 -6.792000 144.376999
c<F>r<35>R<LEU> -22.429001 -10.034000 146.294998
c<F>r<36>R<PRO> -21.365999 -13.387000 144.757004
c<F>r<51>R<LYS> -9.107000 -26.667000 152.369003
c<F>r<52>R<PRO> -5.842000 -24.649000 152.343994
c<F>r<53>R<LEU> -5.829000 -21.840000 149.772995
c<F>r<54>R<THR> -3.146000 -19.615999 148.276993
c<F>r<55>R<LEU> -2.760000 -16.281000 150.059998
c<F>r<56>R<PRO> -4.355000 -14.405000 147.136002
c<F>r<57>R<ASP> -7.364000 -16.747000 147.233002
c<F>r<58>R<PHE> -7.594000 -16.268999 150.992004
c<F>r<59>R<LEU> -7.434000 -12.475000 150.876007
c<F>r<60>R<ALA> -9.944000 -12.384000 148.009995
c<F>r<61>R<LYS> -12.557000 -13.850000 150.358994
c<F>r<62>R<PHE> -12.703000 -10.438000 152.009995
c<F>r<63>R<ASP> -13.133000 -8.624000 148.690002
c<F>r<64>R<TYR> -16.396000 -10.517000 148.356003
c<F>r<65>R<TYR> -18.162001 -9.103000 151.399002
c<F>r<67>R<PRO> -17.684999 -3.738000 150.403000
c<F>r<109>R<VAL> -7.439000 6.518000 154.132004
c<F>r<110>R<GLU> -5.405000 7.308000 151.005997
c<F>r<111>R<PRO> -5.537000 3.754000 149.675003
c<F>r<112>R<ILE> -9.346000 3.613000 149.748993
c<F>r<113>R<PRO> -10.006000 -0.073000 150.520996
c<F>r<114>R<TRP> -12.265000 -2.456000 148.623001
c<F>r<115>R<ASN> -12.283000 -0.231000 145.528000
c<F>r<116>R<GLN> -15.101000 1.693000 147.186005
c<F>r<117>R<ALA> -15.945000 5.261000 146.171005
c<F>r<118>R<GLU> -14.682000 8.153000 148.302994
c<F>r<153>R<ARG> 1.714000 -5.036000 157.371994
c<F>r<154>R<HIS> 1.403000 -3.721000 153.800003
c<F>r<155>R<GLN> 0.294000 -0.259000 154.938995
c<F>r<156>R<PRO> 2.893000 1.113000 157.427002
c<F>r<157>R<SER> 1.581000 4.584000 156.591995
c<F>r<182>R<ASP> 0.886000 -10.773000 155.042999
c<F>r<183>R<GLU> 3.771000 -11.971000 157.181000
c<F>r<184>R<THR> 5.749000 -13.285000 154.214005
c<F>r<185>R<ILE> 6.469000 -9.667000 153.279007
c<F>r<186>R<GLU> 10.243000 -9.372000 153.699997
c<F>r<187>R<GLY> 11.179000 -6.943000 156.459000
c<F>r<188>R<SER> 7.543000 -5.937000 156.981995
c<F>r<189>R<SER> 8.008000 -6.235000 160.757004
c<F>r<190>R<LEU> 10.928000 -3.840000 160.416000
c<F>r<191>R<PHE> 9.057000 -1.242000 158.363998
c<F>r<192>R<PRO> 9.715000 2.140000 160.048004
c<F>r<193>R<GLY> 5.991000 2.892000 160.108994
c<F>r<215>R<VAL> 3.345000 -18.702000 158.257996
c<F>r<216>R<GLY> 6.494000 -16.610001 158.639008
c<F>r<217>R<SER> 9.755000 -17.927999 160.104996
c<F>r<218>R<ALA> 10.878000 -17.785999 163.733002
c<F>r<219>R<ASN> 12.621000 -14.609000 162.647995
c<F>r<220>R<VAL> 9.409000 -12.588000 162.339996
c<F>r<241>R<GLU> 12.054000 -23.527000 164.828995
c<F>r<242>R<ASP> 14.387000 -21.374001 166.951996
c<F>r<266>R<THR> -5.013000 -22.157000 156.164993
c<F>r<267>R<GLY> -2.252000 -24.743999 156.016998
c<F>r<268>R<ALA> -0.186000 -22.801001 158.548004
c<F>r<269>R<TRP> 0.034000 -26.224001 160.171997
c<F>r<270>R<LYS> 0.895000 -29.426001 158.315002
c<F>r<271>R<PRO> -1.401000 -32.314999 159.434998
