c<A>r<4>R<VAL> -3.763000 -0.737000 0.412000
c<A>r<8>R<VAL> 2.567000 9.689000 3.365000
c<A>r<9>R<THR> 4.181000 12.993000 4.314000
c<A>r<10>R<ARG> 0.759000 13.726000 5.927000
c<A>r<11>R<ALA> -2.766000 12.295000 5.927000
c<A>r<12>R<SER> -6.095000 13.356000 7.504000
c<A>r<13>R<VAL> -9.793000 12.434000 7.763000
c<A>r<14>R<THR> -12.652000 14.935000 7.498000
c<A>r<15>R<VAL> -16.354000 14.181000 8.281000
c<A>r<30>R<LEU> -7.080000 1.403000 3.696000
c<A>r<32>R<GLY> -10.715000 -4.330000 3.607000
c<A>r<47>R<ARG> 2.615000 -7.815000 11.676000
c<A>r<48>R<LYS> 2.863000 -7.166000 7.884000
c<A>r<49>R<ILE> 1.866000 -3.449000 8.179000
c<A>r<50>R<LEU> 4.067000 -2.630000 11.212000
c<A>r<51>R<ASN> 7.190000 -4.257000 9.698000
c<A>r<52>R<LEU> 6.636000 -3.222000 6.016000
c<A>r<53>R<ARG> 9.906000 -1.582000 4.840000
c<A>r<54>R<VAL> 8.639000 1.469000 2.843000
c<A>r<62>R<HIS> 15.314000 2.752000 0.038000
c<A>r<63>R<TRP> 13.176000 -0.189000 1.322000
c<A>r<64>R<SER> 15.177000 -0.487000 4.588000
c<A>r<65>R<LYS> 12.984000 0.901000 7.440000
c<A>r<66>R<SER> 9.444000 0.182000 8.662000
c<A>r<77>R<VAL> -9.450000 3.711000 7.550000
c<A>r<78>R<SER> -12.001000 0.916000 7.026000
c<A>r<79>R<GLN> -12.366000 0.256000 3.263000
c<A>r<80>R<PHE> -14.872000 -2.551000 2.467000
c<A>r<81>R<THR> -14.581000 -1.684000 -1.287000
c<A>r<82>R<LEU> -11.208000 -3.547000 -1.386000
c<A>r<83>R<GLN> -13.353000 -6.755000 -1.047000
c<A>r<84>R<CYS> -14.902000 -5.925000 -4.460000
c<A>r<85>R<VAL> -15.673000 -8.520000 -7.148000
c<A>r<86>R<LEU> -16.590000 -7.012000 -10.541000
c<A>r<88>R<GLY> -18.808001 -6.795000 -15.578000
c<A>r<89>R<ASN> -18.084999 -3.179000 -14.473000
c<A>r<90>R<LYS> -20.357000 -3.037000 -11.366000
c<A>r<91>R<PRO> -18.764000 -3.541000 -7.906000
c<A>r<92>R<ASP> -20.191999 -6.419000 -5.834000
c<A>r<128>R<GLY> -19.504999 3.974000 8.897000
c<A>r<129>R<ALA> -19.101000 7.761000 8.263000
c<A>r<130>R<TYR> -18.915001 9.487000 4.871000
c<A>r<131>R<MET> -15.240000 10.536000 5.034000
c<A>r<132>R<GLN> -12.922000 12.704000 2.977000
c<A>r<133>R<VAL> -9.508000 11.001000 3.333000
c<A>r<134>R<HIS> -6.716000 13.440000 2.464000
c<A>r<135>R<ILE> -3.604000 11.462000 1.392000
c<A>r<136>R<GLN> -0.321000 13.171000 0.444000
c<A>r<137>R<ASN> 1.269000 10.054000 -1.107000
c<A>r<138>R<ASP> 5.069000 10.347000 -0.762000
c<A>r<139>R<GLY> 7.013000 9.103000 -3.858000
c<A>r<140>R<PRO> 4.274000 7.944000 -4.519000
c<A>r<141>R<VAL> 4.619000 4.543000 -2.728000
c<A>r<142>R<THR> 1.582000 2.207000 -2.715000
c<A>r<143>R<ILE> 1.683000 -1.473000 -1.606000
c<A>r<144>R<GLU> -1.137000 -4.033000 -1.809000
c<A>r<145>R<LEU> -1.133000 -6.459000 1.157000
c<B>r<4>R<VAL> -5.551000 1.135000 -7.508000
c<B>r<8>R<VAL> -11.824000 11.694000 -5.612000
c<B>r<9>R<THR> -13.370000 15.126000 -5.093000
c<B>r<10>R<ARG> -9.928000 16.384001 -6.268000
c<B>r<11>R<ALA> -6.422000 15.072000 -6.890000
c<B>r<12>R<SER> -3.094000 16.670000 -7.917000
c<B>r<13>R<VAL> 0.592000 15.921000 -8.581000
c<B>r<14>R<THR> 3.426000 18.087999 -7.248000
c<B>r<15>R<VAL> 7.073000 17.711000 -8.435000
c<B>r<30>R<LEU> -2.230000 4.437000 -9.530000
c<B>r<31>R<LEU> -1.008000 2.136000 -12.353000
c<B>r<32>R<GLY> 1.464000 -0.771000 -11.892000
c<B>r<47>R<ARG> -11.803000 -0.586000 -20.674999
c<B>r<48>R<LYS> -12.081000 -1.458000 -16.936001
c<B>r<49>R<ILE> -11.028000 2.022000 -15.652000
c<B>r<50>R<LEU> -13.334000 3.936000 -18.054001
c<B>r<51>R<ASN> -16.408001 1.737000 -17.340000
c<B>r<52>R<LEU> -15.850000 1.084000 -13.574000
c<B>r<53>R<ARG> -19.045000 2.120000 -11.724000
c<B>r<54>R<VAL> -17.857000 4.091000 -8.639000
c<B>r<62>R<HIS> -24.486000 4.199000 -5.666000
c<B>r<63>R<TRP> -22.320999 2.014000 -8.003000
c<B>r<64>R<SER> -24.398001 3.059000 -11.054000
c<B>r<65>R<LYS> -22.184999 5.451000 -13.082000
c<B>r<66>R<SER> -18.603001 5.388000 -14.404000
c<B>r<77>R<VAL> 0.074000 8.096000 -12.051000
c<B>r<78>R<SER> 2.696000 5.410000 -12.770000
c<B>r<79>R<GLN> 3.082000 3.239000 -9.613000
c<B>r<80>R<PHE> 5.650000 0.417000 -10.098000
c<B>r<81>R<THR> 5.361000 -0.426000 -6.342000
c<B>r<82>R<LEU> 1.982000 -2.133000 -7.048000
c<B>r<83>R<GLN> 4.096000 -4.908000 -8.719000
c<B>r<84>R<CYS> 5.624000 -5.606000 -5.261000
c<B>r<85>R<VAL> 6.510000 -9.108000 -4.023000
c<B>r<86>R<LEU> 7.448000 -9.259000 -0.313000
c<B>r<88>R<GLY> 9.929000 -11.190000 4.264000
c<B>r<89>R<ASN> 9.258000 -7.526000 5.228000
c<B>r<90>R<LYS> 11.214000 -6.014000 2.269000
c<B>r<91>R<PRO> 9.471000 -4.987000 -1.004000
c<B>r<92>R<ASP> 10.969000 -6.494000 -4.183000
c<B>r<128>R<GLY> 10.006000 8.406000 -13.111000
c<B>r<129>R<ALA> 9.847000 11.638000 -11.006000
c<B>r<130>R<TYR> 9.617000 11.808000 -7.210000
c<B>r<131>R<MET> 5.982000 12.961000 -6.947000
c<B>r<132>R<GLN> 3.706000 14.115000 -4.153000
c<B>r<133>R<VAL> 0.264000 12.775000 -5.137000
c<B>r<134>R<HIS> -2.460000 14.682000 -3.283000
c<B>r<135>R<ILE> -5.635000 12.539000 -3.107000
c<B>r<136>R<GLN> -8.917000 13.679000 -1.534000
c<B>r<137>R<ASN> -10.569000 10.238000 -1.433000
c<B>r<138>R<ASP> -14.358000 10.701000 -1.590000
c<B>r<139>R<GLY> -16.610001 8.657000 0.769000
c<B>r<140>R<PRO> -13.590000 6.744000 0.491000
c<B>r<141>R<VAL> -13.830000 4.366000 -2.482000
c<B>r<142>R<THR> -10.789000 2.311000 -3.441000
c<B>r<143>R<ILE> -10.959000 -0.528000 -6.010000
c<B>r<144>R<GLU> -8.068000 -2.851000 -6.899000
c<B>r<145>R<LEU> -8.040000 -3.869000 -10.594000
