c<A>r<12>R<PRO> 0.998000 2.881000 5.652000
c<A>r<13>R<ASN> -0.536000 3.167000 9.203000
c<A>r<14>R<VAL> 2.287000 1.557000 11.095000
c<A>r<15>R<GLY> 2.806000 4.705000 13.139000
c<A>r<18>R<THR> 3.640000 9.194000 15.106000
c<A>r<36>R<VAL> 5.394000 14.889000 -7.671000
c<A>r<37>R<THR> 2.512000 15.762000 -5.418000
c<A>r<38>R<VAL> 3.741000 13.511000 -2.546000
c<A>r<58>R<PRO> 5.731000 7.824000 1.946000
c<A>r<59>R<GLY> 4.105000 4.727000 3.393000
c<A>r<60>R<ILE> 4.802000 1.899000 0.964000
c<A>r<61>R<TYR> 4.113000 -1.877000 0.985000
c<A>r<65>R<ALA> 8.177000 1.280000 -9.297000
c<A>r<66>R<HIS> 4.532000 1.001000 -9.699000
c<A>r<67>R<SER> 3.743000 4.029000 -7.609000
c<A>r<68>R<ILE> 5.336000 7.364000 -7.287000
c<A>r<69>R<ASP> 5.451000 6.807000 -3.484000
c<A>r<70>R<GLU> 7.455000 3.617000 -4.009000
c<A>r<93>R<CYS> 0.848000 -7.328000 11.162000
c<A>r<96>R<ARG> 2.783000 -7.970000 5.635000
c<A>r<148>R<LYS> 1.690000 6.898000 21.186001
c<B>r<11>R<ASN> -4.760000 3.250000 -4.039000
c<B>r<12>R<PRO> -2.387000 5.372000 -2.184000
c<B>r<13>R<ASN> -0.778000 8.113000 -4.416000
c<B>r<14>R<VAL> -3.247000 8.025000 -7.242000
c<B>r<15>R<GLY> -4.206000 11.667000 -6.679000
c<B>r<17>R<THR> -5.906000 13.867000 -1.999000
c<B>r<18>R<THR> -5.385000 16.167999 -4.990000
c<B>r<37>R<THR> -5.634000 6.553000 14.443000
c<B>r<38>R<VAL> -6.516000 6.937000 10.674000
c<B>r<39>R<GLU> -7.102000 10.517000 9.559000
c<B>r<58>R<PRO> -7.720000 5.893000 3.357000
c<B>r<59>R<GLY> -5.724000 4.760000 0.341000
c<B>r<60>R<ILE> -6.200000 1.021000 -0.010000
c<B>r<61>R<TYR> -5.125000 -1.630000 -2.629000
c<B>r<66>R<HIS> -6.209000 -7.186000 6.954000
c<B>r<67>R<SER> -5.767000 -3.500000 7.592000
c<B>r<68>R<ILE> -7.686000 -0.900000 9.491000
c<B>r<69>R<ASP> -7.615000 1.347000 6.344000
c<B>r<90>R<ASP> -3.769000 5.988000 -11.665000
c<B>r<92>R<THR> -0.161000 4.710000 -15.496000
c<B>r<93>R<CYS> -0.772000 1.615000 -13.263000
c<B>r<94>R<LEU> -4.133000 0.220000 -14.294000
c<B>r<95>R<MET> -3.605000 -3.445000 -13.416000
c<B>r<96>R<ARG> -2.767000 -2.661000 -9.809000
c<B>r<143>R<ALA> -5.833000 16.415001 -10.746000
c<B>r<144>R<LYS> -2.667000 18.582001 -10.589000
