c<A>r<36>R<MET> -12.069000 -11.323000 9.194000
c<A>r<37>R<SER> -10.134000 -14.222000 7.118000
c<A>r<38>R<PRO> -7.561000 -13.243000 4.884000
c<A>r<39>R<ASP> -9.568000 -13.818000 1.640000
c<A>r<40>R<GLN> -12.604000 -12.300000 2.751000
c<A>r<41>R<CYS> -11.007000 -9.637000 4.656000
c<A>r<42>R<THR> -9.101000 -8.166000 1.598000
c<A>r<43>R<LYS> -12.165000 -7.702000 -0.677000
c<A>r<44>R<LEU> -14.247000 -6.417000 2.273000
c<A>r<45>R<ASP> -11.596000 -3.959000 3.292000
c<A>r<46>R<TYR> -11.237000 -2.799000 -0.345000
c<A>r<47>R<ASP> -14.993000 -2.279000 -0.738000
c<A>r<50>R<LYS> -14.140000 2.456000 -1.673000
c<A>r<59>R<PRO> 0.778000 3.545000 9.692000
c<A>r<62>R<PRO> 6.504000 -1.380000 13.401000
c<A>r<63>R<VAL> 5.039000 -1.131000 9.940000
c<A>r<64>R<SER> 1.575000 -2.638000 9.412000
c<A>r<65>R<PRO> 1.852000 -4.195000 5.901000
c<A>r<66>R<GLY> -1.984000 -4.305000 5.552000
c<A>r<67>R<THR> -2.410000 -0.716000 6.693000
c<A>r<68>R<HIS> 0.167000 0.481000 4.024000
c<A>r<69>R<ILE> -1.714000 -1.390000 1.240000
c<A>r<70>R<GLU> -4.961000 0.273000 2.521000
c<A>r<71>R<ILE> -3.245000 3.641000 2.468000
c<A>r<72>R<GLY> -2.352000 2.968000 -1.187000
c<A>r<73>R<TRP> -6.020000 2.059000 -1.949000
c<A>r<74>R<ALA> -7.426000 5.124000 -0.172000
c<A>r<75>R<SER> -4.917000 7.460000 -1.925000
c<A>r<76>R<ALA> -5.491000 5.944000 -5.414000
c<A>r<77>R<MET> -9.337000 6.099000 -4.961000
c<A>r<89>R<ALA> 8.281000 6.781000 6.520000
c<A>r<90>R<TYR> 9.564000 8.423000 3.255000
c<A>r<91>R<LEU> 6.588000 7.600000 0.958000
c<A>r<92>R<ILE> 4.023000 8.552000 3.582000
c<A>r<93>R<ARG> 5.471000 11.953000 3.754000
c<A>r<94>R<GLY> 4.770000 12.658000 0.119000
c<A>r<95>R<LEU> 1.359000 11.170000 -0.060000
c<A>r<96>R<HIS> -0.276000 14.640000 0.031000
c<A>r<97>R<THR> 1.097000 15.141000 -3.532000
c<A>r<98>R<VAL> -1.051000 12.327000 -4.984000
c<A>r<99>R<SER> -4.220000 12.586000 -2.818000
c<B>r<36>R<SER> 13.827000 12.013000 -2.998000
c<B>r<37>R<PRO> 10.948000 11.521000 -1.029000
c<B>r<38>R<ASP> 8.584000 14.241000 -2.247000
c<B>r<39>R<GLN> 9.403000 13.915000 -5.629000
c<B>r<40>R<CYS> 9.713000 10.489000 -5.516000
c<B>r<41>R<THR> 6.081000 9.739000 -4.335000
c<B>r<42>R<LYS> 4.309000 11.612000 -7.168000
c<B>r<43>R<LEU> 6.768000 10.202000 -9.743000
c<B>r<44>R<ASP> 6.249000 6.708000 -8.523000
c<B>r<45>R<TYR> 2.475000 7.205000 -8.547000
c<B>r<46>R<ASP> 2.505000 8.498000 -12.122000
c<B>r<49>R<LYS> -0.415000 4.766000 -13.389000
c<B>r<58>R<PRO> 6.687000 -7.304000 -0.896000
c<B>r<61>R<PRO> 11.068000 -7.327000 6.374000
c<B>r<62>R<VAL> 8.147000 -5.304000 5.078000
c<B>r<63>R<SER> 8.905000 -2.397000 2.684000
c<B>r<64>R<PRO> 6.332000 0.328000 3.665000
c<B>r<65>R<GLY> 6.782000 2.109000 0.256000
c<B>r<66>R<THR> 6.446000 -1.098000 -1.716000
c<B>r<67>R<HIS> 3.130000 -1.964000 0.147000
c<B>r<68>R<ILE> 1.698000 1.541000 -0.649000
c<B>r<69>R<GLU> 2.712000 0.989000 -4.322000
c<B>r<70>R<ILE> 1.023000 -2.414000 -4.285000
c<B>r<71>R<GLY> -2.147000 -0.643000 -3.063000
c<B>r<72>R<TRP> -1.828000 1.897000 -5.901000
c<B>r<73>R<ALA> -1.264000 -0.743000 -8.594000
c<B>r<74>R<SER> -4.239000 -2.866000 -7.331000
c<B>r<75>R<ALA> -6.627000 0.117000 -7.026000
c<B>r<76>R<MET> -5.638000 1.326000 -10.561000
c<B>r<90>R<TYR> 3.107000 -12.387000 4.224000
c<B>r<91>R<ALA> 0.272000 -9.984000 5.192000
c<B>r<92>R<TYR> -3.387000 -11.165000 4.619000
c<B>r<93>R<LEU> -3.863000 -8.378000 2.191000
c<B>r<94>R<ILE> -0.923000 -9.590000 0.078000
c<B>r<95>R<ARG> -2.225000 -13.126000 -0.029000
c<B>r<96>R<GLY> -5.814000 -12.007000 -0.872000
c<B>r<97>R<LEU> -4.880000 -9.280000 -3.273000
c<B>r<98>R<HIS> -6.051000 -11.420000 -6.298000
c<B>r<99>R<THR> -9.664000 -10.919000 -5.075000
c<B>r<100>R<VAL> -9.591000 -7.131000 -5.839000
c<B>r<101>R<SER> -7.229000 -6.942000 -8.857000
