c<A>r<3>R<ASP> -9.741000 9.255000 -0.459000
c<A>r<4>R<LEU> -8.200000 6.552000 1.720000
c<A>r<5>R<PHE> -4.843000 8.368000 1.992000
c<A>r<6>R<TYR> -6.614000 11.324000 3.457000
c<A>r<7>R<ILE> -8.479000 9.075000 5.911000
c<A>r<8>R<LEU> -5.339000 7.183000 6.952000
c<A>r<9>R<GLY> -3.253000 10.394000 7.140000
c<A>r<10>R<ASN> -4.473000 10.946000 10.680000
c<A>r<11>R<LYS> -3.104000 8.675000 13.454000
c<A>r<14>R<ARG> -5.953000 4.780000 11.973000
c<A>r<15>R<ASP> -6.326000 3.771000 15.618000
c<A>r<17>R<LEU> -10.239000 1.922000 12.210000
c<A>r<18>R<SER> -8.109000 -0.754000 13.917000
c<A>r<19>R<HIS> -10.583000 -0.918000 16.768999
c<A>r<20>R<LEU> -13.600000 -0.981000 14.478000
c<A>r<21>R<THR> -12.391000 -4.198000 12.831000
c<A>r<22>R<CYS> -14.006000 -6.279000 15.625000
c<A>r<51>R<VAL> -15.674000 4.501000 4.615000
c<A>r<52>R<LEU> -17.924999 3.914000 7.735000
c<A>r<65>R<LYS> -18.562000 -0.612000 10.902000
c<A>r<66>R<ILE> -16.153999 -0.270000 7.921000
c<A>r<67>R<SER> -18.226999 -0.262000 4.782000
c<A>r<68>R<ILE> -15.572000 -0.627000 2.018000
c<A>r<69>R<ALA> -13.353000 -3.467000 0.801000
c<A>r<70>R<LYS> -10.171000 -2.234000 -0.787000
c<A>r<71>R<SER> -6.458000 -2.909000 -0.797000
c<A>r<72>R<TYR> -3.746000 -0.339000 -1.667000
c<A>r<73>R<VAL> -0.062000 -0.504000 -2.617000
c<A>r<74>R<PHE> 2.323000 2.462000 -2.934000
c<A>r<75>R<THR> 6.075000 2.939000 -3.393000
c<A>r<76>R<LEU> 8.018000 6.014000 -2.482000
c<A>r<77>R<THR> 11.605000 6.027000 -3.956000
c<A>r<78>R<PRO> 13.121000 8.710000 -5.976000
c<A>r<79>R<GLU> 9.839000 7.494000 -7.679000
c<A>r<80>R<PHE> 6.262000 7.607000 -6.515000
c<A>r<81>R<TRP> 3.284000 5.607000 -7.553000
c<A>r<82>R<TYR> 0.158000 4.012000 -5.912000
c<A>r<83>R<LYS> -2.627000 1.628000 -6.895000
c<A>r<84>R<GLY> -5.992000 0.834000 -5.329000
c<A>r<85>R<LEU> -7.471000 -2.697000 -5.673000
c<A>r<86>R<ASP> -11.182000 -3.466000 -5.254000
c<A>r<87>R<LEU> -11.826000 -6.545000 -3.191000
c<A>r<90>R<ALA> -11.841000 -14.269000 -5.274000
c<A>r<91>R<GLU> -10.951000 -16.601999 -8.031000
c<A>r<92>R<LEU> -8.454000 -18.816000 -6.291000
c<A>r<93>R<ARG> -5.678000 -19.568001 -8.773000
c<A>r<94>R<ASP> -1.884000 -19.959000 -8.665000
c<A>r<95>R<PHE> 0.691000 -17.312000 -9.668000
c<A>r<96>R<GLU> 4.300000 -17.781000 -10.807000
c<A>r<97>R<ILE> 6.425000 -14.685000 -10.265000
c<A>r<98>R<SER> 9.610000 -14.882000 -12.230000
c<A>r<99>R<LEU> 12.256000 -12.369000 -11.164000
c<A>r<100>R<SER> 15.556000 -14.387000 -11.419000
c<A>r<101>R<GLY> 15.889000 -13.674000 -15.184000
c<A>r<102>R<LEU> 15.721000 -9.925000 -14.905000
c<A>r<103>R<ASP> 18.867001 -8.200000 -16.106001
c<A>r<104>R<THR> 20.743999 -6.458000 -13.269000
c<A>r<105>R<GLU> 22.868999 -4.364000 -15.619000
c<A>r<106>R<PRO> 20.879999 -3.636000 -18.719999
c<A>r<107>R<SER> 22.224001 -1.477000 -21.490999
c<A>r<108>R<THR> 20.607000 1.951000 -21.766001
c<A>r<109>R<LEU> 18.365999 0.877000 -24.635000
c<A>r<110>R<LYS> 17.353001 -2.345000 -23.035999
c<A>r<111>R<GLU> 16.289000 -0.685000 -19.728001
c<A>r<112>R<ILE> 12.754000 -0.081000 -21.038000
c<A>r<113>R<THR> 12.417000 -3.702000 -22.014000
c<A>r<114>R<ASP> 13.469000 -4.903000 -18.594000
c<A>r<115>R<PHE> 11.288000 -2.370000 -16.875999
c<A>r<116>R<ILE> 8.305000 -3.673000 -18.813000
c<A>r<117>R<LYS> 9.244000 -7.263000 -17.948999
c<A>r<118>R<ALA> 9.270000 -6.253000 -14.328000
c<A>r<119>R<ASN> 5.894000 -4.487000 -14.704000
c<A>r<120>R<LYS> 4.397000 -7.689000 -16.075001
c<A>r<121>R<GLU> 5.462000 -9.569000 -13.015000
c<A>r<122>R<LEU> 4.243000 -6.706000 -10.766000
c<A>r<123>R<GLU> 0.776000 -7.102000 -12.289000
c<A>r<124>R<LYS> 0.747000 -10.795000 -11.197000
c<A>r<125>R<VAL> 1.828000 -9.796000 -7.709000
c<A>r<126>R<LEU> -0.968000 -7.198000 -7.398000
c<A>r<127>R<GLU> -3.552000 -9.779000 -8.609000
c<A>r<128>R<ALA> -2.294000 -12.301000 -6.151000
c<A>r<129>R<PHE> -2.494000 -9.663000 -3.350000
c<A>r<130>R<LYS> -6.018000 -8.823000 -4.356000
c<A>r<131>R<THR> -7.055000 -12.521000 -4.402000
c<A>r<132>R<ILE> -5.611000 -13.330000 -0.998000
c<A>r<133>R<GLU> -7.107000 -10.272000 0.653000
c<A>r<134>R<SER> -10.489000 -11.077000 -0.834000
c<A>r<135>R<TYR> -10.172000 -14.591000 0.540000
c<A>r<136>R<ARG> -9.077000 -13.411000 4.009000
c<A>r<137>R<SER> -11.967000 -10.972000 4.121000
c<A>r<138>R<SER> -14.376000 -13.827000 3.342000
c<A>r<139>R<LEU> -13.237000 -15.832000 6.432000
c<A>r<140>R<ARG> -15.644000 -14.193000 8.905000
c<A>r<141>R<LYS> -16.670000 -17.174999 10.901000
c<A>r<142>R<ILE> -13.646000 -16.892000 13.182000
c<A>r<143>R<LYS> -15.013000 -13.915000 14.877000
c<A>r<144>R<GLU> -18.427999 -15.373000 15.429000
c<A>r<145>R<ALA> -17.231001 -18.705000 16.718000
c<A>r<146>R<TYR> -14.537000 -17.490000 19.115999
c<A>r<158>R<LEU> -5.953000 -13.554000 18.135000
c<A>r<159>R<HIS> -7.570000 -11.211000 15.634000
c<A>r<160>R<TYR> -4.588000 -8.857000 15.785000
c<A>r<162>R<LEU> -4.031000 -13.192000 12.385000
c<A>r<163>R<LEU> -3.978000 -9.870000 10.593000
c<A>r<164>R<ASN> -0.410000 -8.666000 11.431000
c<A>r<165>R<GLY> 1.436000 -12.036000 11.990000
c<A>r<193>R<VAL> -5.112000 -21.150999 20.152000
c<A>r<205>R<LEU> 0.947000 -17.789000 16.410999
c<A>r<206>R<ASP> 2.548000 -21.238001 16.403000
c<A>r<207>R<GLU> 2.061000 -21.819000 12.705000
c<A>r<209>R<GLN> 1.191000 -26.517000 15.382000
c<A>r<210>R<ILE> -1.803000 -24.872999 13.654000
c<A>r<211>R<LEU> -1.013000 -26.375999 10.340000
c<A>r<212>R<ARG> -0.335000 -30.021999 11.756000
c<B>r<3>R<ASP> 4.886000 8.814000 8.791000
c<B>r<4>R<LEU> 4.176000 8.213000 5.103000
c<B>r<5>R<PHE> 0.383000 8.060000 5.622000
c<B>r<6>R<TYR> 0.501000 11.509000 7.098000
c<B>r<7>R<ILE> 2.609000 12.767000 4.157000
c<B>r<8>R<LEU> 0.386000 11.157000 1.516000
c<B>r<9>R<GLY> -2.820000 12.235000 3.318000
c<B>r<10>R<ASN> -2.602000 15.592000 1.590000
c<B>r<11>R<LYS> -3.477000 15.727000 -2.165000
c<B>r<14>R<ARG> 0.914000 13.632000 -3.471000
c<B>r<15>R<ASP> 0.916000 15.825000 -6.570000
c<B>r<17>R<LEU> 5.831000 13.951000 -4.938000
c<B>r<18>R<SER> 4.634000 12.752000 -8.381000
c<B>r<19>R<HIS> 6.381000 15.700000 -9.993000
c<B>r<20>R<LEU> 9.549000 15.268000 -7.967000
c<B>r<21>R<THR> 10.054000 11.744000 -9.387000
c<B>r<22>R<CYS> 11.841000 13.204000 -12.435000
c<B>r<51>R<VAL> 11.165000 12.240000 2.947000
c<B>r<52>R<LEU> 12.775000 15.074000 0.819000
c<B>r<66>R<LYS> 14.489000 14.964000 -4.474000
c<B>r<67>R<ILE> 12.802000 12.049000 -2.638000
c<B>r<68>R<SER> 15.255000 10.705000 -0.136000
c<B>r<69>R<ILE> 13.541000 7.474000 1.027000
c<B>r<70>R<ALA> 12.975000 4.043000 -0.516000
c<B>r<71>R<LYS> 9.981000 2.289000 0.865000
c<B>r<72>R<SER> 6.946000 0.344000 -0.272000
c<B>r<73>R<TYR> 3.610000 0.064000 1.626000
c<B>r<74>R<VAL> 0.535000 -2.160000 1.457000
c<B>r<75>R<PHE> -2.748000 -1.693000 3.374000
c<B>r<76>R<THR> -6.217000 -3.287000 3.295000
c<B>r<77>R<LEU> -9.385000 -1.698000 4.496000
c<B>r<78>R<THR> -12.346000 -4.155000 4.838000
c<B>r<79>R<PRO> -14.436000 -4.637000 7.815000
c<B>r<80>R<GLU> -10.740000 -5.281000 8.703000
c<B>r<81>R<PHE> -7.737000 -2.985000 8.675000
c<B>r<82>R<TRP> -4.070000 -3.677000 8.486000
c<B>r<83>R<TYR> -0.930000 -2.090000 6.867000
c<B>r<84>R<LYS> 2.719000 -3.005000 6.352000
c<B>r<85>R<GLY> 5.782000 -0.979000 5.393000
c<B>r<86>R<LEU> 8.414000 -2.798000 3.278000
c<B>r<88>R<LEU> 13.293000 -2.386000 -0.544000
c<B>r<91>R<GLU> 17.820999 -10.318000 -4.179000
c<B>r<92>R<LEU> 16.162001 -11.380000 -7.498000
c<B>r<93>R<ARG> 14.434000 -14.792000 -7.051000
c<B>r<94>R<ASP> 11.262000 -16.563000 -8.190000
c<B>r<95>R<PHE> 8.033000 -16.952000 -6.154000
c<B>r<96>R<GLU> 5.248000 -19.521000 -6.417000
c<B>r<97>R<ILE> 1.979000 -18.270000 -4.950000
c<B>r<98>R<SER> -0.390000 -21.143999 -4.394000
c<B>r<99>R<LEU> -3.996000 -20.118000 -3.809000
c<B>r<100>R<SER> -5.977000 -22.875999 -5.698000
c<B>r<101>R<GLY> -5.827000 -25.219000 -2.645000
c<B>r<102>R<LEU> -7.401000 -22.802999 -0.229000
c<B>r<103>R<ASP> -10.756000 -23.929001 1.088000
c<B>r<104>R<THR> -13.634000 -21.754999 -0.087000
c<B>r<105>R<GLU> -15.986000 -22.951000 2.617000
c<B>r<106>R<PRO> -13.995000 -23.966000 5.649000
c<B>r<107>R<SER> -15.659000 -25.267000 8.738000
c<B>r<108>R<THR> -15.604000 -22.855000 11.667000
c<B>r<109>R<LEU> -12.721000 -24.674999 13.309000
c<B>r<110>R<LYS> -10.711000 -24.930000 10.196000
c<B>r<111>R<GLU> -10.988000 -21.197001 9.374000
c<B>r<112>R<ILE> -7.861000 -20.372999 11.402000
c<B>r<113>R<THR> -5.887000 -22.966999 9.545000
c<B>r<114>R<ASP> -6.908000 -21.617001 6.173000
c<B>r<115>R<PHE> -6.325000 -18.087999 7.280000
c<B>r<116>R<ILE> -2.776000 -18.997000 8.252000
c<B>r<117>R<LYS> -2.282000 -20.766001 4.907000
c<B>r<118>R<ALA> -3.372000 -17.611000 3.191000
c<B>r<119>R<ASN> -1.019000 -15.531000 5.398000
c<B>r<120>R<LYS> 1.889000 -17.702000 4.313000
c<B>r<121>R<GLU> 1.175000 -16.982000 0.703000
c<B>r<122>R<LEU> 0.668000 -13.270000 1.475000
c<B>r<123>R<GLU> 4.207000 -13.172000 2.873000
c<B>r<124>R<LYS> 5.532000 -14.439000 -0.503000
c<B>r<125>R<VAL> 3.510000 -11.819000 -2.329000
c<B>r<126>R<LEU> 4.903000 -9.000000 -0.133000
c<B>r<127>R<GLU> 8.484000 -10.291000 -0.712000
c<B>r<128>R<ALA> 7.921000 -10.413000 -4.395000
c<B>r<129>R<PHE> 6.472000 -6.847000 -4.333000
c<B>r<130>R<LYS> 9.467000 -5.490000 -2.449000
c<B>r<131>R<THR> 11.912000 -7.281000 -4.852000
c<B>r<132>R<ILE> 10.308000 -5.912000 -7.983000
c<B>r<133>R<GLU> 10.124000 -2.389000 -6.617000
c<B>r<134>R<SER> 13.757000 -2.549000 -5.678000
c<B>r<135>R<TYR> 14.562000 -3.665000 -9.196000
c<B>r<136>R<ARG> 12.417000 -0.921000 -10.810000
c<B>r<137>R<SER> 14.014000 1.701000 -8.586000
c<B>r<138>R<SER> 17.479000 0.549000 -9.746000
c<B>r<139>R<LEU> 16.670000 1.179000 -13.424000
c<B>r<140>R<ARG> 17.709999 4.859000 -13.485000
c<B>r<141>R<LYS> 19.468000 5.037000 -16.813000
c<B>r<142>R<ILE> 16.254000 5.639000 -18.709000
c<B>r<143>R<LYS> 15.975000 9.038000 -17.295000
c<B>r<144>R<GLU> 19.518000 9.999000 -18.107000
c<B>r<145>R<ALA> 19.544001 8.621000 -21.625999
c<B>r<146>R<TYR> 16.190001 9.995000 -22.805000
c<B>r<158>R<LEU> 7.043000 7.828000 -20.889000
c<B>r<159>R<HIS> 8.005000 7.993000 -17.218000
c<B>r<160>R<TYR> 4.349000 8.213000 -16.177000
c<B>r<162>R<LEU> 6.256000 3.094000 -17.139000
c<B>r<163>R<LEU> 5.203000 3.662000 -13.549000
c<B>r<164>R<ASN> 1.362000 3.469000 -13.911000
c<B>r<165>R<GLY> 0.961000 1.225000 -17.056000
c<B>r<193>R<VAL> 9.076000 4.513000 -27.844000
c<B>r<205>R<LEU> 2.936000 1.357000 -24.099001
c<B>r<206>R<ASP> 2.893000 -1.267000 -26.863001
c<B>r<207>R<GLU> 4.259000 -4.056000 -24.715000
c<B>r<209>R<GLN> 6.446000 -4.436000 -29.712000
c<B>r<210>R<ILE> 8.761000 -3.549000 -26.812000
c<B>r<211>R<LEU> 9.264000 -7.093000 -25.802999
c<B>r<212>R<ARG> 9.869000 -8.426000 -29.492001
