c<A>r<11>R<VAL> 0.439000 10.490000 1.789000
c<A>r<12>R<PHE> -0.930000 7.997000 -0.778000
c<A>r<13>R<GLN> -2.776000 10.534000 -3.035000
c<A>r<15>R<ALA> 2.650000 10.146000 -3.894000
c<A>r<16>R<ILE> 0.461000 9.203000 -6.932000
c<A>r<17>R<LEU> 0.433000 12.891000 -7.998000
c<A>r<18>R<PHE> 4.261000 12.970000 -7.578000
c<A>r<19>R<ALA> 4.678000 9.780000 -9.694000
c<A>r<20>R<TYR> 2.506000 11.489000 -12.395000
c<A>r<21>R<TYR> 4.661000 14.663000 -12.489000
c<A>r<22>R<GLN> 7.905000 12.615000 -12.622000
c<A>r<23>R<ALA> 6.612000 10.428000 -15.488000
c<A>r<24>R<GLN> 6.147000 13.853000 -17.205000
c<A>r<26>R<ASP> 11.374000 12.037000 -17.629000
c<A>r<27>R<LEU> 9.366000 12.619000 -20.864000
c<A>r<30>R<THR> 14.515000 13.863000 -24.153999
c<A>r<35>R<ASN> 17.455000 6.384000 -23.341000
c<A>r<36>R<SER> 17.965000 2.818000 -21.945000
c<A>r<38>R<LEU> 14.853000 6.049000 -18.782000
c<A>r<39>R<GLU> 13.024000 3.021000 -20.357000
c<A>r<41>R<GLN> 12.957000 3.456000 -14.874000
c<A>r<42>R<GLN> 9.563000 3.886000 -16.653999
c<A>r<43>R<SER> 9.125000 0.061000 -16.724001
c<A>r<44>R<ASN> 9.858000 -0.106000 -12.952000
c<A>r<45>R<THR> 7.367000 2.777000 -12.386000
c<A>r<46>R<LEU> 4.698000 0.901000 -14.373000
c<A>r<47>R<ASN> 5.329000 -2.358000 -12.419000
c<A>r<48>R<LEU> 5.177000 -0.630000 -8.985000
c<A>r<49>R<LEU> 1.977000 1.298000 -9.922000
c<A>r<50>R<THR> 0.302000 -1.851000 -11.382000
c<A>r<51>R<SER> 1.238000 -3.804000 -8.222000
c<A>r<52>R<ALA> 0.011000 -1.016000 -5.863000
c<A>r<53>R<ARG> -3.288000 -0.879000 -7.871000
c<A>r<54>R<SER> -3.680000 -4.673000 -7.460000
c<A>r<55>R<ASP> -3.344000 -4.471000 -3.644000
c<A>r<56>R<GLN> -5.717000 -1.454000 -3.446000
c<A>r<57>R<SER> -8.307000 -3.304000 -5.598000
c<A>r<58>R<LEU> -8.140000 -6.311000 -3.214000
c<A>r<59>R<GLN> -8.466000 -3.977000 -0.202000
c<A>r<60>R<TYR> -11.530000 -2.237000 -1.782000
c<A>r<61>R<ARG> -13.176000 -5.631000 -2.622000
c<A>r<62>R<THR> -12.830000 -6.792000 1.002000
c<A>r<63>R<ILE> -14.612000 -3.660000 2.338000
c<A>r<64>R<SER> -17.348000 -3.596000 -0.345000
c<A>r<66>R<ILE> -18.789000 -6.146000 4.273000
c<A>r<67>R<SER> -21.098000 -3.208000 3.340000
c<A>r<68>R<LEU> -24.790001 -4.041000 3.962000
c<B>r<2>R<ILE> 15.389000 5.709000 -33.094002
c<B>r<5>R<GLN> 12.596000 3.919000 -28.780001
c<B>r<6>R<THR> 10.436000 7.108000 -28.957001
c<B>r<8>R<ASN> 8.240000 2.696000 -26.586000
c<B>r<9>R<LYS> 8.690000 5.777000 -24.316999
c<B>r<10>R<GLU> 5.307000 7.268000 -25.377001
c<B>r<12>R<LEU> 5.167000 3.524000 -21.337999
c<B>r<13>R<ASP> 4.076000 7.097000 -20.393999
c<B>r<14>R<LYS> 0.483000 6.387000 -21.606001
c<B>r<15>R<LYS> 0.450000 3.168000 -19.496000
c<B>r<16>R<ILE> 1.864000 4.957000 -16.388000
c<B>r<17>R<ARG> -0.840000 7.688000 -16.738001
c<B>r<18>R<SER> -3.549000 5.022000 -17.188999
c<B>r<19>R<GLU> -2.338000 3.221000 -14.011000
c<B>r<20>R<ILE> -2.287000 6.549000 -12.065000
c<B>r<21>R<GLU> -5.886000 7.336000 -13.165000
c<B>r<22>R<ALA> -6.923000 3.762000 -12.219000
c<B>r<23>R<ILE> -5.394000 4.112000 -8.684000
c<B>r<24>R<LYS> -7.100000 7.575000 -8.326000
c<B>r<25>R<LYS> -10.442000 5.919000 -9.220000
c<B>r<26>R<ILE> -9.935000 3.210000 -6.526000
c<B>r<27>R<ILE> -9.097000 5.971000 -3.972000
c<B>r<29>R<GLU> -14.252000 4.583000 -4.407000
c<B>r<30>R<PHE> -12.668000 4.395000 -0.874000
c<B>r<32>R<VAL> -17.782000 5.970000 -0.568000
c<B>r<33>R<VAL> -16.572001 3.199000 1.784000
c<B>r<34>R<LYS> -15.798000 5.852000 4.475000
c<B>r<36>R<SER> -20.643999 3.333000 4.532000
c<B>r<37>R<VAL> -18.450001 2.805000 7.674000
c<B>r<39>R<GLU> -23.549999 4.530000 8.561000
c<B>r<40>R<LEU> -22.475000 1.122000 9.967000
c<B>r<50>R<ALA> -23.857000 -4.005000 12.829000
c<B>r<53>R<LYS> -19.459000 -6.121000 11.412000
c<B>r<54>R<LEU> -17.881001 -2.813000 12.514000
c<B>r<56>R<LYS> -14.425000 -7.043000 12.099000
c<B>r<57>R<LEU> -13.702000 -3.993000 9.871000
c<B>r<60>R<GLY> -9.073000 -5.952000 9.474000
c<B>r<61>R<TYR> -7.836000 -2.332000 9.128000
c<B>r<65>R<GLU> -5.228000 -8.549000 5.654000
c<B>r<66>R<GLU> -6.675000 -5.106000 4.717000
c<B>r<67>R<ARG> -3.869000 -3.483000 6.759000
c<B>r<68>R<LYS> -1.214000 -5.651000 4.996000
c<B>r<69>R<LEU> -2.638000 -4.681000 1.558000
c<B>r<70>R<TYR> -2.497000 -0.978000 2.565000
c<B>r<71>R<ASP> 1.107000 -1.213000 3.870000
c<B>r<72>R<SER> 2.137000 -3.209000 0.719000
c<B>r<73>R<ALA> 0.552000 -0.636000 -1.644000
c<B>r<74>R<LEU> 2.132000 2.235000 0.360000
c<B>r<75>R<SER> 5.614000 0.581000 0.394000
c<B>r<76>R<LYS> 5.472000 0.086000 -3.441000
c<B>r<77>R<ILE> 4.627000 3.787000 -3.848000
c<B>r<78>R<GLU> 7.401000 4.776000 -1.337000
c<B>r<79>R<LYS> 9.920000 2.636000 -3.318000
c<B>r<80>R<LEU> 8.801000 4.526000 -6.424000
c<B>r<81>R<ILE> 9.680000 7.826000 -4.631000
c<B>r<83>R<THR> 14.016000 5.409000 -7.109000
c<B>r<84>R<LEU> 13.526000 9.077000 -8.219000
