c<A>r<97>R<THR> -2.865000 10.805000 7.417000
c<A>r<98>R<PHE> -6.049000 10.674000 5.224000
c<A>r<99>R<LEU> -8.013000 12.899000 7.684000
c<A>r<100>R<ARG> -9.798000 15.682000 5.696000
c<A>r<102>R<GLU> -6.410000 21.684000 6.442000
c<A>r<105>R<ARG> -3.037000 18.641001 4.515000
c<A>r<106>R<LYS> -0.429000 21.433001 5.136000
c<A>r<108>R<GLY> 2.197000 17.143000 3.749000
c<A>r<109>R<ASP> 3.754000 20.191000 1.953000
c<A>r<112>R<VAL> 5.641000 17.287001 -1.771000
c<A>r<127>R<GLU> 3.428000 21.283001 -13.919000
c<A>r<128>R<ASN> 5.332000 18.191000 -15.245000
c<A>r<130>R<LEU> 3.842000 18.211000 -10.025000
c<A>r<131>R<HIS> 2.171000 15.561000 -12.280000
c<A>r<132>R<ALA> 5.222000 13.264000 -11.740000
c<A>r<133>R<THR> 4.959000 13.905000 -7.920000
c<A>r<134>R<ARG> 1.265000 12.804000 -8.010000
c<A>r<135>R<GLY> 2.345000 9.822000 -10.176000
c<A>r<136>R<PHE> 5.076000 8.697000 -7.734000
c<A>r<137>R<ARG> 2.612000 9.033000 -4.788000
c<A>r<138>R<SER> -0.008000 6.981000 -6.743000
c<A>r<139>R<ILE> 2.610000 4.221000 -7.349000
c<A>r<140>R<CYS> 3.733000 4.089000 -3.672000
c<A>r<141>R<HIS> 0.238000 4.386000 -2.098000
c<A>r<142>R<GLY> -1.406000 1.947000 -4.547000
c<A>r<143>R<PHE> 1.333000 -0.679000 -4.105000
c<A>r<144>R<ALA> 1.226000 -0.470000 -0.277000
c<A>r<145>R<SER> -2.635000 -0.438000 -0.006000
c<A>r<146>R<ILE> -3.017000 -3.501000 -2.326000
c<A>r<147>R<GLU> -0.272000 -5.215000 -0.241000
c<A>r<149>R<GLN> -5.293000 -5.856000 1.711000
c<A>r<150>R<GLY> -3.505000 -9.069000 0.485000
c<A>r<151>R<GLY> -4.850000 -8.017000 -2.934000
c<A>r<152>R<PHE> -1.927000 -8.870000 -5.311000
c<A>r<153>R<GLY> -2.913000 -12.621000 -5.586000
c<A>r<154>R<LEU> 0.131000 -13.616000 -7.778000
c<A>r<155>R<PRO> 2.883000 -15.951000 -6.313000
c<A>r<156>R<LEU> 5.849000 -13.509000 -6.800000
c<A>r<157>R<ASP> 8.049000 -11.548000 -4.365000
c<A>r<158>R<LEU> 6.605000 -8.088000 -3.524000
c<A>r<160>R<ILE> 11.100000 -7.418000 -6.479000
c<A>r<161>R<SER> 7.707000 -6.158000 -7.831000
c<A>r<162>R<LEU> 8.129000 -2.739000 -6.155000
c<A>r<163>R<HIS> 11.729000 -2.433000 -7.453000
c<A>r<164>R<VAL> 10.652000 -3.362000 -11.054000
c<A>r<165>R<LEU> 7.771000 -0.796000 -10.878000
c<A>r<166>R<LEU> 10.070000 1.998000 -9.557000
c<A>r<167>R<GLU> 12.721000 1.147000 -12.228000
c<A>r<168>R<THR> 10.000000 1.238000 -14.968000
c<A>r<169>R<PHE> 8.892000 4.659000 -13.593000
c<A>r<170>R<ILE> 12.551000 5.972000 -13.543000
c<A>r<171>R<LYS> 13.085000 4.787000 -17.187000
c<A>r<172>R<GLY> 9.781000 6.519000 -18.058001
c<A>r<173>R<LEU> 10.944000 9.870000 -16.573999
c<A>r<174>R<ARG> 14.357000 9.536000 -18.375000
c<B>r<97>R<THR> -14.022000 -5.772000 -4.313000
c<B>r<98>R<PHE> -11.506000 -5.708000 -1.378000
c<B>r<99>R<LEU> -13.440000 -8.415000 0.564000
c<B>r<100>R<ARG> -10.939000 -11.109000 1.728000
c<B>r<105>R<ARG> -10.290000 -13.178000 -5.417000
c<B>r<106>R<LYS> -10.858000 -15.716000 -8.289000
c<B>r<108>R<GLY> -10.307000 -11.067000 -10.561000
c<B>r<109>R<ASP> -8.363000 -13.715000 -12.600000
c<B>r<112>R<VAL> -5.193000 -10.162000 -14.452000
c<B>r<127>R<GLU> 7.744000 -12.957000 -14.141000
c<B>r<128>R<ASN> 8.426000 -9.546000 -15.829000
c<B>r<130>R<LEU> 3.457000 -10.412000 -13.862000
c<B>r<131>R<HIS> 5.542000 -7.662000 -12.121000
c<B>r<132>R<ALA> 4.379000 -5.133000 -14.786000
c<B>r<133>R<THR> 0.734000 -6.319000 -14.193000
c<B>r<134>R<ARG> 1.138000 -5.655000 -10.414000
c<B>r<135>R<GLY> 2.728000 -2.293000 -11.375000
c<B>r<136>R<PHE> -0.125000 -1.187000 -13.676000
c<B>r<137>R<ARG> -2.713000 -2.194000 -11.004000
c<B>r<138>R<SER> -0.762000 -0.224000 -8.320000
c<B>r<139>R<ILE> -0.796000 2.857000 -10.627000
c<B>r<140>R<CYS> -4.566000 2.623000 -11.367000
c<B>r<141>R<HIS> -5.700000 1.733000 -7.800000
c<B>r<142>R<GLY> -3.374000 4.239000 -6.086000
c<B>r<143>R<PHE> -4.373000 7.108000 -8.403000
c<B>r<144>R<ALA> -8.118000 6.433000 -7.996000
c<B>r<145>R<SER> -8.018000 5.878000 -4.164000
c<B>r<146>R<ILE> -6.049000 9.143000 -3.568000
c<B>r<147>R<GLU> -8.571000 10.898000 -5.885000
c<B>r<149>R<GLN> -10.132000 10.731000 -0.695000
c<B>r<150>R<GLY> -9.447000 14.250000 -2.164000
c<B>r<151>R<GLY> -5.814000 13.467000 -1.258000
c<B>r<152>R<PHE> -3.918000 15.001000 -4.252000
c<B>r<153>R<GLY> -4.084000 18.580000 -2.752000
c<B>r<154>R<LEU> -2.485000 20.309999 -5.843000
c<B>r<155>R<PRO> -4.588000 22.634001 -8.154000
c<B>r<156>R<LEU> -3.827000 20.726999 -11.430000
c<B>r<157>R<ASP> -6.181000 18.726999 -13.688000
c<B>r<158>R<LEU> -6.412000 15.028000 -12.628000
c<B>r<160>R<ILE> -3.816000 15.227000 -17.431000
c<B>r<161>R<SER> -2.101000 13.844000 -14.280000
c<B>r<162>R<LEU> -3.317000 10.271000 -15.010000
c<B>r<163>R<HIS> -2.322000 10.485000 -18.715000
c<B>r<164>R<VAL> 1.223000 11.767000 -17.832001
c<B>r<165>R<LEU> 1.589000 8.851000 -15.323000
c<B>r<166>R<LEU> 0.387000 6.215000 -17.868000
c<B>r<167>R<GLU> 2.649000 7.727000 -20.603001
c<B>r<168>R<THR> 5.571000 7.636000 -18.096001
c<B>r<169>R<PHE> 4.800000 3.943000 -17.370001
c<B>r<170>R<ILE> 4.519000 3.116000 -21.155001
c<B>r<171>R<LYS> 7.928000 4.828000 -21.799000
c<B>r<172>R<GLY> 9.378000 2.708000 -18.936001
c<B>r<173>R<LEU> 8.091000 -0.621000 -20.419001
c<B>r<174>R<ARG> 10.098000 0.136000 -23.649000
