c<A>r<4>R<LYS> 27.49 5.152 63.413
c<A>r<5>R<PRO> 24.402 4.052 65.463
c<A>r<7>R<TRP> 22.017 6.37 69.727
c<A>r<8>R<GLU> 25.628 7.421 69.442
c<A>r<33>R<TYR> 14.269 18.718 80.55
c<A>r<34>R<ILE> 10.559 17.979 81.128
c<A>r<35>R<ASP> 8.204 18.209 84.091
c<A>r<36>R<ALA> 8.858 14.573 84.858
c<A>r<37>R<SER> 12.65 14.928 84.957
c<A>r<38>R<CYS> 14.91 13.933 87.834
c<A>r<39>R<LEU> 18.347 15.354 88.703
c<A>r<40>R<THR> 20.777 14.038 91.269
c<A>r<41>R<TRP> 23.554 16.527 91.989
c<A>r<42>R<GLU> 26.253 15.561 94.411
c<A>r<43>R<GLY> 23.958 12.978 95.973
c<A>r<44>R<GLN> 20.966 15.294 96.313
c<A>r<45>R<GLN> 17.849 14.601 94.268
c<A>r<46>R<PHE> 15.597 17.187 92.612
c<A>r<47>R<GLN> 12.318 16.28 90.868
c<A>r<48>R<GLY> 10.636 18.26 88.13
c<A>r<49>R<LYS> 11.995 20.797 85.687
c<A>r<51>R<ALA> 13.332 22.449 90.87
c<A>r<52>R<ILE> 16.103 21.255 88.549
c<A>r<54>R<GLU> 16.418 26.368 90.144
c<A>r<55>R<LYS> 19.185 24.146 91.547
c<A>r<56>R<LEU> 21.488 24.39 88.54
c<A>r<57>R<SER> 21.071 28.147 88.253
c<A>r<58>R<SER> 21.833 28.475 91.961
c<A>r<59>R<LEU> 25.354 26.987 91.826
c<A>r<60>R<PRO> 27.895 29.49 93.269
c<A>r<61>R<PHE> 30.201 29.506 90.249
c<A>r<62>R<GLN> 30.815 32.477 87.965
c<A>r<63>R<LYS> 32.537 30.592 85.149
c<A>r<64>R<ILE> 32.444 26.852 84.368
c<A>r<65>R<GLN> 34.089 24.729 81.663
c<A>r<66>R<HIS> 33.571 20.992 81.104
c<A>r<67>R<SER> 35.908 18.771 79.108
c<A>r<68>R<ILE> 34.885 15.242 78.107
c<A>r<69>R<THR> 37.377 12.425 78.558
c<A>r<70>R<ALA> 35.095 9.654 77.383
c<A>r<71>R<GLN> 31.442 9.172 76.529
c<A>r<72>R<ASP> 29.538 5.915 75.958
c<A>r<73>R<HIS> 25.987 5.526 74.624
c<A>r<74>R<GLN> 23.585 2.582 74.375
c<A>r<75>R<PRO> 19.929 2.029 73.392
c<A>r<76>R<THR> 17.643 0.781 76.207
c<A>r<77>R<PRO> 14.678 -1.661 76.081
c<A>r<78>R<ASP> 12.083 1.158 76.205
c<A>r<79>R<SER> 13.463 3.026 73.158
c<A>r<80>R<CYS> 15.525 5.409 75.259
c<A>r<81>R<ILE> 19.239 6.336 75.011
c<A>r<82>R<ILE> 21.478 6.069 78.066
c<A>r<83>R<SER> 24.8 7.855 78.204
c<A>r<84>R<MET> 27.751 7.855 80.566
c<A>r<85>R<VAL> 30.263 10.715 80.618
c<A>r<86>R<VAL> 33.618 10.87 82.433
c<A>r<87>R<GLY> 35.489 14.164 82.231
c<A>r<88>R<GLN> 37.032 17.124 84.007
c<A>r<89>R<LEU> 35.691 20.411 85.07
c<A>r<90>R<LYS> 37.177 23.769 85.885
c<A>r<91>R<ALA> 35.102 26.409 87.699
c<A>r<92>R<ASP> 36.479 29.868 88.573
c<A>r<93>R<GLU> 39.815 29.297 90.276
c<A>r<94>R<ASP> 38.835 26.041 91.94
c<A>r<95>R<PRO> 41.112 23.059 91.301
c<A>r<96>R<ILE> 40.321 21.091 88.125
c<A>r<97>R<MET> 38.466 17.938 89.147
c<A>r<98>R<GLY> 37.103 14.851 87.51
c<A>r<99>R<PHE> 33.399 14.23 87.214
c<A>r<100>R<HIS> 31.038 11.482 86.155
c<A>r<101>R<GLN> 27.577 12.137 84.703
c<A>r<102>R<MET> 24.766 9.981 83.353
c<A>r<103>R<PHE> 21.894 11.018 81.043
c<A>r<104>R<LEU> 18.751 9.105 80.022
c<A>r<105>R<LEU> 17.115 10.528 76.89
c<A>r<106>R<LYS> 13.626 9.848 75.551
c<A>r<107>R<ASN> 12.088 11.033 72.306
c<A>r<108>R<ILE> 8.975 13.08 73.021
c<A>r<113>R<VAL> 14.902 15.33 75.971
c<A>r<114>R<CYS> 16.45 14.311 79.267
c<A>r<115>R<THR> 14.389 12.429 81.829
c<A>r<116>R<ASN> 17.218 11.542 84.24
c<A>r<117>R<ASP> 20.5 13.382 84.905
c<A>r<118>R<MET> 22.972 12.239 87.626
c<A>r<119>R<PHE> 26.152 14.182 88.368
c<A>r<120>R<ARG> 28.956 13.649 90.859
c<A>r<121>R<LEU> 32.233 15.521 91.173
c<A>r<122>R<ALA> 35.307 13.649 92.364
c<A>r<123>R<LEU> 36.788 14.631 95.708
c<A>r<124>R<HIS> 40.536 14.3 96.263
c<A>r<125>R<ASN> 41.442 11.65 98.843
c<A>r<126>R<PHE> 43.726 13.34 101.342
c<A>r<127>R<GLY> 45.796 11.804 104.079
c<B>r<3>R<ASP> 14.23 4.619 105.485
c<B>r<4>R<LYS> 15.79 4.962 102.054
c<B>r<5>R<PRO> 13.604 5.454 98.971
c<B>r<6>R<ILE> 12.527 2.255 97.231
c<B>r<7>R<TRP> 14.785 2.845 94.218
c<B>r<8>R<GLU> 17.844 3.238 96.482
c<B>r<9>R<GLN> 16.891 0.016 98.309
c<B>r<10>R<ILE> 16.676 -1.924 95.014
c<B>r<11>R<GLY> 19.674 -0.213 93.465
c<B>r<12>R<SER> 21.961 -0.652 96.452
c<B>r<13>R<SER> 20.943 -4.308 96.736
c<B>r<14>R<PHE> 21.661 -4.863 93.045
c<B>r<15>R<ILE> 25.135 -3.23 93.364
c<B>r<16>R<GLN> 25.927 -5.46 96.317
c<B>r<17>R<HIS> 24.89 -8.563 94.366
c<B>r<18>R<TYR> 26.886 -7.532 91.256
c<B>r<19>R<TYR> 30.139 -6.82 93.117
c<B>r<20>R<GLN> 29.753 -9.852 95.383
c<B>r<21>R<LEU> 29.537 -12.028 92.263
c<B>r<22>R<PHE> 32.363 -10.16 90.537
c<B>r<23>R<ASP> 34.666 -10.531 93.537
c<B>r<24>R<ASN> 33.758 -14.096 94.49
c<B>r<33>R<TYR> 21.763 -9.989 83.251
c<B>r<34>R<ILE> 19.212 -11.011 80.608
c<B>r<35>R<ASP> 19.962 -12.435 77.181
c<B>r<36>R<ALA> 19.601 -9.013 75.54
c<B>r<37>R<SER> 21.81 -7.082 78.011
c<B>r<38>R<CYS> 24.49 -4.753 76.636
c<B>r<39>R<LEU> 27.835 -3.902 78.177
c<B>r<40>R<THR> 30.371 -1.239 77.163
c<B>r<41>R<TRP> 33.659 -2.074 78.886
c<B>r<42>R<GLU> 36.567 0.38 78.471
c<B>r<43>R<GLY> 34.863 1.579 75.293
c<B>r<44>R<GLN> 34.41 -1.911 73.778
c<B>r<45>R<GLN> 30.877 -3.204 73.423
c<B>r<46>R<PHE> 29.786 -6.741 74.266
c<B>r<47>R<GLN> 26.232 -7.571 73.25
c<B>r<48>R<GLY> 24.153 -10.344 74.777
c<B>r<63>R<LYS> 41.362 -12.289 92.313
c<B>r<64>R<ILE> 39.783 -8.869 92.492
c<B>r<65>R<GLN> 38.114 -6.793 95.225
c<B>r<66>R<HIS> 35.999 -3.678 94.67
c<B>r<67>R<SER> 35.052 -0.919 97.124
c<B>r<68>R<ILE> 32.258 1.555 96.328
c<B>r<69>R<THR> 33.169 5.11 97.327
c<B>r<70>R<ALA> 29.852 6.627 96.18
c<B>r<71>R<GLN> 26.626 5.227 94.794
c<B>r<72>R<ASP> 23.669 7.23 93.478
c<B>r<73>R<HIS> 20.307 5.802 92.352
c<B>r<74>R<GLN> 17.286 7.203 90.482
c<B>r<75>R<PRO> 13.923 5.847 89.334
c<B>r<76>R<THR> 12.842 6.495 85.683
c<B>r<77>R<PRO> 9.384 7.269 84.279
c<B>r<78>R<ASP> 9.274 3.823 82.603
c<B>r<79>R<SER> 9.744 1.839 85.806
c<B>r<80>R<CYS> 13.493 1.368 85.596
c<B>r<81>R<ILE> 16.312 2.321 87.956
c<B>r<82>R<ILE> 19.67 3.9 87.106
c<B>r<83>R<SER> 22.63 3.259 89.458
c<B>r<84>R<MET> 25.842 5.299 89.149
c<B>r<85>R<VAL> 28.928 4.085 90.997
c<B>r<86>R<VAL> 32.435 5.384 91.635
c<B>r<87>R<GLY> 34.956 3.243 93.494
c<B>r<88>R<GLN> 38.356 1.573 93.705
c<B>r<89>R<LEU> 39.488 -1.937 92.88
c<B>r<90>R<LYS> 42.511 -4.14 93.393
c<B>r<91>R<ALA> 43.289 -7.086 91.123
c<B>r<92>R<ASP> 45.809 -9.581 92.488
c<B>r<93>R<GLU> 48.974 -7.674 93.432
c<B>r<94>R<ASP> 48.406 -4.745 91.101
c<B>r<95>R<PRO> 48.161 -1.101 92.251
c<B>r<96>R<ILE> 44.703 0.067 93.358
c<B>r<97>R<MET> 42.795 1.671 90.488
c<B>r<98>R<GLY> 39.736 3.905 90.454
c<B>r<99>R<PHE> 36.639 3.106 88.35
c<B>r<100>R<HIS> 33.262 4.426 87.249
c<B>r<101>R<GLN> 30.296 2.214 86.43
c<B>r<102>R<MET> 26.629 2.76 85.55
c<B>r<103>R<PHE> 23.77 0.255 85.451
c<B>r<104>R<LEU> 20.228 0.448 84.119
c<B>r<105>R<LEU> 17.883 -2.01 85.892
c<B>r<106>R<LYS> 14.42 -3.249 84.933
c<B>r<107>R<ASN> 12.052 -5.674 86.572
c<B>r<108>R<ILE> 11.556 -8.549 84.122
c<B>r<112>R<TRP> 15.272 -6.732 88.97
c<B>r<113>R<VAL> 17.988 -7.34 86.362
c<B>r<114>R<CYS> 20.557 -5.249 84.496
c<B>r<115>R<THR> 19.785 -4.388 80.86
c<B>r<116>R<ASN> 22.621 -1.898 80.295
c<B>r<117>R<ASP> 26.066 -1.661 81.921
c<B>r<118>R<MET> 28.937 0.782 81.22
c<B>r<119>R<PHE> 32.351 0.523 82.89
c<B>r<120>R<ARG> 35.493 2.711 82.71
c<B>r<121>R<LEU> 38.753 2.462 84.648
c<B>r<122>R<ALA> 39.998 5.719 86.155
c<B>r<123>R<LEU> 42.522 7.408 83.872
c<B>r<124>R<HIS> 45.206 9.2 85.911
c<B>r<125>R<ASN> 47.53 10.556 83.199
c<C>r<24>R<THR> 24.225 8.04 114.157
c<C>r<25>R<THR> 23.889 9.249 110.513
c<C>r<28>R<LYS> 25.074 4.143 109.439
c<C>r<29>R<ARG> 26.67 4.826 106.015
c<C>r<30>R<HIS> 28.436 1.375 106.282
c<C>r<31>R<LEU> 25.497 -0.913 105.461
c<C>r<32>R<THR> 26.775 -4.319 106.739
c<C>r<34>R<GLU> 24.172 -1.381 110.482
c<C>r<35>R<PHE> 22.55 -4.767 109.593
c<C>r<50>R<LEU> 32.832 -1.857 110.507
c<C>r<51>R<VAL> 35.215 -4.071 108.453
c<C>r<52>R<PHE> 37.798 -2.292 106.233
c<C>r<53>R<HIS> 40.099 -4.059 103.703
c<C>r<54>R<THR> 43.722 -2.935 103.552
c<C>r<55>R<ASN> 46.825 -3.947 101.574
c<C>r<56>R<ARG> 48.083 -5.844 104.686
c<C>r<57>R<GLY> 44.753 -7.69 105.345
c<C>r<58>R<PRO> 41.345 -7.074 106.974
c<C>r<118>R<VAL> 40.37 12.34 114.953
c<C>r<119>R<LEU> 38.293 15.597 115.005
c<C>r<123>R<LYS> 27.284 18.98 107.506
c<C>r<124>R<VAL> 29.504 20.877 104.997
c<C>r<125>R<ASP> 26.86 20.401 102.19
c<C>r<126>R<ILE> 24.952 23.354 103.749
c<C>r<127>R<LYS> 25.714 26.714 102.124
c<C>r<128>R<ASP> 25.24 28.909 105.293
c<C>r<144>R<LEU> 44.644 15.593 116.784
c<C>r<145>R<GLN> 43.922 15.305 113.042
c<C>r<146>R<TYR> 41.035 17.361 111.499
c<C>r<147>R<TYR> 38.725 16.425 108.54
c<C>r<148>R<ASP> 35.729 18.308 106.964
c<C>r<149>R<ILE> 32.863 15.698 106.48
c<C>r<150>R<SER> 29.332 15.37 104.997
c<C>r<151>R<ALA> 27.618 12.196 106.353
c<C>r<152>R<LYS> 24.571 12.344 104.024
c<C>r<153>R<SER> 26.595 12.476 100.718
c<C>r<154>R<ASN> 29.49 10.203 101.906
c<C>r<155>R<TYR> 32.051 13.123 101.477
c<C>r<156>R<ASN> 35.439 12.147 102.98
c<C>r<157>R<PHE> 33.87 9.049 104.729
c<C>r<158>R<GLU> 37.044 6.903 104.606
c<C>r<159>R<LYS> 39.582 9.566 105.758
c<C>r<160>R<PRO> 39.116 9.315 109.555
c<C>r<161>R<PHE> 39.282 5.474 109.355
c<C>r<162>R<LEU> 42.399 5.508 107.08
c<C>r<163>R<TRP> 44.295 7.883 109.43
c<C>r<164>R<LEU> 43.448 5.766 112.557
c<C>r<165>R<ALA> 44.494 2.456 110.823
c<C>r<166>R<ARG> 47.946 3.929 109.869
c<C>r<167>R<LYS> 48.643 4.906 113.541
c<C>r<171>R<ASP> 52.549 1.837 108.682
c<C>r<172>R<PRO> 52.306 5.217 106.951
c<C>r<173>R<ASN> 51.967 3.731 103.446
c<C>r<174>R<LEU> 48.969 1.456 104.433
c<C>r<175>R<GLU> 46.096 1.786 101.893
c<C>r<176>R<PHE> 42.518 0.45 101.498
c<C>r<177>R<VAL> 42.279 -1.951 98.494
c<C>r<178>R<ALA> 38.457 -1.744 98.015
c<C>r<179>R<MET> 35.655 0.384 99.607
c<C>r<180>R<PRO> 32.839 -1.01 101.778
c<C>r<181>R<ALA> 29.278 -0.975 100.409
c<C>r<182>R<LEU> 27.836 2.457 101.373
c<C>r<183>R<ALA> 24.374 4.021 101.491
c<C>r<184>R<PRO> 23.646 6.04 98.349
c<C>r<185>R<PRO> 24.074 9.819 98.708
c<C>r<186>R<GLU> 20.894 11.511 99.959
c<C>r<187>R<VAL> 22.041 15.174 99.594
c<C>r<188>R<VAL> 24.199 16.995 97.015
c<C>r<189>R<MET> 27.825 17.921 97.908
c<C>r<190>R<ASP> 28.546 20.607 95.31
c<C>r<191>R<PRO> 31.891 19.819 93.628
c<C>r<192>R<ALA> 33.157 23.434 93.417
c<C>r<193>R<LEU> 32.23 24.099 97.096
c<C>r<194>R<ALA> 34.309 21.035 98.208
c<C>r<195>R<ALA> 37.322 22.289 96.227
c<C>r<196>R<GLN> 36.969 25.849 97.8
c<C>r<197>R<TYR> 36.999 24.331 101.36
c<C>r<198>R<GLU> 40.113 22.148 100.704
c<C>r<199>R<HIS> 42.026 25.198 99.409
c<C>r<200>R<ASP> 40.967 27.079 102.591
c<C>r<201>R<LEU> 42.489 24.4 104.918
c<C>r<202>R<GLU> 45.866 24.541 103.058
c<C>r<203>R<VAL> 45.785 28.372 103.275
