c<A>r<3>R<ASP> 27.356 3.547 59.966
c<A>r<4>R<LYS> 27.49 5.152 63.413
c<A>r<5>R<PRO> 24.402 4.052 65.463
c<A>r<6>R<ILE> 21.533 6.483 65.975
c<A>r<7>R<TRP> 22.017 6.37 69.727
c<A>r<8>R<GLU> 25.628 7.421 69.442
c<A>r<9>R<GLN> 24.773 10.199 67.022
c<A>r<10>R<ILE> 21.932 11.504 69.192
c<A>r<11>R<GLY> 23.72 10.92 72.472
c<A>r<30>R<GLY> 15.175 23.828 81.101
c<A>r<31>R<ALA> 14.708 23.362 77.383
c<A>r<32>R<ILE> 16.375 19.979 77.603
c<A>r<33>R<TYR> 14.269 18.718 80.55
c<A>r<34>R<ILE> 10.559 17.979 81.128
c<A>r<35>R<ASP> 8.204 18.209 84.091
c<A>r<36>R<ALA> 8.858 14.573 84.858
c<A>r<37>R<SER> 12.65 14.928 84.957
c<A>r<38>R<CYS> 14.91 13.933 87.834
c<A>r<39>R<LEU> 18.347 15.354 88.703
c<A>r<40>R<THR> 20.777 14.038 91.269
c<A>r<41>R<TRP> 23.554 16.527 91.989
c<A>r<42>R<GLU> 26.253 15.561 94.411
c<A>r<43>R<GLY> 23.958 12.978 95.973
c<A>r<44>R<GLN> 20.966 15.294 96.313
c<A>r<45>R<GLN> 17.849 14.601 94.268
c<A>r<46>R<PHE> 15.597 17.187 92.612
c<A>r<47>R<GLN> 12.318 16.28 90.868
c<A>r<48>R<GLY> 10.636 18.26 88.13
c<A>r<49>R<LYS> 11.995 20.797 85.687
c<A>r<50>R<ALA> 11.362 23.819 87.912
c<A>r<51>R<ALA> 13.332 22.449 90.87
c<A>r<52>R<ILE> 16.103 21.255 88.549
c<A>r<53>R<VAL> 16.602 24.579 86.773
c<A>r<67>R<SER> 35.908 18.771 79.108
c<A>r<68>R<ILE> 34.885 15.242 78.107
c<A>r<69>R<THR> 37.377 12.425 78.558
c<A>r<70>R<ALA> 35.095 9.654 77.383
c<A>r<71>R<GLN> 31.442 9.172 76.529
c<A>r<72>R<ASP> 29.538 5.915 75.958
c<A>r<73>R<HIS> 25.987 5.526 74.624
c<A>r<74>R<GLN> 23.585 2.582 74.375
c<A>r<75>R<PRO> 19.929 2.029 73.392
c<A>r<76>R<THR> 17.643 0.781 76.207
c<A>r<77>R<PRO> 14.678 -1.661 76.081
c<A>r<78>R<ASP> 12.083 1.158 76.205
c<A>r<79>R<SER> 13.463 3.026 73.158
c<A>r<80>R<CYS> 15.525 5.409 75.259
c<A>r<81>R<ILE> 19.239 6.336 75.011
c<A>r<82>R<ILE> 21.478 6.069 78.066
c<A>r<83>R<SER> 24.8 7.855 78.204
c<A>r<84>R<MET> 27.751 7.855 80.566
c<A>r<85>R<VAL> 30.263 10.715 80.618
c<A>r<86>R<VAL> 33.618 10.87 82.433
c<A>r<87>R<GLY> 35.489 14.164 82.231
c<A>r<88>R<GLN> 37.032 17.124 84.007
c<A>r<96>R<ILE> 40.321 21.091 88.125
c<A>r<97>R<MET> 38.466 17.938 89.147
c<A>r<98>R<GLY> 37.103 14.851 87.51
c<A>r<99>R<PHE> 33.399 14.23 87.214
c<A>r<100>R<HIS> 31.038 11.482 86.155
c<A>r<101>R<GLN> 27.577 12.137 84.703
c<A>r<102>R<MET> 24.766 9.981 83.353
c<A>r<103>R<PHE> 21.894 11.018 81.043
c<A>r<104>R<LEU> 18.751 9.105 80.022
c<A>r<105>R<LEU> 17.115 10.528 76.89
c<A>r<106>R<LYS> 13.626 9.848 75.551
c<A>r<107>R<ASN> 12.088 11.033 72.306
c<A>r<108>R<ILE> 8.975 13.08 73.021
c<A>r<109>R<ASN> 7.062 15.203 70.545
c<A>r<110>R<ASP> 9.75 14.553 67.943
c<A>r<111>R<ALA> 12.633 15.768 70.132
c<A>r<112>R<TRP> 15.109 14.011 72.42
c<A>r<113>R<VAL> 14.902 15.33 75.971
c<A>r<114>R<CYS> 16.45 14.311 79.267
c<A>r<115>R<THR> 14.389 12.429 81.829
c<A>r<116>R<ASN> 17.218 11.542 84.24
c<A>r<117>R<ASP> 20.5 13.382 84.905
c<A>r<118>R<MET> 22.972 12.239 87.626
c<A>r<119>R<PHE> 26.152 14.182 88.368
c<A>r<120>R<ARG> 28.956 13.649 90.859
c<A>r<121>R<LEU> 32.233 15.521 91.173
c<A>r<122>R<ALA> 35.307 13.649 92.364
c<A>r<123>R<LEU> 36.788 14.631 95.708
c<A>r<124>R<HIS> 40.536 14.3 96.263
c<A>r<125>R<ASN> 41.442 11.65 98.843
c<A>r<126>R<PHE> 43.726 13.34 101.342
c<B>r<4>R<LYS> 15.79 4.962 102.054
c<B>r<5>R<PRO> 13.604 5.454 98.971
c<B>r<6>R<ILE> 12.527 2.255 97.231
c<B>r<7>R<TRP> 14.785 2.845 94.218
c<B>r<8>R<GLU> 17.844 3.238 96.482
c<B>r<10>R<ILE> 16.676 -1.924 95.014
c<B>r<12>R<SER> 21.961 -0.652 96.452
c<B>r<32>R<ILE> 22.157 -10.505 87.009
c<B>r<33>R<TYR> 21.763 -9.989 83.251
c<B>r<34>R<ILE> 19.212 -11.011 80.608
c<B>r<35>R<ASP> 19.962 -12.435 77.181
c<B>r<36>R<ALA> 19.601 -9.013 75.54
c<B>r<37>R<SER> 21.81 -7.082 78.011
c<B>r<38>R<CYS> 24.49 -4.753 76.636
c<B>r<39>R<LEU> 27.835 -3.902 78.177
c<B>r<40>R<THR> 30.371 -1.239 77.163
c<B>r<41>R<TRP> 33.659 -2.074 78.886
c<B>r<42>R<GLU> 36.567 0.38 78.471
c<B>r<43>R<GLY> 34.863 1.579 75.293
c<B>r<44>R<GLN> 34.41 -1.911 73.778
c<B>r<45>R<GLN> 30.877 -3.204 73.423
c<B>r<46>R<PHE> 29.786 -6.741 74.266
c<B>r<47>R<GLN> 26.232 -7.571 73.25
c<B>r<48>R<GLY> 24.153 -10.344 74.777
c<B>r<49>R<LYS> 24.643 -12.341 77.962
c<B>r<68>R<ILE> 32.258 1.555 96.328
c<B>r<69>R<THR> 33.169 5.11 97.327
c<B>r<70>R<ALA> 29.852 6.627 96.18
c<B>r<71>R<GLN> 26.626 5.227 94.794
c<B>r<72>R<ASP> 23.669 7.23 93.478
c<B>r<73>R<HIS> 20.307 5.802 92.352
c<B>r<74>R<GLN> 17.286 7.203 90.482
c<B>r<75>R<PRO> 13.923 5.847 89.334
c<B>r<76>R<THR> 12.842 6.495 85.683
c<B>r<77>R<PRO> 9.384 7.269 84.279
c<B>r<78>R<ASP> 9.274 3.823 82.603
c<B>r<79>R<SER> 9.744 1.839 85.806
c<B>r<80>R<CYS> 13.493 1.368 85.596
c<B>r<81>R<ILE> 16.312 2.321 87.956
c<B>r<82>R<ILE> 19.67 3.9 87.106
c<B>r<83>R<SER> 22.63 3.259 89.458
c<B>r<84>R<MET> 25.842 5.299 89.149
c<B>r<85>R<VAL> 28.928 4.085 90.997
c<B>r<86>R<VAL> 32.435 5.384 91.635
c<B>r<87>R<GLY> 34.956 3.243 93.494
c<B>r<88>R<GLN> 38.356 1.573 93.705
c<B>r<96>R<ILE> 44.703 0.067 93.358
c<B>r<97>R<MET> 42.795 1.671 90.488
c<B>r<98>R<GLY> 39.736 3.905 90.454
c<B>r<99>R<PHE> 36.639 3.106 88.35
c<B>r<100>R<HIS> 33.262 4.426 87.249
c<B>r<101>R<GLN> 30.296 2.214 86.43
c<B>r<102>R<MET> 26.629 2.76 85.55
c<B>r<103>R<PHE> 23.77 0.255 85.451
c<B>r<104>R<LEU> 20.228 0.448 84.119
c<B>r<105>R<LEU> 17.883 -2.01 85.892
c<B>r<106>R<LYS> 14.42 -3.249 84.933
c<B>r<107>R<ASN> 12.052 -5.674 86.572
c<B>r<108>R<ILE> 11.556 -8.549 84.122
c<B>r<109>R<ASN> 9.785 -11.772 85.09
c<B>r<110>R<ASP> 9.295 -10.402 88.604
c<B>r<111>R<ALA> 12.981 -9.773 89.261
c<B>r<112>R<TRP> 15.272 -6.732 88.97
c<B>r<113>R<VAL> 17.988 -7.34 86.362
c<B>r<114>R<CYS> 20.557 -5.249 84.496
c<B>r<115>R<THR> 19.785 -4.388 80.86
c<B>r<116>R<ASN> 22.621 -1.898 80.295
c<B>r<117>R<ASP> 26.066 -1.661 81.921
c<B>r<118>R<MET> 28.937 0.782 81.22
c<B>r<119>R<PHE> 32.351 0.523 82.89
c<B>r<120>R<ARG> 35.493 2.711 82.71
c<B>r<121>R<LEU> 38.753 2.462 84.648
c<B>r<122>R<ALA> 39.998 5.719 86.155
c<B>r<123>R<LEU> 42.522 7.408 83.872
c<B>r<124>R<HIS> 45.206 9.2 85.911
c<B>r<125>R<ASN> 47.53 10.556 83.199
c<C>r<26>R<PHE> -2.023 -1.686 79.072
c<C>r<28>R<LYS> -3.438 -2.185 84.425
c<C>r<29>R<ARG> 0.161 -0.847 84.435
c<C>r<30>R<HIS> -1.067 2.102 86.647
c<C>r<31>R<LEU> -1.366 0.307 89.999
c<C>r<52>R<PHE> -1.297 12.148 86.314
c<C>r<53>R<HIS> 0.713 15.047 87.854
c<C>r<54>R<THR> 1.601 17.958 85.585
c<C>r<55>R<ASN> 3.431 21.285 85.984
c<C>r<56>R<ARG> 0.008 23.058 86.058
c<C>r<57>R<GLY> -1.569 20.676 88.66
c<C>r<58>R<PRO> -3.235 17.235 88.837
c<C>r<118>R<VAL> -4.291 8.543 69.737
c<C>r<122>R<ASN> 1.229 -2.831 70.914
c<C>r<123>R<LYS> 3.577 -5.8 71.523
c<C>r<124>R<VAL> 6.789 -4.39 69.936
c<C>r<125>R<ASP> 8.989 -6.537 72.314
c<C>r<126>R<ILE> 8.326 -9.494 69.946
c<C>r<127>R<LYS> 11.052 -10.027 67.341
c<C>r<144>R<LEU> -4.478 11.158 64.704
c<C>r<145>R<GLN> -1.145 10.745 66.526
c<C>r<146>R<TYR> 0.697 7.349 66.378
c<C>r<147>R<TYR> 2.918 5.694 69.078
c<C>r<148>R<ASP> 4.72 2.265 69.13
c<C>r<149>R<ILE> 4.005 0.649 72.614
c<C>r<150>R<SER> 4.924 -2.424 74.734
c<C>r<151>R<ALA> 2.414 -2.83 77.629
c<C>r<152>R<LYS> 4.334 -5.608 79.454
c<C>r<153>R<SER> 7.68 -3.668 79.736
c<C>r<154>R<ASN> 6.101 -0.167 80.192
c<C>r<155>R<TYR> 7.743 1.083 76.875
c<C>r<156>R<ASN> 6.354 4.526 75.922
c<C>r<157>R<PHE> 3.516 4.209 78.562
c<C>r<158>R<GLU> 3.235 7.967 79.261
c<C>r<159>R<LYS> 3.309 9.235 75.622
c<C>r<160>R<PRO> -0.38 8.759 74.688
c<C>r<161>R<PHE> -1.464 10.401 77.996
c<C>r<162>R<LEU> 0.996 13.348 77.594
c<C>r<163>R<TRP> -0.214 14.089 74.025
c<C>r<164>R<LEU> -3.939 14.007 75.071
c<C>r<165>R<ALA> -3.32 16.315 78.128
c<C>r<166>R<ARG> -1.58 18.964 75.904
c<C>r<167>R<LYS> -4.62 19.091 73.523
c<C>r<171>R<ASP> -0.701 24.06 76.393
c<C>r<172>R<PRO> 2.029 22.597 74.184
c<C>r<173>R<ASN> 4.779 22.991 76.809
c<C>r<174>R<LEU> 2.785 21.068 79.542
c<C>r<175>R<GLU> 4.982 18.389 81.219
c<C>r<176>R<PHE> 4.539 15.62 83.843
c<C>r<177>R<VAL> 6.521 16.44 87.043
c<C>r<178>R<ALA> 6.649 12.856 88.462
c<C>r<179>R<MET> 5.587 9.392 87.126
c<C>r<180>R<PRO> 2.799 7.251 88.62
c<C>r<181>R<ALA> 3.73 4.007 90.399
c<C>r<182>R<LEU> 3.832 1.317 87.654
c<C>r<183>R<ALA> 3.893 -2.482 87.563
c<C>r<184>R<PRO> 7.439 -3.812 87.197
c<C>r<185>R<PRO> 8.414 -4.89 83.664
c<C>r<186>R<GLU> 7.486 -8.521 82.963
c<C>r<187>R<VAL> 9.174 -8.863 79.513
c<C>r<188>R<VAL> 12.421 -7.479 78.04
c<C>r<189>R<MET> 12.265 -4.529 75.577
c<C>r<190>R<ASP> 15.673 -4.802 73.905
c<C>r<191>R<PRO> 17.324 -1.351 73.917
c<C>r<192>R<ALA> 18.865 -1.571 70.411
c<C>r<193>R<LEU> 15.548 -2.821 68.903
c<C>r<194>R<ALA> 13.69 0.235 70.371
c<C>r<195>R<ALA> 16.273 2.604 68.857
c<C>r<196>R<GLN> 15.959 0.845 65.381
c<C>r<197>R<TYR> 12.119 1.324 65.433
c<C>r<198>R<GLU> 12.318 5.061 66.373
c<C>r<199>R<HIS> 14.749 5.697 63.488
c<C>r<200>R<ASP> 12.293 3.874 61.158
c<C>r<201>R<LEU> 9.37 6.223 62.08
c<C>r<202>R<GLU> 11.503 9.352 61.344
c<C>r<203>R<VAL> 12.578 7.791 58.006
c<C>r<204>R<ALA> 8.845 7.078 57.294
c<C>r<205>R<GLN> 7.871 10.65 58.324
