c<A>r<25>R<PRO> 25.955000 34.627998 1.096000
c<A>r<64>R<THR> 11.855000 46.519001 -6.126000
c<A>r<65>R<PHE> 10.039000 47.271000 -2.890000
c<A>r<77>R<TYR> 17.589001 60.831001 17.299999
c<A>r<78>R<PRO> 18.778000 61.924999 13.794000
c<A>r<79>R<GLY> 21.586000 59.875000 12.263000
c<A>r<80>R<PHE> 21.149000 57.298000 15.027000
c<A>r<81>R<GLU> 21.016001 53.729000 13.675000
c<A>r<82>R<GLY> 19.034000 52.308998 16.604000
c<A>r<83>R<THR> 15.961000 54.348000 15.593000
c<A>r<84>R<GLU> 16.680000 54.882000 11.877000
c<A>r<85>R<MET> 16.650999 51.125999 11.200000
c<A>r<86>R<TRP> 12.851000 51.118000 11.794000
c<A>r<87>R<ASN> 12.102000 54.144001 9.617000
c<A>r<88>R<PRO> 10.377000 53.928001 6.221000
c<A>r<89>R<ASN> 12.906000 53.139999 3.493000
c<A>r<90>R<ARG> 10.649000 53.785000 0.496000
c<A>r<91>R<GLU> 8.264000 56.587002 -0.411000
c<A>r<127>R<ALA> 7.142000 48.269001 6.393000
c<A>r<129>R<SER> 10.845000 46.382000 3.096000
c<A>r<130>R<LEU> 13.161000 47.113998 6.074000
c<A>r<131>R<ASP> 16.631001 45.429001 5.878000
c<A>r<132>R<VAL> 15.962000 43.342999 8.976000
c<A>r<133>R<TYR> 13.051000 41.638000 7.249000
c<A>r<347>R<SER> 17.844999 58.689999 27.997999
c<A>r<348>R<LYS> 19.916000 56.799999 25.454000
c<A>r<349>R<ASP> 22.865000 59.112999 26.191999
c<A>r<350>R<ASN> 23.451000 58.213001 29.864000
c<A>r<351>R<GLU> 22.861000 55.500999 32.471001
c<A>r<436>R<THR> 26.466999 45.714001 16.900000
c<A>r<437>R<LEU> 23.566999 47.119999 18.986000
c<A>r<438>R<THR> 23.711000 50.900002 19.296000
c<A>r<439>R<TRP> 21.384001 51.437000 22.268999
c<A>r<440>R<PRO> 23.252001 51.862999 25.539000
c<A>r<441>R<LEU> 24.063999 48.804001 27.664000
c<A>r<442>R<TRP> 21.392000 49.574001 30.253000
c<A>r<443>R<MET> 18.620001 48.814999 27.785000
c<A>r<460>R<ASP> 26.136000 38.299999 5.515000
c<A>r<461>R<PRO> 29.915001 38.507999 6.081000
c<A>r<462>R<SER> 29.806000 42.223000 5.229000
c<A>r<463>R<LEU> 27.724001 42.946999 8.412000
c<A>r<464>R<ASN> 30.231001 42.880001 11.366000
c<A>r<465>R<TYR> 28.532000 40.214001 13.528000
c<B>r<3>R<CYS> 28.863001 50.664001 1.027000
c<B>r<6>R<HIS> 23.186001 56.651001 5.613000
c<B>r<7>R<THR> 22.739000 56.452999 9.424000
c<B>r<8>R<THR> 19.910999 53.978001 8.850000
c<B>r<9>R<THR> 20.242001 50.891998 6.572000
c<B>r<10>R<SER> 16.540001 50.693001 5.655000
c<B>r<11>R<ARG> 16.492001 52.646000 2.449000
c<B>r<12>R<ALA> 17.326000 50.875999 -0.770000
c<B>r<13>R<ILE> 20.327999 53.139000 -1.613000
c<B>r<26>R<SER> 29.471001 56.025002 15.854000
c<B>r<27>R<ARG> 29.683001 57.383999 19.378000
c<B>r<29>R<HIS> 30.726999 55.662998 24.483999
c<B>r<30>R<PRO> 27.174000 54.368999 25.171000
c<B>r<31>R<PRO> 24.674999 55.006001 23.743000
c<B>r<32>R<LYS> 26.760000 54.000999 20.694000
c<B>r<33>R<MET> 24.520000 55.646000 18.066999
c<B>r<34>R<VAL> 25.577999 55.521000 14.419000
c<B>r<35>R<LEU> 26.497999 59.034000 13.237000
c<B>r<36>R<GLY> 27.298000 58.334000 9.561000
c<B>r<37>R<ARG> 28.395000 55.797001 6.980000
c<B>r<51>R<LYS> 35.354000 51.293999 11.696000
c<B>r<53>R<CYS> 36.241001 47.702999 5.964000
c<B>r<54>R<THR> 37.034000 46.842999 2.372000
c<B>r<55>R<SER> 34.931999 43.694000 1.966000
c<B>r<56>R<PRO> 32.424999 42.153000 1.667000
c<B>r<57>R<ASP> 29.999001 44.653999 0.108000
c<B>r<58>R<LYS> 27.930000 46.567001 2.688000
c<B>r<59>R<CYS> 30.441000 45.610001 5.377000
c<B>r<60>R<ASN> 29.844999 48.953999 7.156000
c<B>r<61>R<TYR> 26.406000 47.903999 8.499000
