c<A>r<332>R<LYS> 15.228000 40.000000 27.940001
c<A>r<378>R<VAL> 2.714000 48.183998 41.195999
c<A>r<379>R<VAL> 5.141000 50.394001 43.104000
c<A>r<380>R<LEU> 4.922000 48.226002 46.187000
c<A>r<381>R<HIS> 5.526000 45.061001 44.172001
c<A>r<382>R<TYR> 8.544000 46.293999 42.146000
c<A>r<383>R<THR> 10.269000 48.254002 44.911999
c<A>r<384>R<ASP> 13.241000 46.458000 46.396999
c<A>r<385>R<TRP> 12.588000 47.112999 50.111000
c<A>r<386>R<LEU> 16.254000 46.549999 51.083000
c<A>r<387>R<HIS> 17.351000 49.297001 48.699001
c<A>r<388>R<PRO> 14.189000 51.304001 47.993000
c<A>r<393>R<HIS> 17.316999 49.181000 40.799000
c<A>r<394>R<LEU> 14.643000 51.821999 40.186001
c<A>r<396>R<ASP> 15.561000 48.516998 36.064999
c<A>r<397>R<ALA> 12.295000 48.209999 37.931999
c<A>r<400>R<ALA> 10.394000 45.632999 34.241001
c<A>r<401>R<VAL> 7.004000 47.313999 34.972000
c<A>r<430>R<PHE> 15.661000 35.688999 23.820000
c<A>r<431>R<GLU> 18.687000 36.907001 25.791000
c<A>r<432>R<HIS> 21.433001 37.775002 23.379000
c<A>r<433>R<ARG> 22.372999 41.398998 22.822001
c<A>r<434>R<ALA> 23.722000 42.057999 19.316999
c<A>r<435>R<SER> 27.438000 42.889999 19.275000
c<A>r<441>R<LEU> 24.063999 48.804001 27.664000
c<A>r<442>R<TRP> 21.392000 49.574001 30.253000
c<A>r<444>R<GLY> 19.792000 45.196999 27.511999
c<A>r<466>R<THR> 30.823000 37.872002 15.506000
c<A>r<468>R<GLU> 29.275000 32.917000 17.356001
c<A>r<508>R<GLN> 5.524000 25.952999 32.327000
c<A>r<509>R<GLN> 8.775000 25.198999 30.510000
c<A>r<512>R<SER> 16.725000 30.507000 26.785000
c<A>r<513>R<LEU> 17.924000 31.676001 23.389999
c<A>r<514>R<ASN> 21.504999 32.887001 23.643999
c<A>r<515>R<LEU> 25.025000 31.889000 22.559000
c<A>r<516>R<LYS> 25.079000 29.013000 25.052000
c<A>r<517>R<PRO> 23.170000 25.808001 24.118000
c<A>r<519>R<GLU> 18.773001 25.736000 28.667999
c<A>r<520>R<VAL> 15.334000 24.884001 30.087000
c<A>r<521>R<ARG> 13.657000 27.093000 32.694000
c<A>r<522>R<ARG> 10.325000 26.951000 34.470001
c<A>r<523>R<GLY> 7.688000 29.632000 35.068001
c<A>r<524>R<LEU> 7.597000 32.816002 33.057999
c<A>r<525>R<ARG> 7.827000 35.507000 35.708000
c<A>r<526>R<ALA> 5.213000 33.335999 37.417999
c<A>r<527>R<GLN> 4.944000 35.290001 40.721001
c<A>r<528>R<THR> 4.991000 38.678001 39.049999
c<A>r<529>R<CYS> 2.524000 37.634998 36.393002
c<A>r<531>R<PHE> 0.083000 40.132000 40.049000
c<B>r<20>R<ASN> 32.630001 30.732000 28.976000
c<B>r<21>R<SER> 29.716000 33.154999 29.306999
c<B>r<27>R<ARG> 15.183000 37.588001 42.070000
c<B>r<28>R<ARG> 12.691000 37.171001 39.254002
c<B>r<29>R<HIS> 9.946000 39.000999 41.230999
c<B>r<30>R<PRO> 10.268000 42.521000 42.740002
c<B>r<31>R<PRO> 12.368000 43.575001 44.520000
c<B>r<32>R<LYS> 14.665000 42.209000 41.779999
c<B>r<33>R<MET> 17.865999 42.165001 43.870998
c<B>r<34>R<VAL> 21.055000 40.808998 42.311001
c<B>r<40>R<GLY> 28.809999 30.077000 33.264000
c<B>r<41>R<CYS> 25.039000 30.093000 32.909000
c<B>r<42>R<PRO> 23.209000 28.296000 35.794998
c<B>r<43>R<PRO> 19.459000 27.431000 35.460999
c<B>r<44>R<GLY> 16.761000 29.839001 36.592999
c<B>r<45>R<ASP> 13.330000 28.850000 37.905998
c<B>r<46>R<ASP> 10.269000 30.732000 39.284000
c<B>r<47>R<TYR> 12.310000 32.409000 41.995998
c<B>r<48>R<LEU> 15.597000 33.008999 40.195999
c<B>r<49>R<GLU> 16.195999 34.868999 36.921001
c<B>r<50>R<VAL> 19.596001 34.148998 35.223000
c<B>r<51>R<LYS> 20.754999 36.282001 32.297001
c<B>r<52>R<CYS> 23.802000 35.007000 30.371000
c<B>r<53>R<CYS> 25.893999 37.015999 27.871000
c<B>r<54>R<THR> 29.084999 36.358002 25.959000
c<B>r<55>R<SER> 29.989000 39.914001 24.938000
c<B>r<56>R<PRO> 30.948999 42.675999 25.375999
c<B>r<59>R<CYS> 28.056000 42.423000 29.982000
c<B>r<60>R<ASN> 26.614000 40.898998 33.192001
c<B>r<61>R<TYR> 26.281000 44.296001 34.945000
