c<A>r<12>R<VAL> -0.384000 34.782001 -10.605000
c<A>r<13>R<ARG> -4.195000 35.160000 -10.626000
c<A>r<14>R<GLY> -3.906000 38.839001 -11.592000
c<A>r<39>R<GLU> -6.760000 48.102001 -5.176000
c<A>r<45>R<ARG> -11.400000 53.980000 -0.324000
c<A>r<48>R<MET> -12.378000 51.049000 3.944000
c<A>r<49>R<PRO> -11.756000 47.278999 3.615000
c<A>r<50>R<PRO> -9.302000 46.314999 0.947000
c<A>r<51>R<GLU> -10.655000 45.299999 -2.410000
c<A>r<52>R<PRO> -8.785000 42.554001 -4.312000
c<A>r<53>R<LYS> -6.388000 43.838001 -6.971000
c<A>r<54>R<ARG> -8.018000 43.912998 -10.415000
c<A>r<55>R<PRO> -5.932000 41.969002 -13.029000
c<A>r<164>R<SER> -20.570999 52.661999 10.268000
c<A>r<165>R<ARG> -20.278000 51.396000 6.681000
c<A>r<166>R<GLU> -17.511999 53.830002 5.707000
c<A>r<167>R<ALA> -15.005000 53.251999 8.555000
c<A>r<168>R<PRO> -15.649000 49.900002 10.242000
c<A>r<174>R<LEU> -8.081000 43.022999 6.631000
c<A>r<177>R<ARG> -6.030000 38.852001 5.595000
c<A>r<178>R<LEU> -6.271000 39.769001 1.937000
c<A>r<179>R<ALA> -2.510000 39.014999 1.530000
c<A>r<180>R<LEU> -3.126000 35.674999 3.300000
c<A>r<181>R<GLN> -5.879000 34.924000 0.751000
c<A>r<182>R<TRP> -3.517000 35.941002 -2.062000
c<A>r<184>R<GLN> -3.638000 30.583000 -0.650000
c<A>r<185>R<GLU> -4.482000 31.118999 -4.302000
c<A>r<186>R<ASN> -1.075000 32.028999 -5.736000
c<A>r<188>R<ALA> 1.941000 27.452999 -5.554000
c<A>r<194>R<PRO> -0.527000 26.598000 0.614000
c<A>r<195>R<MET> -1.292000 23.730000 3.045000
c<A>r<196>R<SER> 1.724000 24.635000 5.110000
c<A>r<216>R<LEU> -12.597000 32.556000 12.164000
c<A>r<217>R<PRO> -12.310000 33.694000 8.541000
c<A>r<218>R<SER> -8.481000 33.959000 8.948000
c<A>r<219>R<ARG> -8.255000 30.514999 10.498000
c<A>r<220>R<SER> -8.339000 28.513000 7.269000
c<A>r<221>R<LEU> -5.505000 30.608999 5.811000
c<A>r<222>R<PHE> -2.626000 29.263000 7.899000
c<A>r<306>R<ASP> -17.028000 41.301998 13.572000
c<A>r<307>R<PHE> -13.306000 40.666000 12.989000
c<B>r<4>R<TYR> -17.986000 39.660000 -2.684000
c<B>r<5>R<SER> -14.316000 40.305000 -1.928000
c<B>r<6>R<HIS> -13.858000 39.650002 1.814000
c<B>r<7>R<THR> -14.113000 36.731998 4.300000
c<B>r<8>R<THR> -17.172001 38.422001 5.796000
c<B>r<10>R<SER> -21.170000 42.459000 6.093000
c<B>r<11>R<ARG> -19.311001 45.393002 4.666000
c<B>r<12>R<ALA> -20.878000 47.341000 1.848000
c<B>r<13>R<ILE> -18.000999 46.692001 -0.630000
c<B>r<14>R<LEU> -17.816000 44.493999 -3.727000
c<B>r<15>R<THR> -15.262000 43.848999 -6.504000
c<B>r<16>R<ASN> -16.313000 44.112999 -10.123000
c<B>r<17>R<CYS> -14.654000 41.101002 -11.682000
c<B>r<18>R<GLY> -15.780000 42.030998 -15.212000
c<B>r<20>R<ASN> -14.125000 36.785000 -14.782000
c<B>r<25>R<LYS> -12.461000 29.521000 -0.799000
c<B>r<26>R<SER> -12.934000 27.671000 2.465000
c<B>r<27>R<ARG> -11.527000 24.840000 4.542000
c<B>r<28>R<ARG> -12.657000 21.624001 2.900000
c<B>r<29>R<HIS> -12.913000 19.825001 6.289000
c<B>r<31>R<PRO> -14.937000 23.679001 10.609000
c<B>r<32>R<LYS> -15.472000 24.902000 7.022000
c<B>r<33>R<MET> -14.406000 28.525000 7.629000
c<B>r<34>R<VAL> -14.325000 30.927999 4.686000
c<B>r<35>R<LEU> -10.706000 31.875999 3.914000
c<B>r<36>R<GLY> -11.244000 34.366001 1.057000
c<B>r<37>R<ARG> -13.491000 35.537998 -1.748000
c<B>r<38>R<GLY> -12.510000 37.450001 -4.945000
c<B>r<39>R<CYS> -12.185000 37.352001 -8.785000
c<B>r<40>R<GLY> -10.978000 34.271999 -10.636000
c<B>r<41>R<CYS> -11.010000 30.593000 -9.736000
c<B>r<42>R<PRO> -7.811000 29.417999 -7.922000
c<B>r<43>R<PRO> -7.107000 25.645000 -7.497000
c<B>r<44>R<GLY> -8.320000 23.732000 -4.459000
c<B>r<45>R<ASP> -6.599000 20.705999 -2.924000
c<B>r<46>R<ASP> -7.221000 18.445999 0.127000
c<B>r<47>R<TYR> -7.167000 21.377001 2.522000
c<B>r<48>R<LEU> -8.837000 24.075001 0.440000
c<B>r<50>R<VAL> -12.780000 26.632000 -4.025000
