c<A>r<195>R<MET> -1.292000 23.730000 3.045000
c<A>r<196>R<SER> 1.724000 24.635000 5.110000
c<A>r<223>R<HIS> -1.752000 26.246000 10.062000
c<A>r<224>R<ARG> 0.910000 27.375999 12.545000
c<A>r<320>R<ASP> -10.857000 25.660999 21.084000
c<A>r<321>R<PHE> -7.187000 25.490999 20.046000
c<A>r<322>R<GLN> -7.123000 21.771000 19.228001
c<A>r<323>R<ASP> -5.399000 22.164000 15.869000
c<A>r<324>R<LEU> -2.861000 24.825001 16.806000
c<A>r<325>R<GLN> 0.890000 24.747000 17.073000
c<A>r<418>R<LEU> -3.594000 28.245001 24.709999
c<A>r<419>R<ALA> -1.839000 25.221001 26.308001
c<A>r<420>R<ALA> -4.942000 24.521999 28.479000
c<A>r<421>R<GLN> -7.244000 24.735001 25.412001
c<A>r<422>R<GLY> -5.282000 21.965000 23.632999
c<A>r<423>R<ALA> -2.639000 23.728001 21.584999
c<A>r<424>R<ARG> 0.975000 22.856001 21.278000
c<A>r<425>R<VAL> 2.934000 25.812000 22.601999
c<A>r<482>R<ASN> 11.625000 23.448000 11.723000
c<A>r<483>R<PHE> 8.608000 24.834000 13.541000
c<A>r<485>R<ARG> 7.793000 22.568001 8.681000
c<A>r<486>R<THR> 6.522000 20.325001 11.500000
c<A>r<487>R<GLY> 4.950000 22.275000 14.397000
c<A>r<488>R<ASP> 8.106000 21.403999 16.357000
c<A>r<489>R<PRO> 11.236000 23.589001 16.587000
c<A>r<490>R<ASN> 13.348000 20.528000 17.344999
c<A>r<491>R<ASP> 15.621000 18.877001 14.824000
c<A>r<492>R<PRO> 13.990000 15.424000 14.282000
c<A>r<493>R<ARG> 17.285000 13.470000 13.963000
c<A>r<494>R<ASP> 19.711000 15.567000 16.080000
c<A>r<495>R<SER> 18.816999 14.089000 19.509001
c<A>r<496>R<LYS> 22.320999 15.144000 20.757999
c<A>r<499>R<GLN> 15.314000 19.301001 23.455999
c<A>r<500>R<TRP> 12.976000 22.290001 23.613001
c<A>r<501>R<PRO> 9.935000 20.853001 25.408001
c<A>r<502>R<PRO> 6.403000 22.150999 24.948000
c<A>r<503>R<TYR> 5.150000 24.809999 27.327000
c<A>r<504>R<THR> 2.486000 23.247999 29.596001
c<A>r<505>R<THR> 0.354000 24.620001 32.458000
c<A>r<506>R<ALA> 1.697000 21.868000 34.752998
c<A>r<507>R<ALA> 5.409000 22.528999 34.067001
c<A>r<508>R<GLN> 5.524000 25.952999 32.327000
c<A>r<509>R<GLN> 8.775000 25.198999 30.510000
c<B>r<1>R<THR> 11.480000 7.558000 16.381001
c<B>r<2>R<MET> 9.536000 9.198000 13.548000
c<B>r<3>R<CYS> 6.485000 10.832000 15.182000
c<B>r<4>R<TYR> 3.294000 12.541000 14.082000
c<B>r<5>R<SER> 3.638000 16.280001 14.683000
c<B>r<6>R<HIS> 0.126000 17.754000 14.321000
c<B>r<7>R<THR> -3.302000 17.541000 16.042999
c<B>r<8>R<THR> -4.615000 15.749000 12.958000
c<B>r<11>R<ARG> -1.306000 15.379000 6.373000
c<B>r<13>R<ILE> 4.220000 15.161000 7.304000
c<B>r<14>R<LEU> 6.166000 13.689000 10.220000
c<B>r<15>R<THR> 8.932000 14.890000 12.577000
c<B>r<16>R<ASN> 12.056000 12.814000 13.023000
c<B>r<17>R<CYS> 12.613000 12.956000 16.754000
c<B>r<18>R<GLY> 15.904000 11.026000 16.559999
c<B>r<19>R<GLU> 16.664000 9.460000 19.898001
c<B>r<20>R<ASN> 13.800000 11.205000 21.657000
c<B>r<21>R<SER> 10.299000 9.880000 22.337000
c<B>r<25>R<LYS> -1.230000 15.336000 24.503000
c<B>r<26>R<SER> -4.979000 15.481000 24.976000
c<B>r<27>R<ARG> -7.659000 16.653999 27.374001
c<B>r<32>R<LYS> -10.678000 13.939000 25.089001
c<B>r<33>R<MET> -9.573000 16.106001 22.136999
c<B>r<34>R<VAL> -5.976000 15.868000 20.934999
c<B>r<35>R<LEU> -4.156000 19.136999 21.705000
c<B>r<36>R<GLY> -0.731000 18.393999 20.167000
c<B>r<37>R<ARG> 1.773000 15.761000 19.121000
c<B>r<38>R<GLY> 5.592000 16.114000 18.766001
c<B>r<39>R<CYS> 9.060000 15.104000 20.115000
c<B>r<40>R<GLY> 9.756000 14.723000 23.822001
c<B>r<41>R<CYS> 7.496000 13.972000 26.767000
c<B>r<42>R<PRO> 6.078000 17.134001 28.471001
c<B>r<43>R<PRO> 4.359000 16.863001 31.919001
c<B>r<44>R<GLY> 0.633000 16.247999 32.233002
c<B>r<45>R<ASP> -1.572000 17.471001 35.082001
c<B>r<46>R<ASP> -5.324000 17.296000 35.921001
c<B>r<47>R<TYR> -6.303000 18.954000 32.661999
c<B>r<48>R<LEU> -3.725000 17.504999 30.282000
