c<A>r<25>R<PRO> 25.955000 34.627998 1.096000
c<A>r<26>R<GLY> 25.653999 31.011999 -0.071000
c<A>r<27>R<GLY> 24.105000 31.545000 -3.524000
c<A>r<29>R<VAL> 17.535000 33.634998 -4.484000
c<A>r<103>R<THR> 11.944000 31.634001 -2.837000
c<A>r<104>R<PRO> 15.052000 29.604000 -3.695000
c<A>r<105>R<TYR> 16.777000 29.767000 -7.058000
c<A>r<106>R<PRO> 15.830000 27.780001 -8.936000
c<A>r<107>R<ARG> 12.275000 27.594000 -7.465000
c<A>r<108>R<PRO> 11.793000 24.209999 -5.761000
c<A>r<112>R<THR> 7.739000 24.065001 0.215000
c<A>r<137>R<PHE> 18.650999 34.268002 3.937000
c<A>r<138>R<LEU> 15.740000 32.091999 5.047000
c<A>r<139>R<ALA> 15.075000 31.473000 1.358000
c<A>r<140>R<GLN> 18.662001 30.601999 0.418000
c<A>r<141>R<VAL> 19.775000 28.768999 3.605000
c<A>r<142>R<GLU> 16.582001 26.931000 4.658000
c<A>r<143>R<GLY> 14.824000 26.729000 1.279000
c<A>r<144>R<ALA> 11.786000 28.549000 2.710000
c<A>r<145>R<VAL> 9.242000 30.523001 0.712000
c<A>r<459>R<LEU> 25.135000 35.334999 7.659000
c<A>r<466>R<THR> 30.823000 37.872002 15.506000
c<A>r<467>R<THR> 31.381001 34.252998 14.455000
c<A>r<468>R<GLU> 29.275000 32.917000 17.356001
c<A>r<469>R<GLU> 26.493000 35.294998 16.202000
c<A>r<470>R<ARG> 26.688000 33.763000 12.713000
c<A>r<471>R<ILE> 26.284000 30.267000 14.253000
c<A>r<472>R<PHE> 23.563000 31.475000 16.620001
c<A>r<474>R<GLN> 21.680000 29.527000 11.943000
c<A>r<475>R<ARG> 20.414000 27.871000 15.098000
c<A>r<476>R<LEU> 17.420000 30.252001 15.260000
c<A>r<477>R<MET> 16.635000 29.952999 11.547000
c<A>r<478>R<LYS> 16.597000 26.202000 12.139000
c<A>r<479>R<TYR> 14.193000 26.447001 15.078000
c<A>r<481>R<THR> 11.773000 26.749001 9.853000
c<A>r<482>R<ASN> 11.625000 23.448000 11.723000
c<A>r<491>R<ASP> 15.621000 18.877001 14.824000
c<A>r<492>R<PRO> 13.990000 15.424000 14.282000
c<A>r<493>R<ARG> 17.285000 13.470000 13.963000
c<A>r<494>R<ASP> 19.711000 15.567000 16.080000
c<A>r<495>R<SER> 18.816999 14.089000 19.509001
c<A>r<496>R<LYS> 22.320999 15.144000 20.757999
c<A>r<497>R<SER> 21.306000 18.851999 21.256001
c<A>r<498>R<PRO> 19.031000 19.455999 24.287001
c<A>r<515>R<LEU> 25.025000 31.889000 22.559000
c<A>r<516>R<LYS> 25.079000 29.013000 25.052000
c<A>r<517>R<PRO> 23.170000 25.808001 24.118000
c<A>r<518>R<LEU> 19.450001 25.618000 24.923000
c<B>r<9>R<THR> 32.750999 25.646000 0.775000
c<B>r<21>R<SER> 18.893999 16.094000 5.016000
c<B>r<23>R<TYR> 23.915001 18.813000 8.192000
c<B>r<24>R<ARG> 26.486000 21.422001 9.295000
c<B>r<25>R<LYS> 28.347000 20.714001 12.544000
c<B>r<26>R<SER> 30.337000 23.319000 14.429000
c<B>r<27>R<ARG> 31.688000 24.160999 17.861000
c<B>r<28>R<ARG> 28.747000 25.344999 19.924999
c<B>r<29>R<HIS> 30.944000 27.820000 21.882999
c<B>r<30>R<PRO> 33.158001 30.544001 20.316999
c<B>r<31>R<PRO> 35.202000 30.268999 18.211000
c<B>r<32>R<LYS> 32.335999 28.527000 16.367001
c<B>r<33>R<MET> 34.502998 26.749001 13.765000
c<B>r<34>R<VAL> 32.828999 24.430000 11.262000
c<B>r<40>R<GLY> 22.091000 13.094000 7.611000
c<B>r<41>R<CYS> 21.591999 14.801000 10.955000
c<B>r<42>R<PRO> 23.968000 13.515000 13.714000
c<B>r<43>R<PRO> 23.309000 14.428000 17.409000
c<B>r<44>R<GLY> 24.801001 17.538000 18.978001
c<B>r<45>R<ASP> 25.740000 17.927000 22.643999
c<B>r<46>R<ASP> 27.350000 20.686001 24.790001
c<B>r<47>R<TYR> 30.430000 20.830999 22.594999
c<B>r<48>R<LEU> 28.929001 20.243000 19.159000
c<B>r<49>R<GLU> 26.136000 22.181999 17.434000
c<B>r<50>R<VAL> 24.466999 20.358999 14.459000
c<B>r<51>R<LYS> 22.094000 22.239000 12.159000
c<B>r<52>R<CYS> 20.073000 20.115000 9.705000
c<B>r<53>R<CYS> 18.129000 21.409000 6.670000
c<B>r<54>R<THR> 16.254999 19.768000 3.830000
c<B>r<55>R<SER> 16.025999 22.697001 1.408000
c<B>r<56>R<PRO> 17.063000 24.653999 -0.552000
c<B>r<57>R<ASP> 20.091999 22.900999 -2.075000
c<B>r<58>R<LYS> 23.368999 23.708000 -0.284000
c<B>r<59>R<CYS> 21.395000 24.906000 2.737000
c<B>r<60>R<ASN> 24.160000 23.639999 5.074000
c<B>r<61>R<TYR> 26.559999 26.497000 4.179000
