c<A>r<68>R<VAL> 5.467000 52.222000 2.452000
c<A>r<70>R<TYR> 1.569000 56.500999 5.168000
c<A>r<71>R<GLN> 2.860000 56.859001 8.710000
c<A>r<72>R<TYR> 4.625000 58.848000 11.400000
c<A>r<73>R<VAL> 8.429000 59.055000 10.853000
c<A>r<74>R<ASP> 10.429000 59.105999 14.091000
c<A>r<75>R<THR> 13.111000 61.844002 14.404000
c<A>r<76>R<LEU> 13.946000 61.662998 18.145000
c<A>r<77>R<TYR> 17.589001 60.831001 17.299999
c<A>r<78>R<PRO> 18.778000 61.924999 13.794000
c<A>r<79>R<GLY> 21.586000 59.875000 12.263000
c<A>r<80>R<PHE> 21.149000 57.298000 15.027000
c<A>r<83>R<THR> 15.961000 54.348000 15.593000
c<A>r<84>R<GLU> 16.680000 54.882000 11.877000
c<A>r<87>R<ASN> 12.102000 54.144001 9.617000
c<A>r<88>R<PRO> 10.377000 53.928001 6.221000
c<A>r<89>R<ASN> 12.906000 53.139999 3.493000
c<A>r<90>R<ARG> 10.649000 53.785000 0.496000
c<A>r<91>R<GLU> 8.264000 56.587002 -0.411000
c<A>r<92>R<LEU> 5.344000 57.228001 1.951000
c<A>r<93>R<SER> 2.058000 56.804001 0.088000
c<A>r<279>R<GLN> -0.020000 64.318001 6.561000
c<A>r<280>R<ASP> -2.746000 66.117996 8.531000
c<A>r<282>R<VAL> -0.389000 61.868999 10.879000
c<A>r<283>R<ASP> 0.196000 65.304001 12.528000
c<A>r<284>R<HIS> -2.700000 64.792999 14.950000
c<A>r<285>R<GLU> -2.518000 61.046001 15.371000
c<A>r<286>R<TRP> -0.768000 61.389999 18.764999
c<A>r<287>R<HIS> -3.140000 63.917000 20.351999
c<A>r<288>R<VAL> -6.051000 61.541000 21.042000
c<A>r<289>R<LEU> -4.850000 59.252998 23.900000
c<A>r<290>R<PRO> -6.811000 59.619999 27.171000
c<A>r<291>R<GLN> -3.648000 59.974998 29.304001
c<A>r<292>R<GLU> 0.030000 60.682999 28.986000
c<A>r<293>R<SER> 1.478000 57.205002 28.361000
c<A>r<294>R<ILE> 4.071000 54.897999 26.775000
c<A>r<295>R<PHE> 3.226000 51.597000 25.035999
c<A>r<296>R<ARG> -0.196000 53.077999 24.028000
c<A>r<297>R<PHE> -1.175000 53.790001 20.480000
c<A>r<298>R<SER> -4.075000 55.825001 19.143999
c<A>r<341>R<TYR> 10.318000 58.223999 24.599001
c<A>r<342>R<GLY> 8.472000 59.591000 27.617001
c<A>r<343>R<VAL> 9.516000 58.687000 31.093000
c<A>r<365>R<ILE> 2.958000 56.761002 32.692001
c<B>r<4>R<TYR> 14.331000 67.419998 7.286000
c<B>r<6>R<HIS> 8.244000 67.231003 6.858000
c<B>r<7>R<THR> 6.430000 65.422997 9.722000
c<B>r<8>R<THR> 7.608000 62.127998 8.237000
c<B>r<9>R<THR> 11.268000 61.448002 7.256000
c<B>r<10>R<SER> 10.468000 58.910000 4.518000
c<B>r<11>R<ARG> 10.411000 61.124001 1.486000
c<B>r<12>R<ALA> 13.658000 61.897999 -0.261000
c<B>r<24>R<ARG> 11.704000 69.592003 15.204000
c<B>r<26>R<SER> 6.263000 67.889000 18.707001
c<B>r<27>R<ARG> 3.593000 67.552002 21.365999
c<B>r<28>R<ARG> 5.318000 68.012001 24.702000
c<B>r<29>R<HIS> 2.941000 65.529999 26.427000
c<B>r<30>R<PRO> 2.309000 61.910999 25.299999
c<B>r<31>R<PRO> 1.537000 60.922001 22.632000
c<B>r<32>R<LYS> 4.564000 62.998001 21.547001
c<B>r<33>R<MET> 3.654000 63.199001 17.837999
c<B>r<34>R<VAL> 5.878000 65.221001 15.513000
c<B>r<35>R<LEU> 3.985000 68.311996 14.306000
c<B>r<36>R<GLY> 6.583000 69.827003 11.940000
c<B>r<37>R<ARG> 10.237000 70.136002 11.019000
c<B>r<51>R<LYS> 14.213000 71.084999 19.636000
c<B>r<56>R<PRO> 25.136000 67.337997 11.931000
c<B>r<57>R<ASP> 22.969000 67.500999 8.794000
c<B>r<58>R<LYS> 19.445999 66.117996 9.312000
c<B>r<59>R<CYS> 19.881001 66.484001 13.072000
c<B>r<60>R<ASN> 16.150000 67.291000 13.448000
c<B>r<61>R<TYR> 15.057000 63.660000 12.859000
