c<A>r<8>R<PHE> -0.954000 4.013000 -3.460000
c<A>r<11>R<ALA> 0.792000 5.820000 -8.070000
c<A>r<12>R<LEU> 2.631000 2.483000 -7.980000
c<A>r<15>R<LEU> 5.713000 4.411000 -11.498000
c<A>r<16>R<GLU> 5.997000 0.909000 -12.936000
c<A>r<17>R<SER> 4.852000 2.187000 -16.254000
c<A>r<18>R<LEU> 7.495000 4.998000 -16.224001
c<A>r<19>R<VAL> 10.348000 2.560000 -15.390000
c<A>r<20>R<SER> 9.120000 0.158000 -18.129000
c<A>r<21>R<ALA> 9.004000 2.797000 -20.663000
c<A>r<22>R<GLU> 12.232000 2.402000 -22.598000
c<A>r<23>R<ASN> 13.809000 5.102000 -22.472000
c<A>r<24>R<GLY> 16.351999 4.411000 -25.007000
c<A>r<28>R<LEU> 16.905001 14.127000 -22.834999
c<A>r<31>R<SER> 13.659000 11.612000 -20.004999
c<A>r<32>R<LEU> 13.955000 14.319000 -17.521999
c<A>r<34>R<ALA> 9.704000 11.069000 -16.822001
c<A>r<35>R<TYR> 12.208000 11.171000 -14.053000
c<A>r<36>R<ARG> 10.612000 14.165000 -12.455000
c<A>r<37>R<ARG> 7.197000 12.455000 -12.611000
c<A>r<38>R<GLY> 8.648000 9.195000 -11.300000
c<A>r<39>R<VAL> 10.192000 10.937000 -8.245000
c<A>r<41>R<LEU> 5.078000 9.214000 -7.825000
c<A>r<42>R<ALA> 7.625000 7.458000 -5.473000
c<A>r<43>R<ARG> 7.049000 10.204000 -2.886000
c<A>r<44>R<VAL> 3.318000 9.605000 -2.961000
c<A>r<45>R<CYS> 3.838000 5.862000 -2.502000
c<A>r<46>R<GLN> 6.236000 6.478000 0.376000
c<A>r<48>R<ARG> 0.979000 6.438000 1.830000
c<A>r<49>R<LEU> 3.134000 3.605000 3.120000
c<A>r<50>R<ALA> 4.300000 5.720000 6.062000
c<A>r<52>R<ALA> -0.375000 2.924000 6.775000
c<A>r<53>R<GLU> 2.572000 1.824000 8.812000
c<A>r<55>R<GLN> -1.946000 3.226000 11.484000
c<A>r<56>R<VAL> -0.922000 -0.430000 11.996000
c<A>r<57>R<LYS> 1.352000 0.542000 14.862000
c<A>r<59>R<LEU> -3.797000 -0.358000 16.253000
c<A>r<60>R<GLU> -1.219000 -2.892000 17.433001
c<A>r<61>R<GLY> -0.535000 -0.617000 20.482000
c<A>r<62>R<ASP> -4.223000 -0.380000 21.221001
c<A>r<63>R<LEU> -4.463000 -4.169000 21.118000
c<A>r<64>R<LEU> -1.587000 -4.617000 23.587000
c<A>r<67>R<LEU> -5.622000 -5.825000 28.455000
c<B>r<11>R<PHE> -3.537000 -5.289000 3.534000
c<B>r<14>R<ALA> -6.359000 -7.319000 7.458000
c<B>r<15>R<LEU> -6.402000 -3.667000 8.505000
c<B>r<18>R<LEU> -7.674000 -5.314000 13.113000
c<B>r<19>R<GLU> -9.737000 -2.114000 13.488000
c<B>r<20>R<SER> -12.750000 -4.161000 14.212000
c<B>r<21>R<LEU> -10.934000 -6.178000 16.924999
c<B>r<22>R<VAL> -9.605000 -3.003000 18.629000
c<B>r<23>R<SER> -13.107000 -1.424000 18.516001
c<B>r<26>R<ASN> -13.763000 -5.866000 25.299000
c<B>r<27>R<GLY> -15.170000 -5.140000 28.618999
c<B>r<31>R<LEU> -10.892000 -13.945000 29.348000
c<B>r<34>R<SER> -10.162000 -11.646000 24.952999
c<B>r<35>R<LEU> -7.157000 -13.835000 24.483999
c<B>r<37>R<ALA> -9.016000 -11.481000 19.965000
c<B>r<38>R<TYR> -5.547000 -10.518000 21.054001
c<B>r<39>R<ARG> -3.977000 -13.503000 19.308001
c<B>r<41>R<GLY> -5.068000 -9.068000 16.291000
c<B>r<42>R<VAL> -1.325000 -9.844000 16.558001
c<B>r<43>R<GLU> -1.604000 -12.067000 13.501000
c<B>r<44>R<LEU> -3.467000 -9.403000 11.603000
c<B>r<45>R<ALA> -0.851000 -6.727000 12.505000
c<B>r<46>R<ARG> 1.901000 -9.038000 11.204000
c<B>r<47>R<VAL> 0.132000 -9.446000 7.924000
c<B>r<48>R<CYS> -0.242000 -5.658000 7.560000
c<B>r<49>R<GLN> 3.453000 -5.157000 8.402000
c<B>r<51>R<ARG> 2.504000 -6.216000 3.158000
c<B>r<52>R<LEU> 3.815000 -2.756000 3.980000
c<B>r<53>R<ALA> 7.443000 -3.987000 3.953000
c<B>r<55>R<ALA> 5.382000 -2.406000 -0.882000
c<B>r<56>R<GLU> 8.149000 -0.306000 0.545000
c<B>r<58>R<GLN> 8.934000 -2.462000 -4.373000
c<B>r<59>R<VAL> 8.859000 1.401000 -4.362000
c<B>r<60>R<LYS> 12.615000 1.492000 -3.608000
c<B>r<62>R<LEU> 11.321000 1.135000 -8.841000
c<B>r<63>R<GLU> 12.856000 4.434000 -7.678000
c<B>r<64>R<GLY> 16.327999 2.870000 -8.296000
c<B>r<65>R<ASP> 15.312000 1.665000 -11.734000
c<B>r<66>R<LEU> 14.020000 5.170000 -12.579000
c<B>r<67>R<LEU> 17.457001 6.688000 -11.814000
c<B>r<68>R<ARG> 19.347000 4.109000 -13.829000
c<B>r<69>R<PRO> 19.247999 6.189000 -17.045000
c<B>r<70>R<LEU> 19.841999 9.481000 -15.719000
c<B>r<74>R<ALA> 23.186001 15.489000 -15.542000
c<B>r<75>R<LEU> 21.646999 15.668000 -12.234000
