c<A>r<107>R<ARG> -0.911000 -13.006000 7.999000
c<A>r<108>R<ALA> -2.452000 -13.023000 11.429000
c<A>r<111>R<ASP> 0.007000 -8.611000 12.009000
c<A>r<123>R<THR> 2.693000 -6.029000 9.144000
c<A>r<124>R<CYS> -0.287000 -4.634000 7.254000
c<A>r<125>R<LEU> -0.020000 -1.535000 9.464000
c<A>r<126>R<GLY> 3.615000 -1.163000 8.664000
c<A>r<127>R<PHE> 2.980000 -1.510000 4.955000
c<A>r<128>R<GLY> 0.135000 1.032000 5.115000
c<A>r<129>R<ARG> 2.257000 3.610000 6.977000
c<A>r<130>R<MET> 5.219000 3.034000 4.719000
c<A>r<131>R<ALA> 3.019000 3.518000 1.595000
c<A>r<132>R<MET> 1.659000 6.808000 3.009000
c<A>r<133>R<GLY> 5.126000 8.133000 3.816000
c<A>r<134>R<GLU> 4.627000 7.669000 7.578000
c<A>r<157>R<ALA> 12.875000 10.122000 -9.610000
c<A>r<158>R<GLY> 11.299000 10.329000 -13.017000
c<A>r<159>R<LYS> 12.493000 6.839000 -13.945000
c<A>r<160>R<HIS> 10.089000 4.121000 -15.053000
c<A>r<161>R<ALA> 10.421000 1.159000 -12.662000
c<A>r<162>R<VAL> 8.919000 -2.187000 -13.562000
c<A>r<166>R<ARG> 3.426000 -8.564000 -6.219000
c<A>r<167>R<SER> 4.074000 -10.567000 -3.038000
c<A>r<168>R<ALA> 2.958000 -8.947000 0.345000
c<A>r<169>R<ILE> 6.514000 -8.530000 1.703000
c<A>r<172>R<LYS> 4.055000 -4.679000 -3.262000
c<A>r<175>R<ALA> 6.512000 -0.900000 -5.747000
c<A>r<176>R<MET> 5.360000 1.522000 -3.053000
c<A>r<179>R<LEU> 6.696000 5.175000 -5.994000
c<A>r<180>R<GLN> 7.530000 7.183000 -2.849000
c<A>r<182>R<ASN> 9.058000 9.491000 -7.444000
c<A>r<183>R<ALA> 9.424000 6.627000 -9.943000
c<A>r<184>R<THR> 6.674000 5.703000 -12.338000
c<A>r<185>R<VAL> 5.889000 2.208000 -11.245000
c<A>r<186>R<THR> 4.478000 -0.720000 -13.222000
c<A>r<187>R<ILE> 3.578000 -3.838000 -11.185000
c<A>r<188>R<CYS> 3.588000 -7.120000 -13.103000
c<A>r<189>R<HIS> 2.552000 -10.583000 -12.023000
c<A>r<190>R<SER> 1.555000 -14.079000 -13.231000
c<A>r<191>R<ARG> -1.573000 -12.767000 -14.999000
c<A>r<192>R<THR> 0.274000 -10.013000 -16.757999
c<A>r<193>R<GLN> -0.037000 -10.056000 -20.510000
c<A>r<194>R<ASN> 2.867000 -9.230000 -22.858000
c<A>r<195>R<LEU> 5.370000 -9.152000 -20.023001
c<A>r<198>R<LEU> 6.497000 -4.115000 -20.350000
c<A>r<201>R<GLN> 10.311000 -0.095000 -21.076000
c<B>r<111>R<ARG> -2.984000 11.689000 8.692000
c<B>r<112>R<ALA> -2.987000 11.369000 12.431000
c<B>r<115>R<ASP> -5.407000 6.977000 11.559000
c<B>r<127>R<THR> -6.600000 4.709000 7.642000
c<B>r<128>R<CYS> -3.089000 3.413000 7.025000
c<B>r<129>R<LEU> -4.175000 0.145000 8.666000
c<B>r<130>R<GLY> -7.152000 -0.089000 6.413000
c<B>r<131>R<PHE> -5.063000 0.557000 3.331000
c<B>r<132>R<GLY> -2.481000 -2.040000 4.426000
c<B>r<133>R<ARG> -5.128000 -4.720000 5.023000
c<B>r<134>R<MET> -6.907000 -3.899000 1.807000
c<B>r<135>R<ALA> -3.624000 -4.166000 -0.162000
c<B>r<136>R<MET> -2.906000 -7.586000 1.407000
c<B>r<137>R<GLY> -6.373000 -8.900000 0.578000
c<B>r<138>R<GLU> -7.492000 -8.771000 4.232000
c<B>r<161>R<ALA> -7.856000 -9.556000 -14.984000
c<B>r<162>R<GLY> -5.022000 -9.480000 -17.459999
c<B>r<163>R<LYS> -5.797000 -5.895000 -18.478001
c<B>r<164>R<HIS> -3.202000 -3.146000 -18.264000
c<B>r<165>R<ALA> -4.548000 -0.418000 -15.940000
c<B>r<166>R<VAL> -2.872000 2.959000 -15.858000
c<B>r<170>R<ARG> -0.988000 8.565000 -6.387000
c<B>r<171>R<SER> -2.917000 10.288000 -3.587000
c<B>r<172>R<ALA> -3.268000 8.357000 -0.194000
c<B>r<173>R<ILE> -7.058000 7.910000 -0.458000
c<B>r<176>R<LYS> -2.705000 4.445000 -4.300000
c<B>r<179>R<ALA> -3.855000 0.964000 -7.904000
c<B>r<180>R<MET> -3.868000 -1.706000 -5.195000
c<B>r<183>R<LEU> -3.812000 -5.069000 -8.727000
c<B>r<184>R<GLN> -5.823000 -7.321000 -6.381000
c<B>r<186>R<ASN> -5.300000 -9.201000 -11.391000
c<B>r<187>R<ALA> -4.644000 -6.124000 -13.554000
c<B>r<188>R<THR> -1.173000 -5.063000 -14.530000
c<B>r<189>R<VAL> -0.971000 -1.687000 -12.909000
c<B>r<190>R<THR> 1.061000 1.377000 -13.867000
c<B>r<191>R<ILE> 0.989000 4.292000 -11.365000
c<B>r<192>R<CYS> 1.716000 7.721000 -12.841000
c<B>r<193>R<HIS> 2.155000 11.041000 -11.109000
c<B>r<194>R<SER> 3.486000 14.627000 -11.480000
c<B>r<195>R<ARG> 7.105000 13.429000 -11.926000
c<B>r<196>R<THR> 6.189000 10.875000 -14.529000
c<B>r<197>R<GLN> 8.010000 11.242000 -17.818001
c<B>r<198>R<ASN> 6.359000 10.679000 -21.218000
c<B>r<199>R<LEU> 2.902000 10.385000 -19.681999
c<B>r<202>R<LEU> 2.091000 5.413000 -20.872000
c<B>r<205>R<GLN> -0.987000 1.529000 -23.426001
