c<A>r<54>R<ILE> 8.989000 -7.776000 -9.849000
c<A>r<55>R<ARG> 9.771000 -11.543000 -9.804000
c<A>r<56>R<PRO> 8.029000 -13.991000 -9.481000
c<A>r<57>R<PHE> 4.993000 -12.161000 -10.708000
c<A>r<58>R<LEU> 6.219000 -10.602000 -14.025000
c<A>r<95>R<SER> -1.154000 -5.396000 -20.264000
c<A>r<96>R<HIS> 1.817000 -5.387000 -17.975000
c<A>r<97>R<LEU> 1.418000 -9.100000 -17.900999
c<A>r<251>R<PRO> 10.296000 -1.152000 0.289000
c<A>r<252>R<ASN> 11.477000 2.033000 2.114000
c<A>r<254>R<MET> 6.139000 1.448000 1.841000
c<A>r<255>R<TRP> 7.595000 1.286000 5.330000
c<A>r<256>R<THR> 7.462000 5.023000 5.607000
c<A>r<258>R<ALA> 2.968000 2.269000 7.059000
c<A>r<259>R<VAL> 4.771000 4.023000 9.945000
c<A>r<261>R<LYS> -0.180000 5.805000 8.951000
c<A>r<262>R<ILE> 0.211000 3.859000 12.215000
c<A>r<263>R<THR> 1.530000 6.980000 13.950000
c<A>r<264>R<MET> -1.199000 9.085000 12.670000
c<A>r<272>R<LEU> 1.460000 5.553000 -5.919000
c<A>r<273>R<LEU> 0.563000 2.701000 -8.220000
c<A>r<274>R<LEU> -0.636000 3.629000 -11.667000
c<A>r<275>R<ILE> -4.141000 2.406000 -12.442000
c<A>r<276>R<PRO> -4.662000 3.132000 -16.118999
c<A>r<277>R<LYS> -8.216000 4.220000 -17.079000
c<B>r<55>R<ILE> 10.690000 -3.628000 10.379000
c<B>r<56>R<ARG> 14.315000 -2.323000 10.418000
c<B>r<57>R<PRO> 15.509000 0.431000 10.076000
c<B>r<58>R<PHE> 12.311000 2.113000 11.140000
c<B>r<59>R<LEU> 11.500000 0.313000 14.517000
c<B>r<96>R<SER> 2.892000 4.097000 20.347000
c<B>r<97>R<HIS> 4.523000 1.492000 18.184000
c<B>r<98>R<LEU> 7.470000 3.802000 18.120001
c<B>r<252>R<PRO> 6.269000 -8.303000 0.390000
c<B>r<253>R<ASN> 4.311000 -11.028000 -1.471000
c<B>r<255>R<MET> 1.966000 -6.208000 -1.460000
c<B>r<256>R<TRP> 3.072000 -7.455000 -4.849000
c<B>r<257>R<THR> -0.149000 -9.348000 -5.267000
c<B>r<259>R<ALA> -0.160000 -4.120000 -6.897000
c<B>r<260>R<VAL> -0.531000 -6.677000 -9.719000
c<B>r<262>R<LYS> -4.725000 -3.416000 -9.045000
c<B>r<263>R<ILE> -2.746000 -2.822000 -12.249000
c<B>r<264>R<THR> -4.566000 -5.657000 -13.982000
c<B>r<265>R<MET> -7.863000 -4.463000 -12.902000
c<B>r<273>R<LEU> -4.429000 -4.256000 5.922000
c<B>r<274>R<LEU> -2.605000 -1.911000 8.246000
c<B>r<275>R<LEU> -4.152000 -1.325000 11.633000
c<B>r<276>R<ILE> -5.034000 2.321000 12.296000
c<B>r<277>R<PRO> -6.052000 2.494000 15.945000
c<B>r<278>R<LYS> -8.888000 4.956000 16.738001
