c<A>r<17>R<GLU> 12.388000 -12.550000 -3.424000
c<A>r<18>R<THR> 10.239000 -14.141000 -0.870000
c<A>r<19>R<GLY> 10.637000 -17.732000 0.150000
c<A>r<20>R<ASP> 7.800000 -17.966999 2.654000
c<A>r<22>R<LYS> 2.392000 -17.122000 3.252000
c<A>r<23>R<ILE> 4.268000 -13.896000 2.678000
c<A>r<26>R<TYR> 0.063000 -11.855000 0.878000
c<A>r<27>R<LYS> 2.175000 -9.781000 -1.521000
c<A>r<30>R<LEU> -1.936000 -6.643000 -1.819000
c<A>r<33>R<ARG> -6.573000 -5.232000 -3.139000
c<A>r<34>R<ALA> -4.996000 -2.216000 -4.748000
c<A>r<35>R<ALA> -6.605000 -3.114000 -8.106000
c<A>r<36>R<SER> -10.004000 -3.502000 -6.461000
c<A>r<37>R<ILE> -9.781000 -0.301000 -4.411000
c<A>r<38>R<PHE> -8.974000 1.792000 -7.467000
c<A>r<39>R<GLY> -11.192000 -0.119000 -9.930000
c<A>r<40>R<VAL> -8.569000 -1.624000 -12.207000
c<A>r<86>R<ILE> -6.874000 -16.039000 5.862000
c<A>r<87>R<LEU> -6.879000 -12.982000 4.016000
c<A>r<88>R<PRO> -9.805000 -10.656000 4.117000
c<A>r<89>R<PRO> -12.142000 -10.424000 1.266000
c<A>r<90>R<LEU> -11.892000 -7.716000 -1.312000
c<A>r<91>R<ARG> -15.299000 -6.432000 -0.247000
c<A>r<92>R<THR> -16.212000 -5.471000 -3.766000
c<A>r<93>R<PRO> -19.770000 -5.078000 -5.269000
c<A>r<94>R<HIS> -19.551001 -8.414000 -7.085000
c<A>r<95>R<HIS> -19.033001 -10.055000 -3.785000
c<A>r<161>R<ARG> -20.343000 0.049000 -11.208000
c<A>r<162>R<TYR> -17.070999 -1.684000 -10.755000
c<A>r<163>R<TRP> -17.372000 -5.364000 -11.424000
c<A>r<164>R<GLY> -13.881000 -6.770000 -10.690000
c<A>r<195>R<PRO> 8.826000 13.332000 -10.802000
c<A>r<196>R<ILE> 5.134000 13.349000 -11.169000
c<A>r<197>R<THR> 5.089000 16.822001 -9.653000
c<A>r<198>R<SER> 7.043000 18.212000 -12.520000
c<A>r<199>R<ILE> 4.828000 16.746000 -15.198000
c<A>r<200>R<LEU> 1.516000 16.732000 -13.444000
c<A>r<235>R<THR> 5.108000 8.733000 -8.677000
c<A>r<236>R<LEU> 6.882000 8.909000 -5.315000
c<A>r<237>R<PRO> 9.221000 11.780000 -5.560000
c<A>r<238>R<GLY> 11.583000 12.223000 -2.687000
c<A>r<239>R<GLN> 11.132000 8.751000 -1.464000
c<A>r<240>R<CYS> 13.134000 8.212000 1.719000
c<A>r<241>R<THR> 13.887000 4.572000 1.049000
c<A>r<242>R<GLU> 16.323000 3.246000 -1.493000
c<A>r<243>R<THR> 13.745000 0.995000 -2.974000
c<A>r<244>R<VAL> 9.914000 0.747000 -3.136000
c<A>r<245>R<ARG> 8.538000 -2.723000 -3.530000
c<A>r<248>R<GLU> 3.794000 -0.691000 -2.429000
c<A>r<249>R<ALA> 4.520000 1.140000 -5.713000
c<A>r<250>R<VAL> 1.275000 -0.151000 -7.207000
c<A>r<251>R<LEU> -0.897000 1.065000 -4.293000
c<A>r<252>R<ALA> 0.863000 4.426000 -4.032000
c<A>r<253>R<THR> 0.759000 5.059000 -7.782000
c<A>r<254>R<LEU> -2.870000 4.193000 -8.141000
c<A>r<255>R<SER> -3.727000 6.561000 -5.293000
c<A>r<256>R<VAL> -2.001000 9.413000 -7.030000
c<A>r<257>R<PHE> -3.656000 8.640000 -10.381000
c<A>r<258>R<ASN> -6.963000 8.380000 -8.661000
c<A>r<259>R<MET> -6.577000 11.905000 -7.409000
c<A>r<260>R<LEU> -5.692000 13.068000 -10.933000
c<A>r<261>R<THR> -8.535000 11.351000 -12.697000
c<A>r<262>R<GLN> -11.513000 11.756000 -10.267000
c<B>r<17>R<GLU> -8.918000 -8.745000 12.849000
c<B>r<18>R<THR> -6.135000 -11.052000 12.047000
c<B>r<19>R<GLY> -5.481000 -14.200000 14.001000
c<B>r<20>R<ASP> -2.421000 -15.423000 12.149000
c<B>r<22>R<LYS> 2.607000 -13.893000 10.523000
c<B>r<23>R<ILE> -0.090000 -11.900000 8.799000
c<B>r<26>R<TYR> 3.178000 -8.174000 8.098000
c<B>r<27>R<LYS> 0.336000 -5.675000 8.489000
c<B>r<30>R<LEU> 3.432000 -2.355000 5.950000
c<B>r<33>R<ARG> 7.380000 0.694000 5.316000
c<B>r<34>R<ALA> 4.879000 3.380000 4.425000
c<B>r<35>R<ALA> 6.283000 5.653000 7.186000
c<B>r<36>R<SER> 9.829000 5.095000 5.943000
c<B>r<37>R<ILE> 9.015000 5.601000 2.256000
c<B>r<38>R<PHE> 7.342000 8.941000 2.915000
c<B>r<39>R<GLY> 9.662000 10.068000 5.733000
c<B>r<40>R<VAL> 7.285000 10.068000 8.682000
c<B>r<86>R<ILE> 11.540000 -12.686000 6.895000
c<B>r<87>R<LEU> 10.560000 -9.394000 5.905000
c<B>r<88>R<PRO> 12.818000 -7.203000 3.858000
c<B>r<89>R<PRO> 14.641000 -4.398000 5.393000
c<B>r<90>R<LEU> 13.387000 -0.834000 5.219000
c<B>r<91>R<ARG> 16.413000 0.142000 3.227000
c<B>r<92>R<THR> 16.621000 3.545000 4.815000
c<B>r<93>R<PRO> 19.704000 5.836000 5.191000
c<B>r<161>R<ARG> 18.252001 13.536000 5.469000
c<B>r<162>R<TYR> 15.610000 11.238000 6.772000
c<B>r<163>R<TRP> 16.788000 9.428000 9.837000
c<B>r<164>R<GLY> 13.905000 7.062000 10.736000
c<B>r<195>R<PRO> -13.047000 14.137000 -1.171000
c<B>r<196>R<ILE> -9.537000 15.322000 -1.373000
c<B>r<197>R<THR> -10.208000 16.492001 -4.915000
c<B>r<198>R<SER> -12.722000 18.966999 -3.706000
c<B>r<200>R<LEU> -7.101000 20.054001 -2.621000
c<B>r<235>R<THR> -8.083000 10.595000 0.322000
c<B>r<236>R<LEU> -9.468000 7.807000 -1.878000
c<B>r<237>R<PRO> -12.495000 9.202000 -3.499000
c<B>r<238>R<GLY> -14.512000 6.795000 -5.519000
c<B>r<239>R<GLN> -13.046000 3.810000 -3.883000
c<B>r<240>R<CYS> -14.477000 0.652000 -5.424000
c<B>r<241>R<THR> -14.331000 -1.395000 -2.265000
c<B>r<242>R<GLU> -16.617001 -1.064000 0.712000
c<B>r<243>R<THR> -13.727000 -0.707000 3.046000
c<B>r<244>R<VAL> -10.013000 0.265000 2.884000
c<B>r<245>R<ARG> -7.826000 -1.315000 5.511000
c<B>r<248>R<GLU> -3.682000 0.416000 2.738000
c<B>r<249>R<ALA> -5.219000 3.782000 3.751000
c<B>r<250>R<VAL> -1.934000 4.864000 5.339000
c<B>r<251>R<LEU> 0.158000 4.083000 2.214000
c<B>r<252>R<ALA> -2.367000 5.634000 -0.187000
c<B>r<253>R<THR> -2.839000 8.776000 1.916000
c<B>r<254>R<LEU> 0.824000 9.391000 2.390000
c<B>r<255>R<SER> 1.386000 9.066000 -1.361000
c<B>r<256>R<VAL> -1.191000 11.709000 -2.072000
c<B>r<257>R<PHE> 0.161000 14.070000 0.613000
c<B>r<258>R<ASN> 3.634000 13.520000 -0.664000
c<B>r<259>R<MET> 2.610000 14.737000 -4.057000
c<B>r<260>R<LEU> 0.699000 17.719999 -2.624000
c<B>r<261>R<THR> 3.557000 18.895000 -0.512000
c<B>r<262>R<GLN> 6.093000 18.700001 -3.364000
c<B>r<263>R<ILE> 4.162000 20.326000 -6.071000
c<B>r<264>R<ASP> 5.671000 23.795000 -6.843000
