c<A>r<25>R<SER> -2.806000 -13.560000 -3.454000
c<A>r<26>R<LYS> -6.099000 -12.168000 -4.905000
c<A>r<51>R<ASN> -9.655000 1.981000 2.648000
c<A>r<54>R<ALA> -5.187000 0.006000 1.366000
c<A>r<55>R<GLN> -3.741000 3.343000 2.649000
c<A>r<56>R<SER> -1.421000 1.457000 5.071000
c<A>r<57>R<GLY> -0.295000 -0.853000 2.194000
c<A>r<58>R<SER> -1.694000 -3.925000 4.081000
c<A>r<60>R<ILE> -4.025000 -3.325000 -2.639000
c<A>r<61>R<TYR> -7.663000 -2.364000 -3.352000
c<A>r<62>R<LEU> -8.796000 0.118000 -6.047000
c<A>r<63>R<PRO> -12.638000 0.532000 -5.645000
c<A>r<64>R<ASN> -12.638000 3.564000 -8.015000
c<A>r<65>R<SER> -10.450000 2.007000 -10.771000
c<A>r<66>R<LEU> -11.556000 2.444000 -14.409000
c<A>r<67>R<ASN> -10.558000 -1.244000 -14.698000
c<A>r<69>R<ASN> -11.206000 -6.436000 -12.639000
c<A>r<70>R<LEU> -9.148000 -4.154000 -10.317000
c<A>r<71>R<LYS> -12.364000 -2.534000 -8.951000
c<A>r<73>R<SER> -10.192000 -7.432000 -6.638000
c<A>r<75>R<PHE> -4.777000 -8.196000 -3.288000
c<A>r<78>R<PRO> 1.018000 -6.280000 -1.844000
c<A>r<79>R<ALA> 4.742000 -7.236000 -1.718000
c<A>r<80>R<HIS> 4.376000 -9.642000 -4.709000
c<A>r<81>R<ILE> 2.653000 -6.887000 -6.768000
c<A>r<82>R<TYR> 5.394000 -4.388000 -5.823000
c<A>r<83>R<GLN> 8.022000 -6.942000 -6.982000
c<A>r<84>R<SER> 6.063000 -7.435000 -10.267000
c<A>r<85>R<LEU> 5.889000 -3.615000 -10.655000
c<A>r<86>R<GLU> 9.682000 -3.300000 -10.046000
c<A>r<88>R<ILE> 7.674000 -4.194000 -15.283000
c<A>r<89>R<LEU> 9.189000 -0.753000 -14.599000
c<A>r<91>R<ILE> 13.445000 -0.181000 -11.349000
c<B>r<25>R<SER> 5.638000 8.061000 -17.636999
c<B>r<26>R<LYS> 7.502000 8.409000 -14.277000
c<B>r<51>R<ASN> -3.964000 9.279000 -2.310000
c<B>r<52>R<ALA> -7.317000 9.948000 -4.068000
c<B>r<53>R<LEU> -5.646000 9.748000 -7.541000
c<B>r<54>R<ALA> -3.826000 6.524000 -6.523000
c<B>r<55>R<GLN> -7.128000 4.985000 -5.241000
c<B>r<56>R<SER> -8.870000 5.906000 -8.558000
c<B>r<57>R<GLY> -5.923000 4.329000 -10.446000
c<B>r<58>R<SER> -5.293000 7.716000 -12.191000
c<B>r<60>R<ILE> 0.412000 4.641000 -9.314000
c<B>r<62>R<LEU> 3.271000 3.587000 -3.454000
c<B>r<63>R<PRO> 4.541000 5.650000 -0.434000
c<B>r<64>R<ASN> 4.649000 2.509000 1.790000
c<B>r<65>R<SER> 6.706000 0.395000 -0.675000
c<B>r<66>R<LEU> 9.880000 -1.208000 0.743000
c<B>r<67>R<ASN> 11.537000 0.006000 -2.501000
c<B>r<68>R<GLU> 12.703000 3.645000 -2.142000
c<B>r<69>R<ASN> 12.414000 4.266000 -5.922000
c<B>r<70>R<LEU> 8.735000 3.083000 -5.877000
c<B>r<75>R<PHE> 3.603000 6.850000 -12.430000
c<B>r<79>R<ALA> -2.945000 2.087000 -18.020000
c<B>r<80>R<HIS> 0.051000 0.229000 -19.599001
c<B>r<81>R<ILE> 1.296000 -0.805000 -16.114000
c<B>r<82>R<TYR> -2.164000 -2.201000 -15.219000
c<B>r<83>R<GLN> -2.303000 -4.139000 -18.542999
c<B>r<84>R<SER> 1.126000 -5.633000 -17.660000
c<B>r<85>R<LEU> -0.072000 -6.416000 -14.094000
c<B>r<86>R<GLU> -3.278000 -8.066000 -15.441000
c<B>r<88>R<ILE> 1.111000 -11.241000 -14.433000
c<B>r<89>R<LEU> -1.897000 -11.622000 -12.055000
c<B>r<90>R<ASP> -4.026000 -13.734000 -14.475000
c<B>r<91>R<ILE> -7.036000 -11.300000 -14.509000
