c<A>r<29>R<ASP> -0.707000 12.073000 -26.122000
c<A>r<30>R<LEU> -0.184000 8.978000 -23.893000
c<A>r<31>R<MET> 2.729000 8.214000 -21.599001
c<A>r<32>R<LEU> 3.693000 4.583000 -20.979000
c<A>r<33>R<ASN> 5.366000 3.972000 -17.599001
c<A>r<40>R<SER> 4.879000 -2.161000 -0.151000
c<A>r<41>R<ASN> 3.139000 -2.506000 -3.595000
c<A>r<42>R<GLN> 4.264000 0.999000 -4.732000
c<A>r<43>R<THR> 5.106000 1.698000 -8.420000
c<A>r<44>R<GLU> 8.901000 2.194000 -8.851000
c<A>r<45>R<LYS> 9.300000 3.681000 -12.363000
c<A>r<46>R<GLN> 12.164000 1.997000 -14.295000
c<A>r<47>R<ALA> 11.547000 3.681000 -17.679001
c<A>r<48>R<ALA> 8.942000 5.733000 -19.573999
c<A>r<49>R<PHE> 7.975000 5.922000 -23.264000
c<A>r<50>R<SER> 6.645000 9.163000 -24.753000
c<A>r<51>R<ASN> 6.920000 10.970000 -28.121000
c<A>r<55>R<GLN> 13.505000 7.245000 -21.232000
c<A>r<56>R<PRO> 15.208000 5.077000 -18.521000
c<A>r<57>R<VAL> 15.111000 6.677000 -15.018000
c<A>r<58>R<GLN> 18.632999 5.630000 -13.839000
c<A>r<91>R<GLY> 0.902000 1.912000 -16.757999
c<A>r<93>R<ILE> -1.412000 7.613000 -18.615000
c<A>r<94>R<SER> -3.706000 9.849000 -20.726999
c<A>r<95>R<ARG> -4.221000 13.656000 -20.423000
c<A>r<98>R<LYS> -9.416000 13.813000 -17.987000
c<A>r<99>R<ALA> -6.139000 12.444000 -16.709000
c<A>r<100>R<LYS> -6.581000 8.621000 -16.487000
c<A>r<101>R<ILE> -4.289000 5.773000 -15.422000
c<B>r<1>R<LEU> 13.478000 11.141000 -15.052000
c<B>r<2>R<PHE> 10.610000 12.858000 -13.160000
c<B>r<3>R<THR> 9.390000 10.674000 -10.265000
c<B>r<4>R<VAL> 6.617000 11.096000 -7.697000
c<B>r<5>R<THR> 6.977000 9.852000 -4.087000
c<B>r<6>R<ALA> 4.404000 9.079000 -1.370000
c<B>r<9>R<GLU> 1.271000 5.559000 1.906000
c<B>r<37>R<ARG> -1.102000 19.337999 -12.815000
c<B>r<38>R<ALA> -1.951000 17.047001 -9.943000
c<B>r<39>R<SER> -4.974000 14.738000 -9.820000
c<B>r<40>R<LEU> -6.196000 12.176000 -7.387000
c<B>r<41>R<GLN> -7.990000 9.213000 -9.028000
c<B>r<75>R<ARG> -3.811000 7.024000 -7.404000
c<B>r<76>R<CYS> -1.999000 10.332000 -6.981000
c<B>r<77>R<LEU> -0.904000 11.513000 -10.458000
c<B>r<78>R<VAL> 1.505000 14.413000 -11.053000
c<B>r<79>R<ILE> 1.995000 15.746000 -14.583000
c<B>r<82>R<ALA> 6.099000 16.000000 -20.747000
c<B>r<83>R<ALA> 6.984000 13.890000 -17.607000
c<B>r<84>R<TRP> 4.211000 12.036000 -15.684000
c<B>r<85>R<ASP> 4.209000 9.732000 -12.630000
c<B>r<86>R<TYR> 1.878000 8.338000 -9.974000
c<B>r<87>R<LYS> 1.795000 6.630000 -6.553000
c<B>r<88>R<TYR> -0.772000 4.743000 -4.486000
c<B>r<89>R<LEU> -2.293000 6.306000 -1.362000
