c<A>r<1>R<GLY> 0.449000 21.968000 -14.970000
c<A>r<5>R<ASP> 6.529000 21.483999 -14.659000
c<A>r<6>R<GLU> 5.966000 19.031000 -17.546000
c<A>r<9>R<PHE> 10.218000 15.520000 -15.534000
c<A>r<10>R<LEU> 11.045000 14.850000 -19.233999
c<A>r<11>R<LEU> 14.528000 16.455000 -18.867001
c<A>r<13>R<HIS> 14.053000 11.277000 -17.240000
c<A>r<14>R<ASN> 16.296000 11.909000 -20.292000
c<A>r<16>R<MET> 18.563000 9.492000 -15.866000
c<A>r<17>R<VAL> 18.431999 7.261000 -19.003000
c<A>r<18>R<SER> 21.521999 9.022000 -20.496000
c<A>r<21>R<TYR> 23.688999 4.056000 -20.160000
c<A>r<32>R<GLY> 19.731001 -5.586000 -19.691999
c<A>r<34>R<CYS> 20.639999 -0.710000 -17.457001
c<A>r<35>R<ILE> 16.884001 -1.491000 -17.927000
c<A>r<36>R<THR> 16.695999 -3.098000 -14.432000
c<A>r<37>R<LYS> 18.448000 -0.009000 -12.886000
c<A>r<38>R<LEU> 15.873000 2.354000 -14.520000
c<A>r<39>R<GLU> 12.946000 0.047000 -13.592000
c<A>r<40>R<ASN> 14.058000 -0.118000 -9.894000
c<A>r<41>R<MET> 14.313000 3.721000 -9.840000
c<A>r<42>R<GLY> 10.777000 3.887000 -11.304000
c<A>r<43>R<PHE> 9.613000 1.308000 -8.699000
c<A>r<44>R<ARG> 10.834000 3.394000 -5.712000
c<A>r<45>R<VAL> 9.335000 6.597000 -7.200000
c<A>r<46>R<GLY> 6.071000 4.672000 -7.911000
c<A>r<47>R<GLN> 5.921000 3.601000 -4.237000
c<A>r<48>R<GLY> 6.624000 7.152000 -2.916000
c<A>r<49>R<LEU> 4.020000 8.586000 -5.352000
c<A>r<50>R<ILE> 1.329000 6.146000 -4.015000
c<A>r<51>R<GLU> 2.100000 7.199000 -0.382000
c<A>r<53>R<PHE> -2.632000 9.138000 -2.632000
c<A>r<56>R<ASP> -7.685000 9.651000 -2.368000
c<A>r<57>R<ILE> -7.828000 6.118000 -0.873000
c<A>r<64>R<ASP> -17.260000 3.995000 -3.651000
c<A>r<65>R<PHE> -16.679001 1.428000 -0.863000
c<A>r<68>R<THR> -21.150000 -0.470000 -2.385000
c<A>r<69>R<VAL> -21.811001 -1.759000 1.180000
c<A>r<70>R<PHE> -24.267000 0.824000 2.584000
c<A>r<71>R<LYS> -25.841999 2.323000 -0.643000
c<A>r<93>R<ARG> -27.688999 1.547000 8.908000
c<A>r<94>R<LEU> -26.329000 -1.276000 11.136000
c<A>r<95>R<LEU> -26.792000 0.680000 14.412000
c<A>r<96>R<THR> -29.912001 -1.023000 15.844000
c<A>r<99>R<SER> -21.656000 -0.182000 19.827999
c<A>r<100>R<LYS> -20.988001 -3.946000 19.164000
c<A>r<101>R<TYR> -22.627001 -3.523000 15.707000
c<A>r<102>R<LEU> -19.707001 -1.208000 14.656000
c<A>r<103>R<ALA> -16.972000 -3.900000 15.045000
c<A>r<104>R<PHE> -17.784000 -5.705000 11.769000
c<A>r<105>R<THR> -17.649000 -2.350000 9.894000
c<A>r<106>R<CYS> -14.301000 -1.448000 11.546000
c<A>r<107>R<GLY> -13.179000 -4.809000 10.109000
c<A>r<108>R<LEU> -14.639000 -3.983000 6.642000
c<A>r<109>R<ILE> -12.764000 -0.626000 6.513000
c<A>r<110>R<ARG> -9.501000 -2.165000 7.885000
c<A>r<111>R<GLY> -9.764000 -5.147000 5.477000
c<A>r<112>R<GLY> -10.432000 -2.824000 2.538000
c<A>r<113>R<LEU> -7.454000 -0.584000 3.488000
c<A>r<114>R<SER> -5.231000 -3.670000 4.042000
c<A>r<115>R<ASN> -6.119000 -4.897000 0.521000
c<A>r<116>R<LEU> -4.967000 -1.434000 -0.714000
c<A>r<117>R<GLY> -1.623000 -2.061000 1.139000
c<A>r<118>R<ILE> -2.569000 0.344000 4.009000
c<A>r<122>R<VAL> -9.985000 1.163000 12.881000
c<B>r<1>R<GLY> -31.188000 -0.883000 -4.337000
c<B>r<6>R<GLU> -30.983000 -4.040000 2.269000
c<B>r<9>R<PHE> -28.011000 -7.593000 4.745000
c<B>r<10>R<LEU> -29.353001 -6.020000 7.994000
c<B>r<11>R<LEU> -30.976000 -9.309000 9.139000
c<B>r<13>R<HIS> -25.613001 -8.758000 10.144000
c<B>r<14>R<ASN> -27.906000 -8.922000 13.214000
c<B>r<16>R<MET> -23.996000 -12.778000 12.772000
c<B>r<17>R<VAL> -23.665001 -10.459000 15.838000
c<B>r<18>R<SER> -26.363001 -12.479000 17.707001
c<B>r<21>R<TYR> -22.552000 -13.317000 21.309000
c<B>r<32>R<GLY> -13.980000 -8.118000 24.150999
c<B>r<34>R<CYS> -16.701000 -11.202000 20.643000
c<B>r<35>R<ILE> -15.767000 -7.767000 19.167999
c<B>r<36>R<THR> -12.428000 -9.174000 17.858999
c<B>r<37>R<LYS> -14.297000 -12.146000 16.229000
c<B>r<38>R<LEU> -16.775999 -9.776000 14.460000
c<B>r<39>R<GLU> -13.957000 -7.383000 13.436000
c<B>r<40>R<ASN> -11.923000 -10.286000 11.903000
c<B>r<41>R<MET> -15.044000 -11.464000 9.980000
c<B>r<42>R<GLY> -15.459000 -7.860000 8.733000
c<B>r<43>R<PHE> -11.726000 -7.765000 7.798000
c<B>r<44>R<ARG> -11.999000 -10.878000 5.552000
c<B>r<45>R<VAL> -15.217000 -9.565000 3.940000
c<B>r<46>R<GLY> -13.503000 -6.141000 3.500000
c<B>r<47>R<GLN> -10.584000 -7.843000 1.693000
c<B>r<48>R<GLY> -12.950000 -9.924000 -0.523000
c<B>r<49>R<LEU> -14.985000 -6.765000 -1.353000
c<B>r<50>R<ILE> -11.740000 -4.941000 -2.441000
c<B>r<51>R<GLU> -10.462000 -8.024000 -4.369000
c<B>r<53>R<PHE> -12.121000 -3.934000 -7.311000
c<B>r<56>R<ASP> -11.015000 -0.000000 -10.141000
c<B>r<57>R<ILE> -7.348000 -0.096000 -9.017000
c<B>r<60>R<PHE> -7.063000 4.568000 -10.632000
c<B>r<61>R<ILE> -3.660000 3.762000 -12.265000
c<B>r<64>R<ASP> -5.363000 9.517000 -11.055000
c<B>r<65>R<PHE> -1.819000 8.042000 -11.017000
c<B>r<68>R<THR> -0.417000 12.975000 -11.544000
c<B>r<69>R<VAL> 2.779000 11.874000 -13.393000
c<B>r<70>R<PHE> 2.007000 12.567000 -17.097000
c<B>r<71>R<LYS> -0.769000 15.263000 -16.849001
c<B>r<93>R<ARG> 5.691000 11.798000 -24.155001
c<B>r<94>R<LEU> 8.766000 9.935000 -22.746000
c<B>r<95>R<LEU> 9.000000 7.857000 -25.961000
c<B>r<96>R<THR> 11.232000 10.329000 -27.851000
c<B>r<97>R<HIS> 14.060000 7.985000 -28.990999
c<B>r<99>R<SER> 12.051000 1.460000 -25.938000
c<B>r<100>R<LYS> 14.562000 1.820000 -23.000000
c<B>r<101>R<TYR> 12.599000 4.940000 -21.902000
c<B>r<102>R<LEU> 9.639000 2.641000 -20.974001
c<B>r<103>R<ALA> 11.641000 0.805000 -18.223000
c<B>r<104>R<PHE> 11.289000 3.633000 -15.657000
c<B>r<105>R<THR> 7.519000 3.764000 -16.393000
c<B>r<106>R<CYS> 7.132000 -0.035000 -15.972000
c<B>r<107>R<GLY> 8.865000 0.579000 -12.619000
c<B>r<108>R<LEU> 6.459000 3.450000 -11.724000
c<B>r<109>R<ILE> 3.366000 1.277000 -12.455000
c<B>r<110>R<ARG> 4.812000 -1.819000 -10.650000
c<B>r<111>R<GLY> 5.963000 0.302000 -7.665000
c<B>r<112>R<GLY> 2.530000 1.920000 -7.453000
c<B>r<113>R<LEU> 0.742000 -1.478000 -7.612000
c<B>r<114>R<SER> 3.212000 -2.968000 -5.078000
c<B>r<115>R<ASN> 2.437000 -0.132000 -2.606000
c<B>r<116>R<LEU> -1.279000 -0.959000 -3.126000
c<B>r<117>R<GLY> -0.381000 -4.591000 -2.096000
c<B>r<118>R<ILE> -0.697000 -5.917000 -5.712000
c<B>r<122>R<VAL> 4.839000 -4.858000 -15.853000
