c<A>r<14>R<GLN> -0.748000 -2.262000 6.812000
c<A>r<17>R<THR> -0.314000 -5.519000 3.047000
c<A>r<21>R<LEU> 1.920000 -5.151000 -2.712000
c<A>r<24>R<LEU> 2.610000 -7.164000 -7.283000
c<A>r<27>R<LEU> 2.307000 -10.753000 -10.918000
c<A>r<30>R<VAL> -2.536000 -16.047001 -12.907000
c<A>r<68>R<THR> -9.009000 -16.739000 -13.987000
c<A>r<69>R<GLY> -7.177000 -14.189000 -11.827000
c<A>r<70>R<GLN> -4.494000 -13.628000 -9.202000
c<A>r<73>R<LEU> -5.691000 -9.982000 -5.448000
c<A>r<74>R<LEU> -9.053000 -11.807000 -5.260000
c<A>r<76>R<LEU> -7.472000 -9.124000 -0.761000
c<A>r<77>R<LEU> -10.669000 -7.938000 -2.526000
c<A>r<80>R<ASN> -11.505000 -5.890000 2.266000
c<A>r<81>R<LEU> -15.271000 -6.303000 1.582000
c<A>r<83>R<ASP> -13.497000 -6.303000 6.890000
c<A>r<84>R<ASN> -15.722000 -3.367000 5.818000
c<A>r<118>R<ARG> -19.198000 7.845000 -0.681000
c<A>r<119>R<ILE> -18.289000 5.055000 -3.207000
c<A>r<122>R<LEU> -16.445999 2.627000 -10.086000
c<A>r<123>R<HIS> -16.402000 0.966000 -13.461000
c<A>r<124>R<GLY> -17.145000 -2.541000 -14.678000
c<A>r<125>R<ASN> -17.726000 -5.265000 -12.095000
c<A>r<126>R<VAL> -18.447001 -3.971000 -8.493000
c<B>r<1>R<ASP> -7.687000 -12.382000 -22.188999
c<B>r<4>R<GLY> -9.264000 -9.171000 -17.464001
c<B>r<5>R<ILE> -6.119000 -9.076000 -15.247000
c<B>r<6>R<ASP> -5.343000 -5.389000 -15.926000
c<B>r<7>R<ARG> -8.934000 -4.548000 -14.760000
c<B>r<8>R<ALA> -8.701000 -6.698000 -11.584000
c<B>r<9>R<THR> -5.393000 -4.962000 -10.644000
c<B>r<10>R<ARG> -7.037000 -1.513000 -11.219000
c<B>r<11>R<LEU> -10.112000 -2.493000 -9.134000
c<B>r<12>R<VAL> -7.916000 -3.705000 -6.224000
c<B>r<13>R<ASP> -5.803000 -0.503000 -6.389000
c<B>r<14>R<GLN> -9.056000 1.536000 -6.316000
c<B>r<15>R<LEU> -10.509000 -0.607000 -3.435000
c<B>r<16>R<LEU> -7.221000 -0.156000 -1.479000
c<B>r<18>R<LEU> -10.991000 3.484000 -0.727000
c<B>r<19>R<SER> -9.985000 1.392000 2.348000
c<B>r<20>R<ARG> -7.245000 4.047000 2.935000
c<B>r<21>R<LEU> -10.096000 6.659000 2.800000
c<B>r<22>R<ASP> -12.331000 4.714000 5.323000
