1762091099864 0.0 34
1762091099875 0.0 34
1762091129690 1.0 69
1762091129699 1.0 69
1762091161594 2.0 104
1762091161604 2.0 104
1762091194901 3.0 139
1762091194913 3.0 139
1762091226571 4.0 174
1762091226579 4.0 174
1762091256913 5.0 209
1762091256921 5.0 209
1762091286779 6.0 244
1762091286787 6.0 244
1762091316742 7.0 279
1762091316750 7.0 279
1762091346895 8.0 314
1762091346903 8.0 314
1762091377030 9.0 349
1762091377039 9.0 349
1762091407940 10.0 384
1762091407950 10.0 384
1762091438287 11.0 419
1762091438295 11.0 419
1762091472368 12.0 454
1762091472371 12.0 454
1762091504819 13.0 489
1762091504821 13.0 489
1762091538346 14.0 524
1762091538356 14.0 524
1762091571140 15.0 559
1762091571152 15.0 559
1762091603639 16.0 594
1762091603648 16.0 594
1762091636495 17.0 629
1762091636505 17.0 629
1762091670562 18.0 664
1762091670571 18.0 664
1762091703092 19.0 699
1762091703094 19.0 699
1762091734356 20.0 734
1762091734364 20.0 734
1762091765556 21.0 769
1762091765565 21.0 769
1762091797449 22.0 804
1762091797458 22.0 804
1762091832576 23.0 839
1762091832586 23.0 839
1762091865712 24.0 874
1762091865721 24.0 874
1762091900288 25.0 909
1762091900298 25.0 909
1762091933174 26.0 944
1762091933183 26.0 944
1762091966754 27.0 979
1762091966763 27.0 979
1762091999765 28.0 1014
1762091999774 28.0 1014
1762092032206 29.0 1049
1762092032216 29.0 1049
1762092065548 30.0 1084
1762092065560 30.0 1084
1762092098895 31.0 1119
1762092098907 31.0 1119
1762092132229 32.0 1154
1762092132239 32.0 1154
1762092164989 33.0 1189
1762092164992 33.0 1189
1762092200173 34.0 1224
1762092200177 34.0 1224
1762092234087 35.0 1259
1762092234091 35.0 1259
1762092268882 36.0 1294
1762092268895 36.0 1294
1762092302737 37.0 1329
1762092302741 37.0 1329
1762092337637 38.0 1364
1762092337650 38.0 1364
1762092370964 39.0 1399
1762092370967 39.0 1399
1762092405090 40.0 1434
1762092405101 40.0 1434
1762092438830 41.0 1469
1762092438840 41.0 1469
1762092472806 42.0 1504
1762092472816 42.0 1504
1762092504669 43.0 1539
1762092504678 43.0 1539
1762092539455 44.0 1574
1762092539465 44.0 1574
1762092571615 45.0 1609
1762092571626 45.0 1609
1762092605210 46.0 1644
1762092605220 46.0 1644
1762092641396 47.0 1679
1762092641406 47.0 1679
1762092678600 48.0 1714
1762092678610 48.0 1714
1762092713435 49.0 1749
1762092713445 49.0 1749
1762092747688 50.0 1784
1762092747690 50.0 1784
1762092783518 51.0 1819
1762092783521 51.0 1819
1762092820799 52.0 1854
1762092820810 52.0 1854
1762092861256 53.0 1889
1762092861258 53.0 1889
1762092895352 54.0 1924
1762092895354 54.0 1924
1762092933810 55.0 1959
1762092933812 55.0 1959
1762092970264 56.0 1994
1762092970268 56.0 1994
1762093008427 57.0 2029
1762093008429 57.0 2029
1762093046069 58.0 2064
1762093046071 58.0 2064
1762093081203 59.0 2099
1762093081205 59.0 2099
1762093116341 60.0 2134
1762093116344 60.0 2134
1762093151474 61.0 2169
1762093151476 61.0 2169
1762093187272 62.0 2204
1762093187276 62.0 2204
1762093223448 63.0 2239
1762093223450 63.0 2239
1762093260387 64.0 2274
1762093260390 64.0 2274
1762093296043 65.0 2309
1762093296045 65.0 2309
1762093331323 66.0 2344
1762093331326 66.0 2344
1762093368134 67.0 2379
1762093368136 67.0 2379
1762093404633 68.0 2414
1762093404635 68.0 2414
1762093441301 69.0 2449
1762093441303 69.0 2449
1762093479776 70.0 2484
1762093479779 70.0 2484
1762093514803 71.0 2519
1762093514806 71.0 2519
1762093548544 72.0 2554
1762093548546 72.0 2554
1762093581409 73.0 2589
1762093581412 73.0 2589
1762093615901 74.0 2624
1762093615903 74.0 2624
1762093649473 75.0 2659
1762093649475 75.0 2659
1762093681776 76.0 2694
1762093681778 76.0 2694
1762093716362 77.0 2729
1762093716365 77.0 2729
1762093749517 78.0 2764
1762093749519 78.0 2764
1762093782459 79.0 2799
1762093782462 79.0 2799
1762093817306 80.0 2834
1762093817309 80.0 2834
1762093850051 81.0 2869
1762093850054 81.0 2869
1762093883968 82.0 2904
1762093883971 82.0 2904
1762093917710 83.0 2939
1762093917713 83.0 2939
1762093951836 84.0 2974
1762093951838 84.0 2974
1762093990006 85.0 3009
1762093990008 85.0 3009
1762094027655 86.0 3044
1762094027657 86.0 3044
1762094065719 87.0 3079
1762094065721 87.0 3079
1762094102317 88.0 3114
1762094102319 88.0 3114
1762094137390 89.0 3149
1762094137393 89.0 3149
1762094173640 90.0 3184
1762094173642 90.0 3184
1762094211921 91.0 3219
1762094211924 91.0 3219
1762094251381 92.0 3254
1762094251383 92.0 3254
1762094286056 93.0 3289
1762094286059 93.0 3289
1762094318577 94.0 3324
1762094318579 94.0 3324
1762094324181 95.0 3325
