c<A>r<20>R<THR> 15.865000 5.196000 42.150002
c<A>r<21>R<ALA> 15.112000 5.946000 45.790001
c<A>r<22>R<SER> 17.525000 8.380000 47.398998
c<A>r<23>R<VAL> 19.388000 7.742000 50.644001
c<A>r<24>R<ARG> 18.042999 9.830000 53.511002
c<A>r<25>R<GLY> 20.003000 13.081000 53.731998
c<A>r<26>R<GLU> 21.783001 12.435000 50.430000
c<A>r<27>R<TRP> 20.497000 15.716000 48.938999
c<A>r<28>R<PRO> 20.267000 17.959000 52.049000
c<A>r<37>i<D>R<ARG> -0.051000 18.844999 48.568001
c<A>r<72>R<LEU> 12.983000 11.876000 52.293999
c<A>r<73>R<ASN> 9.419000 10.531000 52.236000
c<A>r<74>R<GLN> 6.332000 12.705000 51.780998
c<A>r<75>R<ALA> 4.813000 10.431000 54.441002
c<A>r<76>R<GLU> 7.053000 12.193000 56.980000
c<A>r<77>R<ILE> 4.945000 15.293000 56.449001
c<A>r<78>R<ALA> 1.912000 15.413000 58.723000
c<A>r<79>R<GLU> -0.153000 18.209000 60.238998
c<A>r<80>R<ASP> 2.253000 18.194000 63.209999
c<A>r<81>R<THR> 5.402000 18.466999 61.088001
c<A>r<114>R<TYR> 21.672001 23.804001 59.216000
c<A>r<115>R<ALA> 22.320000 20.163000 60.062000
c<A>r<116>R<ASP> 23.278000 16.921000 58.319000
c<A>r<117>R<SER> 19.688000 16.667999 57.044998
c<A>r<135>R<ASP> 28.577000 13.739000 37.683998
c<A>r<137>R<TRP> 21.962999 14.250000 39.236000
c<A>r<141>R<TRP> 9.123000 13.725000 44.036999
c<A>r<142>R<GLY> 7.782000 14.264000 40.569000
c<A>r<143>R<TYR> 6.008000 11.801000 38.292999
c<A>r<144>R<ARG> 7.637000 8.502000 37.423000
c<A>r<145>R<LYS> 5.975000 8.808000 34.047001
c<A>r<146>R<LEU> 4.144000 11.462000 32.000999
c<A>r<147>R<ARG> 0.793000 10.216000 33.310001
c<A>r<148>R<ASP> 1.498000 9.530000 36.979000
c<A>r<149>R<LYS> 1.461000 11.118000 40.436001
c<A>r<151>R<ILE> 3.628000 12.584000 43.193001
c<A>r<152>R<GLN> 5.998000 9.995000 44.625999
c<A>r<153>R<ASN> 6.471000 9.272000 48.316002
c<A>r<154>R<THR> 10.233000 8.736000 48.266998
c<A>r<155>R<LEU> 12.638000 11.344000 46.868999
c<A>r<156>R<GLN> 13.946000 9.925000 43.583000
c<A>r<157>R<LYS> 17.325001 10.525000 41.962002
c<A>r<158>R<ALA> 18.723000 9.962000 38.483002
c<A>r<159>R<LYS> 22.176001 10.526000 37.042000
c<A>r<202>i<C>R<GLU> 34.250999 16.830999 45.905998
c<A>r<202>i<D>R<VAL> 31.958000 19.872000 45.979000
c<A>r<203>R<TRP> 28.305000 19.924999 44.932999
c<C>r<5>R<GLN> 38.627998 -13.407000 44.816002
c<C>r<6>R<PRO> 40.813999 -10.463000 43.577999
c<C>r<7>R<LEU> 38.455002 -7.485000 43.276001
c<C>r<8>R<GLU> 40.387001 -6.368000 40.195999
c<C>r<15>R<GLN> 40.848999 2.397000 43.494999
c<C>r<16>R<ALA> 40.676998 3.831000 47.015999
c<C>r<21>R<LYS> 39.138000 3.529000 51.685001
c<C>r<22>R<ARG> 37.196999 0.942000 49.631001
c<C>r<23>R<GLN> 34.713001 -1.159000 51.605999
c<C>r<24>R<VAL> 33.922001 -4.508000 49.964001
c<C>r<25>R<ILE> 31.006001 -6.737000 50.992001
c<C>r<26>R<GLN> 30.848000 -10.135000 49.228001
c<C>r<27>R<LEU> 27.766001 -12.114000 50.263000
c<C>r<35>R<THR> 13.409000 -13.349000 50.462002
c<C>r<36>R<LEU> 16.655001 -11.802000 51.707001
c<C>r<37>R<LYS> 17.660999 -8.158000 51.867001
c<C>r<38>R<VAL> 20.858999 -6.573000 53.113998
c<C>r<39>R<GLU> 21.014999 -3.650000 55.553001
c<C>r<40>R<LEU> 23.948000 -1.286000 54.987999
c<C>r<41>R<LEU> 25.486000 0.471000 57.980000
c<C>r<54>R<ARG> 23.065001 10.634000 63.730999
c<C>r<55>R<LEU> 25.993000 10.855000 61.299999
c<C>r<56>R<GLY> 26.083000 13.106000 58.227001
c<C>r<57>R<GLY> 26.733000 12.116000 54.626999
c<C>r<58>R<LYS> 25.177999 11.424000 51.227001
c<C>r<59>R<LEU> 25.250999 8.005000 49.549999
c<C>r<60>R<GLU> 25.195000 7.997000 45.747002
c<C>r<61>R<ASN> 24.958000 4.875000 43.605000
c<C>r<62>R<LYS> 27.466999 4.697000 40.743000
c<C>r<74>R<PHE> 29.705000 8.051000 50.698002
c<C>r<75>R<ASP> 30.820000 11.664000 51.021000
c<C>r<76>R<LYS> 29.702000 14.787000 52.896999
c<C>r<77>R<VAL> 30.417999 12.966000 56.174000
c<C>r<78>R<SER> 29.452999 15.698000 58.631001
c<C>r<79>R<SER> 29.546000 16.076000 62.400002
c<C>r<80>R<PRO> 26.780001 13.883000 63.887001
c<C>r<81>R<VAL> 23.634001 16.011000 64.196999
c<C>r<82>R<SER> 22.195000 15.006000 67.579002
c<C>r<99>R<ALA> 24.388000 7.612000 58.883999
c<C>r<100>R<TYR> 20.872000 7.615000 57.435001
c<C>r<101>R<LEU> 20.974001 6.061000 53.959999
c<C>r<102>R<GLY> 17.228001 5.547000 54.282001
c<C>r<103>R<ASP> 16.091999 3.639000 51.201000
c<C>r<104>R<ALA> 19.624001 3.065000 49.805000
c<C>r<105>R<GLY> 20.503000 1.140000 52.963001
c<C>r<106>R<MET> 18.410999 -1.932000 52.125999
c<C>r<115>R<ILE> 28.615999 -4.735000 47.202000
c<C>r<116>R<VAL> 31.421000 -2.121000 47.037998
c<C>r<117>R<VAL> 31.124001 1.100000 49.082001
c<C>r<124>R<ASP> 33.094002 2.310000 58.207001
c<C>r<125>R<VAL> 30.761000 -0.124000 56.452999
c<C>r<126>R<LYS> 28.997000 -3.037000 58.147999
c<C>r<127>R<TYR> 25.938999 -5.112000 57.215000
c<C>r<128>R<ARG> 22.974001 -7.110000 58.511002
c<C>r<129>R<VAL> 21.039000 -9.740000 56.542000
c<C>r<130>R<TRP> 17.245001 -9.564000 56.879002
c<C>r<131>R<LYS> 15.181000 -12.721000 56.332001
c<C>r<132>R<ALA> 11.616000 -12.062000 55.077000
c<C>r<133>R<GLU> 8.578000 -14.127000 56.063999
c<C>r<134>R<GLU> 6.704000 -16.674000 53.949001
c<C>r<135>R<LYS> 3.116000 -15.518000 54.498001
c<C>r<136>R<ILE> 1.893000 -12.236000 52.999001
c<C>r<137>R<ASP> -0.917000 -11.155000 55.330002
c<C>r<138>R<ASN> -3.984000 -8.950000 54.902000
c<C>r<139>R<ALA> -5.101000 -5.827000 56.721001
c<C>r<140>R<VAL> -8.670000 -5.438000 58.056999
c<C>r<141>R<VAL> -10.847000 -2.557000 56.657001
c<C>r<142>R<ARG> -12.552000 -1.580000 59.948002
c<D>r<6>R<PRO> -12.439000 -0.495000 68.608002
c<D>r<7>R<LEU> -10.406000 1.935000 66.486000
c<D>r<16>R<ALA> -13.081000 6.806000 55.831001
c<D>r<21>R<LYS> -11.337000 3.156000 52.692001
c<D>r<22>R<ARG> -9.282000 2.760000 55.894001
c<D>r<23>R<GLN> -6.733000 -0.038000 56.183998
c<D>r<24>R<VAL> -5.841000 -1.171000 59.713001
c<D>r<25>R<ILE> -2.766000 -3.208000 60.638000
c<D>r<26>R<GLN> -2.596000 -4.162000 64.329002
c<D>r<27>R<LEU> 0.509000 -6.292000 64.941002
c<D>r<35>R<THR> 15.035000 -6.923000 65.012001
c<D>r<36>R<LEU> 11.622000 -6.763000 63.330002
c<D>r<37>R<LYS> 10.404000 -4.581000 60.466999
c<D>r<38>R<VAL> 7.165000 -4.498000 58.492001
c<D>r<39>R<GLU> 6.977000 -4.406000 54.686001
c<D>r<41>R<LEU> 2.389000 -3.547000 50.195999
c<D>r<54>R<ARG> 4.382000 -0.840000 38.807999
c<D>r<55>R<LEU> 1.369000 0.896000 40.370998
c<D>r<56>R<GLY> 1.278000 4.681000 40.792999
c<D>r<57>R<GLY> 0.646000 6.886000 43.804001
c<D>r<58>R<LYS> 2.269000 8.821000 46.641998
c<D>r<59>R<LEU> 2.196000 7.680000 50.285999
c<D>r<60>R<GLU> 2.290000 10.626000 52.715000
c<D>r<61>R<ASN> 2.661000 10.097000 56.473000
c<D>r<62>R<LYS> 0.187000 11.995000 58.640999
c<D>r<63>R<THR> 0.223000 12.271000 62.438999
c<D>r<64>R<LEU> -2.893000 12.422000 64.609001
c<D>r<65>R<GLU> -2.645000 15.874000 66.224998
c<D>r<66>R<GLY> -3.627000 16.277000 69.860001
c<D>r<68>R<GLY> 0.692000 12.321000 68.361000
c<D>r<70>R<ASP> 0.685000 8.018000 63.270000
c<D>r<71>R<TYR> -1.208000 7.077000 60.097000
c<D>r<72>R<TYR> -0.305000 7.104000 56.394001
c<D>r<73>R<VAL> -2.276000 8.228000 53.317001
c<D>r<74>R<PHE> -2.275000 7.182000 49.650002
c<D>r<75>R<ASP> -3.557000 9.327000 46.783001
c<D>r<76>R<LYS> -2.501000 10.048000 43.175999
c<D>r<77>R<VAL> -3.305000 6.441000 42.233002
c<D>r<78>R<SER> -2.267000 6.406000 38.577999
c<D>r<79>R<SER> -2.654000 3.672000 35.973999
c<D>r<80>R<PRO> 0.142000 1.150000 36.659000
c<D>r<81>R<VAL> 3.196000 2.048000 34.576000
c<D>r<82>R<SER> 5.062000 -0.880000 33.002998
c<D>r<99>R<ALA> 3.207000 0.767000 44.229000
c<D>r<100>R<TYR> 6.715000 1.941000 45.108002
c<D>r<101>R<LEU> 6.664000 3.316000 48.639000
c<D>r<102>R<GLY> 10.417000 2.946000 48.798000
c<D>r<103>R<ASP> 11.609000 3.889000 52.268002
c<D>r<104>R<ALA> 8.139000 4.540000 53.741001
c<D>r<105>R<GLY> 7.251000 0.880000 53.180000
c<D>r<106>R<MET> 9.652000 -0.596000 55.757000
c<D>r<115>R<ILE> -0.697000 1.085000 61.452000
c<D>r<116>R<VAL> -3.539000 2.975000 59.755001
c<D>r<117>R<VAL> -3.325000 3.614000 56.000000
c<D>r<118>R<TYR> -5.873000 5.711000 54.062000
c<D>r<124>R<ASP> -5.313000 -2.507000 48.821999
c<D>r<125>R<VAL> -2.948000 -2.792000 51.782001
c<D>r<126>R<LYS> -1.037000 -5.898000 52.891998
c<D>r<127>R<TYR> 2.138000 -6.596000 54.869999
c<D>r<128>R<ARG> 5.049000 -8.947000 55.451000
c<D>r<129>R<VAL> 7.123000 -9.127000 58.655998
c<D>r<130>R<TRP> 10.906000 -9.116000 58.097000
c<D>r<131>R<LYS> 13.136000 -10.711000 60.751999
c<D>r<132>R<ALA> 16.716999 -9.368000 60.903000
c<D>r<133>R<GLU> 19.820999 -11.203000 62.040001
c<D>r<134>R<GLU> 21.905001 -11.106000 65.202003
c<D>r<135>R<LYS> 25.445999 -10.874000 63.876999
c<D>r<136>R<ILE> 26.521999 -7.633000 62.257999
c<D>r<137>R<ASP> 29.264999 -8.643000 59.837002
c<D>r<138>R<ASN> 32.258999 -6.573000 58.675999
c<D>r<139>R<ALA> 33.141998 -5.351000 55.200001
c<D>r<140>R<VAL> 36.606998 -6.457000 54.113998
c<D>r<141>R<VAL> 38.876999 -3.704000 52.773998
c<D>r<142>R<ARG> 40.234001 -5.160000 49.527000
