c<A>r<45>R<ILE> 20.969999 28.313999 49.008999
c<A>r<46>R<GLY> 20.968000 30.507000 52.110001
c<A>r<47>R<ASN> 19.649000 30.386999 55.681999
c<A>r<48>R<GLN> 16.478001 32.203999 54.632999
c<A>r<51>R<TRP> 16.521999 31.469999 50.904999
c<A>r<60>R<GLU> -1.692000 35.070999 44.724998
c<A>r<61>R<SER> -0.144000 34.907001 48.188000
c<A>r<62>R<PRO> 2.896000 33.373001 49.935001
c<A>r<63>R<LYS> 0.579000 32.575001 52.851002
c<A>r<90>R<ILE> 10.027000 36.109001 40.491001
c<A>r<91>R<HIS> 12.534000 37.271000 37.895000
c<A>r<92>R<ASP> 10.968000 40.393002 36.360001
c<A>r<93>R<GLN> 11.695000 39.049000 32.868999
c<A>r<107>R<LYS> 12.403000 34.376999 51.305000
c<A>r<108>R<LEU> 11.529000 32.346001 54.400002
c<A>r<109>R<GLU> 9.789000 33.765999 57.466000
c<A>r<110>R<THR> 12.375000 32.092999 59.695000
c<A>r<111>R<THR> 15.948000 30.900999 59.210999
c<A>r<112>R<VAL> 16.908001 27.297001 58.567001
c<A>r<113>R<ASN> 19.129999 25.754000 61.238998
c<A>r<114>R<TYR> 21.672001 23.804001 59.216000
c<A>r<123>R<SER> 26.931999 26.141001 46.702000
c<A>r<124>R<LEU> 26.101999 28.191999 43.638000
c<A>r<125>R<PRO> 28.240000 27.697001 40.514999
c<A>r<126>R<SER> 31.098000 30.132999 39.942001
c<A>r<127>R<LYS> 31.350000 32.164001 36.735001
c<A>r<128>R<GLY> 34.839001 30.719999 36.464001
c<A>r<234>R<TYR> 21.780001 34.273998 37.470001
c<A>r<235>R<VAL> 24.371000 34.580002 40.241001
c<A>r<236>R<ASP> 24.351999 38.374001 39.860001
c<A>r<237>R<TRP> 20.549999 38.395000 39.991001
c<A>r<238>R<ILE> 20.537001 36.153000 43.066002
c<A>r<239>R<LEU> 23.063000 38.375000 44.847000
c<A>r<240>R<GLU> 21.048000 41.514999 44.087002
c<A>r<241>R<LYS> 17.684999 40.029999 45.076000
c<A>r<242>R<THR> 18.955999 38.431000 48.285000
c<A>r<243>R<GLN> 20.245001 41.733002 49.682999
c<A>r<244>R<ALA> 18.615000 43.313999 52.723000
c<A>r<245>R<VAL> 17.191999 46.834000 52.544998
c<C>r<5>R<GLN> 30.431000 46.806999 71.870003
c<C>r<6>R<PRO> 31.716999 43.160000 71.696999
c<C>r<7>R<LEU> 30.065001 41.632999 68.621002
c<C>r<8>R<GLU> 29.787001 38.339001 70.502998
c<C>r<15>R<GLN> 33.261002 33.681000 63.144001
c<C>r<16>R<ALA> 35.487999 34.744999 60.245998
c<C>r<21>R<LYS> 37.153999 38.230000 57.191002
c<C>r<22>R<ARG> 34.060001 39.609001 58.980999
c<C>r<23>R<GLN> 33.105000 43.172001 58.048000
c<C>r<24>R<VAL> 31.066000 44.945999 60.736000
c<C>r<25>R<ILE> 29.172001 48.202999 60.158001
c<C>r<26>R<GLN> 27.540001 49.719002 63.277000
c<C>r<27>R<LEU> 25.552999 52.855000 62.438999
c<C>r<35>R<THR> 14.403000 58.923000 55.618000
c<C>r<36>R<LEU> 17.879000 57.375000 55.634998
c<C>r<37>R<LYS> 19.202000 54.445999 53.639000
c<C>r<38>R<VAL> 22.646999 52.888000 53.603001
c<C>r<39>R<GLU> 24.638000 52.113998 50.448002
c<C>r<40>R<LEU> 26.848000 49.022999 50.701000
c<C>r<41>R<LEU> 30.110001 48.939999 48.763000
c<C>r<56>R<GLY> 32.266998 39.620998 40.483002
c<C>r<57>R<GLY> 30.417000 38.018002 43.375999
c<C>r<58>R<LYS> 27.018000 37.089001 44.806000
c<C>r<59>R<LEU> 25.617001 38.589001 48.014000
c<C>r<60>R<GLU> 23.214001 36.396999 49.985001
c<C>r<61>R<ASN> 21.320000 37.518002 53.075001
c<C>r<62>R<LYS> 21.466999 35.097000 56.014000
c<C>r<63>R<THR> 19.643000 35.436001 59.326000
c<C>r<64>R<LEU> 20.941999 34.390999 62.758999
c<C>r<65>R<GLU> 18.847000 31.417000 63.928001
c<C>r<66>R<GLY> 17.434000 31.448999 67.449997
c<C>r<67>R<TRP> 17.913000 35.230000 67.369003
c<C>r<68>R<GLY> 16.562000 36.360001 63.990002
c<C>r<69>R<TYR> 19.441999 38.804001 63.428001
c<C>r<70>R<ASP> 20.531000 39.831001 59.911999
c<C>r<71>R<TYR> 23.917999 39.330002 58.240002
c<C>r<72>R<TYR> 25.105000 39.058998 54.625999
c<C>r<73>R<VAL> 27.622000 36.869999 52.761002
c<C>r<74>R<PHE> 29.785999 37.659000 49.723000
c<C>r<75>R<ASP> 31.291000 34.808998 47.717999
c<C>r<76>R<LYS> 31.969000 34.008999 44.055000
c<C>r<77>R<VAL> 34.334999 37.001999 43.931999
c<C>r<78>R<SER> 35.445000 36.772999 40.306999
c<C>r<79>R<SER> 37.902000 38.661999 38.125000
c<C>r<99>R<ALA> 30.691000 44.623001 42.929001
c<C>r<100>R<TYR> 27.069000 45.013000 41.839001
c<C>r<101>R<LEU> 24.802000 44.089001 44.755001
c<C>r<102>R<GLY> 22.037001 45.970001 42.963001
c<C>r<103>R<ASP> 19.013000 45.970001 45.259998
c<C>r<104>R<ALA> 20.813000 44.334000 48.233002
c<C>r<105>R<GLY> 23.219000 47.277000 48.327999
c<C>r<106>R<MET> 20.704000 49.773998 49.726002
c<C>r<107>R<LEU> 19.959999 48.540001 53.262001
c<C>r<108>R<ARG> 17.618000 50.306000 55.650002
c<C>r<109>R<TYR> 19.407000 52.474998 58.223999
c<C>r<110>R<ASN> 18.931000 50.646000 61.528000
c<C>r<115>R<ILE> 25.212999 45.367001 59.549000
c<C>r<116>R<VAL> 27.603001 42.370998 59.358002
c<C>r<117>R<VAL> 29.035000 41.307999 55.972000
c<C>r<124>R<ASP> 36.369999 45.049999 51.410999
c<C>r<125>R<VAL> 33.176998 46.630001 52.735001
c<C>r<126>R<LYS> 32.506001 50.373001 52.870998
c<C>r<127>R<TYR> 29.305000 52.423000 53.141998
c<C>r<128>R<ARG> 27.568001 55.685001 52.243000
c<C>r<129>R<VAL> 24.527000 57.143002 54.021000
c<C>r<130>R<TRP> 21.818001 58.543999 51.733002
c<C>r<131>R<LYS> 19.493999 61.263000 53.049999
c<C>r<132>R<ALA> 16.034000 61.303001 51.393002
c<C>r<133>R<GLU> 14.040000 64.458000 50.661999
c<C>r<134>R<GLU> 10.966000 65.750000 52.493000
c<C>r<135>R<LYS> 8.668000 66.484001 49.544998
c<C>r<136>R<ILE> 7.191000 63.637001 47.491001
c<C>r<137>R<ASP> 6.591000 65.192001 44.067001
c<C>r<138>R<ASN> 4.219000 64.405998 41.202000
c<C>r<139>R<ALA> 4.863000 63.573002 37.570000
c<C>r<140>R<VAL> 2.974000 65.320999 34.733002
c<C>r<141>R<VAL> 0.771000 63.160999 32.393002
c<C>r<142>R<ARG> 1.611000 64.963997 29.117001
c<D>r<6>R<PRO> 7.203000 69.179001 23.906000
c<D>r<7>R<LEU> 7.758000 65.446999 24.459999
c<D>r<16>R<ALA> -0.330000 56.606998 25.379999
c<D>r<21>R<LYS> -1.371000 56.837002 30.388000
c<D>r<22>R<ARG> 2.158000 58.271999 30.054001
c<D>r<23>R<GLN> 3.972000 59.594002 33.116001
c<D>r<24>R<VAL> 6.714000 62.167000 32.492001
c<D>r<25>R<ILE> 9.422000 63.118000 34.987999
c<D>r<26>R<GLN> 11.727000 65.907997 33.779999
c<D>r<27>R<LEU> 14.252000 66.733002 36.518002
c<D>r<35>R<THR> 25.473000 62.130001 44.535999
c<D>r<36>R<LEU> 21.805000 62.231998 43.518002
c<D>r<37>R<LYS> 19.351000 59.393002 42.917999
c<D>r<38>R<VAL> 15.627000 59.319000 42.195999
c<D>r<39>R<GLU> 13.132000 57.098999 44.032001
c<D>r<41>R<LEU> 6.896000 55.464001 43.400002
c<D>r<57>R<GLY> 2.853000 44.709000 38.848000
c<D>r<58>R<LYS> 6.107000 44.375999 36.916000
c<D>r<59>R<LEU> 8.172000 47.362999 35.730999
c<D>r<60>R<GLU> 10.111000 46.588001 32.533001
c<D>r<78>R<SER> -2.704000 43.037998 40.380001
c<D>r<79>R<SER> -4.952000 43.657001 43.373001
c<D>r<81>R<VAL> -1.486000 41.974998 48.269001
c<D>r<82>R<SER> -1.373000 42.546001 52.035999
c<D>r<83>R<THR> -1.158000 40.972000 55.464001
c<D>r<101>R<LEU> 10.080000 48.027000 41.866001
c<D>r<102>R<GLY> 13.040000 47.070999 44.002998
c<D>r<103>R<ASP> 16.233000 47.985001 42.176998
c<D>r<104>R<ALA> 14.538000 49.588001 39.145000
c<D>r<105>R<GLY> 13.054000 52.252998 41.424999
c<D>r<106>R<MET> 16.334000 53.993000 42.324001
c<D>r<115>R<ILE> 12.054000 59.721001 32.771999
c<D>r<116>R<VAL> 9.030000 58.346001 30.903000
c<D>r<117>R<VAL> 6.944000 55.612999 32.556999
c<D>r<118>R<TYR> 4.024000 53.844002 30.829000
c<D>r<124>R<ASP> 0.204000 56.609001 39.376999
c<D>r<125>R<VAL> 3.837000 57.712002 39.257999
c<D>r<126>R<LYS> 5.628000 59.963001 41.761002
c<D>r<127>R<TYR> 9.229000 60.511002 42.859001
c<D>r<128>R<ARG> 11.558000 61.548000 45.659000
c<D>r<129>R<VAL> 15.131000 62.820000 45.188999
c<D>r<130>R<TRP> 17.716999 61.155998 47.463001
c<D>r<131>R<LYS> 20.898001 63.088001 48.310001
c<D>r<132>R<ALA> 23.929001 60.932999 49.214001
c<D>r<133>R<GLU> 26.815001 61.848999 51.478001
c<D>r<134>R<GLU> 30.403999 62.889000 50.848999
c<D>r<135>R<LYS> 32.353001 60.701000 53.249001
c<D>r<136>R<ILE> 32.577999 57.005001 52.492001
c<D>r<137>R<ASP> 33.077999 55.368000 55.881001
c<D>r<138>R<ASN> 34.930000 52.124001 56.676998
c<D>r<139>R<ALA> 33.605999 48.890999 58.145000
c<D>r<140>R<VAL> 35.483002 47.848999 61.276001
c<D>r<141>R<VAL> 36.745998 44.252998 61.327999
c<D>r<142>R<ARG> 35.604000 42.949001 64.719002
