c<A>r<127>R<LYS> 31.350000 32.164001 36.735001
c<A>r<128>R<GLY> 34.839001 30.719999 36.464001
c<A>r<129>R<ASP> 33.355000 27.233999 36.185001
c<A>r<130>R<ARG> 31.379000 27.868000 32.999001
c<A>r<131>R<ASN> 34.391998 26.308001 31.281000
c<A>r<132>R<VAL> 34.402000 23.319000 33.629002
c<A>r<132>i<A>R<ILE> 32.806000 20.152000 32.282001
c<A>r<133>R<TYR> 30.549999 18.468000 34.835999
c<A>r<134>R<THR> 30.534000 14.675000 34.553001
c<A>r<135>R<ASP> 28.577000 13.739000 37.683998
c<A>r<136>R<CYS> 25.172001 15.439000 37.601002
c<A>r<146>R<LEU> 4.144000 11.462000 32.000999
c<A>r<160>R<ILE> 21.889999 12.417000 33.761002
c<A>r<161>R<PRO> 24.671000 13.750000 31.518999
c<A>r<162>R<LEU> 24.709000 17.378000 30.431000
c<A>r<163>R<VAL> 24.330000 18.044001 26.715000
c<A>r<164>R<THR> 25.688000 21.014000 24.774000
c<A>r<165>R<ASN> 23.228001 23.809999 23.993999
c<A>r<166>R<GLU> 23.896000 23.275000 20.297001
c<A>r<167>R<GLU> 22.868000 19.639999 20.686001
c<A>r<168>R<CYS> 19.851999 20.674000 22.754000
c<A>r<169>R<GLN> 18.723000 23.250000 20.198000
c<A>r<170>R<LYS> 18.702000 20.495001 17.591000
c<A>r<171>R<ARG> 16.180000 18.570000 19.697001
c<A>r<172>R<TYR> 13.870000 21.566999 20.150999
c<A>r<173>R<ARG> 13.651000 23.223000 16.730000
c<A>r<173>i<A>R<GLY> 10.429000 24.978001 17.691000
c<A>r<174>R<HIS> 12.097000 26.694000 20.638000
c<A>r<175>R<LYS> 15.030000 28.966000 21.306999
c<A>r<176>R<ILE> 17.483999 27.280001 23.665001
c<A>r<177>R<THR> 19.415001 30.243000 25.072001
c<A>r<178>R<HIS> 22.693001 30.341000 26.974001
c<A>r<179>R<LYS> 20.539000 30.997000 30.040001
c<A>r<180>R<MET> 19.316000 27.413000 29.759001
c<A>r<181>R<ILE> 21.170000 24.134001 30.128000
c<A>r<182>R<CYS> 20.003000 20.684999 29.070999
c<A>r<183>R<ALA> 20.627001 17.176001 30.322001
c<A>r<184>R<GLY> 19.504000 13.851000 28.948000
c<A>r<184>i<A>R<TYR> 20.237000 10.595000 27.162001
c<A>r<185>R<ARG> 19.874001 10.361000 23.389999
c<A>r<186>R<GLU> 17.796000 7.241000 24.039000
c<A>r<187>R<GLY> 15.780000 8.913000 26.802000
c<A>r<217>R<GLU> 8.757000 17.768000 25.802999
c<A>r<218>R<GLY> 6.906000 15.189000 27.848000
c<A>r<219>R<CYS> 9.215000 13.153000 30.076000
c<A>r<220>R<ALA> 12.251000 10.974000 29.357000
c<A>r<221>R<GLN> 11.465000 10.756000 25.648001
c<A>r<222>R<ARG> 14.140000 9.836000 23.125999
c<A>r<223>R<GLU> 15.980000 12.844000 21.672001
c<A>r<224>R<ARG> 14.265000 15.206000 24.120001
c<A>r<230>R<ASN> 21.356001 27.767000 33.827999
c<A>r<232>R<VAL> 25.431999 30.448999 36.759998
c<A>r<233>R<GLU> 23.768999 33.016998 34.483002
c<C>r<5>R<GLN> 34.375999 53.250000 2.094000
c<C>r<6>R<PRO> 35.101002 55.098999 5.416000
c<C>r<7>R<LEU> 32.500000 53.823002 7.892000
c<C>r<8>R<GLU> 32.334999 57.313999 9.395000
c<C>r<15>R<GLN> 33.074001 53.771999 18.046000
c<C>r<16>R<ALA> 34.546001 50.525002 19.378000
c<C>r<21>R<LYS> 35.742001 45.792000 18.730000
c<C>r<22>R<ARG> 33.446999 46.834999 15.846000
c<C>r<23>R<GLN> 32.727001 44.113998 13.285000
c<C>r<24>R<VAL> 31.730000 45.477001 9.867000
c<C>r<25>R<ILE> 30.171000 43.355999 7.110000
c<C>r<26>R<GLN> 29.649000 45.153999 3.766000
c<C>r<27>R<LEU> 27.916000 42.912998 1.223000
c<C>r<35>R<THR> 16.181000 35.543999 -2.732000
c<C>r<36>R<LEU> 19.309999 35.971001 -0.609000
c<C>r<37>R<LYS> 19.667000 35.948002 3.158000
c<C>r<38>R<VAL> 22.750999 36.344002 5.308000
c<C>r<39>R<GLU> 23.698000 34.022999 8.178000
c<C>r<40>R<LEU> 25.490999 35.743000 11.064000
c<C>r<41>R<LEU> 28.069000 33.785000 13.046000
c<C>r<51>R<ASN> 30.613001 16.832001 21.969000
c<C>r<52>R<LEU> 29.129999 20.093000 20.673000
c<C>r<53>R<HIS> 29.547001 23.360001 22.589001
c<C>r<54>R<ARG> 27.455000 26.527000 22.489000
c<C>r<55>R<LEU> 28.604000 30.070999 23.294001
c<C>r<56>R<GLY> 26.721001 32.488998 25.558001
c<C>r<57>R<GLY> 25.540001 35.999001 24.754999
c<C>r<58>R<LYS> 22.568001 38.180000 23.820000
c<C>r<76>R<LYS> 26.705999 38.698002 27.964001
c<C>r<77>R<VAL> 29.304001 36.470001 26.273001
c<C>r<78>R<SER> 29.351000 33.582001 28.740999
c<C>r<79>R<SER> 31.340000 30.375000 29.083000
c<C>r<80>R<PRO> 30.142000 27.934999 26.385000
c<C>r<81>R<VAL> 27.334000 25.829000 27.868999
c<C>r<82>R<SER> 28.052999 22.320999 26.566999
c<C>r<83>R<THR> 27.212999 18.664000 27.097000
c<C>r<84>R<MET> 29.173000 15.778000 28.612000
c<C>r<85>R<MET> 29.209000 12.418000 26.833000
c<C>r<86>R<ALA> 32.664001 11.510000 28.166000
c<C>r<97>R<VAL> 32.233002 27.747999 18.813000
c<C>r<98>R<THR> 29.395000 30.138000 17.872000
c<C>r<99>R<ALA> 26.503000 31.667999 19.834000
c<C>r<100>R<TYR> 22.799999 31.106001 19.184000
c<C>r<101>R<LEU> 21.312000 34.291000 17.721001
c<C>r<102>R<GLY> 18.421000 32.159000 16.497000
c<C>r<103>R<ASP> 16.157000 34.415001 14.445000
c<C>r<104>R<ALA> 18.478001 37.473999 14.573000
c<C>r<105>R<GLY> 21.166000 35.442001 12.812000
c<C>r<106>R<MET> 19.455999 35.424999 9.408000
c<C>r<115>R<ILE> 25.874001 45.146000 8.666000
c<C>r<116>R<VAL> 27.730000 46.431999 11.768000
c<C>r<117>R<VAL> 28.046000 44.182999 14.849000
c<C>r<124>R<ASP> 34.276001 37.277000 16.301001
c<C>r<125>R<VAL> 31.785000 37.848000 13.488000
c<C>r<126>R<LYS> 31.648001 35.821999 10.270000
c<C>r<127>R<TYR> 28.922001 35.283001 7.662000
c<C>r<128>R<ARG> 27.427000 32.882999 5.119000
c<C>r<129>R<VAL> 25.188000 33.862000 2.192000
c<C>r<130>R<TRP> 22.157000 31.617001 1.637000
c<C>r<131>R<LYS> 20.635000 31.375999 -1.849000
c<C>r<132>R<ALA> 16.888000 30.552000 -1.868000
c<C>r<133>R<GLU> 15.181000 28.385000 -4.487000
c<C>r<134>R<GLU> 12.904000 29.510000 -7.318000
c<C>r<135>R<LYS> 10.003000 27.082001 -6.875000
c<C>r<136>R<ILE> 7.681000 27.374001 -3.870000
c<C>r<137>R<ASP> 6.374000 23.832001 -3.373000
c<C>r<138>R<ASN> 3.235000 22.386000 -1.789000
c<C>r<139>R<ALA> 2.761000 19.921000 1.041000
c<C>r<140>R<VAL> 0.407000 16.916000 0.725000
c<C>r<141>R<VAL> -2.600000 16.680000 3.154000
c<C>r<142>R<ARG> -2.461000 12.896000 3.747000
c<D>r<6>R<PRO> 1.988000 5.451000 4.728000
c<D>r<7>R<LEU> 2.203000 8.031000 7.527000
c<D>r<16>R<ALA> -6.369000 15.212000 11.928000
c<D>r<21>R<LYS> -5.976000 19.181000 8.717000
c<D>r<22>R<ARG> -2.519000 17.545000 8.681000
c<D>r<23>R<GLN> 0.207000 18.908001 6.417000
c<D>r<24>R<VAL> 2.975000 16.480000 5.433000
c<D>r<25>R<ILE> 6.355000 17.487000 4.009000
c<D>r<26>R<GLN> 8.576000 14.533000 3.060000
c<D>r<27>R<LEU> 11.831000 15.832000 1.554000
c<D>r<35>R<THR> 24.141001 23.263000 3.707000
c<D>r<36>R<LEU> 20.377001 22.936001 3.233000
c<D>r<37>R<LYS> 17.518000 24.514000 5.177000
c<D>r<38>R<VAL> 13.759000 24.533001 4.665000
c<D>r<39>R<GLU> 11.598000 27.672001 4.766000
c<D>r<41>R<LEU> 5.271000 29.061001 4.788000
c<D>r<59>R<LEU> 3.401000 27.650000 15.770000
c<D>r<60>R<GLU> 4.287000 25.302999 18.650000
c<D>r<61>R<ASN> 6.645000 22.347000 18.155001
c<D>r<62>R<LYS> 5.408000 19.025999 19.518999
c<D>r<63>R<THR> 7.380000 15.776000 19.750999
c<D>r<64>R<LEU> 5.878000 12.317000 19.278000
c<D>r<65>R<GLU> 6.390000 10.687000 22.693001
c<D>r<66>R<GLY> 7.404000 7.041000 22.856001
c<D>r<67>R<TRP> 9.099000 7.604000 19.490999
c<D>r<68>R<GLY> 10.860000 10.961000 19.816999
c<D>r<69>R<TYR> 9.627000 12.102000 16.398001
c<D>r<70>R<ASP> 8.867000 15.771000 15.655000
c<D>r<71>R<TYR> 5.770000 17.613001 14.408000
c<D>r<72>R<TYR> 4.587000 21.228001 14.653000
c<D>r<73>R<VAL> 1.151000 22.721001 15.417000
c<D>r<101>R<LEU> 6.968000 31.818001 12.360000
c<D>r<102>R<GLY> 10.253000 33.639999 12.711000
c<D>r<103>R<ASP> 12.919000 31.187000 13.822000
c<D>r<104>R<ALA> 10.679000 28.087000 13.780000
c<D>r<105>R<GLY> 10.213000 28.514000 10.025000
c<D>r<106>R<MET> 13.804000 27.707001 9.003000
c<D>r<107>R<LEU> 13.927000 23.976999 9.853000
c<D>r<108>R<ARG> 16.933001 21.750000 9.200000
c<D>r<115>R<ILE> 7.843000 17.378000 8.607000
c<D>r<116>R<VAL> 4.279000 17.165001 9.942000
c<D>r<117>R<VAL> 2.396000 20.405001 10.655000
c<D>r<118>R<TYR> -1.081000 20.524000 12.251000
c<D>r<124>R<ASP> -2.064000 26.181999 4.356000
c<D>r<125>R<VAL> 1.509000 24.898001 4.491000
c<D>r<126>R<LYS> 4.177000 25.270000 1.793000
c<D>r<127>R<TYR> 7.981000 25.283001 1.690000
c<D>r<128>R<ARG> 11.092000 26.534000 -0.069000
c<D>r<129>R<VAL> 14.534000 24.881001 0.111000
c<D>r<130>R<TRP> 17.410000 27.290001 0.851000
c<D>r<131>R<LYS> 20.917000 26.341000 -0.321000
c<D>r<132>R<ALA> 23.785999 27.895000 1.678000
c<D>r<133>R<GLU> 27.268999 28.714001 0.456000
c<D>r<134>R<GLU> 30.653999 27.072001 0.910000
c<D>r<135>R<LYS> 32.891998 29.986000 1.831000
c<D>r<136>R<ILE> 32.441002 31.559000 5.237000
c<D>r<137>R<ASP> 33.632999 35.137001 4.799000
c<D>r<138>R<ASN> 35.212002 37.428001 7.416000
c<D>r<139>R<ALA> 33.944000 40.708000 8.827000
c<D>r<140>R<VAL> 36.453999 43.526001 8.416000
c<D>r<141>R<VAL> 37.224998 45.526001 11.567000
c<D>r<142>R<ARG> 36.893002 49.146999 10.437000
