c<A>r<59>i<C>R<VAL> -0.447000 31.716000 43.424000
c<A>r<60>R<GLU> -1.692000 35.070999 44.724998
c<A>r<61>R<SER> -0.144000 34.907001 48.188000
c<A>r<62>R<PRO> 2.896000 33.373001 49.935001
c<A>r<63>R<LYS> 0.579000 32.575001 52.851002
c<A>r<84>R<GLY> 6.605000 29.849001 56.087002
c<A>r<85>R<VAL> 7.259000 32.000999 53.033001
c<A>r<86>R<GLN> 7.535000 35.742001 53.592999
c<A>r<87>R<GLU> 8.066000 36.707001 49.969002
c<A>r<88>R<ILE> 8.052000 35.209000 46.486000
c<A>r<89>R<ILE> 10.559000 36.883999 44.164001
c<A>r<92>R<ASP> 10.968000 40.393002 36.360001
c<A>r<93>R<GLN> 11.695000 39.049000 32.868999
c<A>r<94>R<TYR> 9.955000 35.723000 33.452000
c<A>r<95>R<LYS> 6.924000 34.992001 31.264000
c<A>r<96>R<MET> 6.922000 31.208000 30.924999
c<A>r<97>R<ALA> 9.232000 28.230000 31.392000
c<A>r<98>R<GLU> 9.873000 27.636999 27.691000
c<A>r<99>R<SER> 10.984000 31.254000 27.208000
c<A>r<100>R<GLY> 13.578000 31.177000 29.969999
c<A>r<101>R<TYR> 14.125000 33.196999 33.144001
c<A>r<107>R<LYS> 12.403000 34.376999 51.305000
c<A>r<108>R<LEU> 11.529000 32.346001 54.400002
c<A>r<109>R<GLU> 9.789000 33.765999 57.466000
c<A>r<127>R<LYS> 31.350000 32.164001 36.735001
c<A>r<130>R<ARG> 31.379000 27.868000 32.999001
c<A>r<165>R<ASN> 23.228001 23.809999 23.993999
c<A>r<166>R<GLU> 23.896000 23.275000 20.297001
c<A>r<169>R<GLN> 18.723000 23.250000 20.198000
c<A>r<174>R<HIS> 12.097000 26.694000 20.638000
c<A>r<175>R<LYS> 15.030000 28.966000 21.306999
c<A>r<176>R<ILE> 17.483999 27.280001 23.665001
c<A>r<177>R<THR> 19.415001 30.243000 25.072001
c<A>r<178>R<HIS> 22.693001 30.341000 26.974001
c<A>r<179>R<LYS> 20.539000 30.997000 30.040001
c<A>r<180>R<MET> 19.316000 27.413000 29.759001
c<A>r<233>R<GLU> 23.768999 33.016998 34.483002
c<A>r<234>R<TYR> 21.780001 34.273998 37.470001
c<A>r<235>R<VAL> 24.371000 34.580002 40.241001
c<A>r<236>R<ASP> 24.351999 38.374001 39.860001
c<A>r<237>R<TRP> 20.549999 38.395000 39.991001
c<A>r<239>R<LEU> 23.063000 38.375000 44.847000
c<A>r<240>R<GLU> 21.048000 41.514999 44.087002
c<A>r<245>R<VAL> 17.191999 46.834000 52.544998
c<C>r<3>R<SER> 28.518000 34.876999 27.549999
c<C>r<4>R<VAL> 25.933001 33.810001 24.952000
c<C>r<5>R<GLN> 26.504999 34.241001 21.197001
c<C>r<6>R<PRO> 24.174000 33.865002 18.131001
c<C>r<7>R<LEU> 21.406000 36.438999 18.622999
c<C>r<8>R<GLU> 18.947001 33.966999 17.101000
c<C>r<9>R<LYS> 20.124001 31.306000 19.565001
c<C>r<10>R<ILE> 18.761000 33.528000 22.341000
c<C>r<11>R<ALA> 15.375000 34.735001 21.125999
c<C>r<12>R<PRO> 13.436000 35.112000 17.826000
c<C>r<15>R<GLN> 15.485000 40.646999 11.504000
c<C>r<16>R<ALA> 16.954000 43.889999 10.158000
c<C>r<21>R<LYS> 20.073999 47.675999 10.596000
c<C>r<22>R<ARG> 19.910999 45.882000 13.977000
c<C>r<23>R<GLN> 22.125000 47.355999 16.698999
c<C>r<24>R<VAL> 23.035999 44.855000 19.429001
c<C>r<25>R<ILE> 24.566999 45.835999 22.778999
c<C>r<26>R<GLN> 25.573999 42.905998 25.035000
c<C>r<27>R<LEU> 26.903999 44.111000 28.391001
c<C>r<29>R<PRO> 28.549999 40.910000 33.762001
c<C>r<30>R<GLN> 29.521000 42.785999 36.952000
c<C>r<31>R<GLU> 29.237000 41.929001 40.659000
c<C>r<32>R<ASP> 26.660999 44.693001 41.101002
c<C>r<33>R<GLU> 24.764000 46.080002 38.136002
c<C>r<34>R<SER> 22.139000 47.922001 40.206001
c<C>r<35>R<THR> 24.490999 50.832001 40.908001
c<C>r<36>R<LEU> 25.091000 50.863998 37.151001
c<C>r<37>R<LYS> 22.992001 52.407001 34.405998
c<C>r<38>R<VAL> 23.558001 52.486000 30.669001
c<C>r<39>R<GLU> 23.343000 55.620998 28.514999
c<C>r<40>R<LEU> 22.049999 55.018002 24.983999
c<C>r<41>R<LEU> 23.334000 57.209999 22.164000
c<C>r<65>R<GLU> 6.062000 38.091000 22.375999
c<C>r<66>R<GLY> 6.054000 34.515999 23.650000
c<C>r<67>R<TRP> 9.390000 35.333000 25.304001
c<C>r<68>R<GLY> 8.897000 38.716999 26.983999
c<C>r<69>R<TYR> 12.326000 39.988998 25.888000
c<C>r<70>R<ASP> 13.029000 43.721001 25.462000
c<C>r<101>R<LEU> 15.692000 59.737999 23.893999
c<C>r<102>R<GLY> 15.381000 61.573002 27.201000
c<C>r<103>R<ASP> 14.231000 59.035999 29.784000
c<C>r<104>R<ALA> 14.468000 55.999001 27.443001
c<C>r<105>R<GLY> 18.187000 56.674999 27.028999
c<C>r<106>R<MET> 19.170000 55.523998 30.525999
c<C>r<110>R<ASN> 21.357000 43.966999 32.723000
c<C>r<111>R<SER> 24.049999 41.539001 31.544001
c<C>r<112>R<LYS> 21.452000 38.766998 31.572001
c<C>r<113>R<LEU> 20.073999 40.251999 28.355000
c<C>r<115>R<ILE> 19.997000 45.535999 24.542000
c<C>r<116>R<VAL> 18.787001 45.402000 20.903000
c<C>r<117>R<VAL> 17.990000 48.658001 19.056000
c<C>r<124>R<ASP> 24.049999 54.505001 14.850000
c<C>r<125>R<VAL> 23.903000 53.194000 18.415001
c<C>r<126>R<LYS> 26.635000 53.681999 21.017000
c<C>r<127>R<TYR> 26.653000 53.486000 24.823000
c<C>r<128>R<ARG> 28.205999 54.797001 28.037001
c<C>r<129>R<VAL> 28.135000 53.034000 31.417000
c<C>r<130>R<TRP> 27.358999 55.271000 34.404999
c<C>r<131>R<LYS> 28.608999 54.258999 37.861000
c<C>r<132>R<ALA> 26.445999 55.556999 40.750999
c<C>r<133>R<GLU> 27.809999 56.660000 44.125999
c<C>r<134>R<GLU> 27.594000 54.812000 47.444000
c<C>r<135>R<LYS> 26.358000 57.611000 49.710999
c<C>r<136>R<ILE> 22.813000 58.959999 49.359001
c<C>r<137>R<ASP> 23.061001 62.536999 50.639999
c<C>r<138>R<ASN> 20.556999 64.970001 52.144001
c<C>r<139>R<ALA> 19.474001 68.433998 51.077000
c<C>r<140>R<VAL> 19.309999 71.348999 53.556000
c<C>r<141>R<VAL> 15.879000 73.032997 54.181000
c<C>r<142>R<ARG> 17.132999 76.649002 54.391998
c<D>r<6>R<PRO> 22.513000 83.052002 51.891998
c<D>r<7>R<LEU> 19.868999 81.879997 49.405998
c<D>r<16>R<ALA> 8.483000 78.591003 51.396000
c<D>r<21>R<LYS> 9.142000 73.633003 52.494999
c<D>r<22>R<ARG> 12.141000 74.558998 50.308998
c<D>r<23>R<GLN> 14.825000 71.977997 49.569000
c<D>r<24>R<VAL> 18.273001 73.320999 48.658001
c<D>r<25>R<ILE> 21.017000 71.310997 46.953999
c<D>r<26>R<GLN> 24.289000 73.223000 46.515999
c<D>r<27>R<LEU> 26.881001 70.935997 44.902000
c<D>r<35>R<THR> 30.777000 63.318001 33.146999
c<D>r<36>R<LEU> 28.684000 63.983002 36.258999
c<D>r<37>R<LYS> 24.921000 63.817001 36.758999
c<D>r<38>R<VAL> 22.715000 64.154999 39.827000
c<D>r<39>R<GLU> 19.936001 61.714001 40.748001
c<D>r<41>R<LEU> 15.124000 61.438000 45.076000
c<D>r<49>R<ASP> 5.889000 45.435001 53.456001
c<D>r<50>R<CYS> 8.055000 43.355999 51.070000
c<D>r<51>R<ASN> 6.572000 44.493999 47.727001
c<D>r<84>R<MET> -0.120000 43.466999 46.301998
c<D>r<85>R<MET> 1.798000 40.209000 46.188999
c<D>r<86>R<ALA> 0.371000 39.273998 49.619999
c<D>r<87>R<CYS> 3.523000 39.597000 51.764999
c<D>r<88>R<PRO> 3.798000 37.868000 55.188000
c<D>r<89>R<ASP> 1.629000 40.841999 56.270000
c<D>r<90>R<GLY> 4.550000 41.785000 58.476002
c<D>r<91>R<LYS> 8.316000 41.958000 57.855999
c<D>r<93>R<GLU> 10.556000 48.001999 57.457001
c<D>r<94>R<LYS> 10.985000 51.756001 57.147999
c<D>r<95>R<LYS> 12.107000 52.574001 53.617001
c<D>r<101>R<LEU> 10.428000 61.882000 38.327000
c<D>r<102>R<GLY> 11.672000 59.898998 35.366001
c<D>r<103>R<ASP> 13.757000 62.155998 33.150002
c<D>r<104>R<ALA> 13.537000 65.254997 35.382999
c<D>r<105>R<GLY> 15.392000 63.370998 38.124001
c<D>r<106>R<MET> 18.759001 63.122002 36.338001
c<D>r<115>R<ILE> 19.191999 73.108002 42.854000
c<D>r<116>R<VAL> 16.061001 74.398003 44.604000
c<D>r<117>R<VAL> 13.045000 72.080002 44.898998
c<D>r<118>R<TYR> 9.675000 73.168999 46.349998
c<D>r<124>R<ASP> 11.646000 64.945999 51.230000
c<D>r<125>R<VAL> 14.473000 65.611000 48.780998
c<D>r<126>R<LYS> 17.790001 63.743999 48.555000
c<D>r<127>R<TYR> 20.396000 63.113998 45.855000
c<D>r<128>R<ARG> 23.069000 60.785999 44.522999
c<D>r<129>R<VAL> 25.930000 61.819000 42.209000
c<D>r<130>R<TRP> 26.421000 59.535999 39.180000
c<D>r<131>R<LYS> 29.882999 59.363998 37.582001
c<D>r<132>R<ALA> 29.930000 58.375000 33.884998
c<D>r<133>R<GLU> 32.692001 56.603001 32.008999
c<D>r<134>R<GLU> 35.339001 57.750000 29.552000
c<D>r<135>R<LYS> 35.085999 55.187000 26.775000
c<D>r<136>R<ILE> 32.026001 55.272999 24.559999
c<D>r<137>R<ASP> 31.650000 51.705002 23.316999
c<D>r<138>R<ASN> 30.150000 50.508999 20.014000
c<D>r<139>R<ALA> 27.094999 48.355000 19.393999
c<D>r<140>R<VAL> 27.892000 45.278999 17.316000
c<D>r<141>R<VAL> 25.636000 44.689999 14.301000
c<D>r<142>R<ARG> 24.653000 41.025002 14.616000
