c<A>r<28>R<PRO> 20.267000 17.959000 52.049000
c<A>r<45>R<ILE> 20.969999 28.313999 49.008999
c<A>r<46>R<GLY> 20.968000 30.507000 52.110001
c<A>r<47>R<ASN> 19.649000 30.386999 55.681999
c<A>r<48>R<GLN> 16.478001 32.203999 54.632999
c<A>r<51>R<TRP> 16.521999 31.469999 50.904999
c<A>r<69>R<SER> 13.400000 20.610001 54.617001
c<A>r<70>R<GLY> 15.163000 17.407000 55.630001
c<A>r<107>R<LYS> 12.403000 34.376999 51.305000
c<A>r<111>R<THR> 15.948000 30.900999 59.210999
c<A>r<112>R<VAL> 16.908001 27.297001 58.567001
c<A>r<113>R<ASN> 19.129999 25.754000 61.238998
c<A>r<114>R<TYR> 21.672001 23.804001 59.216000
c<A>r<115>R<ALA> 22.320000 20.163000 60.062000
c<A>r<116>R<ASP> 23.278000 16.921000 58.319000
c<A>r<117>R<SER> 19.688000 16.667999 57.044998
c<A>r<118>R<GLN> 19.420000 20.222000 55.745998
c<A>r<119>R<ARG> 22.209999 22.466000 54.473000
c<A>r<121>R<PRO> 22.801001 24.833000 51.540001
c<A>r<122>R<ILE> 24.212999 23.923000 48.151001
c<A>r<123>R<SER> 26.931999 26.141001 46.702000
c<A>r<124>R<LEU> 26.101999 28.191999 43.638000
c<A>r<125>R<PRO> 28.240000 27.697001 40.514999
c<A>r<126>R<SER> 31.098000 30.132999 39.942001
c<A>r<127>R<LYS> 31.350000 32.164001 36.735001
c<A>r<128>R<GLY> 34.839001 30.719999 36.464001
c<A>r<129>R<ASP> 33.355000 27.233999 36.185001
c<A>r<202>i<A>R<HIS> 32.868999 18.629000 40.953999
c<A>r<202>i<B>R<ASN> 36.087002 18.360001 42.946999
c<A>r<202>i<C>R<GLU> 34.250999 16.830999 45.905998
c<A>r<202>i<D>R<VAL> 31.958000 19.872000 45.979000
c<A>r<203>R<TRP> 28.305000 19.924999 44.932999
c<A>r<233>R<GLU> 23.768999 33.016998 34.483002
c<A>r<234>R<TYR> 21.780001 34.273998 37.470001
c<A>r<235>R<VAL> 24.371000 34.580002 40.241001
c<A>r<236>R<ASP> 24.351999 38.374001 39.860001
c<A>r<237>R<TRP> 20.549999 38.395000 39.991001
c<A>r<238>R<ILE> 20.537001 36.153000 43.066002
c<A>r<239>R<LEU> 23.063000 38.375000 44.847000
c<A>r<240>R<GLU> 21.048000 41.514999 44.087002
c<A>r<241>R<LYS> 17.684999 40.029999 45.076000
c<A>r<242>R<THR> 18.955999 38.431000 48.285000
c<A>r<243>R<GLN> 20.245001 41.733002 49.682999
c<A>r<244>R<ALA> 18.615000 43.313999 52.723000
c<A>r<245>R<VAL> 17.191999 46.834000 52.544998
c<C>r<5>R<GLN> 49.816002 42.811001 27.054001
c<C>r<6>R<PRO> 53.341000 44.318001 27.582001
c<C>r<7>R<LEU> 53.500999 45.293999 31.263000
c<C>r<8>R<GLU> 55.558998 48.340000 30.284000
c<C>r<15>R<GLN> 61.792999 46.470001 37.034000
c<C>r<16>R<ALA> 62.754002 43.252998 38.827000
c<C>r<21>R<LYS> 61.594002 38.743000 40.431999
c<C>r<22>R<ARG> 58.347000 40.509998 39.424999
c<C>r<23>R<GLN> 55.181999 38.438999 39.841000
c<C>r<24>R<VAL> 52.320000 39.580002 37.595001
c<C>r<25>R<ILE> 48.703999 38.456001 38.032001
c<C>r<26>R<GLN> 46.282001 39.657001 35.314999
c<C>r<27>R<LEU> 42.706001 38.580002 36.046001
c<C>r<28>R<THR> 40.175999 37.712002 33.307999
c<C>r<30>R<GLN> 33.773998 38.838001 34.615002
c<C>r<31>R<GLU> 30.237000 40.263000 34.501999
c<C>r<32>R<ASP> 30.400000 40.969002 38.236000
c<C>r<33>R<GLU> 33.722000 41.189999 40.033001
c<C>r<34>R<SER> 32.316002 42.754002 43.217999
c<C>r<35>R<THR> 31.079000 39.396999 44.521000
c<C>r<36>R<LEU> 34.594002 38.147999 43.768002
c<C>r<37>R<LYS> 37.748001 38.493999 45.830002
c<C>r<38>R<VAL> 41.250999 37.251999 45.137001
c<C>r<39>R<GLU> 43.389000 35.312000 47.624001
c<C>r<40>R<LEU> 47.125000 36.000999 47.358002
c<C>r<41>R<LEU> 49.563999 33.212002 48.181999
c<C>r<101>R<LEU> 49.653999 38.446999 54.535000
c<C>r<102>R<GLY> 46.506001 38.363998 56.652000
c<C>r<103>R<ASP> 44.266998 41.181999 55.438999
c<C>r<104>R<ALA> 46.494999 42.164001 52.467999
c<C>r<105>R<GLY> 46.030998 38.674000 51.034000
c<C>r<106>R<MET> 42.403999 39.178001 49.980999
c<C>r<115>R<ILE> 48.053001 42.708000 40.396000
c<C>r<116>R<VAL> 51.873001 43.054001 40.467999
c<C>r<117>R<VAL> 53.848999 41.587002 43.400002
c<C>r<124>R<ASP> 56.516998 32.644001 44.623001
c<C>r<125>R<VAL> 53.087002 34.173000 44.035999
c<C>r<126>R<LYS> 49.918999 32.186001 43.335999
c<C>r<127>R<TYR> 46.214001 33.026001 43.632000
c<C>r<128>R<ARG> 42.723999 31.681000 44.318001
c<C>r<129>R<VAL> 39.457001 33.355999 43.289001
c<C>r<130>R<TRP> 36.726002 33.374001 45.950001
c<C>r<131>R<LYS> 33.077000 33.577000 44.868999
c<C>r<132>R<ALA> 30.767000 35.217999 47.453999
c<C>r<133>R<GLU> 27.165001 34.171001 48.084000
c<C>r<134>R<GLU> 23.992001 35.998001 47.051998
c<C>r<135>R<LYS> 22.069000 35.946999 50.339001
c<C>r<136>R<ILE> 23.233000 38.053001 53.292000
c<C>r<137>R<ASP> 21.922001 36.173000 56.333000
c<C>r<138>R<ASN> 21.035999 37.208000 59.882000
c<C>r<139>R<ALA> 22.318001 36.016998 63.235001
c<C>r<140>R<VAL> 19.938999 35.067001 66.083000
c<C>r<141>R<VAL> 20.125999 37.091999 69.378998
c<C>r<142>R<ARG> 19.621000 34.155998 71.792000
c<D>r<1>R<ALA> 18.784000 23.416000 62.215000
c<D>r<2>R<GLU> 21.481001 24.341999 64.793999
c<D>r<3>R<SER> 22.562000 20.767000 65.730003
c<D>r<4>R<VAL> 23.547001 21.697001 69.306999
c<D>r<5>R<GLN> 20.839001 24.051001 70.593002
c<D>r<6>R<PRO> 20.787001 25.806999 74.051003
c<D>r<7>R<LEU> 23.822001 28.113001 74.144997
c<D>r<16>R<ALA> 24.542999 39.602001 77.597000
c<D>r<21>R<LYS> 23.330999 41.952000 73.212997
c<D>r<22>R<ARG> 24.757999 38.567001 72.147003
c<D>r<23>R<GLN> 24.858999 37.615002 68.473999
c<D>r<24>R<VAL> 24.940001 33.888000 67.681999
c<D>r<25>R<ILE> 25.962999 32.389999 64.338997
c<D>r<26>R<GLN> 25.624001 28.593000 64.177002
c<D>r<27>R<LEU> 26.594999 27.386000 60.691002
c<D>r<28>R<THR> 25.236000 24.316999 58.880001
c<D>r<29>R<PRO> 27.702999 21.436001 58.291000
c<D>r<30>R<GLN> 29.051001 20.823999 54.775002
c<D>r<31>R<GLU> 31.163000 17.965000 53.341000
c<D>r<32>R<ASP> 34.183998 20.274000 53.069000
c<D>r<33>R<GLU> 34.337002 23.583000 54.910000
c<D>r<35>R<THR> 37.138000 25.988001 50.777000
c<D>r<36>R<LEU> 34.597000 27.955999 52.820000
c<D>r<37>R<LYS> 34.986000 31.225000 54.716999
c<D>r<38>R<VAL> 32.514999 33.453999 56.539001
c<D>r<39>R<GLU> 32.271000 37.227001 56.056999
c<D>r<41>R<LEU> 29.181999 42.168999 58.884998
c<D>r<45>R<THR> 20.910999 50.404999 59.275002
c<D>r<93>R<GLU> 18.231001 55.594002 51.499001
c<D>r<94>R<LYS> 18.424999 53.157001 54.396999
c<D>r<95>R<LYS> 21.594999 51.101002 54.060001
c<D>r<96>R<PHE> 23.541000 48.698002 56.271999
c<D>r<101>R<LEU> 36.837002 44.445000 60.889000
c<D>r<102>R<GLY> 39.431000 43.911999 58.199001
c<D>r<103>R<ASP> 41.097000 40.550999 58.731998
c<D>r<104>R<ALA> 38.970001 39.500000 61.733002
c<D>r<105>R<GLY> 35.876999 39.536999 59.512001
c<D>r<106>R<MET> 36.830002 36.562000 57.313999
c<D>r<111>R<SER> 29.996000 24.014999 61.868999
c<D>r<115>R<ILE> 30.372000 32.106998 66.303001
c<D>r<116>R<VAL> 29.395000 34.320000 69.249001
c<D>r<117>R<VAL> 29.815001 38.097000 68.917000
c<D>r<118>R<TYR> 29.184999 40.556000 71.780998
c<D>r<124>R<ASP> 23.997999 44.337002 64.426003
c<D>r<125>R<VAL> 25.719999 41.181000 63.199001
c<D>r<126>R<LYS> 25.173000 39.428001 59.858002
c<D>r<127>R<TYR> 27.194000 37.102001 57.625000
c<D>r<128>R<ARG> 27.872999 35.905998 54.097000
c<D>r<129>R<VAL> 29.455999 32.550999 53.180000
c<D>r<130>R<TRP> 32.292000 32.783001 50.625000
c<D>r<131>R<LYS> 33.042000 29.726000 48.465000
c<D>r<132>R<ALA> 36.627998 29.493000 47.150002
c<D>r<133>R<GLU> 37.813999 27.816999 43.974998
c<D>r<134>R<GLU> 39.584999 24.547001 43.249001
c<D>r<135>R<LYS> 42.351002 25.589001 40.879002
c<D>r<136>R<ILE> 45.216999 27.612000 42.284000
c<D>r<137>R<ASP> 46.520000 29.599001 39.323002
c<D>r<138>R<ASN> 50.084000 30.820999 38.695000
c<D>r<139>R<ALA> 51.403000 34.361000 38.407001
c<D>r<140>R<VAL> 53.244999 34.958000 35.141998
c<D>r<141>R<VAL> 56.702999 36.528999 35.457001
c<D>r<142>R<ARG> 56.632999 39.373001 32.925999
