c<A>r<18>R<GLY> 14.060000 6.082000 35.405998
c<A>r<19>R<GLY> 15.493000 6.947000 38.801998
c<A>r<20>R<THR> 15.865000 5.196000 42.150002
c<A>r<21>R<ALA> 15.112000 5.946000 45.790001
c<A>r<22>R<SER> 17.525000 8.380000 47.398998
c<A>r<23>R<VAL> 19.388000 7.742000 50.644001
c<A>r<24>R<ARG> 18.042999 9.830000 53.511002
c<A>r<25>R<GLY> 20.003000 13.081000 53.731998
c<A>r<26>R<GLU> 21.783001 12.435000 50.430000
c<A>r<37>i<B>R<THR> -5.882000 21.034000 50.667999
c<A>r<37>i<C>R<GLN> -2.176000 20.444000 51.280998
c<A>r<37>i<D>R<ARG> -0.051000 18.844999 48.568001
c<A>r<38>R<HIS> 3.450000 18.917999 47.097000
c<A>r<73>R<ASN> 9.419000 10.531000 52.236000
c<A>r<74>R<GLN> 6.332000 12.705000 51.780998
c<A>r<75>R<ALA> 4.813000 10.431000 54.441002
c<A>r<76>R<GLU> 7.053000 12.193000 56.980000
c<A>r<77>R<ILE> 4.945000 15.293000 56.449001
c<A>r<78>R<ALA> 1.912000 15.413000 58.723000
c<A>r<79>R<GLU> -0.153000 18.209000 60.238998
c<A>r<80>R<ASP> 2.253000 18.194000 63.209999
c<A>r<81>R<THR> 5.402000 18.466999 61.088001
c<A>r<116>R<ASP> 23.278000 16.921000 58.319000
c<A>r<141>R<TRP> 9.123000 13.725000 44.036999
c<A>r<142>R<GLY> 7.782000 14.264000 40.569000
c<A>r<143>R<TYR> 6.008000 11.801000 38.292999
c<A>r<144>R<ARG> 7.637000 8.502000 37.423000
c<A>r<145>R<LYS> 5.975000 8.808000 34.047001
c<A>r<146>R<LEU> 4.144000 11.462000 32.000999
c<A>r<147>R<ARG> 0.793000 10.216000 33.310001
c<A>r<148>R<ASP> 1.498000 9.530000 36.979000
c<A>r<149>R<LYS> 1.461000 11.118000 40.436001
c<A>r<151>R<ILE> 3.628000 12.584000 43.193001
c<A>r<152>R<GLN> 5.998000 9.995000 44.625999
c<A>r<153>R<ASN> 6.471000 9.272000 48.316002
c<A>r<154>R<THR> 10.233000 8.736000 48.266998
c<A>r<157>R<LYS> 17.325001 10.525000 41.962002
c<A>r<158>R<ALA> 18.723000 9.962000 38.483002
c<A>r<159>R<LYS> 22.176001 10.526000 37.042000
c<C>r<5>R<GLN> -14.116000 -0.044000 68.125000
c<C>r<6>R<PRO> -15.451000 3.521000 67.427002
c<C>r<7>R<LEU> -12.709000 5.276000 65.445000
c<C>r<8>R<GLU> -13.553000 8.498000 67.282997
c<C>r<15>R<GLN> -13.675000 13.241000 59.195000
c<C>r<16>R<ALA> -14.272000 12.167000 55.592999
c<C>r<21>R<LYS> -14.122000 8.718000 52.078999
c<C>r<22>R<ARG> -12.073000 7.457000 55.061001
c<C>r<23>R<GLN> -10.540000 4.002000 54.625000
c<C>r<24>R<VAL> -9.805000 2.244000 57.926998
c<C>r<25>R<ILE> -7.618000 -0.863000 58.235001
c<C>r<26>R<GLN> -7.459000 -2.406000 61.738998
c<C>r<27>R<LEU> -5.082000 -5.377000 61.859001
c<C>r<35>R<THR> 8.359000 -10.455000 60.756001
c<C>r<36>R<LEU> 5.144000 -9.125000 59.215000
c<C>r<37>R<LYS> 4.649000 -6.200000 56.865002
c<C>r<38>R<VAL> 1.485000 -4.857000 55.291000
c<C>r<39>R<GLU> 1.077000 -4.074000 51.584999
c<C>r<40>R<LEU> -1.232000 -1.138000 50.842999
c<C>r<41>R<LEU> -3.269000 -1.173000 47.639999
c<C>r<54>R<ARG> -1.121000 2.346000 36.450001
c<C>r<55>R<LEU> -3.213000 4.786000 38.498001
c<C>r<56>R<GLY> -2.148000 8.338000 39.374001
c<C>r<57>R<GLY> -1.923000 9.927000 42.806000
c<C>r<58>R<LYS> 0.390000 11.002000 45.627998
c<C>r<59>R<LEU> 0.302000 9.456000 49.108002
c<C>r<60>R<GLU> 1.391000 11.706000 51.973999
c<C>r<61>R<ASN> 1.768000 10.574000 55.575001
c<C>r<62>R<LYS> 0.135000 12.854000 58.153999
c<C>r<63>R<THR> 0.292000 12.488000 61.930000
c<C>r<64>R<LEU> -2.487000 13.306000 64.414001
c<C>r<65>R<GLU> -1.368000 16.350000 66.433998
c<C>r<66>R<GLY> -1.694000 16.256001 70.213997
c<C>r<67>R<TRP> -1.805000 12.460000 69.887001
c<C>r<68>R<GLY> 1.002000 11.559000 67.472000
c<C>r<69>R<TYR> -1.127000 8.969000 65.644997
c<C>r<70>R<ASP> -0.438000 8.027000 62.007000
c<C>r<71>R<TYR> -2.736000 8.389000 58.988998
c<C>r<72>R<TYR> -2.184000 8.740000 55.231998
c<C>r<73>R<VAL> -3.746000 10.847000 52.452000
c<C>r<74>R<PHE> -4.245000 10.056000 48.756001
c<C>r<75>R<ASP> -4.892000 12.890000 46.316002
c<C>r<76>R<LYS> -3.905000 13.801000 42.750000
c<C>r<77>R<VAL> -5.735000 10.676000 41.541000
c<C>r<78>R<SER> -5.107000 10.990000 37.807999
c<C>r<79>R<SER> -6.171000 9.048000 34.731998
c<C>r<80>R<PRO> -4.248000 5.737000 34.688999
c<C>r<81>R<VAL> -1.042000 6.266000 32.698002
c<C>r<82>R<SER> -0.734000 3.087000 30.621000
c<C>r<99>R<ALA> -1.477000 3.343000 42.216999
c<C>r<100>R<TYR> 2.265000 3.223000 42.879002
c<C>r<101>R<LEU> 2.901000 4.160000 46.514000
c<C>r<102>R<GLY> 6.308000 2.530000 46.146999
c<C>r<103>R<ASP> 7.964000 2.618000 49.563000
c<C>r<104>R<ALA> 4.903000 4.013000 51.417999
c<C>r<105>R<GLY> 2.937000 0.926000 50.384998
c<C>r<106>R<MET> 4.730000 -1.469000 52.743999
c<C>r<115>R<ILE> -4.031000 2.234000 59.509998
c<C>r<116>R<VAL> -6.293000 5.083000 58.289001
c<C>r<117>R<VAL> -6.121000 6.198000 54.632000
c<C>r<124>R<ASP> -10.318000 2.210000 47.209999
c<C>r<125>R<VAL> -7.956000 0.774000 49.819000
c<C>r<126>R<LYS> -7.144000 -2.923000 50.206001
c<C>r<127>R<TYR> -4.267000 -4.783000 51.875000
c<C>r<128>R<ARG> -2.075000 -7.890000 51.826000
c<C>r<129>R<VAL> -0.062000 -9.234000 54.771999
c<C>r<130>R<TRP> 3.482000 -10.368000 53.942001
c<C>r<131>R<LYS> 5.159000 -12.992000 56.139999
c<C>r<132>R<ALA> 8.986000 -12.749000 56.227001
c<C>r<133>R<GLU> 11.322000 -15.743000 56.444000
c<C>r<134>R<GLU> 13.329000 -16.919001 59.453999
c<C>r<135>R<LYS> 16.754999 -17.386000 57.856998
c<C>r<136>R<ILE> 18.784000 -14.369000 56.721001
c<C>r<137>R<ASP> 20.975000 -15.738000 53.923000
c<C>r<138>R<ASN> 24.316999 -14.688000 52.448002
c<C>r<139>R<ALA> 25.318001 -13.742000 48.924999
c<C>r<140>R<VAL> 28.406000 -15.250000 47.231998
c<C>r<141>R<VAL> 31.260000 -12.861000 46.162998
c<C>r<142>R<ARG> 32.120998 -14.572000 42.842999
c<D>r<6>R<PRO> 29.802000 -18.898001 35.625000
c<D>r<7>R<LEU> 28.783001 -15.235000 35.904999
c<D>r<16>R<ALA> 34.914001 -5.961000 40.471001
c<D>r<21>R<LYS> 33.602001 -6.339000 45.405998
c<D>r<22>R<ARG> 30.716999 -7.972000 43.499001
c<D>r<23>R<GLN> 27.822001 -9.531000 45.396000
c<D>r<24>R<VAL> 25.854000 -12.239000 43.574001
c<D>r<25>R<ILE> 22.389999 -13.459000 44.566002
c<D>r<26>R<GLN> 21.089001 -16.332001 42.418999
c<D>r<27>R<LEU> 17.670000 -17.426001 43.709999
c<D>r<35>R<THR> 3.735000 -13.863000 45.834999
c<D>r<36>R<LEU> 7.465000 -13.697000 46.584000
c<D>r<37>R<LYS> 9.709000 -10.690000 47.187000
c<D>r<38>R<VAL> 13.343000 -10.357000 48.227001
c<D>r<39>R<GLU> 14.573000 -8.067000 51.014999
c<D>r<41>R<LEU> 20.285000 -6.028000 53.287998
c<D>r<56>R<GLY> 25.051001 5.458000 54.933998
c<D>r<57>R<GLY> 25.138000 5.138000 51.162998
c<D>r<58>R<LYS> 23.087999 5.352000 47.972000
c<D>r<59>R<LEU> 22.004000 2.297000 45.952000
c<D>r<60>R<GLU> 21.660999 3.086000 42.230999
c<D>r<61>R<ASN> 20.209999 0.548000 39.783001
c<D>r<62>R<LYS> 22.236000 -0.016000 36.622002
c<D>r<76>R<LYS> 28.743999 7.004000 49.212002
c<D>r<81>R<VAL> 24.555000 7.732000 61.555000
c<D>r<99>R<ALA> 21.733000 1.007000 55.103001
c<D>r<100>R<TYR> 18.316999 2.349000 54.111000
c<D>r<101>R<LEU> 17.593000 1.258000 50.555000
c<D>r<102>R<GLY> 13.926000 1.939000 51.131001
c<D>r<103>R<ASP> 11.975000 0.909000 48.050999
c<D>r<104>R<ALA> 14.967000 -0.457000 46.097000
c<D>r<105>R<GLY> 15.457000 -3.120000 48.773998
c<D>r<106>R<MET> 12.263000 -5.094000 48.075001
c<D>r<115>R<ILE> 20.795000 -10.139000 41.433998
c<D>r<116>R<VAL> 24.226000 -8.503000 41.146999
c<D>r<117>R<VAL> 25.136000 -5.720000 43.592999
c<D>r<118>R<TYR> 28.382000 -3.703000 43.389999
c<D>r<124>R<ASP> 28.136000 -6.589000 52.714001
c<D>r<125>R<VAL> 25.038000 -7.907000 50.953999
c<D>r<126>R<LYS> 22.483999 -10.367000 52.354000
c<D>r<127>R<TYR> 18.825001 -11.181000 51.700001
c<D>r<128>R<ARG> 15.569000 -12.477000 53.133999
c<D>r<129>R<VAL> 12.695000 -13.944000 51.085999
c<D>r<130>R<TRP> 9.247000 -12.539000 51.962002
c<D>r<131>R<LYS> 6.178000 -14.697000 51.259998
c<D>r<132>R<ALA> 2.915000 -12.773000 50.716999
c<D>r<133>R<GLU> -0.605000 -13.959000 51.422001
c<D>r<134>R<GLU> -3.439000 -15.190000 49.228001
c<D>r<135>R<LYS> -6.416000 -13.229000 50.508999
c<D>r<136>R<ILE> -6.548000 -9.525000 49.770000
c<D>r<137>R<ASP> -8.639000 -8.067000 52.583000
c<D>r<138>R<ASN> -10.885000 -4.979000 52.487000
c<D>r<139>R<ALA> -10.607000 -1.736000 54.428001
c<D>r<140>R<VAL> -13.764000 -0.945000 56.382000
c<D>r<141>R<VAL> -15.177000 2.561000 55.894001
c<D>r<142>R<ARG> -15.784000 3.788000 59.446999
