c<A>r<23>R<VAL> 19.388000 7.742000 50.644001
c<A>r<24>R<ARG> 18.042999 9.830000 53.511002
c<A>r<25>R<GLY> 20.003000 13.081000 53.731998
c<A>r<26>R<GLU> 21.783001 12.435000 50.430000
c<A>r<44>R<ILE> 18.371000 25.724001 50.034000
c<A>r<45>R<ILE> 20.969999 28.313999 49.008999
c<A>r<46>R<GLY> 20.968000 30.507000 52.110001
c<A>r<47>R<ASN> 19.649000 30.386999 55.681999
c<A>r<48>R<GLN> 16.478001 32.203999 54.632999
c<A>r<51>R<TRP> 16.521999 31.469999 50.904999
c<A>r<70>R<GLY> 15.163000 17.407000 55.630001
c<A>r<86>R<GLN> 7.535000 35.742001 53.592999
c<A>r<107>R<LYS> 12.403000 34.376999 51.305000
c<A>r<108>R<LEU> 11.529000 32.346001 54.400002
c<A>r<109>R<GLU> 9.789000 33.765999 57.466000
c<A>r<110>R<THR> 12.375000 32.092999 59.695000
c<A>r<111>R<THR> 15.948000 30.900999 59.210999
c<A>r<112>R<VAL> 16.908001 27.297001 58.567001
c<A>r<113>R<ASN> 19.129999 25.754000 61.238998
c<A>r<114>R<TYR> 21.672001 23.804001 59.216000
c<A>r<115>R<ALA> 22.320000 20.163000 60.062000
c<A>r<116>R<ASP> 23.278000 16.921000 58.319000
c<A>r<117>R<SER> 19.688000 16.667999 57.044998
c<A>r<119>R<ARG> 22.209999 22.466000 54.473000
c<A>r<121>R<PRO> 22.801001 24.833000 51.540001
c<A>r<122>R<ILE> 24.212999 23.923000 48.151001
c<A>r<123>R<SER> 26.931999 26.141001 46.702000
c<A>r<124>R<LEU> 26.101999 28.191999 43.638000
c<A>r<125>R<PRO> 28.240000 27.697001 40.514999
c<A>r<126>R<SER> 31.098000 30.132999 39.942001
c<A>r<127>R<LYS> 31.350000 32.164001 36.735001
c<A>r<128>R<GLY> 34.839001 30.719999 36.464001
c<A>r<235>R<VAL> 24.371000 34.580002 40.241001
c<A>r<236>R<ASP> 24.351999 38.374001 39.860001
c<A>r<238>R<ILE> 20.537001 36.153000 43.066002
c<A>r<239>R<LEU> 23.063000 38.375000 44.847000
c<A>r<240>R<GLU> 21.048000 41.514999 44.087002
c<A>r<241>R<LYS> 17.684999 40.029999 45.076000
c<A>r<242>R<THR> 18.955999 38.431000 48.285000
c<A>r<243>R<GLN> 20.245001 41.733002 49.682999
c<A>r<244>R<ALA> 18.615000 43.313999 52.723000
c<A>r<245>R<VAL> 17.191999 46.834000 52.544998
c<C>r<5>R<GLN> 50.991001 43.618000 53.613998
c<C>r<6>R<PRO> 49.263000 45.103001 50.486000
c<C>r<7>R<LEU> 46.431000 42.698002 49.637001
c<C>r<8>R<GLU> 47.103001 43.335999 45.946999
c<C>r<15>R<GLN> 37.957001 44.674999 44.373001
c<C>r<16>R<ALA> 35.089001 45.750000 46.632000
c<C>r<19>R<GLY> 27.164000 48.230999 47.775002
c<C>r<21>R<LYS> 33.042999 46.028999 51.104000
c<C>r<22>R<ARG> 35.966999 43.560001 51.293999
c<C>r<23>R<GLN> 36.580002 42.040001 54.728001
c<C>r<24>R<VAL> 40.157001 40.818001 55.226002
c<C>r<25>R<ILE> 41.243999 38.551998 58.091999
c<C>r<26>R<GLN> 45.011002 37.875999 58.299999
c<C>r<27>R<LEU> 45.848999 35.452000 61.111000
c<C>r<35>R<THR> 44.787998 22.205000 66.684998
c<C>r<36>R<LEU> 43.331001 25.627001 65.883003
c<C>r<37>R<LYS> 40.188999 26.500000 63.965000
c<C>r<38>R<VAL> 38.691002 29.878000 63.164001
c<C>r<39>R<GLU> 35.041000 30.813999 63.730000
c<C>r<40>R<LEU> 33.630001 33.257999 61.173000
c<C>r<41>R<LEU> 30.959999 35.721001 62.272999
c<C>r<53>R<HIS> 17.285999 36.744999 66.001999
c<C>r<54>R<ARG> 19.066999 35.223999 63.014000
c<C>r<55>R<LEU> 20.382000 37.055000 59.939999
c<C>r<56>R<GLY> 19.785000 35.943001 56.345001
c<C>r<57>R<GLY> 22.365000 35.270000 53.652000
c<C>r<58>R<LYS> 24.275999 32.605999 51.723999
c<C>r<59>R<LEU> 28.054001 32.178001 51.935001
c<C>r<60>R<GLU> 29.757000 30.740000 48.853001
c<C>r<61>R<ASN> 33.437000 29.843000 48.648998
c<C>r<62>R<LYS> 35.237000 31.141001 45.550999
c<C>r<63>R<THR> 38.837002 30.452000 44.562000
c<C>r<64>R<LEU> 41.226002 32.869999 42.827999
c<C>r<65>R<GLU> 41.859001 31.537001 39.304001
c<C>r<73>R<VAL> 31.209000 35.743000 49.320000
c<C>r<74>R<PHE> 28.139999 36.740002 51.351002
c<C>r<75>R<ASP> 24.966999 37.773998 49.543999
c<C>r<76>R<LYS> 21.209999 37.312000 49.986000
c<C>r<77>R<VAL> 21.452000 39.234001 53.276001
c<C>r<78>R<SER> 17.802000 39.139999 54.324001
c<C>r<79>R<SER> 15.793000 40.588001 57.193001
c<C>r<80>R<PRO> 16.665001 38.629002 60.366001
c<C>r<81>R<VAL> 14.196000 35.743000 60.680000
c<C>r<82>R<SER> 13.361000 35.669998 64.397003
c<C>r<83>R<THR> 10.878000 34.308998 66.915001
c<C>r<99>R<ALA> 24.096001 34.789001 60.029999
c<C>r<100>R<TYR> 24.237000 30.990000 60.028999
c<C>r<101>R<LEU> 27.179001 29.870001 57.887001
c<C>r<102>R<GLY> 26.950001 26.518000 59.652000
c<C>r<103>R<ASP> 29.851000 24.402000 58.414001
c<C>r<104>R<ALA> 31.490999 27.198999 56.355000
c<C>r<105>R<GLY> 31.900999 29.233000 59.541000
c<C>r<106>R<MET> 34.687000 27.084000 61.002998
c<C>r<115>R<ILE> 40.832001 34.880001 54.862999
c<C>r<116>R<VAL> 39.001999 37.342999 52.558998
c<C>r<117>R<VAL> 35.201000 37.703999 52.816002
c<C>r<119>R<THR> 29.815001 41.092999 52.150002
c<C>r<120>R<PRO> 27.315001 43.891998 51.318001
c<C>r<121>R<ASP> 27.437000 47.380001 52.891998
c<C>r<122>R<ASN> 25.511999 46.689999 56.120998
c<C>r<123>R<VAL> 27.149000 43.346001 56.995998
c<C>r<124>R<ASP> 30.329000 42.821999 59.034000
c<C>r<125>R<VAL> 32.926998 40.094002 59.529999
c<C>r<126>R<LYS> 34.485001 39.167000 62.874001
c<C>r<127>R<TYR> 36.293999 36.050999 64.115997
c<C>r<128>R<ARG> 37.050999 33.830002 67.109001
c<C>r<129>R<VAL> 39.976002 31.400000 67.387001
c<C>r<130>R<TRP> 39.125000 27.987000 68.857002
c<C>r<131>R<LYS> 41.859001 25.972000 70.585999
c<C>r<132>R<ALA> 41.327000 22.174999 70.453003
c<C>r<133>R<GLU> 42.271000 19.775999 73.250000
c<C>r<134>R<GLU> 45.195999 17.347000 73.349998
c<C>r<135>R<LYS> 43.414001 14.170000 74.462997
c<C>r<136>R<ILE> 41.014999 12.375000 72.111000
c<C>r<137>R<ASP> 38.612999 10.573000 74.452003
c<C>r<138>R<ASN> 36.417999 7.489000 74.100998
c<C>r<139>R<ALA> 32.687000 7.008000 74.496002
c<C>r<140>R<VAL> 31.232000 4.160000 76.606003
c<C>r<141>R<VAL> 29.004999 1.528000 74.844002
c<C>r<142>R<ARG> 26.423000 1.109000 77.646004
c<D>r<6>R<PRO> 21.601999 4.333000 84.168999
c<D>r<7>R<LEU> 20.701000 5.370000 80.612000
c<D>r<16>R<ALA> 20.791000 -1.166000 70.528000
c<D>r<21>R<LYS> 25.669001 -0.564000 69.091003
c<D>r<22>R<ARG> 24.879999 2.528000 71.198997
c<D>r<23>R<GLN> 27.584999 5.100000 71.890999
c<D>r<24>R<VAL> 27.131001 7.254000 75.002998
c<D>r<25>R<ILE> 28.957001 10.521000 75.679001
c<D>r<26>R<GLN> 28.169001 12.057000 79.083000
c<D>r<27>R<LEU> 30.221001 15.241000 79.536003
c<D>r<35>R<THR> 32.833000 28.806000 75.000999
c<D>r<36>R<LEU> 32.955002 25.011000 74.702003
c<D>r<37>R<LYS> 32.137001 22.761000 71.750999
c<D>r<38>R<VAL> 32.483002 19.024000 71.190002
c<D>r<39>R<GLU> 34.078999 17.459000 68.102997
c<D>r<41>R<LEU> 34.674000 11.524000 65.578003
c<D>r<57>R<GLY> 28.080000 7.223000 56.050999
c<D>r<58>R<LYS> 25.334999 9.703000 56.912998
c<D>r<59>R<LEU> 24.698999 11.001000 60.449001
c<D>r<60>R<GLU> 21.025000 11.875000 61.016998
c<D>r<61>R<ASN> 19.861000 13.608000 64.209000
c<D>r<75>R<ASP> 23.988001 4.316000 58.751999
c<D>r<76>R<LYS> 25.118999 3.959000 55.113998
c<D>r<101>R<LEU> 29.930000 14.705000 59.646999
c<D>r<102>R<GLY> 30.724001 18.268000 58.688000
c<D>r<103>R<ASP> 28.507999 20.611000 60.676998
c<D>r<104>R<ALA> 26.775999 17.896999 62.743000
c<D>r<105>R<GLY> 30.129000 16.988001 64.301003
c<D>r<106>R<MET> 30.622999 20.212000 66.289001
c<D>r<115>R<ILE> 25.101000 12.600000 73.633003
c<D>r<116>R<VAL> 23.785000 9.273000 72.317001
c<D>r<117>R<VAL> 24.934000 8.082000 68.879997
c<D>r<118>R<TYR> 23.584999 4.934000 67.171997
c<D>r<124>R<ASP> 33.264999 3.821000 66.560997
c<D>r<125>R<VAL> 32.529999 7.110000 68.315002
c<D>r<126>R<LYS> 35.049000 9.397000 70.036003
c<D>r<127>R<TYR> 35.234001 13.096000 70.908997
c<D>r<128>R<ARG> 37.466999 16.094999 71.507004
c<D>r<129>R<VAL> 36.488998 19.200001 73.510002
c<D>r<130>R<TRP> 37.272999 22.516001 71.775002
c<D>r<131>R<LYS> 37.811001 25.613001 73.940002
c<D>r<132>R<ALA> 37.073002 28.955000 72.227997
c<D>r<133>R<GLU> 38.629002 32.319000 72.973000
c<D>r<134>R<GLU> 37.425999 35.409000 74.806999
c<D>r<135>R<LYS> 38.324001 38.213001 72.424004
c<D>r<136>R<ILE> 36.342999 38.514999 69.220001
c<D>r<137>R<ASP> 38.714001 40.220001 66.792999
c<D>r<138>R<ASN> 37.838001 42.514000 63.867001
c<D>r<139>R<ALA> 38.443001 42.028000 60.159000
c<D>r<140>R<VAL> 40.403000 44.894001 58.625000
c<D>r<141>R<VAL> 38.901001 46.425999 55.473999
c<D>r<142>R<ARG> 41.834999 46.553001 53.049999
