c<G>r<23>R<GLY> 10.063000 3.069000 -3.204000
c<G>r<24>R<ARG> 11.116000 -0.589000 -3.311000
c<G>r<25>R<GLY> 8.800000 -3.499000 -4.120000
c<G>r<26>R<GLY> 8.646000 -7.220000 -4.956000
c<G>r<27>R<PHE> 8.326000 -6.095000 -8.618000
c<G>r<52>R<GLY> 5.494000 -11.896000 -13.001000
c<G>r<142>R<ASP> -4.201000 -4.365000 -4.237000
c<G>r<146>R<ALA> 0.676000 2.392000 0.048000
c<G>r<163>R<LEU> -2.257000 -6.659000 -9.966000
c<G>r<174>R<ALA> -3.939000 -17.132000 -8.280000
c<G>r<175>R<VAL> -4.540000 -15.204000 -5.034000
c<G>r<176>R<ARG> -2.499000 -11.968000 -5.174000
c<G>r<177>R<GLY> -2.503000 -8.850000 -2.970000
c<G>r<178>R<THR> -1.278000 -7.631000 0.443000
c<G>r<179>R<ILE> -1.942000 -9.609000 3.671000
c<G>r<182>R<ILE> -7.146000 -9.610000 0.870000
c<G>r<184>R<PRO> -11.630000 -13.785000 3.062000
c<G>r<185>R<GLU> -13.664000 -15.224000 0.116000
c<G>r<186>R<TYR> -10.761000 -14.488000 -2.264000
c<G>r<187>R<LEU> -8.245000 -16.297001 -0.007000
c<G>r<188>R<SER> -10.573000 -19.332001 0.063000
c<G>r<189>R<THR> -12.082000 -19.587000 -3.425000
c<G>r<190>R<GLY> -9.328000 -17.922001 -5.522000
c<G>r<213>R<ARG> -0.539000 -1.100000 9.208000
c<G>r<214>R<ALA> -3.298000 -3.575000 8.228000
c<G>r<215>R<PHE> -0.967000 -6.402000 9.398000
c<G>r<216>R<ASP> 1.516000 -5.761000 12.232000
c<G>r<217>R<LEU> 3.428000 -8.474000 14.138000
c<G>r<220>R<LEU> 1.613000 -9.555000 19.407000
c<G>r<225>R<ASP> -4.715000 -8.758000 17.261000
c<G>r<226>R<VAL> -2.188000 -8.858000 14.354000
c<K>r<32>R<HIS> 5.910000 -16.603001 17.058001
c<K>r<33>R<LEU> 4.136000 -17.761999 13.871000
c<K>r<35>R<THR> 1.620000 -18.896999 18.639000
c<K>r<36>R<ALA> -0.188000 -16.511000 16.222000
c<K>r<39>R<ARG> -4.606000 -18.240000 18.618999
c<K>r<40>R<HIS> -6.133000 -17.372999 15.203000
c<K>r<65>R<ASP> 9.813000 -6.208000 6.991000
c<K>r<66>R<LEU> 6.518000 -7.747000 5.697000
c<K>r<67>R<GLY> 5.614000 -4.380000 4.002000
c<K>r<68>R<GLU> 6.054000 -5.283000 0.251000
c<K>r<69>R<SER> 3.504000 -6.904000 -2.185000
c<K>r<70>R<LEU> 3.395000 -10.582000 -1.111000
c<K>r<71>R<VAL> 2.996000 -12.074000 -4.605000
c<K>r<72>R<GLN> 3.955000 -15.646000 -3.585000
c<K>r<73>R<HIS> 4.913000 -14.884000 0.045000
c<K>r<75>R<LEU> 2.731000 -16.552000 4.750000
c<K>r<76>R<LEU> 0.069000 -15.829000 2.089000
c<K>r<77>R<ASN> 0.435000 -19.370001 0.680000
c<K>r<79>R<ASN> -2.991000 -18.670000 4.972000
c<K>r<80>R<VAL> -4.601000 -19.694000 1.597000
c<K>r<81>R<ALA> -3.697000 -23.337999 2.339000
c<K>r<82>R<LEU> -5.133000 -23.204000 5.922000
c<K>r<83>R<ASN> -8.392000 -21.586000 4.645000
c<K>r<84>R<ARG> -8.695000 -24.368999 1.979000
c<K>r<85>R<MET> -8.051000 -27.028000 4.688000
c<K>r<86>R<LEU> -10.867000 -25.462000 6.791000
c<K>r<87>R<GLY> -13.220000 -25.201000 3.752000
c<K>r<88>R<LEU> -13.587000 -21.466000 4.526000
