c<C>r<46>R<GLU> -13.379000 6.522000 4.824000
c<C>r<47>R<GLU> -12.811000 3.000000 6.273000
c<C>r<49>R<ASN> -13.712000 3.262000 0.782000
c<C>r<50>R<SER> -10.238000 2.124000 1.953000
c<C>r<51>R<LEU> -11.499000 -1.507000 2.343000
c<C>r<52>R<GLU> -13.320000 -1.530000 -1.053000
c<C>r<53>R<GLU> -10.292000 -0.029000 -2.886000
c<C>r<54>R<THR> -7.985000 -2.616000 -1.217000
c<C>r<55>R<ALA> -10.453000 -5.394000 -2.195000
c<C>r<56>R<TYR> -10.574000 -3.983000 -5.776000
c<C>r<57>R<LEU> -6.731000 -4.086000 -6.095000
c<C>r<58>R<LEU> -6.694000 -7.695000 -4.763000
c<C>r<59>R<ARG> -9.714000 -8.925000 -6.843000
c<C>r<60>R<SER> -7.607000 -10.408000 -9.687000
c<C>r<61>R<PRO> -5.097000 -13.093000 -8.518000
c<C>r<62>R<ALA> -2.719000 -11.826000 -11.266000
c<C>r<63>R<ASN> -2.955000 -8.193000 -10.020000
c<C>r<64>R<ALA> -2.703000 -9.292000 -6.364000
c<C>r<65>R<ARG> 0.491000 -11.338000 -6.989000
c<C>r<66>R<ARG> 2.234000 -8.611000 -9.080000
c<C>r<67>R<LEU> 1.284000 -5.900000 -6.550000
c<C>r<68>R<MET> 2.521000 -7.979000 -3.556000
c<C>r<69>R<ASP> 5.863000 -8.815000 -5.319000
c<C>r<70>R<SER> 6.261000 -5.074000 -6.076000
c<C>r<71>R<ILE> 5.417000 -3.973000 -2.491000
c<C>r<72>R<ASP> 7.799000 -6.556000 -0.958000
c<C>r<73>R<SER> 10.594000 -5.385000 -3.338000
c<C>r<74>R<LEU> 10.010000 -1.719000 -2.318000
c<C>r<75>R<LYS> 9.795000 -2.562000 1.448000
c<C>r<77>R<GLY> 14.822000 -1.378000 -0.549000
c<C>r<78>R<LYS> 15.150000 -3.059000 -4.033000
c<C>r<79>R<GLY> 13.386000 -0.154000 -5.801000
c<C>r<80>R<THR> 15.247000 1.871000 -8.477000
c<C>r<81>R<GLU> 15.402000 5.685000 -8.499000
c<C>r<82>R<LYS> 14.015000 7.006000 -11.849000
c<C>r<83>R<ASP> 12.225000 10.233000 -12.815000
c<C>r<84>R<ILE> 9.119000 10.460000 -15.056000
c<C>r<85>R<ILE> 9.678000 10.363000 -18.855000
c<C>r<86>R<GLU> 8.412000 13.626000 -20.459000
c<F>r<2>R<LYS> 12.922000 11.021000 -4.965000
c<F>r<3>R<LEU> 10.866000 8.689000 -7.181000
c<F>r<4>R<ILE> 11.476000 4.999000 -6.543000
c<F>r<5>R<TRP> 9.969000 2.289000 -8.785000
c<F>r<6>R<SER> 9.650000 -1.460000 -8.402000
c<F>r<7>R<GLU> 10.531000 -3.569000 -11.459000
c<F>r<8>R<GLU> 6.801000 -4.392000 -11.871000
c<F>r<9>R<SER> 5.649000 -0.730000 -11.671000
c<F>r<10>R<TRP> 8.400000 0.452000 -14.042000
c<F>r<13>R<TYR> 4.861000 2.576000 -16.879999
c<F>r<14>R<LEU> 6.855000 1.413000 -19.969000
c<F>r<17>R<GLN> 4.648000 4.605000 -22.816999
c<F>r<24>R<VAL> 1.196000 8.314000 -19.264999
c<F>r<25>R<LYS> 0.185000 12.016000 -19.068001
c<F>r<27>R<ILE> 0.231000 9.042000 -14.372000
c<F>r<28>R<ASN> 2.793000 11.907000 -14.618000
c<F>r<29>R<GLU> 0.101000 14.403000 -13.459000
c<F>r<31>R<ILE> 2.902000 11.713000 -9.512000
c<F>r<32>R<LYS> 3.450000 15.532000 -9.700000
c<F>r<45>R<PRO> -6.236000 9.322000 -2.609000
c<F>r<46>R<GLU> -7.376000 6.343000 -0.499000
c<F>r<47>R<PRO> -5.217000 4.572000 2.152000
c<F>r<48>R<LEU> -4.911000 0.795000 1.619000
c<F>r<49>R<LYS> -5.675000 -1.899000 4.255000
c<F>r<50>R<HIS> -4.322000 -5.285000 5.400000
c<F>r<51>R<ASN> -1.175000 -6.484000 3.512000
c<F>r<52>R<LEU> -1.182000 -3.146000 1.573000
c<F>r<53>R<SER> -1.087000 -1.037000 4.816000
c<F>r<55>R<PHE> 0.379000 2.214000 0.715000
c<F>r<56>R<TRP> -2.141000 4.551000 -0.918000
c<F>r<57>R<SER> -4.008000 4.446000 -4.218000
c<F>r<58>R<ARG> -5.090000 7.132000 -6.715000
c<F>r<59>R<ARG> -7.499000 6.695000 -9.650000
c<F>r<63>R<GLU> -9.892000 0.393000 -14.082000
c<F>r<64>R<HIS> -6.297000 1.506000 -13.373000
c<F>r<65>R<ARG> -4.799000 2.783000 -10.102000
c<F>r<67>R<VAL> -0.415000 2.518000 -5.991000
c<F>r<68>R<TYR> 2.299000 4.230000 -3.918000
c<F>r<69>R<ALA> 3.917000 4.701000 -0.490000
c<F>r<74>R<SER> 10.902000 9.268000 -1.448000
c<F>r<75>R<LEU> 7.700000 8.449000 -3.353000
c<F>r<76>R<LEU> 7.625000 4.645000 -3.847000
c<F>r<77>R<ILE> 5.549000 3.507000 -6.891000
c<F>r<78>R<ALA> 4.183000 -0.064000 -6.595000
c<F>r<79>R<ALA> 1.770000 -0.142000 -9.582000
c<F>r<80>R<CYS> 0.303000 2.018000 -12.357000
c<F>r<81>R<ARG> -1.704000 -0.680000 -14.230000
c<F>r<82>R<TYR> -4.373000 -3.223000 -13.300000
c<F>r<83>R<HIS> -3.717000 -6.855000 -14.400000
c<F>r<84>R<TYR> -6.581000 -9.392000 -14.886000
