c<A>r<1>R<THR> 5.859000 15.282000 -9.822000
c<A>r<2>R<GLU> 3.323000 14.369000 -7.146000
c<A>r<3>R<ALA> 0.686000 12.372000 -9.024000
c<A>r<4>R<CYS> -2.532000 11.690000 -7.093000
c<A>r<5>R<VAL> -5.737000 9.613000 -7.376000
c<A>r<6>R<THR> -8.810000 9.872000 -5.116000
c<A>r<7>R<SER> -10.728000 6.781000 -3.929000
c<A>r<8>R<TRP> -13.540000 6.340000 -1.356000
c<A>r<9>R<LEU> -14.253000 3.783000 1.389000
c<A>r<10>R<TRP> -17.349001 3.296000 3.573000
c<A>r<11>R<SER> -19.030001 0.768000 5.878000
c<A>r<12>R<GLU> -22.695999 -0.211000 6.273000
c<A>r<15>R<GLY> -21.457001 3.219000 13.440000
c<A>r<16>R<ALA> -20.988001 3.498000 9.623000
c<A>r<17>R<VAL> -17.778999 5.385000 8.656000
c<A>r<18>R<PHE> -16.811001 7.262000 5.474000
c<A>r<19>R<TYR> -13.267000 7.881000 4.232000
c<A>r<20>R<ARG> -11.738000 9.869000 1.431000
c<A>r<21>R<VAL> -8.523000 8.064000 0.416000
c<A>r<22>R<ASP> -5.982000 10.101000 -1.582000
c<A>r<23>R<LEU> -3.291000 7.948000 -3.260000
c<A>r<24>R<HIS> 0.010000 9.805000 -3.801000
c<A>r<25>R<PHE> 2.200000 8.060000 -6.415000
c<A>r<26>R<THR> 5.981000 8.585000 -6.238000
c<A>r<27>R<ASN> 8.014000 6.990000 -9.053000
c<A>r<28>R<LEU> 11.202000 5.509000 -7.477000
c<A>r<29>R<GLY> 13.168000 5.150000 -10.785000
c<A>r<30>R<THR> 15.169000 8.271000 -9.718000
c<A>r<43>R<LEU> 11.230000 6.402000 0.178000
c<A>r<44>R<MET> 12.011000 2.669000 -0.414000
c<A>r<45>R<TYR> 11.426000 1.416000 3.181000
c<A>r<46>R<ASN> 10.091000 4.189000 5.486000
c<A>r<47>R<PRO> 6.247000 4.092000 5.559000
c<A>r<48>R<CYS> 4.233000 7.240000 6.247000
c<A>r<49>R<GLY> 2.202000 7.574000 9.475000
c<A>r<50>R<PRO> 0.440000 7.583000 11.853000
c<A>r<51>R<GLU> -1.576000 4.616000 10.395000
c<A>r<52>R<PRO> -5.442000 4.830000 10.404000
c<A>r<53>R<PRO> -7.412000 2.337000 12.591000
c<A>r<54>R<ALA> -6.291000 -1.202000 11.604000
c<A>r<55>R<HIS> -9.845000 -2.250000 10.530000
c<A>r<56>R<VAL> -9.993000 0.726000 8.039000
c<A>r<57>R<VAL> -6.571000 -0.224000 6.550000
c<A>r<58>R<ARG> -7.730000 -3.881000 6.411000
c<A>r<59>R<ALA> -11.018000 -2.894000 4.708000
c<A>r<60>R<TYR> -9.311000 -0.676000 2.076000
c<A>r<61>R<ASN> -6.565000 -3.246000 1.254000
c<A>r<62>R<GLN> -8.776000 -6.403000 1.457000
c<A>r<63>R<PRO> -8.238000 -8.584000 -1.676000
c<A>r<64>R<ALA> -11.478000 -8.681000 -3.693000
c<A>r<65>R<GLY> -11.852000 -9.810000 -7.342000
c<A>r<66>R<ASP> -15.592000 -9.038000 -7.610000
c<A>r<67>R<VAL> -16.900000 -5.688000 -8.946000
c<A>r<71>R<TRP> -19.761000 4.031000 -12.672000
c<A>r<72>R<GLY> -18.871000 6.754000 -15.175000
c<A>r<73>R<LYS> -19.333000 10.527000 -15.383000
c<A>r<74>R<GLY> -17.584000 12.481000 -18.143999
c<A>r<76>R<ARG> -13.990000 9.527000 -15.264000
c<A>r<77>R<THR> -14.711000 5.836000 -14.612000
c<A>r<78>R<TYR> -14.836000 4.113000 -11.199000
c<A>r<79>R<ALA> -15.310000 0.503000 -10.037000
c<A>r<81>R<GLN> -16.575001 -3.225000 -4.868000
c<A>r<93>R<LEU> -15.016000 3.235000 -5.056000
c<A>r<94>R<LEU> -11.764000 2.938000 -7.057000
c<A>r<95>R<ARG> -10.580000 5.092000 -10.000000
c<A>r<96>R<MET> -10.439000 2.953000 -13.194000
c<A>r<97>R<PRO> -9.207000 4.866000 -16.308001
c<A>r<98>R<VAL> -10.366000 3.380000 -19.655001
c<B>r<1>R<THR> -6.000000 13.745000 11.896000
c<B>r<2>R<GLU> -4.466000 12.836000 8.516000
c<B>r<3>R<ALA> -3.584000 9.143000 8.804000
c<B>r<4>R<CYS> -1.263000 7.550000 6.238000
c<B>r<5>R<VAL> -0.268000 4.070000 5.060000
c<B>r<6>R<THR> 2.390000 3.156000 2.473000
c<B>r<7>R<SER> 2.095000 0.558000 -0.310000
c<B>r<8>R<TRP> 4.337000 -0.358000 -3.270000
c<B>r<9>R<LEU> 3.637000 -1.146000 -6.951000
c<B>r<10>R<TRP> 6.006000 -2.547000 -9.625000
c<B>r<16>R<ALA> 9.721000 -1.814000 -15.551000
c<B>r<17>R<VAL> 8.504000 0.914000 -13.156000
c<B>r<18>R<PHE> 8.659000 1.049000 -9.351000
c<B>r<19>R<TYR> 6.236000 3.205000 -7.333000
c<B>r<20>R<ARG> 5.758000 4.155000 -3.713000
c<B>r<21>R<VAL> 2.044000 4.794000 -3.061000
c<B>r<22>R<ASP> 1.159000 6.779000 0.072000
c<B>r<23>R<LEU> -2.536000 6.484000 0.995000
c<B>r<24>R<HIS> -3.875000 9.474000 2.955000
c<B>r<25>R<PHE> -7.086000 8.695000 4.893000
c<B>r<26>R<THR> -9.486000 11.534000 5.763000
c<B>r<27>R<ASN> -12.419000 10.483000 7.980000
c<B>r<28>R<LEU> -15.533000 12.325000 6.673000
c<B>r<29>R<GLY> -17.922001 10.818000 9.293000
c<B>r<30>R<THR> -21.181999 9.310000 7.962000
c<B>r<31>R<PRO> -21.462000 7.975000 4.349000
c<B>r<32>R<PRO> -23.476000 10.338000 2.032000
c<B>r<33>R<LEU> -25.958000 7.609000 0.952000
c<B>r<37>R<GLY> -28.134001 3.176000 0.019000
c<B>r<39>R<TRP> -23.525000 7.098000 -2.823000
c<B>r<41>R<PRO> -22.177999 10.774000 -7.960000
c<B>r<42>R<ALA> -20.489000 14.095000 -6.913000
c<B>r<43>R<LEU> -17.743999 11.953000 -5.248000
c<B>r<44>R<MET> -16.305000 11.235000 -8.772000
c<B>r<45>R<TYR> -15.481000 14.986000 -9.396000
c<B>r<46>R<ASN> -12.937000 15.905000 -6.666000
c<B>r<47>R<PRO> -9.446000 14.511000 -7.572000
c<B>r<48>R<CYS> -6.567000 15.321000 -5.142000
c<B>r<49>R<GLY> -4.269000 16.250999 -8.064000
c<B>r<50>R<PRO> -2.963000 15.333000 -11.541000
c<B>r<51>R<GLU> -3.319000 11.558000 -12.117000
c<B>r<52>R<PRO> -0.286000 9.314000 -12.845000
c<B>r<53>R<PRO> -0.213000 7.517000 -16.253000
c<B>r<54>R<ALA> -3.543000 5.661000 -16.760000
c<B>r<55>R<HIS> -1.791000 2.227000 -16.809999
c<B>r<56>R<VAL> -0.211000 2.868000 -13.318000
c<B>r<57>R<VAL> -3.634000 3.860000 -11.878000
c<B>r<58>R<ARG> -5.262000 0.823000 -13.548000
c<B>r<59>R<ALA> -2.482000 -1.477000 -12.273000
c<B>r<60>R<TYR> -2.825000 -0.211000 -8.661000
c<B>r<61>R<ASN> -6.679000 -0.321000 -8.592000
c<B>r<62>R<GLN> -7.093000 -3.601000 -10.589000
c<B>r<63>R<PRO> -9.490000 -5.997000 -8.755000
c<B>r<64>R<ALA> -7.447000 -9.030000 -7.629000
c<B>r<65>R<GLY> -8.700000 -11.703000 -5.180000
c<B>r<66>R<ASP> -5.552000 -13.868000 -5.079000
c<B>r<67>R<VAL> -2.665000 -13.291000 -2.626000
c<B>r<78>R<TYR> 1.924000 -6.808000 3.907000
c<B>r<79>R<ALA> 0.063000 -8.878000 1.288000
c<B>r<81>R<GLN> -0.526000 -9.730000 -5.142000
c<B>r<93>R<LEU> 2.560000 -4.854000 -1.786000
c<B>r<94>R<LEU> -0.355000 -3.654000 0.384000
c<B>r<95>R<ARG> -0.315000 -2.935000 4.147000
c<B>r<96>R<MET> -2.390000 -5.696000 5.775000
c<B>r<97>R<PRO> -2.623000 -5.482000 9.596000
c<B>r<98>R<VAL> -3.234000 -8.839000 11.346000
