c<A>r<8>R<LYS> 3.693000 5.094000 -6.797000
c<A>r<39>R<ILE> -11.559000 2.650000 5.385000
c<A>r<40>R<GLY> -11.028000 2.905000 1.615000
c<A>r<41>R<ALA> -7.311000 3.803000 1.050000
c<A>r<42>R<SER> -4.905000 5.997000 2.959000
c<A>r<43>R<PHE> -2.175000 8.119000 1.454000
c<A>r<44>R<MET> 1.297000 9.077000 2.627000
c<A>r<45>R<THR> 4.583000 10.096000 1.043000
c<A>r<58>R<LEU> 3.661000 7.920000 -3.110000
c<A>r<67>R<ARG> -16.252001 -5.010000 1.122000
c<A>r<68>R<PHE> -13.373000 -2.716000 -0.176000
c<A>r<69>R<ARG> -11.881000 -5.236000 -2.588000
c<A>r<70>R<ALA> -13.537000 -3.624000 -5.678000
c<A>r<71>R<LEU> -11.799000 -0.359000 -4.884000
c<A>r<72>R<ALA> -8.254000 -1.792000 -5.042000
c<A>r<74>R<MET> -7.914000 2.185000 -8.513000
c<A>r<75>R<TYR> -4.736000 2.051000 -6.517000
c<B>r<1>R<ILE> -17.896000 -0.890000 -6.331000
c<B>r<2>R<GLU> -20.709000 -0.196000 -3.840000
c<B>r<5>R<LEU> -17.813999 3.043000 -0.645000
c<B>r<6>R<LEU> -16.933001 5.338000 -3.579000
c<B>r<7>R<LEU> -18.587999 8.347000 -1.959000
c<B>r<8>R<GLN> -16.784000 7.667000 1.221000
c<B>r<9>R<GLN> -13.402000 7.412000 -0.522000
c<B>r<10>R<ILE> -14.129000 10.696000 -2.295000
c<B>r<12>R<ASN> -11.392000 10.809000 2.331000
c<B>r<13>R<ILE> -9.406000 12.173000 -0.582000
c<B>r<16>R<TYR> -6.215000 14.809000 2.264000
c<B>r<28>R<GLU> 0.642000 15.930000 -3.056000
c<B>r<31>R<VAL> -1.553000 13.392000 -6.905000
c<B>r<32>R<LEU> -4.644000 13.456000 -4.705000
c<B>r<35>R<ASN> -7.176000 10.235000 -7.648000
c<B>r<38>R<GLU> -10.670000 8.941000 -11.190000
c<B>r<39>R<LEU> -13.085000 8.222000 -8.277000
c<B>r<42>R<THR> -15.955000 5.797000 -11.780000
