c<A>r<1>R<LYS> 25.966999 18.735001 -2.486000
c<A>r<2>R<ASN> 23.641001 18.295000 -4.861000
c<A>r<3>R<TYR> 23.691000 14.766000 -5.034000
c<A>r<4>R<TYR> 20.562000 14.138000 -6.950000
c<A>r<5>R<SER> 20.563999 16.898001 -9.597000
c<A>r<6>R<SER> 21.250999 14.374000 -12.258000
c<A>r<7>R<ASN> 17.857000 12.934000 -11.687000
c<A>r<8>R<PRO> 14.525000 14.369000 -12.839000
c<A>r<9>R<THR> 11.743000 15.700000 -10.620000
c<A>r<10>R<PHE> 8.063000 15.000000 -10.802000
c<A>r<11>R<TYR> 4.641000 16.646999 -9.859000
c<A>r<12>R<LEU> 3.291000 14.595000 -6.952000
c<A>r<13>R<GLY> -0.533000 14.354000 -6.918000
c<A>r<36>R<GLU> -9.757000 23.816000 -16.177000
c<A>r<37>R<PRO> -9.637000 21.070000 -17.473000
c<A>r<45>R<GLY> -4.344000 17.995001 -5.015000
c<A>r<46>R<PHE> -0.599000 18.256001 -5.014000
c<A>r<47>R<VAL> 2.013000 17.702000 -2.417000
c<A>r<48>R<GLN> 3.623000 20.938000 -1.184000
c<A>r<49>R<LYS> 7.342000 21.433001 -0.127000
c<A>r<50>R<ASP> 6.590000 21.870001 3.535000
c<A>r<51>R<GLU> 4.459000 18.788000 4.105000
c<A>r<52>R<SER> 4.775000 15.019000 4.201000
c<A>r<53>R<VAL> 2.882000 12.983000 1.727000
c<A>r<54>R<ASP> 0.569000 11.853000 4.581000
c<A>r<55>R<ASP> -0.005000 15.429000 5.662000
c<A>r<56>R<ALA> -0.742000 16.357000 2.076000
c<A>r<72>R<GLU> -4.661000 4.381000 4.564000
c<A>r<73>R<GLN> -2.384000 4.751000 1.610000
c<A>r<74>R<VAL> -3.653000 2.834000 -1.401000
c<A>r<75>R<GLY> -0.572000 3.091000 -3.581000
c<A>r<76>R<ALA> 1.544000 5.086000 -5.933000
c<A>r<77>R<PHE> 0.242000 5.454000 -9.523000
c<A>r<78>R<GLY> 2.880000 6.484000 -11.961000
c<A>r<79>R<ALA> 1.985000 5.390000 -15.481000
c<A>r<80>R<ILE> 3.685000 7.746000 -17.976000
c<A>r<81>R<ASP> 0.458000 8.910000 -19.613001
c<A>r<82>R<ARG> -1.883000 8.760000 -16.639999
c<A>r<85>R<GLY> -1.550000 17.459999 -18.737000
c<A>r<86>R<GLU> 1.852000 16.612000 -17.382000
c<A>r<87>R<ARG> 4.014000 13.859000 -15.929000
c<A>r<88>R<VAL> 2.352000 13.331000 -12.592000
c<A>r<89>R<VAL> 2.861000 10.532000 -10.106000
c<A>r<91>R<ILE> -0.333000 8.796000 -4.291000
c<A>r<92>R<ALA> -3.791000 7.479000 -3.584000
c<A>r<139>R<ALA> -9.099000 -7.229000 2.840000
c<A>r<140>R<SER> -8.758000 -5.301000 6.049000
c<A>r<141>R<VAL> -8.724000 -7.374000 9.163000
c<B>r<1>R<ASN> 0.954000 24.497000 -18.139999
c<B>r<2>R<TYR> -1.600000 23.659000 -15.616000
c<B>r<3>R<TYR> 0.503000 22.528000 -12.740000
c<B>r<4>R<SER> 3.478000 24.936001 -12.826000
c<B>r<5>R<SER> 2.277000 26.548000 -9.704000
c<B>r<6>R<ASN> 3.031000 23.393999 -7.842000
c<B>r<7>R<PRO> 6.446000 22.146000 -6.791000
c<B>r<8>R<THR> 8.202000 19.034000 -8.091000
c<B>r<9>R<PHE> 9.966000 16.363001 -6.144000
c<B>r<10>R<TYR> 12.812000 13.711000 -6.574000
c<B>r<11>R<LEU> 11.079000 10.313000 -6.623000
c<B>r<12>R<GLY> 13.184000 7.535000 -5.033000
c<B>r<35>R<GLU> 28.749001 9.477000 -2.132000
c<B>r<36>R<PRO> 27.256001 9.737000 0.530000
c<B>r<44>R<GLY> 17.344999 4.490000 -7.279000
c<B>r<45>R<PHE> 15.297000 7.208000 -8.843000
c<B>r<46>R<VAL> 12.373000 7.218000 -11.155000
c<B>r<47>R<GLN> 13.246000 8.391000 -14.692000
c<B>r<48>R<LYS> 10.981000 10.464000 -17.082001
c<B>r<49>R<ASP> 10.384000 7.619000 -19.490000
c<B>r<50>R<GLU> 9.246000 4.962000 -17.033001
c<B>r<51>R<SER> 6.340000 4.167000 -14.733000
c<B>r<52>R<VAL> 6.979000 3.936000 -11.070000
c<B>r<53>R<ASP> 6.484000 0.139000 -11.332000
c<B>r<54>R<ASP> 8.940000 -0.102000 -14.182000
c<B>r<55>R<ALA> 11.380000 1.968000 -12.185000
c<B>r<71>R<GLU> 4.345000 -5.524000 -4.423000
c<B>r<72>R<GLN> 4.359000 -1.832000 -3.650000
c<B>r<73>R<VAL> 4.874000 -1.232000 0.069000
c<B>r<74>R<GLY> 4.008000 2.470000 0.168000
c<B>r<75>R<ALA> 5.030000 6.016000 -0.380000
c<B>r<76>R<PHE> 7.413000 7.548000 2.213000
c<B>r<77>R<GLY> 7.470000 11.281000 2.141000
c<B>r<78>R<ALA> 8.532000 12.708000 5.495000
c<B>r<79>R<ILE> 10.116000 16.139000 4.956000
c<B>r<80>R<ASP> 13.493000 15.232000 6.468000
c<B>r<81>R<ARG> 13.665000 11.600000 5.495000
c<B>r<84>R<GLY> 20.421000 15.353000 1.039000
c<B>r<85>R<GLU> 17.288000 16.648001 -0.580000
c<B>r<86>R<ARG> 13.504000 16.535999 -0.516000
c<B>r<87>R<VAL> 12.847000 13.032000 -1.735000
c<B>r<88>R<VAL> 9.630000 11.068000 -1.721000
c<B>r<89>R<SER> 10.417000 7.327000 -1.911000
c<B>r<90>R<ILE> 8.184000 4.535000 -3.182000
c<B>r<91>R<ALA> 9.042000 1.272000 -1.491000
c<B>r<138>R<ALA> -0.412000 -10.469000 6.185000
c<B>r<139>R<SER> -0.477000 -11.837000 2.745000
c<B>r<140>R<VAL> -3.078000 -14.429000 2.081000
