c<A>r<1>R<ALA> -19.565001 8.379000 -0.873000
c<A>r<2>R<VAL> -16.511999 10.606000 -0.433000
c<A>r<3>R<SER> -14.821000 9.661000 -3.730000
c<A>r<4>R<LEU> -11.442000 10.614000 -5.229000
c<A>r<5>R<ASP> -11.169000 11.561000 -8.939000
c<A>r<6>R<ARG> -8.072000 9.311000 -9.542000
c<A>r<7>R<THR> -6.273000 6.109000 -8.398000
c<A>r<8>R<ARG> -2.835000 7.871000 -8.274000
c<A>r<9>R<ALA> -1.500000 11.435000 -8.153000
c<A>r<23>R<ASN> -19.503000 13.700000 -1.656000
c<A>r<24>R<ASP> -21.679001 11.419000 -3.816000
c<A>r<25>R<ASN> -24.320999 11.350000 -1.014000
c<A>r<30>R<TYR> -19.663000 14.457000 5.426000
c<A>r<85>R<TYR> 0.836000 8.483000 -0.158000
c<A>r<87>R<ASN> -4.899000 9.570000 2.306000
c<A>r<88>R<LEU> -8.586000 10.553000 2.263000
c<A>r<89>R<ARG> -10.628000 9.396000 5.287000
c<A>r<90>R<GLU> -14.300000 10.041000 5.667000
c<A>r<91>R<ILE> -15.653000 10.829000 9.145000
c<A>r<92>R<PRO> -19.301001 9.673000 9.153000
c<A>r<93>R<PRO> -21.782000 11.338000 11.527000
c<A>r<95>R<SER> -24.546000 6.739000 14.673000
c<A>r<97>R<LYS> -28.290001 3.522000 16.674999
c<A>r<98>R<ALA> -27.642000 1.059000 19.497999
c<A>r<99>R<ASN> -25.796000 -2.264000 18.945000
c<A>r<100>R<VAL> -23.649000 -1.252000 15.923000
c<A>r<101>R<LEU> -20.183001 -1.864000 14.551000
c<A>r<102>R<GLN> -19.298000 1.324000 12.612000
c<A>r<103>R<ILE> -16.747999 0.930000 9.775000
c<A>r<104>R<ALA> -15.472000 4.181000 8.183000
c<A>r<105>R<LEU> -13.905000 4.223000 4.669000
c<A>r<106>R<GLN> -10.385000 5.496000 3.947000
c<A>r<107>R<THR> -8.837000 5.778000 0.456000
c<A>r<108>R<LYS> -5.030000 5.585000 0.018000
c<A>r<109>R<ILE> -3.319000 6.401000 -3.313000
c<A>r<110>R<LYS> 0.330000 6.682000 -4.441000
c<A>r<122>R<PRO> 1.485000 14.354000 -21.853001
c<A>r<150>R<THR> 3.953000 0.028000 -11.144000
c<A>r<151>R<VAL> 3.987000 -3.363000 -12.934000
c<A>r<152>R<ILE> 0.660000 -5.232000 -12.597000
c<A>r<162>R<GLU> -3.651000 -8.026000 -18.438999
c<A>r<163>R<GLU> -5.158000 -10.856000 -16.309000
c<A>r<164>R<GLY> -1.834000 -11.438000 -14.451000
c<A>r<165>R<GLU> -1.634000 -11.910000 -10.659000
c<A>r<166>R<PHE> 1.234000 -9.649000 -9.562000
c<A>r<167>R<GLU> 1.819000 -6.058000 -8.374000
c<A>r<168>R<THR> 5.219000 -4.450000 -7.866000
c<A>r<169>R<VAL> 6.464000 -0.877000 -7.723000
c<A>r<191>R<ILE> -0.110000 1.522000 -14.632000
c<A>r<193>R<ASP> -0.056000 8.375000 -14.825000
c<A>r<194>R<TYR> -3.781000 8.306000 -15.850000
c<A>r<195>R<GLY> -4.560000 4.906000 -14.180000
c<A>r<196>R<GLY> -4.622000 3.160000 -17.608000
c<A>r<197>R<ARG> -3.071000 -0.320000 -18.097000
c<B>r<4>R<HIS> -8.215000 13.464000 -19.610001
c<B>r<5>R<HIS> -10.826000 11.437000 -17.674000
c<B>r<6>R<HIS> -8.756000 9.986000 -14.832000
c<B>r<7>R<GLY> -10.280000 6.576000 -14.019000
c<B>r<8>R<GLY> -11.542000 6.169000 -10.421000
c<B>r<9>R<CYS> -13.037000 3.590000 -8.042000
c<B>r<10>R<ARG> -16.179001 4.575000 -6.064000
c<B>r<11>R<PRO> -17.589001 2.701000 -3.026000
c<B>r<12>R<SER> -21.452000 2.616000 -2.842000
c<B>r<13>R<ALA> -21.379999 3.689000 0.830000
c<B>r<14>R<GLN> -19.236000 5.894000 3.136000
c<B>r<15>R<SER> -19.448000 3.799000 6.222000
c<B>r<16>R<LEU> -20.868999 0.384000 6.971000
c<B>r<17>R<GLU> -23.177999 0.069000 9.986000
c<B>r<18>R<ILE> -23.347000 -3.623000 10.938000
c<B>r<19>R<LYS> -26.386000 -3.832000 13.250000
c<B>r<20>R<HIS> -26.733999 -6.710000 15.710000
c<B>r<21>R<GLY> -30.176001 -5.536000 16.951000
c<B>r<22>R<ASP> -31.511999 -6.234000 20.454000
c<B>r<23>R<LEU> -30.122999 -9.607000 21.608999
c<B>r<33>R<ALA> -24.583000 -9.747000 10.941000
c<B>r<34>R<ALA> -23.132999 -8.407000 7.655000
c<B>r<41>R<CYS> -14.355000 1.148000 -11.054000
c<B>r<42>R<ASP> -14.313000 3.095000 -14.364000
c<B>r<43>R<VAL> -10.952000 1.461000 -15.269000
c<B>r<44>R<PRO> -9.445000 -1.956000 -14.481000
c<B>r<45>R<ALA> -8.164000 -1.744000 -10.851000
c<B>r<46>R<ASN> -6.406000 -3.916000 -8.205000
c<B>r<47>R<ILE> -7.690000 -2.777000 -4.801000
c<B>r<48>R<ARG> -6.255000 -3.977000 -1.489000
c<B>r<49>R<PHE> -8.700000 -3.707000 1.410000
c<B>r<50>R<MET> -7.350000 -3.615000 4.992000
c<B>r<51>R<LEU> -9.210000 -3.241000 8.304000
c<B>r<52>R<LEU> -7.674000 -0.969000 10.956000
c<B>r<53>R<ARG> -8.965000 -1.296000 14.542000
c<B>r<54>R<ASN> -10.110000 1.930000 16.246000
c<B>r<67>R<VAL> -12.936000 -5.026000 17.363001
c<B>r<68>R<GLY> -13.989000 -4.262000 20.957001
c<B>r<69>R<LEU> -17.729000 -3.474000 21.346001
c<B>r<74>R<ASP> -15.898000 -8.265000 20.806999
c<B>r<75>R<SER> -16.702000 -8.531000 17.091999
c<B>r<77>R<VAL> -14.756000 -9.334000 11.652000
c<B>r<90>R<ARG> -9.412000 -7.235000 -9.048000
c<B>r<91>R<TRP> -11.294000 -5.512000 -11.869000
c<B>r<92>R<TYR> -10.067000 -6.756000 -15.287000
c<B>r<93>R<LYS> -12.520000 -4.265000 -16.908001
c<B>r<101>R<ILE> -18.048000 -7.229000 5.748000
c<B>r<102>R<GLY> -19.382000 -9.501000 8.514000
c<B>r<103>R<SER> -19.410999 -9.126000 12.325000
c<B>r<115>R<GLY> -25.212000 -3.007000 27.655001
c<B>r<116>R<VAL> -25.143999 -1.153000 24.315001
c<B>r<117>R<LEU> -22.673000 -2.670000 21.837000
c<B>r<118>R<SER> -20.517000 0.065000 20.231001
c<B>r<119>R<GLY> -17.282000 -0.496000 18.301001
c<B>r<120>R<SER> -15.418000 1.051000 15.382000
c<B>r<121>R<ALA> -12.946000 0.183000 12.626000
c<B>r<122>R<THR> -11.574000 1.757000 9.413000
c<B>r<123>R<LEU> -11.764000 -0.013000 6.022000
c<B>r<124>R<LEU> -8.619000 1.143000 4.192000
c<B>r<125>R<MET> -9.054000 0.978000 0.386000
c<B>r<126>R<ILE> -5.544000 1.011000 -1.171000
c<B>r<127>R<LEU> -5.780000 1.921000 -4.866000
c<B>r<128>R<PRO> -2.890000 0.895000 -7.174000
