c<A>r<23>R<GLY> -11.376000 13.641000 3.214000
c<A>r<24>R<LEU> -7.843000 15.022000 3.391000
c<A>r<28>R<GLU> 4.753000 13.340000 2.389000
c<A>r<29>R<GLY> 6.180000 16.816999 3.035000
c<A>r<30>R<LEU> 2.802000 18.232000 4.051000
c<A>r<31>R<LYS> 1.544000 15.373000 6.209000
c<A>r<32>R<ARG> 2.686000 17.197001 9.344000
c<A>r<33>R<GLN> -0.149000 19.709999 8.705000
c<A>r<34>R<ALA> -2.858000 17.047001 8.459000
c<A>r<35>R<ILE> -4.055000 17.000999 12.079000
c<A>r<36>R<ASN> -4.048000 20.806000 12.330000
c<A>r<38>R<ALA> -8.460000 18.447001 10.289000
c<A>r<39>R<ARG> -8.943000 20.191000 13.607000
c<A>r<48>R<ASN> -16.204000 14.621000 10.153000
c<A>r<49>R<VAL> -12.724000 14.495000 8.739000
c<A>r<50>R<ILE> -10.971000 11.347000 7.447000
c<A>r<51>R<ILE> -7.261000 11.619000 6.680000
c<A>r<52>R<SER> -5.445000 9.514000 4.051000
c<A>r<53>R<GLY> -2.425000 7.843000 5.620000
c<A>r<54>R<ASN> -1.194000 6.337000 2.331000
c<A>r<55>R<PRO> 1.933000 7.671000 0.620000
c<A>r<63>R<ASP> -6.795000 8.005000 -2.752000
c<A>r<65>R<ILE> -11.047000 4.652000 -1.816000
c<A>r<66>R<LEU> -11.188000 7.636000 0.443000
c<A>r<225>R<ILE> 13.367000 -13.073000 -17.358000
c<A>r<226>R<PHE> 11.837000 -9.593000 -16.952000
c<A>r<227>R<GLY> 9.302000 -8.434000 -14.393000
c<A>r<228>R<ILE> 7.075000 -5.808000 -16.018000
c<A>r<229>R<ILE> 5.770000 -3.448000 -13.288000
c<A>r<230>R<VAL> 2.236000 -1.955000 -13.581000
c<A>r<231>R<SER> 0.826000 0.503000 -11.060000
c<A>r<232>R<THR> -2.751000 0.623000 -9.753000
c<A>r<243>R<GLN> 1.135000 -6.013000 -22.417999
c<A>r<255>R<ILE> 10.256000 -13.577000 -21.080999
c<A>r<256>R<GLY> 8.125000 -10.992000 -19.374001
c<A>r<257>R<TYR> 5.812000 -11.388000 -16.398001
c<A>r<258>R<ILE> 3.382000 -8.589000 -15.473000
c<A>r<259>R<ILE> 3.551000 -7.547000 -11.791000
c<A>r<260>R<LEU> 0.638000 -5.382000 -10.597000
c<A>r<261>R<MET> 1.521000 -3.140000 -7.629000
c<A>r<262>R<ASP> 0.247000 -0.046000 -5.767000
c<A>r<263>R<LEU> 3.466000 0.852000 -3.943000
c<A>r<264>R<VAL> 6.640000 -0.058000 -5.804000
c<A>r<265>R<THR> 9.555000 -0.675000 -3.425000
c<A>r<267>R<GLU> 11.880000 -4.831000 -0.891000
c<A>r<268>R<GLN> 8.727000 -5.846000 -2.677000
c<A>r<269>R<LEU> 10.543000 -6.716000 -5.933000
c<A>r<270>R<LEU> 13.365000 -8.673000 -4.284000
c<A>r<271>R<ALA> 11.188000 -11.793000 -3.807000
c<A>r<272>R<PHE> 10.329000 -12.371000 -7.463000
c<A>r<273>R<LYS> 13.966000 -13.042000 -8.428000
c<A>r<274>R<ALA> 13.623000 -11.686000 -11.961000
c<B>r<22>R<GLY> -4.217000 -13.531000 -11.437000
c<B>r<23>R<LEU> -1.754000 -14.833000 -8.856000
c<B>r<27>R<GLU> 5.608000 -12.847000 1.384000
c<B>r<28>R<GLY> 7.110000 -16.283001 2.060000
c<B>r<29>R<LEU> 5.740000 -17.757999 -1.170000
c<B>r<30>R<LYS> 6.506000 -14.905000 -3.558000
c<B>r<31>R<ARG> 9.670000 -16.674999 -4.682000
c<B>r<32>R<GLN> 7.409000 -19.266001 -6.406000
c<B>r<33>R<ALA> 5.382000 -16.679001 -8.329000
c<B>r<34>R<ILE> 7.367000 -16.601000 -11.589000
c<B>r<35>R<ASN> 7.667000 -20.395000 -11.732000
c<B>r<37>R<ALA> 3.186000 -18.191000 -13.773000
c<B>r<38>R<ARG> 5.452000 -19.886000 -16.263000
c<B>r<47>R<ASN> -2.040000 -14.557000 -19.600000
c<B>r<48>R<VAL> -0.864000 -14.363000 -16.030001
c<B>r<49>R<ILE> -0.786000 -11.186000 -13.899000
c<B>r<50>R<ILE> 1.043000 -11.377000 -10.574000
c<B>r<51>R<SER> 0.171000 -9.248000 -7.506000
c<B>r<52>R<GLY> 3.294000 -7.518000 -6.237000
c<B>r<53>R<ASN> 1.572000 -5.979000 -3.196000
c<B>r<54>R<PRO> 2.310000 -7.254000 0.314000
c<B>r<62>R<ASP> -5.924000 -7.849000 -4.145000
c<B>r<64>R<ILE> -8.053000 -4.602000 -8.030000
c<B>r<65>R<LEU> -6.344000 -7.561000 -9.566000
c<B>r<224>R<ILE> -4.442000 13.517000 20.427000
c<B>r<225>R<PHE> -5.056000 10.007000 19.042999
c<B>r<226>R<GLY> -4.720000 8.811000 15.472000
c<B>r<227>R<ILE> -7.344000 6.123000 14.864000
c<B>r<228>R<ILE> -6.059000 3.772000 12.127000
c<B>r<229>R<VAL> -8.530000 2.195000 9.640000
c<B>r<230>R<SER> -7.478000 -0.251000 6.947000
c<B>r<231>R<THR> -8.814000 -0.452000 3.386000
c<B>r<242>R<GLN> -16.083000 6.102000 14.498000
c<B>r<254>R<ILE> -9.314000 13.921000 20.473000
c<B>r<255>R<GLY> -9.343000 11.300000 17.767000
c<B>r<256>R<TYR> -8.592000 11.663000 14.079000
c<B>r<257>R<ILE> -9.394000 8.820000 11.670000
c<B>r<258>R<ILE> -6.455000 7.830000 9.426000
c<B>r<259>R<LEU> -7.409000 5.627000 6.465000
c<B>r<260>R<MET> -4.539000 3.515000 5.154000
c<B>r<261>R<ASP> -3.853000 0.318000 3.085000
c<B>r<262>R<LEU> -0.344000 -0.475000 4.366000
c<B>r<263>R<VAL> 0.251000 0.470000 7.990000
c<B>r<264>R<THR> 3.937000 1.160000 8.653000
c<B>r<266>R<GLU> 7.277000 5.382000 8.639000
c<B>r<267>R<GLN> 3.845000 6.288000 7.384000
c<B>r<268>R<LEU> 2.576000 7.279000 10.849000
c<B>r<269>R<LEU> 5.633000 9.313000 11.867000
c<B>r<270>R<ALA> 4.507000 12.499000 10.087000
c<B>r<271>R<PHE> 1.102000 12.858000 11.740000
c<B>r<272>R<LYS> 2.709000 13.597000 15.130000
c<B>r<273>R<ALA> -0.158000 12.175000 17.150000
