c<A>r<134>R<ASN> 66.636002 -30.975000 -83.691002
c<A>r<135>R<LYS> 66.445000 -32.902000 -80.464996
c<A>r<153>R<SER> 84.719002 -23.667999 -94.694000
c<A>r<154>R<ASP> 88.413002 -23.077999 -95.330002
c<A>r<155>R<ASP> 88.891998 -21.309000 -91.971001
c<A>r<156>R<PHE> 87.319000 -24.263000 -90.183998
c<A>r<157>R<ALA> 90.657997 -25.965000 -90.841003
c<A>r<158>R<PHE> 92.667000 -23.166000 -89.199997
c<A>r<159>R<TYR> 90.679001 -23.559999 -86.003998
c<A>r<160>R<LYS> 93.254997 -24.003000 -83.237000
c<A>r<161>R<GLU> 91.066002 -23.728001 -80.117996
c<A>r<162>R<GLY> 88.123001 -21.945000 -78.559998
c<A>r<163>R<ILE> 84.585999 -21.865000 -79.930000
c<A>r<164>R<PHE> 84.692001 -21.716000 -83.691002
c<A>r<165>R<ASP> 81.781998 -19.729000 -85.139999
c<A>r<166>R<GLY> 83.474998 -18.500999 -88.294998
c<A>r<167>R<GLU> 82.387001 -18.841999 -91.914001
c<A>r<168>R<CYS> 80.772003 -22.087999 -93.089996
c<A>r<169>R<GLY> 81.200996 -23.966999 -96.367996
c<A>r<184>R<LYS> 81.780998 -21.632999 -71.186996
c<A>r<186>R<ILE> 82.601997 -15.542000 -70.767998
c<A>r<187>R<VAL> 82.660004 -11.911000 -69.691002
c<A>r<188>R<ASN> 82.111000 -9.307000 -72.433998
c<A>r<189>R<PRO> 84.541000 -7.817000 -74.998001
c<A>r<190>R<LEU> 81.551003 -5.519000 -75.603996
c<A>r<191>R<THR> 81.302002 -3.448000 -72.365997
c<A>r<192>R<LYS> 79.280998 -5.355000 -69.724998
c<A>r<194>R<GLY> 78.630997 -11.977000 -67.649002
c<A>r<195>R<GLU> 77.144997 -13.980000 -70.540001
c<A>r<196>R<LYS> 76.658997 -17.615999 -71.643997
c<A>r<197>R<HIS> 78.209000 -19.125000 -74.787003
c<A>r<198>R<TYR> 76.883003 -22.607000 -75.530998
c<A>r<210>R<TRP> 94.362999 -30.450001 -84.940002
c<A>r<211>R<GLY> 92.139999 -28.114000 -82.997002
c<A>r<212>R<GLU> 91.761002 -29.056000 -79.363998
c<A>r<216>R<ILE> 86.464996 -28.659000 -82.106003
c<A>r<217>R<ASN> 83.693001 -26.650000 -80.439003
c<A>r<219>R<GLU> 78.668999 -22.398001 -81.415001
c<A>r<220>R<THR> 75.065002 -23.153000 -80.540001
c<A>r<221>R<ASP> 72.253998 -22.209999 -78.184998
c<A>r<222>R<GLU> 71.007004 -23.645000 -74.928001
c<A>r<223>R<SER> 68.374001 -25.413000 -76.982002
c<A>r<224>R<GLY> 70.787003 -27.086000 -79.352997
c<A>r<225>R<LEU> 68.912003 -25.916000 -82.450996
c<A>r<226>R<MET> 71.508003 -23.493999 -83.598999
c<A>r<227>R<ARG> 73.432999 -25.805000 -85.919998
c<A>r<228>R<LYS> 76.221001 -23.739000 -87.436996
c<A>r<229>R<CYS> 77.652000 -25.058001 -90.681999
c<I>r<16>R<GLU> 69.168999 -9.134000 -69.638000
c<I>r<17>R<ASN> 69.775002 -11.685000 -67.043999
c<I>r<19>R<GLU> 67.945999 -17.153999 -69.963997
c<I>r<20>R<GLY> 65.512001 -17.159000 -72.802002
c<I>r<22>R<GLN> 70.400002 -14.976000 -73.554001
c<I>r<23>R<ARG> 69.543999 -17.908001 -75.942001
c<I>r<24>R<ALA> 67.689003 -15.729000 -78.322998
c<I>r<25>R<LEU> 70.463997 -13.239000 -78.555000
c<I>r<26>R<GLN> 73.096001 -15.794000 -78.954002
c<I>r<27>R<PHE> 70.990997 -17.219999 -81.767998
c<I>r<28>R<ALA> 70.587997 -13.931000 -83.557999
c<I>r<29>R<MET> 74.289001 -13.393000 -83.543999
c<I>r<30>R<ALA> 75.546997 -16.737000 -84.874001
c<I>r<31>R<GLU> 73.166000 -16.497999 -87.648003
c<I>r<33>R<ASN> 77.870003 -14.123000 -88.227997
c<I>r<34>R<ARG> 77.276001 -16.648001 -91.095001
c<I>r<35>R<ALA> 75.183998 -14.462000 -93.112000
c<I>r<36>R<SER> 77.903999 -11.851000 -93.407997
c<I>r<37>R<ASN> 80.657997 -12.428000 -95.971001
c<I>r<38>R<ASP> 83.406998 -10.857000 -93.959999
c<I>r<39>R<LYS> 86.334000 -12.783000 -92.496002
c<I>r<40>R<TYR> 86.106003 -11.564000 -89.002998
c<I>r<41>R<SER> 83.700996 -12.053000 -86.282997
c<I>r<42>R<SER> 81.193001 -9.548000 -84.900002
c<I>r<43>R<ARG> 80.119003 -9.189000 -81.287003
c<I>r<44>R<VAL> 77.260002 -7.476000 -79.281998
c<I>r<45>R<VAL> 78.596001 -4.362000 -77.697998
c<I>r<46>R<ARG> 75.355003 -3.538000 -75.989998
c<I>r<47>R<VAL> 71.713997 -4.663000 -76.016998
c<I>r<65>R<GLU> 74.900002 -2.622000 -81.236000
c<I>r<66>R<ILE> 77.262001 -4.971000 -82.917999
c<I>r<67>R<GLY> 80.931000 -4.371000 -83.448997
c<I>r<69>R<THR> 86.552002 -7.828000 -84.217003
c<I>r<71>R<CYS> 89.192001 -12.365000 -84.921997
c<I>r<72>R<PRO> 88.724998 -14.596000 -87.882004
c<I>r<73>R<LYS> 85.799004 -17.004000 -87.964996
c<I>r<74>R<SER> 88.566002 -19.462999 -88.962997
c<I>r<75>R<SER> 91.002998 -19.329000 -86.024002
c<I>r<76>R<GLY> 90.884003 -21.750999 -83.045998
c<I>r<77>R<ASP> 92.032997 -18.898001 -80.815002
c<I>r<78>R<LEU> 88.509003 -17.474001 -81.603996
c<I>r<79>R<GLN> 86.625999 -17.254999 -78.323997
c<I>r<80>R<SER> 89.681999 -16.427999 -76.378998
c<I>r<81>R<CYS> 90.404999 -13.861000 -79.072998
c<I>r<82>R<GLU> 86.974998 -12.349000 -78.651001
c<I>r<83>R<PHE> 86.977997 -11.662000 -74.877998
c<I>r<84>R<HIS> 90.315002 -10.038000 -75.445999
c<I>r<85>R<ASP> 90.269997 -7.412000 -78.135002
c<I>r<86>R<GLU> 87.425003 -6.075000 -75.968002
c<I>r<87>R<PRO> 87.748001 -2.210000 -75.983002
c<I>r<88>R<GLU> 89.247002 -0.933000 -79.310997
c<I>r<103>R<PRO> 58.632999 -24.608000 -77.625999
c<I>r<105>R<LEU> 58.480000 -28.372999 -81.622002
c<I>r<106>R<ASN> 61.459999 -27.260000 -79.638000
c<I>r<107>R<GLN> 62.437000 -24.711000 -82.248001
c<I>r<108>R<ILE> 63.860001 -21.094000 -82.547997
c<I>r<109>R<LYS> 63.376999 -19.129000 -85.750999
