c<A>r<32>R<PRO> 90.769997 -41.445000 -79.420998
c<A>r<33>R<VAL> 90.629997 -39.258999 -82.538002
c<A>r<34>R<LYS> 92.246002 -40.667999 -85.665001
c<A>r<35>R<ASP> 93.703003 -39.162998 -88.842003
c<A>r<36>R<GLN> 92.211998 -39.838001 -92.264999
c<A>r<37>R<LYS> 95.338997 -38.303001 -93.764000
c<A>r<38>R<ASN> 95.214996 -37.356998 -97.471001
c<A>r<39>R<CYS> 92.336998 -39.755001 -98.237999
c<A>r<40>R<GLY> 88.699997 -38.643002 -98.441002
c<A>r<64>R<THR> 89.024002 -49.358002 -82.323997
c<A>r<65>R<LEU> 87.705002 -50.535000 -85.693001
c<A>r<66>R<SER> 89.052002 -50.459000 -89.191002
c<A>r<67>R<GLU> 88.140999 -47.389000 -91.244003
c<A>r<68>R<GLN> 90.307999 -48.979000 -93.910004
c<A>r<101>R<ASP> 91.742996 -51.019001 -86.250000
c<A>r<102>R<GLY> 94.607002 -53.306000 -85.288002
c<A>r<103>R<ASP> 94.175003 -56.342999 -87.542000
c<A>r<104>R<TYR> 93.337997 -54.096001 -90.530998
c<A>r<105>R<PRO> 95.396004 -50.894001 -90.202003
c<A>r<106>R<TYR> 94.486000 -47.723000 -92.054001
c<A>r<107>R<VAL> 96.598999 -46.862000 -95.086998
c<A>r<108>R<SER> 94.678001 -43.792999 -96.424004
c<A>r<109>R<ASP> 94.882004 -43.320999 -100.244003
c<A>r<110>R<ALA> 97.313004 -46.193001 -100.927002
c<A>r<111>R<PRO> 95.511002 -48.722000 -103.205002
c<A>r<156>R<PHE> 87.319000 -24.263000 -90.183998
c<A>r<157>R<ALA> 90.657997 -25.965000 -90.841003
c<A>r<158>R<PHE> 92.667000 -23.166000 -89.199997
c<A>r<159>R<TYR> 90.679001 -23.559999 -86.003998
c<A>r<160>R<LYS> 93.254997 -24.003000 -83.237000
c<A>r<161>R<GLU> 91.066002 -23.728001 -80.117996
c<A>r<205>R<SER> 89.355003 -36.978001 -88.080002
c<A>r<206>R<TRP> 92.396004 -34.867001 -88.763000
c<A>r<207>R<GLY> 94.487000 -36.317001 -85.966003
c<A>r<208>R<GLN> 95.290001 -34.915001 -82.521004
c<A>r<209>R<GLN> 97.557999 -32.202000 -83.817001
c<A>r<210>R<TRP> 94.362999 -30.450001 -84.940002
c<A>r<211>R<GLY> 92.139999 -28.114000 -82.997002
c<A>r<212>R<GLU> 91.761002 -29.056000 -79.363998
c<A>r<213>R<ARG> 93.292999 -32.508999 -79.371002
c<A>r<214>R<GLY> 91.401001 -33.331001 -82.558998
c<I>r<27>R<PHE> 107.116997 -33.342999 -82.166000
c<I>r<28>R<ALA> 104.557999 -32.698002 -84.851997
c<I>r<29>R<MET> 105.536003 -35.838001 -86.632004
c<I>r<31>R<GLU> 102.149002 -37.176998 -82.825996
c<I>r<32>R<TYR> 101.168999 -37.398998 -86.444000
c<I>r<33>R<ASN> 102.435997 -40.905998 -86.583000
c<I>r<34>R<ARG> 100.210999 -42.111000 -83.658997
c<I>r<35>R<ALA> 97.205002 -40.354000 -84.709000
c<I>r<36>R<SER> 97.112000 -42.148998 -88.036003
c<I>r<37>R<ASN> 95.693001 -45.679001 -88.119003
c<I>r<38>R<ASP> 97.990997 -46.967999 -90.789001
c<I>r<39>R<LYS> 100.669998 -49.594002 -90.198997
c<I>r<40>R<TYR> 103.542999 -47.799000 -91.706001
c<I>r<68>R<ARG> 104.572998 -42.773998 -96.660004
c<I>r<89>R<MET> 107.056000 -44.861000 -102.624001
c<I>r<90>R<ALA> 103.484001 -44.236000 -101.611000
c<I>r<91>R<LYS> 101.861000 -40.901001 -101.274002
c<I>r<92>R<TYR> 102.926003 -37.287998 -100.544998
c<I>r<93>R<THR> 100.582001 -35.459999 -98.038002
c<I>r<94>R<THR> 101.049004 -31.833000 -97.202003
c<I>r<95>R<CYS> 100.353996 -30.572001 -93.596001
c<I>r<96>R<THR> 100.320000 -27.358999 -91.624001
c<I>r<97>R<PHE> 101.217003 -27.802999 -87.986000
c<I>r<98>R<VAL> 101.165001 -25.176001 -85.428001
c<I>r<99>R<VAL> 103.176003 -26.188000 -82.238998
c<I>r<109>R<LYS> 101.638000 -28.520000 -77.247002
c<I>r<110>R<LEU> 100.209999 -29.143999 -80.688004
c<I>r<111>R<LEU> 97.480003 -26.652000 -81.292999
c<I>r<112>R<GLU> 96.482002 -27.430000 -84.806999
c<I>r<113>R<SER> 97.257004 -29.783001 -87.669998
c<I>r<114>R<LYS> 95.710999 -29.379000 -91.078003
c<I>r<115>R<CYS> 96.379997 -32.074001 -93.758003
c<I>r<116>R<GLN> 95.401001 -32.224998 -97.443001
