c<A>r<1>R<GLN> 66.561996 -46.648998 -90.376999
c<A>r<2>R<MET> 64.362999 -46.604000 -87.251999
c<A>r<3>R<ASN> 61.873001 -44.432999 -85.413002
c<A>r<4>R<TYR> 63.652000 -42.103001 -83.031998
c<A>r<5>R<GLU> 60.925999 -41.236000 -80.476997
c<A>r<129>R<LEU> 68.807999 -44.851002 -86.028999
c<A>r<130>R<SER> 68.587997 -41.424000 -87.600998
c<A>r<131>R<VAL> 68.320999 -38.564999 -85.128998
c<A>r<132>R<PRO> 65.975998 -35.535999 -85.831001
c<A>r<133>R<ASP> 67.620003 -32.327999 -87.108002
c<A>r<134>R<ASN> 66.636002 -30.975000 -83.691002
c<A>r<135>R<LYS> 66.445000 -32.902000 -80.464996
c<A>r<150>R<VAL> 78.691002 -30.309999 -91.841003
c<A>r<151>R<ALA> 79.719002 -27.642000 -94.299004
c<A>r<153>R<SER> 84.719002 -23.667999 -94.694000
c<A>r<167>R<GLU> 82.387001 -18.841999 -91.914001
c<A>r<168>R<CYS> 80.772003 -22.087999 -93.089996
c<A>r<169>R<GLY> 81.200996 -23.966999 -96.367996
c<A>r<170>R<ASP> 79.046997 -24.222000 -99.501999
c<A>r<171>R<GLN> 77.110001 -27.392000 -98.752998
c<A>r<172>R<LEU> 77.414001 -30.461000 -96.554001
c<A>r<219>R<GLU> 78.668999 -22.398001 -81.415001
c<A>r<220>R<THR> 75.065002 -23.153000 -80.540001
c<A>r<221>R<ASP> 72.253998 -22.209999 -78.184998
c<A>r<223>R<SER> 68.374001 -25.413000 -76.982002
c<A>r<224>R<GLY> 70.787003 -27.086000 -79.352997
c<A>r<225>R<LEU> 68.912003 -25.916000 -82.450996
c<A>r<226>R<MET> 71.508003 -23.493999 -83.598999
c<A>r<227>R<ARG> 73.432999 -25.805000 -85.919998
c<A>r<228>R<LYS> 76.221001 -23.739000 -87.436996
c<A>r<229>R<CYS> 77.652000 -25.058001 -90.681999
c<A>r<230>R<GLY> 74.751999 -27.447001 -91.134003
c<A>r<231>R<LEU> 75.588997 -29.548000 -88.049004
c<A>r<232>R<GLY> 73.841003 -32.894001 -87.915001
c<A>r<233>R<THR> 71.775002 -32.005001 -90.992996
c<A>r<234>R<ASP> 72.471001 -35.673000 -91.622002
c<A>r<235>R<ALA> 72.676003 -37.320000 -88.238998
c<A>r<236>R<PHE> 72.924004 -40.952000 -87.264000
c<I>r<28>R<ALA> 65.065002 -25.594000 -94.464996
c<I>r<30>R<ALA> 64.764999 -30.632000 -97.417000
c<I>r<31>R<GLU> 67.204002 -30.628000 -94.682999
c<I>r<32>R<TYR> 64.347000 -31.156000 -92.306000
c<I>r<33>R<ASN> 63.153000 -34.032001 -94.362999
c<I>r<34>R<ARG> 66.518997 -35.924000 -94.156998
c<I>r<35>R<ALA> 67.112000 -35.277000 -90.627998
c<I>r<36>R<SER> 63.901001 -36.988998 -89.598999
c<I>r<37>R<ASN> 63.883999 -40.791000 -89.424004
c<I>r<38>R<ASP> 60.333000 -41.223999 -90.553001
c<I>r<39>R<LYS> 59.332001 -42.796001 -93.862000
c<I>r<95>R<CYS> 59.335999 -24.980000 -86.374001
c<I>r<96>R<THR> 61.605999 -21.972000 -86.264000
c<I>r<97>R<PHE> 64.414001 -22.099001 -88.779999
c<I>r<98>R<VAL> 67.125000 -19.650000 -89.093002
c<I>r<99>R<VAL> 68.977997 -19.936001 -92.516998
c<I>r<100>R<TYR> 72.153999 -17.941000 -93.355003
c<I>r<101>R<SER> 73.179001 -17.068001 -96.956001
c<I>r<102>R<ILE> 76.728996 -16.143999 -97.683998
c<I>r<103>R<PRO> 76.547997 -14.921000 -101.272003
c<I>r<105>R<LEU> 81.024002 -18.101999 -101.401001
c<I>r<106>R<ASN> 77.668999 -18.808001 -102.917000
c<I>r<107>R<GLN> 76.532997 -20.743999 -99.879997
c<I>r<108>R<ILE> 73.370003 -21.313000 -97.674004
c<I>r<109>R<LYS> 73.733002 -22.663000 -94.153999
c<I>r<110>R<LEU> 71.160004 -23.722000 -91.597000
c<I>r<111>R<LEU> 72.147003 -22.292000 -88.278999
c<I>r<112>R<GLU> 69.305000 -23.350000 -86.099998
c<I>r<113>R<SER> 66.058998 -25.297001 -86.178001
c<I>r<114>R<LYS> 63.721001 -25.426001 -83.230003
c<I>r<115>R<CYS> 60.631001 -27.732000 -83.403000
c<I>r<116>R<GLN> 57.723999 -28.191999 -80.975998
