c<A>r<15>R<GLU> 64.389999 -38.058998 -66.959000
c<A>r<16>R<ASN> 65.158997 -34.341999 -67.339996
c<A>r<17>R<PHE> 68.648003 -33.198002 -68.276001
c<A>r<18>R<ASP> 71.047997 -30.294001 -68.202003
c<A>r<19>R<HIS> 70.941002 -28.575001 -71.612999
c<A>r<20>R<ALA> 74.092003 -26.601999 -70.968002
c<A>r<150>R<VAL> 78.691002 -30.309999 -91.841003
c<A>r<151>R<ALA> 79.719002 -27.642000 -94.299004
c<A>r<152>R<VAL> 83.407997 -27.031000 -93.606003
c<A>r<153>R<SER> 84.719002 -23.667999 -94.694000
c<A>r<165>R<ASP> 81.781998 -19.729000 -85.139999
c<A>r<166>R<GLY> 83.474998 -18.500999 -88.294998
c<A>r<167>R<GLU> 82.387001 -18.841999 -91.914001
c<A>r<168>R<CYS> 80.772003 -22.087999 -93.089996
c<A>r<169>R<GLY> 81.200996 -23.966999 -96.367996
c<A>r<170>R<ASP> 79.046997 -24.222000 -99.501999
c<A>r<171>R<GLN> 77.110001 -27.392000 -98.752998
c<A>r<172>R<LEU> 77.414001 -30.461000 -96.554001
c<A>r<183>R<MET> 78.949997 -23.926001 -72.167000
c<A>r<185>R<GLU> 80.657997 -18.479000 -69.406998
c<A>r<186>R<ILE> 82.601997 -15.542000 -70.767998
c<A>r<187>R<VAL> 82.660004 -11.911000 -69.691002
c<A>r<188>R<ASN> 82.111000 -9.307000 -72.433998
c<A>r<192>R<LYS> 79.280998 -5.355000 -69.724998
c<A>r<193>R<LYS> 79.871002 -8.366000 -67.488998
c<A>r<194>R<GLY> 78.630997 -11.977000 -67.649002
c<A>r<195>R<GLU> 77.144997 -13.980000 -70.540001
c<A>r<196>R<LYS> 76.658997 -17.615999 -71.643997
c<A>r<197>R<HIS> 78.209000 -19.125000 -74.787003
c<A>r<198>R<TYR> 76.883003 -22.607000 -75.530998
c<A>r<220>R<THR> 75.065002 -23.153000 -80.540001
c<A>r<221>R<ASP> 72.253998 -22.209999 -78.184998
c<A>r<222>R<GLU> 71.007004 -23.645000 -74.928001
c<A>r<223>R<SER> 68.374001 -25.413000 -76.982002
c<A>r<224>R<GLY> 70.787003 -27.086000 -79.352997
c<A>r<225>R<LEU> 68.912003 -25.916000 -82.450996
c<A>r<226>R<MET> 71.508003 -23.493999 -83.598999
c<A>r<227>R<ARG> 73.432999 -25.805000 -85.919998
c<A>r<228>R<LYS> 76.221001 -23.739000 -87.436996
c<A>r<229>R<CYS> 77.652000 -25.058001 -90.681999
c<A>r<230>R<GLY> 74.751999 -27.447001 -91.134003
c<A>r<231>R<LEU> 75.588997 -29.548000 -88.049004
c<A>r<233>R<THR> 71.775002 -32.005001 -90.992996
c<I>r<23>R<ARG> 64.566002 -21.225000 -85.436996
c<I>r<24>R<ALA> 65.328003 -17.586000 -85.605003
c<I>r<26>R<GLN> 64.745003 -19.614000 -80.585999
c<I>r<27>R<PHE> 68.174004 -18.318001 -81.559998
c<I>r<28>R<ALA> 67.497002 -14.780000 -80.459999
c<I>r<29>R<MET> 66.394997 -15.967000 -77.089996
c<I>r<30>R<ALA> 69.258003 -18.296000 -76.132004
c<I>r<31>R<GLU> 71.653999 -15.668000 -77.011002
c<I>r<32>R<TYR> 69.557999 -13.272000 -75.019997
c<I>r<33>R<ASN> 69.623001 -15.613000 -72.114998
c<I>r<34>R<ARG> 73.485001 -15.749000 -71.968002
c<I>r<35>R<ALA> 74.019997 -12.191000 -72.496002
c<I>r<36>R<SER> 72.029999 -11.261000 -69.417000
c<I>r<37>R<ASN> 73.748001 -11.538000 -66.032997
c<I>r<38>R<ASP> 70.695000 -12.586000 -64.122002
c<I>r<73>R<LYS> 69.653999 -21.268000 -65.848999
c<I>r<74>R<SER> 71.402000 -23.756001 -63.513000
c<I>r<75>R<SER> 68.634003 -26.218000 -62.575001
c<I>r<76>R<GLY> 67.980003 -29.504000 -64.449997
c<I>r<77>R<ASP> 64.272003 -29.032000 -63.770000
c<I>r<78>R<LEU> 64.667000 -26.063999 -66.241997
c<I>r<79>R<GLN> 62.466000 -26.796000 -69.237000
c<I>r<80>R<SER> 59.873001 -28.492001 -67.185997
c<I>r<102>R<ILE> 73.307999 -17.260000 -94.453003
c<I>r<103>R<PRO> 72.288002 -20.670000 -95.772003
c<I>r<104>R<TRP> 75.341003 -21.405001 -97.960999
c<I>r<105>R<LEU> 77.690002 -21.330000 -95.026001
c<I>r<106>R<ASN> 74.901001 -22.802000 -92.997002
c<I>r<107>R<GLN> 75.026001 -19.978001 -90.492996
c<I>r<108>R<ILE> 72.662003 -17.747000 -88.342003
c<I>r<109>R<LYS> 73.894997 -14.425000 -86.999001
