c<A>r<99>R<ILE> -4.686000 8.613000 6.171000
c<A>r<100>R<THR> -1.779000 6.730000 4.510000
c<A>r<101>R<SER> -0.624000 5.281000 1.188000
c<A>r<102>R<ASN> -1.513000 1.573000 0.708000
c<A>r<104>R<GLN> 0.724000 -2.820000 -1.506000
c<A>r<232>R<VAL> 6.276000 4.598000 -6.350000
c<A>r<233>R<VAL> 5.035000 8.193000 -6.208000
c<A>r<240>R<VAL> -8.962000 13.110000 2.468000
c<A>r<253>R<LYS> -19.264000 8.031000 11.131000
c<A>r<254>R<ILE> -15.607000 8.139000 9.991000
c<A>r<255>R<PRO> -13.588000 5.144000 8.702000
c<A>r<256>R<ASP> -10.671000 4.152000 10.968000
c<A>r<257>R<ARG> -8.502000 4.393000 7.791000
c<A>r<258>R<PHE> -8.273000 5.949000 4.330000
c<A>r<259>R<TYR> -5.772000 4.832000 1.663000
c<A>r<260>R<THR> -4.376000 7.640000 -0.569000
c<A>r<261>R<TYR> -3.488000 6.993000 -4.211000
c<A>r<262>R<SER> -0.019000 6.009000 -5.432000
c<A>r<263>R<TYR> 1.499000 5.225000 -8.846000
c<A>r<264>R<LEU> 4.629000 3.499000 -10.209000
c<A>r<265>R<TYR> 7.137000 5.658000 -12.171000
c<A>r<266>R<ASP> 9.811000 3.619000 -14.049000
c<B>r<99>R<ILE> -7.532000 4.806000 -13.111000
c<B>r<100>R<THR> -9.373000 2.464000 -10.684000
c<B>r<101>R<SER> -9.892000 1.833000 -6.994000
c<B>r<102>R<ASN> -7.395000 -0.605000 -5.522000
c<B>r<104>R<GLN> -7.583000 -5.652000 -3.322000
c<B>r<232>R<VAL> -16.134001 -0.113000 0.852000
c<B>r<233>R<VAL> -16.754999 3.408000 -0.443000
c<B>r<240>R<VAL> -6.412000 11.631000 -11.264000
c<B>r<253>R<LYS> 5.532000 10.170000 -18.819000
c<B>r<254>R<ILE> 2.288000 8.698000 -17.422001
c<B>r<255>R<PRO> 2.020000 5.619000 -15.136000
c<B>r<256>R<ASP> 0.212000 2.651000 -16.747000
c<B>r<257>R<ARG> -2.085000 2.671000 -13.655000
c<B>r<258>R<PHE> -3.277000 4.875000 -10.788000
c<B>r<259>R<TYR> -5.133000 3.538000 -7.716000
c<B>r<260>R<THR> -7.851000 5.852000 -6.285000
c<B>r<261>R<TYR> -8.555000 5.926000 -2.555000
c<B>r<262>R<SER> -11.236000 3.803000 -0.878000
c<B>r<263>R<TYR> -12.468000 3.409000 2.714000
c<B>r<264>R<LEU> -14.497000 0.888000 4.730000
c<B>r<265>R<TYR> -17.864000 2.162000 6.079000
c<B>r<266>R<ASP> -19.110001 -0.324000 8.735000
