c<A>r<1>R<LYS> -0.309000 5.027000 1.338000
c<A>r<2>R<LEU> -1.985000 8.569000 1.542000
c<A>r<3>R<ILE> -1.221000 11.883000 -0.627000
c<A>r<4>R<VAL> -2.410000 15.101000 1.069000
c<A>r<5>R<GLY> -2.170000 18.774000 0.022000
c<A>r<6>R<ASN> -4.101000 21.871000 -0.938000
c<A>r<7>R<THR> -6.118000 21.811001 -4.144000
c<A>r<8>R<GLY> -3.779000 22.483999 -7.070000
c<A>r<9>R<SER> -0.701000 21.389000 -5.255000
c<A>r<10>R<GLY> 0.090000 18.959999 -8.020000
c<A>r<11>R<LYS> -0.990000 15.820000 -6.170000
c<A>r<12>R<THR> -2.675000 14.081000 -9.196000
c<A>r<15>R<LEU> 0.874000 10.523000 -8.592000
c<A>r<21>R<VAL> 8.188000 4.173000 -14.163000
c<A>r<22>R<GLY> 9.022000 1.397000 -15.342000
c<A>r<23>R<ILE> 7.449000 -0.396000 -14.104000
c<A>r<24>R<ASP> 6.471000 -0.292000 -16.829000
c<A>r<25>R<VAL> 3.925000 0.528000 -14.916000
c<A>r<26>R<LYS> 3.501000 -1.523000 -17.233000
c<A>r<27>R<ASP> 5.114000 -3.121000 -15.300000
c<A>r<28>R<TRP> 4.219000 -1.754000 -11.679000
c<A>r<29>R<PRO> 1.513000 -1.313000 -10.355000
c<A>r<30>R<ILE> 3.129000 -0.850000 -7.069000
c<A>r<31>R<LEU> 0.950000 -1.909000 -5.387000
c<A>r<32>R<VAL> 1.859000 -1.368000 -2.208000
c<A>r<33>R<LEU> -0.024000 -3.513000 -0.355000
c<A>r<34>R<ASN> -0.146000 -2.554000 3.073000
c<A>r<35>R<VAL> -0.049000 -5.998000 4.553000
c<A>r<36>R<TRP> -1.091000 -6.210000 7.941000
c<A>r<37>R<ASP> -0.234000 -9.637000 9.276000
c<A>r<38>R<PHE> -1.625000 -9.639000 12.717000
c<A>r<39>R<ALA> 0.300000 -12.967000 13.089000
c<A>r<40>R<GLY> -3.177000 -14.742000 13.912000
c<A>r<41>R<ARG> -4.197000 -12.316000 16.548000
c<A>r<42>R<GLU> -6.824000 -10.988000 14.638000
c<A>r<43>R<GLU> -9.193000 -11.208000 17.177000
c<A>r<45>R<TYR> -8.246000 -6.337000 15.145000
c<A>r<46>R<SER> -11.380000 -5.203000 15.461000
c<A>r<52>R<THR> -4.286000 2.659000 11.676000
c<A>r<53>R<GLN> -2.529000 1.643000 9.205000
c<A>r<55>R<ALA> 0.586000 4.766000 6.349000
c<A>r<56>R<LEU> 3.208000 6.884000 4.651000
c<A>r<57>R<TYR> 2.012000 10.449000 3.957000
c<A>r<58>R<LEU> 3.208000 12.603000 1.122000
c<A>r<74>R<PRO> -3.093000 22.136000 9.016000
c<A>r<75>R<TRP> -2.355000 19.007000 7.108000
c<A>r<78>R<ASN> -4.147000 16.530001 11.132000
c<A>r<79>R<ILE> -1.755000 13.846000 10.344000
c<A>r<81>R<ALA> -3.626000 13.815000 15.293000
c<A>r<82>R<ARG> -4.748000 10.854000 13.348000
c<A>r<144>R<ILE> 9.008000 6.535000 -0.969000
c<A>r<145>R<ILE> 10.080000 2.935000 -1.636000
c<A>r<146>R<ASN> 12.543000 2.973000 1.106000
c<A>r<148>R<SER> 7.417000 1.932000 2.601000
c<A>r<149>R<LEU> 9.738000 -1.022000 3.020000
c<B>r<1>R<LYS> -3.687000 -3.192000 1.669000
c<B>r<2>R<LEU> -4.420000 -5.584000 4.552000
c<B>r<3>R<ILE> -3.712000 -9.486000 4.974000
c<B>r<4>R<VAL> -5.986000 -11.245000 7.508000
c<B>r<5>R<GLY> -6.162000 -14.872000 8.692000
c<B>r<6>R<ASN> -5.716000 -17.261000 11.639000
c<B>r<7>R<THR> -2.233000 -17.778000 13.084000
c<B>r<8>R<GLY> -0.295000 -20.275000 10.900000
c<B>r<9>R<SER> -2.393000 -19.676001 7.835000
c<B>r<10>R<GLY> 0.740000 -18.794001 5.884000
c<B>r<11>R<LYS> 0.215000 -15.036000 5.796000
c<B>r<12>R<THR> 3.919000 -14.069000 6.330000
c<B>r<15>R<LEU> 3.630000 -12.010000 1.742000
c<B>r<22>R<SER> 9.507000 -8.948000 -8.992000
c<B>r<25>R<VAL> 8.359000 -10.822000 -13.818000
c<B>r<26>R<GLY> 10.678000 -9.195000 -15.079000
c<B>r<27>R<ILE> 9.930000 -6.736000 -12.802000
c<B>r<28>R<ASP> 12.917000 -6.591000 -11.276000
c<B>r<29>R<VAL> 11.442000 -6.385000 -7.887000
c<B>r<31>R<ASP> 12.538000 -3.259000 -9.672000
c<B>r<32>R<TRP> 9.027000 -3.449000 -7.619000
c<B>r<33>R<PRO> 8.494000 -3.066000 -4.599000
c<B>r<34>R<ILE> 4.989000 -3.088000 -4.859000
c<B>r<35>R<LEU> 4.369000 -0.864000 -3.105000
c<B>r<36>R<VAL> 1.217000 -0.217000 -3.427000
c<B>r<37>R<LEU> 0.814000 2.828000 -2.214000
c<B>r<38>R<ASN> -2.589000 3.527000 -1.404000
c<B>r<39>R<VAL> -2.591000 7.048000 -2.528000
c<B>r<40>R<TRP> -5.488000 8.956000 -1.543000
c<B>r<41>R<ASP> -5.709000 12.173000 -3.450000
c<B>r<42>R<PHE> -8.475000 14.080000 -1.750000
c<B>r<43>R<ALA> -8.231000 16.584999 -4.747000
c<B>r<44>R<GLY> -7.831000 19.485001 -2.009000
c<B>r<45>R<ARG> -10.782000 18.365999 0.089000
c<B>r<46>R<GLU> -8.688000 17.222000 2.764000
c<B>r<47>R<GLU> -10.680000 18.924000 5.189000
c<B>r<49>R<TYR> -10.677000 13.949000 5.587000
c<B>r<50>R<SER> -10.160000 14.944000 8.811000
c<B>r<51>R<THR> -13.626000 14.966000 9.628000
c<B>r<56>R<THR> -11.458000 3.784000 5.676000
c<B>r<57>R<GLN> -9.424000 3.266000 3.375000
c<B>r<59>R<ALA> -8.410000 -1.388000 1.136000
c<B>r<60>R<LEU> -8.100000 -4.735000 -0.615000
c<B>r<61>R<TYR> -8.232000 -7.673000 1.838000
c<B>r<62>R<LEU> -6.558000 -10.999000 1.371000
c<B>r<78>R<PRO> -15.217000 -14.105000 11.728000
c<B>r<79>R<TRP> -12.658000 -12.385000 9.582000
c<B>r<82>R<ASN> -15.135000 -8.108000 10.635000
c<B>r<83>R<ILE> -14.166000 -6.911000 7.327000
c<B>r<85>R<ALA> -18.223000 -4.354000 9.547000
c<B>r<86>R<ARG> -15.206000 -2.188000 9.145000
c<B>r<148>R<ILE> -4.158000 -8.561000 -6.590000
c<B>r<149>R<ILE> -2.732000 -6.070000 -9.120000
c<B>r<150>R<ASN> -5.865000 -5.954000 -11.068000
c<B>r<152>R<SER> -5.772000 -2.750000 -6.692000
c<B>r<153>R<LEU> -5.828000 -0.835000 -10.006000
