c<A>r<72>R<VAL> -0.473000 -15.836000 -10.420000
c<A>r<73>R<LYS> -3.944000 -14.226000 -9.448000
c<A>r<125>R<GLU> 5.854000 -17.268999 -8.646000
c<A>r<126>R<VAL> 6.739000 -15.977000 -5.221000
c<A>r<160>R<GLY> 18.186001 -12.427000 -11.670000
c<A>r<162>R<VAL> 15.105000 -9.474000 -6.399000
c<A>r<163>R<LEU> 15.585000 -6.905000 -3.595000
c<A>r<164>R<ASP> 13.302000 -5.701000 -0.821000
c<A>r<171>R<ALA> 5.279000 8.852000 12.777000
c<A>r<172>R<GLY> 3.746000 12.262000 13.637000
c<A>r<173>R<HIS> 0.804000 14.573000 12.885000
c<A>r<174>R<ALA> 0.895000 15.741000 9.392000
c<A>r<175>R<ALA> -0.371000 19.100000 10.508000
c<A>r<176>R<ARG> 2.638000 19.750999 12.792000
c<A>r<177>R<ASP> 6.229000 20.041000 12.085000
c<A>r<181>R<ASN> 8.535000 10.969000 6.461000
c<A>r<182>R<ALA> 9.794000 7.566000 5.217000
c<A>r<183>R<ILE> 8.401000 8.275000 1.700000
c<A>r<184>R<TYR> 10.810000 11.152000 1.247000
c<A>r<186>R<VAL> 13.287000 6.581000 -0.868000
c<A>r<187>R<LEU> 13.035000 9.202000 -3.631000
c<A>r<188>R<ASN> 16.797001 9.307000 -4.340000
c<A>r<190>R<ILE> 14.538000 4.912000 -6.549000
c<A>r<191>R<ALA> 15.963000 7.446000 -8.935000
c<A>r<194>R<ARG> 16.263000 3.881000 -12.460000
c<A>r<205>R<LEU> 21.622000 -10.493000 -20.871000
c<A>r<206>R<GLY> 21.089001 -6.826000 -20.775000
c<A>r<207>R<PRO> 21.059000 -4.501000 -17.959000
c<A>r<208>R<VAL> 17.667000 -4.142000 -16.632000
c<A>r<209>R<LYS> 16.697001 -2.902000 -13.338000
c<A>r<210>R<SER> 13.191000 -2.009000 -12.341000
c<A>r<211>R<VAL> 11.370000 -0.743000 -9.201000
c<A>r<212>R<THR> 8.101000 -2.603000 -9.582000
c<A>r<213>R<VAL> 6.274000 -2.294000 -6.137000
c<A>r<214>R<ILE> 6.086000 0.615000 -3.523000
c<A>r<215>R<ASN> 3.950000 0.885000 -0.370000
c<A>r<216>R<ALA> 3.793000 3.398000 2.550000
c<A>r<217>R<GLY> 1.347000 5.117000 4.962000
c<A>r<218>R<THR> -2.114000 4.236000 6.299000
c<A>r<219>R<GLN> -3.900000 7.687000 6.876000
c<A>r<220>R<HIS> -3.532000 11.119000 5.236000
c<A>r<221>R<ASN> -2.951000 12.806000 8.616000
c<A>r<222>R<VAL> -0.220000 10.378000 9.824000
c<A>r<223>R<VAL> 3.465000 10.870000 8.744000
c<A>r<224>R<PRO> 4.514000 7.450000 7.377000
c<A>r<225>R<ASP> 7.174000 5.864000 9.476000
c<A>r<227>R<CYS> 8.240000 2.833000 3.243000
c<A>r<228>R<THR> 9.026000 -0.374000 1.280000
c<A>r<229>R<PHE> 9.785000 -0.902000 -2.472000
c<A>r<230>R<VAL> 10.750000 -4.011000 -4.573000
c<A>r<231>R<VAL> 13.544000 -4.000000 -7.217000
c<A>r<232>R<ASP> 13.729000 -6.626000 -9.932000
c<A>r<233>R<ILE> 17.341999 -6.879000 -11.299000
c<A>r<234>R<ARG> 18.249001 -8.913000 -14.193000
c<A>r<235>R<SER> 22.042000 -9.578000 -14.188000
c<A>r<287>R<SER> 16.643999 -16.153999 -20.243000
c<A>r<288>R<PRO> 16.010000 -12.932000 -18.299000
c<A>r<289>R<THR> 13.129000 -14.361000 -16.330999
c<A>r<290>R<LEU> 13.589000 -16.096001 -12.974000
c<A>r<307>R<SER> 7.249000 -15.813000 -22.127001
c<A>r<308>R<SER> 5.308000 -12.855000 -23.732000
c<A>r<310>R<SER> 2.892000 -14.941000 -19.320999
c<A>r<311>R<HIS> 1.101000 -12.883000 -16.801001
c<A>r<312>R<THR> -1.406000 -11.580000 -19.256001
c<B>r<70>R<VAL> -9.662000 5.252000 13.352000
c<B>r<71>R<LYS> -8.291000 1.625000 13.205000
c<B>r<126>R<GLU> -12.018000 10.305000 9.925000
c<B>r<127>R<VAL> -12.301000 9.544000 6.272000
c<B>r<161>R<GLY> -7.055000 21.849001 5.126000
c<B>r<163>R<VAL> -6.456000 16.513000 1.014000
c<B>r<164>R<LEU> -5.387000 15.424000 -2.497000
c<B>r<165>R<ASP> -5.348000 12.045000 -4.229000
c<B>r<172>R<ALA> 2.361000 -2.811000 -17.663000
c<B>r<173>R<GLY> 5.139000 -5.008000 -19.122999
c<B>r<174>R<HIS> 7.757000 -7.634000 -18.216999
c<B>r<175>R<ALA> 10.320000 -6.230000 -15.940000
c<B>r<176>R<ALA> 12.965000 -8.254000 -17.702000
c<B>r<177>R<ARG> 12.315000 -6.617000 -21.104000
c<B>r<178>R<ASP> 12.647000 -3.156000 -22.232000
c<B>r<182>R<ASN> 6.779000 2.475000 -14.914000
c<B>r<183>R<ALA> 4.164000 4.578000 -13.039000
c<B>r<184>R<ILE> 6.420000 4.712000 -9.928000
c<B>r<185>R<TYR> 9.036000 6.688000 -11.822000
c<B>r<187>R<VAL> 5.679000 10.396000 -9.300000
c<B>r<188>R<LEU> 9.249000 10.981000 -8.083000
c<B>r<189>R<ASN> 9.398000 14.639000 -9.201000
c<B>r<191>R<ILE> 6.563000 14.117000 -4.625000
c<B>r<192>R<ALA> 9.768000 16.062000 -4.397000
c<B>r<195>R<ARG> 8.090000 18.296000 -0.229000
c<B>r<206>R<LEU> -1.678000 28.530001 10.217000
c<B>r<207>R<GLY> 1.663000 27.517000 8.910000
c<B>r<208>R<PRO> 2.652000 26.056000 5.695000
c<B>r<209>R<VAL> 2.594000 22.385000 5.937000
c<B>r<210>R<LYS> 2.351000 19.974001 3.187000
c<B>r<211>R<SER> 2.971000 16.274000 3.483000
c<B>r<212>R<VAL> 2.864000 13.156000 1.236000
c<B>r<213>R<THR> 1.567000 10.629000 3.741000
c<B>r<214>R<VAL> 0.478000 7.504000 1.656000
c<B>r<215>R<ILE> 1.963000 5.845000 -1.564000
c<B>r<216>R<ASN> 0.972000 2.547000 -3.272000
c<B>r<217>R<ALA> 1.969000 0.854000 -6.585000
c<B>r<218>R<GLY> 2.630000 -2.573000 -8.167000
c<B>r<219>R<THR> 1.516000 -6.123000 -7.364000
c<B>r<220>R<GLN> 4.467000 -8.445000 -8.512000
c<B>r<221>R<HIS> 8.250000 -7.879000 -8.781000
c<B>r<222>R<ASN> 8.285000 -8.975000 -12.454000
c<B>r<223>R<VAL> 5.386000 -6.709000 -13.586000
c<B>r<224>R<VAL> 6.029000 -3.020000 -14.511000
c<B>r<225>R<PRO> 3.473000 -1.053000 -12.430000
c<B>r<226>R<ASP> 0.963000 0.690000 -14.593000
c<B>r<228>R<CYS> 0.874000 4.638000 -8.823000
c<B>r<229>R<THR> -1.210000 6.600000 -6.259000
c<B>r<230>R<PHE> -0.107000 8.932000 -3.375000
c<B>r<231>R<VAL> -2.037000 11.084000 -0.825000
c<B>r<232>R<VAL> -1.082000 14.708000 0.061000
c<B>r<233>R<ASP> -2.262000 16.354000 3.241000
c<B>r<234>R<ILE> -2.148000 20.225000 2.880000
c<B>r<235>R<ARG> -2.793000 22.506001 5.653000
c<B>r<236>R<SER> -3.725000 25.980000 4.254000
c<B>r<288>R<SER> -6.611000 24.559000 14.251000
c<B>r<289>R<PRO> -4.453000 22.750000 11.691000
c<B>r<290>R<THR> -6.457000 19.549999 11.852000
c<B>r<291>R<LEU> -9.472000 18.858000 9.654000
c<B>r<308>R<SER> -5.070000 16.723000 19.677000
c<B>r<309>R<SER> -1.670000 15.112000 20.627001
c<B>r<311>R<SER> -5.366000 11.499000 18.908001
c<B>r<312>R<HIS> -4.501000 8.540000 16.825001
c<B>r<313>R<THR> -2.180000 7.081000 19.364000
