c<A>r<1>R<MET> 0.806000 -13.640000 7.000000
c<A>r<2>R<HIS> 2.889000 -13.276000 3.871000
c<A>r<3>R<ALA> 5.622000 -11.204000 5.501000
c<A>r<4>R<LEU> 7.324000 -9.715000 2.431000
c<A>r<25>R<VAL> -1.090000 -12.557000 -4.021000
c<A>r<26>R<VAL> -3.260000 -12.012000 -7.153000
c<A>r<28>R<ASP> -6.721000 -16.733999 -6.592000
c<A>r<29>R<GLU> -8.451000 -13.307000 -6.574000
c<A>r<31>R<ASP> -11.673000 -8.806000 -7.947000
c<A>r<32>R<TRP> -9.753000 -6.358000 -10.127000
c<A>r<33>R<VAL> -9.675000 -3.459000 -7.612000
c<A>r<34>R<ALA> -8.389000 -5.757000 -4.826000
c<A>r<35>R<ASN> -5.605000 -7.092000 -7.125000
c<A>r<36>R<LEU> -4.500000 -3.518000 -8.030000
c<A>r<37>R<ALA> -4.645000 -2.342000 -4.373000
c<A>r<38>R<ASN> -2.423000 -5.169000 -3.061000
c<A>r<39>R<THR> -0.080000 -4.817000 -6.098000
c<A>r<40>R<ALA> 0.439000 -1.088000 -5.334000
c<A>r<41>R<ALA> 1.109000 -1.961000 -1.632000
c<A>r<42>R<VAL> 3.699000 -4.689000 -2.482000
c<A>r<43>R<LEU> 5.485000 -2.311000 -4.940000
c<A>r<44>R<LYS> 5.468000 0.551000 -2.363000
c<A>r<45>R<GLU> 6.864000 -1.754000 0.374000
c<A>r<53>R<GLY> -0.656000 3.101000 -8.289000
c<A>r<55>R<TYR> -5.265000 4.765000 -13.427000
c<A>r<56>R<LEU> -7.985000 2.891000 -15.379000
c<A>r<58>R<ASP> -13.024000 5.169000 -18.438999
c<A>r<60>R<ARG> -17.341000 6.760000 -21.327000
c<A>r<65>R<VAL> -9.531000 7.642000 -13.783000
c<A>r<66>R<LEU> -7.646000 7.162000 -10.499000
c<A>r<67>R<ALA> -7.697000 3.604000 -9.117000
c<A>r<68>R<PRO> -5.878000 1.983000 -6.095000
c<A>r<69>R<PHE> -2.523000 3.627000 -5.224000
c<A>r<70>R<GLN> 0.013000 4.198000 -2.392000
c<A>r<71>R<GLY> 1.159000 7.805000 -1.719000
c<A>r<72>R<PRO> -0.185000 11.364000 -1.155000
c<A>r<73>R<LEU> -3.427000 12.724000 -2.706000
c<A>r<74>R<ALA> -3.536000 12.217000 -6.511000
c<A>r<75>R<CYS> -5.181000 13.789000 -9.566000
c<A>r<76>R<THR> -8.554000 12.037000 -10.160000
c<A>r<77>R<ARG> -8.844000 12.289000 -13.992000
c<A>r<108>R<ALA> 2.262000 17.806999 -11.481000
c<A>r<109>R<CYS> 0.047000 16.247999 -8.773000
c<A>r<110>R<SER> 2.917000 16.777000 -6.214000
c<A>r<111>R<SER> 5.854000 19.253000 -6.257000
c<A>r<167>R<VAL> -18.375000 -11.531000 -13.915000
c<B>r<1>R<MET> -5.339000 20.288000 -6.060000
c<B>r<2>R<HIS> -5.033000 22.624001 -3.104000
c<B>r<3>R<ALA> -2.095000 21.493000 -0.953000
c<B>r<4>R<LEU> -3.509000 19.698000 2.101000
c<B>r<25>R<VAL> -11.831000 16.292000 -3.212000
c<B>r<26>R<VAL> -14.818000 13.919000 -3.725000
c<B>r<28>R<ASP> -17.135000 16.549999 -8.450000
c<B>r<29>R<GLU> -16.068001 12.884000 -8.781000
c<B>r<31>R<ASP> -16.042999 7.266000 -9.713000
c<B>r<32>R<TRP> -16.459999 5.372000 -6.443000
c<B>r<33>R<VAL> -12.991000 3.721000 -6.459000
c<B>r<34>R<ALA> -11.271000 7.084000 -7.108000
c<B>r<35>R<ASN> -13.218000 8.702000 -4.207000
c<B>r<36>R<LEU> -12.180000 5.869000 -1.821000
c<B>r<37>R<ALA> -8.518000 5.963000 -2.989000
c<B>r<38>R<ASN> -8.100000 9.727000 -2.421000
c<B>r<39>R<THR> -10.043000 9.506000 0.899000
c<B>r<40>R<ALA> -7.628000 6.807000 2.181000
c<B>r<41>R<ALA> -4.639000 8.993000 1.088000
c<B>r<42>R<VAL> -5.962000 12.147000 2.866000
c<B>r<43>R<LEU> -6.644000 10.125000 6.080000
c<B>r<44>R<LYS> -3.164000 8.484000 5.932000
c<B>r<45>R<GLU> -1.461000 11.887000 5.409000
c<B>r<53>R<GLY> -8.667000 1.891000 3.641000
c<B>r<55>R<TYR> -13.476000 -3.124000 2.108000
c<B>r<56>R<LEU> -16.624001 -3.332000 -0.072000
c<B>r<58>R<ASP> -19.430000 -8.399000 -2.607000
c<B>r<60>R<ARG> -22.216999 -12.523000 -4.810000
c<B>r<65>R<VAL> -13.501000 -7.520000 -0.580000
c<B>r<66>R<LEU> -10.435000 -5.259000 -0.356000
c<B>r<67>R<ALA> -10.808000 -1.837000 -2.008000
c<B>r<68>R<PRO> -8.422000 1.224000 -2.098000
c<B>r<69>R<PHE> -6.189000 1.568000 0.998000
c<B>r<70>R<GLN> -2.884000 3.048000 2.278000
c<B>r<71>R<GLY> -0.470000 0.675000 4.105000
c<B>r<72>R<PRO> 1.285000 -2.739000 3.802000
c<B>r<73>R<LEU> -0.171000 -5.821000 2.014000
c<B>r<74>R<ALA> -3.756000 -6.555000 3.178000
c<B>r<75>R<CYS> -6.007000 -9.615000 3.381000
c<B>r<76>R<THR> -8.172000 -9.696000 0.217000
c<B>r<77>R<ARG> -11.466000 -11.159000 1.581000
c<B>r<108>R<ALA> -4.322000 -10.313000 11.765000
c<B>r<109>R<CYS> -3.064000 -9.125000 8.344000
c<B>r<110>R<SER> -0.016000 -7.442000 10.051000
c<B>r<111>R<SER> 1.689000 -8.309000 13.384000
c<B>r<167>R<VAL> -24.246000 4.742000 -14.604000
