c<A>r<92>R<ARG> 3.921000 12.977000 14.751000
c<A>r<94>R<LYS> 0.206000 11.033000 11.799000
c<A>r<95>R<ASP> 0.883000 14.708000 10.901000
c<A>r<133>R<GLY> -10.088000 7.000000 -2.758000
c<A>r<134>R<VAL> -12.598000 4.539000 -1.135000
c<A>r<136>R<LYS> -9.669000 3.988000 3.597000
c<A>r<137>R<TYR> -13.443000 4.344000 4.134000
c<A>r<138>R<LYS> -14.030000 0.602000 3.408000
c<A>r<139>R<THR> -11.354000 -0.248000 6.043000
c<A>r<140>R<ARG> -12.944000 2.148000 8.619000
c<A>r<141>R<LYS> -16.462000 0.780000 7.819000
c<A>r<142>R<LYS> -15.250000 -2.837000 8.413000
c<A>r<143>R<LYS> -13.778000 -1.810000 11.829000
c<A>r<144>R<ALA> -17.108999 -0.190000 12.795000
c<A>r<145>R<GLU> -19.198000 -3.200000 11.556000
c<A>r<146>R<ASN> -17.080000 -5.550000 13.731000
c<A>r<147>R<LYS> -17.702999 -3.228000 16.753000
c<A>r<148>R<LEU> -21.471001 -3.097000 16.016001
c<A>r<149>R<PHE> -21.458000 -6.936000 15.789000
c<A>r<150>R<GLU> -19.724001 -7.093000 19.237000
c<A>r<151>R<THR> -22.405001 -4.632000 20.518000
c<A>r<152>R<GLN> -25.188999 -6.853000 19.082001
c<A>r<153>R<ASP> -23.756001 -9.979000 20.799999
c<A>r<154>R<ASN> -23.558001 -8.040000 24.110001
c<A>r<155>R<LEU> -27.183001 -6.785000 23.666000
c<A>r<157>R<ARG> -26.704000 -11.360000 26.464001
c<A>r<158>R<VAL> -28.308001 -8.315000 28.184999
c<A>r<161>R<ILE> -30.320000 -11.277000 31.740000
c<A>r<177>R<PHE> -31.733999 0.440000 34.188999
c<A>r<178>R<LEU> -30.693001 -2.449000 31.858999
c<A>r<181>R<GLN> -29.579000 1.174000 28.441000
c<A>r<182>R<LYS> -30.532000 -1.647000 25.961000
c<A>r<183>R<GLU> -32.976002 0.778000 24.252001
c<A>r<184>R<ASP> -30.378000 3.660000 24.007000
c<A>r<185>R<LEU> -27.754999 1.239000 22.577000
c<A>r<186>R<THR> -30.256001 -0.351000 20.122000
c<A>r<187>R<GLU> -31.358999 3.079000 18.813000
c<A>r<188>R<ALA> -27.738001 4.314000 18.465000
c<A>r<189>R<LYS> -26.768999 1.011000 16.715000
c<A>r<190>R<ASN> -29.659000 1.217000 14.184000
c<A>r<191>R<THR> -28.674999 4.841000 13.461000
c<A>r<192>R<LEU> -25.027000 3.770000 12.782000
c<A>r<193>R<PHE> -26.295000 1.066000 10.353000
c<A>r<195>R<VAL> -24.798000 5.750000 8.153000
c<A>r<196>R<ILE> -23.097000 2.561000 6.871000
c<A>r<198>R<GLU> -25.323999 5.969000 3.115000
c<A>r<199>R<MET> -21.509001 5.507000 3.081000
c<A>r<200>R<ASP> -21.889999 2.361000 0.894000
c<A>r<202>R<GLU> -21.438000 7.105000 -1.870000
c<A>r<203>R<MET> -18.436001 4.662000 -1.969000
c<C>r<1>R<THR> -0.676000 11.929000 20.813000
c<C>r<3>R<GLU> -5.754000 13.309000 17.098000
c<C>r<21>R<TYR> -23.919001 5.092000 31.834999
c<C>r<22>R<ASP> -24.907000 8.811000 32.043999
c<C>r<23>R<ILE> -23.941000 9.436000 28.358999
c<C>r<24>R<PRO> -27.131001 9.359000 26.143999
c<C>r<25>R<VAL> -25.368000 7.670000 23.195000
c<C>r<26>R<ALA> -28.440001 7.732000 20.896999
c<C>r<27>R<LYS> -28.788000 11.532000 21.414000
c<C>r<28>R<ILE> -25.058001 12.188000 20.733000
c<C>r<29>R<THR> -25.278999 10.033000 17.584000
c<C>r<30>R<GLU> -28.431999 11.800000 16.318001
c<C>r<33>R<LEU> -25.573999 13.015000 12.245000
c<C>r<42>R<LEU> -21.424000 13.621000 3.211000
c<C>r<43>R<GLU> -17.677999 14.093000 3.710000
c<C>r<44>R<LEU> -16.761000 10.360000 3.723000
c<C>r<45>R<ASP> -13.642000 11.248000 5.774000
c<C>r<46>R<ILE> -15.622000 12.827000 8.685000
c<C>r<47>R<ALA> -18.410999 10.199000 8.408000
c<C>r<48>R<SER> -15.970000 7.214000 8.398000
c<C>r<49>R<GLU> -13.966000 8.478000 11.447000
c<C>r<50>R<TYR> -17.157000 9.211000 13.372000
c<C>r<51>R<LEU> -18.605000 5.782000 12.476000
c<C>r<52>R<VAL> -15.545000 3.930000 13.953000
c<C>r<53>R<MET> -15.601000 6.095000 17.099001
c<C>r<54>R<ALA> -19.379000 5.773000 17.723000
c<C>r<55>R<ALA> -19.275000 1.981000 17.112000
c<C>r<56>R<THR> -16.320000 1.804000 19.594000
c<C>r<57>R<LEU> -18.323999 3.748000 22.250999
c<C>r<58>R<LEU> -21.283001 1.340000 21.722000
c<C>r<59>R<SER> -18.910999 -1.687000 22.076000
c<C>r<60>R<ILE> -17.469000 -0.239000 25.357000
c<C>r<61>R<LYS> -20.906000 0.734000 26.806999
c<C>r<62>R<SER> -22.521000 -2.629000 25.843000
c<C>r<63>R<ARG> -19.615000 -4.523000 27.523001
c<C>r<64>R<MET> -20.070000 -2.502000 30.767000
c<C>r<65>R<LEU> -23.739000 -3.705000 30.965000
c<C>r<66>R<LEU> -22.487000 -7.321000 31.308001
c<C>r<67>R<PRO> -21.551001 -8.813000 34.749001
