c<A>r<202>R<SER> 6.727000 19.004000 8.205000
c<A>r<203>R<PHE> 7.435000 17.650000 4.663000
c<A>r<204>R<ASP> 7.313000 14.062000 6.097000
c<A>r<205>R<ALA> 4.229000 14.546000 8.322000
c<A>r<206>R<LYS> 1.409000 11.920000 8.081000
c<A>r<207>R<ALA> -1.109000 14.789000 7.660000
c<A>r<208>R<ASN> 0.299000 15.675000 4.158000
c<A>r<209>R<ILE> -2.125000 13.079000 2.645000
c<A>r<210>R<LEU> -5.059000 15.226000 3.923000
c<A>r<211>R<LYS> -3.706000 18.219999 1.918000
c<A>r<212>R<LEU> -3.839000 16.170000 -1.334000
c<A>r<213>R<ILE> -7.635000 15.809000 -0.751000
c<A>r<214>R<ASP> -9.860000 18.756001 -1.764000
c<A>r<215>R<PHE> -11.931000 19.146999 1.442000
c<A>r<216>R<ASP> -14.329000 21.649000 -0.217000
c<A>r<217>R<VAL> -15.199000 19.086000 -2.957000
c<A>r<218>R<LEU> -15.396000 16.396999 -0.223000
c<A>r<221>R<SER> -19.882999 15.337000 -2.045000
c<A>r<224>R<GLU> -24.931000 15.563000 -2.165000
c<A>r<286>R<CYS> -11.207000 -3.671000 -1.942000
c<A>r<343>R<PHE> 0.307000 4.175000 8.364000
c<A>r<346>R<ILE> -3.930000 5.678000 4.948000
c<A>r<347>R<ASN> -4.006000 3.490000 1.782000
c<A>r<348>R<TYR> -7.283000 1.789000 2.834000
c<A>r<350>R<MET> -7.763000 6.626000 0.172000
c<A>r<351>R<THR> -9.026000 3.453000 -1.621000
c<A>r<352>R<ARG> -12.469000 3.844000 0.079000
c<A>r<353>R<LEU> -12.632000 7.598000 -0.776000
c<A>r<354>R<THR> -11.602000 6.684000 -4.383000
c<A>r<355>R<ALA> -14.418000 4.058000 -4.487000
c<A>r<356>R<SER> -16.872000 6.845000 -3.433000
c<A>r<357>R<CYS> -15.982000 8.587000 -6.781000
c<A>r<358>R<LEU> -15.964000 5.432000 -8.992000
c<A>r<359>R<PRO> -18.745001 5.165000 -11.668000
c<A>r<360>R<ILE> -19.503000 1.533000 -10.577000
c<A>r<361>R<PHE> -20.896000 3.019000 -7.288000
c<A>r<362>R<ARG> -22.070999 6.455000 -8.634000
c<A>r<363>R<SER> -24.221001 4.858000 -11.394000
c<A>r<364>R<LYS> -26.179001 2.849000 -8.702000
c<A>r<365>R<VAL> -28.106001 6.089000 -7.829000
c<E>r<202>R<SER> -22.261000 13.970000 -14.602000
c<E>r<203>R<PHE> -22.510000 12.532000 -11.033000
c<E>r<204>R<ASP> -21.233000 9.157000 -12.418000
c<E>r<205>R<ALA> -18.459000 10.564000 -14.661000
c<E>r<206>R<LYS> -14.936000 8.989000 -14.441000
c<E>r<207>R<ALA> -13.520000 12.536000 -14.028000
c<E>r<208>R<ASN> -15.119000 12.947000 -10.518000
c<E>r<209>R<ILE> -11.964000 11.323000 -8.994000
c<E>r<210>R<LEU> -9.919000 14.305000 -10.321000
c<E>r<211>R<LYS> -12.179000 16.712999 -8.344000
c<E>r<212>R<LEU> -11.360000 14.878000 -5.062000
c<E>r<213>R<ILE> -7.648000 15.735000 -5.655000
c<E>r<214>R<ASP> -6.512000 19.264999 -4.693000
c<E>r<215>R<PHE> -4.680000 20.278000 -7.909000
c<E>r<216>R<ASP> -3.251000 23.455000 -6.286000
c<E>r<217>R<VAL> -1.587000 21.368000 -3.510000
c<E>r<218>R<LEU> -0.508000 18.853001 -6.206000
c<E>r<221>R<SER> 4.062000 19.361000 -4.375000
c<E>r<224>R<GLU> 8.747000 21.247999 -4.258000
c<E>r<286>R<CYS> 2.120000 -1.445000 -4.241000
c<E>r<343>R<PHE> -11.316000 1.916000 -14.457000
c<E>r<346>R<ILE> -7.853000 4.922000 -11.240000
c<E>r<347>R<ASN> -7.041000 2.922000 -8.061000
c<E>r<348>R<TYR> -3.376000 2.371000 -9.073000
c<E>r<350>R<MET> -4.510000 7.086000 -6.473000
c<E>r<351>R<THR> -2.266000 4.542000 -4.623000
c<E>r<352>R<ARG> 0.830000 6.038000 -6.373000
c<E>r<353>R<LEU> -0.249000 9.646000 -5.558000
c<E>r<354>R<THR> -0.930000 8.496000 -1.937000
c<E>r<355>R<ALA> 2.593000 6.948000 -1.801000
c<E>r<356>R<SER> 3.997000 10.374000 -2.884000
c<E>r<357>R<CYS> 2.573000 11.749000 0.450000
c<E>r<358>R<LEU> 3.525000 8.759000 2.688000
c<E>r<359>R<PRO> 6.232000 9.442000 5.354000
c<E>r<360>R<ILE> 8.152000 6.249000 4.329000
c<E>r<361>R<PHE> 8.990000 8.067000 1.018000
c<E>r<362>R<ARG> 8.924000 11.707000 2.290000
c<E>r<363>R<SER> 11.521000 10.923000 5.034000
c<E>r<364>R<LYS> 13.957000 9.594000 2.347000
c<E>r<365>R<VAL> 14.644000 13.282000 1.412000
