c<A>r<2>R<SER> 20.388000 -24.195000 -5.450000
c<A>r<3>R<SER> 20.874001 -22.033001 -7.749000
c<A>r<4>R<GLY> 17.834000 -20.487000 -8.565000
c<A>r<5>R<PRO> 16.362000 -21.122000 -11.755000
c<A>r<6>R<ARG> 18.017000 -20.052999 -14.890000
c<A>r<7>R<LEU> 16.635000 -16.697001 -15.923000
c<A>r<8>R<ASN> 16.326000 -15.179000 -19.448999
c<A>r<9>R<THR> 16.974001 -11.374000 -19.143000
c<A>r<10>R<ASP> 16.958000 -10.506000 -22.868999
c<A>r<11>R<TYR> 13.649000 -8.688000 -22.518000
c<A>r<12>R<THR> 13.365000 -5.683000 -20.225000
c<A>r<13>R<SER> 9.939000 -4.000000 -19.896999
c<A>r<14>R<ALA> 9.639000 -0.207000 -20.420000
c<A>r<15>R<ASN> 6.565000 -0.331000 -18.141001
c<A>r<16>R<GLN> 8.186000 -0.214000 -14.711000
c<A>r<17>R<ASP> 8.961000 2.481000 -12.210000
c<A>r<18>R<SER> 9.931000 2.998000 -8.568000
c<A>r<19>R<ARG> 8.281000 1.073000 -5.688000
c<A>r<20>R<VAL> 8.818000 4.281000 -3.619000
c<A>r<21>R<GLN> 5.849000 6.512000 -4.122000
c<A>r<36>R<LEU> 19.579000 6.988000 17.034000
c<A>r<37>R<GLY> 18.936001 4.313000 19.747999
c<A>r<38>R<ILE> 15.082000 4.119000 19.031000
c<A>r<39>R<LEU> 15.441000 4.216000 15.159000
c<A>r<40>R<THR> 18.198000 1.563000 15.025000
c<A>r<41>R<HIS> 17.323999 -0.886000 17.865000
c<A>r<42>R<GLY> 13.978000 0.187000 19.267000
c<A>r<43>R<GLY> 11.397000 -1.532000 17.128000
c<A>r<44>R<VAL> 10.840000 1.419000 14.712000
c<A>r<45>R<SER> 13.059000 2.962000 11.977000
c<A>r<46>R<ALA> 13.248000 5.515000 9.196000
c<A>r<47>R<HIS> 15.334000 5.804000 6.070000
c<A>r<48>R<TYR> 16.986000 9.069000 7.080000
c<A>r<49>R<LEU> 17.618000 10.974000 10.339000
c<A>r<50>R<ILE> 18.604000 14.597000 10.169000
c<A>r<57>R<THR> 24.309999 15.573000 9.784000
c<A>r<58>R<VAL> 22.150999 13.371000 7.501000
c<A>r<59>R<TYR> 22.138000 9.683000 8.635000
c<A>r<60>R<ARG> 20.980000 6.893000 6.314000
c<A>r<61>R<LEU> 19.582001 4.191000 8.649000
c<A>r<62>R<VAL> 17.719000 2.075000 6.120000
c<A>r<63>R<ASP> 18.497000 1.667000 2.374000
c<A>r<64>R<GLU> 15.771000 3.219000 0.135000
c<A>r<65>R<ASN> 15.134000 -0.271000 -1.515000
c<A>r<66>R<ARG> 14.063000 -1.572000 1.946000
c<A>r<67>R<ARG> 10.948000 -0.953000 4.004000
c<A>r<68>R<ALA> 11.519000 1.097000 7.169000
c<A>r<69>R<TRP> 8.985000 1.005000 9.997000
c<A>r<70>R<HIS> 8.166000 4.747000 10.388000
c<A>r<75>R<GLU> -3.322000 6.041000 4.180000
c<A>r<78>R<GLY> -6.223000 5.630000 -1.342000
c<A>r<79>R<ARG> -3.009000 3.814000 -0.672000
c<A>r<80>R<THR> -2.606000 1.979000 2.676000
c<A>r<81>R<TRP> 0.291000 0.837000 4.928000
c<A>r<82>R<LEU> 2.633000 3.370000 3.408000
c<A>r<83>R<ASN> 5.801000 1.903000 5.077000
c<A>r<84>R<ALA> 6.269000 -0.415000 2.028000
c<A>r<85>R<THR> 6.053000 2.473000 -0.549000
c<A>r<86>R<SER> 7.497000 5.478000 1.307000
c<A>r<115>R<ALA> 20.066999 19.725000 4.875000
c<A>r<116>R<LEU> 16.454000 18.597000 4.292000
c<A>r<117>R<ILE> 15.620000 20.410999 1.068000
c<A>r<118>R<PRO> 18.554001 19.042999 -1.085000
c<A>r<119>R<LEU> 17.872999 15.568000 0.367000
c<A>r<120>R<LEU> 14.196000 15.847000 -0.681000
c<A>r<121>R<LYS> 15.097000 17.073000 -4.190000
c<A>r<122>R<ASP> 17.504999 14.215000 -4.653000
c<A>r<123>R<ILE> 15.088000 11.561000 -3.425000
c<B>r<2>R<SER> 25.313999 17.864000 -7.313000
c<B>r<3>R<SER> 26.351999 15.515000 -5.424000
c<B>r<4>R<GLY> 23.820999 14.688000 -3.113000
c<B>r<5>R<PRO> 24.273001 15.459000 0.346000
c<B>r<6>R<ARG> 26.927000 13.837000 2.351000
c<B>r<7>R<LEU> 25.459000 10.840000 4.134000
c<B>r<8>R<ASN> 26.541000 9.226000 7.448000
c<B>r<9>R<THR> 26.025999 5.398000 7.112000
c<B>r<10>R<ASP> 27.586000 4.329000 10.438000
c<B>r<11>R<TYR> 24.172001 3.408000 11.833000
c<B>r<12>R<THR> 22.100000 0.719000 10.158000
c<B>r<13>R<SER> 18.659000 -0.078000 11.636000
c<B>r<14>R<ALA> 17.756001 -3.712000 12.462000
c<B>r<15>R<ASN> 14.101000 -2.714000 11.951000
c<B>r<16>R<GLN> 13.783000 -3.017000 8.183000
c<B>r<17>R<ASP> 12.563000 -5.634000 5.790000
c<B>r<18>R<SER> 11.525000 -6.145000 2.173000
c<B>r<19>R<ARG> 9.233000 -3.695000 0.323000
c<B>r<20>R<VAL> 7.909000 -6.797000 -1.546000
c<B>r<21>R<GLN> 5.114000 -8.288000 0.463000
c<B>r<36>R<LEU> 6.387000 -10.685000 -24.608000
c<B>r<37>R<GLY> 5.181000 -7.771000 -26.834000
c<B>r<38>R<ILE> 2.332000 -6.709000 -24.362000
c<B>r<39>R<LEU> 4.473000 -7.139000 -21.148001
c<B>r<40>R<THR> 7.496000 -5.228000 -22.516001
c<B>r<41>R<HIS> 5.985000 -2.482000 -24.726999
c<B>r<42>R<GLY> 2.237000 -2.613000 -24.275999
c<B>r<43>R<GLY> 1.516000 -0.479000 -21.268000
c<B>r<44>R<VAL> 1.485000 -3.364000 -18.709999
c<B>r<45>R<SER> 4.290000 -5.584000 -17.298000
c<B>r<46>R<ALA> 5.176000 -8.275000 -14.801000
c<B>r<47>R<HIS> 8.371000 -9.254000 -13.057000
c<B>r<48>R<TYR> 8.484000 -12.743000 -14.521000
c<B>r<49>R<LEU> 6.995000 -14.528000 -17.559000
c<B>r<50>R<ILE> 7.028000 -18.281000 -17.663000
c<B>r<57>R<THR> 11.778000 -20.627001 -20.014999
c<B>r<58>R<VAL> 11.595000 -18.118000 -17.118000
c<B>r<59>R<TYR> 11.933000 -14.473000 -18.327999
c<B>r<60>R<ARG> 12.752000 -11.646000 -15.919000
c<B>r<61>R<LEU> 11.104000 -8.548000 -17.455999
c<B>r<62>R<VAL> 11.259000 -6.215000 -14.484000
c<B>r<63>R<ASP> 13.805000 -6.242000 -11.607000
c<B>r<64>R<GLU> 12.217000 -7.224000 -8.238000
c<B>r<65>R<ASN> 13.309000 -3.797000 -6.707000
c<B>r<66>R<ARG> 11.069000 -2.067000 -9.313000
c<B>r<67>R<ARG> 7.306000 -1.781000 -9.575000
c<B>r<68>R<ALA> 5.759000 -3.697000 -12.479000
c<B>r<69>R<TRP> 2.291000 -2.810000 -13.729000
c<B>r<70>R<HIS> 0.497000 -6.209000 -13.446000
c<B>r<75>R<GLU> -6.502000 -5.087000 -2.405000
c<B>r<78>R<GLY> -6.175000 -4.339000 3.808000
c<B>r<79>R<ARG> -3.367000 -3.312000 1.545000
c<B>r<80>R<THR> -4.189000 -1.428000 -1.693000
c<B>r<81>R<TRP> -2.547000 -0.883000 -5.130000
c<B>r<82>R<LEU> -0.467000 -3.993000 -4.771000
c<B>r<83>R<ASN> 1.748000 -3.223000 -7.856000
c<B>r<84>R<ALA> 4.167000 -1.285000 -5.556000
c<B>r<85>R<THR> 4.533000 -4.191000 -3.019000
c<B>r<86>R<SER> 4.138000 -7.336000 -5.148000
c<B>r<115>R<ALA> 9.566000 -23.938000 -13.414000
c<B>r<116>R<LEU> 7.079000 -22.014000 -11.235000
c<B>r<118>R<PRO> 11.323000 -23.296000 -7.509000
c<B>r<119>R<LEU> 10.891000 -19.671000 -8.673000
c<B>r<121>R<LYS> 10.385000 -20.747000 -3.263000
c<B>r<122>R<ASP> 13.322000 -18.587999 -4.203000
c<B>r<123>R<ILE> 11.338000 -15.358000 -4.272000
