1764466845426 65.0 2243
1764466845439 65.0 2243
1764466881746 66.0 2277
1764466881759 66.0 2277
1764466917996 67.0 2311
1764466918005 67.0 2311
1764466954421 68.0 2345
1764466954430 68.0 2345
1764466990743 69.0 2379
1764466990752 69.0 2379
1764467026811 70.0 2413
1764467026820 70.0 2413
1764467063105 71.0 2447
1764467063109 71.0 2447
1764467099466 72.0 2481
1764467099478 72.0 2481
1764467135896 73.0 2515
1764467135900 73.0 2515
1764467172732 74.0 2549
1764467172742 74.0 2549
1764467209057 75.0 2583
1764467209069 75.0 2583
1764467245407 76.0 2617
1764467245417 76.0 2617
1764467282148 77.0 2651
1764467282158 77.0 2651
1764467318208 78.0 2685
1764467318217 78.0 2685
1764467354266 79.0 2719
1764467354269 79.0 2719
1764467390494 80.0 2753
1764467390505 80.0 2753
1764467426731 81.0 2787
1764467426741 81.0 2787
1764467463781 82.0 2821
1764467463791 82.0 2821
1764467500273 83.0 2855
1764467500282 83.0 2855
1764467536578 84.0 2889
1764467536587 84.0 2889
1764467572937 85.0 2923
1764467572947 85.0 2923
1764467579274 86.0 2924
