1764466845439 0.05972393974661827 2243
1764466881759 0.05844433605670929 2277
1764466918005 0.053036898374557495 2311
1764466954430 0.057446423918008804 2345
1764466990752 0.053697459399700165 2379
1764467026820 0.05798506364226341 2413
1764467063109 0.05153540521860123 2447
1764467099478 0.06328139454126358 2481
1764467135900 0.06424745172262192 2515
1764467172742 0.06023046001791954 2549
1764467209069 0.052355874329805374 2583
1764467245417 0.06005329638719559 2617
1764467282158 0.0563126876950264 2651
1764467318217 0.06832791864871979 2685
1764467354269 0.05027642473578453 2719
1764467390505 0.053559545427560806 2753
1764467426741 0.057971157133579254 2787
1764467463791 0.05621947720646858 2821
1764467500282 0.06114125996828079 2855
1764467536587 0.05718337371945381 2889
1764467572947 0.04511682689189911 2923
