c<A>r<2>R<ASP> 7.534000 -5.542000 3.187000
c<A>r<3>R<PHE> 6.816000 -2.306000 5.042000
c<A>r<4>R<TRP> 3.403000 -1.140000 3.821000
c<A>r<5>R<PRO> 2.049000 2.352000 4.636000
c<A>r<37>R<GLN> 5.712000 1.867000 -10.973000
c<A>r<41>R<ASN> 3.267000 6.159000 -7.341000
c<B>r<7>R<GLY> 10.034000 8.217000 4.259000
c<B>r<10>R<SER> 12.407000 3.725000 1.843000
c<B>r<11>R<TYR> 9.565000 2.988000 -0.694000
c<B>r<12>R<LEU> 11.919000 3.310000 -3.763000
c<B>r<14>R<ILE> 14.616000 -0.024000 -7.569000
c<B>r<15>R<ALA> 15.187000 3.390000 -9.361000
