c<A>r<4>R<ASP> -20.973000 15.923000 15.837000
c<A>r<5>R<LEU> -17.370001 14.843000 15.117000
c<A>r<6>R<ASN> -18.954000 11.361000 14.631000
c<A>r<7>R<GLN> -20.552999 12.576000 11.332000
c<A>r<8>R<LEU> -17.237000 13.943000 9.958000
c<A>r<9>R<PRO> -16.913000 12.522000 6.386000
c<A>r<10>R<VAL> -13.507000 10.806000 6.116000
c<A>r<11>R<GLN> -12.276000 9.759000 2.682000
c<A>r<12>R<VAL> -10.809000 6.237000 2.947000
c<A>r<13>R<SER> -8.755000 4.809000 0.066000
c<A>r<14>R<PHE> -7.983000 1.102000 -0.378000
c<A>r<15>R<GLU> -4.428000 0.556000 -1.714000
c<A>r<16>R<VAL> -3.741000 -2.988000 -3.162000
c<A>r<17>R<GLY> -0.081000 -2.233000 -3.841000
c<A>r<18>R<ARG> 2.717000 0.302000 -4.017000
c<A>r<19>R<GLN> 5.621000 0.198000 -6.446000
c<A>r<20>R<ILE> 8.643000 2.382000 -7.083000
c<A>r<21>R<LEU> 8.596000 2.877000 -10.861000
c<A>r<22>R<ASP> 11.297000 4.808000 -12.704000
c<A>r<23>R<TRP> 10.314000 7.808000 -14.848000
c<A>r<24>R<HIS> 11.084000 5.782000 -18.038000
c<A>r<25>R<THR> 8.543000 3.074000 -17.031000
c<A>r<26>R<LEU> 5.950000 5.780000 -16.229000
c<A>r<27>R<THR> 6.481000 7.598000 -19.572001
c<A>r<29>R<LEU> 2.840000 3.376000 -19.916000
c<A>r<30>R<GLU> 0.098000 3.100000 -22.565001
c<A>r<31>R<PRO> -3.554000 1.916000 -22.504999
c<A>r<32>R<GLY> -3.148000 -1.903000 -22.364000
c<A>r<33>R<SER> 0.132000 -1.911000 -20.329000
c<A>r<34>R<LEU> 0.105000 -4.589000 -17.591999
c<A>r<35>R<ILE> 1.626000 -3.664000 -14.227000
c<A>r<36>R<ASP> 2.226000 -6.728000 -12.072000
c<A>r<37>R<LEU> 1.719000 -5.694000 -8.406000
c<A>r<38>R<THR> 3.468000 -8.866000 -7.056000
c<A>r<39>R<THR> 0.594000 -8.939000 -4.455000
c<A>r<40>R<PRO> -1.365000 -12.281000 -4.355000
c<A>r<41>R<VAL> -5.124000 -12.170000 -5.316000
c<A>r<42>R<ASP> -6.037000 -12.575000 -1.597000
c<A>r<43>R<GLY> -3.253000 -10.121000 -0.743000
c<A>r<45>R<VAL> -5.089000 -4.101000 1.189000
c<A>r<46>R<ARG> -3.909000 -0.962000 2.997000
c<A>r<47>R<LEU> -6.684000 1.261000 4.355000
c<A>r<48>R<LEU> -5.685000 4.949000 4.182000
c<A>r<49>R<ALA> -7.634000 7.941000 5.556000
c<A>r<51>R<GLY> -2.974000 9.392000 3.309000
c<A>r<54>R<LEU> -5.621000 3.139000 9.347000
c<A>r<55>R<GLY> -5.045000 -0.612000 8.940000
c<A>r<56>R<HIS> -4.764000 -3.707000 6.783000
c<A>r<57>R<GLY> -7.414000 -5.888000 5.110000
c<A>r<58>R<ARG> -7.848000 -8.482000 2.329000
c<A>r<59>R<LEU> -9.745000 -8.259000 -0.940000
c<A>r<60>R<VAL> -12.981000 -10.273000 -0.756000
c<A>r<61>R<GLU> -15.977000 -10.699000 -3.051000
c<A>r<62>R<ILE> -19.219000 -9.344000 -1.488000
c<A>r<63>R<GLN> -22.319000 -10.188000 -3.612000
c<A>r<64>R<GLY> -20.377001 -9.971000 -6.965000
c<A>r<65>R<ARG> -18.673000 -6.690000 -5.833000
c<A>r<66>R<LEU> -15.170000 -5.935000 -4.614000
c<A>r<67>R<GLY> -14.986000 -5.612000 -0.824000
c<A>r<68>R<VAL> -12.303000 -5.339000 1.857000
c<A>r<69>R<ARG> -12.280000 -7.485000 4.986000
c<A>r<70>R<ILE> -10.446000 -5.705000 7.818000
c<A>r<71>R<GLU> -7.741000 -7.970000 9.314000
c<A>r<72>R<ARG> -5.920000 -5.448000 11.502000
c<A>r<73>R<LEU> -6.346000 -1.827000 12.538000
c<B>r<4>R<ASP> 19.445999 10.671000 -15.777000
c<B>r<5>R<LEU> 16.052000 12.213000 -14.848000
c<B>r<6>R<ASN> 14.576000 9.002000 -16.389000
c<B>r<7>R<GLN> 15.838000 6.995000 -13.336000
c<B>r<8>R<LEU> 13.974000 9.175000 -10.801000
c<B>r<9>R<PRO> 12.141000 6.787000 -8.411000
c<B>r<10>R<VAL> 8.418000 7.657000 -8.463000
c<B>r<11>R<GLN> 6.205000 6.079000 -5.823000
c<B>r<12>R<VAL> 3.070000 4.713000 -7.532000
c<B>r<13>R<SER> 0.060000 3.565000 -5.472000
c<B>r<14>R<PHE> -2.806000 1.440000 -6.827000
c<B>r<15>R<GLU> -6.240000 2.183000 -5.278000
c<B>r<16>R<VAL> -9.186000 -0.257000 -5.979000
c<B>r<17>R<GLY> -11.768000 2.159000 -4.541000
c<B>r<18>R<ARG> -12.540000 5.071000 -2.227000
c<B>r<19>R<GLN> -15.300000 5.264000 0.384000
c<B>r<20>R<ILE> -16.576000 8.251000 2.358000
c<B>r<21>R<LEU> -17.028000 6.805000 5.848000
c<B>r<22>R<ASP> -18.181999 8.824000 8.844000
c<B>r<23>R<TRP> -15.891000 9.009000 11.894000
c<B>r<24>R<HIS> -18.295000 6.734000 13.848000
c<B>r<25>R<THR> -18.069000 3.979000 11.169000
c<B>r<26>R<LEU> -14.240000 4.228000 11.172000
c<B>r<27>R<THR> -14.046000 3.969000 14.997000
c<B>r<29>R<LEU> -14.280000 -0.989000 12.430000
c<B>r<30>R<GLU> -12.894000 -4.228000 13.901000
c<B>r<31>R<PRO> -10.951000 -7.270000 12.561000
c<B>r<32>R<GLY> -13.567000 -9.150000 10.457000
c<B>r<33>R<SER> -15.473000 -5.968000 9.389000
c<B>r<34>R<LEU> -16.511000 -5.940000 5.700000
c<B>r<35>R<ILE> -16.433001 -2.774000 3.553000
c<B>r<36>R<ASP> -18.201000 -2.890000 0.157000
c<B>r<37>R<LEU> -16.117001 -0.768000 -2.284000
c<B>r<38>R<THR> -19.211000 -0.423000 -4.526000
c<B>r<39>R<THR> -16.982000 -1.575000 -7.474000
c<B>r<40>R<PRO> -17.297001 -4.720000 -9.670000
c<B>r<41>R<VAL> -14.719000 -7.550000 -9.152000
c<B>r<42>R<ASP> -12.789000 -6.289000 -12.262000
c<B>r<43>R<GLY> -12.976000 -2.928000 -10.440000
c<B>r<45>R<VAL> -7.979000 0.862000 -10.145000
c<B>r<46>R<ARG> -6.691000 4.424000 -9.717000
c<B>r<47>R<LEU> -2.967000 4.883000 -10.286000
c<B>r<48>R<LEU> -1.460000 7.662000 -8.139000
c<B>r<49>R<ALA> 2.091000 8.997000 -8.574000
c<B>r<51>R<GLY> -0.600000 11.137000 -4.445000
c<B>r<54>R<LEU> -1.842000 9.407000 -13.016000
c<B>r<55>R<GLY> -4.654000 7.356000 -14.576000
c<B>r<56>R<HIS> -7.140000 4.502000 -14.399000
c<B>r<57>R<GLY> -6.811000 0.761000 -14.974000
c<B>r<58>R<ARG> -8.576000 -2.509000 -14.139000
c<B>r<59>R<LEU> -7.673000 -5.141000 -11.623000
c<B>r<60>R<VAL> -6.570000 -8.329000 -13.450000
c<B>r<61>R<GLU> -5.253000 -11.699000 -12.284000
c<B>r<62>R<ILE> -1.740000 -12.583000 -13.577000
c<B>r<63>R<GLN> -0.671000 -16.136000 -12.541000
c<B>r<64>R<GLY> -2.453000 -15.982000 -9.098000
c<B>r<65>R<ARG> -1.219000 -12.371000 -8.476000
c<B>r<66>R<LEU> -2.898000 -8.973000 -8.744000
c<B>r<67>R<GLY> -2.018000 -6.914000 -11.788000
c<B>r<68>R<VAL> -3.353000 -3.609000 -13.108000
c<B>r<69>R<ARG> -4.152000 -3.190000 -16.794001
c<B>r<70>R<ILE> -3.880000 0.494000 -17.754000
c<B>r<71>R<GLU> -7.100000 1.704000 -19.476000
c<B>r<72>R<ARG> -6.534000 5.493000 -19.434000
c<B>r<73>R<LEU> -3.693000 7.843000 -18.504999
