c<A>r<1>R<MET> -17.086000 -0.596000 3.637000
c<A>r<2>R<SER> -15.519000 2.168000 1.403000
c<A>r<3>R<GLU> -13.559000 1.252000 -1.705000
c<A>r<4>R<LEU> -10.472000 2.169000 0.207000
c<A>r<5>R<GLU> -11.408000 -0.053000 3.170000
c<A>r<6>R<LYS> -12.191000 -2.934000 0.822000
c<A>r<7>R<ALA> -8.821000 -2.469000 -0.790000
c<A>r<8>R<VAL> -7.057000 -2.580000 2.584000
c<A>r<9>R<VAL> -8.890000 -5.808000 3.515000
c<A>r<10>R<ALA> -8.137000 -7.326000 0.119000
c<A>r<11>R<LEU> -4.383000 -6.593000 0.518000
c<A>r<12>R<ILE> -4.322000 -8.404000 3.924000
c<A>r<13>R<ASP> -6.334000 -11.315000 2.573000
c<A>r<14>R<VAL> -4.100000 -11.744000 -0.441000
c<A>r<15>R<PHE> -1.031000 -11.520000 1.741000
c<A>r<16>R<HIS> -2.270000 -14.238000 4.126000
c<A>r<26>R<HIS> 3.131000 -13.948000 8.720000
c<A>r<36>R<LEU> 1.806000 -14.040000 -5.464000
c<A>r<37>R<ILE> 3.365000 -11.945000 -8.331000
c<A>r<39>R<ASN> -0.994000 -15.033000 -9.813000
c<A>r<40>R<GLU> -2.127000 -11.738000 -8.437000
c<A>r<41>R<LEU> 0.006000 -9.188000 -10.433000
c<A>r<42>R<SER> -0.195000 -10.819000 -13.780000
c<A>r<43>R<HIS> -1.545000 -7.540000 -15.242000
c<A>r<44>R<PHE> 0.768000 -5.102000 -13.618000
c<A>r<71>R<PHE> 3.700000 -7.697000 6.011000
c<A>r<72>R<GLN> 5.534000 -4.404000 6.366000
c<A>r<73>R<GLU> 7.955000 -5.277000 3.606000
c<A>r<74>R<PHE> 5.075000 -6.495000 1.458000
c<A>r<75>R<MET> 3.281000 -3.159000 1.866000
c<A>r<76>R<ALA> 6.395000 -1.406000 0.594000
c<A>r<77>R<PHE> 6.343000 -3.634000 -2.471000
c<A>r<78>R<VAL> 2.660000 -2.826000 -3.014000
c<A>r<79>R<ALA> 3.409000 0.921000 -2.537000
c<A>r<80>R<MET> 6.133000 0.731000 -5.180000
c<A>r<81>R<ILE> 3.841000 -1.050000 -7.590000
c<A>r<82>R<THR> 0.885000 1.347000 -6.888000
c<A>r<83>R<THR> 3.123000 4.413000 -7.437000
c<A>r<84>R<ALA> 4.348000 2.974000 -10.781000
c<A>r<85>R<CYS> 0.808000 2.262000 -11.788000
c<A>r<86>R<HIS> -0.195000 5.808000 -10.663000
c<A>r<87>R<GLU> 2.330000 7.228000 -13.166000
c<A>r<89>R<PHE> -2.510000 5.961000 -15.230000
c<A>r<90>R<GLU> -1.828000 9.737000 -15.187000
c<X>r<1>R<MET> -8.193000 -8.015000 -12.807000
c<X>r<2>R<SER> -7.077000 -9.838000 -9.553000
c<X>r<3>R<GLU> -8.278000 -8.737000 -6.149000
c<X>r<4>R<LEU> -4.854000 -7.308000 -5.599000
c<X>r<5>R<GLU> -4.903000 -5.404000 -8.933000
c<X>r<6>R<LYS> -8.370000 -4.054000 -8.192000
c<X>r<7>R<ALA> -7.147000 -2.881000 -4.827000
c<X>r<8>R<VAL> -4.198000 -1.073000 -6.408000
c<X>r<9>R<VAL> -6.520000 0.690000 -8.912000
c<X>r<10>R<ALA> -8.957000 1.607000 -6.150000
c<X>r<11>R<LEU> -6.148000 3.220000 -4.096000
c<X>r<12>R<ILE> -5.128000 5.410000 -7.076000
c<X>r<13>R<ASP> -8.704000 6.362000 -7.820000
c<X>r<14>R<VAL> -9.437000 7.306000 -4.242000
c<X>r<15>R<PHE> -6.233000 9.298000 -4.069000
c<X>r<16>R<HIS> -7.090000 11.357000 -7.166000
c<X>r<26>R<HIS> -1.096000 15.102000 -7.537000
c<X>r<36>R<LEU> -10.272000 11.361000 2.714000
c<X>r<37>R<ILE> -9.916000 9.918000 6.293000
c<X>r<39>R<ASN> -15.056000 9.674000 4.216000
c<X>r<40>R<GLU> -13.032000 6.674000 3.142000
c<X>r<41>R<LEU> -11.558000 5.342000 6.479000
c<X>r<42>R<SER> -14.563000 5.836000 8.630000
c<X>r<43>R<HIS> -14.372000 2.128000 9.645000
c<X>r<44>R<PHE> -10.709000 1.826000 10.220000
c<X>r<71>R<PHE> 1.093000 9.715000 -3.806000
c<X>r<72>R<GLN> 4.225000 8.119000 -2.337000
c<X>r<73>R<GLU> 3.543000 9.577000 1.085000
c<X>r<74>R<PHE> -0.090000 8.537000 0.802000
c<X>r<75>R<MET> 0.970000 4.937000 0.117000
c<X>r<76>R<ALA> 3.023000 5.004000 3.303000
c<X>r<77>R<PHE> -0.051000 6.087000 5.205000
c<X>r<78>R<VAL> -2.045000 3.280000 3.647000
c<X>r<79>R<ALA> 0.768000 0.783000 4.531000
c<X>r<80>R<MET> 0.664000 1.944000 8.135000
c<X>r<81>R<ILE> -3.073000 1.526000 8.285000
c<X>r<82>R<THR> -2.994000 -1.907000 6.502000
c<X>r<83>R<THR> -0.289000 -3.200000 8.922000
c<X>r<84>R<ALA> -2.368000 -2.082000 11.936000
c<X>r<85>R<CYS> -5.418000 -3.775000 10.524000
c<X>r<86>R<HIS> -3.281000 -6.929000 9.829000
c<X>r<87>R<GLU> -2.647000 -7.112000 13.581000
c<X>r<89>R<PHE> -7.373000 -9.419000 11.944000
