c<A>r<1>R<ASP> 3.611000 -13.768000 -18.320999
c<A>r<21>R<VAL> -14.617000 5.342000 7.455000
c<A>r<22>R<GLN> -13.696000 4.261000 11.029000
c<A>r<23>R<GLU> -15.733000 1.050000 10.814000
c<A>r<24>R<ALA> -14.384000 0.315000 7.296000
c<A>r<25>R<SER> -10.824000 0.830000 8.633000
c<A>r<26>R<ARG> -11.316000 -1.992000 11.161000
c<A>r<27>R<LEU> -11.988000 -4.360000 8.355000
c<A>r<28>R<GLU> -8.951000 -3.516000 6.356000
c<A>r<29>R<PHE> -6.181000 -5.540000 8.068000
c<A>r<30>R<ASP> -4.439000 -6.810000 5.159000
c<A>r<31>R<VAL> -6.197000 -5.982000 1.803000
c<A>r<32>R<GLY> -5.295000 -2.365000 1.535000
c<A>r<49>R<LYS> -5.784000 3.267000 2.298000
c<A>r<50>R<SER> -4.437000 6.141000 0.218000
c<A>r<52>R<ILE> -8.654000 7.455000 3.449000
c<A>r<53>R<ILE> -5.545000 9.369000 4.231000
c<A>r<54>R<ARG> -5.972000 11.952000 1.447000
c<A>r<56>R<VAL> -10.097000 12.167000 5.625000
c<A>r<57>R<ILE> -6.836000 12.757000 7.528000
c<A>r<58>R<VAL> -5.375000 15.562000 5.379000
c<A>r<59>R<PRO> -8.552000 17.653999 5.368000
c<A>r<60>R<GLY> -9.217000 16.792999 9.040000
c<A>r<61>R<LEU> -12.660000 15.233000 8.507000
c<A>r<62>R<PRO> -14.321000 13.170000 11.225000
c<A>r<63>R<TYR> -13.701000 9.518000 11.200000
c<A>r<64>R<ASP> -17.430000 8.649000 11.247000
c<A>r<84>R<GLY> 1.948000 -8.696000 -18.679001
c<A>r<85>R<GLU> -0.503000 -6.354000 -20.344999
c<A>r<86>R<VAL> -1.894000 -5.326000 -16.962999
c<A>r<87>R<LEU> 1.571000 -4.583000 -15.644000
c<A>r<88>R<ARG> 2.469000 -2.549000 -18.775000
c<A>r<89>R<LYS> -0.589000 -0.495000 -18.510000
c<A>r<90>R<ALA> -0.263000 -0.070000 -14.789000
c<A>r<91>R<GLU> 1.093000 3.357000 -14.254000
c<A>r<92>R<HIS> 3.387000 3.472000 -11.231000
c<A>r<93>R<ARG> 0.501000 4.759000 -9.369000
c<A>r<94>R<ILE> -2.072000 2.026000 -9.732000
c<A>r<95>R<LYS> -1.417000 -0.557000 -7.031000
c<A>r<110>R<THR> -2.796000 -5.937000 -6.286000
c<A>r<111>R<LEU> 0.901000 -5.589000 -6.020000
c<A>r<112>R<SER> 0.746000 -8.291000 -3.268000
c<A>r<113>R<ASP> -0.373000 -10.710000 -5.924000
c<A>r<114>R<LEU> 2.500000 -9.754000 -8.089000
c<A>r<115>R<LEU> 4.829000 -10.455000 -5.160000
c<A>r<116>R<GLU> 3.296000 -13.876000 -4.730000
c<A>r<118>R<SER> 7.251000 -13.540000 -8.350000
c<A>r<119>R<ARG> 8.029000 -15.759000 -5.361000
c<A>r<120>R<ARG> 6.456000 -18.774000 -7.000000
c<A>r<121>R<ARG> 8.642000 -18.229000 -10.063000
c<A>r<122>R<LEU> 11.701000 -18.097000 -7.839000
c<A>r<123>R<GLU> 10.768000 -21.402000 -6.123000
c<B>r<1>R<ASP> 16.945999 -12.223000 -9.824000
c<B>r<21>R<VAL> 0.232000 12.574000 11.748000
c<B>r<22>R<GLN> -1.830000 15.116000 9.731000
c<B>r<23>R<GLU> 1.228000 17.049000 8.569000
c<B>r<24>R<ALA> 3.061000 13.772000 7.770000
c<B>r<25>R<SER> 0.002000 12.669000 5.719000
c<B>r<26>R<ARG> 0.276000 15.793000 3.470000
c<B>r<27>R<LEU> 3.559000 14.617000 2.450000
c<B>r<28>R<GLU> 2.755000 12.966000 -0.733000
c<B>r<29>R<PHE> 3.692000 9.340000 0.258000
c<B>r<30>R<ASP> 3.727000 7.786000 -3.159000
c<B>r<31>R<VAL> 5.672000 5.073000 -1.296000
c<B>r<32>R<GLY> 3.056000 4.640000 1.233000
c<B>r<49>R<LYS> -0.266000 4.195000 5.668000
c<B>r<50>R<SER> -1.367000 0.980000 7.396000
c<B>r<52>R<ILE> -1.827000 5.502000 10.459000
c<B>r<53>R<ILE> -5.086000 3.774000 9.875000
c<B>r<54>R<ARG> -4.606000 1.135000 12.601000
c<B>r<56>R<VAL> -4.948000 6.642000 14.618000
c<B>r<57>R<ILE> -8.250000 6.182000 12.758000
c<B>r<58>R<VAL> -9.376000 2.882000 14.325000
c<B>r<59>R<PRO> -8.820000 4.055000 17.899000
c<B>r<60>R<GLY> -10.226000 7.507000 17.044001
c<B>r<61>R<LEU> -7.089000 9.456000 18.018999
c<B>r<62>R<PRO> -6.717000 13.095000 16.947001
c<B>r<63>R<TYR> -5.010000 13.950000 13.750000
c<B>r<64>R<ASP> -2.388000 16.159000 15.415000
c<B>r<84>R<GLY> 15.270000 -12.993000 -4.887000
c<B>r<85>R<GLU> 16.343000 -13.529000 -1.315000
c<B>r<86>R<VAL> 14.433000 -10.442000 -0.212000
c<B>r<87>R<LEU> 11.296000 -11.650000 -1.969000
c<B>r<88>R<ARG> 11.652000 -15.158000 -0.427000
c<B>r<89>R<LYS> 11.927000 -13.757000 2.951000
c<B>r<90>R<ALA> 9.173000 -11.249000 2.434000
c<B>r<91>R<GLU> 6.155000 -12.550000 4.161000
c<B>r<92>R<HIS> 2.880000 -11.558000 2.467000
c<B>r<93>R<ARG> 2.675000 -8.872000 4.922000
c<B>r<94>R<ILE> 5.851000 -6.967000 4.392000
c<B>r<95>R<LYS> 5.299000 -4.478000 1.556000
c<B>r<110>R<THR> 8.609000 -1.581000 -1.904000
c<B>r<111>R<LEU> 6.271000 -3.595000 -3.941000
c<B>r<112>R<SER> 6.151000 -0.614000 -6.376000
c<B>r<113>R<ASP> 9.772000 -1.299000 -7.135000
c<B>r<114>R<LEU> 9.014000 -4.881000 -7.765000
c<B>r<115>R<LEU> 6.344000 -3.768000 -10.230000
c<B>r<116>R<GLU> 8.829000 -1.570000 -12.000000
c<B>r<118>R<SER> 8.757000 -6.722000 -13.535000
c<B>r<119>R<ARG> 7.743000 -4.224000 -16.218000
c<B>r<120>R<ARG> 11.341000 -3.705000 -17.304001
c<B>r<121>R<ARG> 11.784000 -7.457000 -17.625999
c<B>r<122>R<LEU> 8.694000 -7.595000 -19.775000
c<B>r<123>R<GLU> 9.948000 -4.743000 -22.038000
