c<A>r<1>R<GLN> -9.924000 23.656000 -6.000000
c<A>r<2>R<THR> -9.742000 20.010000 -4.764000
c<A>r<3>R<ILE> -8.877000 17.313000 -7.350000
c<A>r<11>R<GLY> -0.865000 -5.651000 -5.853000
c<A>r<12>R<ALA> 2.810000 -4.734000 -5.123000
c<A>r<16>R<THR> 1.246000 3.254000 -1.954000
c<A>r<28>R<VAL> 7.628000 8.679000 6.377000
c<A>r<29>R<PRO> 6.739000 4.931000 6.639000
c<A>r<30>R<THR> 3.373000 3.723000 5.361000
c<A>r<31>R<VAL> 0.054000 4.062000 7.211000
c<A>r<32>R<PHE> -3.266000 4.769000 5.536000
c<A>r<33>R<ASP> -4.181000 8.266000 4.529000
c<A>r<34>R<ASN> -5.862000 10.073000 1.782000
c<A>r<35>R<TYR> -3.116000 12.689000 1.170000
c<A>r<36>R<ALA> -3.827000 16.365999 0.382000
c<A>r<37>R<VAL> -0.916000 18.143999 -1.349000
c<A>r<38>R<THR> -1.140000 21.783001 -2.460000
c<A>r<46>R<TYR> -4.641000 23.062000 -6.497000
c<A>r<47>R<THR> -5.259000 20.593000 -3.648000
c<A>r<48>R<LEU> -4.692000 17.033001 -4.861000
c<A>r<49>R<GLY> -6.631000 14.446000 -2.809000
c<A>r<51>R<PHE> -6.805000 7.904000 -2.945000
c<A>r<52>R<ASP> -4.859000 4.616000 -2.742000
c<A>r<53>R<THR> -6.688000 1.355000 -3.669000
c<A>r<54>R<ALA> -6.078000 -2.335000 -2.913000
c<A>r<55>R<GLY> -4.671000 -4.095000 -6.031000
c<A>r<56>R<GLN> -5.625000 -7.650000 -4.887000
c<A>r<58>R<ASP> -10.195000 -10.046000 -2.907000
c<A>r<59>R<TYR> -11.133000 -6.316000 -3.142000
c<A>r<60>R<ASP> -12.433000 -6.316000 -6.794000
c<A>r<61>R<ARG> -16.055000 -5.962000 -5.604000
c<A>r<62>R<LEU> -15.293000 -3.247000 -2.999000
c<A>r<63>R<ARG> -12.683000 -1.133000 -4.882000
c<A>r<64>R<PRO> -15.360000 0.591000 -7.093000
c<A>r<65>R<LEU> -16.799999 2.194000 -3.895000
c<A>r<66>R<SER> -13.762000 4.570000 -4.165000
c<A>r<67>R<TYR> -14.477000 5.694000 -7.800000
c<A>r<68>R<PRO> -17.466999 8.134000 -7.450000
c<A>r<69>R<GLN> -16.427999 11.776000 -8.183000
c<A>r<70>R<THR> -12.890000 10.836000 -9.375000
c<B>r<12>R<LEU> -22.811001 0.319000 3.256000
c<B>r<15>R<ALA> -23.611000 -0.948000 -1.541000
c<B>r<16>R<VAL> -21.945999 -4.326000 -0.694000
c<B>r<17>R<ALA> -25.127001 -6.315000 -1.580000
c<B>r<18>R<LYS> -25.167000 -4.640000 -5.064000
c<B>r<19>R<GLN> -21.614000 -5.996000 -5.640000
c<B>r<20>R<THR> -22.212000 -9.590000 -4.375000
c<B>r<28>R<TRP> -17.936001 -9.740000 2.715000
c<B>r<31>R<GLN> -13.234000 -10.638000 4.405000
c<B>r<32>R<GLU> -13.851000 -7.170000 5.942000
c<B>r<35>R<THR> -9.004000 -6.826000 6.571000
c<B>r<39>R<ARG> -5.341000 -2.866000 9.068000
c<B>r<42>R<ASN> -0.447000 -2.674000 10.627000
c<B>r<43>R<ARG> -1.395000 0.825000 11.948000
c<B>r<44>R<THR> -0.260000 -0.105000 15.485000
c<B>r<45>R<LEU> 3.132000 -1.356000 14.185000
c<B>r<46>R<ASP> 3.647000 1.794000 12.143000
c<B>r<47>R<ASP> 2.681000 4.049000 15.114000
c<B>r<49>R<CYS> 7.941000 2.444000 14.432000
c<B>r<50>R<ARG> 7.202000 6.221000 14.288000
c<B>r<55>R<VAL> 12.156000 -0.464000 11.513000
c<B>r<79>R<ASN> -0.640000 -6.938000 3.617000
c<B>r<80>R<GLY> -4.183000 -6.089000 4.885000
c<B>r<81>R<ALA> -4.041000 -2.358000 4.251000
c<B>r<82>R<GLN> -7.461000 -1.063000 2.921000
c<B>r<83>R<SER> -10.932000 -1.573000 4.492000
c<B>r<84>R<SER> -14.102000 -1.231000 2.394000
c<B>r<85>R<ILE> -15.820000 0.617000 5.317000
c<B>r<86>R<GLY> -13.183000 3.400000 4.989000
c<B>r<87>R<HIS> -13.591000 3.587000 1.170000
c<B>r<88>R<PHE> -17.391001 3.675000 1.464000
c<B>r<89>R<LEU> -17.181000 6.649000 3.899000
c<B>r<90>R<GLN> -14.791000 8.552000 1.533000
c<B>r<91>R<SER> -17.412001 8.592000 -1.302000
c<B>r<92>R<ASN> -20.589001 8.578000 0.855000
c<B>r<93>R<LYS> -22.698999 11.744000 0.211000
c<B>r<108>R<ASP> -9.463000 25.360001 3.262000
c<B>r<109>R<PRO> -9.142000 22.052000 1.325000
c<B>r<110>R<ILE> -6.384000 20.679001 3.673000
c<B>r<111>R<THR> -8.374000 21.375999 6.878000
c<B>r<112>R<ARG> -11.519000 19.841999 5.246000
c<B>r<113>R<PHE> -9.472000 16.834000 4.211000
c<B>r<114>R<ASN> -7.805000 16.346001 7.637000
c<B>r<116>R<GLN> -12.647000 14.008000 6.651000
c<B>r<117>R<THR> -9.743000 11.609000 7.461000
c<B>r<118>R<LYS> -10.284000 11.947000 11.268000
c<B>r<121>R<GLU> -11.277000 6.762000 11.266000
