c<A>r<121>R<ILE> -0.133000 13.163000 3.307000
c<A>r<122>R<PRO> -2.433000 14.919000 4.158000
c<A>r<123>R<CYS> -4.016000 15.033000 0.698000
c<A>r<124>R<LYS> -6.837000 17.603001 0.705000
c<A>r<138>R<LEU> 0.389000 3.940000 -1.579000
c<A>r<139>R<GLN> 2.119000 1.698000 -4.209000
c<A>r<140>R<GLY> 5.085000 3.845000 -5.428000
c<A>r<144>R<GLY> -1.643000 0.977000 -9.365000
c<A>r<145>R<PHE> -5.248000 -0.113000 -8.894000
c<B>r<66>R<PHE> -0.215000 -6.145000 -4.444000
c<B>r<67>R<TYR> 1.432000 -4.246000 -1.477000
c<B>r<68>R<SER> 4.927000 -5.561000 -0.675000
c<B>r<78>R<HIS> -1.462000 -2.113000 6.134000
c<B>r<123>R<HIS> -5.687000 8.516000 7.961000
c<B>r<124>R<SER> -6.283000 11.602000 10.129000
c<B>r<125>R<ALA> -4.402000 14.904000 9.837000
c<B>r<126>R<ASN> -4.730000 15.206000 13.665000
c<B>r<132>R<TYR> -2.431000 9.541000 12.267000
c<B>r<133>R<PRO> -0.171000 7.864000 9.576000
