c<A>r<1>R<GLY> 2.236000 -8.045000 12.488000
c<A>r<2>R<THR> -0.232000 -10.389000 10.685000
c<A>r<3>R<VAL> -1.659000 -9.480000 7.287000
c<A>r<4>R<TRP> -4.497000 -11.541000 5.657000
c<A>r<5>R<GLY> -4.850000 -11.958000 1.974000
c<A>r<6>R<ALA> -7.093000 -13.995000 -0.309000
c<A>r<9>R<HIS> -5.961000 -11.753000 -5.310000
c<A>r<10>R<GLY> -3.319000 -8.993000 -5.074000
c<A>r<11>R<ILE> -2.087000 -7.567000 -1.697000
c<A>r<12>R<ASN> 0.154000 -4.583000 -0.685000
c<A>r<13>R<LEU> 2.397000 -5.223000 2.386000
c<A>r<14>R<ASN> 2.740000 -1.807000 3.856000
c<A>r<15>R<ILE> 5.805000 -0.816000 6.021000
c<A>r<16>R<PRO> 4.308000 0.061000 9.289000
c<A>r<17>R<ASN> 5.032000 3.569000 10.560000
c<A>r<18>R<PHE> 7.295000 4.429000 7.819000
c<A>r<19>R<GLN> 7.325000 7.295000 5.353000
c<A>r<20>R<MET> 9.493000 7.207000 2.207000
c<A>r<55>R<LEU> 5.775000 0.637000 -4.793000
c<A>r<56>R<ALA> 6.912000 4.247000 -4.604000
c<A>r<57>R<ASN> 6.578000 4.239000 -0.831000
c<A>r<59>R<ASP> 5.531000 -1.146000 0.063000
c<A>r<61>R<LYS> 2.819000 -5.453000 -3.966000
c<A>r<63>R<LYS> 0.034000 -9.291000 -7.699000
c<A>r<64>R<ASN> -1.691000 -12.684000 -7.366000
c<B>r<1>R<GLY> -12.781000 -7.230000 -0.382000
c<B>r<2>R<THR> -12.173000 -7.456000 3.417000
c<B>r<3>R<VAL> -9.081000 -5.933000 4.995000
c<B>r<4>R<TRP> -8.179000 -6.565000 8.703000
c<B>r<5>R<GLY> -6.395000 -4.054000 10.801000
c<B>r<6>R<ALA> -5.472000 -3.795000 14.465000
c<B>r<9>R<HIS> -1.982000 0.583000 14.441000
c<B>r<10>R<GLY> -1.622000 2.083000 10.947000
c<B>r<11>R<ILE> -2.992000 0.360000 7.766000
c<B>r<12>R<ASN> -2.632000 1.008000 3.978000
c<B>r<13>R<LEU> -5.795000 0.248000 1.905000
c<B>r<14>R<ASN> -4.395000 -0.738000 -1.404000
c<B>r<15>R<ILE> -6.427000 -0.327000 -4.681000
c<B>r<16>R<PRO> -6.711000 -3.786000 -5.964000
c<B>r<17>R<ASN> -5.359000 -4.373000 -9.458000
c<B>r<18>R<PHE> -4.551000 -0.857000 -10.068000
c<B>r<19>R<GLN> -1.344000 0.866000 -11.080000
c<B>r<20>R<MET> -0.915000 4.666000 -10.801000
c<B>r<55>R<LEU> 0.094000 7.599000 -0.976000
c<B>r<56>R<ALA> 1.885000 8.082000 -4.280000
c<B>r<57>R<ASN> 0.129000 5.072000 -5.769000
c<B>r<59>R<ASP> -3.473000 3.922000 -1.683000
c<B>r<61>R<LYS> -2.950000 5.246000 4.653000
c<B>r<63>R<LYS> -2.222000 6.281000 10.527000
c<B>r<64>R<ASN> -3.799000 5.015000 13.774000
