c<A>r<1>R<TYR> 5.044000 6.735000 20.533001
c<A>r<2>R<LEU> 2.169000 4.239000 21.021999
c<A>r<3>R<LEU> -0.804000 4.905000 18.673000
c<A>r<4>R<LEU> -4.068000 4.520000 20.643000
c<A>r<5>R<THR> -6.396000 5.346000 17.707001
c<A>r<7>R<GLY> -6.581000 2.884000 13.046000
c<A>r<8>R<PRO> -3.769000 3.391000 12.161000
c<A>r<9>R<LEU> -2.524000 1.658000 15.332000
c<A>r<10>R<THR> 0.910000 0.601000 16.648001
c<A>r<11>R<THR> 2.088000 -2.596000 14.942000
c<A>r<12>R<SER> 4.676000 -5.137000 16.125000
c<A>r<13>R<ARG> 8.357000 -4.887000 15.095000
c<A>r<15>R<VAL> 4.939000 -6.503000 10.990000
c<A>r<16>R<LYS> 7.178000 -3.455000 10.236000
c<A>r<17>R<GLU> 10.155000 -5.676000 9.221000
c<A>r<18>R<ALA> 7.759000 -7.333000 6.676000
c<A>r<19>R<LEU> 7.497000 -3.946000 4.784000
c<A>r<20>R<PHE> 10.002000 -4.984000 2.020000
c<A>r<21>R<ASP> 10.141000 -4.709000 -1.814000
c<A>r<22>R<SER> 8.527000 -7.703000 -3.614000
c<A>r<23>R<CYS> 7.697000 -8.715000 -7.187000
c<A>r<24>R<THR> 3.895000 -8.387000 -7.775000
c<A>r<25>R<TRP> 3.722000 -10.718000 -10.855000
c<A>r<26>R<ASP> 5.779000 -13.502000 -9.227000
c<A>r<56>R<LEU> -9.044000 -3.856000 -2.630000
c<A>r<57>R<GLN> -6.594000 -0.943000 -2.619000
c<A>r<58>R<GLY> -7.514000 2.024000 -0.377000
c<A>r<59>R<SER> -9.125000 2.523000 3.055000
c<A>r<60>R<GLY> -12.297000 0.845000 4.458000
c<A>r<61>R<SER> -14.336000 3.662000 2.773000
c<A>r<62>R<TYR> -13.045000 2.496000 -0.666000
c<A>r<63>R<ALA> -14.239000 -1.075000 0.090000
c<A>r<64>R<VAL> -17.657000 0.259000 1.308000
c<A>r<65>R<GLU> -18.011000 2.131000 -2.005000
c<A>r<66>R<ALA> -16.775000 -0.931000 -3.974000
c<A>r<69>R<GLY> -21.158001 0.255000 -6.248000
c<A>r<89>R<ARG> -20.874001 9.089000 4.233000
c<A>r<90>R<VAL> -22.742001 6.269000 2.434000
c<A>r<91>R<GLU> -25.778000 8.547000 1.777000
c<A>r<92>R<ALA> -23.801001 11.413000 0.169000
c<A>r<93>R<GLY> -21.799000 9.692000 -2.576000
c<A>r<94>R<LEU> -23.174999 7.195000 -5.138000
c<A>r<95>R<GLY> -26.587999 8.226000 -6.600000
c<A>r<180>R<ASN> -5.119000 -1.574000 9.836000
c<A>r<186>R<VAL> -0.888000 -1.208000 8.214000
c<A>r<187>R<PRO> -3.144000 1.201000 6.182000
c<A>r<188>R<GLY> -3.130000 0.819000 2.346000
c<A>r<189>R<PHE> -5.820000 -1.767000 1.500000
c<A>r<206>R<SER> -19.936001 -1.608000 -10.936000
c<A>r<207>R<ARG> -20.066000 2.191000 -11.421000
c<A>r<208>R<SER> -16.240999 2.318000 -11.053000
c<A>r<209>R<LEU> -13.272000 0.867000 -12.960000
c<A>r<210>R<SER> -11.003000 0.779000 -9.852000
c<A>r<211>R<LEU> -13.657000 -0.134000 -7.231000
c<A>r<212>R<ASP> -15.265000 -2.994000 -9.261000
c<A>r<227>R<ARG> -6.335000 -5.869000 -11.151000
c<A>r<228>R<PHE> -3.897000 -2.947000 -10.666000
c<A>r<229>R<THR> -0.564000 -2.414000 -8.833000
c<A>r<230>R<SER> -1.059000 -3.826000 -5.303000
c<A>r<231>R<PRO> 0.042000 -1.858000 -2.175000
c<A>r<232>R<THR> 2.787000 -4.561000 -1.936000
c<A>r<233>R<HIS> 4.516000 -3.599000 1.345000
c<A>r<234>R<THR> 1.179000 -3.215000 3.223000
c<A>r<312>R<VAL> -0.980000 9.449000 20.868000
c<A>r<313>R<ILE> -4.783000 9.407000 21.361000
c<A>r<314>R<TYR> -7.649000 10.190000 18.962000
c<A>r<315>R<PRO> -8.823000 13.880000 19.139000
c<A>r<316>R<GLY> -12.095000 13.436000 17.230000
c<B>r<1>R<TYR> 16.521000 -9.623000 -5.902000
c<B>r<2>R<LEU> 16.763000 -6.341000 -7.837000
c<B>r<3>R<LEU> 13.330000 -5.439000 -9.293000
c<B>r<4>R<LEU> 13.938000 -4.383000 -12.942000
c<B>r<5>R<THR> 10.276000 -3.629000 -13.624000
c<B>r<7>R<GLY> 6.794000 -0.753000 -10.805000
c<B>r<8>R<PRO> 7.061000 -1.746000 -7.992000
c<B>r<9>R<LEU> 10.820000 -1.026000 -7.984000
c<B>r<10>R<THR> 13.711000 -1.789000 -5.666000
c<B>r<11>R<THR> 13.895000 1.136000 -3.231000
c<B>r<12>R<SER> 16.813999 2.386000 -1.134000
c<B>r<13>R<ARG> 17.330000 1.094000 2.431000
c<B>r<16>R<LYS> 12.262000 1.211000 3.541000
c<B>r<17>R<GLU> 13.394000 2.457000 7.008000
c<B>r<18>R<ALA> 10.789000 5.283000 6.576000
c<B>r<19>R<LEU> 7.958000 2.625000 6.558000
c<B>r<20>R<PHE> 6.877000 3.254000 10.213000
c<B>r<21>R<ASP> 3.623000 3.692000 12.205000
c<B>r<22>R<SER> 2.322000 7.313000 12.175000
c<B>r<23>R<CYS> -0.844000 9.140000 13.294000
c<B>r<24>R<THR> -3.121000 10.477000 10.471000
c<B>r<25>R<TRP> -4.453000 13.156000 12.904000
c<B>r<26>R<ASP> -1.144000 14.693000 14.019000
c<B>r<56>R<LEU> -5.215000 10.005000 -3.302000
c<B>r<57>R<GLN> -5.246000 6.337000 -2.274000
c<B>r<58>R<GLY> -4.759000 3.689000 -4.954000
c<B>r<59>R<SER> -2.505000 2.981000 -7.938000
c<B>r<60>R<GLY> -2.070000 5.254000 -11.012000
c<B>r<61>R<SER> -5.325000 3.723000 -12.428000
c<B>r<62>R<TYR> -7.273000 5.078000 -9.396000
c<B>r<63>R<ALA> -5.886000 8.590000 -10.122000
c<B>r<64>R<VAL> -6.772000 8.260000 -13.851000
c<B>r<65>R<GLU> -10.347000 7.344000 -12.832000
c<B>r<66>R<ALA> -10.425000 10.136000 -10.182000
c<B>r<69>R<GLY> -14.593000 11.022000 -12.999000
c<B>r<89>R<ARG> -8.392000 0.495000 -19.813000
c<B>r<90>R<VAL> -9.711000 4.094000 -19.797001
c<B>r<91>R<GLU> -12.274000 3.280000 -22.546000
c<B>r<92>R<ALA> -13.755000 0.200000 -20.806000
c<B>r<93>R<GLY> -14.670000 1.588000 -17.365999
c<B>r<94>R<LEU> -16.482000 4.918000 -16.766001
c<B>r<95>R<GLY> -19.591000 5.344000 -19.003000
c<B>r<180>R<ASN> 6.166000 3.916000 -6.981000
c<B>r<186>R<VAL> 6.514000 2.427000 -2.657000
c<B>r<187>R<PRO> 3.005000 1.512000 -4.023000
c<B>r<188>R<GLY> -0.026000 2.711000 -1.969000
c<B>r<189>R<PHE> -1.086000 6.119000 -3.331000
c<B>r<206>R<SER> -17.386999 13.200000 -9.253000
c<B>r<207>R<ARG> -19.225000 9.885000 -9.815000
c<B>r<208>R<SER> -17.285000 8.414000 -6.840000
c<B>r<209>R<LEU> -17.128000 9.201000 -3.106000
c<B>r<210>R<SER> -13.581000 7.762000 -2.740000
c<B>r<211>R<LEU> -12.139000 9.038000 -6.059000
c<B>r<212>R<ASP> -13.588000 12.602000 -5.813000
c<B>r<227>R<ARG> -10.639000 12.529000 3.286000
c<B>r<228>R<PHE> -10.115000 8.963000 4.620000
c<B>r<229>R<THR> -7.371000 7.057000 6.534000
c<B>r<230>R<SER> -4.175000 7.715000 4.502000
c<B>r<231>R<PRO> -1.632000 4.954000 3.593000
c<B>r<232>R<THR> 0.754000 6.578000 6.156000
c<B>r<233>R<HIS> 3.729000 4.206000 5.704000
c<B>r<234>R<THR> 3.809000 4.637000 1.889000
c<B>r<312>R<VAL> 13.672000 -10.037000 -11.466000
c<B>r<313>R<ILE> 12.464000 -8.809000 -14.877000
c<B>r<314>R<TYR> 8.930000 -8.155000 -16.167000
c<B>r<315>R<PRO> 7.166000 -11.023000 -18.058001
c<B>r<316>R<GLY> 4.733000 -9.975000 -20.756001
