c<A>r<15>R<SER> -9.301000 11.637000 -15.505000
c<A>r<16>R<ASN> -9.790000 9.103000 -18.285000
c<A>r<32>R<GLU> -4.733000 19.320999 -7.009000
c<A>r<34>R<TYR> -5.818000 14.580000 -11.546000
c<A>r<36>R<ASP> -5.025000 9.475000 -14.102000
c<A>r<37>R<GLY> -6.198000 7.040000 -16.747999
c<A>r<55>R<LEU> -1.184000 16.771000 -5.269000
c<A>r<57>R<ASP> -2.199000 11.928000 -9.715000
c<A>r<59>R<SER> -1.676000 6.846000 -12.044000
c<A>r<79>R<THR> 1.122000 13.664000 -2.670000
c<A>r<80>R<LEU> 2.583000 12.117000 -5.828000
c<A>r<81>R<ILE> 0.821000 9.122000 -7.413000
c<A>r<82>R<LEU> 2.691000 7.312000 -10.181000
c<A>r<83>R<SER> 1.094000 3.899000 -9.706000
c<A>r<84>R<TYR> 0.283000 1.589000 -12.576000
c<A>r<102>R<ARG> 4.270000 12.905000 2.439000
c<A>r<103>R<LEU> 2.985000 10.241000 0.084000
c<A>r<104>R<LEU> 4.668000 8.589000 -2.928000
c<A>r<105>R<SER> 3.020000 5.797000 -4.804000
c<A>r<106>R<LEU> 5.231000 3.859000 -7.228000
c<A>r<107>R<HIS> 3.029000 0.715000 -7.016000
c<A>r<108>R<GLY> 2.466000 -1.459000 -10.019000
c<A>r<126>R<SER> 5.575000 8.789000 5.675000
c<A>r<127>R<HIS> 3.945000 6.481000 3.017000
c<A>r<128>R<LEU> 5.666000 4.639000 0.154000
c<A>r<129>R<ALA> 3.733000 2.274000 -2.068000
c<A>r<130>R<ILE> 6.192000 0.293000 -4.089000
c<A>r<151>R<GLU> 9.003000 4.060000 10.576000
c<A>r<152>R<TYR> 6.706000 1.491000 8.720000
c<A>r<153>R<LYS> 6.805000 3.519000 5.488000
c<A>r<154>R<GLU> 5.608000 0.598000 3.301000
c<A>r<155>R<PRO> 2.042000 -1.017000 3.562000
c<A>r<156>R<GLY> 3.262000 -4.627000 3.451000
c<A>r<157>R<ILE> 2.594000 -5.287000 -0.302000
c<A>r<168>R<ASP> 8.883000 -13.588000 -2.642000
c<A>r<169>R<LYS> 10.242000 -12.235000 0.582000
c<A>r<170>R<LEU> 8.600000 -9.186000 2.012000
c<A>r<173>R<THR> 10.169000 -7.502000 7.169000
c<B>r<15>R<SER> 5.747000 -19.813000 2.400000
c<B>r<16>R<ASN> 4.579000 -21.476999 -0.797000
c<B>r<32>R<GLU> 6.515000 -13.941000 13.228000
c<B>r<34>R<TYR> 4.718000 -16.496000 7.356000
c<B>r<36>R<ASP> 1.852000 -16.688000 2.359000
c<B>r<37>R<GLY> 1.365000 -18.441000 -0.962000
c<B>r<55>R<LEU> 3.300000 -10.563000 12.669000
c<B>r<57>R<ASP> 1.442000 -12.979000 6.760000
c<B>r<59>R<SER> -1.105000 -13.048000 1.761000
c<B>r<79>R<THR> 1.371000 -6.501000 11.416000
c<B>r<80>R<LEU> -1.447000 -8.390000 9.687000
c<B>r<81>R<ILE> -1.157000 -9.124000 5.947000
c<B>r<82>R<LEU> -4.268000 -10.470000 4.230000
c<B>r<83>R<SER> -3.500000 -9.170000 0.739000
c<B>r<84>R<TYR> -4.347000 -11.072000 -2.401000
c<B>r<102>R<ARG> 0.148000 -0.873000 13.254000
c<B>r<103>R<LEU> -0.188000 -2.302000 9.777000
c<B>r<104>R<LEU> -3.177000 -3.971000 8.065000
c<B>r<105>R<SER> -3.040000 -5.016000 4.468000
c<B>r<106>R<LEU> -6.371000 -5.918000 2.839000
c<B>r<107>R<HIS> -5.088000 -5.100000 -0.691000
c<B>r<108>R<GLY> -6.190000 -7.111000 -3.660000
c<B>r<126>R<SER> -0.894000 3.876000 10.917000
c<B>r<127>R<HIS> -0.943000 1.966000 7.554000
c<B>r<128>R<LEU> -3.963000 0.503000 5.724000
c<B>r<129>R<ALA> -3.582000 -1.081000 2.320000
c<B>r<130>R<ILE> -7.012000 -1.543000 0.859000
c<B>r<151>R<GLU> -3.474000 10.860000 9.270000
c<B>r<152>R<TYR> -2.678000 9.599000 5.657000
c<B>r<153>R<LYS> -3.402000 5.976000 6.595000
c<B>r<154>R<GLU> -3.801000 4.812000 2.951000
c<B>r<155>R<PRO> -0.896000 4.772000 0.320000
c<B>r<156>R<GLY> -2.933000 6.313000 -2.511000
c<B>r<157>R<ILE> -3.828000 3.039000 -4.374000
c<B>r<168>R<ASP> -12.371000 5.586000 -10.210000
c<B>r<169>R<LYS> -12.126000 8.297000 -7.635000
c<B>r<170>R<LEU> -9.387000 8.036000 -5.089000
c<B>r<173>R<THR> -8.569000 12.420000 -1.628000
