c<A>r<3>R<LEU> -24.986000 39.415001 5.481000
c<A>r<6>R<LEU> -23.059000 35.151001 3.307000
c<A>r<10>R<ASN> -19.679001 30.319000 4.826000
c<A>r<13>R<LEU> -18.558001 25.768000 3.019000
c<A>r<17>R<LEU> -14.589000 21.097000 4.066000
c<A>r<21>R<GLU> -11.277000 16.035000 5.320000
c<A>r<24>R<SER> -9.444000 11.898000 3.009000
c<A>r<28>R<THR> -5.681000 6.899000 3.437000
c<A>r<31>R<ALA> -5.082000 2.441000 1.178000
c<A>r<32>R<TYR> -2.784000 1.496000 3.882000
c<A>r<35>R<VAL> -1.334000 -2.534000 0.972000
c<A>r<36>R<VAL> -0.793000 -4.407000 4.223000
c<A>r<38>R<THR> -1.782000 -7.566000 -0.183000
c<A>r<39>R<LEU> 1.599000 -7.964000 1.245000
c<A>r<42>R<SER> 1.580000 -12.590000 -0.897000
c<A>r<43>R<MET> 3.810000 -13.684000 1.870000
c<A>r<46>R<LEU> 5.090000 -17.705999 -0.722000
c<A>r<50>R<PHE> 8.231000 -22.930000 0.170000
c<A>r<53>R<CYS> 8.984000 -27.434000 -1.821000
c<A>r<54>R<LYS> 10.838000 -28.452000 1.204000
c<A>r<57>R<MET> 12.766000 -32.466999 -1.427000
c<A>r<60>R<ASN> 12.982000 -37.353001 -2.729000
c<A>r<61>R<TRP> 16.115999 -37.634998 -0.457000
c<A>r<64>R<LEU> 17.379000 -41.853001 -2.692000
c<B>r<3>R<MET> 20.201000 -36.500999 -9.086000
c<B>r<4>R<LEU> 22.264000 -34.228001 -6.924000
c<B>r<7>R<LEU> 18.407000 -30.854000 -6.829000
c<B>r<10>R<LEU> 16.165001 -26.683001 -8.406000
c<B>r<11>R<ASN> 17.490000 -24.945000 -5.387000
c<B>r<14>R<LEU> 14.100000 -21.290001 -6.057000
c<B>r<18>R<LEU> 12.848000 -15.655000 -3.987000
c<B>r<21>R<MET> 9.792000 -11.525000 -5.109000
c<B>r<25>R<SER> 7.926000 -6.273000 -2.551000
c<B>r<28>R<ALA> 5.479000 -2.093000 -4.045000
c<B>r<29>R<THR> 6.423000 -0.487000 -0.819000
c<B>r<32>R<ALA> 2.863000 3.007000 -1.625000
c<B>r<33>R<TYR> 5.088000 5.537000 -0.054000
c<B>r<35>R<MET> 1.210000 7.534000 -3.304000
c<B>r<36>R<VAL> 1.010000 8.679000 0.235000
c<B>r<39>R<LEU> -1.793000 12.483000 -1.689000
c<B>r<40>R<ALA> -0.399000 14.758000 0.938000
c<B>r<43>R<MET> -4.196000 18.082001 -0.135000
c<B>r<47>R<GLU> -5.907000 23.885000 1.279000
c<B>r<50>R<PHE> -9.255000 27.264999 -0.112000
c<B>r<54>R<LYS> -11.552000 32.705002 1.760000
c<B>r<57>R<MET> -14.241000 36.659000 -0.115000
c<B>r<61>R<TRP> -17.143999 41.735001 1.975000
c<B>r<65>R<LEU> -19.583000 47.120998 3.894000
