1765265717804 0.0 33
1765265717816 0.0 33
1765265725750 1.0 67
1765265725762 1.0 67
1765265734424 2.0 101
1765265734436 2.0 101
1765265743453 3.0 135
1765265743465 3.0 135
1765265752145 4.0 169
1765265752156 4.0 169
1765265760442 5.0 203
1765265760449 5.0 203
1765265769117 6.0 237
1765265769129 6.0 237
1765265777907 7.0 271
1765265777921 7.0 271
1765265786909 8.0 305
1765265786912 8.0 305
1765265796024 9.0 339
1765265796032 9.0 339
1765265805459 10.0 373
1765265805460 10.0 373
1765265814802 11.0 407
1765265814804 11.0 407
1765265824026 12.0 441
1765265824034 12.0 441
1765265832841 13.0 475
1765265832850 13.0 475
1765265841825 14.0 509
1765265841832 14.0 509
1765265851038 15.0 543
1765265851051 15.0 543
1765265860331 16.0 577
1765265860332 16.0 577
1765265869454 17.0 611
1765265869466 17.0 611
1765265878645 18.0 645
1765265878657 18.0 645
1765265887531 19.0 679
1765265887534 19.0 679
1765265895810 20.0 713
1765265895812 20.0 713
1765265904890 21.0 747
1765265904892 21.0 747
1765265914168 22.0 781
1765265914180 22.0 781
1765265923073 23.0 815
1765265923086 23.0 815
1765265931352 24.0 849
1765265931354 24.0 849
1765265939223 25.0 883
1765265939225 25.0 883
1765265947482 26.0 917
1765265947484 26.0 917
1765265956308 27.0 951
1765265956309 27.0 951
1765265965087 28.0 985
1765265965089 28.0 985
1765265973610 29.0 1019
1765265973612 29.0 1019
1765265981921 30.0 1053
1765265981923 30.0 1053
1765265989445 31.0 1087
1765265989446 31.0 1087
1765265997076 32.0 1121
1765265997078 32.0 1121
1765266004945 33.0 1155
1765266004952 33.0 1155
1765266012552 34.0 1189
1765266012564 34.0 1189
1765266020120 35.0 1223
1765266020132 35.0 1223
1765266027784 36.0 1257
1765266027786 36.0 1257
1765266035780 37.0 1291
1765266035782 37.0 1291
1765266043575 38.0 1325
1765266043577 38.0 1325
1765266051231 39.0 1359
1765266051233 39.0 1359
1765266059094 40.0 1393
1765266059096 40.0 1393
1765266067118 41.0 1427
1765266067120 41.0 1427
1765266074907 42.0 1461
1765266074914 42.0 1461
1765266076469 43.0 1462
