c<B>r<60>R<PRO> 48.133999 -2.783000 2.969000
c<B>r<61>R<LEU> 49.939999 0.473000 3.957000
c<B>r<62>R<GLY> 48.233002 1.148000 7.173000
c<B>r<64>R<THR> 49.333000 6.639000 5.871000
c<B>r<65>R<VAL> 48.922001 10.319000 4.806000
c<B>r<66>R<LEU> 50.102001 10.554000 1.280000
c<B>r<67>R<GLU> 52.762001 13.420000 1.305000
c<B>r<68>R<CYS> 55.957001 14.432000 -0.492000
c<B>r<69>R<TYR> 58.890999 12.833000 1.246000
c<B>r<70>R<ASN> 61.179001 15.920000 0.604000
c<B>r<72>R<GLY> 55.860001 17.341999 3.038000
c<B>r<81>R<PHE> 56.362000 7.692000 -7.203000
c<B>r<82>R<ILE> 60.029999 7.927000 -8.172000
c<B>r<83>R<PRO> 62.466999 4.984000 -7.893000
c<B>r<84>R<ALA> 65.940002 5.234000 -6.665000
c<B>r<85>R<LYS> 68.653999 4.788000 -9.524000
c<B>r<86>R<ALA> 70.456001 1.893000 -7.807000
c<B>r<87>R<ASP> 67.834999 0.199000 -5.413000
c<B>r<88>R<SER> 64.206001 -1.172000 -5.404000
c<B>r<89>R<VAL> 63.389000 1.901000 -3.262000
c<B>r<90>R<VAL> 60.571999 4.247000 -4.222000
c<B>r<91>R<VAL> 59.457001 7.533000 -2.661000
c<B>r<92>R<LEU> 56.610001 9.932000 -3.140000
c<B>r<110>R<GLN> 60.616001 7.615000 -14.073000
c<B>r<111>R<TRP> 58.214001 9.857000 -12.039000
c<B>r<112>R<GLN> 54.744999 8.115000 -11.990000
c<B>r<121>R<LEU> 47.297001 3.717000 -8.729000
c<B>r<122>R<SER> 45.543999 0.315000 -8.274000
c<B>r<123>R<TRP> 48.655998 -1.095000 -6.490000
c<B>r<124>R<LEU> 48.428001 1.662000 -3.994000
c<B>r<129>R<SER> 36.014000 -5.855000 -8.325000
c<B>r<131>R<GLN> 31.068001 -7.766000 -8.752000
c<B>r<292>R<GLU> 18.256001 -15.221000 -1.030000
c<B>r<297>R<GLY> 14.605000 -17.159000 -7.903000
c<E>r<6>R<CYS> 22.319000 -22.764000 -5.998000
c<E>r<8>R<GLU> 24.447001 -18.433001 -7.082000
c<E>r<12>R<PHE> 29.757000 -17.003000 -5.182000
c<E>r<15>R<ALA> 33.728001 -15.410000 -7.393000
c<E>r<19>R<MET> 38.813000 -13.476000 -5.614000
c<E>r<26>R<GLN> 48.077000 -10.818000 -7.989000
c<E>r<30>R<THR> 53.643002 -7.804000 -8.524000
c<E>r<31>R<MET> 57.334000 -6.648000 -7.541000
c<E>r<32>R<PRO> 57.735001 -5.582000 -3.915000
c<E>r<33>R<PHE> 59.147999 -2.015000 -3.613000
c<E>r<34>R<VAL> 60.358002 -0.467000 -0.329000
c<E>r<35>R<MET> 58.389000 2.762000 0.018000
c<E>r<36>R<LEU> 60.122002 5.452000 2.111000
c<E>r<37>R<THR> 57.401001 7.399000 4.280000
c<E>r<38>R<ARG> 57.938000 10.090000 7.084000
c<E>r<39>R<LYS> 55.817001 9.913000 10.344000
c<E>r<40>R<GLY> 57.130001 13.280000 11.843000
c<E>r<43>R<GLN> 61.563999 7.589000 8.263000
c<E>r<45>R<PHE> 59.720001 1.787000 5.381000
c<E>r<46>R<LYS> 56.550999 0.212000 3.838000
c<E>r<47>R<ILE> 56.409000 -2.604000 1.226000
c<E>r<48>R<LEU> 54.497002 -1.772000 -1.890000
c<E>r<49>R<ASN> 53.581001 -4.644000 -4.196000
c<E>r<50>R<VAL> 53.592999 -3.070000 -7.698000
c<E>r<51>R<PRO> 52.117001 -5.035000 -10.686000
c<E>r<54>R<SER> 53.080002 -0.624000 -13.924000
c<E>r<55>R<GLN> 55.894001 1.484000 -15.608000
c<E>r<56>R<LEU> 57.591000 1.453000 -12.250000
c<E>r<57>R<ALA> 57.980000 -2.276000 -12.086000
c<E>r<59>R<ASN> 61.520000 -0.170000 -15.949000
c<E>r<60>R<HIS> 63.320999 -1.821000 -12.852000
