1765888026837 0.0 33
1765888026848 0.0 33
1765888038876 1.0 67
1765888038888 1.0 67
1765888051007 2.0 101
1765888051018 2.0 101
1765888063399 3.0 135
1765888063412 3.0 135
1765888075954 4.0 169
1765888075965 4.0 169
1765888088192 5.0 203
1765888088204 5.0 203
1765888100862 6.0 237
1765888100864 6.0 237
1765888113522 7.0 271
1765888113529 7.0 271
1765888125606 8.0 305
1765888125608 8.0 305
1765888139196 9.0 339
1765888139207 9.0 339
1765888153776 10.0 373
1765888153778 10.0 373
1765888166147 11.0 407
1765888166154 11.0 407
1765888178378 12.0 441
1765888178386 12.0 441
1765888190653 13.0 475
1765888190655 13.0 475
1765888202776 14.0 509
1765888202784 14.0 509
1765888214942 15.0 543
1765888214944 15.0 543
1765888228169 16.0 577
1765888228181 16.0 577
1765888239946 17.0 611
1765888239948 17.0 611
1765888252410 18.0 645
1765888252412 18.0 645
1765888264840 19.0 679
1765888264842 19.0 679
1765888276783 20.0 713
1765888276784 20.0 713
1765888288880 21.0 747
1765888288881 21.0 747
1765888300933 22.0 781
1765888300945 22.0 781
1765888313061 23.0 815
1765888313073 23.0 815
1765888325539 24.0 849
1765888325541 24.0 849
1765888338550 25.0 883
1765888338551 25.0 883
1765888350757 26.0 917
1765888350768 26.0 917
1765888362780 27.0 951
1765888362782 27.0 951
1765888374867 28.0 985
1765888374874 28.0 985
1765888386919 29.0 1019
1765888386921 29.0 1019
1765888399496 30.0 1053
1765888399504 30.0 1053
1765888411891 31.0 1087
1765888411902 31.0 1087
1765888424185 32.0 1121
1765888424186 32.0 1121
1765888436430 33.0 1155
1765888436442 33.0 1155
1765888448681 34.0 1189
1765888448683 34.0 1189
1765888461239 35.0 1223
1765888461252 35.0 1223
1765888473442 36.0 1257
1765888473444 36.0 1257
1765888486440 37.0 1291
1765888486447 37.0 1291
1765888498808 38.0 1325
1765888498816 38.0 1325
1765888511111 39.0 1359
1765888511118 39.0 1359
1765888523475 40.0 1393
1765888523482 40.0 1393
1765888535570 41.0 1427
1765888535572 41.0 1427
1765888548863 42.0 1461
1765888548865 42.0 1461
1765888560918 43.0 1495
1765888560920 43.0 1495
1765888573194 44.0 1529
1765888573196 44.0 1529
1765888584916 45.0 1563
1765888584927 45.0 1563
1765888597562 46.0 1597
1765888597570 46.0 1597
1765888610634 47.0 1631
1765888610636 47.0 1631
1765888623240 48.0 1665
1765888623242 48.0 1665
1765888635374 49.0 1699
1765888635376 49.0 1699
1765888648673 50.0 1733
1765888648675 50.0 1733
1765888660810 51.0 1767
1765888660811 51.0 1767
1765888673522 52.0 1801
1765888673524 52.0 1801
1765888686360 53.0 1835
1765888686362 53.0 1835
1765888698779 54.0 1869
1765888698785 54.0 1869
1765888711632 55.0 1903
1765888711634 55.0 1903
1765888724312 56.0 1937
1765888724319 56.0 1937
1765888737081 57.0 1971
1765888737083 57.0 1971
1765888749461 58.0 2005
1765888749468 58.0 2005
1765888762200 59.0 2039
1765888762202 59.0 2039
1765888776269 60.0 2073
1765888776282 60.0 2073
1765888790265 61.0 2107
1765888790268 61.0 2107
1765888803700 62.0 2141
1765888803708 62.0 2141
1765888815735 63.0 2175
1765888815746 63.0 2175
1765888827540 64.0 2209
1765888827547 64.0 2209
1765888839582 65.0 2243
1765888839593 65.0 2243
1765888851741 66.0 2277
1765888851743 66.0 2277
1765888864020 67.0 2311
1765888864022 67.0 2311
1765888876445 68.0 2345
1765888876447 68.0 2345
1765888889620 69.0 2379
1765888889627 69.0 2379
1765888902390 70.0 2413
1765888902391 70.0 2413
1765888914167 71.0 2447
1765888914169 71.0 2447
1765888926046 72.0 2481
1765888926053 72.0 2481
1765888938339 73.0 2515
1765888938340 73.0 2515
1765888950686 74.0 2549
1765888950688 74.0 2549
1765888962498 75.0 2583
1765888962499 75.0 2583
1765888975100 76.0 2617
1765888975107 76.0 2617
1765888987475 77.0 2651
1765888987477 77.0 2651
1765888999701 78.0 2685
1765888999703 78.0 2685
1765889012043 79.0 2719
1765889012050 79.0 2719
1765889024600 80.0 2753
1765889024602 80.0 2753
1765889036476 81.0 2787
1765889036489 81.0 2787
1765889048821 82.0 2821
1765889048832 82.0 2821
1765889061388 83.0 2855
1765889061396 83.0 2855
1765889073966 84.0 2889
1765889073968 84.0 2889
1765889085988 85.0 2923
1765889085991 85.0 2923
1765889097850 86.0 2957
1765889097852 86.0 2957
1765889109786 87.0 2991
1765889109788 87.0 2991
1765889122373 88.0 3025
1765889122374 88.0 3025
1765889134655 89.0 3059
1765889134657 89.0 3059
1765889147612 90.0 3093
1765889147623 90.0 3093
1765889159329 91.0 3127
1765889159331 91.0 3127
1765889171747 92.0 3161
1765889171749 92.0 3161
1765889183819 93.0 3195
1765889183826 93.0 3195
1765889196170 94.0 3229
1765889196172 94.0 3229
1765889208761 95.0 3263
1765889208762 95.0 3263
1765889221233 96.0 3297
1765889221235 96.0 3297
1765889233333 97.0 3331
1765889233335 97.0 3331
1765889245830 98.0 3365
1765889245832 98.0 3365
1765889258334 99.0 3399
1765889258341 99.0 3399
1765889270638 100.0 3433
1765889270640 100.0 3433
1765889282677 101.0 3467
1765889282679 101.0 3467
1765889294918 102.0 3501
1765889294920 102.0 3501
1765889307572 103.0 3535
1765889307574 103.0 3535
1765889319688 104.0 3569
1765889319690 104.0 3569
1765889331464 105.0 3603
1765889331466 105.0 3603
1765889343510 106.0 3637
1765889343512 106.0 3637
1765889355921 107.0 3671
1765889355923 107.0 3671
1765889368242 108.0 3705
1765889368244 108.0 3705
1765889380617 109.0 3739
1765889380619 109.0 3739
1765889392545 110.0 3773
1765889392547 110.0 3773
1765889404797 111.0 3807
1765889404799 111.0 3807
1765889416837 112.0 3841
1765889416839 112.0 3841
1765889429243 113.0 3875
1765889429245 113.0 3875
1765889441612 114.0 3909
1765889441614 114.0 3909
1765889453469 115.0 3943
1765889453472 115.0 3943
1765889465527 116.0 3977
1765889465529 116.0 3977
1765889477409 117.0 4011
1765889477411 117.0 4011
1765889489465 118.0 4045
1765889489468 118.0 4045
1765889502099 119.0 4079
1765889502101 119.0 4079
1765889514570 120.0 4113
1765889514578 120.0 4113
1765889526425 121.0 4147
1765889526428 121.0 4147
1765889538572 122.0 4181
1765889538574 122.0 4181
1765889550264 123.0 4215
1765889550266 123.0 4215
1765889563138 124.0 4249
1765889563140 124.0 4249
1765889575231 125.0 4283
1765889575233 125.0 4283
1765889587288 126.0 4317
1765889587290 126.0 4317
1765889599004 127.0 4351
1765889599007 127.0 4351
1765889611492 128.0 4385
1765889611493 128.0 4385
1765889624107 129.0 4419
1765889624109 129.0 4419
1765889636395 130.0 4453
1765889636397 130.0 4453
1765889648852 131.0 4487
1765889648853 131.0 4487
1765889660982 132.0 4521
1765889660989 132.0 4521
1765889673040 133.0 4555
1765889673041 133.0 4555
1765889685129 134.0 4589
1765889685131 134.0 4589
1765889697323 135.0 4623
1765889697330 135.0 4623
1765889709882 136.0 4657
1765889709884 136.0 4657
1765889722420 137.0 4691
1765889722421 137.0 4691
1765889734847 138.0 4725
1765889734855 138.0 4725
1765889746947 139.0 4759
1765889746948 139.0 4759
1765889759551 140.0 4793
1765889759558 140.0 4793
1765889771675 141.0 4827
1765889771677 141.0 4827
1765889784115 142.0 4861
1765889784117 142.0 4861
1765889796022 143.0 4895
1765889796024 143.0 4895
1765889807973 144.0 4929
1765889807975 144.0 4929
1765889820110 145.0 4963
1765889820112 145.0 4963
1765889832218 146.0 4997
1765889832220 146.0 4997
1765889845326 147.0 5031
1765889845332 147.0 5031
1765889857531 148.0 5065
1765889857539 148.0 5065
1765889869353 149.0 5099
1765889869355 149.0 5099
1765889881218 150.0 5133
1765889881220 150.0 5133
1765889893506 151.0 5167
1765889893507 151.0 5167
1765889905372 152.0 5201
1765889905373 152.0 5201
1765889917837 153.0 5235
1765889917839 153.0 5235
1765889930470 154.0 5269
1765889930472 154.0 5269
1765889942500 155.0 5303
1765889942502 155.0 5303
1765889954599 156.0 5337
1765889954606 156.0 5337
1765889966987 157.0 5371
1765889966989 157.0 5371
1765889979308 158.0 5405
1765889979319 158.0 5405
1765889990955 159.0 5439
1765889990958 159.0 5439
1765890003394 160.0 5473
1765890003402 160.0 5473
1765890015369 161.0 5507
1765890015371 161.0 5507
1765890027794 162.0 5541
1765890027801 162.0 5541
1765890040102 163.0 5575
1765890040111 163.0 5575
1765890052030 164.0 5609
1765890052037 164.0 5609
1765890064647 165.0 5643
1765890064648 165.0 5643
1765890076750 166.0 5677
1765890076752 166.0 5677
1765890089099 167.0 5711
1765890089107 167.0 5711
1765890101376 168.0 5745
1765890101383 168.0 5745
1765890113704 169.0 5779
1765890113706 169.0 5779
1765890126054 170.0 5813
1765890126061 170.0 5813
1765890138352 171.0 5847
1765890138354 171.0 5847
1765890150535 172.0 5881
1765890150536 172.0 5881
1765890163247 173.0 5915
1765890163248 173.0 5915
1765890175868 174.0 5949
1765890175870 174.0 5949
1765890188463 175.0 5983
1765890188465 175.0 5983
1765890200846 176.0 6017
1765890200848 176.0 6017
1765890213170 177.0 6051
1765890213172 177.0 6051
1765890225291 178.0 6085
1765890225293 178.0 6085
1765890237379 179.0 6119
1765890237381 179.0 6119
1765890249920 180.0 6153
1765890249927 180.0 6153
1765890262186 181.0 6187
1765890262194 181.0 6187
1765890274362 182.0 6221
1765890274370 182.0 6221
1765890286477 183.0 6255
1765890286484 183.0 6255
1765890298462 184.0 6289
1765890298464 184.0 6289
1765890310698 185.0 6323
1765890310700 185.0 6323
1765890322533 186.0 6357
1765890322535 186.0 6357
1765890334571 187.0 6391
1765890334572 187.0 6391
1765890347504 188.0 6425
1765890347517 188.0 6425
1765890359770 189.0 6459
1765890359772 189.0 6459
1765890372013 190.0 6493
1765890372021 190.0 6493
1765890383677 191.0 6527
1765890383683 191.0 6527
1765890395729 192.0 6561
1765890395736 192.0 6561
1765890407637 193.0 6595
1765890407639 193.0 6595
1765890420216 194.0 6629
1765890420228 194.0 6629
1765890432830 195.0 6663
1765890432842 195.0 6663
1765890444896 196.0 6697
1765890444897 196.0 6697
1765890457338 197.0 6731
1765890457340 197.0 6731
1765890469895 198.0 6765
1765890469897 198.0 6765
1765890482124 199.0 6799
1765890482126 199.0 6799
1765890494549 200.0 6833
1765890494551 200.0 6833
1765890507295 201.0 6867
1765890507302 201.0 6867
1765890519223 202.0 6901
1765890519230 202.0 6901
1765890531298 203.0 6935
1765890531300 203.0 6935
1765890543499 204.0 6969
1765890543501 204.0 6969
1765890555957 205.0 7003
1765890555959 205.0 7003
1765890568349 206.0 7037
1765890568355 206.0 7037
1765890581091 207.0 7071
1765890581092 207.0 7071
1765890592844 208.0 7105
1765890592856 208.0 7105
1765890605028 209.0 7139
1765890605030 209.0 7139
1765890617117 210.0 7173
1765890617119 210.0 7173
1765890629880 211.0 7207
1765890629887 211.0 7207
1765890642315 212.0 7241
1765890642317 212.0 7241
1765890654220 213.0 7275
1765890654222 213.0 7275
1765890666319 214.0 7309
1765890666321 214.0 7309
1765890678622 215.0 7343
1765890678624 215.0 7343
1765890691098 216.0 7377
1765890691105 216.0 7377
1765890704217 217.0 7411
1765890704224 217.0 7411
1765890716407 218.0 7445
1765890716409 218.0 7445
1765890728558 219.0 7479
1765890728560 219.0 7479
1765890741323 220.0 7513
1765890741330 220.0 7513
1765890753296 221.0 7547
1765890753298 221.0 7547
1765890765804 222.0 7581
1765890765806 222.0 7581
1765890778265 223.0 7615
1765890778266 223.0 7615
1765890792300 224.0 7649
1765890792302 224.0 7649
1765890805187 225.0 7683
1765890805188 225.0 7683
1765890817852 226.0 7717
1765890817854 226.0 7717
1765890830111 227.0 7751
1765890830118 227.0 7751
1765890843219 228.0 7785
1765890843226 228.0 7785
1765890855946 229.0 7819
1765890855952 229.0 7819
1765890868635 230.0 7853
1765890868637 230.0 7853
1765890881193 231.0 7887
1765890881195 231.0 7887
1765890893844 232.0 7921
1765890893851 232.0 7921
1765890907762 233.0 7955
1765890907764 233.0 7955
1765890920775 234.0 7989
1765890920778 234.0 7989
1765890933410 235.0 8023
1765890933417 235.0 8023
1765890946947 236.0 8057
1765890946953 236.0 8057
1765890959613 237.0 8091
1765890959615 237.0 8091
1765890972127 238.0 8125
1765890972130 238.0 8125
1765890984700 239.0 8159
1765890984707 239.0 8159
1765890997428 240.0 8193
1765890997430 240.0 8193
1765891010397 241.0 8227
1765891010399 241.0 8227
1765891023620 242.0 8261
1765891023627 242.0 8261
1765891036337 243.0 8295
1765891036339 243.0 8295
1765891049034 244.0 8329
1765891049036 244.0 8329
1765891061824 245.0 8363
1765891061833 245.0 8363
1765891075404 246.0 8397
1765891075406 246.0 8397
1765891088252 247.0 8431
1765891088255 247.0 8431
1765891100973 248.0 8465
1765891100975 248.0 8465
1765891114294 249.0 8499
1765891114296 249.0 8499
1765891126920 250.0 8533
1765891126922 250.0 8533
1765891139404 251.0 8567
1765891139406 251.0 8567
1765891152634 252.0 8601
1765891152640 252.0 8601
1765891165868 253.0 8635
1765891165870 253.0 8635
1765891180330 254.0 8669
1765891180337 254.0 8669
1765891194708 255.0 8703
1765891194711 255.0 8703
1765891208600 256.0 8737
1765891208608 256.0 8737
1765891222166 257.0 8771
1765891222179 257.0 8771
1765891236824 258.0 8805
1765891236826 258.0 8805
1765891250312 259.0 8839
1765891250314 259.0 8839
1765891263817 260.0 8873
1765891263830 260.0 8873
1765891277428 261.0 8907
1765891277436 261.0 8907
1765891290426 262.0 8941
1765891290433 262.0 8941
1765891304164 263.0 8975
1765891304166 263.0 8975
1765891317618 264.0 9009
1765891317625 264.0 9009
1765891331898 265.0 9043
1765891331900 265.0 9043
1765891345131 266.0 9077
1765891345133 266.0 9077
1765891358076 267.0 9111
1765891358078 267.0 9111
1765891371766 268.0 9145
1765891371768 268.0 9145
1765891385540 269.0 9179
1765891385542 269.0 9179
1765891398894 270.0 9213
1765891398896 270.0 9213
1765891413687 271.0 9247
1765891413695 271.0 9247
1765891427454 272.0 9281
1765891427456 272.0 9281
1765891440687 273.0 9315
1765891440689 273.0 9315
1765891454724 274.0 9349
1765891454726 274.0 9349
1765891468451 275.0 9383
1765891468453 275.0 9383
1765891482583 276.0 9417
1765891482585 276.0 9417
1765891496780 277.0 9451
1765891496782 277.0 9451
1765891510329 278.0 9485
1765891510331 278.0 9485
1765891524475 279.0 9519
1765891524477 279.0 9519
1765891539093 280.0 9553
1765891539095 280.0 9553
1765891552961 281.0 9587
1765891552963 281.0 9587
1765891566599 282.0 9621
1765891566601 282.0 9621
1765891580052 283.0 9655
1765891580054 283.0 9655
1765891593627 284.0 9689
1765891593629 284.0 9689
1765891608234 285.0 9723
1765891608236 285.0 9723
1765891623145 286.0 9757
1765891623148 286.0 9757
1765891638142 287.0 9791
1765891638143 287.0 9791
1765891652598 288.0 9825
1765891652601 288.0 9825
1765891667089 289.0 9859
1765891667091 289.0 9859
1765891681904 290.0 9893
1765891681905 290.0 9893
1765891696948 291.0 9927
1765891696951 291.0 9927
1765891711343 292.0 9961
1765891711346 292.0 9961
1765891726058 293.0 9995
1765891726060 293.0 9995
1765891740488 294.0 10029
1765891740495 294.0 10029
1765891754432 295.0 10063
1765891754439 295.0 10063
1765891769804 296.0 10097
1765891769812 296.0 10097
1765891783226 297.0 10131
1765891783233 297.0 10131
1765891797237 298.0 10165
1765891797239 298.0 10165
1765891811795 299.0 10199
1765891811804 299.0 10199
1765891826575 300.0 10233
1765891826577 300.0 10233
1765891841430 301.0 10267
1765891841437 301.0 10267
1765891855880 302.0 10301
1765891855882 302.0 10301
1765891870312 303.0 10335
1765891870314 303.0 10335
1765891884741 304.0 10369
1765891884743 304.0 10369
1765891898922 305.0 10403
1765891898924 305.0 10403
1765891913810 306.0 10437
1765891913813 306.0 10437
1765891928532 307.0 10471
1765891928534 307.0 10471
1765891943194 308.0 10505
1765891943196 308.0 10505
1765891957291 309.0 10539
1765891957293 309.0 10539
1765891971134 310.0 10573
1765891971137 310.0 10573
1765891984674 311.0 10607
1765891984676 311.0 10607
1765891998852 312.0 10641
1765891998854 312.0 10641
1765892012941 313.0 10675
1765892012943 313.0 10675
1765892027341 314.0 10709
1765892027342 314.0 10709
1765892041425 315.0 10743
1765892041427 315.0 10743
1765892055387 316.0 10777
1765892055390 316.0 10777
1765892069881 317.0 10811
1765892069883 317.0 10811
1765892084400 318.0 10845
1765892084402 318.0 10845
1765892098633 319.0 10879
1765892098636 319.0 10879
1765892101291 320.0 10880
