c<B>r<1>R<ASN> -13.341000 16.086000 -10.715000
c<B>r<2>R<LYS> -15.792000 13.093000 -11.180000
c<B>r<3>R<GLN> -14.720000 9.503000 -10.900000
c<B>r<4>R<PHE> -15.582000 7.174000 -13.870000
c<B>r<25>R<HIS> -11.446000 13.309000 -14.624000
c<B>r<26>R<GLU> -10.250000 10.329000 -12.675000
c<B>r<27>R<VAL> -10.879000 7.202000 -14.812000
c<B>r<28>R<LEU> -10.625000 3.517000 -13.785000
c<B>r<35>R<GLU> -2.801000 -5.949000 -23.747000
c<B>r<38>R<ASN> -1.327000 -1.874000 -21.075001
c<B>r<39>R<ALA> -2.315000 0.244000 -24.052999
c<B>r<45>R<THR> -5.832000 7.194000 -13.538000
c<B>r<46>R<HIS> -5.932000 3.462000 -12.834000
c<B>r<48>R<VAL> -6.578000 -2.775000 -14.127000
c<B>r<57>R<GLU> -12.850000 -8.945000 -8.834000
c<B>r<58>R<LEU> -15.378000 -6.110000 -9.031000
c<B>r<59>R<LEU> -15.395000 -5.691000 -5.288000
c<B>r<60>R<SER> -11.574000 -5.733000 -5.378000
c<B>r<61>R<LEU> -11.626000 -2.902000 -7.842000
c<B>r<62>R<GLY> -13.699000 -0.879000 -5.394000
c<B>r<63>R<ILE> -16.299000 -0.454000 -8.064000
c<B>r<64>R<ARG> -18.879999 0.610000 -5.444000
c<B>r<65>R<ASN> -17.136000 3.921000 -5.065000
c<B>r<66>R<PHE> -17.885000 4.969000 -8.612000
c<K>r<90>R<ILE> -11.406000 10.722000 -1.220000
c<K>r<91>R<GLY> -10.808000 10.283000 -4.945000
c<K>r<92>R<LEU> -9.265000 7.425000 -6.934000
c<K>r<93>R<LYS> -5.811000 8.970000 -6.753000
c<K>r<95>R<ARG> -7.083000 5.419000 -2.956000
c<K>r<96>R<MET> -4.154000 4.394000 -5.124000
c<K>r<105>R<PRO> -2.853000 -5.801000 -4.335000
c<K>r<106>R<THR> -6.221000 -4.195000 -4.826000
c<K>r<107>R<ILE> -7.664000 -0.656000 -4.266000
c<K>r<108>R<GLY> -10.982000 -2.061000 -3.125000
c<K>r<109>R<GLY> -11.823000 -1.336000 0.581000
c<K>r<110>R<VAL> -8.461000 0.111000 1.256000
c<K>r<416>R<GLN> 7.386000 -0.709000 -20.398001
c<K>r<418>R<ASN> 6.324000 -3.606000 -25.879000
