1762707462197 0.0 33
1762707462211 0.0 33
1762707482230 1.0 67
1762707482245 1.0 67
1762707503419 2.0 101
1762707503433 2.0 101
1762707527659 3.0 135
1762707527673 3.0 135
1762707550737 4.0 169
1762707550750 4.0 169
1762707574601 5.0 203
1762707574616 5.0 203
1762707596839 6.0 237
1762707596853 6.0 237
1762707617552 7.0 271
1762707617560 7.0 271
1762707641536 8.0 305
1762707641550 8.0 305
1762707664941 9.0 339
1762707664943 9.0 339
1762707688827 10.0 373
1762707688836 10.0 373
1762707713050 11.0 407
1762707713064 11.0 407
1762707736528 12.0 441
1762707736537 12.0 441
1762707762563 13.0 475
1762707762571 13.0 475
1762707786380 14.0 509
1762707786388 14.0 509
1762707811195 15.0 543
1762707811210 15.0 543
1762707836736 16.0 577
1762707836744 16.0 577
1762707861799 17.0 611
1762707861813 17.0 611
1762707886550 18.0 645
1762707886563 18.0 645
1762707909917 19.0 679
1762707909919 19.0 679
1762707934796 20.0 713
1762707934805 20.0 713
1762707958927 21.0 747
1762707958936 21.0 747
1762707982756 22.0 781
1762707982770 22.0 781
1762708007751 23.0 815
1762708007753 23.0 815
1762708032784 24.0 849
1762708032786 24.0 849
1762708058690 25.0 883
1762708058699 25.0 883
1762708085246 26.0 917
1762708085249 26.0 917
1762708111668 27.0 951
1762708111670 27.0 951
1762708138170 28.0 985
1762708138186 28.0 985
1762708165047 29.0 1019
1762708165063 29.0 1019
1762708192348 30.0 1053
1762708192357 30.0 1053
1762708217736 31.0 1087
1762708217739 31.0 1087
1762708245444 32.0 1121
1762708245455 32.0 1121
1762708272031 33.0 1155
1762708272044 33.0 1155
1762708300046 34.0 1189
1762708300060 34.0 1189
1762708329542 35.0 1223
1762708329551 35.0 1223
1762708359448 36.0 1257
1762708359450 36.0 1257
1762708386604 37.0 1291
1762708386622 37.0 1291
1762708413543 38.0 1325
1762708413552 38.0 1325
1762708440648 39.0 1359
1762708440650 39.0 1359
1762708468397 40.0 1393
1762708468399 40.0 1393
1762708495085 41.0 1427
1762708495094 41.0 1427
1762708523228 42.0 1461
1762708523244 42.0 1461
1762708551229 43.0 1495
1762708551239 43.0 1495
1762708579758 44.0 1529
1762708579766 44.0 1529
1762708608439 45.0 1563
1762708608446 45.0 1563
1762708636528 46.0 1597
1762708636545 46.0 1597
1762708664970 47.0 1631
1762708664985 47.0 1631
1762708692525 48.0 1665
1762708692539 48.0 1665
1762708720347 49.0 1699
1762708720350 49.0 1699
1762708748445 50.0 1733
1762708748453 50.0 1733
1762708776491 51.0 1767
1762708776505 51.0 1767
1762708804072 52.0 1801
1762708804081 52.0 1801
1762708830358 53.0 1835
1762708830366 53.0 1835
1762708859175 54.0 1869
1762708859177 54.0 1869
1762708888329 55.0 1903
1762708888331 55.0 1903
1762708916727 56.0 1937
1762708916743 56.0 1937
1762708944619 57.0 1971
1762708944621 57.0 1971
1762708973129 58.0 2005
1762708973138 58.0 2005
1762709000976 59.0 2039
1762709000978 59.0 2039
1762709029709 60.0 2073
1762709029712 60.0 2073
1762709055973 61.0 2107
1762709055975 61.0 2107
1762709084154 62.0 2141
1762709084164 62.0 2141
1762709107841 63.0 2175
1762709107843 63.0 2175
1762709132868 64.0 2209
1762709132870 64.0 2209
1762709155847 65.0 2243
1762709155849 65.0 2243
1762709179724 66.0 2277
1762709179735 66.0 2277
1762709206552 67.0 2311
1762709206561 67.0 2311
1762709233602 68.0 2345
1762709233606 68.0 2345
1762709261390 69.0 2379
1762709261392 69.0 2379
1762709288557 70.0 2413
1762709288560 70.0 2413
1762709313471 71.0 2447
1762709313474 71.0 2447
1762709341629 72.0 2481
1762709341631 72.0 2481
1762709369189 73.0 2515
1762709369192 73.0 2515
1762709393379 74.0 2549
1762709393380 74.0 2549
1762709417851 75.0 2583
1762709417853 75.0 2583
1762709445476 76.0 2617
1762709445478 76.0 2617
1762709468902 77.0 2651
1762709468904 77.0 2651
1762709495349 78.0 2685
1762709495352 78.0 2685
1762709523942 79.0 2719
1762709523945 79.0 2719
1762709550553 80.0 2753
1762709550555 80.0 2753
1762709579130 81.0 2787
1762709579133 81.0 2787
1762709599568 82.0 2821
1762709599570 82.0 2821
1762709620155 83.0 2855
1762709620156 83.0 2855
1762709644283 84.0 2889
1762709644285 84.0 2889
1762709669823 85.0 2923
1762709669826 85.0 2923
1762709692876 86.0 2957
1762709692877 86.0 2957
1762709717002 87.0 2991
1762709717005 87.0 2991
1762709741762 88.0 3025
1762709741764 88.0 3025
1762709763818 89.0 3059
1762709763819 89.0 3059
1762709784933 90.0 3093
1762709784935 90.0 3093
1762709805199 91.0 3127
1762709805201 91.0 3127
1762709824314 92.0 3161
1762709824316 92.0 3161
1762709847790 93.0 3195
1762709847792 93.0 3195
1762709876726 94.0 3229
1762709876728 94.0 3229
1762709903731 95.0 3263
1762709903733 95.0 3263
1762709931875 96.0 3297
1762709931878 96.0 3297
1762709959129 97.0 3331
1762709959132 97.0 3331
1762709987039 98.0 3365
1762709987042 98.0 3365
1762710015259 99.0 3399
1762710015262 99.0 3399
1762710043156 100.0 3433
1762710043158 100.0 3433
1762710069792 101.0 3467
1762710069795 101.0 3467
1762710073417 102.0 3468
