c<A>r<96>R<CYS> 4.229000 18.972000 11.011000
c<A>r<97>R<ARG> 4.785000 19.372999 7.307000
c<A>r<98>R<ALA> 7.238000 16.503000 6.849000
c<A>r<99>R<GLU> 5.970000 12.912000 6.215000
c<A>r<100>R<MET> 8.515000 11.488000 8.661000
c<A>r<101>R<GLY> 11.413000 12.575000 10.867000
c<A>r<102>R<ASN> 12.904000 12.888000 14.302000
c<A>r<103>R<THR> 12.141000 15.888000 16.483999
c<A>r<190>R<VAL> 8.788000 -2.313000 8.022000
c<A>r<191>R<VAL> 11.566000 -2.124000 5.407000
c<A>r<192>R<GLY> 12.214000 1.443000 4.477000
c<A>r<193>R<ALA> 8.960000 3.495000 3.939000
c<A>r<194>R<PRO> 5.652000 2.434000 2.388000
c<A>r<195>R<GLN> 5.043000 2.776000 -1.311000
c<A>r<196>R<ARG> 2.346000 5.301000 -1.894000
c<A>r<197>R<TRP> 0.292000 5.806000 -5.007000
c<A>r<198>R<VAL> -3.143000 6.990000 -6.051000
c<A>r<199>R<ILE> -5.749000 4.865000 -7.864000
c<A>r<200>R<ASP> -8.824000 6.564000 -9.408000
c<A>r<201>R<ALA> -10.979000 3.913000 -7.741000
c<A>r<219>R<MET> -8.638000 -14.664000 -15.161000
c<A>r<220>R<THR> -7.175000 -11.461000 -13.882000
c<A>r<221>R<HIS> -3.711000 -12.887000 -13.330000
c<A>r<222>R<ARG> -3.584000 -15.441000 -16.118000
c<A>r<223>R<SER> -0.465000 -13.813000 -17.587999
c<A>r<224>R<MET> 1.395000 -14.412000 -14.357000
c<A>r<226>R<GLU> 1.602000 -18.389999 -18.010000
c<A>r<227>R<LEU> 4.902000 -16.778000 -17.164000
c<A>r<228>R<GLY> 5.619000 -19.068001 -14.276000
c<A>r<229>R<LEU> 5.293000 -16.445999 -11.539000
c<A>r<311>R<LYS> 10.340000 -13.023000 -8.379000
c<A>r<312>R<ASP> 11.046000 -14.389000 -11.894000
c<A>r<313>R<HIS> 10.548000 -17.600000 -13.892000
c<A>r<314>R<LEU> 13.905000 -18.957001 -12.908000
c<A>r<333>R<LYS> -10.179000 7.909000 -5.640000
c<A>r<334>R<MET> -7.986000 6.167000 -3.068000
c<A>r<335>R<GLU> -4.394000 6.379000 -1.931000
c<A>r<336>R<VAL> -2.618000 3.059000 -1.492000
c<A>r<337>R<MET> 0.003000 2.750000 1.250000
c<A>r<339>R<PHE> 4.136000 -1.771000 3.563000
c<A>r<340>R<PHE> 6.735000 -4.518000 3.124000
c<A>r<352>R<ASP> 16.665001 -9.935000 -0.144000
c<A>r<355>R<TYR> 11.948000 -7.973000 -0.926000
c<A>r<356>R<LYS> 12.350000 -8.693000 -4.619000
c<A>r<359>R<LEU> 8.492000 -5.535000 -5.283000
c<A>r<360>R<ARG> 8.055000 -7.474000 -8.504000
c<A>r<363>R<GLY> 4.719000 -3.329000 -5.481000
c<A>r<364>R<ILE> 3.361000 -0.382000 -7.567000
c<A>r<365>R<SER> 5.393000 -1.755000 -10.416000
c<A>r<366>R<GLY> 4.468000 -5.409000 -9.642000
c<A>r<367>R<GLY> 2.677000 -7.611000 -12.257000
c<A>r<369>R<GLU> -0.818000 -5.107000 -8.611000
c<A>r<370>R<GLN> -0.986000 -3.605000 -12.065000
c<A>r<371>R<ASP> -3.727000 -5.941000 -13.208000
c<A>r<372>R<ASP> -5.838000 -5.387000 -10.157000
c<A>r<373>R<ALA> -5.788000 -1.596000 -10.323000
c<A>r<374>R<GLU> -7.096000 -1.685000 -13.902000
c<A>r<375>R<ASN> -10.172000 -3.586000 -12.827000
c<A>r<376>R<TRP> -10.951000 -1.351000 -9.881000
c<A>r<377>R<ARG> -10.649000 1.802000 -11.950000
c<A>r<378>R<SER> -13.030000 0.436000 -14.541000
c<A>r<381>R<ARG> -16.014999 4.522000 -13.539000
c<B>r<41>R<VAL> 13.365000 3.767000 -9.057000
c<B>r<42>R<PRO> 13.903000 4.859000 -5.404000
c<B>r<43>R<ILE> 11.122000 6.021000 -3.074000
c<B>r<44>R<ARG> 11.144000 9.683000 -2.119000
c<B>r<45>R<VAL> 9.656000 11.033000 1.107000
c<B>r<46>R<THR> 9.035000 14.546000 2.224000
c<B>r<47>R<ARG> 11.584000 15.327000 4.980000
c<B>r<48>R<GLU> 12.773000 18.438999 6.875000
c<B>r<49>R<ARG> 15.338000 20.518999 5.321000
c<B>r<50>R<GLU> 17.884001 19.250000 7.560000
c<B>r<51>R<ALA> 17.579000 15.685000 6.344000
c<B>r<55>R<VAL> 15.540000 9.051000 -0.788000
c<B>r<56>R<VAL> 14.427000 6.114000 1.291000
c<B>r<57>R<GLU> 16.924000 3.381000 1.899000
c<B>r<58>R<GLY> 15.901000 -0.161000 1.549000
c<B>r<59>R<MET> 12.703000 0.263000 -0.422000
c<B>r<60>R<THR> 12.120000 1.176000 -4.035000
c<B>r<61>R<HIS> 9.253000 1.464000 -6.605000
c<B>r<62>R<MET> 11.351000 -0.588000 -9.026000
c<B>r<63>R<ASP> 14.488000 -2.707000 -8.616000
c<B>r<64>R<ASP> 15.063000 -4.715000 -11.794000
c<B>r<67>R<ASP> 16.084000 -11.037000 -16.191000
c<B>r<68>R<SER> 13.311000 -9.246000 -14.381000
c<B>r<69>R<MET> 13.158000 -6.631000 -17.188999
c<B>r<70>R<GLU> 12.776000 -9.400000 -19.698999
c<B>r<71>R<MET> 9.781000 -10.696000 -17.701000
c<B>r<72>R<ARG> 8.166000 -7.262000 -17.787001
c<B>r<74>R<LEU> 7.173000 -10.571000 -21.971001
c<B>r<75>R<ARG> 4.218000 -9.567000 -19.879999
c<B>r<76>R<LEU> 3.544000 -6.624000 -22.101000
c<B>r<77>R<GLU> 3.504000 -8.965000 -25.091000
c<B>r<78>R<THR> 0.975000 -11.357000 -23.631001
c<B>r<79>R<GLU> -2.593000 -11.260000 -24.648001
c<B>r<80>R<TYR> -3.589000 -11.224000 -21.341999
c<B>r<81>R<ALA> -1.988000 -8.201000 -20.127001
c<B>r<82>R<TRP> -5.047000 -6.447000 -19.402000
c<B>r<83>R<ALA> -3.133000 -3.457000 -18.106001
c<B>r<84>R<GLU> -1.673000 -2.757000 -21.502001
c<B>r<123>R<VAL> -10.895000 8.272000 -20.292000
c<B>r<125>R<THR> -7.451000 11.545000 -17.792999
c<B>r<155>R<GLN> 6.564000 12.739000 -6.544000
c<B>r<156>R<THR> 6.417000 11.299000 -3.017000
c<B>r<157>R<THR> 3.017000 9.792000 -3.683000
c<B>r<158>R<ILE> 2.836000 8.376000 -7.208000
c<B>r<159>R<MET> -0.194000 9.920000 -8.871000
c<B>r<160>R<THR> -0.817000 7.034000 -11.198000
c<B>r<161>R<HIS> -2.587000 3.753000 -10.632000
c<B>r<162>R<ASN> 0.517000 1.749000 -11.512000
c<B>r<163>R<LEU> 4.142000 2.077000 -12.808000
c<B>r<164>R<ALA> 3.799000 -0.360000 -15.743000
c<B>r<165>R<LEU> 5.905000 1.970000 -17.959000
c<B>r<166>R<ILE> 9.578000 1.793000 -18.681999
