c<A>r<35>R<ASN> -14.496000 5.102000 -8.732000
c<A>r<36>R<ASN> -11.395000 4.911000 -6.800000
c<A>r<37>R<VAL> -12.157000 1.438000 -5.284000
c<A>r<38>R<ALA> -10.940000 -2.039000 -6.316000
c<A>r<39>R<LYS> -12.793000 -4.800000 -4.713000
c<A>r<41>R<ASP> -10.498000 -11.085000 -2.026000
c<A>r<42>R<VAL> -6.682000 -10.727000 -2.306000
c<A>r<43>R<SER> -4.714000 -7.661000 -3.279000
c<A>r<44>R<ALA> -1.128000 -6.606000 -3.377000
c<A>r<45>R<VAL> 0.034000 -3.015000 -3.316000
c<A>r<46>R<VAL> 3.522000 -1.575000 -4.025000
c<A>r<47>R<GLY> 4.573000 2.011000 -3.728000
c<A>r<48>R<ILE> 6.911000 3.515000 -6.371000
c<A>r<49>R<THR> 9.039000 6.660000 -6.056000
c<A>r<50>R<GLY> 10.980000 8.835000 -8.531000
c<A>r<52>R<LYS> 6.855000 11.005000 -9.807000
c<A>r<53>R<ASN> 5.445000 9.070000 -6.957000
c<A>r<54>R<GLY> 2.690000 6.544000 -7.133000
c<A>r<55>R<SER> 1.371000 3.046000 -6.392000
c<A>r<56>R<ILE> 0.825000 -0.239000 -8.203000
c<A>r<57>R<SER> -1.824000 -2.701000 -7.105000
c<A>r<80>R<ILE> -3.810000 -15.559000 3.137000
c<A>r<81>R<GLN> -0.564000 -16.855000 4.411000
c<A>r<84>R<LYS> 1.803000 -13.879000 0.566000
c<A>r<85>R<ASP> 4.201000 -15.779000 -1.594000
c<A>r<87>R<VAL> 1.537000 -12.095000 -4.490000
c<A>r<88>R<GLY> 5.358000 -12.004000 -4.653000
c<A>r<91>R<THR> 7.104000 -7.491000 -6.834000
c<A>r<106>R<PHE> 11.597000 4.580000 -10.349000
c<A>r<107>R<GLN> 12.277000 2.848000 -7.062000
c<A>r<108>R<GLY> 9.959000 0.221000 -5.711000
c<A>r<109>R<ALA> 9.004000 -0.238000 -2.092000
c<A>r<110>R<THR> 8.236000 -3.579000 -0.445000
c<A>r<111>R<PRO> 4.782000 -4.982000 -1.184000
c<A>r<112>R<SER> 1.862000 -5.293000 1.179000
c<A>r<113>R<VAL> -0.716000 -8.030000 0.834000
c<A>r<114>R<ILE> -4.333000 -7.396000 1.658000
c<A>r<115>R<GLY> -6.840000 -10.180000 2.452000
c<A>r<116>R<ASP> -10.470000 -10.917000 3.492000
c<A>r<117>R<GLY> -12.819000 -9.135000 0.955000
c<A>r<118>R<HIS> -11.428000 -5.687000 0.959000
c<A>r<119>R<THR> -11.500000 -2.491000 -1.004000
c<A>r<120>R<ILE> -8.316000 -0.721000 -2.153000
c<A>r<121>R<SER> -8.311000 2.931000 -2.936000
c<A>r<122>R<HIS> -5.314000 4.869000 -4.278000
c<A>r<123>R<VAL> -4.884000 8.287000 -2.724000
c<A>r<124>R<THR> -3.646000 10.494000 -5.493000
c<A>r<125>R<LYS> -4.333000 13.753000 -7.203000
c<A>r<145>R<CYS> -1.190000 5.949000 -10.509000
c<A>r<146>R<LEU> 1.588000 8.512000 -10.724000
c<A>r<147>R<GLU> 1.586000 12.078000 -9.431000
c<B>r<32>R<ASN> 2.465000 -12.825000 12.820000
c<B>r<33>R<ASN> 2.701000 -10.662000 9.832000
c<B>r<34>R<VAL> -1.038000 -9.746000 9.832000
c<B>r<35>R<ALA> -2.771000 -6.529000 10.990000
c<B>r<36>R<LYS> -6.457000 -6.798000 11.195000
c<B>r<38>R<ASP> -11.627000 -2.065000 9.476000
c<B>r<39>R<VAL> -9.633000 0.775000 7.835000
c<B>r<40>R<SER> -5.956000 0.773000 6.945000
c<B>r<41>R<ALA> -3.573000 2.969000 5.076000
c<B>r<42>R<VAL> -0.351000 1.740000 3.532000
c<B>r<43>R<VAL> 2.564000 3.816000 2.157000
c<B>r<44>R<GLY> 5.679000 2.520000 0.494000
c<B>r<45>R<ILE> 9.060000 4.151000 1.289000
c<B>r<46>R<THR> 12.253000 3.949000 -0.771000
c<B>r<47>R<GLY> 15.923000 4.851000 -0.134000
c<B>r<49>R<LYS> 16.489000 0.721000 2.300000
c<B>r<50>R<ASN> 13.058000 0.000000 1.032000
c<B>r<51>R<GLY> 10.011000 -0.674000 3.103000
c<B>r<52>R<SER> 6.392000 0.070000 3.980000
c<B>r<53>R<ILE> 4.437000 1.996000 6.601000
c<B>r<54>R<SER> 0.901000 1.098000 7.564000
c<B>r<77>R<ILE> -14.600000 4.292000 3.053000
c<B>r<78>R<GLN> -14.864000 7.313000 0.863000
c<B>r<81>R<LYS> -9.782000 8.613000 2.225000
c<B>r<82>R<ASP> -9.378000 11.948000 3.897000
c<B>r<84>R<VAL> -5.664000 8.489000 5.329000
c<B>r<85>R<GLY> -4.303000 11.937000 4.520000
c<B>r<88>R<THR> 0.784000 10.670000 4.454000
c<B>r<103>R<PHE> 13.715000 8.215000 2.252000
c<B>r<104>R<GLN> 11.111000 8.898000 -0.399000
c<B>r<105>R<GLY> 7.447000 8.229000 0.171000
c<B>r<106>R<ALA> 5.019000 6.835000 -2.350000
c<B>r<107>R<THR> 1.320000 7.710000 -2.561000
c<B>r<108>R<PRO> -0.858000 6.031000 0.066000
c<B>r<109>R<SER> -3.448000 3.343000 -0.486000
c<B>r<110>R<VAL> -6.506000 3.007000 1.699000
c<B>r<111>R<ILE> -7.911000 -0.384000 2.534000
c<B>r<112>R<GLY> -11.490000 -0.953000 3.777000
c<B>r<113>R<ASP> -14.057000 -3.633000 4.789000
c<B>r<114>R<GLY> -12.456000 -5.825000 7.552000
c<B>r<115>R<HIS> -9.191000 -6.720000 6.003000
c<B>r<116>R<THR> -5.809000 -8.083000 6.891000
c<B>r<117>R<ILE> -2.551000 -6.342000 5.937000
c<B>r<118>R<SER> 0.635000 -8.233000 5.623000
c<B>r<119>R<HIS> 4.030000 -6.641000 4.902000
c<B>r<120>R<VAL> 6.128000 -8.668000 2.479000
c<B>r<121>R<THR> 9.675000 -8.276000 3.732000
c<B>r<122>R<LYS> 12.695000 -10.246000 4.726000
c<B>r<142>R<CYS> 9.525000 -2.452000 7.957000
c<B>r<143>R<LEU> 12.775000 -1.717000 6.183000
c<B>r<144>R<GLU> 14.947000 -4.107000 4.174000
