c<A>r<5>R<THR> -2.747000 -0.823000 -19.193001
c<A>r<6>R<GLU> -2.659000 2.816000 -18.062000
c<A>r<7>R<ASP> -6.011000 3.073000 -19.737000
c<A>r<8>R<GLU> -7.505000 0.341000 -17.544001
c<A>r<9>R<VAL> -6.125000 1.996000 -14.418000
c<A>r<10>R<GLN> -7.606000 5.264000 -15.633000
c<A>r<11>R<THR> -11.001000 3.647000 -15.865000
c<A>r<12>R<VAL> -10.815000 2.484000 -12.232000
c<A>r<13>R<VAL> -9.580000 5.967000 -11.228000
c<A>r<14>R<ASN> -12.470000 7.645000 -13.041000
c<A>r<27>R<PHE> -10.337000 7.527000 -5.073000
c<A>r<28>R<ASP> -8.668000 9.290000 -2.116000
c<A>r<29>R<TYR> -8.273000 5.869000 -0.406000
c<A>r<30>R<ILE> -6.854000 4.108000 -3.508000
c<A>r<31>R<HIS> -3.184000 3.994000 -4.378000
c<A>r<32>R<HIS> -1.639000 2.452000 -7.472000
c<A>r<33>R<SER> 1.730000 0.807000 -7.047000
c<A>r<34>R<PRO> 3.130000 0.618000 -10.560000
c<A>r<35>R<GLU> 5.529000 -2.212000 -11.359000
c<A>r<36>R<ALA> 8.040000 0.080000 -12.780000
c<A>r<37>R<ALA> 9.413000 0.798000 -9.682000
c<A>r<38>R<LYS> 10.768000 -2.663000 -9.291000
c<A>r<40>R<LYS> 14.162000 0.575000 -6.674000
c<A>r<41>R<ARG> 15.385000 -0.608000 -3.321000
c<A>r<42>R<GLY> 12.731000 -1.997000 -1.122000
c<A>r<43>R<VAL> 10.179000 -2.382000 -3.839000
c<A>r<44>R<LYS> 8.664000 -5.877000 -3.820000
c<A>r<45>R<ALA> 8.439000 -7.504000 -7.145000
c<A>r<47>R<TYR> 3.311000 -6.407000 -5.149000
c<A>r<49>R<ASP> -1.344000 -3.040000 -8.241000
c<A>r<50>R<LEU> -4.123000 -1.479000 -6.190000
c<A>r<51>R<ILE> -3.848000 -0.610000 -2.560000
c<A>r<53>R<ASP> -6.274000 1.482000 2.752000
c<A>r<54>R<ILE> -9.800000 0.751000 4.193000
c<A>r<55>R<ALA> -10.493000 -1.928000 6.762000
c<A>r<59>R<TYR> -10.045000 -7.612000 6.372000
c<A>r<60>R<HIS> -7.433000 -4.944000 7.398000
c<A>r<61>R<GLY> -7.375000 -3.591000 3.825000
c<A>r<63>R<ARG> -5.001000 -5.567000 -2.302000
c<A>r<81>R<ARG> 2.777000 -11.608000 -2.492000
c<A>r<84>R<LEU> 1.431000 -13.180000 2.157000
c<A>r<85>R<ALA> -1.129000 -10.360000 2.141000
c<A>r<86>R<LYS> -3.994000 -12.818000 2.848000
c<A>r<87>R<GLU> -2.709000 -12.862000 6.445000
c<A>r<88>R<GLY> -5.165000 -10.255000 7.421000
c<A>r<89>R<TYR> -5.874000 -8.540000 4.151000
c<A>r<113>R<PHE> -14.411000 -3.955000 10.284000
c<E>r<6>R<THR> 17.872000 8.322000 -0.499000
c<E>r<7>R<GLU> 18.229000 4.807000 -1.942000
c<E>r<8>R<ASP> 20.917000 4.310000 0.612000
c<E>r<9>R<GLU> 18.563000 5.034000 3.483000
c<E>r<10>R<VAL> 15.966000 2.648000 2.087000
c<E>r<11>R<GLN> 18.702000 0.046000 1.706000
c<E>r<12>R<THR> 19.572001 0.383000 5.385000
c<E>r<13>R<VAL> 15.962000 -0.321000 6.410000
c<E>r<14>R<VAL> 15.837000 -3.231000 3.949000
c<E>r<15>R<ASN> 19.034000 -4.730000 5.387000
c<E>r<28>R<PHE> 11.251000 -7.579000 5.053000
c<E>r<29>R<ASP> 8.688000 -9.861000 3.344000
c<E>r<30>R<TYR> 5.900000 -7.691000 4.874000
c<E>r<31>R<ILE> 7.499000 -4.338000 3.901000
c<E>r<32>R<HIS> 6.935000 -2.610000 0.570000
c<E>r<33>R<HIS> 8.643000 0.557000 -0.637000
c<E>r<34>R<SER> 6.310000 2.785000 -2.635000
c<E>r<35>R<PRO> 8.610000 5.229000 -4.560000
c<E>r<36>R<ALA> 7.132000 8.260000 -6.222000
c<E>r<37>R<ALA> 6.062000 7.579000 -9.728000
c<E>r<40>R<LYS> 1.529000 7.101000 -13.585000
c<E>r<41>R<ARG> -2.239000 6.949000 -13.354000
c<E>r<42>R<GLY> -3.632000 6.193000 -9.980000
c<E>r<43>R<VAL> -0.423000 6.924000 -8.139000
c<E>r<44>R<LYS> -1.115000 9.250000 -5.223000
c<E>r<45>R<ALA> 1.235000 12.098000 -4.877000
c<E>r<47>R<TYR> 1.784000 8.536000 -0.561000
c<E>r<49>R<ASP> 7.263000 5.612000 1.430000
c<E>r<50>R<LEU> 6.951000 2.419000 3.480000
c<E>r<51>R<ILE> 3.979000 0.138000 3.526000
c<E>r<53>R<ASP> 0.949000 -4.838000 5.666000
c<E>r<54>R<ILE> 0.707000 -6.091000 9.336000
c<E>r<55>R<ALA> -2.186000 -5.276000 11.610000
c<E>r<59>R<TYR> -3.905000 -0.257000 13.745000
c<E>r<60>R<HIS> -4.838000 -2.034000 10.428000
c<E>r<61>R<GLY> -1.292000 -1.512000 9.116000
c<E>r<63>R<ARG> 2.530000 3.725000 6.833000
c<E>r<80>R<GLU> -2.810000 15.029000 3.594000
c<E>r<81>R<ARG> -2.077000 11.393000 2.784000
c<E>r<84>R<LEU> -6.182000 10.141000 5.533000
c<E>r<85>R<ALA> -4.310000 6.963000 6.440000
c<E>r<86>R<LYS> -4.736000 7.683000 10.200000
c<E>r<87>R<GLU> -8.349000 6.521000 9.750000
c<E>r<88>R<GLY> -7.443000 3.093000 10.851000
c<E>r<89>R<TYR> -3.762000 2.927000 10.122000
c<E>r<113>R<PHE> -4.525000 -6.510000 16.587000
