c<A>r<6>R<GLY> 17.777000 23.552999 -31.976000
c<A>r<7>R<ALA> 19.995001 22.761000 -29.627001
c<A>r<8>R<VAL> 18.778999 21.620001 -26.459000
c<A>r<9>R<THR> 19.740000 24.048000 -24.146000
c<A>r<10>R<LEU> 21.687000 23.221001 -20.945000
c<A>r<12>R<GLU> 16.219000 21.966000 -20.546000
c<A>r<13>R<TYR> 18.627001 19.233000 -19.694000
c<A>r<14>R<LEU> 19.041000 20.454000 -16.042000
c<A>r<16>R<LEU> 14.813000 17.125999 -16.926001
c<A>r<17>R<LYS> 17.566999 16.013000 -14.531000
c<A>r<18>R<LYS> 15.666000 17.778000 -11.657000
c<A>r<19>R<ALA> 12.356000 16.246000 -12.745000
c<A>r<20>R<LEU> 13.987000 12.744000 -12.768000
c<A>r<21>R<ALA> 15.439000 13.286000 -9.186000
c<A>r<22>R<THR> 11.942000 14.266000 -7.975000
c<A>r<23>R<SER> 10.265000 11.242000 -9.542000
c<A>r<24>R<GLU> 12.874000 8.851000 -8.158000
c<A>r<25>R<ALA> 12.438000 10.412000 -4.628000
c<A>r<26>R<LYS> 8.586000 9.721000 -4.914000
c<A>r<27>R<VAL> 9.387000 6.050000 -5.884000
c<A>r<28>R<GLN> 11.496000 5.736000 -2.681000
c<A>r<29>R<GLN> 8.763000 7.353000 -0.560000
c<A>r<30>R<LEU> 5.999000 5.173000 -2.104000
c<A>r<31>R<MET> 8.166000 2.015000 -1.485000
c<A>r<33>R<VAL> 4.888000 3.501000 2.578000
c<A>r<34>R<ASN> 4.124000 0.215000 0.832000
c<A>r<35>R<SER> 6.454000 -1.621000 3.195000
c<A>r<37>R<LEU> 1.320000 -0.946000 4.945000
c<A>r<38>R<SER> 2.376000 -4.525000 4.294000
c<A>r<40>R<GLU> 0.422000 -3.433000 9.253000
c<A>r<41>R<LEU> -1.442000 -5.865000 7.077000
c<A>r<42>R<ARG> 0.454000 -8.771000 8.694000
c<A>r<44>R<LEU> -3.949000 -7.177000 11.499000
c<A>r<45>R<GLN> -4.055000 -10.720000 10.171000
c<A>r<47>R<GLU> -5.100000 -10.106000 15.410000
c<A>r<48>R<ILE> -7.870000 -11.718000 13.327000
c<A>r<49>R<HIS> -6.386000 -15.199000 14.047000
c<A>r<50>R<LYS> -6.248000 -14.476000 17.770000
c<A>r<51>R<LEU> -9.893000 -13.218000 17.813999
c<A>r<52>R<GLN> -11.058000 -16.212000 15.824000
c<A>r<54>R<GLU> -11.043000 -16.816999 21.157000
c<A>r<55>R<ASN> -14.334000 -17.021000 19.360001
c<A>r<56>R<LEU> -14.032000 -20.766001 18.791000
c<A>r<57>R<GLN> -13.108000 -21.365999 22.431000
c<A>r<58>R<LEU> -16.105000 -19.337000 23.705999
c<A>r<59>R<ARG> -18.615999 -21.466999 21.569000
c<B>r<2>R<GLY> 29.996000 20.393000 -24.697001
c<B>r<3>R<ALA> 26.983000 20.730000 -25.645000
c<B>r<4>R<VAL> 24.650000 18.177999 -24.497000
c<B>r<5>R<THR> 23.907000 15.887000 -27.171000
c<B>r<6>R<LEU> 20.336000 15.187000 -28.382000
c<B>r<8>R<GLU> 21.634001 12.416000 -23.766001
c<B>r<9>R<TYR> 18.473000 14.417000 -23.658001
c<B>r<10>R<LEU> 16.365999 11.567000 -25.204000
c<B>r<12>R<LEU> 16.976999 11.345000 -19.827000
c<B>r<13>R<LYS> 13.442000 11.703000 -21.223000
c<B>r<15>R<ALA> 14.504000 7.418000 -17.906000
c<B>r<16>R<LEU> 11.915000 9.949000 -16.618000
c<B>r<17>R<ALA> 9.023000 8.085000 -18.444000
c<B>r<18>R<THR> 10.133000 4.825000 -16.785000
c<B>r<19>R<SER> 10.341000 6.344000 -13.304000
c<B>r<20>R<GLU> 6.927000 7.973000 -13.637000
c<B>r<21>R<ALA> 5.417000 4.591000 -14.780000
c<B>r<22>R<LYS> 6.896000 2.961000 -11.511000
c<B>r<23>R<VAL> 5.265000 5.805000 -9.441000
c<B>r<24>R<GLN> 1.875000 4.952000 -11.036000
c<B>r<25>R<GLN> 2.391000 1.221000 -10.368000
c<B>r<26>R<LEU> 3.490000 1.855000 -6.740000
c<B>r<27>R<MET> 0.406000 4.122000 -6.216000
c<B>r<29>R<VAL> -0.314000 -1.112000 -5.028000
c<B>r<30>R<ASN> -0.607000 1.468000 -2.233000
c<B>r<31>R<SER> -4.311000 1.912000 -2.920000
c<B>r<33>R<LEU> -3.041000 -2.328000 0.379000
c<B>r<34>R<SER> -4.977000 0.490000 1.955000
c<B>r<36>R<GLU> -7.261000 -4.482000 2.348000
c<B>r<37>R<LEU> -6.213000 -2.731000 5.509000
c<B>r<38>R<ARG> -9.711000 -1.225000 5.848000
c<B>r<40>R<LEU> -9.226000 -6.326000 7.890000
c<B>r<41>R<GLN> -10.058000 -3.608000 10.411000
c<B>r<43>R<GLU> -13.278000 -7.930000 10.318000
c<B>r<44>R<ILE> -11.469000 -7.245000 13.624000
c<B>r<45>R<HIS> -14.363000 -5.049000 14.786000
c<B>r<46>R<LYS> -16.871000 -7.757000 13.851000
c<B>r<47>R<LEU> -14.924000 -10.551000 15.709000
c<B>r<48>R<GLN> -14.512000 -8.370000 18.790001
c<B>r<50>R<GLU> -18.983000 -11.402000 18.545000
c<B>r<51>R<ASN> -16.554001 -12.324000 21.330000
c<B>r<52>R<LEU> -18.062000 -9.721000 23.653000
c<B>r<53>R<GLN> -21.497999 -11.161000 23.055000
c<B>r<54>R<LEU> -20.323999 -14.799000 23.737000
c<B>r<55>R<ARG> -18.794001 -13.901000 27.112000
