c<A>r<18>R<VAL> -3.151000 -2.942000 13.676000
c<A>r<19>R<GLU> -4.256000 0.425000 15.155000
c<A>r<21>R<ALA> -0.664000 0.778000 11.132000
c<A>r<22>R<ILE> -4.150000 2.309000 10.467000
c<A>r<23>R<ASN> -3.178000 5.634000 12.116000
c<A>r<25>R<LEU> -1.267000 4.983000 6.834000
c<A>r<26>R<LYS> -4.055000 7.625000 7.292000
c<A>r<27>R<LYS> -1.549000 10.263000 8.591000
c<A>r<29>R<LYS> -1.900000 9.153000 3.119000
c<A>r<30>R<ARG> -0.340000 5.809000 1.990000
c<A>r<31>R<PHE> -2.195000 2.731000 0.717000
c<A>r<32>R<SER> 0.562000 0.404000 2.039000
c<A>r<47>R<THR> -2.163000 -2.620000 2.618000
c<A>r<48>R<THR> -5.259000 -0.555000 3.422000
c<A>r<49>R<LEU> -7.240000 -3.411000 1.699000
c<A>r<50>R<GLU> -6.182000 -5.921000 4.417000
c<A>r<51>R<LEU> -7.000000 -3.343000 7.136000
c<A>r<52>R<LEU> -10.531000 -2.607000 5.790000
c<A>r<53>R<GLY> -13.429000 -3.495000 8.131000
c<A>r<54>R<ILE> -11.199000 -4.817000 10.952000
c<A>r<55>R<SER> -13.238000 -5.017000 14.184000
c<A>r<56>R<GLU> -12.161000 -2.636000 17.024000
c<A>r<59>R<PHE> -6.970000 -3.248000 16.745001
c<A>r<82>R<ARG> 12.784000 -1.632000 -16.177000
c<A>r<85>R<VAL> 8.169000 -1.466000 -13.833000
c<A>r<86>R<LEU> 7.698000 -5.084000 -15.009000
c<A>r<87>R<LYS> 7.008000 -6.133000 -11.348000
c<A>r<88>R<PHE> 4.301000 -3.406000 -10.994000
c<A>r<89>R<VAL> 2.508000 -4.849000 -14.058000
c<A>r<90>R<LYS> 3.090000 -8.553000 -13.416000
c<A>r<92>R<LYS> -0.603000 -5.409000 -10.206000
c<A>r<94>R<VAL> 0.441000 -0.018000 -6.176000
c<A>r<110>R<ASN> 5.110000 3.827000 -5.819000
c<A>r<111>R<CYS> 3.425000 3.332000 -9.219000
c<A>r<112>R<ASP> 4.136000 6.882000 -10.560000
c<A>r<113>R<VAL> 3.749000 7.060000 -14.379000
c<A>r<114>R<VAL> 5.465000 10.446000 -14.814000
c<A>r<115>R<LYS> 8.585000 9.906000 -12.705000
c<A>r<116>R<THR> 8.914000 6.559000 -14.463000
c<A>r<117>R<LEU> 8.620000 8.290000 -17.884001
c<A>r<120>R<LEU> 13.313000 5.911000 -18.759001
c<A>r<121>R<TYR> 14.663000 8.495000 -21.215000
c<A>r<127>R<ILE> 9.749000 17.733999 -11.035000
c<A>r<130>R<LEU> 6.951000 20.922001 -13.229000
c<A>r<131>R<HIS> 4.591000 20.554001 -10.173000
c<A>r<132>R<ASN> 4.507000 24.365999 -9.688000
c<A>r<133>R<HIS> 3.843000 24.914000 -13.449000
c<A>r<134>R<ILE> 1.252000 22.075001 -13.999000
c<A>r<135>R<GLY> -1.055000 24.750000 -12.404000
c<A>r<149>R<GLY> 11.218000 17.038000 -27.009001
c<A>r<150>R<ALA> 14.156000 14.786000 -26.039000
c<A>r<151>R<ILE> 11.647000 12.010000 -24.945999
c<A>r<152>R<GLY> 9.857000 12.345000 -28.346001
c<A>r<153>R<LEU> 6.800000 13.558000 -26.365000
c<A>r<155>R<LYS> 4.837000 15.085000 -31.075001
c<A>r<156>R<PHE> 2.194000 13.985000 -28.506001
c<A>r<157>R<PHE> 1.821000 17.586000 -27.139999
c<B>r<18>R<VAL> -20.007999 2.105000 4.418000
c<B>r<19>R<GLU> -20.141001 -1.703000 4.931000
c<B>r<21>R<ALA> -18.246000 -0.092000 0.132000
c<B>r<22>R<ILE> -15.772000 -1.995000 2.410000
c<B>r<23>R<ASN> -17.028999 -5.401000 1.167000
c<B>r<25>R<LEU> -13.474000 -2.786000 -2.401000
c<B>r<26>R<LYS> -12.060000 -5.907000 -0.608000
c<B>r<27>R<LYS> -13.846000 -8.308000 -3.047000
c<B>r<29>R<LYS> -9.223000 -5.644000 -4.641000
c<B>r<30>R<ARG> -9.628000 -1.886000 -5.410000
c<B>r<31>R<PHE> -8.210000 1.032000 -3.407000
c<B>r<32>R<SER> -11.039000 3.330000 -4.577000
c<B>r<47>R<THR> -10.850000 5.414000 -1.012000
c<B>r<48>R<THR> -9.751000 2.620000 1.333000
c<B>r<49>R<LEU> -7.841000 5.385000 3.257000
c<B>r<50>R<GLU> -11.139000 7.123000 4.213000
c<B>r<51>R<LEU> -12.646000 3.734000 5.206000
c<B>r<52>R<LEU> -9.727000 2.751000 7.521000
c<B>r<53>R<GLY> -10.544000 2.305000 11.239000
c<B>r<54>R<ILE> -14.267000 3.124000 10.861000
c<B>r<55>R<SER> -16.170000 1.949000 13.962000
c<B>r<56>R<GLU> -18.629999 -0.968000 13.414000
c<B>r<59>R<PHE> -20.923000 0.697000 9.044000
c<B>r<80>R<GLU> -6.950000 13.623000 -24.608000
c<B>r<81>R<ALA> -4.840000 10.879000 -22.962999
c<B>r<82>R<ARG> -2.220000 13.660000 -22.319000
c<B>r<83>R<ASN> -4.612000 15.590000 -20.018999
c<B>r<85>R<VAL> -1.692000 11.785000 -17.372999
c<B>r<86>R<LEU> -1.242000 15.460000 -16.318001
c<B>r<87>R<LYS> -4.159000 15.083000 -13.809000
c<B>r<88>R<PHE> -2.484000 11.967000 -12.261000
c<B>r<89>R<VAL> 0.703000 14.055000 -11.691000
c<B>r<90>R<LYS> -0.959000 17.327000 -10.624000
c<B>r<91>R<TYR> -3.303000 15.749000 -8.092000
c<B>r<92>R<LYS> -1.077000 12.716000 -7.126000
c<B>r<93>R<VAL> -4.120000 10.401000 -7.392000
c<B>r<94>R<VAL> -3.867000 6.605000 -8.030000
c<B>r<110>R<ASN> -5.813000 3.647000 -12.966000
c<B>r<111>R<CYS> -2.211000 4.913000 -12.896000
c<B>r<112>R<ASP> -0.729000 2.254000 -15.286000
c<B>r<113>R<VAL> 2.935000 3.011000 -16.100000
c<B>r<114>R<VAL> 3.198000 0.290000 -18.792999
c<B>r<115>R<LYS> 0.128000 1.148000 -20.868000
c<B>r<116>R<THR> 1.396000 4.738000 -20.768000
c<B>r<117>R<LEU> 4.862000 3.566000 -21.974001
c<B>r<120>R<LEU> 4.231000 6.554000 -26.066999
c<B>r<121>R<TYR> 6.668000 4.277000 -27.955000
c<B>r<128>R<PHE> 6.031000 -6.215000 -22.627001
c<B>r<129>R<LYS> 4.230000 -9.609000 -22.018000
c<B>r<131>R<GLU> 9.732000 -11.423000 -21.457001
c<B>r<132>R<ALA> 7.931000 -12.940000 -18.385000
c<B>r<149>R<GLY> 17.031000 0.399000 -24.861000
c<B>r<153>R<TRP> 19.719999 4.971000 -29.035999
c<B>r<157>R<GLY> 16.635000 9.499000 -30.069000
