c<A>r<90>R<ARG> -16.474001 7.038000 -20.052000
c<A>r<91>R<PRO> -15.417000 5.030000 -16.987000
c<A>r<92>R<GLU> -16.363001 1.584000 -18.389999
c<A>r<93>R<GLN> -14.157000 2.106000 -21.521000
c<A>r<94>R<VAL> -11.329000 3.376000 -19.398001
c<A>r<95>R<ALA> -11.723000 0.263000 -17.163000
c<A>r<96>R<LEU> -11.308000 -2.021000 -20.188999
c<A>r<98>R<CYS> -6.618000 -0.238000 -17.879999
c<A>r<99>R<GLU> -7.472000 -3.888000 -17.281000
c<A>r<102>R<SER> -2.569000 -4.414000 -15.820000
c<A>r<103>R<ALA> -2.627000 -7.775000 -17.598000
c<A>r<105>R<ALA> 2.335000 -6.206000 -15.834000
c<A>r<106>R<HIS> 1.076000 -9.552000 -14.511000
c<A>r<107>R<GLY> 1.961000 -11.424000 -17.801001
c<A>r<108>R<THR> -1.501000 -12.523000 -18.783001
c<A>r<133>R<ASP> 10.651000 -12.148000 -9.116000
c<A>r<134>R<ARG> 9.977000 -11.053000 -5.580000
c<A>r<135>R<TRP> 10.631000 -7.338000 -6.521000
c<A>r<136>R<ARG> 8.607000 -7.864000 -9.756000
c<A>r<137>R<ALA> 5.577000 -9.040000 -7.780000
c<A>r<138>R<ARG> 5.459000 -5.743000 -5.815000
c<A>r<139>R<ALA> 6.278000 -3.680000 -8.939000
c<A>r<140>R<ALA> 3.449000 -5.371000 -10.863000
c<A>r<141>R<CYS> 0.996000 -4.665000 -8.047000
c<A>r<142>R<ASN> 2.031000 -0.988000 -7.959000
c<A>r<144>R<GLU> -1.906000 -2.318000 -11.376000
c<A>r<145>R<TYR> -2.688000 0.231000 -8.619000
c<A>r<146>R<TYR> -1.818000 3.118000 -11.041000
c<A>r<147>R<PHE> -3.949000 1.762000 -13.944000
c<A>r<148>R<ALA> -6.856000 0.658000 -11.726000
c<A>r<149>R<CYS> -7.417000 4.206000 -10.411000
c<A>r<150>R<HIS> -8.137000 5.786000 -13.835000
c<A>r<151>R<PRO> -11.787000 4.494000 -14.117000
c<A>r<152>R<ALA> -12.564000 6.235000 -10.790000
c<A>r<153>R<GLU> -10.863000 9.334000 -12.073000
c<A>r<154>R<ALA> -13.057000 9.176000 -15.234000
c<A>r<155>R<ALA> -16.174999 8.752000 -13.048000
c<A>r<156>R<GLY> -15.319000 12.041000 -11.236000
c<A>r<157>R<ARG> -13.069000 13.212000 -8.609000
c<A>r<158>R<PRO> -14.305000 12.953000 -4.990000
c<A>r<162>R<GLU> -9.745000 12.114000 2.021000
c<A>r<163>R<GLY> -11.351000 10.739000 -1.163000
c<A>r<164>R<TYR> -9.408000 13.216000 -3.273000
c<A>r<165>R<LEU> -6.024000 12.369000 -1.751000
c<A>r<166>R<THR> -6.798000 8.610000 -1.847000
c<A>r<167>R<LEU> -7.378000 8.841000 -5.613000
c<A>r<168>R<ARG> -4.430000 11.198000 -6.152000
c<A>r<169>R<ARG> -1.975000 8.719000 -4.477000
c<A>r<170>R<GLY> -2.923000 6.088000 -7.113000
c<A>r<190>R<PRO> 16.361000 -5.442000 2.664000
c<A>r<191>R<GLN> 12.716000 -6.148000 3.491000
c<A>r<192>R<HIS> 13.050000 -5.229000 7.221000
c<A>r<193>R<VAL> 14.503000 -1.857000 6.076000
c<A>r<194>R<MET> 11.692000 -1.356000 3.415000
c<A>r<195>R<HIS> 9.017000 -1.978000 6.000000
c<A>r<196>R<HIS> 10.699000 -0.252000 8.967000
c<A>r<197>R<PRO> 8.212000 2.482000 10.218000
c<A>r<198>R<LEU> 10.824000 5.205000 9.657000
c<A>r<199>R<PHE> 11.396000 4.226000 5.959000
c<A>r<200>R<ARG> 7.665000 3.652000 5.252000
c<A>r<201>R<GLN> 6.976000 7.211000 6.545000
c<A>r<265>R<ALA> 17.278000 3.259000 13.327000
c<A>r<266>R<CYS> 19.853001 1.227000 11.319000
c<A>r<267>R<ARG> 21.985001 0.647000 14.409000
c<A>r<268>R<SER> 18.917999 -0.490000 16.386999
c<A>r<269>R<MET> 18.403000 -3.310000 13.879000
c<A>r<270>R<SER> 22.096001 -4.278000 13.909000
c<A>r<271>R<LEU> 22.326000 -3.909000 10.108000
c<A>r<272>R<ASP> 25.410999 -5.141000 8.381000
c<B>r<85>R<ARG> 17.333000 -9.639000 19.114000
c<B>r<86>R<PRO> 16.320000 -7.854000 15.934000
c<B>r<87>R<GLU> 18.995001 -9.462000 13.683000
c<B>r<88>R<GLN> 17.815001 -13.016000 14.628000
c<B>r<89>R<VAL> 14.223000 -12.032000 14.123000
c<B>r<90>R<ALA> 15.192000 -10.603000 10.675000
c<B>r<91>R<LEU> 16.688000 -13.938000 9.633000
c<B>r<93>R<CYS> 11.234000 -13.474000 8.968000
c<B>r<94>R<GLU> 13.313000 -13.397000 5.768000
c<B>r<97>R<SER> 8.885000 -14.287000 3.311000
c<B>r<98>R<ALA> 10.865000 -16.577000 1.008000
c<B>r<100>R<ALA> 5.434000 -16.752001 0.258000
c<B>r<101>R<HIS> 7.518000 -15.817000 -2.797000
c<B>r<102>R<GLY> 8.519000 -19.497000 -3.519000
c<B>r<103>R<THR> 12.248000 -19.160000 -3.068000
c<B>r<128>R<ASP> -1.267000 -15.634000 -9.925000
c<B>r<129>R<ARG> -2.194000 -11.999000 -10.048000
c<B>r<130>R<TRP> -4.025000 -12.260000 -6.628000
c<B>r<131>R<ARG> -1.104000 -14.382000 -5.305000
c<B>r<132>R<ALA> 1.400000 -11.649000 -6.164000
c<B>r<133>R<ARG> -0.457000 -9.123000 -3.938000
c<B>r<134>R<ALA> -1.091000 -11.744000 -1.221000
c<B>r<135>R<ALA> 2.623000 -12.649000 -1.166000
c<B>r<136>R<CYS> 3.599000 -8.980000 -0.836000
c<B>r<137>R<ASN> 1.148000 -8.510000 2.062000
c<B>r<139>R<GLU> 6.114000 -10.183000 3.315000
c<B>r<140>R<TYR> 4.902000 -6.853000 4.782000
c<B>r<141>R<TYR> 3.665000 -8.699000 7.954000
c<B>r<142>R<PHE> 6.926000 -10.668000 8.459000
c<B>r<143>R<ALA> 9.216000 -7.765000 7.544000
c<B>r<144>R<CYS> 7.821000 -5.575000 10.366000
c<B>r<145>R<HIS> 8.804000 -7.952000 13.228000
c<B>r<146>R<PRO> 12.564000 -6.955000 13.310000
c<B>r<147>R<ALA> 11.512000 -3.312000 13.868000
c<B>r<148>R<GLU> 9.087000 -4.468000 16.504000
c<B>r<149>R<ALA> 11.974000 -6.363000 18.257000
c<B>r<150>R<ALA> 14.214000 -3.233000 18.016001
c<B>r<151>R<GLY> 11.447000 -0.952000 19.427000
c<B>r<153>R<THR> 13.434000 0.511000 24.388000
c<B>r<159>R<GLU> 2.865000 8.106000 13.532000
c<B>r<160>R<GLY> 5.768000 5.642000 13.990000
c<B>r<161>R<TYR> 3.675000 3.508000 16.305000
c<B>r<162>R<LEU> 0.659000 3.318000 13.995000
c<B>r<163>R<THR> 2.906000 2.722000 10.931000
c<B>r<164>R<LEU> 4.428000 -0.325000 12.668000
c<B>r<165>R<ARG> 1.076000 -1.522000 14.061000
c<B>r<166>R<ARG> -0.497000 -1.598000 10.526000
c<B>r<167>R<GLY> 2.214000 -4.104000 9.456000
c<B>r<187>R<PRO> -12.476000 -6.136000 -10.035000
c<B>r<188>R<GLN> -9.307000 -4.039000 -9.881000
c<B>r<189>R<HIS> -11.095000 -0.694000 -10.506000
c<B>r<190>R<VAL> -13.404000 -1.546000 -7.566000
c<B>r<191>R<MET> -10.390000 -2.604000 -5.303000
c<B>r<192>R<HIS> -8.621000 0.642000 -5.998000
c<B>r<193>R<HIS> -11.672000 2.941000 -6.068000
c<B>r<194>R<PRO> -11.049000 5.694000 -3.376000
c<B>r<195>R<LEU> -14.258000 4.713000 -1.534000
c<B>r<196>R<PHE> -13.219000 1.009000 -1.229000
c<B>r<197>R<ARG> -9.571000 1.818000 -0.362000
c<B>r<198>R<GLN> -10.856000 4.034000 2.521000
c<B>r<260>R<ALA> -20.100000 4.811000 -6.524000
c<B>r<261>R<CYS> -20.837999 1.518000 -8.340000
c<B>r<262>R<ARG> -23.353001 3.229000 -10.623000
c<B>r<263>R<SER> -20.844999 5.999000 -11.422000
c<B>r<264>R<MET> -18.479000 3.345000 -12.847000
c<B>r<265>R<SER> -21.238001 1.610000 -14.821000
c<B>r<266>R<LEU> -20.455999 -1.751000 -13.172000
c<B>r<267>R<ASP> -22.073999 -4.831000 -14.571000
