c<A>r<13>R<ILE> 17.552000 -11.649000 20.952000
c<A>r<16>R<HIS> 16.931000 -9.388000 16.284000
c<A>r<17>R<ARG> 14.226000 -7.332000 18.104000
c<A>r<20>R<GLN> 12.446000 -6.166000 13.435000
c<A>r<23>R<VAL> 11.693000 -3.361000 9.391000
c<A>r<24>R<ALA> 8.232000 -2.705000 10.939000
c<A>r<27>R<ASN> 7.065000 -0.881000 6.335000
c<A>r<28>R<ASP> 4.852000 1.629000 8.265000
c<A>r<31>R<PHE> 2.697000 2.379000 3.783000
c<A>r<32>R<ASP> 2.212000 6.031000 4.895000
c<A>r<35>R<ARG> -1.082000 6.086000 1.060000
c<A>r<36>R<ARG> -0.224000 9.806000 0.559000
c<A>r<38>R<VAL> -2.296000 7.321000 -3.900000
c<A>r<39>R<LEU> -4.532000 10.031000 -2.328000
c<A>r<42>R<LEU> -6.789000 10.589000 -6.785000
c<A>r<43>R<ASP> -6.968000 14.376000 -6.120000
c<A>r<150>R<THR> 5.627000 -4.447000 -4.571000
c<A>r<151>R<PHE> 5.121000 -0.716000 -3.798000
c<A>r<154>R<TYR> 0.821000 -0.878000 -6.627000
c<A>r<155>R<VAL> 1.552000 2.756000 -7.659000
c<A>r<157>R<GLU> -1.786000 -0.095000 -11.035000
c<A>r<158>R<VAL> -3.274000 3.038000 -9.389000
c<A>r<161>R<ARG> -6.584000 3.540000 -13.425000
c<A>r<162>R<VAL> -6.107000 7.305000 -12.774000
c<B>r<13>R<ILE> 13.296000 -19.371000 19.561001
c<B>r<16>R<HIS> 9.196000 -16.420000 18.540001
c<B>r<17>R<ARG> 10.388000 -16.617001 14.873000
c<B>r<20>R<GLN> 7.204000 -12.837000 14.193000
c<B>r<23>R<VAL> 3.087000 -10.387000 12.074000
c<B>r<24>R<ALA> 5.100000 -9.650000 8.888000
c<B>r<27>R<ASN> 0.946000 -6.978000 7.487000
c<B>r<28>R<ASP> 1.778000 -8.198000 3.919000
c<B>r<31>R<PHE> -1.444000 -4.599000 2.507000
c<B>r<32>R<ASP> -2.434000 -6.978000 -0.352000
c<B>r<35>R<ARG> -4.426000 -2.800000 -2.346000
c<B>r<36>R<ARG> -7.084000 -5.057000 -4.005000
c<B>r<38>R<VAL> -8.512000 0.190000 -3.468000
c<B>r<39>R<LEU> -8.089000 -1.096000 -7.073000
c<B>r<42>R<LEU> -11.186000 2.608000 -8.576000
c<B>r<43>R<ASP> -12.732000 0.166000 -11.127000
c<B>r<150>R<LEU> -4.834000 1.937000 9.806000
c<B>r<151>R<PHE> -6.202000 0.086000 6.728000
c<B>r<154>R<TYR> -6.965000 4.483000 4.293000
c<B>r<155>R<VAL> -10.025000 2.706000 2.750000
c<B>r<157>R<GLU> -9.929000 8.265000 2.566000
c<B>r<158>R<VAL> -10.079000 6.444000 -0.823000
c<B>r<161>R<ARG> -12.555000 10.491000 -3.080000
c<B>r<162>R<VAL> -14.256000 7.741000 -5.157000
