c<A>r<13>R<ILE> -9.380000 3.029000 7.616000
c<A>r<16>R<GLU> -5.148000 1.190000 5.748000
c<A>r<17>R<ASP> -4.771000 -1.145000 8.775000
c<A>r<18>R<TYR> -7.013000 -3.977000 7.518000
c<A>r<19>R<GLU> -6.114000 -6.308000 10.449000
c<A>r<21>R<LEU> -10.108000 -2.743000 11.265000
c<A>r<22>R<LEU> -11.298000 -6.407000 11.218000
c<A>r<25>R<LEU> -15.487000 -4.464000 13.630000
c<A>r<26>R<ASN> -15.645000 -7.907000 15.339000
c<A>r<28>R<ARG> -18.195000 -3.785000 17.684000
c<A>r<29>R<LYS> -20.427999 -6.744000 16.643000
c<A>r<39>R<LEU> -27.190001 2.010000 15.748000
c<A>r<40>R<SER> -28.513000 4.471000 13.110000
c<A>r<42>R<ILE> -23.065001 3.711000 13.126000
c<A>r<43>R<LEU> -24.893000 2.515000 9.953000
c<A>r<44>R<GLU> -24.622000 6.097000 8.560000
c<A>r<45>R<LYS> -20.839001 6.125000 9.343000
c<A>r<46>R<ASP> -20.362000 2.672000 7.721000
c<A>r<47>R<ARG> -21.962000 4.028000 4.502000
c<A>r<49>R<ARG> -16.568001 4.554000 5.224000
c<A>r<50>R<LEU> -17.625000 2.356000 2.255000
c<A>r<51>R<GLU> -17.787001 5.465000 -0.027000
c<A>r<52>R<ILE> -14.169000 6.427000 0.957000
c<A>r<53>R<ILE> -12.842000 2.873000 0.442000
c<A>r<54>R<GLU> -14.641000 2.399000 -2.963000
c<A>r<56>R<ARG> -9.524000 4.324000 -3.191000
c<A>r<57>R<LYS> -10.422000 1.081000 -5.017000
c<A>r<58>R<THR> -11.207000 3.050000 -8.187000
c<A>r<59>R<ALA> -7.884000 4.969000 -7.877000
c<A>r<60>R<LEU> -5.852000 1.701000 -7.468000
c<A>r<61>R<PHE> -7.576000 0.294000 -10.609000
c<A>r<62>R<GLN> -6.546000 3.437000 -12.560000
c<A>r<63>R<GLU> -2.908000 3.154000 -11.272000
c<A>r<64>R<ILE> -2.755000 -0.546000 -12.323000
c<A>r<65>R<ASN> -4.051000 0.319000 -15.824000
c<A>r<66>R<VAL> -1.636000 3.250000 -16.493999
c<A>r<67>R<ILE> 1.399000 1.180000 -15.315000
c<A>r<68>R<ARG> 0.272000 -1.825000 -17.483999
c<A>r<69>R<GLU> -0.156000 0.453000 -20.525000
c<A>r<70>R<ALA> 3.240000 2.144000 -19.920000
c<A>r<71>R<ARG> 4.920000 -1.271000 -19.473000
c<A>r<72>R<SER> 3.300000 -2.602000 -22.698999
c<A>r<73>R<SER> 4.474000 0.512000 -24.639999
c<A>r<74>R<LEU> 8.071000 -0.122000 -23.424000
c<A>r<75>R<GLN> 7.913000 -3.853000 -24.426001
c<B>r<9>R<ILE> 7.252000 7.028000 -10.061000
c<B>r<13>R<ILE> 2.848000 5.279000 -5.970000
c<B>r<16>R<GLU> -1.052000 7.729000 -4.055000
c<B>r<17>R<ASP> -0.473000 10.725000 -6.387000
c<B>r<18>R<TYR> -2.227000 9.442000 -9.530000
c<B>r<19>R<GLU> -1.727000 12.738000 -11.472000
c<B>r<21>R<LEU> 2.226000 9.024000 -11.609000
c<B>r<22>R<LEU> 0.405000 9.492000 -14.968000
c<B>r<25>R<LEU> 4.717000 7.410000 -16.948999
c<B>r<26>R<ASN> 3.965000 9.595000 -20.020000
c<B>r<28>R<ARG> 8.979000 7.885000 -19.485001
c<B>r<29>R<LYS> 7.233000 6.758000 -22.742001
c<B>r<30>R<GLU> 8.799000 9.787000 -24.555000
c<B>r<31>R<LEU> 12.331000 8.494000 -23.728001
c<B>r<32>R<GLU> 13.760000 6.889000 -26.879999
c<B>r<34>R<LEU> 17.079000 3.228000 -23.622000
c<B>r<39>R<LEU> 14.733000 -1.313000 -20.246000
c<B>r<40>R<SER> 14.926000 -4.695000 -18.424000
c<B>r<42>R<ILE> 12.345000 -0.663000 -15.681000
c<B>r<43>R<LEU> 10.137000 -3.639000 -16.705999
c<B>r<44>R<GLU> 11.255000 -5.398000 -13.478000
c<B>r<45>R<LYS> 10.346000 -2.251000 -11.423000
c<B>r<46>R<ASP> 6.908000 -2.108000 -13.127000
c<B>r<47>R<ARG> 6.383000 -5.795000 -12.145000
c<B>r<49>R<ARG> 4.986000 -1.817000 -8.576000
c<B>r<50>R<LEU> 2.040000 -3.846000 -9.944000
c<B>r<51>R<GLU> 2.596000 -6.512000 -7.211000
c<B>r<52>R<ILE> 2.444000 -3.754000 -4.504000
c<B>r<53>R<ILE> -0.698000 -2.084000 -5.957000
c<B>r<54>R<GLU> -2.500000 -5.464000 -6.512000
c<B>r<56>R<ARG> -3.248000 -2.941000 -1.692000
c<B>r<57>R<LYS> -6.280000 -3.563000 -3.961000
c<B>r<58>R<THR> -6.740000 -7.101000 -2.513000
c<B>r<59>R<ALA> -6.588000 -5.786000 1.079000
c<B>r<60>R<LEU> -9.087000 -2.998000 0.161000
c<B>r<61>R<PHE> -11.514000 -5.616000 -1.233000
c<B>r<62>R<GLN> -11.293000 -7.358000 2.176000
c<B>r<63>R<GLU> -12.194000 -4.100000 4.113000
c<B>r<64>R<ILE> -15.175000 -3.470000 1.826000
c<B>r<65>R<ASN> -16.462999 -7.011000 2.475000
c<B>r<66>R<VAL> -15.869000 -6.858000 6.284000
c<B>r<67>R<ILE> -17.643999 -3.443000 6.639000
c<B>r<68>R<ARG> -20.554001 -4.727000 4.440000
c<B>r<69>R<GLU> -20.882999 -7.869000 6.621000
c<B>r<70>R<ALA> -20.676001 -5.826000 9.864000
c<B>r<71>R<ARG> -23.292999 -3.334000 8.526000
c<B>r<72>R<SER> -25.613001 -6.192000 7.407000
c<B>r<73>R<SER> -25.349001 -7.800000 10.892000
c<B>r<74>R<LEU> -26.421000 -4.488000 12.541000
c<B>r<75>R<GLN> -29.552999 -4.321000 10.278000
