c<A>r<11>R<ALA> -10.756000 5.655000 -5.343000
c<A>r<12>R<ARG> -11.554000 8.417000 -7.871000
c<A>r<13>R<ASP> -9.324000 10.802000 -5.932000
c<A>r<14>R<GLY> -6.253000 8.620000 -6.739000
c<A>r<15>R<THR> -5.126000 10.627000 -9.747000
c<A>r<16>R<ARG> -5.456000 14.013000 -8.013000
c<A>r<18>R<TRP> -0.938000 11.274000 -7.338000
c<A>r<19>R<GLU> -0.569000 14.796000 -8.811000
c<A>r<28>R<ASP> 8.378000 9.107000 -2.801000
c<A>r<29>R<LEU> 6.035000 8.815000 -5.722000
c<A>r<30>R<ASN> 3.973000 5.657000 -6.087000
c<A>r<31>R<SER> 1.719000 4.594000 -8.937000
c<A>r<32>R<PRO> -1.642000 6.243000 -9.505000
c<A>r<33>R<TYR> -3.083000 2.775000 -8.835000
c<A>r<34>R<CYS> -1.546000 2.728000 -5.355000
c<A>r<36>R<MET> -6.592000 4.634000 -5.849000
c<A>r<37>R<LEU> -6.194000 1.568000 -3.751000
c<A>r<40>R<ASP> -10.690000 2.476000 -1.896000
c<A>r<41>R<TYR> -9.556000 -0.050000 0.712000
c<A>r<42>R<PHE> -7.931000 2.242000 3.319000
c<A>r<43>R<ASN> -10.213000 5.301000 2.969000
c<A>r<44>R<ASP> -11.110000 5.191000 6.737000
c<A>r<45>R<THR> -7.531000 5.747000 7.781000
c<A>r<62>R<PHE> -3.256000 2.218000 7.947000
c<A>r<63>R<ARG> -3.726000 0.291000 11.086000
c<A>r<64>R<SER> -0.991000 -2.281000 11.554000
c<A>r<65>R<PRO> -2.456000 -5.715000 10.781000
c<A>r<66>R<ARG> -0.342000 -7.277000 13.517000
c<A>r<67>R<ASN> -0.935000 -4.536000 16.063999
c<A>r<72>R<PHE> 1.217000 3.797000 10.656000
c<A>r<74>R<TRP> 2.835000 6.490000 5.413000
c<A>r<100>R<ALA> -11.718000 3.786000 12.331000
c<A>r<138>R<GLY> 13.689000 2.347000 11.074000
c<A>r<139>R<TYR> 14.786000 1.695000 7.508000
c<A>r<140>R<GLY> 18.451000 2.281000 6.771000
c<A>r<142>R<GLU> 21.462000 0.695000 2.824000
c<A>r<143>R<MET> 18.082001 -0.899000 2.407000
c<A>r<144>R<PHE> 17.419001 1.319000 -0.651000
c<A>r<145>R<PRO> 18.783001 0.647000 -4.184000
c<A>r<146>R<ASP> 22.226000 1.662000 -4.863000
c<A>r<150>R<HIS> 17.722000 8.046000 0.270000
c<A>r<153>R<GLU> 14.316000 6.590000 7.840000
c<B>r<11>R<ALA> 11.518000 -5.160000 5.042000
c<B>r<12>R<ARG> 15.054000 -5.878000 3.809000
c<B>r<13>R<ASP> 13.601000 -7.690000 0.806000
c<B>r<14>R<GLY> 12.016000 -4.399000 -0.454000
c<B>r<15>R<THR> 14.802000 -3.477000 -2.847000
c<B>r<16>R<ARG> 15.040000 -6.943000 -4.419000
c<B>r<18>R<TRP> 11.412000 -3.559000 -6.348000
c<B>r<19>R<GLU> 13.953000 -4.908000 -8.881000
c<B>r<28>R<ASP> 2.956000 -0.749000 -12.058000
c<B>r<29>R<LEU> 6.139000 0.191000 -10.313000
c<B>r<30>R<ASN> 5.964000 1.674000 -6.814000
c<B>r<31>R<SER> 8.722000 3.109000 -4.658000
c<B>r<32>R<PRO> 11.285000 0.863000 -3.009000
c<B>r<33>R<TYR> 9.863000 2.201000 0.265000
c<B>r<34>R<CYS> 6.434000 0.835000 -0.593000
c<B>r<36>R<MET> 9.738000 -2.344000 2.273000
c<B>r<37>R<LEU> 6.587000 -1.321000 3.972000
c<B>r<40>R<ASP> 7.356000 -4.990000 7.216000
c<B>r<41>R<TYR> 3.713000 -4.299000 8.068000
c<B>r<42>R<PHE> 1.933000 -6.695000 5.661000
c<B>r<43>R<ASN> 4.477000 -9.550000 5.630000
c<B>r<44>R<ASP> 1.806000 -12.093000 6.809000
c<B>r<45>R<THR> -0.299000 -11.553000 3.719000
c<B>r<62>R<PHE> -3.744000 -7.413000 2.420000
c<B>r<63>R<ARG> -6.890000 -8.148000 4.244000
c<B>r<64>R<SER> -9.511000 -5.487000 3.646000
c<B>r<65>R<PRO> -9.767000 -3.312000 6.769000
c<B>r<66>R<ARG> -13.503000 -2.956000 6.283000
c<B>r<67>R<ASN> -14.109000 -6.585000 5.382000
c<B>r<72>R<PHE> -7.113000 -8.157000 -1.834000
c<B>r<74>R<TRP> -2.434000 -6.204000 -5.249000
c<B>r<100>R<ALA> -3.061000 -14.711000 8.685000
c<B>r<138>R<GLY> -13.315000 -2.055000 -10.976000
c<B>r<139>R<TYR> -11.177000 0.971000 -11.816000
c<B>r<140>R<GLY> -11.863000 2.581000 -15.159000
c<B>r<142>R<GLU> -10.659000 7.350000 -16.990000
c<B>r<143>R<MET> -9.594000 7.178000 -13.390000
c<B>r<144>R<PHE> -5.926000 7.210000 -14.473000
c<B>r<145>R<PRO> -3.965000 10.358000 -15.505000
c<B>r<146>R<ASP> -4.429000 11.623000 -18.891001
c<B>r<150>R<HIS> -3.864000 2.245000 -18.646000
c<B>r<153>R<GLU> -9.161000 -2.777000 -14.269000
