c<A>r<5>R<LYS> 1.703000 10.265000 12.924000
c<A>r<6>R<VAL> 3.181000 7.229000 12.378000
c<A>r<7>R<LEU> 3.355000 7.397000 8.746000
c<A>r<26>R<SER> 10.100000 -5.928000 -0.307000
c<A>r<27>R<ARG> 11.411000 -3.665000 2.412000
c<A>r<29>R<ARG> 8.559000 -1.193000 -1.417000
c<A>r<30>R<ARG> 7.056000 -1.262000 2.085000
c<A>r<31>R<TYR> 8.777000 1.853000 3.330000
c<A>r<32>R<PHE> 8.394000 3.817000 0.092000
c<A>r<33>R<VAL> 4.647000 3.199000 0.064000
c<A>r<34>R<ALA> 4.296000 3.712000 3.857000
c<A>r<35>R<PHE> 5.779000 7.142000 3.546000
c<A>r<36>R<ASP> 3.356000 8.304000 0.843000
c<A>r<37>R<GLY> 5.125000 7.231000 -2.386000
c<A>r<38>R<ASP> 3.491000 5.814000 -5.525000
c<A>r<70>R<TRP> 16.743999 5.413000 2.858000
c<A>r<71>R<ALA> 18.415001 8.743000 2.918000
c<A>r<72>R<CYS> 15.101000 10.494000 2.457000
c<A>r<73>R<ILE> 13.575000 8.414000 5.274000
c<A>r<74>R<ARG> 16.452000 9.136000 7.623000
c<A>r<75>R<LYS> 16.111000 12.807000 6.854000
c<A>r<76>R<ARG> 12.368000 12.633000 7.056000
c<B>r<1>R<GLU> 22.125999 19.826000 8.523000
c<B>r<2>R<PRO> 20.184000 17.834000 11.233000
c<B>r<3>R<PRO> 21.516001 14.413000 12.003000
c<B>r<4>R<ASP> 20.201000 11.402000 10.308000
c<B>r<5>R<LEU> 17.438999 9.730000 12.265000
c<B>r<6>R<PRO> 17.143999 5.924000 12.468000
c<B>r<7>R<VAL> 14.824000 4.206000 10.135000
c<B>r<8>R<PRO> 11.419000 4.034000 11.908000
c<B>r<9>R<GLU> 9.963000 0.639000 12.808000
c<B>r<10>R<LEU> 6.644000 -0.044000 11.181000
c<B>r<11>R<PRO> 3.966000 -2.241000 12.836000
c<B>r<31>R<ARG> -4.513000 4.525000 -2.625000
c<B>r<32>R<ARG> -4.967000 5.019000 1.106000
c<B>r<34>R<ILE> -2.893000 0.249000 -0.370000
c<B>r<35>R<ARG> -0.723000 2.501000 1.801000
c<B>r<36>R<TYR> -2.015000 1.106000 5.143000
c<B>r<37>R<VAL> -2.106000 -2.562000 4.052000
c<B>r<38>R<THR> 1.498000 -2.282000 2.734000
c<B>r<39>R<ALA> 2.809000 -0.173000 5.693000
c<B>r<40>R<PHE> 1.574000 -2.767000 8.187000
c<B>r<41>R<ASN> 3.079000 -5.673000 6.288000
c<B>r<42>R<GLY> -0.079000 -7.091000 4.611000
c<B>r<87>R<ASN> -4.153000 2.311000 11.652000
c<B>r<88>R<GLU> -5.822000 4.639000 14.080000
c<B>r<90>R<GLN> -2.098000 0.824000 15.596000
