c<A>r<21>R<ILE> -9.661000 -8.425000 -3.583000
c<A>r<25>R<GLN> -14.473000 -10.624000 -5.448000
c<A>r<33>R<ASP> 2.040000 -7.296000 -8.493000
c<A>r<34>R<PRO> 3.144000 -4.142000 -6.505000
c<A>r<35>R<THR> -0.099000 -2.162000 -5.858000
c<A>r<36>R<ILE> -0.619000 1.348000 -7.255000
c<A>r<37>R<GLU> -3.410000 3.159000 -5.284000
c<A>r<38>R<ASP> -6.833000 1.543000 -5.987000
c<A>r<39>R<SER> -10.421000 2.317000 -4.883000
c<A>r<40>R<TYR> -12.967000 -0.472000 -4.437000
c<A>r<41>R<ARG> -16.740000 -0.339000 -3.848000
c<A>r<56>R<LEU> -8.856000 2.593000 -0.621000
c<A>r<57>R<ASP> -5.997000 0.089000 -1.037000
c<A>r<63>R<GLU> 4.803000 6.873000 -1.332000
c<A>r<64>R<TYR> 5.319000 10.671000 -1.199000
c<A>r<66>R<ALA> 1.672000 14.324000 0.698000
c<A>r<67>R<MET> -0.198000 11.317000 -0.877000
c<B>r<23>R<ALA> 6.066000 18.208000 -7.231000
c<B>r<25>R<THR> 4.998000 22.271000 -3.309000
c<B>r<26>R<GLY> 2.125000 19.738001 -3.918000
c<B>r<62>R<ASN> -8.406000 9.075000 -12.066000
c<B>r<64>R<SER> -12.816000 3.838000 -14.207000
c<B>r<70>R<GLU> -4.049000 -7.787000 -16.365000
c<B>r<71>R<LYS> -1.319000 -5.132000 -16.945999
c<B>r<91>R<GLU> 2.930000 0.839000 -15.690000
c<B>r<92>R<PHE> -0.225000 0.617000 -13.501000
c<B>r<93>R<GLY> -0.454000 -3.207000 -13.261000
c<B>r<94>R<PHE> -3.699000 -5.100000 -12.528000
c<B>r<95>R<VAL> -7.038000 -3.197000 -12.974000
c<B>r<96>R<ILE> -10.164000 -4.546000 -11.327000
c<B>r<97>R<PRO> -13.483000 -4.832000 -13.244000
c<B>r<98>R<ASN> -15.900000 -2.054000 -12.113000
c<B>r<99>R<SER> -13.230000 -0.184000 -10.036000
c<B>r<100>R<THR> -12.207000 3.509000 -10.056000
c<B>r<101>R<ASN> -8.470000 3.942000 -9.535000
c<B>r<102>R<THR> -6.144000 6.909000 -8.844000
c<B>r<103>R<TRP> -2.723000 6.704000 -10.469000
c<B>r<104>R<GLN> 0.090000 9.096000 -9.566000
