1764648777212 0.04091080650687218 5711
1764648800703 0.04276883974671364 5745
1764648824601 0.03181470185518265 5779
1764648848852 0.038682106882333755 5813
1764648872980 0.04106994718313217 5847
1764648898042 0.04237569123506546 5881
1764648922792 0.03901735320687294 5915
1764648947378 0.0379662849009037 5949
1764648971607 0.039912622421979904 5983
1764648995962 0.03636379912495613 6017
1764649020709 0.03696989640593529 6051
1764649046002 0.033256784081459045 6085
1764649071046 0.04488141089677811 6119
1764649096520 0.03241332620382309 6153
1764649121154 0.03403227776288986 6187
1764649145986 0.041003163903951645 6221
1764649170746 0.03869982808828354 6255
1764649195894 0.04853769391775131 6289
1764649221074 0.04066840559244156 6323
1764649246751 0.042746301740407944 6357
1764649272023 0.032193902879953384 6391
1764649297116 0.034322138875722885 6425
1764649322038 0.03404237702488899 6459
1764649347202 0.038135651499032974 6493
1764649372341 0.03943934664130211 6527
1764649397380 0.027806689962744713 6561
1764649422420 0.03439407795667648 6595
1764649447543 0.035134486854076385 6629
1764649472398 0.031103558838367462 6663
1764649497605 0.0351431742310524 6697
1764649522815 0.04028748720884323 6731
1764649547825 0.03877640143036842 6765
1764649572938 0.0327003113925457 6799
1764649598043 0.03190260007977486 6833
1764649623391 0.0349266342818737 6867
1764649648769 0.036330897361040115 6901
1764649673624 0.041367869824171066 6935
1764649698775 0.033448416739702225 6969
1764649724327 0.034864217042922974 7003
1764649749549 0.03104470856487751 7037
