c<H>r<10>R<GLY> 10.745000 45.755001 33.428001
c<H>r<11>R<LEU> 9.938000 47.852001 36.448002
c<H>r<12>R<VAL> 6.550000 49.605999 36.813999
c<H>r<13>R<GLN> 5.216000 51.744999 39.688000
c<H>r<14>R<PRO> 2.141000 50.591000 41.652000
c<H>r<15>R<GLY> -0.840000 52.198002 39.919998
c<H>r<16>R<GLY> 1.041000 52.542999 36.669998
c<H>r<17>R<SER> 0.570000 50.570000 33.433998
c<H>r<18>R<LEU> 2.310000 47.722000 31.622000
c<H>r<19>R<ARG> 2.577000 47.865002 27.818001
c<H>r<20>R<LEU> 3.860000 44.680000 26.238001
c<H>r<21>R<SER> 4.467000 43.801998 22.613001
c<H>r<42>R<GLY> 6.874000 30.598000 41.698002
c<H>r<43>R<LYS> 3.132000 30.235001 40.957001
c<H>r<44>R<GLY> 0.910000 28.650999 38.312000
c<H>r<45>R<LEU> -0.121000 29.726999 34.832001
c<H>r<46>R<GLU> -2.997000 32.202000 34.528999
c<H>r<47>R<TRP> -4.974000 33.013000 31.365000
c<H>r<48>R<VAL> -5.271000 36.749001 30.636000
c<H>r<49>R<GLY> -7.207000 36.903000 27.346001
c<H>r<50>R<LEU> -7.134000 36.583000 23.538000
c<H>r<51>R<ILE> -7.626000 38.584000 20.386999
c<H>r<53>R<PRO> -6.369000 39.870998 14.858000
c<H>r<56>R<GLY> -10.179000 42.710999 16.538000
c<H>r<59>R<ILE> -12.166000 38.053001 25.312000
c<H>r<60>R<TYR> -10.651000 38.723999 28.759001
c<H>r<61>R<ASP> -10.637000 36.717999 31.969999
c<H>r<62>R<PRO> -13.310000 38.529999 34.058998
c<H>r<63>R<LYS> -10.542000 39.521000 36.540001
c<H>r<69>R<THR> -6.621000 45.826000 26.752001
c<H>r<70>R<ILE> -5.401000 43.358002 24.165001
c<H>r<71>R<SER> -4.839000 44.754002 20.695000
c<H>r<72>R<ALA> -3.034000 44.105000 17.455000
c<H>r<73>R<ASP> -1.432000 45.922001 14.518000
c<H>r<74>R<ASN> -1.483000 43.743999 11.460000
c<H>r<76>R<LYS> 3.519000 45.438000 12.113000
c<H>r<77>R<ASN> 2.289000 41.889999 12.700000
c<H>r<78>R<THR> 2.320000 42.584000 16.417000
c<H>r<79>R<ALA> -0.130000 41.881001 19.273001
c<H>r<80>R<TYR> -0.071000 43.985001 22.438000
c<H>r<81>R<LEU> -1.286000 43.780998 26.033001
c<H>r<82>R<GLN> -1.769000 46.837002 28.139999
c<H>r<84>R<ASN> -3.445000 49.622002 34.033001
c<H>r<85>R<SER> -3.812000 50.241001 37.777000
c<H>r<86>R<LEU> -1.062000 47.705002 38.477001
c<H>r<93>R<VAL> 6.260000 36.798000 33.624001
c<H>r<94>R<TYR> 3.878000 37.563000 30.714001
c<H>r<95>R<TYR> 3.811000 35.271000 27.642000
c<H>r<96>R<CYS> 2.077000 35.688999 24.305000
c<H>r<97>R<ALA> 1.060000 32.493999 22.524000
c<H>r<101>R<ALA> -7.642000 26.332001 18.011000
c<H>r<102>R<ALA> -6.496000 22.882999 19.059000
c<H>r<103>R<TYR> -3.567000 24.153000 21.159000
c<H>r<104>R<PHE> -0.903000 26.834999 21.669001
c<H>r<105>R<ASP> 1.911000 25.907000 19.278000
c<H>r<106>R<TYR> 4.403000 28.770000 19.611000
c<H>r<107>R<TRP> 5.196000 31.002001 22.593000
c<H>r<108>R<GLY> 7.015000 34.241001 23.179001
c<H>r<109>R<GLN> 10.102000 33.974998 25.427000
c<H>r<110>R<GLY> 8.249000 35.625000 28.304001
c<H>r<117>R<SER> 7.937000 51.567001 44.195999
c<H>r<118>R<ALA> 11.652000 50.724998 44.566002
c<H>r<119>R<SER> 14.291000 52.169998 42.268002
c<H>r<120>R<THR> 16.191999 50.362000 39.533001
c<H>r<121>R<LYS> 19.804001 49.574001 40.494999
c<H>r<122>R<GLY> 22.451000 47.890999 38.316002
c<H>r<123>R<PRO> 24.586000 45.057999 39.687000
c<H>r<124>R<SER> 28.254999 44.926998 40.603001
c<H>r<125>R<VAL> 29.861000 41.768002 39.188999
c<H>r<126>R<PHE> 32.660999 40.091999 41.172001
c<H>r<127>R<PRO> 34.814999 37.041000 40.334999
c<H>r<128>R<LEU> 34.640999 33.834999 42.365002
c<H>r<129>R<ALA> 38.192001 32.652000 41.756001
c<H>r<130>R<PRO> 39.346001 29.016001 41.720001
c<H>r<131>R<SER> 41.520000 27.631001 44.487000
c<H>r<139>R<THR> 37.896000 19.454000 39.021000
c<H>r<140>R<ALA> 37.859001 23.112000 39.959000
c<H>r<141>R<ALA> 35.082001 25.632999 40.029999
c<H>r<142>R<LEU> 34.957001 29.297001 39.320999
c<H>r<143>R<GLY> 32.103001 31.747000 39.042999
c<H>r<144>R<CYS> 30.742001 35.280998 39.265999
c<H>r<145>R<LEU> 28.826000 37.016998 42.066002
c<H>r<147>R<LYS> 25.316999 41.705002 43.605999
c<H>r<148>R<ASP> 23.007999 44.470001 44.640999
c<H>r<166>R<GLY> 29.077000 22.457001 34.117001
c<H>r<168>R<HIS> 24.908001 26.447001 37.328999
c<H>r<169>R<THR> 23.274000 29.851000 37.743000
c<H>r<170>R<PHE> 21.426001 30.052000 41.022999
c<H>r<171>R<PRO> 18.094000 31.709000 41.926998
c<H>r<172>R<ALA> 18.667000 35.237999 43.207001
c<H>r<173>R<VAL> 18.135000 35.872002 46.930000
c<H>r<174>R<LEU> 16.747000 39.113998 48.391998
c<H>r<175>R<GLN> 19.318001 40.643002 50.754002
c<H>r<176>R<SER> 18.680000 42.737999 53.921001
c<H>r<177>R<SER> 18.829000 45.872002 51.762001
c<H>r<179>R<LEU> 18.378000 44.306999 46.588001
c<H>r<181>R<SER> 22.254999 38.889999 44.839001
c<H>r<182>R<LEU> 22.915001 35.863998 42.639000
c<H>r<183>R<SER> 25.844999 33.639999 41.792000
c<H>r<184>R<SER> 26.747999 31.608000 38.709999
c<H>r<185>R<VAL> 29.457001 28.968000 38.820000
c<H>r<186>R<VAL> 30.995001 26.569000 36.377998
c<H>r<187>R<THR> 32.997002 23.436001 37.202000
c<H>r<204>R<HIS> 20.566000 43.391998 33.659000
c<H>r<205>R<LYS> 18.103001 44.973999 31.205999
c<H>r<206>R<PRO> 16.346001 47.228001 33.757999
c<H>r<207>R<SER> 19.548000 49.257999 34.244999
c<H>r<208>R<ASN> 20.938000 48.639000 30.757000
c<H>r<209>R<THR> 23.976999 46.977001 32.332001
c<H>r<210>R<LYS> 26.173000 44.556999 30.415001
c<L>r<1>R<ASP> -15.272000 30.011999 36.160000
c<L>r<32>R<TYR> -11.469000 20.316000 25.455000
c<L>r<33>R<LEU> -8.582000 19.684000 27.760000
c<L>r<34>R<ASN> -4.876000 20.072001 26.986000
c<L>r<35>R<TRP> -1.735000 19.162001 28.981001
c<L>r<36>R<TYR> 1.334000 21.431000 28.896999
c<L>r<38>R<GLN> 6.882000 23.636999 31.648001
c<L>r<40>R<PRO> 12.227000 26.049000 34.676998
c<L>r<41>R<GLY> 12.625000 29.396999 32.939999
c<L>r<42>R<LYS> 10.873000 28.337000 29.750999
c<L>r<43>R<ALA> 7.475000 28.871000 28.122999
c<L>r<44>R<PRO> 5.109000 25.858999 28.448000
c<L>r<45>R<LYS> 5.155000 23.184999 25.646999
c<L>r<46>R<VAL> 2.034000 21.292999 24.648001
c<L>r<47>R<LEU> 2.004000 17.520000 25.125999
c<L>r<48>R<ILE> -1.642000 16.416000 24.664000
c<L>r<49>R<TYR> -4.622000 18.187000 23.087000
c<L>r<50>R<TYR> -8.357000 17.363001 23.084999
c<L>r<55>R<ALA> 0.888000 16.711000 19.888000
c<L>r<56>R<GLU> 3.386000 16.611000 17.030001
c<L>r<85>R<THR> 5.724000 21.110001 36.158001
c<L>r<86>R<TYR> 2.711000 19.764000 34.243000
c<L>r<87>R<TYR> -0.503000 21.823000 33.801998
c<L>r<88>R<CYS> -3.906000 20.924000 32.474998
c<L>r<89>R<LEU> -5.829000 23.652000 30.615000
c<L>r<91>R<HIS> -10.565000 25.545000 26.716000
c<L>r<94>R<SER> -14.140000 31.267000 28.617001
c<L>r<95>R<PRO> -12.352000 32.081001 30.695999
c<L>r<96>R<TRP> -9.828000 29.341000 29.826000
c<L>r<97>R<THR> -8.511000 27.915001 33.108002
c<L>r<98>R<PHE> -5.389000 26.048000 34.207001
c<L>r<99>R<GLY> -4.929000 23.455000 36.898998
c<L>r<100>R<GLN> -2.504000 24.537001 39.660999
c<L>r<101>R<GLY> 0.389000 22.513000 38.254002
c<L>r<102>R<THR> 1.976000 19.215000 39.362000
c<L>r<114>R<SER> 31.535000 18.212999 45.626999
c<L>r<115>R<VAL> 32.341000 21.219000 47.851002
c<L>r<116>R<PHE> 34.191002 24.434999 46.995998
c<L>r<117>R<ILE> 34.821999 27.718000 48.860001
c<L>r<118>R<PHE> 35.514000 31.153999 47.403000
c<L>r<119>R<PRO> 37.009998 34.147999 49.191002
c<L>r<120>R<PRO> 35.794998 37.679001 48.474998
c<L>r<121>R<SER> 37.441002 39.306999 45.464001
c<L>r<122>R<ASP> 39.897999 42.119999 45.870998
c<L>r<123>R<GLU> 37.589001 44.196999 43.699001
c<L>r<124>R<GLN> 34.719002 43.754002 46.180000
c<L>r<125>R<LEU> 36.973000 44.459999 49.154999
c<L>r<126>R<LYS> 37.519001 47.981998 47.827999
c<L>r<127>R<SER> 34.120998 48.603001 49.398998
c<L>r<128>R<GLY> 32.553001 47.959000 52.792000
c<L>r<129>R<THR> 31.434999 44.409000 52.214001
c<L>r<130>R<ALA> 32.918999 40.977001 51.792999
c<L>r<131>R<SER> 31.039000 37.976002 50.486000
c<L>r<132>R<VAL> 32.380001 34.425999 51.008999
c<L>r<133>R<VAL> 30.693001 31.774000 48.873001
c<L>r<134>R<CYS> 30.426001 28.039000 49.291000
c<L>r<135>R<LEU> 29.282000 25.743000 46.423000
c<L>r<137>R<ASN> 27.773001 20.691999 43.547001
c<L>r<138>R<ASN> 25.733000 17.931999 41.861000
c<L>r<158>R<ASN> 24.698999 36.042999 58.396000
c<L>r<159>R<SER> 24.306999 33.619999 55.487000
c<L>r<160>R<GLN> 21.764999 32.980999 52.743000
c<L>r<161>R<GLU> 21.486000 30.118000 50.294998
c<L>r<162>R<SER> 19.761999 29.065001 47.111000
c<L>r<163>R<VAL> 19.381001 25.799000 45.213001
c<L>r<164>R<THR> 19.172001 25.129999 41.484001
c<L>r<165>R<GLU> 16.215000 23.233000 39.990002
c<L>r<167>R<ASP> 19.312000 18.895000 36.553001
c<L>r<173>R<TYR> 20.920000 19.587999 42.570999
c<L>r<174>R<SER> 23.539000 22.254999 43.370998
c<L>r<175>R<LEU> 23.462000 24.789000 46.208000
c<L>r<176>R<SER> 25.184999 28.075001 46.816002
c<L>r<177>R<SER> 25.604000 29.606001 50.306000
c<L>r<178>R<THR> 26.837000 33.176998 50.856998
c<L>r<180>R<THR> 28.194000 38.221001 54.341000
c<L>r<181>R<LEU> 30.488001 40.238998 56.624001
c<L>r<182>R<SER> 31.707001 43.792000 56.689999
c<L>r<183>R<LYS> 34.999001 44.374001 54.959000
c<L>r<184>R<ALA> 36.412998 45.457001 58.360001
c<L>r<185>R<ASP> 35.414001 42.167999 59.984001
c<L>r<186>R<TYR> 36.715000 40.075001 57.103001
c<L>r<187>R<GLU> 40.118000 41.785000 57.293999
c<L>r<188>R<LYS> 40.258999 41.134998 61.014999
c<L>r<209>R<PHE> 40.915001 29.079000 53.282001
c<T>r<3>R<THR> 38.161999 44.403000 67.991997
c<T>r<6>R<THR> 32.959999 46.091000 67.494003
c<T>r<7>R<VAL> 32.147999 44.662998 64.063004
c<T>r<8>R<ALA> 32.766998 46.388000 60.709999
c<T>r<9>R<ALA> 29.643999 47.509998 58.743000
c<T>r<10>R<TYR> 28.844000 45.632999 55.589001
c<T>r<11>R<ASN> 26.493999 45.806999 52.578999
c<T>r<12>R<LEU> 27.240000 49.491001 51.991001
c<T>r<13>R<THR> 24.665001 50.342999 49.317001
c<T>r<14>R<TRP> 23.833000 53.716000 47.741001
c<T>r<15>R<LYS> 20.097000 54.571999 47.382999
c<T>r<16>R<SER> 19.740000 57.546001 44.945999
c<T>r<17>R<THR> 16.691000 58.716000 42.979000
c<T>r<24>R<GLU> 22.599001 52.231998 53.671001
c<T>r<25>R<TRP> 24.599001 49.571999 55.507000
c<T>r<26>R<GLU> 24.490000 46.650002 57.952999
c<T>r<27>R<PRO> 24.100000 45.632000 60.665001
c<T>r<72>R<LEU> 33.269001 57.407001 48.337002
c<T>r<73>R<ALA> 31.816000 56.908001 51.779999
c<T>r<74>R<ARG> 33.451000 55.407001 54.900002
c<T>r<75>R<VAL> 31.417000 53.991001 57.806000
c<T>r<76>R<PHE> 33.271999 53.758999 61.167999
c<T>r<77>R<SER> 32.261002 51.535999 64.087997
c<T>r<92>R<PRO> 38.061001 52.550999 64.702003
c<T>r<93>R<LEU> 37.077999 49.700001 62.460999
c<T>r<94>R<TYR> 35.696999 51.193001 59.206001
c<T>r<95>R<GLU> 34.451000 50.091000 55.835999
c<T>r<96>R<ASN> 34.570999 51.936001 52.476002
c<T>r<97>R<SER> 31.537001 52.221001 50.259998
c<T>r<98>R<PRO> 31.528000 51.359001 46.566002
c<T>r<99>R<GLU> 32.137001 54.407001 44.294998
c<T>r<105>R<GLU> 24.169001 56.776001 38.541000
c<T>r<106>R<THR> 21.225000 58.408001 40.269001
c<T>r<107>R<ASN> 17.893000 56.785000 39.326000
c<T>r<108>R<LEU> 15.433000 58.666000 37.209000
c<T>r<109>R<GLY> 12.232000 58.771000 39.207001
c<T>r<110>R<GLN> 8.855000 58.026001 37.672001
c<T>r<156>R<TYR> 3.606000 56.285999 24.284000
c<T>r<160>R<SER> -8.264000 53.863998 23.638000
c<T>r<161>R<SER> -9.324000 51.036999 21.313000
c<T>r<162>R<SER> -6.338000 48.999001 20.187000
c<T>r<163>R<SER> -3.300000 47.380001 18.514000
c<T>r<164>R<GLY> -0.065000 49.089001 19.423000
c<T>r<165>R<LYS> 1.303000 52.097000 21.160999
c<T>r<188>R<SER> 2.269000 57.637001 29.308001
c<T>r<194>R<PRO> 20.624001 57.436001 26.115999
c<T>r<196>R<ARG> 24.136000 56.096001 29.952000
c<T>r<197>R<THR> 25.448000 52.525002 29.775999
c<T>r<198>R<VAL> 23.538000 51.693001 32.980000
c<T>r<199>R<ASN> 20.323000 52.937000 34.549999
c<T>r<200>R<ARG> 19.302000 54.473000 31.247999
c<T>r<201>R<LYS> 15.547000 54.674000 31.830000
c<T>r<202>R<SER> 12.862000 55.436001 34.335999
c<T>r<203>R<THR> 9.589000 53.755001 34.916000
c<T>r<204>R<ASP> 6.535000 54.870998 32.881001
c<T>r<205>R<SER> 4.433000 57.625000 34.287998
c<T>r<206>R<PRO> 0.824000 56.691002 35.173000
c<T>r<207>R<VAL> -1.306000 56.797001 32.005001
