c<A>r<10>R<LYS> -22.781000 -1.775000 5.722000
c<A>r<11>R<GLN> -23.174000 -5.541000 5.076000
c<A>r<13>R<LEU> -19.823000 -2.897000 1.654000
c<A>r<14>R<LEU> -18.201000 -5.580000 3.896000
c<A>r<16>R<GLN> -17.525000 -6.089000 -1.438000
c<A>r<17>R<LEU> -14.302000 -5.739000 0.650000
c<A>r<18>R<ASP> -14.127000 -9.580000 1.012000
c<A>r<20>R<ILE> -11.810000 -7.337000 -3.463000
c<A>r<21>R<GLU> -9.471000 -9.182000 -1.017000
c<A>r<24>R<GLN> -6.328000 -9.400000 -4.977000
c<A>r<25>R<GLN> -5.091000 -12.823000 -3.710000
c<A>r<27>R<LEU> -4.228000 -11.793000 -9.032000
c<A>r<28>R<GLN> -1.070000 -12.222000 -6.876000
c<A>r<31>R<GLU> 1.320000 -13.065000 -11.166000
c<C>r<2>R<ASN> -1.312000 -3.850000 -9.320000
c<C>r<3>R<PRO> -1.240000 -1.397000 -6.291000
c<C>r<4>R<VAL> -1.162000 -4.280000 -3.719000
c<C>r<7>R<THR> -5.592000 -2.083000 -1.886000
c<C>r<8>R<ALA> -4.679000 -3.959000 1.359000
c<C>r<10>R<TYR> -8.027000 0.352000 1.795000
c<C>r<11>R<ILE> -9.609000 -3.000000 2.860000
c<C>r<12>R<SER> -8.099000 -2.810000 6.379000
c<C>r<14>R<SER> -12.588000 0.400000 5.567000
c<C>r<15>R<ARG> -13.169000 -2.704000 7.789000
c<C>r<18>R<LEU> -17.302999 0.241000 9.085000
c<C>r<19>R<ASN> -16.966000 -1.989000 12.216000
