1766142344047 0.14360280334949493 33
1766142360870 0.13690000772476196 67
1766142376884 0.105828657746315 101
1766142393905 0.09325655549764633 135
1766142410274 0.0941869467496872 169
1766142426970 0.08681491017341614 203
1766142443025 0.08069036900997162 237
1766142459665 0.10457178950309753 271
1766142476035 0.08198847621679306 305
1766142491906 0.09759776294231415 339
1766142508308 0.0825970247387886 373
1766142524013 0.09223074465990067 407
1766142540675 0.08119958639144897 441
1766142556487 0.10015466809272766 475
1766142572906 0.07515997439622879 509
1766142588831 0.07756693661212921 543
1766142607016 0.06537751853466034 577
1766142624612 0.07484089583158493 611
1766142641873 0.07283030450344086 645
1766142658459 0.08007814735174179 679
1766142674148 0.08430210500955582 713
1766142690426 0.07026039808988571 747
1766142705931 0.061944521963596344 781
1766142721575 0.06046071648597717 815
1766142737685 0.06652622669935226 849
1766142753506 0.05877165123820305 883
1766142769235 0.06503769010305405 917
1766142784573 0.05892980843782425 951
1766142800851 0.07316470891237259 985
1766142816847 0.06367209553718567 1019
1766142832061 0.058872777968645096 1053
1766142847278 0.062459301203489304 1087
1766142862204 0.06308755278587341 1121
1766142876807 0.06868457049131393 1155
1766142891370 0.0794297307729721 1189
1766142905998 0.0811733528971672 1223
1766142920274 0.07038692384958267 1257
1766142935416 0.060617174953222275 1291
1766142949873 0.06168486177921295 1325
1766142964877 0.056810230016708374 1359
1766142979215 0.05225987359881401 1393
1766142994447 0.046786800026893616 1427
1766143008582 0.05850167199969292 1461
1766143023539 0.05865317955613136 1495
1766143038655 0.05142764002084732 1529
1766143053752 0.04585491120815277 1563
1766143068314 0.054565224796533585 1597
1766143082785 0.05673558637499809 1631
1766143097476 0.046511899679899216 1665
1766143112361 0.0487925186753273 1699
1766143127722 0.050690874457359314 1733
1766143142430 0.043352123349905014 1767
1766143157529 0.04544942080974579 1801
1766143172559 0.05169845372438431 1835
1766143187635 0.04659010469913483 1869
1766143201825 0.053393710404634476 1903
1766143216592 0.05160093680024147 1937
1766143231723 0.04413846880197525 1971
1766143247310 0.05147945135831833 2005
1766143261932 0.048919253051280975 2039
1766143277454 0.050514303147792816 2073
1766143292091 0.04659269377589226 2107
1766143307576 0.04385790973901749 2141
1766143322786 0.04914189875125885 2175
1766143337813 0.055144503712654114 2209
1766143352173 0.04776301234960556 2243
1766143367180 0.04394327476620674 2277
