c<F>r<237>R<LEU> -3.321000 20.924000 4.408000
c<F>r<238>R<VAL> -3.140000 21.155001 8.173000
c<F>r<239>R<PRO> -2.472000 18.438999 10.782000
c<F>r<256>R<VAL> 11.291000 -10.099000 7.606000
c<F>r<257>R<ARG> 14.365000 -11.962000 6.031000
c<F>r<258>R<THR> 13.702000 -10.487000 2.656000
c<F>r<259>R<LEU> 12.920000 -6.856000 3.752000
c<F>r<260>R<LYS> 15.708000 -4.292000 3.156000
c<F>r<261>R<ILE> 16.615999 -2.819000 6.534000
c<F>r<262>R<ASP> 17.150000 0.540000 4.920000
c<F>r<263>R<GLU> 13.486000 0.446000 3.718000
c<F>r<264>R<ALA> 11.811000 -1.082000 6.736000
c<F>r<265>R<THR> 12.983000 1.295000 9.469000
c<F>r<266>R<TRP> 11.525000 -0.865000 12.144000
c<F>r<267>R<LEU> 14.129000 -3.661000 11.571000
c<F>r<268>R<ARG> 17.695000 -4.002000 13.261000
c<F>r<269>R<MET> 20.382999 -6.429000 12.182000
c<F>r<270>R<ILE> 23.747999 -7.772000 13.587000
c<F>r<271>R<PRO> 26.327999 -7.192000 10.766000
c<F>r<272>R<LYS> 27.365000 -10.551000 9.112000
c<F>r<273>R<THR> 31.017000 -9.728000 8.526000
c<F>r<274>R<MET> 32.183998 -9.503000 11.897000
c<F>r<275>R<GLY> 32.181000 -13.107000 12.933000
c<F>r<276>R<THR> 29.840000 -12.325000 15.772000
c<F>r<277>R<LEU> 28.488001 -15.479000 17.473000
c<F>r<295>R<ARG> 25.153000 -14.411000 15.412000
c<F>r<296>R<GLY> 25.950001 -12.160000 12.343000
c<F>r<297>R<GLY> 22.836000 -11.798000 10.244000
c<F>r<298>R<THR> 20.346001 -12.018000 13.187000
c<F>r<299>R<ARG> 17.410000 -9.582000 12.724000
c<F>r<300>R<VAL> 15.009000 -8.097000 15.274000
c<F>r<301>R<VAL> 11.885000 -5.960000 15.113000
c<F>r<302>R<ASN> 12.465000 -2.515000 16.805000
c<F>r<304>R<ASP> 9.762000 1.101000 20.427000
c<F>r<305>R<GLN> 7.928000 3.236000 17.966999
c<F>r<342>R<PRO> 21.799999 -0.755000 20.072001
c<F>r<343>R<PHE> 21.162001 -4.159000 18.580000
c<F>r<344>R<GLU> 23.773001 -3.538000 15.806000
c<F>r<345>R<LEU> 26.506001 -3.343000 18.433001
c<F>r<398>R<ASN> 15.488000 -0.262000 23.287001
c<F>r<413>R<PRO> 26.568001 -23.191000 16.802999
c<F>r<414>R<THR> 27.861000 -25.410999 13.996000
c<F>r<415>R<ASN> 24.774000 -27.600000 13.960000
c<F>r<416>R<MET> 22.177999 -24.796000 13.486000
c<F>r<417>R<THR> 23.740999 -22.065001 11.556000
c<F>r<418>R<GLN> 20.686001 -19.962000 10.720000
c<F>r<419>R<PRO> 20.764999 -16.502001 12.330000
c<F>r<436>R<VAL> -1.162000 5.935000 12.958000
c<F>r<437>R<THR> 2.448000 5.506000 11.871000
c<F>r<438>R<VAL> 4.391000 7.132000 9.068000
c<F>r<439>R<LYS> 7.141000 5.060000 7.587000
c<F>r<440>R<GLY> 7.650000 2.912000 10.681000
c<F>r<441>R<ALA> 7.096000 5.360000 13.542000
c<F>r<442>R<VAL> 4.021000 6.480000 15.396000
c<F>r<443>R<VAL> 2.798000 10.078000 14.781000
c<F>r<444>R<SER> 0.233000 12.008000 16.794001
c<F>r<445>R<GLU> -1.174000 13.780000 13.725000
c<F>r<446>R<VAL> -1.143000 13.495000 9.957000
c<F>r<447>R<VAL> -0.964000 16.209000 7.286000
c<F>r<448>R<PRO> -2.874000 14.329000 4.559000
c<F>r<449>R<ALA> -1.718000 16.737000 1.737000
c<F>r<450>R<GLU> 1.980000 16.044001 2.692000
c<F>r<451>R<LEU> 1.388000 12.310000 2.174000
c<F>r<452>R<ILE> 0.745000 13.036000 -1.472000
c<F>r<453>R<GLY> 3.628000 11.686000 -3.654000
c<F>r<454>R<SER> 5.883000 11.091000 -0.664000
c<F>r<455>R<TYR> 6.070000 7.203000 -0.748000
c<F>r<456>R<THR> 8.264000 4.886000 -2.960000
c<F>r<457>R<PRO> 6.779000 1.524000 -3.814000
c<F>r<458>R<GLU> 9.509000 0.047000 -1.547000
c<F>r<459>R<SER> 8.701000 2.313000 1.375000
c<F>r<460>R<LEU> 4.964000 1.638000 1.017000
c<F>r<461>R<ASN> 5.452000 -2.138000 0.839000
c<F>r<462>R<ALA> 7.714000 -1.934000 4.014000
c<F>r<463>R<SER> 5.322000 0.367000 5.855000
c<F>r<467>R<ASP> 0.732000 3.495000 8.150000
c<F>r<468>R<ALA> -0.919000 6.831000 7.307000
c<F>r<504>R<GLN> -4.762000 23.080000 -11.733000
c<F>r<505>R<LEU> -2.472000 22.032000 -14.554000
c<F>r<507>R<ILE> -2.391000 27.364000 -13.890000
c<F>r<508>R<SER> 0.644000 25.358999 -12.772000
c<F>r<509>R<GLN> 2.335000 25.716000 -16.252001
c<F>r<510>R<LEU> 2.013000 29.509001 -15.953000
c<F>r<511>R<GLU> 3.581000 29.795000 -12.502000
c<F>r<512>R<THR> 7.166000 31.023001 -12.010000
c<F>r<513>R<GLY> 9.223000 27.966999 -11.145000
c<F>r<514>R<TYR> 12.675000 26.542000 -11.621000
c<F>r<515>R<GLY> 13.469000 24.301001 -14.719000
c<F>r<516>R<VAL> 12.447000 24.420000 -18.334000
c<F>r<517>R<ARG> 9.008000 25.792999 -18.729000
c<F>r<518>R<ILE> 6.660000 23.882999 -21.183001
c<F>r<542>R<THR> -0.913000 6.404000 -7.131000
c<F>r<544>R<ILE> 0.754000 8.769000 -2.391000
c<F>r<545>R<THR> 3.251000 7.150000 -4.823000
c<F>r<546>R<GLN> 6.368000 9.265000 -5.413000
c<F>r<547>R<ALA> 6.793000 10.626000 -9.037000
c<F>r<548>R<ALA> 3.351000 9.367000 -10.021000
c<F>r<549>R<PRO> 2.276000 11.427000 -13.145000
c<F>r<550>R<VAL> 0.128000 14.502000 -12.194000
c<F>r<551>R<LEU> -1.257000 12.871000 -8.912000
c<F>r<552>R<SER> 2.060000 13.195000 -7.083000
c<F>r<553>R<ASP> 1.261000 16.969000 -6.910000
c<F>r<554>R<LYS> -0.869000 17.629999 -3.832000
c<F>r<555>R<ASN> -2.613000 20.516001 -5.620000
c<F>r<556>R<ASN> -4.059000 18.167000 -8.259000
c<I>r<1>R<MET> 3.207000 23.000999 -8.535000
c<I>r<2>R<GLU> 3.577000 22.660000 -4.677000
c<I>r<3>R<VAL> 6.235000 20.047001 -3.733000
c<I>r<4>R<CYS> 6.566000 17.868000 -0.631000
c<I>r<5>R<LEU> 9.761000 16.313000 0.859000
c<I>r<6>R<PRO> 10.543000 12.752000 -0.094000
c<I>r<7>R<ASN> 9.184000 10.308000 2.577000
c<I>r<8>R<GLY> 11.747000 8.383000 4.812000
c<I>r<9>R<HIS> 11.498000 5.158000 2.672000
c<I>r<10>R<GLN> 12.396000 7.105000 -0.391000
c<I>r<11>R<ILE> 15.546000 8.565000 1.281000
c<I>r<12>R<VAL> 16.517000 5.033000 2.482000
c<I>r<13>R<ASP> 16.202999 3.927000 -1.198000
c<I>r<14>R<LEU> 18.379000 6.869000 -2.266000
c<I>r<15>R<ILE> 21.052000 5.842000 0.247000
c<I>r<16>R<ASN> 20.889000 2.129000 -0.787000
c<I>r<28>R<ALA> 20.851999 20.257000 -17.139000
c<I>r<41>R<ASP> 19.573999 19.014999 -10.575000
c<I>r<44>R<VAL> 15.656000 9.514000 -8.144000
c<I>r<45>R<CYS> 14.696000 8.626000 -4.594000
c<I>r<46>R<GLY> 12.741000 5.395000 -4.731000
c<I>r<47>R<GLY> 9.797000 5.997000 -7.052000
c<I>r<48>R<ALA> 10.078000 9.773000 -6.555000
c<I>r<49>R<VAL> 12.124000 12.267000 -8.697000
c<I>r<50>R<VAL> 13.542000 14.890000 -6.295000
c<I>r<51>R<CYS> 14.740000 18.511999 -6.945000
c<I>r<53>R<HIS> 17.820000 22.559000 -4.987000
c<I>r<56>R<GLY> 11.017000 18.479000 -3.114000
c<I>r<57>R<VAL> 9.362000 15.542000 -4.989000
c<I>r<58>R<VAL> 8.805000 16.948999 -8.612000
c<I>r<59>R<GLY> 7.585000 13.697000 -10.254000
c<I>r<60>R<SER> 7.585000 9.890000 -10.202000
c<I>r<61>R<LEU> 9.807000 7.489000 -12.070000
c<I>r<62>R<GLN> 6.726000 6.440000 -13.997000
c<I>r<63>R<ARG> 6.323000 9.943000 -15.446000
c<I>r<64>R<LYS> 9.675000 9.650000 -17.294001
c<I>r<65>R<LEU> 10.779000 13.255000 -16.695000
c<I>r<66>R<LYS> 13.016000 14.842000 -19.485001
c<I>r<67>R<HIS> 14.000000 18.035999 -17.649000
c<I>r<68>R<LEU> 13.571000 19.684000 -14.142000
c<I>r<69>R<PRO> 9.707000 20.363001 -13.941000
c<I>r<70>R<HIS> 8.675000 23.900999 -13.158000
c<I>r<71>R<HIS> 7.838000 23.934000 -9.386000
c<I>r<72>R<ARG> 7.696000 26.316000 -6.309000
c<I>r<73>R<CYS> 11.447000 25.761000 -5.321000
c<I>r<74>R<ASN> 12.678000 27.229000 -2.013000
c<I>r<75>R<GLN> 16.308001 26.909000 -3.615000
c<I>r<185>R<MET> 37.278999 -13.773000 2.995000
c<I>r<186>R<ARG> 34.894001 -15.726000 5.218000
c<I>r<187>R<ASP> 33.919998 -12.617000 7.205000
c<I>r<188>R<PRO> 35.005001 -9.269000 5.704000
c<I>r<189>R<SER> 34.768002 -7.666000 9.177000
c<I>r<190>R<HIS> 38.187000 -9.392000 9.819000
c<I>r<191>R<ALA> 39.673000 -7.102000 7.109000
c<I>r<192>R<PHE> 39.139999 -4.138000 9.459000
c<I>r<193>R<ASN> 39.689999 -5.962000 12.750000
c<I>r<194>R<GLY> 41.178001 -9.322000 12.982000
c<I>r<258>R<SER> 27.851999 -14.698000 0.803000
c<I>r<260>R<ALA> 33.530998 -11.630000 0.369000
c<I>r<271>R<VAL> 30.445999 -8.921000 -0.788000
c<I>r<285>R<PHE> 31.148001 -3.999000 2.889000
c<I>r<286>R<ILE> 29.884001 -0.799000 4.572000
c<I>r<287>R<LYS> 27.757999 -0.629000 7.682000
c<I>r<288>R<GLY> 24.198999 0.625000 7.364000
c<I>r<289>R<THR> 24.945000 3.328000 10.009000
c<I>r<291>R<LYS> 25.625999 4.817000 4.923000
c<I>r<292>R<LEU> 23.103001 6.882000 6.807000
c<I>r<309>R<GLU> 4.862000 20.719999 9.689000
c<I>r<310>R<LYS> 5.961000 19.979000 6.105000
c<I>r<311>R<ILE> 8.782000 17.780001 7.398000
c<I>r<312>R<ARG> 6.340000 15.815000 9.647000
c<I>r<313>R<TYR> 4.012000 15.394000 6.739000
c<I>r<314>R<ALA> 6.549000 13.762000 4.537000
c<I>r<315>R<LEU> 8.823000 11.929000 7.110000
c<I>r<316>R<GLY> 6.142000 11.182000 9.909000
c<I>r<317>R<PRO> 6.110000 12.293000 13.645000
c<I>r<318>R<GLY> 9.719000 13.262000 14.744000
c<I>r<319>R<GLY> 10.322000 14.845000 11.372000
c<I>r<322>R<GLY> 13.324000 11.572000 14.152000
c<I>r<323>R<TRP> 13.498000 9.648000 10.908000
c<I>r<324>R<TYR> 17.375999 9.948000 10.895000
c<I>r<326>R<ARG> 15.102000 5.913000 13.893000
c<I>r<327>R<THR> 16.780001 4.872000 10.691000
c<I>r<328>R<MET> 20.091999 4.845000 12.570000
c<I>r<329>R<GLN> 18.580999 2.153000 14.795000
c<I>r<330>R<GLN> 17.073999 0.382000 11.772000
c<I>r<331>R<ALA> 20.221001 0.629000 9.702000
c<I>r<332>R<PRO> 21.030001 -3.137000 10.204000
c<I>r<333>R<ILE> 17.726000 -3.916000 8.547000
c<I>r<334>R<VAL> 16.789000 -1.198000 6.110000
c<I>r<335>R<LEU> 20.334000 -0.055000 4.914000
c<I>r<336>R<THR> 22.049999 -3.364000 5.049000
c<I>r<337>R<PRO> 21.799999 -5.719000 2.119000
c<I>r<338>R<ALA> 20.910999 -9.332000 3.186000
c<I>r<339>R<ALA> 24.115000 -10.354000 1.604000
c<I>r<340>R<LEU> 26.113001 -8.550000 4.385000
c<I>r<341>R<THR> 24.594999 -10.748000 7.149000
c<I>r<342>R<MET> 24.740999 -14.094000 5.334000
c<I>r<343>R<PHE> 28.261999 -15.126000 6.110000
c<I>r<344>R<SER> 29.083000 -18.688000 7.160000
c<I>r<345>R<ASP> 28.672001 -19.082001 10.880000
c<I>r<346>R<THR> 30.559999 -22.400999 10.913000
c<I>r<347>R<THR> 34.178001 -21.804001 9.896000
c<I>r<348>R<LYS> 36.682999 -24.767000 9.680000
c<I>r<350>R<GLY> 38.617001 -19.209000 8.724000
c<I>r<351>R<ASP> 40.262001 -15.875000 7.902000
