c<A>r<1>R<PRO> -16.596001 -1.733000 -10.299000
c<A>r<2>R<LEU> -13.109000 -1.440000 -8.521000
c<A>r<3>R<THR> -10.757000 -4.345000 -8.666000
c<A>r<4>R<GLU> -10.020000 -6.225000 -5.468000
c<A>r<5>R<LEU> -6.824000 -4.248000 -5.153000
c<A>r<6>R<GLU> -8.478000 -0.867000 -6.000000
c<A>r<7>R<GLU> -11.262000 -1.647000 -3.573000
c<A>r<8>R<SER> -8.779000 -2.366000 -0.804000
c<A>r<9>R<ILE> -6.866000 0.813000 -1.523000
c<A>r<10>R<GLU> -10.145000 2.758000 -1.458000
c<A>r<11>R<THR> -10.970000 1.241000 1.847000
c<A>r<12>R<VAL> -7.612000 2.230000 3.323000
c<A>r<13>R<VAL> -8.067000 5.838000 2.080000
c<A>r<14>R<THR> -11.662000 5.970000 3.210000
c<A>r<15>R<THR> -10.662000 4.653000 6.647000
c<A>r<16>R<PHE> -8.190000 7.497000 6.875000
c<A>r<17>R<PHE> -10.816000 10.139000 6.235000
c<A>r<27>R<ASP> -7.496000 15.955000 5.892000
c<A>r<37>R<LEU> -7.655000 4.284000 14.640000
c<A>r<40>R<GLN> -10.208000 0.259000 16.423000
c<A>r<41>R<GLN> -8.541000 -0.767000 13.047000
c<A>r<42>R<LEU> -5.225000 -2.292000 14.102000
c<A>r<43>R<PRO> -6.105000 -4.468000 16.948000
c<A>r<44>R<HIS> -4.163000 -7.277000 15.302000
c<A>r<45>R<LEU> -0.999000 -5.788000 14.041000
c<A>r<69>R<PHE> -2.531000 11.369000 4.282000
c<A>r<70>R<ASN> 1.147000 11.042000 3.208000
c<A>r<72>R<TYR> -0.632000 7.674000 7.032000
c<A>r<73>R<TRP> 0.651000 5.890000 3.969000
c<A>r<74>R<ARG> 4.041000 5.467000 5.652000
c<A>r<76>R<ILE> 0.604000 1.366000 6.321000
c<A>r<77>R<GLY> 3.919000 0.492000 4.614000
c<A>r<78>R<GLU> 5.467000 -0.309000 8.012000
c<A>r<79>R<LEU> 2.552000 -2.472000 8.886000
c<A>r<80>R<ALA> 2.709000 -4.278000 5.469000
c<A>r<81>R<LYS> 6.206000 -5.383000 6.275000
c<A>r<83>R<ILE> 2.363000 -8.902000 7.499000
c<A>r<84>R<ARG> 4.978000 -10.278000 5.139000
c<B>r<1>R<LEU> -8.872000 -8.859000 10.899000
c<B>r<2>R<THR> -10.327000 -5.337000 10.916000
c<B>r<3>R<GLU> -11.573000 -3.832000 7.665000
c<B>r<4>R<LEU> -8.306000 -1.985000 7.367000
c<B>r<5>R<GLU> -6.141000 -5.017000 8.264000
c<B>r<6>R<GLU> -8.080000 -7.070000 5.771000
c<B>r<7>R<SER> -7.463000 -4.485000 3.021000
c<B>r<8>R<ILE> -3.794000 -4.365000 3.782000
c<B>r<9>R<GLU> -3.632000 -8.154000 3.654000
c<B>r<10>R<THR> -5.390000 -8.091000 0.339000
c<B>r<11>R<VAL> -2.916000 -5.606000 -1.152000
c<B>r<12>R<VAL> 0.050000 -7.748000 0.070000
c<B>r<13>R<THR> -1.580000 -10.942000 -1.130000
c<B>r<14>R<THR> -2.245000 -9.345000 -4.534000
c<B>r<15>R<PHE> 1.426000 -8.555000 -4.735000
c<B>r<16>R<PHE> 2.537000 -12.127000 -4.137000
c<B>r<26>R<ASP> 9.192000 -11.806000 -3.726000
c<B>r<36>R<LEU> -1.034000 -6.409000 -12.514000
c<B>r<39>R<GLN> -5.815000 -6.716000 -14.276000
c<B>r<40>R<GLN> -5.864000 -4.765000 -10.928000
c<B>r<41>R<LEU> -5.659000 -1.160000 -12.054000
c<B>r<42>R<PRO> -8.147000 -0.911000 -14.730000
c<B>r<43>R<HIS> -9.689000 2.134000 -13.054000
c<B>r<44>R<LEU> -6.789000 4.301000 -12.183000
c<B>r<68>R<PHE> 7.598000 -5.462000 -2.184000
c<B>r<69>R<ASN> 9.004000 -2.080000 -1.068000
c<B>r<71>R<TYR> 5.215000 -2.035000 -4.900000
c<B>r<72>R<TRP> 4.245000 -0.112000 -1.814000
c<B>r<73>R<ARG> 5.491000 3.062000 -3.423000
c<B>r<75>R<ILE> 0.269000 1.995000 -4.181000
c<B>r<76>R<GLY> 1.086000 5.246000 -2.436000
c<B>r<77>R<GLU> 1.136000 7.112000 -5.738000
c<B>r<78>R<LEU> -2.149000 5.619000 -6.669000
c<B>r<79>R<ALA> -3.660000 6.541000 -3.230000
c<B>r<80>R<LYS> -2.827000 10.161000 -3.888000
c<B>r<82>R<ILE> -7.700000 8.562000 -5.337000
c<B>r<83>R<ARG> -7.498000 11.334000 -2.778000
c<B>r<86>R<LYS> -12.053000 12.196000 -3.521000
c<B>r<87>R<ASP> -11.596000 15.901000 -2.866000
