c<A>r<96>R<THR> 12.355000 11.729000 1.389000
c<A>r<97>R<PRO> 12.010000 12.699000 5.115000
c<A>r<98>R<VAL> 8.632000 11.889000 6.821000
c<A>r<99>R<GLY> 6.736000 14.665000 8.711000
c<A>r<100>R<GLY> 9.776000 17.011000 9.027000
c<A>r<101>R<GLY> 11.996000 18.469999 6.247000
c<A>r<102>R<ILE> 11.719000 18.712999 2.411000
c<A>r<103>R<ARG> 8.872000 17.243000 0.273000
c<A>r<104>R<SER> 9.639000 14.244000 -1.970000
c<A>r<107>R<VAL> 7.346000 14.578000 -6.677000
c<A>r<111>R<GLN> 5.916000 18.528999 -11.144000
c<A>r<129>R<SER> 3.498000 -13.916000 -4.817000
c<A>r<130>R<PRO> 1.212000 -13.958000 -1.690000
c<A>r<131>R<VAL> -2.061000 -14.654000 -3.704000
c<A>r<132>R<LYS> -3.517000 -18.056000 -4.816000
c<A>r<133>R<ARG> -3.735000 -16.907000 -8.530000
c<A>r<134>R<PRO> -1.126000 -14.222000 -9.479000
c<A>r<146>R<THR> 1.043000 16.618000 -11.073000
c<A>r<147>R<GLU> -2.078000 17.808001 -9.130000
c<A>r<148>R<ASP> -4.284000 16.034000 -6.484000
c<A>r<149>R<ILE> -3.406000 16.624001 -2.755000
c<A>r<150>R<TYR> 0.239000 16.030001 -3.979000
c<A>r<151>R<ALA> 0.147000 19.736000 -4.950000
c<A>r<152>R<GLY> 1.009000 19.993000 -1.178000
c<A>r<153>R<ILE> -1.527000 22.778999 -0.464000
c<A>r<154>R<GLU> -1.720000 22.290001 3.348000
c<A>r<155>R<TYR> -1.342000 24.423000 6.521000
c<A>r<156>R<ALA> -0.295000 23.618999 10.112000
c<A>r<157>R<LYS> -2.636000 23.528999 13.171000
c<A>r<160>R<GLU> -1.866000 32.320999 10.565000
c<A>r<161>R<GLU> -2.526000 30.621000 7.183000
c<A>r<162>R<VAL> -4.767000 27.905001 8.754000
c<A>r<164>R<LYS> -7.174000 32.632999 7.722000
c<A>r<165>R<LEU> -8.259000 29.520000 5.735000
c<A>r<166>R<ILE> -10.681000 28.198000 8.424000
c<A>r<168>R<PHE> -12.562000 32.223000 5.204000
c<A>r<169>R<LEU> -14.227000 28.760000 4.897000
c<A>r<172>R<GLU> -17.569000 33.348000 3.046000
c<A>r<173>R<LEU> -18.132000 29.632999 2.254000
c<A>r<174>R<ASN> -20.371000 28.915001 5.328000
c<A>r<175>R<VAL> -18.448000 25.677000 6.256000
c<A>r<176>R<ASN> -20.056999 24.089001 9.354000
c<A>r<177>R<LYS> -18.454000 20.570999 8.885000
c<A>r<178>R<ILE> -14.910000 20.892000 10.281000
c<A>r<179>R<ARG> -15.468000 18.854000 13.517000
c<A>r<180>R<PHE> -12.694000 20.487000 15.614000
c<A>r<181>R<PRO> -11.768000 23.837000 13.868000
c<A>r<182>R<GLU> -9.320000 25.607000 16.306000
c<A>r<183>R<THR> -7.214000 22.375999 16.344000
c<A>r<184>R<SER> -7.408000 21.306000 12.647000
c<A>r<185>R<GLY> -4.551000 20.903000 10.269000
c<A>r<186>R<ILE> -6.019000 21.573000 6.761000
c<A>r<187>R<GLY> -5.173000 20.208000 3.267000
c<A>r<188>R<ILE> -6.597000 21.187000 -0.190000
c<A>r<189>R<LYS> -7.258000 18.639000 -3.018000
c<A>r<190>R<PRO> -7.369000 20.082001 -6.604000
c<A>r<191>R<VAL> -8.719000 17.785999 -9.397000
c<A>r<192>R<SER> -9.237000 19.273001 -12.903000
c<A>r<193>R<GLU> -10.868000 18.719999 -16.316000
c<A>r<194>R<GLU> -7.449000 19.332001 -17.997999
c<A>r<195>R<GLY> -5.476000 16.983999 -15.656000
c<A>r<196>R<THR> -8.208000 14.308000 -16.048000
c<A>r<220>R<LYS> -14.204000 7.934000 -4.529000
c<A>r<221>R<GLY> -17.049000 9.789000 -6.403000
c<A>r<222>R<ASN> -19.712999 8.587000 -3.894000
c<A>r<223>R<ILE> -18.027000 10.746000 -1.131000
c<A>r<224>R<MET> -16.024000 13.269000 -3.258000
c<A>r<225>R<LYS> -18.743000 14.082000 -5.882000
c<A>r<226>R<PHE> -17.172001 17.400999 -7.102000
c<A>r<227>R<THR> -13.484000 16.277000 -7.265000
c<A>r<228>R<GLU> -13.300000 12.467000 -7.773000
c<A>r<229>R<GLY> -16.882000 12.243000 -9.180000
c<A>r<230>R<ALA> -15.831000 14.929000 -11.710000
c<A>r<231>R<PHE> -12.803000 12.696000 -12.657000
c<A>r<232>R<LYS> -15.341000 9.905000 -13.559000
c<A>r<233>R<ASN> -17.591000 12.326000 -15.511000
c<A>r<284>R<ILE> -15.162000 2.992000 -6.376000
c<A>r<285>R<ALA> -11.547000 2.683000 -5.042000
c<A>r<286>R<ASP> -12.403000 0.668000 -1.845000
c<A>r<287>R<ILE> -14.332000 -1.768000 -4.077000
c<A>r<288>R<PHE> -11.420000 -1.708000 -6.615000
c<A>r<289>R<LEU> -9.004000 -2.883000 -3.848000
c<A>r<290>R<GLN> -11.495000 -5.744000 -3.160000
c<A>r<291>R<GLN> -11.798000 -6.499000 -6.917000
c<A>r<292>R<ILE> -8.048000 -6.689000 -7.846000
c<A>r<293>R<LEU> -7.599000 -9.233000 -4.987000
c<A>r<294>R<THR> -10.676000 -11.395000 -5.895000
c<A>r<295>R<ARG> -11.134000 -11.072000 -9.739000
c<A>r<307>R<LEU> -3.379000 9.266000 -4.073000
c<A>r<308>R<ASN> -5.402000 6.262000 -5.320000
c<A>r<309>R<GLY> -2.666000 5.516000 -7.943000
c<A>r<310>R<ASP> 0.050000 5.272000 -5.213000
c<A>r<311>R<TYR> -2.048000 2.794000 -3.160000
c<A>r<312>R<ILE> -3.103000 0.722000 -6.246000
c<A>r<313>R<SER> 0.502000 0.498000 -7.604000
c<A>r<314>R<ASP> 2.130000 -0.804000 -4.401000
c<A>r<315>R<ALA> -0.821000 -3.139000 -3.569000
c<A>r<316>R<LEU> -0.541000 -4.666000 -7.115000
c<A>r<317>R<ALA> 3.263000 -4.932000 -6.575000
c<A>r<318>R<ALA> 2.419000 -6.972000 -3.416000
c<A>r<319>R<GLN> -0.214000 -9.067000 -5.322000
c<A>r<321>R<GLY> 5.044000 -10.498000 -5.377000
c<A>r<323>R<ILE> 8.158000 -5.565000 -4.817000
c<A>r<344>R<HIS> 10.872000 1.052000 -4.288000
c<A>r<345>R<GLY> 12.567000 3.049000 -1.468000
c<B>r<96>R<THR> -26.540001 6.299000 -1.452000
c<B>r<97>R<PRO> -26.306000 7.986000 -4.933000
c<B>r<98>R<VAL> -22.944000 8.165000 -6.822000
c<B>r<99>R<GLY> -21.910999 11.411000 -8.638000
c<B>r<100>R<GLY> -25.336000 13.108000 -8.185000
c<B>r<101>R<GLY> -27.820999 13.026000 -5.256000
c<B>r<102>R<ILE> -27.471001 12.958000 -1.427000
c<B>r<103>R<ARG> -24.379000 12.579000 0.819000
c<B>r<104>R<SER> -23.667999 9.066000 2.193000
c<B>r<107>R<VAL> -21.488001 9.306000 6.942000
c<B>r<111>R<GLN> -21.350000 12.707000 11.952000
c<B>r<114>R<ASP> -20.195999 11.728000 16.441000
c<B>r<128>R<PRO> -12.846000 -18.586000 0.257000
c<B>r<129>R<SER> -9.776000 -16.311001 0.794000
c<B>r<130>R<PRO> -7.673000 -15.257000 -2.295000
c<B>r<131>R<VAL> -4.353000 -15.037000 -0.266000
c<B>r<132>R<LYS> -2.112000 -18.150000 0.210000
c<B>r<133>R<ARG> -2.522000 -17.837000 4.049000
c<B>r<134>R<PRO> -5.531000 -15.874000 5.485000
c<B>r<146>R<THR> -16.160000 11.880000 11.259000
c<B>r<147>R<GLU> -13.205000 13.944000 9.811000
c<B>r<148>R<ASP> -10.728000 13.582000 6.858000
c<B>r<149>R<ILE> -11.857000 14.135000 3.209000
c<B>r<150>R<TYR> -15.074000 12.344000 4.425000
c<B>r<151>R<ALA> -16.230000 15.759000 5.760000
c<B>r<152>R<GLY> -17.105000 16.238001 2.020000
c<B>r<153>R<ILE> -16.208000 19.962999 2.007000
c<B>r<154>R<GLU> -15.750000 20.431000 -1.778000
c<B>r<155>R<TYR> -16.702000 22.771000 -4.662000
c<B>r<156>R<ALA> -17.200001 22.086000 -8.408000
c<B>r<157>R<LYS> -15.398000 23.664000 -11.440000
c<B>r<160>R<GLU> -18.712999 31.097000 -7.097000
c<B>r<161>R<GLU> -17.403000 29.155001 -4.044000
c<B>r<162>R<VAL> -14.533000 27.533001 -6.045000
c<B>r<164>R<LYS> -13.624000 32.574001 -4.257000
c<B>r<165>R<LEU> -11.524000 29.702999 -2.781000
c<B>r<166>R<ILE> -9.006000 29.700001 -5.704000
c<B>r<168>R<PHE> -8.240000 33.505001 -1.772000
c<B>r<169>R<LEU> -5.642000 30.667999 -1.939000
c<B>r<172>R<GLU> -3.713000 35.688999 0.590000
c<B>r<173>R<LEU> -2.163000 32.194000 0.943000
c<B>r<174>R<ASN> 0.151000 32.573002 -2.131000
c<B>r<175>R<VAL> -0.762000 29.159000 -3.727000
c<B>r<176>R<ASN> 1.131000 28.848000 -7.043000
c<B>r<177>R<LYS> 0.241000 25.048000 -7.152000
c<B>r<178>R<ILE> -3.449000 24.882000 -8.134000
c<B>r<179>R<ARG> -2.238000 23.756001 -11.594000
c<B>r<180>R<PHE> -5.392000 24.011000 -13.782000
c<B>r<181>R<PRO> -7.408000 26.639000 -11.779000
c<B>r<182>R<GLU> -10.021000 27.555000 -14.466000
c<B>r<183>R<THR> -10.928000 23.806000 -14.701000
c<B>r<184>R<SER> -10.364000 22.670000 -11.045000
c<B>r<185>R<GLY> -12.830000 21.174000 -8.644000
c<B>r<186>R<ILE> -11.450000 21.679001 -5.075000
c<B>r<187>R<GLY> -11.875000 19.558001 -1.879000
c<B>r<188>R<ILE> -10.803000 20.193001 1.784000
c<B>r<189>R<LYS> -9.150000 17.681000 4.220000
c<B>r<190>R<PRO> -9.548000 18.535999 7.968000
c<B>r<191>R<VAL> -7.596000 16.493000 10.592000
c<B>r<192>R<SER> -7.737000 17.546000 14.294000
c<B>r<193>R<GLU> -5.650000 17.172001 17.493000
c<B>r<194>R<GLU> -8.770000 15.763000 19.296000
c<B>r<195>R<GLY> -9.891000 13.364000 16.454000
c<B>r<196>R<THR> -6.428000 12.728000 16.759001
c<B>r<220>R<LYS> 0.561000 9.762000 4.363000
c<B>r<221>R<GLY> 3.408000 11.683000 6.155000
c<B>r<222>R<ASN> 5.634000 11.340000 3.018000
c<B>r<223>R<ILE> 3.312000 13.808000 1.117000
c<B>r<224>R<MET> 0.890000 15.407000 3.652000
c<B>r<225>R<LYS> 3.013000 16.819000 6.524000
c<B>r<226>R<PHE> 0.547000 19.261999 8.202000
c<B>r<227>R<THR> -2.510000 16.927999 8.153000
c<B>r<228>R<GLU> -1.258000 13.304000 8.016000
c<B>r<229>R<GLY> 2.219000 14.144000 9.454000
c<B>r<230>R<ALA> 0.408000 15.716000 12.461000
c<B>r<231>R<PHE> -1.715000 12.497000 12.884000
c<B>r<232>R<LYS> 1.543000 10.456000 13.457000
c<B>r<233>R<ASN> 2.933000 13.067000 15.886000
c<B>r<284>R<ILE> 3.011000 4.967000 5.464000
c<B>r<285>R<ALA> -0.388000 4.037000 3.908000
c<B>r<286>R<ASP> 1.288000 3.033000 0.563000
c<B>r<287>R<ILE> 3.873000 0.586000 2.066000
c<B>r<288>R<PHE> 1.209000 -0.502000 4.646000
c<B>r<289>R<LEU> -1.209000 -1.740000 1.895000
c<B>r<290>R<GLN> 1.827000 -3.561000 0.373000
c<B>r<291>R<GLN> 2.709000 -5.078000 3.822000
c<B>r<292>R<ILE> -0.786000 -6.345000 4.892000
c<B>r<293>R<LEU> -0.607000 -8.435000 1.657000
c<B>r<294>R<THR> 2.876000 -9.904000 2.540000
c<B>r<295>R<ARG> 3.329000 -9.852000 6.401000
c<B>r<307>R<LEU> -10.286000 7.578000 3.760000
c<B>r<308>R<ASN> -7.166000 5.474000 4.534000
c<B>r<309>R<GLY> -9.226000 3.361000 7.032000
c<B>r<310>R<ASP> -11.924000 2.895000 4.335000
c<B>r<311>R<TYR> -9.411000 1.447000 1.811000
c<B>r<312>R<ILE> -7.558000 -0.581000 4.530000
c<B>r<313>R<SER> -10.798000 -2.135000 5.929000
c<B>r<314>R<ASP> -11.981000 -3.272000 2.469000
c<B>r<315>R<ALA> -8.431000 -4.401000 1.400000
c<B>r<316>R<LEU> -8.235000 -6.566000 4.595000
c<B>r<317>R<ALA> -11.848000 -7.818000 4.095000
c<B>r<318>R<ALA> -10.977000 -9.047000 0.548000
c<B>r<319>R<GLN> -8.002000 -11.095000 1.897000
c<B>r<321>R<GLY> -13.047000 -13.630000 2.273000
c<B>r<322>R<GLY> -14.648000 -10.399000 0.905000
c<B>r<323>R<ILE> -16.826000 -7.803000 2.718000
c<B>r<344>R<HIS> -21.188999 -3.384000 2.491000
