c<A>r<1>R<SER> 3.198000 -22.108000 5.303000
c<A>r<2>R<LEU> -0.266000 -20.341999 5.150000
c<A>r<3>R<LEU> 1.502000 -17.368000 3.466000
c<A>r<4>R<ALA> 1.306000 -17.219000 -0.302000
c<A>r<5>R<GLU> 4.258000 -14.627000 -0.457000
c<A>r<6>R<PHE> 8.031000 -15.011000 0.272000
c<A>r<7>R<PRO> 8.827000 -11.623000 1.910000
c<A>r<8>R<THR> 12.409000 -10.440000 2.222000
c<A>r<9>R<CYS> 13.431000 -10.827000 5.930000
c<A>r<10>R<PRO> 16.225000 -12.086000 8.106000
c<A>r<11>R<ARG> 16.372999 -15.904000 7.766000
c<A>r<16>R<ARG> 13.388000 -20.035999 8.163000
c<A>r<17>R<PRO> 12.390000 -16.458000 9.135000
c<A>r<18>R<ARG> 13.962000 -15.231000 12.392000
c<A>r<19>R<VAL> 11.297000 -14.198000 14.865000
c<A>r<20>R<PHE> 11.650000 -10.987000 16.885000
c<A>r<21>R<THR> 9.560000 -10.292000 20.002001
c<A>r<22>R<ALA> 10.756000 -6.677000 20.694000
c<A>r<23>R<ALA> 12.690000 -3.767000 19.077999
c<A>r<24>R<SER> 14.216000 -0.724000 20.808001
c<A>r<25>R<GLY> 16.590000 1.849000 19.237000
c<A>r<28>R<LEU> 16.226999 -6.449000 18.434000
c<A>r<29>R<THR> 15.229000 -9.234000 20.865999
c<A>r<30>R<ASP> 14.356000 -12.691000 19.612000
c<A>r<31>R<GLU> 12.124000 -15.376000 21.191999
c<A>r<38>R<ASP> 20.177999 -4.196000 13.695000
c<A>r<39>R<PHE> 22.059000 -3.143000 10.588000
c<A>r<40>R<ASP> 19.065001 -4.209000 8.354000
c<A>r<41>R<ASN> 16.636000 -1.736000 9.950000
c<A>r<42>R<ALA> 13.612000 -2.923000 7.859000
c<A>r<43>R<ARG> 15.652000 -2.726000 4.631000
c<A>r<44>R<GLY> 16.760000 0.788000 5.663000
c<A>r<45>R<SER> 13.276000 2.180000 6.450000
c<A>r<46>R<ILE> 14.051000 2.610000 10.191000
c<A>r<49>R<GLY> 15.542000 3.818000 15.632000
c<A>r<50>R<HIS> 12.935000 1.182000 16.575001
c<A>r<51>R<GLY> 10.223000 2.644000 18.767000
c<A>r<52>R<ASP> 11.486000 6.208000 18.437000
c<A>r<53>R<PRO> 9.494000 7.818000 21.295000
c<A>r<54>R<VAL> 8.511000 10.981000 19.301001
c<A>r<55>R<VAL> 7.179000 8.894000 16.358999
c<A>r<56>R<ALA> 5.533000 6.361000 18.739000
c<A>r<57>R<GLU> 3.780000 9.116000 20.700001
c<A>r<58>R<ALA> 2.509000 10.717000 17.468000
c<A>r<59>R<VAL> 1.180000 7.359000 16.184000
c<A>r<60>R<ALA> -0.446000 6.613000 19.566999
c<A>r<61>R<ARG> -2.246000 9.998000 19.618000
c<A>r<62>R<ALA> -3.376000 9.593000 15.971000
c<A>r<63>R<ALA> -4.733000 6.100000 16.694000
c<A>r<64>R<THR> -7.184000 7.623000 19.308001
c<A>r<65>R<GLY> -8.730000 9.873000 16.650000
c<A>r<66>R<ALA> -7.452000 13.094000 18.339001
c<A>r<67>R<ASP> -5.570000 14.140000 15.262000
c<A>r<68>R<GLY> -7.832000 13.705000 12.284000
c<A>r<69>R<THR> -9.803000 10.840000 10.676000
c<A>r<70>R<ALA> -9.322000 8.223000 8.023000
c<A>r<71>R<THR> -12.664000 9.519000 6.555000
c<A>r<72>R<GLY> -11.325000 12.813000 5.173000
c<A>r<73>R<TRP> -8.764000 15.632000 5.054000
c<A>r<74>R<SER> -6.745000 16.697001 8.217000
c<A>r<75>R<ARG> -3.969000 19.205999 8.847000
c<A>r<76>R<ARG> -1.546000 16.284000 8.788000
c<A>r<77>R<VAL> -2.005000 15.880000 5.022000
c<A>r<78>R<ASP> -0.865000 19.462000 4.468000
c<A>r<81>R<LEU> 2.985000 17.466000 1.635000
c<A>r<82>R<GLU> 4.688000 20.763000 2.578000
c<A>r<84>R<LEU> 8.145000 16.705999 1.240000
c<A>r<85>R<HIS> 7.922000 19.684999 -1.143000
c<A>r<90>R<GLY> 8.711000 19.558001 -7.390000
c<A>r<91>R<GLU> 5.723000 21.368999 -8.553000
c<A>r<92>R<VAL> 3.431000 18.684000 -7.081000
c<A>r<93>R<VAL> 3.632000 15.745000 -4.594000
c<A>r<94>R<GLY> 1.656000 12.500000 -4.394000
c<A>r<95>R<LEU> 1.302000 9.897000 -1.633000
c<A>r<96>R<PHE> 1.277000 6.108000 -1.739000
c<A>r<97>R<ARG> 1.523000 3.142000 0.703000
c<A>r<98>R<SER> 4.562000 1.371000 -0.867000
c<A>r<99>R<GLY> 7.569000 2.250000 -3.017000
c<A>r<100>R<THR> 6.305000 -0.344000 -5.458000
c<A>r<101>R<ALA> 3.012000 1.481000 -5.887000
c<A>r<104>R<ARG> 4.693000 2.242000 -10.897000
c<A>r<105>R<ALA> 2.320000 5.206000 -10.648000
c<A>r<108>R<LEU> 2.880000 5.230000 -15.946000
c<A>r<109>R<ALA> 2.030000 8.887000 -15.402000
c<A>r<126>R<GLY> 9.476000 -3.003000 -6.532000
c<A>r<127>R<TYR> 7.834000 -6.379000 -6.877000
c<A>r<128>R<ASP> 5.441000 -5.261000 -9.690000
c<A>r<129>R<PRO> 5.638000 -7.751000 -12.620000
c<A>r<143>R<ASP> 5.200000 -3.816000 -20.476000
c<A>r<225>R<ALA> 9.842000 6.086000 0.865000
c<A>r<226>R<LYS> 12.352000 4.388000 3.221000
c<A>r<230>R<ASN> 10.628000 5.398000 10.278000
c<A>r<231>R<GLY> 9.181000 2.158000 8.908000
c<A>r<232>R<HIS> 5.494000 3.238000 8.455000
c<A>r<233>R<ALA> 3.844000 2.340000 5.063000
c<A>r<234>R<VAL> 4.051000 5.636000 3.151000
c<A>r<237>R<VAL> 6.291000 10.932000 -5.702000
c<A>r<238>R<GLY> 7.132000 14.519000 -6.725000
c<A>r<239>R<GLY> 8.203000 16.534000 -9.763000
c<A>r<240>R<SER> 6.639000 18.113001 -12.904000
c<A>r<241>R<ARG> 2.946000 18.937000 -12.700000
c<A>r<242>R<ARG> 2.594000 18.231001 -16.424999
c<A>r<244>R<LEU> 2.314000 13.785000 -13.014000
c<A>r<245>R<LYS> -1.066000 15.118000 -14.244000
c<A>r<246>R<PRO> -2.382000 11.482000 -14.688000
c<A>r<247>R<LEU> -2.083000 10.971000 -10.872000
c<A>r<248>R<LYS> -5.432000 12.849000 -10.574000
c<A>r<249>R<GLU> -6.971000 9.387000 -11.154000
c<A>r<250>R<VAL> -5.260000 7.904000 -8.064000
c<A>r<251>R<SER> -7.330000 7.364000 -4.913000
c<A>r<252>R<PHE> -7.122000 4.667000 -2.224000
c<A>r<253>R<THR> -9.191000 4.042000 0.943000
c<A>r<254>R<SER> -6.284000 4.576000 3.402000
c<A>r<255>R<PHE> -5.134000 7.877000 1.771000
c<A>r<256>R<PHE> -6.010000 9.796000 4.977000
c<A>r<257>R<GLU> -4.956000 7.103000 7.512000
c<A>r<258>R<PRO> -3.967000 9.294000 10.514000
c<A>r<259>R<THR> -1.272000 6.989000 12.105000
c<A>r<260>R<ILE> 0.712000 6.797000 8.829000
c<A>r<263>R<ALA> 4.496000 8.999000 11.616000
c<A>r<334>R<LEU> 22.010000 -8.567000 12.117000
c<A>r<336>R<TYR> 21.156000 -7.557000 5.529000
c<B>r<1>R<SER> -2.844000 22.407000 -4.608000
c<B>r<2>R<LEU> 0.611000 20.763000 -3.870000
c<B>r<3>R<LEU> -1.125000 17.341000 -4.207000
c<B>r<4>R<ALA> -0.816000 15.637000 -7.560000
c<B>r<5>R<GLU> -3.774000 13.201000 -6.700000
c<B>r<6>R<PHE> -7.562000 13.843000 -6.317000
c<B>r<7>R<PRO> -8.441000 11.460000 -3.437000
c<B>r<8>R<THR> -12.034000 10.482000 -2.768000
c<B>r<9>R<CYS> -13.168000 12.379000 0.408000
c<B>r<10>R<PRO> -16.016001 14.413000 1.781000
c<B>r<11>R<ARG> -16.131001 17.728001 -0.137000
c<B>r<16>R<ARG> -13.135000 21.677000 -1.412000
c<B>r<17>R<PRO> -12.185000 18.836000 0.996000
c<B>r<18>R<ARG> -13.874000 19.065001 4.417000
c<B>r<19>R<VAL> -11.288000 19.181000 7.172000
c<B>r<20>R<PHE> -11.728000 17.101999 10.332000
c<B>r<21>R<THR> -9.735000 17.784000 13.512000
c<B>r<22>R<ALA> -10.971000 14.791000 15.619000
c<B>r<23>R<ALA> -12.871000 11.460000 15.314000
c<B>r<24>R<SER> -14.466000 9.415000 18.118000
c<B>r<25>R<GLY> -16.813000 6.410000 17.700001
c<B>r<27>R<TRP> -18.552000 11.316000 15.476000
c<B>r<28>R<LEU> -16.372999 13.608000 13.499000
c<B>r<29>R<THR> -15.424000 17.157000 14.570000
c<B>r<30>R<ASP> -14.510000 19.787001 12.012000
c<B>r<31>R<GLU> -12.304000 22.893000 12.391000
c<B>r<38>R<ASP> -20.186001 9.556000 10.029000
c<B>r<39>R<PHE> -21.980000 7.286000 7.591000
c<B>r<40>R<ASP> -18.913000 7.339000 5.208000
c<B>r<41>R<ASN> -16.561001 5.774000 7.765000
c<B>r<42>R<ALA> -13.467000 5.997000 5.463000
c<B>r<43>R<ARG> -15.402000 4.458000 2.550000
c<B>r<44>R<GLY> -16.568001 1.691000 4.924000
c<B>r<45>R<SER> -13.116000 0.783000 6.332000
c<B>r<46>R<ILE> -14.009000 1.952000 9.884000
c<B>r<49>R<GLY> -15.673000 3.127000 15.275000
c<B>r<50>R<HIS> -13.072000 5.927000 15.105000
c<B>r<51>R<GLY> -10.442000 5.544000 17.785999
c<B>r<52>R<ASP> -11.722000 2.161000 18.945999
c<B>r<53>R<PRO> -9.828000 1.908000 22.273001
c<B>r<54>R<VAL> -8.816000 -1.792000 21.826000
c<B>r<55>R<VAL> -7.377000 -1.119000 18.316000
c<B>r<56>R<ALA> -5.786000 2.184000 19.471001
c<B>r<57>R<GLU> -4.118000 0.519000 22.459999
c<B>r<58>R<ALA> -2.760000 -2.282000 20.236000
c<B>r<59>R<VAL> -1.369000 0.243000 17.700001
c<B>r<60>R<ALA> 0.161000 2.345000 20.509001
c<B>r<61>R<ARG> 1.936000 -0.691000 22.033001
c<B>r<62>R<ALA> 3.178000 -1.849000 18.591999
c<B>r<63>R<ALA> 4.537000 1.631000 17.822001
c<B>r<64>R<THR> 6.896000 1.356000 20.905001
c<B>r<65>R<GLY> 8.497000 -1.790000 19.478001
c<B>r<66>R<ALA> 7.165000 -4.022000 22.322001
c<B>r<67>R<ASP> 5.364000 -6.281000 19.921000
c<B>r<68>R<GLY> 7.720000 -7.091000 17.108000
c<B>r<69>R<THR> 9.759000 -5.163000 14.508000
c<B>r<70>R<ALA> 9.375000 -3.892000 10.998000
c<B>r<71>R<THR> 12.748000 -5.669000 10.305000
c<B>r<72>R<GLY> 11.430000 -9.243000 10.398000
c<B>r<73>R<TRP> 8.849000 -11.864000 11.377000
c<B>r<74>R<SER> 6.729000 -11.532000 14.627000
c<B>r<75>R<ARG> 3.923000 -13.565000 16.160000
c<B>r<76>R<ARG> 1.521000 -10.952000 14.815000
c<B>r<77>R<VAL> 2.100000 -12.153000 11.241000
c<B>r<78>R<ASP> 0.957000 -15.646000 12.195000
c<B>r<81>R<LEU> -2.795000 -15.052000 8.684000
c<B>r<82>R<GLU> -4.542000 -17.663000 10.866000
c<B>r<84>R<LEU> -7.937000 -14.564000 7.856000
c<B>r<85>R<HIS> -7.662000 -18.261999 6.940000
c<B>r<90>R<GLY> -8.256000 -20.768999 1.192000
c<B>r<91>R<GLU> -5.240000 -22.882000 1.001000
c<B>r<92>R<VAL> -2.982000 -19.812000 1.284000
c<B>r<93>R<VAL> -3.235000 -16.105000 2.304000
c<B>r<94>R<GLY> -1.241000 -13.063000 1.177000
c<B>r<95>R<LEU> -0.957000 -9.539000 2.602000
c<B>r<96>R<PHE> -0.903000 -6.146000 0.921000
c<B>r<97>R<ARG> -1.201000 -2.429000 1.885000
c<B>r<98>R<SER> -4.179000 -1.494000 -0.377000
c<B>r<99>R<GLY> -7.128000 -3.213000 -2.050000
c<B>r<100>R<THR> -5.775000 -1.872000 -5.314000
c<B>r<101>R<ALA> -2.484000 -3.685000 -4.835000
c<B>r<104>R<ARG> -4.001000 -6.481000 -9.112000
c<B>r<105>R<ALA> -1.660000 -9.056000 -7.576000
c<B>r<108>R<LEU> -2.055000 -11.307000 -12.388000
c<B>r<109>R<ALA> -1.242000 -14.393000 -10.334000
c<B>r<126>R<GLY> -8.887000 0.070000 -7.510000
c<B>r<127>R<TYR> -7.206000 3.000000 -9.177000
c<B>r<128>R<ASP> -4.742000 0.827000 -11.194000
c<B>r<129>R<PRO> -4.827000 1.850000 -14.900000
c<B>r<143>R<ASP> -4.167000 -5.007000 -20.363001
c<B>r<225>R<ALA> -9.537000 -5.082000 3.004000
c<B>r<226>R<LYS> -12.107000 -2.570000 4.353000
c<B>r<230>R<ASN> -10.610000 -0.519000 11.234000
c<B>r<231>R<GLY> -9.097000 1.864000 8.684000
c<B>r<232>R<HIS> -5.409000 0.712000 8.834000
c<B>r<233>R<ALA> -3.657000 0.114000 5.432000
c<B>r<234>R<VAL> -3.825000 -3.684000 5.071000
c<B>r<237>R<VAL> -5.825000 -12.213000 -0.812000
c<B>r<238>R<GLY> -6.663000 -15.907000 -0.257000
c<B>r<239>R<GLY> -7.648000 -19.017000 -2.208000
c<B>r<240>R<SER> -6.001000 -21.754000 -4.338000
c<B>r<241>R<ARG> -2.316000 -22.389999 -3.697000
c<B>r<242>R<ARG> -1.850000 -23.312000 -7.356000
c<B>r<244>R<LEU> -1.648000 -17.843000 -6.127000
c<B>r<245>R<LYS> 1.763000 -19.549000 -6.574000
c<B>r<246>R<PRO> 3.117000 -16.423000 -8.465000
c<B>r<247>R<LEU> 2.697000 -14.353000 -5.232000
c<B>r<248>R<LYS> 6.027000 -15.905000 -4.065000
c<B>r<249>R<GLU> 7.607000 -12.995000 -6.000000
c<B>r<250>R<VAL> 5.814000 -10.362000 -3.878000
c<B>r<251>R<SER> 7.784000 -8.537000 -1.179000
c<B>r<252>R<PHE> 7.509000 -4.966000 0.130000
c<B>r<253>R<THR> 9.482000 -3.068000 2.807000
c<B>r<254>R<SER> 6.509000 -2.539000 5.184000
c<B>r<255>R<PHE> 5.389000 -6.223000 5.047000
c<B>r<256>R<PHE> 6.149000 -6.622000 8.784000
c<B>r<257>R<GLU> 5.037000 -3.123000 9.927000
c<B>r<258>R<PRO> 3.938000 -3.854000 13.533000
c<B>r<259>R<THR> 1.202000 -1.121000 13.925000
c<B>r<260>R<ILE> -0.674000 -2.333000 10.808000
c<B>r<263>R<ALA> -4.553000 -3.190000 14.145000
c<B>r<334>R<LEU> -21.937000 12.856000 6.712000
c<B>r<336>R<TYR> -20.891001 9.185000 1.174000
