c<A>r<92>R<ARG> 14.032000 -1.438000 17.056999
c<A>r<96>R<LYS> 13.482000 -7.252000 13.288000
c<A>r<97>R<LEU> 16.070999 -4.565000 12.568000
c<A>r<98>R<GLU> 14.563000 -3.456000 9.149000
c<A>r<99>R<GLY> 11.756000 -1.536000 10.890000
c<A>r<100>R<PHE> 10.955000 0.057000 14.226000
c<A>r<101>R<SER> 8.932000 -1.020000 17.301001
c<A>r<102>R<TYR> 8.649000 2.484000 18.923000
c<A>r<133>R<GLU> -5.637000 4.383000 16.576000
c<A>r<134>R<TYR> -3.697000 5.003000 13.263000
c<A>r<158>R<VAL> 2.164000 6.530000 12.131000
c<A>r<159>R<SER> 1.006000 3.643000 14.423000
c<A>r<160>R<GLU> 1.616000 0.039000 15.296000
c<A>r<161>R<PHE> -0.617000 -0.738000 12.241000
c<A>r<162>R<GLY> 1.801000 0.907000 9.794000
c<A>r<163>R<VAL> 2.395000 4.216000 8.113000
c<A>r<164>R<ALA> -0.739000 5.335000 6.229000
c<A>r<165>R<ASP> -1.574000 8.662000 4.616000
c<A>r<166>R<ALA> -4.533000 10.412000 6.169000
c<A>r<167>R<LEU> -6.555000 13.458000 5.055000
c<A>r<179>R<GLN> -11.564000 12.139000 5.566000
c<A>r<180>R<GLY> -9.907000 8.782000 6.629000
c<A>r<181>R<ASN> -6.780000 7.051000 5.483000
c<A>r<182>R<ILE> -6.762000 7.792000 1.750000
c<A>r<183>R<PHE> -3.644000 5.507000 1.101000
c<A>r<184>R<ALA> -3.104000 2.143000 2.853000
c<A>r<185>R<PRO> 0.090000 1.441000 4.739000
c<A>r<186>R<GLU> 3.004000 1.640000 3.977000
c<A>r<187>R<ASN> 2.668000 4.873000 2.132000
c<A>r<205>R<HIS> 2.468000 8.754000 -3.460000
c<A>r<206>R<ARG> 5.401000 6.660000 -2.322000
c<A>r<207>R<PRO> 4.735000 3.014000 -1.310000
c<A>r<208>R<SER> 7.375000 1.294000 0.847000
c<A>r<209>R<LEU> 7.622000 -2.273000 -0.448000
c<A>r<210>R<LYS> 8.629000 -5.332000 1.606000
c<A>r<211>R<SER> 9.220000 -8.082000 -1.054000
c<A>r<212>R<ILE> 10.293000 -6.387000 -4.280000
c<A>r<213>R<GLY> 10.639000 -2.857000 -5.746000
c<A>r<214>R<ASN> 12.274000 0.473000 -4.963000
c<A>r<215>R<LEU> 11.257000 3.527000 -2.935000
c<A>r<216>R<ASP> 9.824000 5.167000 -6.053000
c<A>r<218>R<TRP> 3.794000 6.431000 -7.909000
c<A>r<219>R<ILE> 0.737000 8.263000 -9.335000
c<A>r<220>R<ALA> -2.915000 7.470000 -8.670000
c<A>r<221>R<SER> -6.262000 8.891000 -9.906000
c<A>r<222>R<SER> -9.368000 9.676000 -7.833000
c<A>r<223>R<PRO> -13.023000 10.435000 -8.567000
c<A>r<224>R<ASP> -13.587000 12.174000 -5.231000
c<A>r<225>R<LEU> -10.057000 12.941000 -3.655000
c<A>r<226>R<ARG> -10.768000 10.311000 -0.953000
c<A>r<227>R<SER> -10.442000 7.100000 -2.923000
c<A>r<228>R<PHE> -7.579000 6.309000 -5.262000
c<A>r<229>R<GLY> -7.078000 3.699000 -7.989000
c<A>r<230>R<ASP> -5.239000 3.159000 -11.254000
c<A>r<231>R<HIS> -1.883000 3.134000 -9.444000
c<A>r<232>R<ARG> 1.064000 3.592000 -11.825000
c<A>r<233>R<HIS> 4.806000 3.713000 -11.400000
c<A>r<236>R<GLY> 12.206000 5.601000 -9.930000
c<B>r<92>R<ARG> 17.188000 -13.538000 -3.893000
c<B>r<96>R<LYS> 18.669001 -8.154000 0.260000
c<B>r<97>R<LEU> 17.437000 -11.498000 1.571000
c<B>r<98>R<GLU> 14.006000 -10.168000 2.850000
c<B>r<99>R<GLY> 12.612000 -10.058000 -0.702000
c<B>r<100>R<PHE> 13.213000 -11.588000 -4.109000
c<B>r<101>R<SER> 14.995000 -10.407000 -7.291000
c<B>r<102>R<TYR> 13.455000 -13.030000 -9.694000
c<B>r<133>R<GLU> 4.943000 -3.826000 -17.181000
c<B>r<134>R<TYR> 3.299000 -4.588000 -13.747000
c<B>r<158>R<VAL> 3.945000 -9.264000 -9.806000
c<B>r<159>R<SER> 6.838000 -7.224000 -11.341000
c<B>r<160>R<GLU> 10.078000 -5.498000 -10.544000
c<B>r<161>R<PHE> 7.853000 -2.538000 -9.420000
c<B>r<162>R<GLY> 6.221000 -4.571000 -6.643000
c<B>r<163>R<VAL> 3.179000 -6.690000 -6.018000
c<B>r<164>R<ALA> 0.007000 -4.737000 -6.856000
c<B>r<165>R<ASP> -3.588000 -5.906000 -7.150000
c<B>r<166>R<ALA> -5.036000 -5.508000 -10.604000
c<B>r<167>R<LEU> -8.617000 -5.823000 -11.910000
c<B>r<179>R<GLN> -9.432000 -1.666000 -14.940000
c<B>r<180>R<GLY> -5.822000 -0.874000 -13.722000
c<B>r<181>R<ASN> -4.060000 -1.521000 -10.473000
c<B>r<182>R<ILE> -6.817000 -0.923000 -7.925000
c<B>r<183>R<PHE> -4.387000 -1.342000 -4.879000
c<B>r<184>R<ALA> -0.808000 0.007000 -4.847000
c<B>r<185>R<PRO> 2.106000 -2.268000 -4.102000
c<B>r<186>R<GLU> 2.691000 -4.177000 -1.829000
c<B>r<187>R<ASN> -0.780000 -5.552000 -1.627000
c<B>r<205>R<HIS> -6.909000 -6.347000 1.235000
c<B>r<206>R<ARG> -3.598000 -7.295000 2.790000
c<B>r<207>R<PRO> -0.755000 -4.712000 2.711000
c<B>r<208>R<SER> 2.801000 -6.007000 3.229000
c<B>r<209>R<LEU> 4.553000 -3.409000 5.380000
c<B>r<210>R<LYS> 8.297000 -2.655000 5.404000
c<B>r<211>R<SER> 8.793000 -0.435000 8.524000
c<B>r<212>R<ILE> 6.114000 -1.366000 11.050000
c<B>r<213>R<GLY> 2.950000 -3.520000 11.296000
c<B>r<214>R<ASN> 1.808000 -7.093000 10.736000
c<B>r<215>R<LEU> 0.537000 -9.033000 7.723000
c<B>r<216>R<ASP> -3.051000 -8.220000 8.664000
c<B>r<218>R<TRP> -7.481000 -4.386000 6.008000
c<B>r<219>R<ILE> -10.835000 -3.096000 4.663000
c<B>r<220>R<ALA> -11.370000 -0.269000 2.191000
c<B>r<221>R<SER> -14.443000 1.449000 0.659000
c<B>r<222>R<SER> -14.990000 2.424000 -2.989000
c<B>r<223>R<PRO> -17.421000 4.638000 -4.885000
c<B>r<224>R<ASP> -16.822001 2.884000 -8.209000
c<B>r<225>R<LEU> -14.973000 -0.508000 -7.464000
c<B>r<226>R<ARG> -11.818000 0.937000 -9.106000
c<B>r<227>R<SER> -10.675000 3.432000 -6.510000
c<B>r<228>R<PHE> -10.400000 2.693000 -2.808000
c<B>r<229>R<GLY> -10.058000 4.885000 0.284000
c<B>r<230>R<ASP> -10.916000 4.957000 3.968000
c<B>r<231>R<HIS> -8.451000 2.147000 4.678000
c<B>r<232>R<ARG> -9.019000 0.527000 8.090000
c<B>r<233>R<HIS> -7.332000 -2.235000 10.002000
c<B>r<236>R<GLY> -4.737000 -8.994000 12.844000
