c<A>r<39>R<TRP> -7.028000 -3.580000 6.874000
c<A>r<40>R<LYS> -7.733000 0.171000 6.779000
c<A>r<61>R<ARG> 0.330000 18.191999 0.754000
c<A>r<62>R<ASP> 1.035000 20.191000 -2.476000
c<A>r<68>R<GLN> 5.199000 17.577999 5.806000
c<A>r<69>R<ASP> 5.830000 15.886000 9.213000
c<A>r<72>R<MET> 1.664000 13.381000 8.791000
c<A>r<120>R<PRO> -14.219000 -5.887000 -2.127000
c<A>r<121>R<PHE> -12.256000 -2.917000 -3.616000
c<A>r<122>R<ASP> -8.691000 -1.759000 -2.836000
c<A>r<123>R<THR> -7.818000 1.777000 -1.533000
c<A>r<141>R<SER> -8.678000 7.145000 -19.469000
c<A>r<142>R<PHE> -6.248000 5.303000 -17.077000
c<A>r<145>R<GLU> -10.619000 1.490000 -16.534000
c<A>r<146>R<THR> -10.073000 0.803000 -12.815000
c<B>r<37>R<ASP> -9.026000 -13.213000 0.236000
c<B>r<38>R<GLY> -8.019000 -12.800000 -3.473000
c<B>r<39>R<TRP> -6.366000 -9.400000 -2.911000
c<B>r<40>R<LYS> -3.601000 -8.889000 -5.469000
c<B>r<61>R<ARG> 1.668000 4.939000 -19.091999
c<B>r<67>R<PRO> -3.831000 3.675000 -26.719000
c<B>r<68>R<GLN> -4.478000 3.255000 -22.962000
c<B>r<69>R<ASP> -7.190000 0.620000 -23.705999
c<B>r<71>R<PHE> -2.093000 -1.381000 -22.329000
c<B>r<72>R<MET> -4.908000 -2.097000 -19.854000
c<B>r<73>R<GLU> -6.256000 -5.099000 -21.833000
c<B>r<76>R<ASN> -5.925000 -7.282000 -17.082001
c<B>r<121>R<PHE> 2.602000 -4.036000 4.412000
c<B>r<122>R<ASP> -0.066000 -2.373000 2.230000
c<B>r<123>R<THR> 0.350000 -2.139000 -1.626000
c<B>r<124>R<PHE> 2.009000 1.234000 -1.374000
c<B>r<141>R<SER> 10.000000 13.471000 1.376000
c<B>r<142>R<PHE> 6.306000 12.575000 0.808000
c<B>r<145>R<GLU> 8.031000 8.420000 6.069000
c<B>r<146>R<THR> 6.041000 5.454000 4.669000
