c<A>r<1>R<PRO> -13.875000 -6.199000 -10.876000
c<A>r<2>R<GLU> -13.400000 -2.443000 -11.587000
c<A>r<3>R<ARG> -10.666000 -0.004000 -10.425000
c<A>r<4>R<LEU> -11.073000 1.208000 -6.771000
c<A>r<5>R<GLN> -13.531000 -1.599000 -5.908000
c<A>r<6>R<VAL> -12.771000 -3.195000 -2.511000
c<A>r<7>R<TYR> -13.226000 -6.986000 -2.166000
c<A>r<8>R<LYS> -13.237000 -9.057000 1.075000
c<A>r<9>R<CYS> -12.823000 -12.762000 1.754000
c<A>r<11>R<VAL> -13.490000 -16.568001 5.624000
c<A>r<12>R<CYS> -9.849000 -15.428000 6.118000
c<A>r<13>R<GLY> -10.347000 -11.617000 6.170000
c<A>r<14>R<ASN> -8.236000 -10.864000 3.035000
c<A>r<15>R<ILE> -9.202000 -7.361000 1.790000
c<A>r<16>R<VAL> -7.980000 -6.077000 -1.593000
c<A>r<17>R<GLU> -8.417000 -2.937000 -3.732000
c<A>r<18>R<VAL> -8.541000 -3.316000 -7.549000
c<A>r<19>R<LEU> -5.783000 -1.299000 -9.330000
c<A>r<20>R<ASN> -6.587000 -2.757000 -12.804000
c<A>r<21>R<GLY> -9.896000 -4.391000 -13.820000
c<A>r<22>R<GLY> -10.251000 -7.598000 -15.868000
c<A>r<23>R<ILE> -12.952000 -10.163000 -16.759001
c<A>r<24>R<GLY> -12.111000 -12.696000 -13.985000
c<A>r<25>R<GLU> -13.844000 -13.054000 -10.605000
c<A>r<26>R<LEU> -11.716000 -12.655000 -7.430000
c<A>r<27>R<VAL> -11.695000 -15.872000 -5.339000
c<A>r<28>R<CYS> -10.179000 -16.538000 -1.897000
c<A>r<29>R<CYS> -10.676000 -19.610001 0.372000
c<A>r<30>R<ASN> -12.555000 -21.419001 -2.481000
c<A>r<31>R<GLN> -15.336000 -18.763000 -2.687000
c<A>r<32>R<ASP> -15.981000 -15.505000 -4.524000
c<A>r<33>R<MET> -14.717000 -12.454000 -2.637000
c<A>r<57>R<GLY> -3.328000 22.768999 1.317000
c<A>r<58>R<GLY> -5.955000 19.920000 1.409000
c<A>r<77>R<GLN> -8.628000 0.197000 9.364000
c<A>r<78>R<TRP> -8.028000 2.991000 6.803000
c<A>r<79>R<ILE> -9.297000 6.328000 5.485000
c<A>r<80>R<GLU> -9.103000 7.158000 1.758000
c<A>r<81>R<LEU> -9.298000 10.386000 -0.243000
c<A>r<82>R<LEU> -10.111000 10.044000 -3.960000
c<A>r<83>R<ALA> -9.615000 12.989000 -6.338000
c<A>r<84>R<ASP> -9.323000 12.952000 -10.169000
c<A>r<85>R<ASP> -6.836000 10.089000 -10.990000
c<A>r<86>R<LYS> -5.513000 9.933000 -7.305000
c<A>r<87>R<CYS> -6.186000 7.497000 -4.414000
c<A>r<88>R<TYR> -4.585000 8.477000 -1.055000
c<A>r<89>R<THR> -4.839000 5.905000 1.787000
c<A>r<90>R<GLN> -4.051000 6.412000 5.504000
c<A>r<91>R<PHE> -3.893000 3.142000 7.469000
c<A>r<92>R<LEU> -4.951000 3.484000 11.119000
c<A>r<93>R<LYS> -4.259000 1.490000 14.324000
c<A>r<100>R<ALA> -6.667000 11.542000 8.471000
c<A>r<102>R<PHE> -4.390000 14.680000 3.050000
c<A>r<103>R<LEU> -2.505000 17.525999 1.353000
c<A>r<104>R<ILE> -4.038000 17.621000 -2.148000
c<A>r<105>R<GLU> -4.977000 20.160000 -4.808000
c<A>r<116>R<ASN> -13.356000 -3.844000 10.421000
c<B>r<1>R<PRO> -0.876000 -12.065000 1.261000
c<B>r<2>R<GLU> 0.682000 -9.126000 3.171000
c<B>r<3>R<ARG> -0.500000 -5.469000 3.283000
c<B>r<4>R<LEU> 0.535000 -3.401000 0.176000
c<B>r<5>R<GLN> 1.475000 -6.530000 -1.826000
c<B>r<6>R<VAL> 0.381000 -6.279000 -5.489000
c<B>r<7>R<TYR> -1.077000 -9.398000 -7.174000
c<B>r<8>R<LYS> -1.823000 -9.976000 -10.905000
c<B>r<9>R<CYS> -3.956000 -12.499000 -12.749000
c<B>r<11>R<VAL> -5.015000 -14.640000 -17.666000
c<B>r<12>R<CYS> -7.363000 -11.608000 -17.497999
c<B>r<13>R<GLY> -4.946000 -8.899000 -16.215000
c<B>r<14>R<ASN> -6.807000 -8.212000 -12.910000
c<B>r<15>R<ILE> -4.381000 -6.362000 -10.573000
c<B>r<16>R<VAL> -5.131000 -5.928000 -6.857000
c<B>r<17>R<GLU> -3.363000 -4.387000 -3.845000
c<B>r<18>R<VAL> -3.777000 -5.998000 -0.397000
c<B>r<19>R<LEU> -5.339000 -3.579000 2.151000
c<B>r<20>R<ASN> -5.596000 -6.330000 4.824000
c<B>r<21>R<GLY> -3.735000 -9.675000 4.776000
c<B>r<22>R<GLY> -5.401000 -13.012000 5.668000
c<B>r<23>R<ILE> -4.329000 -16.688999 5.313000
c<B>r<24>R<GLY> -6.052000 -17.409000 1.968000
c<B>r<25>R<GLU> -4.462000 -17.440001 -1.498000
c<B>r<26>R<LEU> -5.812000 -14.933000 -4.063000
c<B>r<27>R<VAL> -7.291000 -16.730000 -7.114000
c<B>r<28>R<CYS> -8.552000 -15.276000 -10.417000
c<B>r<29>R<CYS> -9.555000 -17.191999 -13.599000
c<B>r<30>R<ASN> -9.236000 -20.502001 -11.610000
c<B>r<31>R<GLN> -5.483000 -19.833000 -11.085000
c<B>r<32>R<ASP> -3.427000 -18.371000 -8.246000
c<B>r<33>R<MET> -2.722000 -14.674000 -8.729000
c<B>r<57>R<GLY> 5.856000 20.787001 0.036000
c<B>r<58>R<GLY> 6.527000 17.172001 -1.157000
c<B>r<77>R<GLN> -0.548000 2.452000 -15.151000
c<B>r<78>R<TRP> 0.213000 4.158000 -11.790000
c<B>r<79>R<ILE> 2.925000 5.771000 -9.675000
c<B>r<80>R<GLU> 2.752000 5.278000 -5.909000
c<B>r<81>R<LEU> 4.548000 6.939000 -2.983000
c<B>r<82>R<LEU> 4.726000 5.166000 0.408000
c<B>r<83>R<ALA> 5.471000 7.138000 3.590000
c<B>r<84>R<ASP> 4.923000 5.953000 7.204000
c<B>r<85>R<ASP> 1.349000 4.445000 7.406000
c<B>r<86>R<LYS> 0.257000 6.215000 4.120000
c<B>r<87>R<CYS> 0.013000 5.175000 0.461000
c<B>r<88>R<TYR> -0.351000 7.839000 -2.284000
c<B>r<89>R<THR> -1.387000 6.553000 -5.747000
c<B>r<90>R<GLN> -1.503000 8.557000 -9.006000
c<B>r<91>R<PHE> -3.087000 6.628000 -11.902000
c<B>r<92>R<LEU> -1.767000 7.427000 -15.381000
c<B>r<93>R<LYS> -3.070000 7.094000 -18.982000
c<B>r<100>R<ALA> 3.522000 12.344000 -10.329000
c<B>r<101>R<VAL> 3.635000 15.068000 -7.633000
c<B>r<102>R<PHE> 2.784000 14.133000 -4.030000
c<B>r<103>R<LEU> 2.284000 16.900000 -1.426000
c<B>r<104>R<ILE> 3.540000 15.181000 1.759000
c<B>r<105>R<GLU> 5.545000 15.784000 4.941000
c<B>r<116>R<ASN> 1.753000 -2.603000 -18.069000
