c<A>r<5>R<ALA> -17.600000 8.622000 16.709000
c<A>r<6>R<GLN> -19.763000 8.517000 13.564000
c<A>r<7>R<VAL> -17.371000 6.233000 11.617000
c<A>r<9>R<ILE> -12.859000 1.630000 10.996000
c<A>r<11>R<GLY> -8.633000 -1.941000 10.636000
c<A>r<12>R<GLY> -5.514000 -3.927000 10.106000
c<A>r<13>R<ARG> -2.711000 -2.362000 7.953000
c<A>r<14>R<ILE> -5.339000 -0.482000 5.796000
c<A>r<15>R<GLY> -7.070000 1.257000 8.762000
c<A>r<16>R<THR> -4.393000 3.999000 9.186000
c<A>r<17>R<GLY> -4.806000 5.310000 5.601000
c<A>r<18>R<ALA> -8.620000 5.337000 5.873000
c<A>r<19>R<TYR> -8.475000 7.033000 9.318000
c<A>r<20>R<ASP> -6.080000 9.794000 8.162000
c<A>r<21>R<GLU> -8.133000 10.448000 4.940000
c<A>r<22>R<LEU> -11.411000 10.751000 6.941000
c<A>r<25>R<ARG> -11.890000 15.589000 5.286000
c<A>r<26>R<TYR> -14.269000 15.614000 8.313000
c<A>r<29>R<ILE> -15.326000 11.607000 13.589000
c<A>r<69>R<HIS> -24.260000 7.829000 16.344000
c<A>r<70>R<VAL> -22.357000 5.380000 14.056000
c<A>r<71>R<LYS> -23.420000 6.215000 10.455000
c<A>r<72>R<LEU> -20.621000 4.406000 8.557000
c<A>r<74>R<LEU> -15.451000 0.472000 7.125000
c<A>r<76>R<ALA> -10.793000 -3.859000 6.416000
c<A>r<96>R<GLY> -25.923000 2.995000 8.852000
c<A>r<97>R<GLN> -23.816999 2.419000 5.755000
c<A>r<98>R<ILE> -21.313999 -0.466000 5.455000
c<A>r<99>R<ALA> -18.344999 -0.420000 3.085000
c<A>r<100>R<ALA> -15.748000 -3.182000 2.636000
c<A>r<101>R<ILE> -12.333000 -3.720000 1.000000
c<A>r<103>R<GLU> -8.449000 -8.575000 -2.623000
c<A>r<117>R<ASP> -23.458000 -0.765000 0.461000
c<A>r<118>R<ALA> -20.037001 -0.575000 -1.288000
c<A>r<119>R<ALA> -17.090000 -2.933000 -1.973000
c<A>r<120>R<PHE> -13.635000 -1.935000 -3.330000
c<A>r<121>R<ASN> -10.532000 -3.796000 -4.562000
c<A>r<122>R<ILE> -7.432000 -3.317000 -2.315000
c<A>r<123>R<TYR> -4.998000 -2.853000 -5.221000
c<A>r<124>R<SER> -7.247000 -0.466000 -7.191000
c<A>r<125>R<GLU> -7.576000 1.615000 -3.992000
c<A>r<126>R<ALA> -3.792000 1.447000 -3.367000
c<A>r<127>R<GLY> -3.158000 2.646000 -6.953000
c<A>r<128>R<SER> -5.704000 5.505000 -6.616000
c<A>r<129>R<GLY> -4.315000 6.616000 -3.205000
c<A>r<130>R<PHE> -0.717000 6.352000 -4.476000
c<A>r<131>R<ALA> -1.268000 8.390000 -7.683000
c<A>r<132>R<ARG> -3.117000 11.093000 -5.676000
c<A>r<133>R<HIS> -0.425000 11.318000 -2.948000
c<A>r<134>R<VAL> 2.415000 11.353000 -5.539000
c<A>r<135>R<CYS> 0.696000 14.239000 -7.385000
c<A>r<137>R<GLN> 3.846000 15.598000 -2.785000
c<A>r<138>R<LEU> 5.806000 15.932000 -6.069000
c<A>r<139>R<GLU> 3.493000 18.486000 -7.814000
c<A>r<140>R<PRO> 4.448000 17.115999 -11.305000
c<A>r<141>R<GLN> 4.244000 19.669001 -14.153000
c<A>r<142>R<PHE> 2.536000 17.982000 -17.132999
c<C>r<5>R<ALA> 2.792000 9.844000 -22.499001
c<C>r<6>R<GLN> 4.121000 11.997000 -19.628000
c<C>r<7>R<VAL> 3.532000 9.331000 -16.919001
c<C>r<9>R<ILE> 2.946000 3.259000 -14.733000
c<C>r<12>R<GLY> 1.046000 -5.049000 -11.504000
c<C>r<13>R<ARG> -2.068000 -5.089000 -9.336000
c<C>r<14>R<ILE> -2.126000 -1.337000 -8.417000
c<C>r<15>R<GLY> -1.527000 -0.018000 -11.982000
c<C>r<16>R<THR> -5.272000 0.127000 -12.850000
c<C>r<17>R<GLY> -6.114000 2.340000 -9.832000
c<C>r<18>R<ALA> -3.170000 4.691000 -10.483000
c<C>r<19>R<TYR> -4.025000 4.908000 -14.225000
c<C>r<20>R<ASP> -7.725000 5.681000 -13.608000
c<C>r<21>R<GLU> -6.977000 8.386000 -10.907000
c<C>r<22>R<LEU> -4.388000 10.083000 -13.218000
c<C>r<25>R<ARG> -7.259000 14.367000 -12.991000
c<C>r<26>R<TYR> -5.108000 15.037000 -16.111000
c<C>r<29>R<ILE> -1.179000 11.390000 -20.075001
c<C>r<69>R<HIS> 8.236000 13.333000 -22.733000
c<C>r<70>R<VAL> 8.139000 11.135000 -19.580999
c<C>r<71>R<LYS> 8.077000 13.409000 -16.479000
c<C>r<72>R<LEU> 6.919000 10.864000 -13.871000
c<C>r<74>R<LEU> 5.389000 5.120000 -10.949000
c<C>r<76>R<ALA> 4.549000 -0.738000 -8.368000
c<C>r<96>R<GLY> 11.867000 13.310000 -14.349000
c<C>r<97>R<GLN> 10.356000 12.311000 -11.022000
c<C>r<98>R<ILE> 10.300000 8.718000 -9.687000
c<C>r<99>R<ALA> 7.726000 7.541000 -7.155000
c<C>r<100>R<ALA> 7.544000 4.039000 -5.675000
c<C>r<101>R<ILE> 5.130000 1.963000 -3.594000
c<C>r<103>R<GLU> 4.719000 -3.116000 1.487000
c<C>r<117>R<ASP> 11.625000 11.251000 -5.048000
c<C>r<118>R<ALA> 8.720000 9.684000 -3.067000
c<C>r<119>R<ALA> 7.915000 6.293000 -1.456000
c<C>r<120>R<PHE> 4.471000 5.179000 -0.134000
c<C>r<121>R<ASN> 3.113000 2.192000 1.836000
c<C>r<122>R<ILE> 0.632000 0.018000 -0.173000
c<C>r<123>R<TYR> -1.786000 -0.485000 2.775000
c<C>r<124>R<SER> -1.807000 3.218000 3.765000
c<C>r<125>R<GLU> -2.544000 4.074000 0.101000
c<C>r<126>R<ALA> -5.259000 1.360000 -0.047000
c<C>r<127>R<GLY> -6.940000 2.814000 3.076000
c<C>r<128>R<SER> -6.688000 6.364000 1.721000
c<C>r<129>R<GLY> -8.161000 5.444000 -1.712000
c<C>r<130>R<PHE> -10.859000 3.315000 -0.028000
c<C>r<131>R<ALA> -12.075000 6.060000 2.363000
c<C>r<132>R<ARG> -12.113000 8.624000 -0.518000
c<C>r<133>R<HIS> -14.085000 6.331000 -2.885000
c<C>r<134>R<VAL> -16.535999 5.303000 -0.097000
c<C>r<135>R<CYS> -17.215000 8.998000 0.669000
c<C>r<137>R<GLN> -20.051001 6.654000 -3.741000
c<C>r<138>R<LEU> -22.075001 6.577000 -0.481000
c<C>r<139>R<GLU> -22.096001 10.373000 0.240000
c<C>r<140>R<PRO> -22.356001 9.774000 4.053000
c<C>r<141>R<GLN> -24.049000 12.563000 6.086000
c<C>r<142>R<PHE> -21.999001 13.174000 9.301000
