c<A>r<114>R<LEU> -17.285999 33.402000 15.962000
c<A>r<115>R<LYS> -17.309999 37.167000 15.989000
c<A>r<116>R<GLY> -14.326000 37.130001 13.612000
c<A>r<117>R<LEU> -16.143000 34.839001 11.205000
c<A>r<118>R<ASP> -19.096001 37.283001 11.496000
c<A>r<119>R<LYS> -17.023001 40.327000 10.619000
c<A>r<120>R<ALA> -15.943000 38.490002 7.477000
c<A>r<121>R<SER> -19.372999 38.084000 5.868000
c<A>r<122>R<GLU> -18.868999 40.685001 3.100000
c<A>r<123>R<LEU> -16.316000 38.251999 1.567000
c<A>r<124>R<ALA> -19.077999 35.805000 0.768000
c<A>r<125>R<THR> -20.315001 38.087002 -2.034000
c<A>r<126>R<LEU> -17.273001 40.355000 -2.580000
c<A>r<127>R<THR> -17.351999 41.342999 -6.242000
c<A>r<128>R<PRO> -14.320000 41.634998 -8.558000
c<A>r<129>R<GLU> -14.837000 45.437000 -8.754000
c<A>r<130>R<GLY> -15.408000 45.660999 -5.006000
c<A>r<131>R<LEU> -12.046000 43.986000 -4.215000
c<A>r<132>R<ALA> -10.354000 46.528999 -6.486000
c<A>r<133>R<ARG> -11.971000 49.428001 -4.649000
c<A>r<134>R<GLU> -11.779000 48.591000 -0.938000
c<A>r<135>R<HIS> -8.799000 46.335999 -1.560000
c<A>r<136>R<SER> -7.083000 48.042999 1.289000
c<A>r<137>R<ARG> -9.704000 48.491001 4.033000
c<A>r<138>R<LEU> -11.115000 44.946999 3.845000
c<A>r<139>R<ALA> -7.652000 43.769001 4.868000
c<A>r<140>R<SER> -6.787000 45.417000 8.165000
c<A>r<141>R<GLY> -8.165000 47.042000 11.212000
c<A>r<142>R<ASP> -11.642000 45.528999 11.342000
c<A>r<143>R<GLY> -11.391000 44.483002 7.658000
c<A>r<144>R<ALA> -12.973000 41.243999 6.506000
c<A>r<145>R<LEU> -9.763000 39.700001 5.410000
c<A>r<146>R<ARG> -7.941000 40.248001 8.708000
c<A>r<147>R<SER> -10.882000 39.126999 10.799000
c<A>r<148>R<LEU> -11.250000 35.919998 8.809000
c<A>r<187>R<THR> -1.688000 46.181000 6.525000
c<A>r<188>R<GLY> 0.258000 47.025002 3.365000
c<A>r<192>R<SER> -2.538000 45.377998 -0.832000
c<A>r<210>R<LEU> -12.807000 33.948002 -1.407000
c<A>r<211>R<HIS> -16.447001 32.995998 -2.048000
c<A>r<212>R<GLN> -15.546000 29.278000 -1.849000
c<A>r<213>R<VAL> -13.730000 29.888000 1.465000
c<A>r<215>R<SER> -19.049999 28.544001 2.110000
c<A>r<216>R<GLU> -16.583000 26.122999 3.729000
c<A>r<217>R<VAL> -16.393999 28.680000 6.680000
c<A>r<218>R<ALA> -20.139000 28.278999 7.035000
c<A>r<219>R<LEU> -19.705999 24.593000 7.709000
c<A>r<220>R<LEU> -16.729000 25.169001 9.958000
c<A>r<221>R<ARG> -18.764000 27.643999 11.968000
c<A>r<222>R<GLN> -21.499001 25.152000 12.700000
c<A>r<225>R<GLU> -20.638000 26.978001 17.443001
c<C>r<10>R<GLY> -17.132999 54.686001 5.240000
c<C>r<11>R<ASP> -15.099000 51.570999 4.453000
c<C>r<12>R<GLY> -13.884000 50.905998 0.954000
c<C>r<13>R<ALA> -16.476999 49.277000 -1.252000
c<C>r<14>R<VAL> -19.546000 50.049999 0.893000
c<C>r<15>R<GLY> -21.030001 51.965000 -2.074000
c<C>r<31>R<GLU> -18.728001 48.855999 -12.720000
c<C>r<32>R<TYR> -16.832001 49.313000 -9.469000
c<C>r<33>R<ILE> -13.780000 51.536999 -9.215000
c<C>r<34>R<PRO> -12.309000 53.342999 -6.170000
c<C>r<35>R<THR> -12.443000 57.125999 -6.196000
c<C>r<59>R<ALA> -11.872000 57.227001 -0.297000
c<C>r<60>R<GLY> -12.557000 54.493000 2.243000
c<C>r<61>R<GLN> -9.180000 52.755001 1.964000
c<C>r<62>R<GLU> -6.587000 53.148998 4.670000
c<C>r<63>R<ASP> -4.015000 54.313999 2.111000
c<C>r<64>R<TYR> -6.043000 57.537998 1.830000
c<C>r<83>R<SER> -22.829000 47.919998 3.806000
c<C>r<84>R<LEU> -25.745001 45.945000 5.198000
c<C>r<85>R<VAL> -24.011000 42.751999 4.050000
c<C>r<86>R<SER> -20.597000 43.554001 5.610000
c<C>r<87>R<PRO> -20.554001 43.213001 9.413000
c<C>r<88>R<ALA> -16.952000 44.402000 9.423000
c<C>r<89>R<SER> -17.933001 47.647999 7.722000
c<C>r<90>R<PHE> -20.645000 48.060001 10.393000
c<C>r<91>R<GLU> -18.216000 47.627998 13.262000
c<C>r<92>R<ASN> -15.883000 50.129002 11.579000
c<C>r<95>R<ALA> -14.025000 51.696999 15.498000
c<C>r<96>R<LYS> -13.077000 54.257999 12.845000
c<C>r<119>R<LEU> -28.437000 42.439999 -1.085000
c<C>r<124>R<ASP> -28.231001 34.000000 -2.914000
c<C>r<125>R<THR> -26.207001 36.603001 -1.022000
c<C>r<126>R<ILE> -27.778000 35.473000 2.249000
c<C>r<127>R<GLU> -27.052999 31.836000 1.623000
c<C>r<128>R<LYS> -23.535000 32.803001 0.614000
c<C>r<129>R<LEU> -23.011000 34.841999 3.843000
c<C>r<130>R<LYS> -24.362000 31.916000 5.834000
c<C>r<131>R<GLU> -21.768999 29.583000 4.384000
c<C>r<132>R<LYS> -19.297001 32.042999 5.914000
c<C>r<133>R<LYS> -21.054001 32.333000 9.282000
c<C>r<134>R<LEU> -22.087000 35.933998 8.514000
c<C>r<135>R<THR> -25.563000 37.485001 8.723000
c<C>r<136>R<PRO> -26.684000 40.820999 7.302000
