c<A>r<118>R<ASP> -19.096001 37.283001 11.496000
c<A>r<119>R<LYS> -17.023001 40.327000 10.619000
c<A>r<120>R<ALA> -15.943000 38.490002 7.477000
c<A>r<121>R<SER> -19.372999 38.084000 5.868000
c<A>r<122>R<GLU> -18.868999 40.685001 3.100000
c<A>r<123>R<LEU> -16.316000 38.251999 1.567000
c<A>r<124>R<ALA> -19.077999 35.805000 0.768000
c<A>r<125>R<THR> -20.315001 38.087002 -2.034000
c<A>r<126>R<LEU> -17.273001 40.355000 -2.580000
c<A>r<127>R<THR> -17.351999 41.342999 -6.242000
c<A>r<128>R<PRO> -14.320000 41.634998 -8.558000
c<A>r<129>R<GLU> -14.837000 45.437000 -8.754000
c<A>r<130>R<GLY> -15.408000 45.660999 -5.006000
c<A>r<131>R<LEU> -12.046000 43.986000 -4.215000
c<A>r<132>R<ALA> -10.354000 46.528999 -6.486000
c<A>r<133>R<ARG> -11.971000 49.428001 -4.649000
c<A>r<134>R<GLU> -11.779000 48.591000 -0.938000
c<A>r<135>R<HIS> -8.799000 46.335999 -1.560000
c<A>r<136>R<SER> -7.083000 48.042999 1.289000
c<A>r<137>R<ARG> -9.704000 48.491001 4.033000
c<A>r<138>R<LEU> -11.115000 44.946999 3.845000
c<A>r<139>R<ALA> -7.652000 43.769001 4.868000
c<A>r<140>R<SER> -6.787000 45.417000 8.165000
c<A>r<141>R<GLY> -8.165000 47.042000 11.212000
c<A>r<142>R<ASP> -11.642000 45.528999 11.342000
c<A>r<143>R<GLY> -11.391000 44.483002 7.658000
c<A>r<144>R<ALA> -12.973000 41.243999 6.506000
c<A>r<187>R<THR> -1.688000 46.181000 6.525000
c<A>r<188>R<GLY> 0.258000 47.025002 3.365000
c<A>r<196>R<LEU> -3.749000 47.525002 -7.564000
c<A>r<200>R<PRO> -9.376000 41.757999 -14.196000
c<A>r<210>R<LEU> -12.807000 33.948002 -1.407000
c<A>r<211>R<HIS> -16.447001 32.995998 -2.048000
c<A>r<212>R<GLN> -15.546000 29.278000 -1.849000
c<A>r<213>R<VAL> -13.730000 29.888000 1.465000
c<A>r<215>R<SER> -19.049999 28.544001 2.110000
c<A>r<216>R<GLU> -16.583000 26.122999 3.729000
c<A>r<217>R<VAL> -16.393999 28.680000 6.680000
c<A>r<218>R<ALA> -20.139000 28.278999 7.035000
c<A>r<219>R<LEU> -19.705999 24.593000 7.709000
c<A>r<221>R<ARG> -18.764000 27.643999 11.968000
c<C>r<11>R<ASP> -16.669001 50.944000 3.585000
c<C>r<12>R<GLY> -14.430000 50.401001 0.610000
c<C>r<13>R<ALA> -16.225000 48.952000 -2.377000
c<C>r<14>R<VAL> -19.799999 49.717999 -1.259000
c<C>r<15>R<GLY> -20.254000 51.808998 -4.436000
c<C>r<16>R<LYS> -19.733000 55.426998 -3.346000
c<C>r<17>R<THR> -17.937000 56.591000 -6.489000
c<C>r<31>R<GLU> -14.780000 49.117001 -13.981000
c<C>r<32>R<TYR> -13.991000 49.368999 -10.282000
c<C>r<33>R<ILE> -11.140000 51.487999 -8.973000
c<C>r<34>R<PRO> -10.670000 53.110001 -5.531000
c<C>r<35>R<THR> -10.735000 56.891998 -5.400000
c<C>r<59>R<ALA> -12.038000 56.709000 0.379000
c<C>r<60>R<GLY> -13.522000 53.884998 2.433000
c<C>r<61>R<GLN> -10.252000 52.061001 3.130000
c<C>r<62>R<GLU> -8.630000 52.255001 6.526000
c<C>r<63>R<ASP> -5.371000 53.457001 4.962000
c<C>r<64>R<TYR> -7.163000 56.750000 4.232000
c<C>r<65>R<ASP> -8.529000 57.280998 7.752000
c<C>r<83>R<SER> -23.860001 47.558998 0.370000
c<C>r<84>R<LEU> -27.093000 45.611000 0.678000
c<C>r<85>R<VAL> -25.132000 42.422001 -0.038000
c<C>r<86>R<SER> -22.367001 43.049999 2.549000
c<C>r<87>R<PRO> -23.521000 42.536999 6.153000
c<C>r<88>R<ALA> -20.086000 43.616001 7.347000
c<C>r<89>R<SER> -20.438999 46.964001 5.597000
c<C>r<90>R<PHE> -23.844999 47.335999 7.307000
c<C>r<91>R<GLU> -22.441000 46.702000 10.764000
c<C>r<92>R<ASN> -19.663000 49.206001 10.025000
c<C>r<95>R<ALA> -19.103001 50.539001 14.404000
c<C>r<96>R<LYS> -17.336000 53.187000 12.317000
c<C>r<119>R<LEU> -27.733999 42.476002 -6.305000
c<C>r<125>R<THR> -25.719000 36.577000 -5.855000
c<C>r<126>R<ILE> -28.250000 35.348999 -3.301000
c<C>r<127>R<GLU> -27.417999 31.723000 -3.859000
c<C>r<128>R<LYS> -23.747999 32.630001 -3.668000
c<C>r<129>R<LEU> -24.231001 34.504002 -0.335000
c<C>r<130>R<LYS> -26.179001 31.532000 0.979000
c<C>r<131>R<GLU> -23.297001 29.190001 0.290000
c<C>r<132>R<LYS> -21.392000 31.504000 2.641000
c<C>r<133>R<LYS> -24.110001 31.694000 5.304000
c<C>r<134>R<LEU> -24.799000 35.355000 4.441000
c<C>r<135>R<THR> -28.143000 36.999001 3.637000
c<C>r<136>R<PRO> -28.716999 40.426998 2.114000
