c<A>r<123>R<LEU> -16.316000 38.251999 1.567000
c<A>r<124>R<ALA> -19.077999 35.805000 0.768000
c<A>r<125>R<THR> -20.315001 38.087002 -2.034000
c<A>r<126>R<LEU> -17.273001 40.355000 -2.580000
c<A>r<127>R<THR> -17.351999 41.342999 -6.242000
c<A>r<128>R<PRO> -14.320000 41.634998 -8.558000
c<A>r<167>R<GLN> -10.145000 22.698999 8.179000
c<A>r<170>R<ARG> -6.379000 24.216999 5.204000
c<A>r<171>R<LEU> -8.318000 27.495001 4.813000
c<A>r<174>R<ARG> -5.230000 28.051001 0.763000
c<A>r<176>R<ILE> -5.949000 33.236000 -2.961000
c<A>r<177>R<GLY> -4.504000 34.398998 -6.267000
c<A>r<200>R<PRO> -9.376000 41.757999 -14.196000
c<A>r<201>R<GLU> -8.169000 38.179001 -14.497000
c<A>r<202>R<LEU> -6.471000 37.591000 -11.068000
c<A>r<203>R<ARG> -9.325000 39.618999 -9.536000
c<A>r<204>R<ARG> -12.150000 37.410999 -10.697000
c<A>r<205>R<GLU> -9.923000 34.570999 -9.506000
c<A>r<206>R<ILE> -9.255000 35.722000 -5.996000
c<A>r<207>R<THR> -12.951000 36.674999 -5.712000
c<A>r<208>R<ASP> -14.227000 33.279999 -6.706000
c<A>r<209>R<GLN> -11.760000 31.726999 -4.288000
c<A>r<210>R<LEU> -12.807000 33.948002 -1.407000
c<A>r<211>R<HIS> -16.447001 32.995998 -2.048000
c<A>r<212>R<GLN> -15.546000 29.278000 -1.849000
c<A>r<213>R<VAL> -13.730000 29.888000 1.465000
c<A>r<215>R<SER> -19.049999 28.544001 2.110000
c<A>r<216>R<GLU> -16.583000 26.122999 3.729000
c<A>r<217>R<VAL> -16.393999 28.680000 6.680000
c<A>r<218>R<ALA> -20.139000 28.278999 7.035000
c<A>r<219>R<LEU> -19.705999 24.593000 7.709000
c<A>r<220>R<LEU> -16.729000 25.169001 9.958000
c<A>r<222>R<GLN> -21.499001 25.152000 12.700000
c<A>r<223>R<ALA> -18.983999 22.833000 14.326000
c<A>r<224>R<VAL> -17.364000 25.617001 16.228001
c<A>r<226>R<SER> -21.603001 23.731001 18.927999
c<A>r<227>R<GLU> -18.193001 23.191000 20.547001
c<A>r<229>R<SER> -21.860001 25.851999 23.398001
c<A>r<230>R<ARG> -20.754000 22.346001 24.618999
c<C>r<46>R<VAL> -20.997000 14.758000 11.805000
c<C>r<47>R<ASP> -21.591999 16.841000 14.934000
c<C>r<48>R<GLY> -20.735001 13.915000 17.170000
c<C>r<84>R<LEU> -20.476000 27.752001 -11.845000
c<C>r<114>R<GLY> -22.280001 25.261000 -7.343000
c<C>r<117>R<LEU> -15.268000 26.197001 -8.588000
c<C>r<118>R<ASP> -11.736000 25.787001 -9.993000
c<C>r<119>R<LEU> -12.989000 26.992001 -13.385000
c<C>r<120>R<ARG> -14.494000 30.215000 -12.017000
c<C>r<121>R<ASP> -10.842000 30.882999 -11.122000
c<C>r<122>R<ASP> -9.429000 29.770000 -14.511000
c<C>r<123>R<LYS> -8.040000 32.799000 -16.323999
c<C>r<124>R<ASP> -8.452000 30.944000 -19.584000
c<C>r<126>R<ILE> -13.086000 33.205002 -18.020000
c<C>r<127>R<GLU> -11.600000 34.737999 -21.117001
c<C>r<136>R<PRO> -19.507000 32.713001 -14.297000
c<C>r<137>R<ILE> -22.101999 32.566002 -11.567000
c<C>r<138>R<THR> -21.034000 34.528999 -8.510000
c<C>r<139>R<TYR> -21.482000 33.612999 -4.851000
c<C>r<140>R<PRO> -24.202999 36.271000 -4.282000
c<C>r<141>R<GLN> -25.990000 35.063000 -7.429000
c<C>r<142>R<GLY> -25.881001 31.459999 -6.234000
c<C>r<143>R<LEU> -27.084000 32.368999 -2.728000
c<C>r<153>R<LYS> -27.639999 26.047001 2.276000
c<C>r<154>R<TYR> -25.757999 27.267000 -0.784000
c<C>r<155>R<LEU> -22.260000 25.752001 -1.176000
c<C>r<156>R<GLU> -19.542999 26.052999 -3.789000
c<C>r<157>R<CYS> -16.968000 23.313999 -4.458000
c<C>r<158>R<SER> -14.521000 21.722000 -6.872000
c<C>r<163>R<ARG> -12.045000 22.818001 -2.302000
c<C>r<164>R<GLY> -15.269000 22.851000 -0.268000
c<C>r<165>R<LEU> -16.039000 19.250000 -1.151000
c<C>r<166>R<LYS> -16.214001 17.745001 2.321000
c<C>r<167>R<THR> -18.356001 20.679001 3.457000
c<C>r<168>R<VAL> -21.063999 19.860001 0.887000
c<C>r<169>R<PHE> -21.607000 16.438999 2.424000
c<C>r<170>R<ASP> -21.205000 17.521999 6.052000
c<C>r<171>R<GLU> -23.903999 20.174999 5.397000
c<C>r<174>R<ARG> -26.410999 18.483999 9.072000
c<C>r<179>R<PRO> -29.243999 19.246000 16.382000
c<C>r<180>R<PRO> -28.693001 19.520000 20.091000
