c<A>r<102>R<LYS> -0.744000 28.521999 26.868999
c<A>r<103>R<GLN> -2.802000 25.768000 25.288000
c<A>r<105>R<VAL> -5.795000 29.834000 26.934999
c<A>r<106>R<LEU> -6.110000 29.483000 23.197001
c<A>r<107>R<GLN> -9.047000 27.111000 23.989000
c<A>r<146>R<ARG> -7.941000 40.248001 8.708000
c<A>r<147>R<SER> -10.882000 39.126999 10.799000
c<A>r<148>R<LEU> -11.250000 35.919998 8.809000
c<A>r<149>R<SER> -7.647000 34.845001 9.152000
c<A>r<150>R<THR> -7.490000 35.842999 12.781000
c<A>r<151>R<ALA> -10.624000 33.862999 13.457000
c<A>r<152>R<LEU> -9.346000 30.791000 11.542000
c<A>r<153>R<ALA> -6.006000 30.989000 13.353000
c<A>r<154>R<GLY> -8.020000 30.966000 16.660000
c<A>r<155>R<ILE> -9.975000 27.933001 15.653000
c<A>r<156>R<ARG> -6.763000 26.202000 14.510000
c<A>r<157>R<ALA> -5.075000 26.843000 17.888000
c<A>r<158>R<GLY> -8.039000 26.646999 20.211000
c<A>r<162>R<GLU> -9.315000 17.757000 15.243000
c<A>r<165>R<ARG> -8.306000 22.466000 13.413000
c<A>r<166>R<ILE> -7.341000 20.812000 10.073000
c<A>r<169>R<GLY> -5.531000 25.285999 8.796000
c<A>r<172>R<LEU> -5.511000 29.698999 6.203000
c<A>r<173>R<GLU> -2.994000 28.121000 3.886000
c<A>r<174>R<ARG> -5.230000 28.051001 0.763000
c<A>r<175>R<SER> -3.769000 30.323999 -1.915000
c<A>r<178>R<GLY> -1.267000 32.564999 -5.594000
c<A>r<179>R<ILE> -0.905000 34.069000 -2.069000
c<A>r<180>R<ALA> -2.090000 32.194000 1.069000
c<A>r<182>R<GLN> -3.524000 34.226002 5.693000
c<A>r<183>R<GLN> -1.378000 36.854000 4.010000
c<A>r<184>R<TRP> -4.427000 38.688999 2.760000
c<A>r<185>R<GLY> -5.115000 40.201000 6.169000
c<A>r<186>R<THR> -2.015000 42.414001 6.154000
c<A>r<187>R<THR> -1.688000 46.181000 6.525000
c<A>r<188>R<GLY> 0.258000 47.025002 3.365000
c<A>r<189>R<GLY> 1.971000 43.813999 2.375000
c<A>r<190>R<ALA> 1.970000 41.842999 -0.868000
c<A>r<191>R<ALA> -1.814000 41.605000 -0.772000
c<A>r<193>R<GLN> -0.310000 45.999001 -3.880000
c<A>r<194>R<LEU> -1.188000 42.743999 -5.636000
c<A>r<196>R<LEU> -3.749000 47.525002 -7.564000
c<A>r<197>R<ASP> -1.223000 45.580002 -9.754000
c<C>r<87>R<PRO> 6.882000 30.558001 22.174000
c<C>r<111>R<ILE> 9.771000 39.324001 6.480000
c<C>r<117>R<LEU> 3.836000 24.759001 10.394000
c<C>r<120>R<ARG> 1.192000 23.264000 14.784000
c<C>r<121>R<ASP> -0.999000 20.617001 13.119000
c<C>r<122>R<ASP> 0.589000 17.635000 14.938000
c<C>r<123>R<LYS> -1.950000 16.159000 17.337999
c<C>r<126>R<ILE> 0.071000 19.853001 20.620001
c<C>r<127>R<GLU> -0.772000 17.431000 23.372000
c<C>r<129>R<LEU> 3.083000 21.207001 24.462000
c<C>r<130>R<LYS> -0.071000 21.212999 26.562000
c<C>r<131>R<GLU> 1.499000 18.934000 29.134001
c<C>r<132>R<LYS> 4.077000 21.722000 29.427999
c<C>r<133>R<LYS> 1.563000 24.580999 29.562000
c<C>r<134>R<LEU> 2.642000 25.788000 26.099001
c<C>r<135>R<THR> 0.448000 26.539000 23.073999
c<C>r<136>R<PRO> 1.570000 27.049999 19.485001
c<C>r<137>R<ILE> 1.724000 30.527000 18.037001
c<C>r<138>R<THR> -1.386000 31.355000 16.042000
c<C>r<139>R<TYR> -1.641000 33.243999 12.757000
c<C>r<140>R<PRO> -3.172000 36.362999 14.405000
c<C>r<141>R<GLN> -0.431000 36.261002 17.059000
c<C>r<142>R<GLY> 2.276000 36.044998 14.404000
c<C>r<143>R<LEU> 0.751000 38.859001 12.325000
c<C>r<144>R<ALA> 0.672000 41.085999 15.439000
c<C>r<146>R<ALA> 5.052000 41.313999 12.366000
c<C>r<147>R<LYS> 3.247000 44.641998 12.667000
c<C>r<151>R<ALA> 7.743000 43.667000 8.776000
c<C>r<152>R<VAL> 6.297000 43.938999 5.274000
c<C>r<153>R<LYS> 4.804000 40.456001 5.518000
c<C>r<154>R<TYR> 4.080000 37.647999 7.964000
c<C>r<155>R<LEU> 4.275000 34.144001 6.425000
c<C>r<156>R<GLU> 3.905000 30.643000 7.805000
c<C>r<157>R<CYS> 5.590000 27.590000 6.250000
c<C>r<163>R<ARG> 3.539000 24.195999 2.589000
c<C>r<164>R<GLY> 3.994000 27.936001 2.009000
c<C>r<167>R<THR> 5.760000 31.921000 -1.011000
c<C>r<168>R<VAL> 8.300000 32.955002 1.651000
c<C>r<170>R<ASP> 8.676000 35.000999 -3.624000
c<C>r<171>R<GLU> 7.549000 37.542000 -0.975000
c<C>r<172>R<ALA> 11.117000 38.237999 0.192000
c<C>r<174>R<ARG> 8.704000 41.089001 -3.931000
c<C>r<175>R<ALA> 9.578000 43.136002 -0.828000
c<C>r<179>R<PRO> 6.630000 47.028999 -8.669000
c<C>r<180>R<PRO> 4.963000 48.292000 -11.793000
c<C>r<181>R<PRO> 3.488000 51.817001 -11.895000
