c<A>r<2>R<THR> -16.552999 -0.916000 25.082001
c<A>r<3>R<THR> -13.043000 -2.031000 23.903999
c<A>r<4>R<THR> -13.615000 -0.034000 20.677000
c<A>r<6>R<GLY> -12.931000 5.183000 16.598000
c<A>r<7>R<VAL> -10.732000 6.475000 13.722000
c<A>r<8>R<ILE> -11.855000 9.472000 11.569000
c<A>r<11>R<THR> -10.478000 10.050000 2.631000
c<A>r<12>R<ILE> -10.437000 6.221000 2.631000
c<A>r<13>R<THR> -8.795000 6.276000 -0.880000
c<A>r<14>R<SER> -5.540000 7.847000 0.471000
c<A>r<15>R<THR> -2.523000 5.545000 1.000000
c<A>r<16>R<TYR> -1.304000 8.152000 3.573000
c<A>r<17>R<PHE> -4.249000 7.765000 6.002000
c<A>r<18>R<ALA> -4.411000 3.979000 5.363000
c<A>r<19>R<ALA> -0.703000 3.561000 6.390000
c<A>r<20>R<ILE> -1.241000 5.605000 9.625000
c<A>r<21>R<THR> -4.429000 3.519000 10.181000
c<A>r<22>R<ARG> -2.266000 0.310000 10.143000
c<A>r<25>R<ASP> -4.985000 -1.079000 14.159000
c<A>r<34>R<ASN> -11.220000 -3.121000 18.028000
c<A>r<35>R<MET> -10.731000 -0.262000 15.585000
c<A>r<36>R<ILE> -13.795000 1.102000 13.774000
c<A>r<37>R<LEU> -12.988000 3.455000 10.882000
c<A>r<38>R<ALA> -15.186000 6.188000 9.379000
c<A>r<39>R<ASN> -14.749000 8.424000 6.313000
c<A>r<40>R<SER> -15.370000 12.234000 6.300000
c<A>r<41>R<ASP> -14.619000 13.313000 2.657000
c<A>r<46>R<LYS> -19.848000 14.662000 7.645000
c<A>r<49>R<LYS> -22.160000 13.156000 11.847000
c<A>r<50>R<VAL> -19.184999 10.719000 12.189000
c<A>r<52>R<GLU> -21.909000 11.865000 16.767000
c<A>r<53>R<THR> -21.834000 8.260000 15.376000
c<A>r<54>R<PHE> -18.665001 7.395000 17.389999
c<A>r<55>R<LEU> -20.087000 8.991000 20.594000
c<A>r<56>R<SER> -23.511000 7.209000 20.138000
c<A>r<57>R<LYS> -21.768000 3.867000 19.187000
c<A>r<58>R<GLN> -19.749001 4.455000 22.438999
c<A>r<59>R<VAL> -16.061001 4.352000 21.408001
c<A>r<164>R<TYR> -3.687000 13.465000 -9.241000
c<A>r<188>R<THR> -0.784000 11.763000 -5.109000
c<A>r<191>R<VAL> 2.551000 11.185000 -8.954000
c<A>r<192>R<GLY> 0.236000 13.358000 -11.142000
c<A>r<194>R<LEU> 5.490000 13.128000 -12.655000
c<A>r<195>R<SER> 2.953000 11.487000 -15.049000
c<A>r<198>R<MET> 6.901000 12.147000 -18.534000
c<A>r<199>R<ASP> 3.985000 12.552000 -21.054001
c<A>r<216>R<SER> 3.175000 6.343000 1.134000
c<A>r<217>R<PRO> 3.221000 3.144000 -1.077000
c<A>r<218>R<ILE> 2.343000 5.006000 -4.367000
c<A>r<219>R<THR> 5.862000 6.629000 -4.214000
c<A>r<220>R<GLN> 7.222000 3.105000 -5.042000
c<A>r<221>R<TYR> 4.674000 2.394000 -7.876000
c<A>r<222>R<THR> 6.005000 5.277000 -10.066000
c<A>r<223>R<TYR> 8.765000 5.102000 -12.698000
c<A>r<224>R<PRO> 11.071000 6.920000 -11.949000
c<A>r<225>R<THR> 10.340000 6.129000 -8.249000
c<B>r<1>R<ARG> -27.145000 2.762000 18.334999
c<B>r<2>R<THR> -27.330000 5.112000 15.275000
c<B>r<3>R<THR> -28.343000 4.376000 11.587000
c<B>r<4>R<THR> -25.264000 2.517000 10.313000
c<B>r<6>R<GLY> -20.837999 -2.031000 8.552000
c<B>r<7>R<VAL> -18.125999 -2.712000 5.897000
c<B>r<11>R<THR> -7.291000 -3.937000 4.380000
c<B>r<12>R<ILE> -8.068000 -0.253000 3.712000
c<B>r<13>R<THR> -4.418000 -0.011000 2.430000
c<B>r<14>R<SER> -5.644000 -1.758000 -0.775000
c<B>r<15>R<THR> -6.632000 0.770000 -3.487000
c<B>r<16>R<TYR> -9.006000 -1.989000 -4.787000
c<B>r<17>R<PHE> -11.125000 -2.256000 -1.581000
c<B>r<18>R<ALA> -10.886000 1.545000 -1.027000
c<B>r<19>R<ALA> -12.354000 2.219000 -4.544000
c<B>r<20>R<ILE> -15.237000 -0.258000 -3.853000
c<B>r<21>R<THR> -15.789000 1.245000 -0.341000
c<B>r<22>R<ARG> -16.132999 4.746000 -1.983000
c<B>r<25>R<ASP> -20.013000 5.357000 1.225000
c<B>r<26>R<ASP> -21.642000 7.633000 -1.437000
c<B>r<29>R<SER> -24.597000 8.887000 2.492000
c<B>r<34>R<ASN> -23.549999 6.393000 8.284000
c<B>r<35>R<MET> -20.715000 3.981000 7.301000
c<B>r<36>R<ILE> -18.329000 2.217000 9.711000
c<B>r<37>R<LEU> -15.545000 -0.031000 8.325000
c<B>r<38>R<ALA> -12.973000 -2.517000 9.731000
c<B>r<39>R<ASN> -9.822000 -4.325000 8.467000
c<B>r<46>R<LYS> -10.304000 -11.137000 13.261000
c<B>r<49>R<LYS> -14.270000 -10.481000 16.208000
c<B>r<50>R<VAL> -15.231000 -7.784000 13.602000
c<B>r<53>R<THR> -18.431999 -6.119000 16.881001
c<B>r<54>R<PHE> -20.743000 -5.001000 14.003000
c<B>r<56>R<SER> -22.877001 -5.550000 19.004999
c<B>r<57>R<LYS> -22.568001 -1.996000 17.475000
c<B>r<58>R<GLN> -25.974001 -2.944000 15.928000
c<B>r<59>R<VAL> -25.403000 -2.094000 12.267000
c<B>r<164>R<TYR> 4.206000 -5.800000 -4.804000
c<B>r<188>R<THR> -0.277000 -4.304000 -7.094000
c<B>r<191>R<VAL> 3.068000 -2.923000 -10.756000
c<B>r<192>R<GLY> 5.751000 -5.034000 -8.954000
c<B>r<194>R<LEU> 6.537000 -4.066000 -14.276000
c<B>r<195>R<SER> 9.052000 -2.443000 -11.835000
c<B>r<198>R<MET> 12.244000 -2.407000 -16.167999
c<B>r<217>R<PRO> -5.742000 3.939000 -9.604000
c<B>r<218>R<ILE> -2.149000 2.525000 -9.385000
c<B>r<219>R<THR> -2.578000 1.223000 -13.015000
c<B>r<220>R<GLN> -2.362000 4.941000 -14.059000
c<B>r<221>R<TYR> 0.587000 5.778000 -11.695000
c<B>r<222>R<THR> 2.978000 3.419000 -13.603000
c<B>r<223>R<TYR> 5.087000 4.317000 -16.653000
c<B>r<224>R<PRO> 4.287000 2.589000 -19.017000
c<B>r<225>R<THR> 0.639000 2.809000 -17.825001
