1764295252884 0.0 22
1764295252898 0.0 22
1764295286279 1.0 45
1764295286293 1.0 45
1764295319917 2.0 68
1764295319930 2.0 68
1764295353223 3.0 91
1764295353237 3.0 91
1764295386486 4.0 114
1764295386489 4.0 114
1764295420484 5.0 137
1764295420488 5.0 137
1764295454467 6.0 160
1764295454470 6.0 160
1764295487920 7.0 183
1764295487931 7.0 183
1764295522171 8.0 206
1764295522174 8.0 206
1764295555955 9.0 229
1764295555958 9.0 229
1764295589659 10.0 252
1764295589670 10.0 252
1764295623175 11.0 275
1764295623189 11.0 275
1764295656891 12.0 298
1764295656905 12.0 298
1764295690396 13.0 321
1764295690410 13.0 321
1764295723673 14.0 344
1764295723676 14.0 344
1764295757110 15.0 367
1764295757125 15.0 367
1764295790881 16.0 390
1764295790895 16.0 390
1764295824381 17.0 413
1764295824397 17.0 413
1764295857930 18.0 436
1764295857933 18.0 436
1764295891338 19.0 459
1764295891352 19.0 459
1764295924714 20.0 482
1764295924717 20.0 482
1764295958052 21.0 505
1764295958055 21.0 505
1764295991748 22.0 528
1764295991751 22.0 528
1764296025098 23.0 551
1764296025101 23.0 551
1764296058684 24.0 574
1764296058695 24.0 574
1764296092644 25.0 597
1764296092653 25.0 597
1764296126105 26.0 620
1764296126109 26.0 620
1764296159728 27.0 643
1764296159738 27.0 643
1764296193194 28.0 666
1764296193204 28.0 666
1764296227101 29.0 689
1764296227104 29.0 689
1764296260785 30.0 712
1764296260788 30.0 712
1764296294532 31.0 735
1764296294542 31.0 735
1764296327952 32.0 758
1764296327955 32.0 758
1764296361600 33.0 781
1764296361603 33.0 781
1764296395224 34.0 804
1764296395234 34.0 804
1764296428777 35.0 827
1764296428780 35.0 827
1764296462538 36.0 850
1764296462542 36.0 850
1764296495744 37.0 873
1764296495748 37.0 873
1764296529933 38.0 896
1764296529937 38.0 896
1764296563568 39.0 919
1764296563584 39.0 919
1764296597057 40.0 942
1764296597066 40.0 942
1764296630909 41.0 965
1764296630918 41.0 965
1764296664969 42.0 988
1764296664979 42.0 988
1764296698104 43.0 1011
1764296698113 43.0 1011
1764296731537 44.0 1034
1764296731547 44.0 1034
1764296765069 45.0 1057
1764296765078 45.0 1057
1764296798709 46.0 1080
1764296798719 46.0 1080
1764296832633 47.0 1103
1764296832636 47.0 1103
1764296866499 48.0 1126
1764296866510 48.0 1126
1764296900414 49.0 1149
1764296900417 49.0 1149
1764296935447 50.0 1172
1764296935456 50.0 1172
1764296969861 51.0 1195
1764296969864 51.0 1195
1764297003769 52.0 1218
1764297003773 52.0 1218
1764297037527 53.0 1241
1764297037538 53.0 1241
1764297071401 54.0 1264
1764297071405 54.0 1264
1764297104831 55.0 1287
1764297104834 55.0 1287
1764297138179 56.0 1310
1764297138183 56.0 1310
1764297172513 57.0 1333
1764297172516 57.0 1333
1764297206015 58.0 1356
1764297206018 58.0 1356
1764297239569 59.0 1379
1764297239572 59.0 1379
1764297273411 60.0 1402
1764297273415 60.0 1402
1764297306791 61.0 1425
1764297306794 61.0 1425
1764297340700 62.0 1448
1764297340704 62.0 1448
1764297374029 63.0 1471
1764297374033 63.0 1471
1764297407648 64.0 1494
1764297407652 64.0 1494
1764297441228 65.0 1517
1764297441232 65.0 1517
1764297475312 66.0 1540
1764297475316 66.0 1540
1764297508890 67.0 1563
1764297508893 67.0 1563
1764297542483 68.0 1586
1764297542486 68.0 1586
1764297575962 69.0 1609
1764297575965 69.0 1609
1764297609699 70.0 1632
1764297609703 70.0 1632
1764297643788 71.0 1655
1764297643792 71.0 1655
1764297677996 72.0 1678
1764297678001 72.0 1678
1764297712155 73.0 1701
1764297712159 73.0 1701
1764297745730 74.0 1724
1764297745734 74.0 1724
1764297779085 75.0 1747
1764297779088 75.0 1747
1764297812568 76.0 1770
1764297812571 76.0 1770
1764297846721 77.0 1793
1764297846724 77.0 1793
1764297880655 78.0 1816
1764297880658 78.0 1816
1764297914355 79.0 1839
1764297914358 79.0 1839
1764297947986 80.0 1862
1764297947989 80.0 1862
1764297982209 81.0 1885
1764297982212 81.0 1885
1764298016028 82.0 1908
1764298016031 82.0 1908
1764298050451 83.0 1931
1764298050455 83.0 1931
1764298084961 84.0 1954
1764298084964 84.0 1954
1764298119186 85.0 1977
1764298119189 85.0 1977
1764298152686 86.0 2000
1764298152690 86.0 2000
1764298186329 87.0 2023
1764298186332 87.0 2023
1764298219907 88.0 2046
1764298219910 88.0 2046
1764298254248 89.0 2069
1764298254252 89.0 2069
1764298288065 90.0 2092
1764298288068 90.0 2092
1764298321470 91.0 2115
1764298321474 91.0 2115
1764298355830 92.0 2138
1764298355833 92.0 2138
1764298389505 93.0 2161
1764298389508 93.0 2161
1764298395667 94.0 2162
