c<A>r<1>R<LEU> -8.509000 14.464000 22.462000
c<A>r<9>R<LEU> -4.727000 12.364000 15.516000
c<A>r<12>R<TYR> -2.886000 8.071000 17.757999
c<A>r<13>R<THR> -3.287000 10.273000 20.903999
c<A>r<14>R<THR> -5.691000 7.599000 22.318001
c<A>r<16>R<GLU> -0.455000 6.864000 23.334999
c<A>r<17>R<LEU> -2.701000 7.697000 26.350000
c<A>r<20>R<GLN> 0.622000 5.068000 29.650000
c<A>r<720>R<SER> 19.296000 16.024000 18.285999
c<C>r<128>R<GLU> 2.838000 12.561000 26.149000
c<C>r<129>R<LEU> 0.047000 14.241000 24.063000
c<C>r<130>R<PHE> 2.256000 17.018999 22.621000
c<C>r<149>R<SER> 14.885000 22.458000 22.996000
