c<A>r<5>R<PRO> 24.402000 4.052000 65.462997
c<A>r<6>R<ILE> 21.533001 6.483000 65.974998
c<A>r<7>R<TRP> 22.017000 6.370000 69.726997
c<A>r<34>R<ILE> 10.559000 17.979000 81.127998
c<A>r<35>R<ASP> 8.204000 18.209000 84.091003
c<A>r<36>R<ALA> 8.858000 14.573000 84.858002
c<A>r<37>R<SER> 12.650000 14.928000 84.957001
c<A>r<38>R<CYS> 14.910000 13.933000 87.834000
c<A>r<39>R<LEU> 18.347000 15.354000 88.703003
c<A>r<40>R<THR> 20.777000 14.038000 91.268997
c<A>r<41>R<TRP> 23.554001 16.527000 91.988998
c<A>r<42>R<GLU> 26.253000 15.561000 94.411003
c<A>r<43>R<GLY> 23.958000 12.978000 95.973000
c<A>r<44>R<GLN> 20.966000 15.294000 96.313004
c<A>r<45>R<GLN> 17.849001 14.601000 94.267998
c<A>r<69>R<THR> 37.376999 12.425000 78.557999
c<A>r<70>R<ALA> 35.095001 9.654000 77.383003
c<A>r<71>R<GLN> 31.441999 9.172000 76.528999
c<A>r<72>R<ASP> 29.538000 5.915000 75.958000
c<A>r<73>R<HIS> 25.987000 5.526000 74.624001
c<A>r<74>R<GLN> 23.584999 2.582000 74.375000
c<A>r<75>R<PRO> 19.929001 2.029000 73.391998
c<A>r<76>R<THR> 17.643000 0.781000 76.207001
c<A>r<77>R<PRO> 14.678000 -1.661000 76.081001
c<A>r<78>R<ASP> 12.083000 1.158000 76.205002
c<A>r<79>R<SER> 13.463000 3.026000 73.157997
c<A>r<80>R<CYS> 15.525000 5.409000 75.259003
c<A>r<81>R<ILE> 19.239000 6.336000 75.011002
c<A>r<82>R<ILE> 21.478001 6.069000 78.066002
c<A>r<83>R<SER> 24.799999 7.855000 78.204002
c<A>r<84>R<MET> 27.750999 7.855000 80.566002
c<A>r<85>R<VAL> 30.263000 10.715000 80.617996
c<A>r<86>R<VAL> 33.618000 10.870000 82.432999
c<A>r<87>R<GLY> 35.488998 14.164000 82.231003
c<A>r<98>R<GLY> 37.103001 14.851000 87.510002
c<A>r<99>R<PHE> 33.398998 14.230000 87.213997
c<A>r<100>R<HIS> 31.038000 11.482000 86.154999
c<A>r<101>R<GLN> 27.577000 12.137000 84.703003
c<A>r<102>R<MET> 24.766001 9.981000 83.352997
c<A>r<103>R<PHE> 21.893999 11.018000 81.042999
c<A>r<104>R<LEU> 18.750999 9.105000 80.022003
c<A>r<105>R<LEU> 17.115000 10.528000 76.889999
c<A>r<106>R<LYS> 13.626000 9.848000 75.551003
c<A>r<107>R<ASN> 12.088000 11.033000 72.306000
c<A>r<108>R<ILE> 8.975000 13.080000 73.021004
c<A>r<109>R<ASN> 7.062000 15.203000 70.544998
c<A>r<110>R<ASP> 9.750000 14.553000 67.943001
c<A>r<111>R<ALA> 12.633000 15.768000 70.132004
c<A>r<112>R<TRP> 15.109000 14.011000 72.419998
c<A>r<113>R<VAL> 14.902000 15.330000 75.971001
c<A>r<115>R<THR> 14.389000 12.429000 81.829002
c<A>r<116>R<ASN> 17.218000 11.542000 84.239998
c<A>r<117>R<ASP> 20.500000 13.382000 84.904999
c<A>r<118>R<MET> 22.972000 12.239000 87.625999
c<A>r<119>R<PHE> 26.152000 14.182000 88.367996
c<A>r<120>R<ARG> 28.955999 13.649000 90.859001
c<A>r<122>R<ALA> 35.306999 13.649000 92.363998
c<B>r<34>R<ILE> 19.212000 -11.011000 80.608002
c<B>r<35>R<ASP> 19.962000 -12.435000 77.181000
c<B>r<36>R<ALA> 19.601000 -9.013000 75.540001
c<B>r<37>R<SER> 21.809999 -7.082000 78.011002
c<B>r<38>R<CYS> 24.490000 -4.753000 76.636002
c<B>r<39>R<LEU> 27.834999 -3.902000 78.177002
c<B>r<40>R<THR> 30.371000 -1.239000 77.163002
c<B>r<41>R<TRP> 33.659000 -2.074000 78.886002
c<B>r<42>R<GLU> 36.567001 0.380000 78.471001
c<B>r<43>R<GLY> 34.862999 1.579000 75.292999
c<B>r<44>R<GLN> 34.410000 -1.911000 73.778000
c<B>r<45>R<GLN> 30.877001 -3.204000 73.422997
c<B>r<47>R<GLN> 26.232000 -7.571000 73.250000
c<B>r<48>R<GLY> 24.153000 -10.344000 74.777000
c<B>r<49>R<LYS> 24.643000 -12.341000 77.961998
c<B>r<50>R<ALA> 26.923000 -14.902000 76.339996
c<B>r<70>R<ALA> 29.851999 6.627000 96.180000
c<B>r<71>R<GLN> 26.625999 5.227000 94.793999
c<B>r<72>R<ASP> 23.669001 7.230000 93.477997
c<B>r<73>R<HIS> 20.306999 5.802000 92.351997
c<B>r<74>R<GLN> 17.285999 7.203000 90.482002
c<B>r<75>R<PRO> 13.923000 5.847000 89.334000
c<B>r<76>R<THR> 12.842000 6.495000 85.682999
c<B>r<77>R<PRO> 9.384000 7.269000 84.278999
c<B>r<78>R<ASP> 9.274000 3.823000 82.602997
c<B>r<79>R<SER> 9.744000 1.839000 85.806000
c<B>r<80>R<CYS> 13.493000 1.368000 85.596001
c<B>r<81>R<ILE> 16.312000 2.321000 87.956001
c<B>r<82>R<ILE> 19.670000 3.900000 87.106003
c<B>r<83>R<SER> 22.629999 3.259000 89.458000
c<B>r<84>R<MET> 25.841999 5.299000 89.149002
c<B>r<85>R<VAL> 28.927999 4.085000 90.997002
c<B>r<86>R<VAL> 32.435001 5.384000 91.635002
c<B>r<100>R<HIS> 33.262001 4.426000 87.249001
c<B>r<101>R<GLN> 30.296000 2.214000 86.430000
c<B>r<102>R<MET> 26.629000 2.760000 85.550003
c<B>r<103>R<PHE> 23.770000 0.255000 85.450996
c<B>r<104>R<LEU> 20.228001 0.448000 84.119003
c<B>r<106>R<LYS> 14.420000 -3.249000 84.932999
c<B>r<108>R<ILE> 11.556000 -8.549000 84.122002
c<B>r<115>R<THR> 19.785000 -4.388000 80.860001
c<B>r<116>R<ASN> 22.621000 -1.898000 80.294998
c<B>r<117>R<ASP> 26.066000 -1.661000 81.920998
c<B>r<118>R<MET> 28.937000 0.782000 81.220001
c<B>r<119>R<PHE> 32.351002 0.523000 82.889999
c<B>r<120>R<ARG> 35.493000 2.711000 82.709999
c<B>r<122>R<ALA> 39.998001 5.719000 86.154999
c<B>r<123>R<LEU> 42.521999 7.408000 83.872002
c<C>r<29>R<ARG> 7.473000 1.550000 67.100998
c<C>r<30>R<HIS> 9.757000 -1.036000 65.314003
c<C>r<53>R<HIS> 16.546000 -11.914000 68.098000
c<C>r<54>R<THR> 16.309000 -14.789000 70.566002
c<C>r<55>R<ASN> 18.785000 -17.093000 72.336998
c<C>r<152>R<LYS> 3.731000 6.145000 72.556999
c<C>r<153>R<SER> 6.312000 5.597000 75.399002
c<C>r<154>R<ASN> 7.257000 1.977000 74.417000
c<C>r<155>R<TYR> 5.919000 0.627000 77.830002
c<C>r<156>R<ASN> 5.824000 -3.204000 77.794998
c<C>r<157>R<PHE> 6.412000 -3.272000 73.952003
c<C>r<158>R<GLU> 8.273000 -6.623000 73.917999
c<C>r<159>R<LYS> 5.932000 -8.604000 76.252998
c<C>r<174>R<LEU> 13.319000 -18.627001 75.457001
c<C>r<175>R<GLU> 14.666000 -15.043000 75.849998
c<C>r<176>R<PHE> 15.453000 -12.062000 73.559998
c<C>r<177>R<VAL> 19.243000 -11.377000 73.461998
c<C>r<178>R<ALA> 19.042999 -7.740000 72.191002
c<C>r<179>R<MET> 16.146000 -5.268000 71.552002
c<C>r<180>R<PRO> 15.155000 -3.929000 68.114998
c<C>r<181>R<ALA> 15.756000 -0.242000 67.339996
c<C>r<182>R<LEU> 12.609000 1.597000 68.564003
c<C>r<183>R<ALA> 11.105000 5.052000 68.068001
c<C>r<184>R<PRO> 12.013000 7.393000 70.926003
c<C>r<185>R<PRO> 9.288000 7.880000 73.557999
c<C>r<186>R<GLU> 6.891000 10.700000 72.638000
c<C>r<187>R<VAL> 4.857000 10.783000 75.913002
c<C>r<188>R<VAL> 5.795000 10.294000 79.587997
c<C>r<189>R<MET> 4.916000 6.979000 81.332001
c<C>r<190>R<ASP> 5.137000 8.007000 84.989998
c<C>r<191>R<PRO> 7.271000 5.438000 86.857002
c<C>r<192>R<ALA> 5.168000 5.345000 90.065002
c<C>r<193>R<LEU> 1.902000 4.989000 88.054001
c<C>r<194>R<ALA> 3.338000 1.916000 86.200996
c<C>r<195>R<ALA> 4.303000 0.294000 89.518997
