c<A>r<3>R<ASP> 27.356001 3.547000 59.966000
c<A>r<4>R<LYS> 27.490000 5.152000 63.412998
c<A>r<36>R<ALA> 8.858000 14.573000 84.858002
c<A>r<37>R<SER> 12.650000 14.928000 84.957001
c<A>r<38>R<CYS> 14.910000 13.933000 87.834000
c<A>r<39>R<LEU> 18.347000 15.354000 88.703003
c<A>r<40>R<THR> 20.777000 14.038000 91.268997
c<A>r<41>R<TRP> 23.554001 16.527000 91.988998
c<A>r<42>R<GLU> 26.253000 15.561000 94.411003
c<A>r<43>R<GLY> 23.958000 12.978000 95.973000
c<A>r<44>R<GLN> 20.966000 15.294000 96.313004
c<A>r<45>R<GLN> 17.849001 14.601000 94.267998
c<A>r<69>R<THR> 37.376999 12.425000 78.557999
c<A>r<70>R<ALA> 35.095001 9.654000 77.383003
c<A>r<71>R<GLN> 31.441999 9.172000 76.528999
c<A>r<72>R<ASP> 29.538000 5.915000 75.958000
c<A>r<73>R<HIS> 25.987000 5.526000 74.624001
c<A>r<74>R<GLN> 23.584999 2.582000 74.375000
c<A>r<75>R<PRO> 19.929001 2.029000 73.391998
c<A>r<76>R<THR> 17.643000 0.781000 76.207001
c<A>r<77>R<PRO> 14.678000 -1.661000 76.081001
c<A>r<78>R<ASP> 12.083000 1.158000 76.205002
c<A>r<80>R<CYS> 15.525000 5.409000 75.259003
c<A>r<82>R<ILE> 21.478001 6.069000 78.066002
c<A>r<83>R<SER> 24.799999 7.855000 78.204002
c<A>r<84>R<MET> 27.750999 7.855000 80.566002
c<A>r<85>R<VAL> 30.263000 10.715000 80.617996
c<A>r<86>R<VAL> 33.618000 10.870000 82.432999
c<A>r<87>R<GLY> 35.488998 14.164000 82.231003
c<A>r<98>R<GLY> 37.103001 14.851000 87.510002
c<A>r<99>R<PHE> 33.398998 14.230000 87.213997
c<A>r<100>R<HIS> 31.038000 11.482000 86.154999
c<A>r<101>R<GLN> 27.577000 12.137000 84.703003
c<A>r<102>R<MET> 24.766001 9.981000 83.352997
c<A>r<103>R<PHE> 21.893999 11.018000 81.042999
c<A>r<104>R<LEU> 18.750999 9.105000 80.022003
c<A>r<115>R<THR> 14.389000 12.429000 81.829002
c<A>r<116>R<ASN> 17.218000 11.542000 84.239998
c<A>r<117>R<ASP> 20.500000 13.382000 84.904999
c<A>r<118>R<MET> 22.972000 12.239000 87.625999
c<A>r<119>R<PHE> 26.152000 14.182000 88.367996
c<A>r<120>R<ARG> 28.955999 13.649000 90.859001
c<A>r<122>R<ALA> 35.306999 13.649000 92.363998
c<B>r<26>R<ARG> 32.438000 -13.871000 88.272003
c<B>r<27>R<THR> 31.521999 -16.704000 85.875999
c<B>r<30>R<GLY> 24.933001 -14.050000 84.106003
c<B>r<36>R<ALA> 19.601000 -9.013000 75.540001
c<B>r<37>R<SER> 21.809999 -7.082000 78.011002
c<B>r<38>R<CYS> 24.490000 -4.753000 76.636002
c<B>r<39>R<LEU> 27.834999 -3.902000 78.177002
c<B>r<40>R<THR> 30.371000 -1.239000 77.163002
c<B>r<41>R<TRP> 33.659000 -2.074000 78.886002
c<B>r<42>R<GLU> 36.567001 0.380000 78.471001
c<B>r<43>R<GLY> 34.862999 1.579000 75.292999
c<B>r<44>R<GLN> 34.410000 -1.911000 73.778000
c<B>r<45>R<GLN> 30.877001 -3.204000 73.422997
c<B>r<46>R<PHE> 29.785999 -6.741000 74.265999
c<B>r<47>R<GLN> 26.232000 -7.571000 73.250000
c<B>r<48>R<GLY> 24.153000 -10.344000 74.777000
c<B>r<49>R<LYS> 24.643000 -12.341000 77.961998
c<B>r<50>R<ALA> 26.923000 -14.902000 76.339996
c<B>r<51>R<ALA> 29.398001 -12.289000 75.093002
c<B>r<52>R<ILE> 29.214001 -10.342000 78.324997
c<B>r<53>R<VAL> 29.872000 -13.268000 80.624001
c<B>r<54>R<GLU> 32.706001 -14.505000 78.382004
c<B>r<55>R<LYS> 34.386002 -11.095000 78.485001
c<B>r<56>R<LEU> 34.131001 -10.741000 82.264000
c<B>r<57>R<SER> 35.213001 -14.346000 82.842003
c<B>r<58>R<SER> 38.196999 -13.784000 80.496002
c<B>r<59>R<LEU> 39.641998 -10.810000 82.425003
c<B>r<60>R<PRO> 43.403000 -11.455000 83.121002
c<B>r<61>R<PHE> 43.386002 -11.683000 86.902000
c<B>r<62>R<GLN> 42.771999 -14.373000 89.499001
c<B>r<63>R<LYS> 41.362000 -12.289000 92.313004
c<B>r<70>R<ALA> 29.851999 6.627000 96.180000
c<B>r<71>R<GLN> 26.625999 5.227000 94.793999
c<B>r<72>R<ASP> 23.669001 7.230000 93.477997
c<B>r<73>R<HIS> 20.306999 5.802000 92.351997
c<B>r<74>R<GLN> 17.285999 7.203000 90.482002
c<B>r<75>R<PRO> 13.923000 5.847000 89.334000
c<B>r<76>R<THR> 12.842000 6.495000 85.682999
c<B>r<77>R<PRO> 9.384000 7.269000 84.278999
c<B>r<78>R<ASP> 9.274000 3.823000 82.602997
c<B>r<79>R<SER> 9.744000 1.839000 85.806000
c<B>r<80>R<CYS> 13.493000 1.368000 85.596001
c<B>r<81>R<ILE> 16.312000 2.321000 87.956001
c<B>r<82>R<ILE> 19.670000 3.900000 87.106003
c<B>r<83>R<SER> 22.629999 3.259000 89.458000
c<B>r<84>R<MET> 25.841999 5.299000 89.149002
c<B>r<85>R<VAL> 28.927999 4.085000 90.997002
c<B>r<86>R<VAL> 32.435001 5.384000 91.635002
c<B>r<91>R<ALA> 43.289001 -7.086000 91.123001
c<B>r<92>R<ASP> 45.808998 -9.581000 92.487999
c<B>r<93>R<GLU> 48.973999 -7.674000 93.431999
c<B>r<94>R<ASP> 48.405998 -4.745000 91.100998
c<B>r<95>R<PRO> 48.160999 -1.101000 92.250999
c<B>r<97>R<MET> 42.794998 1.671000 90.487999
c<B>r<100>R<HIS> 33.262001 4.426000 87.249001
c<B>r<101>R<GLN> 30.296000 2.214000 86.430000
c<B>r<102>R<MET> 26.629000 2.760000 85.550003
c<B>r<103>R<PHE> 23.770000 0.255000 85.450996
c<B>r<104>R<LEU> 20.228001 0.448000 84.119003
c<B>r<106>R<LYS> 14.420000 -3.249000 84.932999
c<B>r<115>R<THR> 19.785000 -4.388000 80.860001
c<B>r<116>R<ASN> 22.621000 -1.898000 80.294998
c<B>r<117>R<ASP> 26.066000 -1.661000 81.920998
c<B>r<118>R<MET> 28.937000 0.782000 81.220001
c<B>r<119>R<PHE> 32.351002 0.523000 82.889999
c<B>r<120>R<ARG> 35.493000 2.711000 82.709999
c<B>r<121>R<LEU> 38.752998 2.462000 84.648003
c<B>r<122>R<ALA> 39.998001 5.719000 86.154999
c<B>r<123>R<LEU> 42.521999 7.408000 83.872002
c<C>r<18>R<ASP> 37.348000 -22.783001 78.920998
c<C>r<19>R<GLY> 35.080002 -20.007999 80.250000
c<C>r<20>R<GLY> 36.983002 -17.330999 82.153999
c<C>r<21>R<THR> 40.429001 -17.747999 80.478996
c<C>r<22>R<GLY> 40.417999 -14.297000 78.819000
c<C>r<23>R<LYS> 39.282001 -15.005000 75.207001
c<C>r<24>R<THR> 37.027000 -11.928000 74.785004
c<C>r<25>R<THR> 39.648998 -9.718000 76.543999
c<C>r<26>R<PHE> 42.423000 -10.913000 74.177002
c<C>r<27>R<VAL> 40.433998 -10.389000 70.927002
c<C>r<28>R<LYS> 39.264999 -6.872000 72.028999
c<C>r<29>R<ARG> 42.820000 -5.428000 72.176003
c<C>r<31>R<LEU> 40.311001 -1.578000 68.501999
c<C>r<34>R<GLU> 35.962002 -4.425000 68.088997
c<C>r<35>R<PHE> 34.242001 -1.320000 66.577003
c<C>r<36>R<GLU> 33.449001 -3.170000 63.257999
c<C>r<37>R<LYS> 32.492001 -6.578000 64.838997
c<C>r<39>R<TYR> 26.893999 -10.177000 65.903000
c<C>r<41>R<ALA> 22.625000 -13.973000 66.162003
c<C>r<44>R<GLY> 25.865000 -17.464001 69.237000
c<C>r<45>R<VAL> 29.047001 -15.758000 67.967003
c<C>r<46>R<GLU> 30.756001 -12.402000 67.470001
c<C>r<65>R<ASP> 34.693001 -15.522000 69.565002
c<C>r<66>R<THR> 31.943001 -17.424999 71.335999
c<C>r<67>R<ALA> 29.431000 -15.199000 73.121002
c<C>r<68>R<GLY> 28.457001 -17.759001 75.783997
c<C>r<69>R<LEU> 30.489000 -19.731001 78.362999
c<C>r<70>R<GLU> 30.190001 -23.113001 76.638000
c<C>r<90>R<PHE> 44.236000 -21.573000 79.025002
c<C>r<91>R<ASP> 44.783001 -19.502001 82.203003
c<C>r<92>R<VAL> 48.188000 -19.979000 83.992996
c<C>r<93>R<THR> 46.721001 -19.374001 87.521004
c<C>r<94>R<SER> 44.166000 -22.216000 87.107002
c<C>r<122>R<ASN> 47.186001 -16.188000 79.461998
c<C>r<123>R<LYS> 47.424000 -13.987000 82.591003
c<C>r<124>R<VAL> 51.230000 -14.114000 83.154999
c<C>r<125>R<ASP> 51.166000 -10.618000 84.850998
c<C>r<126>R<ILE> 49.966000 -12.400000 88.042000
c<C>r<127>R<LYS> 52.766998 -13.258000 90.474998
c<C>r<128>R<ASP> 51.173000 -16.483000 91.939003
c<C>r<129>R<ARG> 51.435001 -18.648001 88.765999
c<C>r<149>R<ILE> 50.567001 -14.088000 76.841003
c<C>r<150>R<SER> 49.101002 -11.239000 78.964996
c<C>r<151>R<ALA> 45.918999 -9.848000 77.294998
c<C>r<152>R<LYS> 45.502998 -6.838000 79.639999
c<C>r<153>R<SER> 49.057999 -5.394000 79.080002
c<C>r<183>R<ALA> 43.993000 -0.664000 73.695999
c<C>r<186>R<GLU> 45.456001 -1.772000 81.891998
c<C>r<187>R<VAL> 47.792000 -3.883000 84.117996
c<C>r<188>R<VAL> 51.576000 -3.890000 84.671997
c<C>r<189>R<MET> 53.710999 -6.654000 83.057999
