c<A>r<21>R<LEU> 24.350000 25.483000 77.619003
c<A>r<22>R<PHE> 25.830999 24.629999 80.989998
c<A>r<23>R<ASP> 29.106001 26.438999 80.309998
c<A>r<24>R<ASN> 27.530001 29.540001 78.788002
c<A>r<25>R<ASP> 24.099001 30.018000 80.359001
c<A>r<26>R<ARG> 22.667999 27.353001 82.615997
c<A>r<27>R<THR> 19.464001 29.315001 83.282997
c<A>r<28>R<GLN> 18.480000 28.146000 79.779999
c<A>r<30>R<GLY> 15.175000 23.827999 81.100998
c<A>r<31>R<ALA> 14.708000 23.362000 77.383003
c<A>r<34>R<ILE> 10.559000 17.979000 81.127998
c<A>r<35>R<ASP> 8.204000 18.209000 84.091003
c<A>r<36>R<ALA> 8.858000 14.573000 84.858002
c<A>r<37>R<SER> 12.650000 14.928000 84.957001
c<A>r<38>R<CYS> 14.910000 13.933000 87.834000
c<A>r<39>R<LEU> 18.347000 15.354000 88.703003
c<A>r<40>R<THR> 20.777000 14.038000 91.268997
c<A>r<41>R<TRP> 23.554001 16.527000 91.988998
c<A>r<42>R<GLU> 26.253000 15.561000 94.411003
c<A>r<43>R<GLY> 23.958000 12.978000 95.973000
c<A>r<44>R<GLN> 20.966000 15.294000 96.313004
c<A>r<45>R<GLN> 17.849001 14.601000 94.267998
c<A>r<46>R<PHE> 15.597000 17.187000 92.612000
c<A>r<47>R<GLN> 12.318000 16.280001 90.867996
c<A>r<48>R<GLY> 10.636000 18.260000 88.129997
c<A>r<49>R<LYS> 11.995000 20.797001 85.686996
c<A>r<50>R<ALA> 11.362000 23.819000 87.912003
c<A>r<51>R<ALA> 13.332000 22.448999 90.870003
c<A>r<52>R<ILE> 16.103001 21.254999 88.549004
c<A>r<53>R<VAL> 16.601999 24.579000 86.773003
c<A>r<54>R<GLU> 16.417999 26.368000 90.143997
c<A>r<55>R<LYS> 19.184999 24.146000 91.546997
c<A>r<56>R<LEU> 21.488001 24.389999 88.540001
c<A>r<57>R<SER> 21.070999 28.146999 88.252998
c<A>r<58>R<SER> 21.833000 28.475000 91.960999
c<A>r<59>R<LEU> 25.354000 26.987000 91.825996
c<A>r<60>R<PRO> 27.895000 29.490000 93.268997
c<A>r<61>R<PHE> 30.201000 29.506001 90.249001
c<A>r<62>R<GLN> 30.815001 32.477001 87.964996
c<A>r<63>R<LYS> 32.536999 30.591999 85.149002
c<A>r<64>R<ILE> 32.444000 26.851999 84.367996
c<A>r<69>R<THR> 37.376999 12.425000 78.557999
c<A>r<70>R<ALA> 35.095001 9.654000 77.383003
c<A>r<71>R<GLN> 31.441999 9.172000 76.528999
c<A>r<72>R<ASP> 29.538000 5.915000 75.958000
c<A>r<73>R<HIS> 25.987000 5.526000 74.624001
c<A>r<74>R<GLN> 23.584999 2.582000 74.375000
c<A>r<75>R<PRO> 19.929001 2.029000 73.391998
c<A>r<76>R<THR> 17.643000 0.781000 76.207001
c<A>r<77>R<PRO> 14.678000 -1.661000 76.081001
c<A>r<78>R<ASP> 12.083000 1.158000 76.205002
c<A>r<80>R<CYS> 15.525000 5.409000 75.259003
c<A>r<82>R<ILE> 21.478001 6.069000 78.066002
c<A>r<83>R<SER> 24.799999 7.855000 78.204002
c<A>r<84>R<MET> 27.750999 7.855000 80.566002
c<A>r<85>R<VAL> 30.263000 10.715000 80.617996
c<A>r<86>R<VAL> 33.618000 10.870000 82.432999
c<A>r<87>R<GLY> 35.488998 14.164000 82.231003
c<A>r<98>R<GLY> 37.103001 14.851000 87.510002
c<A>r<99>R<PHE> 33.398998 14.230000 87.213997
c<A>r<100>R<HIS> 31.038000 11.482000 86.154999
c<A>r<101>R<GLN> 27.577000 12.137000 84.703003
c<A>r<102>R<MET> 24.766001 9.981000 83.352997
c<A>r<103>R<PHE> 21.893999 11.018000 81.042999
c<A>r<104>R<LEU> 18.750999 9.105000 80.022003
c<A>r<115>R<THR> 14.389000 12.429000 81.829002
c<A>r<116>R<ASN> 17.218000 11.542000 84.239998
c<A>r<117>R<ASP> 20.500000 13.382000 84.904999
c<A>r<118>R<MET> 22.972000 12.239000 87.625999
c<A>r<119>R<PHE> 26.152000 14.182000 88.367996
c<A>r<120>R<ARG> 28.955999 13.649000 90.859001
c<A>r<122>R<ALA> 35.306999 13.649000 92.363998
c<B>r<3>R<ASP> 14.230000 4.619000 105.485001
c<B>r<4>R<LYS> 15.790000 4.962000 102.054001
c<B>r<5>R<PRO> 13.604000 5.454000 98.971001
c<B>r<36>R<ALA> 19.601000 -9.013000 75.540001
c<B>r<37>R<SER> 21.809999 -7.082000 78.011002
c<B>r<38>R<CYS> 24.490000 -4.753000 76.636002
c<B>r<39>R<LEU> 27.834999 -3.902000 78.177002
c<B>r<40>R<THR> 30.371000 -1.239000 77.163002
c<B>r<41>R<TRP> 33.659000 -2.074000 78.886002
c<B>r<42>R<GLU> 36.567001 0.380000 78.471001
c<B>r<43>R<GLY> 34.862999 1.579000 75.292999
c<B>r<44>R<GLN> 34.410000 -1.911000 73.778000
c<B>r<45>R<GLN> 30.877001 -3.204000 73.422997
c<B>r<70>R<ALA> 29.851999 6.627000 96.180000
c<B>r<71>R<GLN> 26.625999 5.227000 94.793999
c<B>r<72>R<ASP> 23.669001 7.230000 93.477997
c<B>r<73>R<HIS> 20.306999 5.802000 92.351997
c<B>r<74>R<GLN> 17.285999 7.203000 90.482002
c<B>r<75>R<PRO> 13.923000 5.847000 89.334000
c<B>r<76>R<THR> 12.842000 6.495000 85.682999
c<B>r<77>R<PRO> 9.384000 7.269000 84.278999
c<B>r<78>R<ASP> 9.274000 3.823000 82.602997
c<B>r<79>R<SER> 9.744000 1.839000 85.806000
c<B>r<80>R<CYS> 13.493000 1.368000 85.596001
c<B>r<81>R<ILE> 16.312000 2.321000 87.956001
c<B>r<82>R<ILE> 19.670000 3.900000 87.106003
c<B>r<83>R<SER> 22.629999 3.259000 89.458000
c<B>r<84>R<MET> 25.841999 5.299000 89.149002
c<B>r<85>R<VAL> 28.927999 4.085000 90.997002
c<B>r<86>R<VAL> 32.435001 5.384000 91.635002
c<B>r<100>R<HIS> 33.262001 4.426000 87.249001
c<B>r<101>R<GLN> 30.296000 2.214000 86.430000
c<B>r<102>R<MET> 26.629000 2.760000 85.550003
c<B>r<103>R<PHE> 23.770000 0.255000 85.450996
c<B>r<104>R<LEU> 20.228001 0.448000 84.119003
c<B>r<106>R<LYS> 14.420000 -3.249000 84.932999
c<B>r<115>R<THR> 19.785000 -4.388000 80.860001
c<B>r<116>R<ASN> 22.621000 -1.898000 80.294998
c<B>r<117>R<ASP> 26.066000 -1.661000 81.920998
c<B>r<118>R<MET> 28.937000 0.782000 81.220001
c<B>r<119>R<PHE> 32.351002 0.523000 82.889999
c<B>r<120>R<ARG> 35.493000 2.711000 82.709999
c<B>r<122>R<ALA> 39.998001 5.719000 86.154999
c<B>r<123>R<LEU> 42.521999 7.408000 83.872002
c<C>r<29>R<ARG> 5.412000 29.139000 90.917000
c<C>r<30>R<HIS> 4.206000 26.049000 92.942001
c<C>r<55>R<ASN> 14.243000 13.723000 104.601997
c<C>r<56>R<ARG> 12.137000 13.551000 107.827003
c<C>r<150>R<SER> 13.895000 36.014999 90.679001
c<C>r<153>R<SER> 12.875000 32.257999 86.318001
c<C>r<154>R<ASN> 12.539000 30.246000 89.603996
c<C>r<155>R<TYR> 16.028999 31.514000 90.819000
c<C>r<156>R<ASN> 16.594000 30.537001 94.482002
c<C>r<157>R<PHE> 12.856000 29.545000 94.885002
c<C>r<158>R<GLU> 13.471000 26.834000 97.525002
c<C>r<159>R<LYS> 15.933000 28.768999 99.772003
c<C>r<175>R<GLU> 17.115999 18.600000 103.389000
c<C>r<176>R<PHE> 14.440000 18.431000 100.640999
c<C>r<177>R<VAL> 14.479000 14.993000 98.903999
c<C>r<178>R<ALA> 12.640000 16.058001 95.683998
c<C>r<179>R<MET> 11.433000 19.441000 94.267998
c<C>r<180>R<PRO> 7.771000 20.392000 93.742996
c<C>r<181>R<ALA> 6.464000 20.759001 90.178001
c<C>r<182>R<LEU> 7.178000 24.405001 89.186996
c<C>r<183>R<ALA> 6.046000 26.747000 86.416000
c<C>r<184>R<PRO> 8.551000 26.836000 83.554001
c<C>r<185>R<PRO> 10.892000 29.854000 83.533997
c<C>r<187>R<VAL> 12.468000 35.141998 81.758003
c<C>r<188>R<VAL> 16.228001 34.504002 81.460999
c<C>r<189>R<MET> 18.412001 34.609001 84.625000
c<C>r<190>R<ASP> 21.868999 35.074001 83.101997
c<C>r<191>R<PRO> 24.252001 32.523998 84.667999
c<C>r<192>R<ALA> 27.292000 34.848999 84.941002
c<C>r<193>R<LEU> 25.156000 37.653000 86.494003
c<C>r<194>R<ALA> 23.908001 35.230000 89.235001
c<C>r<195>R<ALA> 27.495001 34.214001 90.051003
c<C>r<196>R<GLN> 28.590000 37.960999 90.251999
c<C>r<197>R<TYR> 25.756001 38.702999 92.779999
c<C>r<198>R<GLU> 26.603001 35.691002 95.039001
c<C>r<199>R<HIS> 30.264999 36.785999 95.192001
