c<A>r<1>R<PRO> -19.233999 41.001999 5.279000
c<A>r<2>R<LEU> -18.396000 37.882999 7.309000
c<A>r<3>R<HIS> -21.489000 35.596001 7.605000
c<A>r<4>R<SER> -21.566999 33.028000 10.480000
c<A>r<5>R<ILE> -24.488001 31.143000 12.101000
c<A>r<6>R<ILE> -22.045000 29.743999 14.734000
c<A>r<7>R<SER> -22.459999 31.417999 18.153999
c<A>r<8>R<SER> -22.356001 30.315001 21.854000
c<A>r<9>R<THR> -25.992001 30.674000 23.034000
c<A>r<10>R<GLU> -26.729000 27.032000 23.978001
c<A>r<11>R<SER> -27.247000 25.978001 27.632999
c<A>r<12>R<VAL> -28.145000 22.610001 29.239000
c<A>r<13>R<GLN> -31.412001 22.743000 31.261000
c<A>r<14>R<GLY> -32.377998 19.028000 31.669001
c<A>r<15>R<SER> -30.856001 16.172001 33.708000
c<A>r<16>R<THR> -27.919001 14.357000 32.040001
c<A>r<17>R<SER> -28.650000 10.766000 30.930000
c<A>r<18>R<LYS> -25.625999 8.417000 30.374001
c<A>r<19>R<HIS> -25.516001 5.645000 27.731001
c<A>r<20>R<GLU> -23.040001 3.043000 26.357000
c<A>r<21>R<PHE> -22.301001 2.831000 22.593000
c<A>r<22>R<GLN> -24.177000 0.003000 20.796000
c<A>r<23>R<ALA> -23.604000 -1.622000 17.343000
c<A>r<24>R<GLU> -25.743000 -2.810000 14.383000
c<A>r<25>R<THR> -23.863001 -6.167000 14.214000
c<A>r<26>R<LYS> -25.652000 -7.361000 11.007000
c<A>r<27>R<LYS> -24.486000 -4.151000 9.239000
c<A>r<28>R<LEU> -20.938000 -4.587000 10.670000
c<A>r<29>R<LEU> -20.792999 -8.139000 9.169000
c<A>r<30>R<ASP> -22.054001 -6.699000 5.825000
c<A>r<31>R<ILE> -19.413000 -3.872000 6.060000
c<A>r<32>R<VAL> -16.507999 -6.329000 6.762000
c<A>r<34>R<ARG> -18.490000 -6.139000 1.380000
c<A>r<35>R<SER> -16.590000 -2.847000 2.072000
c<A>r<36>R<LEU> -13.451000 -3.340000 4.268000
c<A>r<37>R<TYR> -11.075000 -5.043000 1.769000
c<A>r<38>R<SER> -10.256000 -4.093000 -1.871000
c<A>r<39>R<GLU> -9.295000 -7.635000 -3.124000
c<A>r<40>R<LYS> -11.650000 -10.640000 -2.308000
c<A>r<73>R<GLU> 1.073000 -27.392000 10.799000
c<A>r<74>R<ILE> -1.423000 -25.454000 8.607000
c<A>r<75>R<HIS> -3.308000 -27.344999 5.849000
c<A>r<76>R<LEU> -5.427000 -26.094999 2.932000
c<A>r<77>R<GLN> -7.765000 -28.261000 0.817000
c<A>r<86>R<THR> -11.004000 -25.813999 3.869000
c<A>r<87>R<ILE> -8.242000 -24.601999 6.234000
c<A>r<88>R<GLN> -7.019000 -26.608999 9.279000
c<A>r<89>R<ASP> -4.449000 -25.849001 12.022000
c<A>r<90>R<THR> -2.945000 -28.044001 14.801000
c<A>r<100>R<VAL> -18.983000 -17.608000 21.393999
c<A>r<101>R<SER> -16.639999 -14.778000 22.490000
c<A>r<102>R<ASN> -13.921000 -14.699000 19.724001
c<A>r<103>R<LEU> -15.965000 -15.810000 16.622999
c<A>r<104>R<GLY> -19.368999 -14.509000 17.871000
c<A>r<105>R<THR> -18.056999 -10.988000 18.865999
c<A>r<106>R<ILE> -16.966000 -8.444000 16.202999
c<A>r<107>R<ALA> -13.640000 -6.571000 16.865999
c<A>r<108>R<ARG> -12.776000 -8.811000 19.903999
c<A>r<109>R<SER> -9.228000 -10.310000 19.746000
c<A>r<132>R<PHE> -8.103000 -6.116000 15.235000
c<A>r<133>R<GLY> -10.583000 -9.006000 15.911000
c<A>r<134>R<VAL> -12.134000 -8.730000 12.355000
c<A>r<149>R<TYR> -14.762000 -27.391001 14.042000
c<A>r<159>R<GLY> -14.811000 -30.742001 20.375999
c<A>r<160>R<TYR> -17.438999 -28.306000 19.007000
c<A>r<161>R<GLN> -18.989000 -27.309000 15.667000
c<A>r<162>R<TRP> -19.757000 -23.594999 15.117000
c<A>r<163>R<LEU> -21.983000 -22.719000 12.093000
c<A>r<164>R<SER> -23.110001 -19.488001 10.313000
c<A>r<166>R<GLY> -23.291000 -14.399000 8.188000
c<A>r<167>R<SER> -27.018999 -13.303000 8.545000
c<A>r<168>R<GLY> -26.336000 -12.096000 12.150000
c<A>r<169>R<VAL> -26.868999 -15.505000 13.856000
c<A>r<170>R<PHE> -24.528999 -18.417999 14.605000
c<A>r<171>R<GLU> -25.075001 -21.951000 15.948000
c<A>r<172>R<ILE> -22.912001 -24.142000 18.278000
c<A>r<173>R<ALA> -23.162001 -27.882999 19.056999
c<A>r<174>R<GLU> -20.801001 -30.514999 20.551001
c<A>r<175>R<ALA> -18.746000 -32.493000 17.989000
c<A>r<176>R<SER> -17.106001 -35.919998 18.252001
c<A>r<177>R<GLY> -14.062000 -36.794998 16.052000
c<A>r<178>R<VAL> -12.536000 -33.223999 16.131001
c<A>r<179>R<ARG> -8.669000 -32.936001 16.101000
c<A>r<183>R<LYS> -10.768000 -26.599001 10.974000
c<A>r<217>R<TYR> 0.333000 -27.417999 2.803000
c<A>r<218>R<LEU> -2.131000 -27.149000 -0.147000
c<A>r<219>R<ASN> -3.943000 -30.389999 -1.159000
c<A>r<220>R<GLY> -1.049000 -31.910999 0.861000
c<A>r<221>R<ARG> 1.750000 -30.327000 -1.286000
c<A>r<222>R<ARG> 4.175000 -28.349001 0.956000
c<A>r<286>R<VAL> 14.294000 2.546000 -16.648001
c<A>r<287>R<SER> 10.584000 3.396000 -17.107000
c<A>r<288>R<ARG> 9.185000 4.518000 -13.719000
c<A>r<289>R<GLU> 6.149000 2.140000 -14.146000
c<A>r<290>R<LEU> 7.805000 -0.322000 -11.732000
c<A>r<291>R<GLY> 7.237000 1.595000 -8.506000
c<A>r<313>R<LYS> 11.906000 6.641000 -6.851000
c<A>r<328>R<PRO> 0.982000 1.288000 11.275000
c<A>r<329>R<LEU> -1.435000 -0.881000 9.241000
c<A>r<330>R<ASN> -4.954000 0.190000 8.296000
c<A>r<331>R<LEU> -7.856000 -2.217000 9.101000
c<A>r<332>R<SER> -7.661000 -3.888000 5.607000
c<A>r<333>R<ARG> -3.779000 -4.173000 5.828000
c<A>r<334>R<GLU> -3.590000 -2.537000 2.340000
c<A>r<335>R<LEU> -2.812000 1.136000 3.208000
c<A>r<336>R<LEU> 0.096000 2.458000 5.255000
c<A>r<337>R<GLN> -0.976000 5.041000 7.859000
c<A>r<338>R<GLU> 1.036000 7.956000 9.399000
c<A>r<339>R<SER> 3.042000 9.259000 6.392000
c<A>r<381>R<GLU> 17.733000 10.849000 -11.893000
c<A>r<384>R<VAL> 17.677000 15.849000 -10.870000
c<A>r<385>R<THR> 14.558000 14.756000 -8.837000
c<B>r<1>R<PRO> 5.081000 -35.692001 -2.782000
c<B>r<2>R<LEU> 1.827000 -35.313999 -0.711000
c<B>r<3>R<HIS> 0.910000 -35.189999 3.072000
c<B>r<4>R<SER> -2.432000 -33.935001 4.583000
c<B>r<5>R<ILE> -4.338000 -33.997002 7.924000
c<B>r<6>R<ILE> -7.718000 -32.789001 6.511000
c<B>r<7>R<SER> -10.483000 -35.428001 6.703000
c<B>r<8>R<SER> -14.210000 -35.786999 7.642000
c<B>r<9>R<THR> -14.050000 -37.678001 10.988000
c<B>r<10>R<GLU> -16.368999 -35.261002 12.844000
c<B>r<11>R<SER> -19.999001 -35.842999 13.858000
c<B>r<12>R<VAL> -22.302000 -33.435001 15.749000
c<B>r<13>R<GLN> -23.586000 -34.652000 19.150000
c<B>r<14>R<GLY> -26.507000 -33.436001 21.318001
c<B>r<15>R<SER> -28.554001 -30.264999 20.597000
c<B>r<16>R<THR> -27.599001 -27.089001 18.667999
c<B>r<17>R<SER> -27.537001 -23.802999 20.650000
c<B>r<18>R<LYS> -28.334000 -20.566000 18.674999
c<B>r<19>R<HIS> -26.731001 -17.139000 19.290001
c<B>r<20>R<GLU> -26.655001 -13.568000 17.834000
c<B>r<21>R<PHE> -23.372000 -11.814000 16.862000
c<B>r<22>R<GLN> -22.136000 -9.260000 19.441999
c<B>r<23>R<ALA> -19.528999 -6.450000 19.077999
c<B>r<24>R<GLU> -16.760000 -4.839000 21.191999
c<B>r<25>R<THR> -18.046000 -1.231000 20.716000
c<B>r<26>R<LYS> -15.072000 0.350000 22.604000
c<B>r<27>R<LYS> -12.648000 -1.457000 20.201000
c<B>r<28>R<LEU> -14.791000 -0.488000 17.146999
c<B>r<29>R<LEU> -14.484000 3.232000 18.122000
c<B>r<30>R<ASP> -10.693000 2.732000 18.624001
c<B>r<31>R<ILE> -10.508000 0.978000 15.177000
c<B>r<32>R<VAL> -12.372000 3.870000 13.402000
c<B>r<34>R<ARG> -6.878000 4.863000 14.605000
c<B>r<35>R<SER> -7.038000 2.221000 11.811000
c<B>r<36>R<LEU> -9.811000 3.046000 9.255000
c<B>r<37>R<TYR> -8.568000 6.164000 7.348000
c<B>r<38>R<SER> -5.096000 6.812000 5.794000
c<B>r<39>R<GLU> -4.787000 10.515000 6.857000
c<B>r<40>R<LYS> -6.298000 12.262000 9.961000
c<B>r<73>R<GLU> -26.061001 26.266001 4.837000
c<B>r<74>R<ILE> -22.913000 24.598000 6.275000
c<B>r<75>R<HIS> -20.587000 26.662001 8.530000
c<B>r<76>R<LEU> -17.070000 25.972000 9.874000
c<B>r<77>R<GLN> -15.280000 27.895000 12.649000
c<B>r<86>R<THR> -16.743000 23.650000 15.014000
c<B>r<87>R<ILE> -19.103001 22.591000 12.188000
c<B>r<88>R<GLN> -22.792999 23.646999 12.016000
c<B>r<89>R<ASP> -25.625999 22.857000 9.557000
c<B>r<90>R<THR> -29.195000 24.223000 9.156000
c<B>r<100>R<VAL> -29.211000 7.836000 20.761000
c<B>r<101>R<SER> -29.617001 5.731000 17.561001
c<B>r<103>R<LEU> -24.655001 8.642000 17.034000
c<B>r<104>R<GLY> -24.860001 5.987000 19.826000
c<B>r<105>R<THR> -25.237000 2.849000 17.570999
c<B>r<106>R<ILE> -22.087999 2.006000 15.513000
c<B>r<107>R<ALA> -22.833000 1.220000 11.801000
c<B>r<108>R<ARG> -26.391001 2.697000 12.177000
c<B>r<109>R<SER> -27.297001 5.073000 9.312000
c<B>r<132>R<PHE> -21.906000 2.945000 6.378000
c<B>r<133>R<GLY> -22.916000 4.541000 9.751000
c<B>r<134>R<VAL> -19.237000 5.090000 10.862000
c<B>r<149>R<TYR> -26.020000 20.309000 19.854000
c<B>r<159>R<GLY> -32.884998 21.077999 21.599001
c<B>r<160>R<TYR> -30.407000 18.506001 22.985001
c<B>r<161>R<GLN> -26.731001 18.283001 23.903000
c<B>r<162>R<TRP> -24.927000 14.976000 23.174000
c<B>r<163>R<LEU> -21.396000 14.594000 24.667999
c<B>r<164>R<SER> -18.554001 12.004000 24.431000
c<B>r<166>R<GLY> -15.016000 8.207000 22.600000
c<B>r<167>R<SER> -14.368000 5.947000 25.709999
c<B>r<168>R<GLY> -17.495001 3.854000 24.827999
c<B>r<169>R<VAL> -19.952999 6.073000 26.781000
c<B>r<170>R<PHE> -21.957001 9.161000 25.771999
c<B>r<171>R<GLU> -24.158001 11.645000 27.674999
c<B>r<172>R<ILE> -27.424999 13.378000 26.569000
c<B>r<173>R<ALA> -29.207001 16.340000 28.219000
c<B>r<174>R<GLU> -31.943001 18.813999 27.107000
c<B>r<175>R<ALA> -30.427999 22.118000 25.840000
c<B>r<176>R<SER> -31.943001 25.580000 25.232000
c<B>r<177>R<GLY> -30.649000 28.114000 22.629000
c<B>r<178>R<VAL> -30.087000 25.386000 19.934000
c<B>r<179>R<ARG> -30.846001 26.392000 16.267000
c<B>r<183>R<LYS> -23.730000 21.822001 15.585000
c<B>r<217>R<TYR> -18.625000 29.002001 4.995000
c<B>r<218>R<LEU> -15.261000 28.983999 6.892000
c<B>r<219>R<ASN> -14.767000 31.697001 9.596000
c<B>r<220>R<GLY> -17.695000 33.478001 7.852000
c<B>r<221>R<ARG> -15.984000 33.436001 4.366000
c<B>r<222>R<ARG> -17.702000 31.555000 1.466000
c<B>r<284>R<PHE> 10.877000 14.181000 -17.865000
c<B>r<286>R<VAL> 6.253000 11.503000 -19.726999
c<B>r<287>R<SER> 8.792000 9.382000 -17.768999
c<B>r<288>R<ARG> 7.345000 10.615000 -14.398000
c<B>r<289>R<GLU> 4.952000 8.295000 -12.600000
c<B>r<290>R<LEU> 2.012000 10.550000 -12.497000
c<B>r<291>R<GLY> -0.634000 7.804000 -12.652000
c<B>r<313>R<LYS> -1.703000 4.083000 -18.242001
c<B>r<328>R<PRO> -18.267000 0.393000 -4.818000
c<B>r<329>R<LEU> -16.309000 2.499000 -2.284000
c<B>r<330>R<ASN> -14.206000 0.981000 0.504000
c<B>r<331>R<LEU> -15.249000 1.722000 4.146000
c<B>r<332>R<SER> -12.729000 4.645000 4.432000
c<B>r<333>R<ARG> -13.819000 6.056000 0.968000
c<B>r<334>R<GLU> -10.130000 6.301000 -0.153000
c<B>r<335>R<LEU> -9.996000 3.089000 -2.282000
c<B>r<336>R<LEU> -12.201000 1.449000 -4.874000
c<B>r<337>R<GLN> -13.020000 -2.274000 -4.540000
c<B>r<338>R<GLU> -11.504000 -4.383000 -7.350000
c<B>r<339>R<SER> -14.426000 -5.425000 -9.495000
