c<A>r<35>R<ARG> 12.550000 3.702000 -17.232000
c<A>r<36>R<PRO> 12.599000 4.402000 -13.456000
c<A>r<37>R<TYR> 12.946000 8.176000 -12.629000
c<A>r<38>R<VAL> 13.286000 9.381000 -16.260000
c<A>r<40>R<PRO> 7.921000 5.959000 -15.702000
c<A>r<47>R<LEU> -9.930000 8.674000 -5.472000
c<A>r<48>R<LYS> -11.611000 7.259000 -3.479000
c<A>r<49>R<GLY> -12.733000 3.968000 -5.069000
c<A>r<51>R<PHE> -7.161000 2.996000 -4.286000
c<A>r<52>R<MET> -7.458000 -0.802000 -3.773000
c<A>r<53>R<PHE> -7.356000 -1.596000 -7.515000
c<A>r<54>R<THR> -4.372000 0.814000 -7.856000
c<A>r<55>R<ALA> -2.448000 -0.978000 -5.028000
c<A>r<56>R<ASP> -2.907000 -4.408000 -6.697000
c<A>r<57>R<LEU> -2.385000 -3.084000 -10.284000
c<A>r<58>R<CYS> 0.960000 -1.371000 -9.468000
c<A>r<59>R<ARG> 2.226000 -4.636000 -7.811000
c<A>r<60>R<ALA> 1.078000 -6.618000 -10.878000
c<A>r<61>R<LEU> 2.838000 -4.086000 -13.217000
c<A>r<62>R<CYS> 6.014000 -4.557000 -11.097000
c<A>r<63>R<ASP> 5.827000 -8.362000 -11.807000
c<A>r<66>R<VAL> 6.839000 -1.755000 -15.776000
c<A>r<67>R<PRO> 8.316000 1.217000 -13.817000
c<A>r<68>R<VAL> 5.460000 3.388000 -12.485000
c<A>r<69>R<ARG> 4.939000 6.812000 -10.889000
c<A>r<70>R<MET> 1.878000 7.109000 -8.652000
c<A>r<71>R<GLU> -0.405000 10.159000 -8.843000
c<A>r<72>R<PHE> -3.645000 10.550000 -6.870000
c<A>r<73>R<ILE> -6.469000 12.881000 -7.827000
c<A>r<74>R<CYS> -9.747000 13.699000 -6.110000
c<A>r<76>R<SER> -16.172001 16.132999 -6.444000
c<A>r<82>R<LEU> -10.086000 18.784000 -5.119000
c<A>r<83>R<LEU> -6.585000 17.295000 -5.644000
c<A>r<84>R<ASP> -4.537000 17.277000 -8.885000
c<A>r<86>R<ARG> 1.806000 16.629000 -7.919000
c<A>r<87>R<HIS> 4.110000 16.516001 -10.971000
c<A>r<155>R<TYR> -12.686000 -4.048000 -3.696000
c<A>r<156>R<GLY> -12.672000 -0.231000 -3.219000
c<A>r<158>R<ASP> -18.813999 1.625000 -1.924000
c<A>r<159>R<TYR> -22.323000 2.189000 -0.831000
c<A>r<160>R<ASP> -22.459000 5.370000 1.368000
c<A>r<161>R<ASP> -18.634001 5.331000 1.861000
c<A>r<162>R<THR> -18.822001 1.753000 3.366000
c<A>r<163>R<TYR> -17.813999 -1.782000 2.082000
c<A>r<164>R<ARG> -14.658000 -0.577000 0.229000
c<A>r<165>R<GLU> -12.690000 -3.052000 2.422000
c<A>r<166>R<LEU> -14.341000 -6.258000 1.081000
c<A>r<167>R<ARG> -11.904000 -8.575000 -0.771000
c<B>r<35>R<ARG> -21.320000 -0.708000 12.521000
c<B>r<36>R<PRO> -21.527000 -0.192000 8.710000
c<B>r<37>R<TYR> -23.118000 3.268000 7.914000
c<B>r<38>R<VAL> -23.771000 4.165000 11.602000
c<B>r<40>R<PRO> -17.555000 2.858000 11.043000
c<B>r<47>R<LEU> -0.922000 10.172000 0.605000
c<B>r<48>R<LYS> 1.062000 9.156000 -1.333000
c<B>r<49>R<GLY> 3.013000 6.462000 0.544000
c<B>r<51>R<PHE> -2.072000 3.833000 0.060000
c<B>r<52>R<MET> -0.752000 0.217000 -0.291000
c<B>r<53>R<PHE> -0.554000 -0.232000 3.481000
c<B>r<54>R<THR> -4.103000 1.241000 3.678000
c<B>r<55>R<ALA> -5.411000 -1.249000 1.045000
c<B>r<56>R<ASP> -3.910000 -4.287000 2.856000
c<B>r<57>R<LEU> -4.834000 -2.934000 6.379000
c<B>r<58>R<CYS> -8.524000 -2.306000 5.491000
c<B>r<59>R<ARG> -8.830000 -5.895000 4.088000
c<B>r<60>R<ALA> -7.167000 -7.257000 7.262000
c<B>r<61>R<LEU> -9.613000 -5.181000 9.425000
c<B>r<62>R<CYS> -12.497000 -6.642000 7.341000
c<B>r<63>R<ASP> -11.260000 -10.194000 8.262000
c<B>r<66>R<VAL> -14.177000 -3.961000 11.682000
c<B>r<67>R<PRO> -16.341000 -1.776000 9.355000
c<B>r<68>R<VAL> -14.286000 1.111000 7.918000
c<B>r<69>R<ARG> -14.806000 4.480000 6.207000
c<B>r<70>R<MET> -11.923000 5.662000 4.003000
c<B>r<71>R<GLU> -10.583000 9.236000 3.980000
c<B>r<72>R<PHE> -7.509000 10.352000 2.011000
c<B>r<73>R<ILE> -5.417000 13.393000 2.863000
c<B>r<74>R<CYS> -2.387000 15.049000 1.309000
c<B>r<76>R<SER> 2.849000 19.436001 1.527000
c<B>r<82>R<LEU> -3.488000 19.896999 -0.119000
c<B>r<83>R<LEU> -6.407000 17.474001 0.424000
c<B>r<84>R<ASP> -8.444000 17.184000 3.655000
c<B>r<86>R<ARG> -14.428000 15.120000 2.978000
c<B>r<87>R<HIS> -16.658001 14.171000 5.935000
c<B>r<154>R<GLY> 8.862000 -0.468000 -1.643000
c<B>r<155>R<TYR> 5.362000 -1.291000 -0.373000
c<B>r<156>R<GLY> 4.234000 2.319000 -1.076000
c<B>r<158>R<ASP> 9.521000 5.743000 -2.641000
c<B>r<159>R<TYR> 12.772000 7.174000 -3.857000
c<B>r<160>R<ASP> 12.148000 10.185000 -6.160000
c<B>r<161>R<ASP> 8.480000 9.080000 -6.666000
c<B>r<162>R<THR> 9.574000 5.546000 -7.883000
c<B>r<163>R<TYR> 9.606000 1.934000 -6.475000
c<B>r<164>R<ARG> 6.300000 2.279000 -4.542000
c<B>r<165>R<GLU> 5.144000 -0.777000 -6.573000
c<B>r<166>R<LEU> 7.714000 -3.201000 -5.046000
c<B>r<167>R<ARG> 6.064000 -6.026000 -3.043000
