c<A>r<1>R<ILE> -12.962000 14.216000 -2.646000
c<A>r<2>R<ASN> -10.158000 11.614000 -2.440000
c<A>r<3>R<PHE> -8.294000 10.158000 -5.450000
c<A>r<4>R<LYS> -6.252000 6.943000 -5.443000
c<A>r<35>R<VAL> 2.862000 4.083000 6.204000
c<A>r<36>R<SER> 4.988000 1.110000 5.162000
c<A>r<37>R<LEU> 2.709000 -1.857000 4.443000
c<A>r<38>R<ALA> 5.397000 -4.418000 5.346000
c<A>r<46>R<PHE> 1.390000 4.551000 1.241000
c<A>r<56>R<THR> -8.920000 17.264999 -3.278000
c<A>r<57>R<ARG> -6.711000 14.750000 -1.431000
c<A>r<59>R<HIS> -3.719000 8.913000 -1.880000
c<A>r<75>R<LEU> -5.959000 -5.561000 -3.836000
c<A>r<76>R<ILE> -4.029000 -2.235000 -4.167000
c<A>r<78>R<ARG> -9.151000 -1.756000 -6.075000
c<A>r<79>R<GLY> -10.874000 1.643000 -6.483000
c<A>r<80>R<VAL> -7.889000 3.080000 -8.440000
c<C>r<1>R<SER> -15.106000 8.955000 -2.259000
c<C>r<2>R<LEU> -17.077999 10.109000 0.824000
c<C>r<3>R<VAL> -14.940000 12.432000 3.028000
c<C>r<4>R<LEU> -15.702000 13.851000 6.478000
c<C>r<33>R<ARG> -17.146000 1.111000 0.649000
c<C>r<34>R<LYS> -13.757000 1.512000 -1.218000
c<C>r<35>R<GLY> -11.772000 0.795000 2.017000
c<C>r<36>R<PHE> -10.703000 4.365000 2.942000
c<C>r<51>R<PRO> -2.225000 -0.858000 9.804000
c<C>r<52>R<LEU> -5.780000 0.620000 9.726000
c<C>r<53>R<ASP> -5.814000 1.233000 5.918000
c<C>r<54>R<THR> -5.017000 -2.470000 5.293000
c<C>r<57>R<THR> -9.282000 -2.321000 2.547000
c<C>r<58>R<LEU> -9.722000 -5.976000 3.667000
c<C>r<61>R<SER> -13.376000 -6.407000 0.376000
c<C>r<133>R<LEU> -22.398001 13.934000 0.560000
