c<E>r<119>R<ILE> -15.661000 6.224000 -18.184999
c<E>r<122>R<LYS> -16.125000 10.804000 -20.263000
c<E>r<123>R<GLU> -17.443001 8.869000 -23.327000
c<E>r<126>R<GLY> -16.066000 14.536000 -23.191999
c<E>r<127>R<PHE> -13.190000 16.046000 -21.202000
c<E>r<195>R<LEU> 2.807000 -11.412000 -15.622000
c<E>r<198>R<GLN> 3.458000 -14.285000 -19.653999
c<E>r<199>R<TYR> 2.890000 -11.182000 -21.875000
c<E>r<200>R<TYR> 6.378000 -10.358000 -23.301001
c<E>r<295>R<LEU> -1.688000 6.035000 -20.330999
c<E>r<296>R<ALA> -2.007000 2.212000 -19.941000
c<E>r<297>R<GLY> -4.623000 -0.278000 -18.603001
c<E>r<298>R<PHE> -7.569000 1.116000 -16.562000
c<G>r<4>R<PRO> -3.424000 -3.541000 -26.040001
c<G>r<5>R<ALA> -4.197000 -5.291000 -22.731001
c<G>r<6>R<LEU> -7.723000 -3.966000 -21.903000
c<G>r<7>R<SER> -7.894000 -6.146000 -18.701000
c<G>r<8>R<PRO> -5.133000 -7.114000 -16.129999
c<G>r<9>R<THR> -5.503000 -10.832000 -17.114000
c<G>r<10>R<MET> -6.196000 -10.303000 -20.840000
c<G>r<11>R<THR> -3.891000 -12.351000 -23.135000
c<G>r<29>R<GLY> -10.781000 9.722000 -27.874001
c<G>r<30>R<ASP> -13.032000 8.517000 -30.757999
c<G>r<31>R<LEU> -14.333000 4.941000 -30.233999
c<G>r<43>R<GLY> -14.477000 0.204000 -26.033001
c<G>r<45>R<GLU> -10.438000 4.491000 -28.207001
c<G>r<47>R<GLN> -4.998000 7.647000 -29.176001
c<G>r<65>R<PRO> -3.370000 -12.107000 -29.247000
c<G>r<66>R<LEU> -2.181000 -8.900000 -27.555000
c<G>r<67>R<GLY> 0.277000 -6.865000 -29.684999
