c<A>r<154>R<GLU> 6.888000 2.632000 -17.334999
c<A>r<155>R<LEU> 8.247000 3.188000 -20.870001
c<A>r<156>R<ARG> 10.980000 5.901000 -21.039000
c<A>r<157>R<TYR> 13.342000 7.462000 -23.624001
c<A>r<158>R<ASP> 17.055000 8.094000 -23.597000
c<A>r<159>R<SER> 17.382000 10.899000 -26.169001
c<A>r<160>R<THR> 21.212000 10.471000 -26.624001
c<A>r<161>R<CYS> 21.705000 6.654000 -26.471001
c<A>r<162>R<GLU> 18.610001 6.150000 -28.754999
c<A>r<163>R<ARG> 17.174999 3.823000 -26.034000
c<A>r<164>R<LEU> 13.415000 3.277000 -25.875000
c<A>r<165>R<TYR> 13.012000 1.085000 -22.729000
c<A>r<166>R<TYR> 10.846000 -0.052000 -19.799999
c<A>r<316>R<GLY> -10.683000 8.950000 -23.917000
c<A>r<356>R<ARG> -5.337000 6.930000 -20.386999
c<C>r<24>R<VAL> 24.990000 7.699000 -33.862000
c<C>r<25>R<GLY> 28.504999 8.477000 -32.488998
c<C>r<26>R<SER> 28.219000 7.687000 -28.740000
c<C>r<27>R<ALA> 29.896000 6.759000 -25.430000
c<C>r<28>R<CYS> 26.570999 5.023000 -24.480000
c<C>r<29>R<ARG> 27.056999 1.527000 -22.947001
c<C>r<30>R<PHE> 23.621000 0.577000 -24.417000
c<C>r<31>R<LEU> 24.955999 0.984000 -28.014000
c<C>r<32>R<GLN> 28.341000 -0.640000 -27.127001
c<C>r<34>R<GLN> 23.298000 -3.620000 -28.079000
c<C>r<35>R<GLY> 24.018000 -1.349000 -31.141001
c<C>r<38>R<ALA> 19.511000 -0.369000 -33.400002
c<C>r<39>R<GLU> 16.055000 0.124000 -35.014000
c<C>r<41>R<THR> 14.101000 5.565000 -36.558998
c<C>r<56>R<THR> 10.442000 10.090000 -33.028000
c<C>r<58>R<ARG> 10.662000 3.900000 -34.102001
c<C>r<59>R<LYS> 10.452000 0.376000 -32.595001
c<C>r<60>R<LEU> 10.800000 -1.444000 -29.337999
c<C>r<61>R<ASP> 10.173000 -5.266000 -29.320999
c<C>r<65>R<TRP> 6.012000 3.621000 -30.990999
c<C>r<67>R<VAL> 8.010000 9.340000 -28.688000
c<C>r<68>R<ARG> 6.631000 12.942000 -28.396999
c<C>r<69>R<GLN> 9.078000 15.667000 -27.249001
c<C>r<82>R<LEU> 14.129000 19.539000 -23.889000
c<C>r<84>R<ALA> 12.505000 15.098000 -20.315001
c<C>r<85>R<ARG> 13.328000 12.724000 -17.374001
c<C>r<86>R<GLY> 16.368999 14.915000 -16.694000
c<C>r<88>R<VAL> 18.346001 17.416000 -22.430000
c<C>r<89>R<HIS> 20.406000 20.009001 -24.348000
c<C>r<90>R<VAL> 20.334000 19.764999 -28.179001
c<C>r<104>R<TYR> 24.728001 16.827999 -30.892000
c<C>r<105>R<LEU> 22.702000 15.915000 -27.771000
c<C>r<106>R<GLU> 23.143999 15.801000 -23.958000
c<C>r<107>R<ARG> 21.132999 13.963000 -21.245001
c<C>r<108>R<ALA> 22.399000 14.524000 -17.665001
c<C>r<109>R<GLY> 25.830999 15.097000 -19.323000
c<C>r<110>R<GLN> 25.593000 11.975000 -21.607000
c<C>r<111>R<LEU> 27.079000 13.009000 -25.042999
c<C>r<112>R<SER> 25.952000 11.630000 -28.396999
c<C>r<113>R<VAL> 26.462999 12.881000 -32.009998
c<C>r<114>R<LYS> 23.893999 11.912000 -34.737000
c<C>r<158>R<GLN> -3.012000 6.079000 -29.608000
c<C>r<159>R<PHE> -1.803000 3.332000 -27.179001
c<C>r<160>R<HIS> 1.858000 3.025000 -28.349001
c<C>r<161>R<VAL> 2.901000 6.617000 -27.489000
c<C>r<162>R<LEU> 5.485000 7.822000 -24.995001
c<C>r<163>R<ASP> 4.302000 11.390000 -24.232000
c<C>r<164>R<GLU> 7.157000 13.673000 -22.934999
