c<A>r<47>R<THR> -10.385000 -10.887000 -11.816000
c<A>r<48>R<GLU> -10.871000 -14.504000 -10.737000
c<A>r<92>R<ALA> 0.597000 -7.985000 -6.756000
c<A>r<93>R<ALA> -2.151000 -5.391000 -6.973000
c<A>r<94>R<VAL> -4.716000 -8.020000 -7.565000
c<A>r<95>R<TRP> -3.486000 -10.017000 -4.606000
c<A>r<96>R<GLY> -3.310000 -6.895000 -2.415000
c<A>r<97>R<ARG> -6.821000 -5.761000 -3.334000
c<A>r<98>R<HIS> -8.743000 -8.982000 -3.683000
c<A>r<99>R<GLY> -6.540000 -11.527000 -2.021000
c<A>r<100>R<SER> -5.623000 -14.862000 -3.555000
c<A>r<101>R<GLY> -8.586000 -17.295000 -3.376000
c<A>r<102>R<GLY> -6.522000 -20.448000 -3.515000
c<A>r<103>R<THR> -4.265000 -22.684000 -1.442000
c<A>r<104>R<GLY> -1.525000 -20.171000 -1.817000
c<A>r<105>R<SER> -3.273000 -17.778999 0.233000
c<A>r<106>R<ARG> -2.648000 -20.094999 3.051000
c<A>r<107>R<LEU> 0.406000 -18.659000 4.487000
c<A>r<108>R<GLU> 0.648000 -21.535000 6.988000
c<A>r<109>R<GLU> 4.084000 -20.472000 7.923000
c<A>r<110>R<VAL> 2.968000 -16.966000 8.854000
c<A>r<111>R<LEU> 0.382000 -18.409000 11.254000
c<A>r<112>R<GLN> 2.856000 -20.868000 12.755000
c<A>r<113>R<ALA> 5.367000 -18.155001 13.232000
c<A>r<115>R<ARG> 1.939000 -18.714001 17.284000
c<A>r<121>R<ASP> -4.404000 -17.563999 20.204000
c<A>r<122>R<ASP> -7.497000 -15.408000 19.958000
c<A>r<123>R<GLU> -5.431000 -12.475000 18.659000
c<A>r<124>R<ILE> -3.539000 -14.424000 16.114000
c<A>r<125>R<PRO> -6.086000 -14.176000 13.233000
c<A>r<126>R<ALA> -6.335000 -10.421000 13.563000
c<A>r<127>R<ARG> -2.570000 -10.043000 13.742000
c<A>r<128>R<TYR> -2.195000 -12.305000 10.727000
c<A>r<129>R<HIS> -4.663000 -10.186000 8.856000
c<A>r<130>R<ARG> -2.869000 -6.885000 9.636000
c<A>r<131>R<LEU> 0.501000 -8.363000 8.808000
c<A>r<132>R<VAL> -0.530000 -9.703000 5.438000
c<A>r<133>R<ILE> -2.238000 -6.425000 4.641000
c<A>r<134>R<LEU> 0.976000 -4.600000 5.470000
c<A>r<135>R<ILE> 3.139000 -6.903000 3.342000
c<A>r<136>R<SER> 0.807000 -6.977000 0.370000
c<A>r<137>R<SER> 0.334000 -3.198000 0.490000
c<A>r<138>R<LEU> 4.040000 -2.507000 0.421000
c<A>r<139>R<ILE> 4.640000 -4.928000 -2.429000
c<A>r<140>R<THR> 1.751000 -3.525000 -4.424000
c<A>r<141>R<ALA> 2.999000 0.004000 -4.079000
c<A>r<142>R<GLU> 6.523000 -0.973000 -4.938000
c<A>r<143>R<GLY> 6.626000 -0.005000 -8.466000
c<A>r<144>R<GLY> 6.823000 3.261000 -10.060000
c<A>r<145>R<PHE> 8.949000 6.255000 -11.161000
c<A>r<146>R<ARG> 11.284000 7.889000 -8.861000
c<A>r<147>R<VAL> 10.464000 11.562000 -9.262000
c<A>r<148>R<ALA> 11.692000 13.872000 -6.447000
c<A>r<149>R<VAL> 10.200000 17.320000 -5.591000
c<A>r<150>R<LEU> 12.936000 19.819000 -6.294000
c<A>r<151>R<GLY> 12.436000 22.259001 -3.419000
c<A>r<152>R<ALA> 9.907000 24.108999 -1.307000
c<A>r<153>R<ASP> 9.230000 27.719000 -0.513000
c<A>r<156>R<ARG> 5.409000 28.334000 3.386000
c<A>r<157>R<PHE> 7.237000 25.082001 4.103000
c<A>r<158>R<PRO> 10.089000 25.822001 6.556000
c<A>r<159>R<ALA> 10.603000 22.141001 7.615000
c<A>r<160>R<LEU> 10.434000 20.849001 4.087000
c<A>r<161>R<SER> 12.793000 23.563999 2.982000
c<A>r<162>R<HIS> 15.236000 22.486000 5.628000
c<A>r<163>R<PHE> 15.040000 18.781000 4.845000
c<A>r<164>R<ALA> 14.311000 18.989000 1.083000
c<A>r<165>R<ARG> 17.728001 17.879000 0.052000
c<A>r<166>R<GLU> 17.691999 14.853000 2.179000
c<A>r<167>R<ILE> 14.261000 13.579000 1.433000
c<A>r<168>R<ARG> 14.317000 10.842000 -1.303000
c<A>r<169>R<PRO> 11.584000 10.376000 -3.876000
c<A>r<170>R<LEU> 8.769000 8.245000 -2.597000
c<A>r<171>R<GLY> 9.643000 5.425000 -5.015000
c<A>r<172>R<ALA> 13.272000 5.344000 -4.004000
c<A>r<173>R<ASP> 14.853000 2.773000 -1.757000
c<A>r<174>R<ARG> 11.680000 0.680000 -1.516000
c<A>r<176>R<ALA> 15.120000 -0.941000 2.374000
c<A>r<177>R<ALA> 11.895000 0.701000 3.331000
c<A>r<178>R<PHE> 10.092000 -2.621000 3.052000
c<A>r<180>R<GLU> 12.481000 -1.433000 7.948000
c<A>r<181>R<ILE> 8.772000 -0.992000 8.014000
c<A>r<182>R<LEU> 8.267000 -4.721000 8.439000
c<A>r<183>R<ALA> 10.777000 -4.768000 11.242000
c<A>r<184>R<ALA> 8.955000 -1.965000 12.980000
c<A>r<185>R<HIS> 5.764000 -3.860000 12.815000
c<A>r<186>R<LEU> 7.313000 -7.025000 14.147000
c<A>r<187>R<ALA> 8.853000 -5.087000 16.983999
c<A>r<188>R<HIS> 5.496000 -3.847000 17.892000
c<A>r<189>R<LEU> 4.221000 -7.445000 17.975000
c<A>r<191>R<ALA> 6.303000 -5.808000 22.540001
c<B>r<47>R<THR> 1.191000 10.132000 -15.754000
c<B>r<92>R<ALA> -3.953000 6.869000 -4.940000
c<B>r<93>R<ALA> -2.051000 4.316000 -6.994000
c<B>r<94>R<VAL> -0.391000 6.986000 -8.968000
c<B>r<95>R<TRP> 0.610000 8.824000 -5.842000
c<B>r<96>R<GLY> 1.816000 5.615000 -4.173000
c<B>r<97>R<ARG> 3.897000 4.586000 -7.187000
c<B>r<98>R<HIS> 5.209000 7.832000 -8.558000
c<B>r<99>R<GLY> 4.622000 10.268000 -5.781000
c<B>r<100>R<SER> 3.021000 13.632000 -6.275000
c<B>r<101>R<GLY> 5.191000 16.069000 -8.283000
c<B>r<102>R<GLY> 3.954000 19.221001 -6.658000
c<B>r<103>R<THR> 3.926000 21.236000 -3.449000
c<B>r<104>R<GLY> 1.403000 18.858000 -2.046000
c<B>r<105>R<SER> 3.731000 16.075001 -1.790000
c<B>r<106>R<ARG> 5.474000 17.846001 0.901000
c<B>r<107>R<LEU> 3.560000 17.112000 3.968000
c<B>r<108>R<GLU> 5.000000 19.962999 6.107000
c<B>r<109>R<GLU> 2.922000 18.861000 9.001000
c<B>r<110>R<VAL> 4.343000 15.338000 8.931000
c<B>r<111>R<LEU> 7.880000 16.735001 9.169000
c<B>r<112>R<GLN> 6.963000 19.132999 11.960000
c<B>r<115>R<ARG> 10.513000 16.844000 14.810000
c<B>r<121>R<ASP> 17.275999 15.688000 13.006000
c<B>r<122>R<ASP> 19.481001 13.584000 10.777000
c<B>r<123>R<GLU> 17.020000 10.674000 10.993000
c<B>r<124>R<ILE> 13.966000 12.666000 10.284000
c<B>r<125>R<PRO> 14.106000 12.529000 6.429000
c<B>r<126>R<ALA> 14.463000 8.777000 6.410000
c<B>r<127>R<ARG> 11.676000 8.347000 8.938000
c<B>r<128>R<TYR> 9.485000 10.681000 6.919000
c<B>r<129>R<HIS> 10.181000 8.658000 3.847000
c<B>r<130>R<ARG> 9.252000 5.315000 5.487000
c<B>r<131>R<LEU> 6.138000 6.775000 7.031000
c<B>r<132>R<VAL> 4.820000 8.201000 3.804000
c<B>r<133>R<ILE> 5.597000 4.953000 2.009000
c<B>r<134>R<LEU> 3.633000 3.086000 4.643000
c<B>r<135>R<ILE> 0.628000 5.425000 4.450000
c<B>r<136>R<SER> 0.543000 5.615000 0.690000
c<B>r<137>R<SER> 0.943000 1.849000 0.345000
c<B>r<138>R<LEU> -1.959000 1.119000 2.637000
c<B>r<139>R<ILE> -4.214000 3.619000 0.914000
c<B>r<140>R<THR> -3.281000 2.329000 -2.514000
c<B>r<141>R<ALA> -4.038000 -1.226000 -1.573000
c<B>r<142>R<GLU> -7.334000 -0.260000 0.013000
c<B>r<143>R<GLY> -10.077000 -0.595000 -2.623000
c<B>r<144>R<GLY> -10.895000 -4.157000 -3.463000
c<B>r<145>R<GLN> -14.425000 -5.660000 -3.155000
c<B>r<146>R<PHE> -13.626000 -9.355000 -2.665000
c<B>r<147>R<ARG> -15.005000 -10.759000 0.325000
c<B>r<148>R<VAL> -13.952000 -14.348000 0.292000
c<B>r<149>R<ALA> -11.382000 -15.832000 2.503000
c<B>r<150>R<VAL> -10.237000 -19.429001 2.228000
c<B>r<151>R<LEU> -13.195000 -21.375999 3.322000
c<B>r<152>R<GLY> -11.058000 -24.051001 4.914000
c<B>r<153>R<ALA> -7.799000 -25.841000 4.635000
c<B>r<154>R<ASP> -6.645000 -29.420000 4.665000
c<B>r<157>R<ARG> -1.248000 -29.917000 5.109000
c<B>r<158>R<PHE> -2.246000 -26.676001 6.842000
c<B>r<159>R<PRO> -2.900000 -27.459999 10.517000
c<B>r<160>R<ALA> -2.665000 -23.802000 11.716000
c<B>r<161>R<LEU> -4.779000 -22.455000 8.931000
c<B>r<162>R<SER> -7.309000 -25.184999 9.526000
c<B>r<163>R<HIS> -7.526000 -24.153000 13.130000
c<B>r<164>R<PHE> -7.862000 -20.427000 12.452000
c<B>r<165>R<ALA> -9.693000 -20.563000 9.099000
c<B>r<166>R<ARG> -12.972000 -19.451000 10.503000
c<B>r<167>R<GLU> -11.579000 -16.458000 12.184000
c<B>r<168>R<ILE> -9.387000 -15.145000 9.463000
c<B>r<169>R<ARG> -11.118000 -12.344000 7.474000
c<B>r<170>R<PRO> -10.691000 -11.773000 3.766000
c<B>r<171>R<LEU> -7.677000 -9.619000 3.040000
c<B>r<172>R<GLY> -9.851000 -6.731000 1.813000
c<B>r<173>R<ALA> -12.008000 -6.716000 4.894000
c<B>r<174>R<ASP> -11.777000 -4.198000 7.693000
c<B>r<175>R<ARG> -9.145000 -2.098000 5.909000
c<B>r<177>R<ALA> -9.325000 -0.623000 11.160000
c<B>r<178>R<ALA> -6.243000 -2.277000 9.800000
c<B>r<179>R<PHE> -4.983000 1.075000 8.542000
c<B>r<181>R<GLU> -3.728000 -0.274000 13.798000
c<B>r<182>R<ILE> -0.822000 -0.675000 11.474000
c<B>r<183>R<LEU> -0.117000 3.036000 11.597000
c<B>r<184>R<ALA> -0.270000 2.961000 15.370000
c<B>r<185>R<ALA> 2.209000 0.127000 15.462000
c<B>r<186>R<HIS> 4.588000 2.071000 13.343000
c<B>r<187>R<LEU> 4.279000 5.174000 15.460000
c<B>r<188>R<ALA> 4.880000 3.127000 18.566999
c<B>r<189>R<HIS> 8.032000 1.895000 17.080999
c<B>r<190>R<LEU> 9.092000 5.495000 16.438999
c<B>r<192>R<ALA> 10.376000 3.698000 21.231001
