c<A>r<2>R<ASN> 18.143999 2.658000 9.566000
c<A>r<3>R<ALA> 17.677999 2.138000 5.761000
c<A>r<4>R<VAL> 20.033001 -0.938000 5.598000
c<A>r<5>R<GLU> 18.436001 -2.562000 8.697000
c<A>r<6>R<ILE> 14.908000 -2.181000 7.217000
c<A>r<7>R<ILE> 15.856000 -3.816000 3.869000
c<A>r<8>R<SER> 17.775999 -6.642000 5.655000
c<A>r<9>R<ARG> 14.558000 -8.026000 7.278000
c<A>r<10>R<ASP> 13.090000 -11.330000 6.095000
c<A>r<11>R<ILE> 9.473000 -10.359000 5.297000
c<A>r<12>R<TYR> 8.912000 -12.771000 2.359000
c<A>r<13>R<LYS> 6.337000 -14.906000 4.260000
c<A>r<15>R<ILE> 4.223000 -10.469000 1.807000
c<A>r<16>R<ASP> 3.295000 -13.928000 0.379000
c<A>r<17>R<ILE> 0.359000 -14.028000 2.864000
c<A>r<18>R<GLN> -0.537000 -10.367000 2.008000
c<A>r<19>R<THR> -0.609000 -11.303000 -1.713000
c<A>r<20>R<LYS> -3.063000 -14.173000 -0.994000
c<A>r<21>R<ILE> -5.208000 -11.938000 1.309000
c<A>r<22>R<LEU> -5.441000 -9.179000 -1.369000
c<A>r<23>R<ASP> -6.217000 -11.725000 -4.155000
c<A>r<26>R<THR> -10.512000 -8.230000 -4.156000
c<A>r<27>R<LYS> -11.969000 -11.355000 -5.859000
c<A>r<30>R<THR> -15.563000 -8.414000 -7.802000
c<A>r<31>R<ASP> -17.431999 -11.813000 -7.770000
c<A>r<33>R<GLY> -20.465000 -7.291000 -8.655000
c<A>r<34>R<PHE> -18.754999 -4.478000 -6.708000
c<A>r<35>R<LYS> -17.040001 -1.729000 -8.730000
c<A>r<36>R<TRP> -13.283000 -1.397000 -8.062000
c<A>r<37>R<LEU> -12.399000 2.304000 -7.631000
c<A>r<38>R<LEU> -8.923000 3.844000 -7.585000
c<A>r<39>R<PRO> -7.963000 5.757000 -4.400000
c<A>r<40>R<ILE> -7.841000 9.502000 -3.772000
c<A>r<41>R<MET> -4.903000 10.943000 -1.829000
c<A>r<42>R<LEU> -5.581000 14.711000 -2.277000
c<A>r<43>R<SER> -8.934000 16.458000 -1.703000
c<A>r<44>R<PRO> -10.340000 19.733999 -0.249000
c<A>r<45>R<ILE> -12.415000 17.375000 2.015000
c<A>r<46>R<THR> -11.491000 14.336000 4.145000
c<A>r<61>R<ALA> -1.541000 16.646999 6.601000
c<A>r<62>R<GLU> -2.143000 19.544001 4.157000
c<A>r<63>R<VAL> -0.414000 20.620001 0.894000
c<A>r<64>R<ASP> -0.995000 23.483999 -1.573000
c<A>r<65>R<VAL> -2.140000 22.275000 -5.033000
c<A>r<66>R<TYR> -2.249000 25.118999 -7.605000
c<A>r<67>R<GLY> -2.908000 27.690001 -4.803000
c<A>r<68>R<VAL> -5.679000 25.618999 -3.097000
c<A>r<69>R<ARG> -5.059000 23.832001 0.211000
c<A>r<70>R<MET> -5.637000 20.066999 -0.158000
c<A>r<71>R<ARG> -5.787000 17.408001 2.597000
c<A>r<72>R<LEU> -4.203000 13.984000 2.618000
c<A>r<78>R<LEU> -16.955999 11.117000 2.014000
c<A>r<79>R<HIS> -15.743000 10.007000 -1.462000
c<A>r<82>R<LEU> -20.153000 10.587000 -3.388000
c<A>r<83>R<ALA> -19.434999 7.441000 -5.493000
c<A>r<84>R<ILE> -22.878000 6.125000 -4.322000
c<A>r<85>R<ALA> -24.386999 9.531000 -5.324000
c<A>r<86>R<MET> -22.912001 8.880000 -8.855000
c<A>r<87>R<GLY> -25.083000 5.683000 -9.091000
c<A>r<88>R<LEU> -22.263000 3.076000 -8.782000
c<A>r<89>R<GLU> -24.504000 1.004000 -6.351000
c<A>r<91>R<ILE> -18.069000 0.122000 -4.643000
c<A>r<92>R<PHE> -14.752000 -0.901000 -3.122000
c<A>r<94>R<LEU> -7.795000 -0.215000 -1.806000
c<A>r<95>R<SER> -7.504000 3.165000 0.005000
c<A>r<96>R<PRO> -4.187000 4.377000 1.497000
c<A>r<97>R<ASN> -4.930000 6.403000 4.646000
c<A>r<98>R<ILE> -2.568000 8.953000 6.266000
c<A>r<100>R<LEU> -0.483000 11.314000 11.848000
c<A>r<101>R<GLU> -1.344000 9.859000 15.298000
c<A>r<102>R<SER> 1.003000 10.368000 18.274000
c<A>r<112>R<TYR> 0.466000 6.408000 10.310000
c<A>r<113>R<GLU> 0.166000 5.196000 6.691000
c<A>r<114>R<PHE> -1.923000 2.049000 5.973000
c<A>r<115>R<THR> -4.346000 0.534000 3.409000
c<A>r<243>R<PHE> -16.855000 20.108000 3.979000
c<A>r<244>R<ARG> -18.320000 22.745001 1.562000
c<A>r<245>R<PRO> -18.436001 20.691000 -1.745000
c<A>r<246>R<TYR> -19.872999 17.639000 0.140000
c<A>r<247>R<LEU> -22.482000 19.868999 1.880000
c<A>r<248>R<GLU> -23.441000 21.414000 -1.524000
c<A>r<249>R<ILE> -24.041000 17.830999 -2.821000
c<A>r<250>R<ALA> -26.068001 16.952000 0.322000
c<A>r<251>R<ARG> -28.108999 20.224001 -0.050000
c<A>r<252>R<ALA> -28.847000 19.247999 -3.688000
c<A>r<254>R<LYS> -27.943001 13.777000 -4.193000
c<A>r<255>R<LEU> -26.614000 11.755000 -1.230000
c<A>r<265>R<VAL> -5.224000 -4.971000 5.204000
c<A>r<266>R<GLU> -1.937000 -4.854000 7.196000
c<A>r<282>R<GLN> 5.262000 -3.784000 6.287000
c<A>r<283>R<PRO> 8.283000 -3.533000 3.858000
c<A>r<284>R<PHE> 8.562000 0.167000 4.780000
c<A>r<286>R<ARG> 5.163000 3.645000 9.289000
c<A>r<288>R<PRO> 3.070000 6.412000 14.779000
c<A>r<289>R<GLY> 5.084000 9.479000 15.914000
c<A>r<290>R<ILE> 8.309000 8.253000 14.148000
c<A>r<291>R<PRO> 9.104000 9.720000 10.684000
c<A>r<292>R<ALA> 10.308000 6.715000 8.623000
c<A>r<293>R<VAL> 13.989000 6.991000 7.325000
c<A>r<294>R<ILE> 13.135000 5.346000 4.052000
c<B>r<2>R<ASN> -18.791000 22.361000 -9.809000
c<B>r<3>R<ALA> -19.237000 19.601000 -7.170000
c<B>r<4>R<VAL> -22.882999 18.848000 -8.254000
c<B>r<5>R<GLU> -21.870001 18.684999 -11.958000
c<B>r<6>R<ILE> -19.034000 16.205999 -11.108000
c<B>r<7>R<ILE> -21.341000 13.820000 -9.158000
c<B>r<8>R<SER> -24.032000 14.061000 -11.916000
c<B>r<9>R<ARG> -21.643999 12.533000 -14.550000
c<B>r<10>R<ASP> -22.417000 9.076000 -15.930000
c<B>r<11>R<ILE> -19.143000 7.249000 -15.154000
c<B>r<12>R<TYR> -20.669001 3.750000 -14.698000
c<B>r<13>R<LYS> -19.309000 2.217000 -17.948999
c<B>r<15>R<ILE> -15.694000 2.231000 -13.717000
c<B>r<16>R<ASP> -17.157000 -1.143000 -14.880000
c<B>r<17>R<ILE> -14.330000 -1.428000 -17.466000
c<B>r<18>R<GLN> -11.771000 -0.249000 -14.827000
c<B>r<19>R<THR> -13.045000 -3.014000 -12.484000
c<B>r<20>R<LYS> -12.508000 -5.642000 -15.237000
c<B>r<21>R<ILE> -9.041000 -4.213000 -16.153000
c<B>r<22>R<LEU> -7.908000 -4.256000 -12.479000
c<B>r<23>R<ASP> -9.287000 -7.812000 -11.884000
c<B>r<26>R<THR> -3.928000 -8.326000 -10.680000
c<B>r<27>R<LYS> -4.880000 -11.956000 -11.582000
c<B>r<30>R<THR> -0.669000 -13.164000 -8.932000
c<B>r<31>R<ASP> -0.972000 -16.302999 -11.174000
c<B>r<33>R<GLY> 3.880000 -15.706000 -8.675000
c<B>r<34>R<PHE> 4.394000 -11.931000 -8.255000
c<B>r<35>R<LYS> 4.089000 -10.495000 -4.737000
c<B>r<36>R<TRP> 1.414000 -7.822000 -4.259000
c<B>r<37>R<LEU> 2.737000 -4.815000 -2.306000
c<B>r<38>R<LEU> 0.641000 -2.066000 -0.735000
c<B>r<39>R<PRO> 1.457000 1.470000 -2.018000
c<B>r<40>R<ILE> 3.799000 3.953000 -0.342000
c<B>r<41>R<MET> 2.490000 7.545000 -0.381000
c<B>r<42>R<LEU> 4.968000 9.306000 1.988000
c<B>r<43>R<SER> 8.754000 9.094000 1.411000
c<B>r<44>R<PRO> 11.997000 11.266000 1.494000
c<B>r<45>R<ILE> 13.112000 9.535000 -1.718000
c<B>r<46>R<THR> 10.821000 9.494000 -4.710000
c<B>r<59>R<ARG> 6.544000 20.274000 -8.614000
c<B>r<61>R<ALA> 3.958000 17.768999 -3.235000
c<B>r<62>R<GLU> 5.672000 18.052000 0.198000
c<B>r<63>R<VAL> 4.133000 17.610001 3.705000
c<B>r<64>R<ASP> 5.378000 17.759001 7.316000
c<B>r<65>R<VAL> 5.386000 14.349000 9.062000
c<B>r<66>R<TYR> 6.453000 14.623000 12.723000
c<B>r<67>R<GLY> 8.756000 17.621000 11.924000
c<B>r<68>R<VAL> 10.301000 15.884000 8.852000
c<B>r<69>R<ARG> 9.521000 17.025000 5.318000
c<B>r<70>R<MET> 8.255000 14.089000 3.202000
c<B>r<72>R<LEU> 4.193000 12.393000 -2.022000
c<B>r<78>R<LEU> 13.088000 3.427000 -5.754000
c<B>r<79>R<HIS> 10.784000 1.435000 -3.387000
c<B>r<82>R<LEU> 14.322000 -1.703000 -2.334000
c<B>r<83>R<ALA> 11.612000 -4.441000 -2.311000
c<B>r<84>R<ILE> 13.823000 -6.549000 -4.678000
c<B>r<85>R<ALA> 16.771999 -5.868000 -2.283000
c<B>r<86>R<MET> 14.575000 -7.364000 0.548000
c<B>r<87>R<GLY> 14.507000 -10.723000 -1.368000
c<B>r<88>R<LEU> 11.107000 -10.208000 -3.080000
c<B>r<89>R<GLU> 12.167000 -11.628000 -6.504000
c<B>r<91>R<ILE> 6.719000 -7.664000 -7.081000
c<B>r<92>R<PHE> 3.763000 -5.593000 -8.247000
c<B>r<94>R<LEU> -1.233000 -0.578000 -7.544000
c<B>r<95>R<SER> 0.454000 2.780000 -6.838000
c<B>r<96>R<PRO> -1.314000 6.157000 -6.636000
c<B>r<97>R<ASN> 1.119000 8.742000 -8.044000
c<B>r<98>R<ILE> 0.998000 12.535000 -7.550000
c<B>r<100>R<LEU> 1.887000 18.521000 -9.900000
c<B>r<101>R<GLU> 2.197000 19.320000 -13.627000
c<B>r<102>R<SER> 1.507000 22.736000 -15.218000
c<B>r<103>R<ARG> -1.694000 23.552999 -17.207001
c<B>r<112>R<TYR> -1.761000 15.132000 -11.609000
c<B>r<113>R<GLU> -3.094000 12.184000 -9.517000
c<B>r<114>R<PHE> -3.341000 8.732000 -11.171000
c<B>r<115>R<THR> -2.788000 4.988000 -10.499000
c<B>r<116>R<GLN> -0.096000 2.801000 -12.054000
c<B>r<243>R<PHE> 18.784000 10.120000 -2.068000
c<B>r<244>R<ARG> 20.892000 9.325000 1.069000
c<B>r<245>R<PRO> 18.780001 6.299000 2.304000
c<B>r<246>R<TYR> 18.856001 4.750000 -1.227000
c<B>r<247>R<LEU> 22.606001 5.481000 -1.644000
c<B>r<248>R<GLU> 23.337000 3.857000 1.783000
c<B>r<249>R<ILE> 21.679001 0.611000 0.525000
c<B>r<250>R<ALA> 23.524000 0.844000 -2.842000
c<B>r<251>R<ARG> 26.889999 1.473000 -1.032000
c<B>r<252>R<ALA> 26.221001 -1.583000 1.186000
c<B>r<254>R<LYS> 22.368999 -4.594000 -1.279000
c<B>r<255>R<LEU> 20.733999 -3.321000 -4.496000
c<B>r<265>R<VAL> -4.441000 2.162000 -15.255000
c<B>r<266>R<GLU> -6.618000 5.202000 -16.117001
c<B>r<282>R<GLN> -12.097000 9.410000 -13.321000
c<B>r<283>R<PRO> -15.054000 9.732000 -10.851000
c<B>r<284>R<PHE> -13.188000 12.714000 -9.267000
c<B>r<286>R<ARG> -7.453000 15.475000 -11.409000
c<B>r<288>R<PRO> -3.028000 19.424999 -14.505000
c<B>r<289>R<GLY> -2.892000 23.069000 -13.314000
c<B>r<290>R<ILE> -6.552000 22.959999 -12.043000
c<B>r<291>R<PRO> -7.167000 22.242001 -8.305000
c<B>r<292>R<ALA> -9.716000 19.465000 -7.608000
c<B>r<293>R<VAL> -13.212000 20.556999 -6.434000
c<B>r<294>R<ILE> -13.817000 17.169001 -4.695000
