c<A>r<116>R<GLY> 7.658000 3.159000 7.323000
c<A>r<141>R<TRP> -8.760000 4.679000 -5.075000
c<A>r<142>R<ALA> -12.024000 5.974000 -6.230000
c<A>r<143>R<THR> -10.076000 8.343000 -8.312000
c<A>r<144>R<HIS> -6.964000 6.417000 -9.154000
c<A>r<163>R<TYR> 3.451000 2.557000 -3.861000
c<A>r<164>R<SER> 3.748000 4.466000 -0.631000
c<A>r<165>R<THR> 1.013000 4.465000 1.926000
c<A>r<166>R<VAL> -1.370000 7.395000 1.873000
c<A>r<167>R<TYR> -3.430000 7.864000 5.019000
c<A>r<168>R<PHE> -7.078000 9.203000 5.339000
c<A>r<169>R<VAL> -8.005000 7.939000 1.894000
c<A>r<225>R<SER> 7.057000 8.786000 13.993000
c<A>r<226>R<ILE> 3.544000 7.572000 13.309000
c<A>r<228>R<SER> 2.057000 12.504000 13.525000
c<A>r<229>R<VAL> -0.704000 10.556000 11.867000
c<A>r<230>R<ILE> -2.496000 8.701000 14.667000
c<B>r<6>R<LEU> -12.071000 13.748000 6.490000
c<B>r<7>R<LEU> -10.668000 16.601000 4.481000
c<B>r<8>R<ILE> -9.761000 18.368999 7.632000
c<B>r<9>R<GLN> -7.958000 15.259000 8.823000
c<B>r<10>R<ARG> -5.901000 15.232000 5.639000
c<B>r<11>R<LEU> -5.121000 18.910000 6.062000
c<B>r<12>R<ASN> -4.055000 18.403999 9.592000
c<B>r<13>R<TRP> -1.706000 15.671000 8.528000
c<B>r<14>R<MET> -0.338000 17.941000 5.829000
c<B>r<15>R<LEU> 0.246000 20.724001 8.348000
c<B>r<16>R<TRP> 2.203000 18.285000 10.555000
c<B>r<17>R<VAL> 4.425000 17.325001 7.659000
c<B>r<20>R<GLU> 8.443000 18.875999 10.252000
c<B>r<92>R<ILE> 8.925000 11.390000 6.746000
c<B>r<93>R<ASN> 5.879000 11.391000 4.472000
c<B>r<95>R<ASP> 6.843000 12.419000 -0.673000
c<B>r<96>R<VAL> 3.345000 11.152000 -0.145000
c<B>r<97>R<MET> 1.932000 14.685000 0.224000
c<B>r<98>R<GLU> 2.004000 15.034000 -3.506000
c<B>r<99>R<LEU> -0.530000 12.333000 -3.822000
c<B>r<100>R<LEU> -2.546000 13.565000 -0.825000
c<B>r<102>R<LYS> -4.196000 15.533000 -5.555000
c<B>r<103>R<THR> -6.865000 13.654000 -3.747000
c<B>r<104>R<LEU> -7.850000 16.742001 -1.818000
c<B>r<106>R<TRP> -10.348000 15.966000 -6.588000
c<B>r<107>R<ASP> -12.676000 15.678000 -3.644000
