c<E>r<227>R<VAL> -13.927000 -4.457000 26.707001
c<E>r<228>R<ARG> -16.542000 -6.172000 28.773001
c<E>r<231>R<LEU> -15.415000 -10.260000 25.875000
c<E>r<232>R<PRO> -18.270000 -12.754000 25.205999
c<E>r<234>R<LEU> -14.136000 -12.591000 21.641001
c<E>r<235>R<GLU> -14.099000 -15.750000 23.733999
c<E>r<236>R<GLN> -16.382999 -17.464001 21.292000
c<E>r<238>R<ALA> -11.056000 -17.458000 20.135000
c<E>r<239>R<GLN> -12.412000 -20.944000 20.497000
c<E>r<254>R<GLU> -9.628000 -0.383000 26.618000
c<E>r<255>R<ALA> -11.422000 -2.277000 23.920000
c<E>r<256>R<LEU> -8.811000 -1.256000 21.325001
c<E>r<257>R<ALA> -5.923000 -1.961000 23.709999
c<E>r<258>R<THR> -7.296000 -5.462000 24.438999
c<E>r<259>R<LEU> -7.533000 -6.215000 20.746000
c<E>r<260>R<VAL> -4.055000 -4.946000 20.003000
c<E>r<261>R<VAL> -2.411000 -6.773000 22.799000
c<E>r<262>R<ASN> -4.037000 -10.067000 21.981001
c<E>r<263>R<LYS> -3.154000 -9.692000 18.402000
c<E>r<265>R<ARG> 0.556000 -11.965000 21.580999
c<E>r<267>R<THR> -3.841000 -14.979000 21.356001
c<E>r<268>R<LEU> -6.332000 -13.615000 18.731001
c<S>r<22>R<THR> -10.164000 -13.927000 30.850000
c<S>r<23>R<LYS> -11.434000 -17.412001 31.468000
c<S>r<24>R<GLY> -11.122000 -17.815001 27.857000
c<S>r<25>R<GLY> -7.573000 -16.792999 27.767000
c<S>r<26>R<ILE> -7.889000 -13.389000 26.468000
c<S>r<27>R<VAL> -5.339000 -11.010000 27.825001
c<S>r<28>R<LEU> -6.699000 -7.772000 29.326000
c<S>r<29>R<PRO> -4.459000 -4.715000 29.263000
c<S>r<30>R<ASP> -4.133000 -3.044000 32.707001
c<S>r<31>R<THR> -6.536000 -3.374000 33.992001
c<S>r<32>R<ALA> -5.936000 -0.691000 35.514000
