c<A>r<1>R<SER> -34.598999 0.290000 81.546997
c<A>r<3>R<VAL> -36.101002 -1.120000 76.619003
c<A>r<4>R<ALA> -33.528999 1.694000 76.051003
c<A>r<5>R<LEU> -30.601000 -0.825000 76.281998
c<A>r<7>R<HIS> -32.769001 0.256000 71.489998
c<A>r<8>R<LYS> -29.038000 1.206000 71.852997
c<A>r<9>R<LYS> -28.395000 -2.490000 70.880997
c<A>r<10>R<LYS> -30.479000 -1.612000 67.720001
c<A>r<11>R<ILE> -28.722000 1.794000 67.130997
c<A>r<12>R<GLN> -25.308001 0.003000 67.153000
c<A>r<13>R<LYS> -26.674000 -2.705000 64.753998
c<A>r<14>R<GLN> -27.825001 0.033000 62.262001
c<A>r<15>R<LEU> -24.693001 2.259000 62.584000
c<A>r<16>R<GLU> -22.969999 -1.073000 61.700001
c<A>r<17>R<HIS> -25.224001 -1.379000 58.605000
c<A>r<18>R<LEU> -25.297001 2.236000 57.285000
c<A>r<19>R<LYS> -21.465000 2.649000 57.535000
c<A>r<20>R<LYS> -21.033001 -0.651000 55.554001
c<A>r<21>R<LEU> -23.583000 0.514000 52.895000
c<A>r<22>R<ARG> -21.958000 4.001000 52.667000
c<A>r<23>R<LYS> -18.424000 2.544000 52.266998
c<A>r<24>R<SER> -19.702999 0.407000 49.349998
c<A>r<25>R<GLY> -21.277000 3.594000 47.887001
c<A>r<26>R<GLU> -17.747999 5.155000 48.139000
c<A>r<27>R<GLU> -16.436001 1.992000 46.351002
c<A>r<28>R<GLN> -19.153000 2.136000 43.602001
c<A>r<29>R<ARG> -18.650000 5.947000 43.084000
c<A>r<30>R<SER> -14.875000 5.324000 42.701000
c<A>r<31>R<TYR> -15.453000 2.264000 40.431000
c<A>r<32>R<GLY> -17.820000 4.281000 38.144001
c<A>r<33>R<GLU> -15.307000 7.186000 37.981998
c<A>r<34>R<GLU> -12.564000 4.668000 36.951000
c<A>r<35>R<LYS> -14.770000 3.347000 34.083000
c<A>r<36>R<ALA> -15.865000 6.799000 32.845001
c<A>r<37>R<VAL> -12.162000 7.885000 32.901001
c<A>r<38>R<SER> -11.168000 4.613000 31.105000
c<A>r<39>R<PHE> -13.757000 5.181000 28.294001
c<A>r<40>R<LEU> -12.677000 8.864000 27.941000
c<A>r<41>R<LYS> -8.985000 7.717000 27.843000
c<A>r<42>R<GLN> -9.881000 4.963000 25.290001
c<A>r<43>R<THR> -11.704000 7.600000 23.136999
c<A>r<44>R<GLU> -8.653000 9.951000 23.238001
c<A>r<46>R<LEU> -8.534000 6.415000 19.292999
c<A>r<47>R<LYS> -8.310000 10.172000 18.400999
c<A>r<49>R<ARG> -4.382000 6.874000 16.658001
c<A>r<50>R<VAL> -6.354000 8.102000 13.583000
c<A>r<51>R<GLN> -4.801000 11.620000 13.502000
c<A>r<52>R<ARG> -1.386000 9.763000 13.733000
c<A>r<53>R<LYS> -2.419000 7.948000 10.479000
c<A>r<54>R<LEU> -3.769000 10.952000 8.550000
c<A>r<56>R<GLN> 1.106000 9.531000 7.806000
c<A>r<57>R<VAL> -0.850000 10.218000 4.552000
c<A>r<58>R<TYR> -0.580000 14.082000 4.449000
c<A>r<60>R<PHE> 3.511000 11.123000 2.333000
c<A>r<61>R<LEU> 1.397000 12.998000 -0.294000
c<A>r<62>R<GLU> 3.384000 16.268999 0.313000
c<A>r<64>R<GLN> 4.857000 12.738000 -3.722000
c<A>r<65>R<GLU> 3.631000 16.222000 -4.829000
c<A>r<67>R<PHE> 8.790000 14.801000 -6.240000
c<A>r<68>R<PHE> 6.194000 15.225000 -9.065000
c<A>r<69>R<VAL> 6.720000 19.063999 -9.201000
c<A>r<71>R<SER> 9.929000 15.928000 -12.111000
c<A>r<72>R<LEU> 7.884000 18.650000 -13.964000
c<A>r<73>R<GLU> 10.323000 21.568001 -13.411000
c<A>r<75>R<VAL> 11.232000 19.302999 -17.931000
c<A>r<76>R<GLY> 10.372000 23.041000 -17.674999
c<A>r<77>R<GLN> 14.126000 23.819000 -17.457001
c<A>r<78>R<MET> 15.172000 21.205000 -20.108000
c<A>r<79>R<VAL> 12.579000 22.488001 -22.658001
c<A>r<80>R<GLY> 13.462000 26.146999 -21.775000
c<A>r<81>R<GLN> 17.225000 25.476999 -22.298000
c<A>r<82>R<ILE> 16.714001 23.510000 -25.582001
c<A>r<83>R<ARG> 14.251000 26.240000 -26.820000
c<A>r<84>R<LYS> 16.819000 29.063999 -26.320000
c<A>r<86>R<TYR> 17.792000 26.242001 -30.811001
c<A>r<87>R<ASP> 16.455000 29.849001 -31.208000
c<A>r<88>R<THR> 20.041000 31.215000 -30.872000
c<A>r<89>R<ARG> 21.308001 29.042000 -33.813000
c<A>r<90>R<VAL> 18.344999 29.365000 -36.241001
c<A>r<91>R<SER> 18.496000 33.167999 -35.581001
c<A>r<92>R<GLN> 22.268999 33.112999 -36.457001
c<A>r<93>R<ASP> 21.485001 31.120001 -39.673000
c<A>r<94>R<ILE> 18.827000 33.792000 -40.518002
c<A>r<95>R<ALA> 21.372999 36.609001 -39.848999
c<A>r<96>R<LEU> 23.958000 34.926998 -42.178001
c<A>r<97>R<LEU> 21.266001 34.680000 -44.917999
c<A>r<98>R<ASP> 20.349001 38.398998 -44.358002
c<A>r<99>R<ALA> 24.068001 39.348000 -44.710999
c<A>r<100>R<LEU> 24.289000 37.473000 -48.084000
c<A>r<101>R<ILE> 20.983999 39.174000 -49.099998
c<A>r<102>R<GLY> 22.490000 42.612000 -48.226002
c<A>r<103>R<GLU> 25.624001 41.868999 -50.334000
c<A>r<104>R<LEU> 23.535000 40.755001 -53.372002
c<A>r<105>R<GLU> 20.931000 43.617001 -53.160000
c<A>r<107>R<LYS> 25.379999 44.396000 -56.022999
c<A>r<108>R<GLU> 22.037001 44.715000 -57.895000
c<A>r<119>R<ILE> 30.490000 38.662998 -57.209000
c<A>r<122>R<ILE> 29.393999 36.411999 -53.074001
c<A>r<123>R<LEU> 27.886999 33.817001 -55.518002
c<A>r<126>R<ALA> 25.260000 32.254002 -51.611000
c<A>r<127>R<LYS> 25.600000 28.469999 -52.508999
c<A>r<129>R<VAL> 25.725000 28.903000 -46.740002
c<A>r<130>R<PRO> 23.833000 26.443001 -44.416000
c<A>r<131>R<VAL> 20.139000 25.605000 -44.529999
c<A>r<132>R<PRO> 18.775999 27.056999 -41.200001
c<A>r<133>R<GLU> 18.479000 24.487000 -38.383999
c<A>r<134>R<LYS> 15.278000 22.407000 -38.729000
c<A>r<135>R<TRP> 13.545000 21.934999 -35.323002
c<A>r<136>R<THR> 13.885000 18.209000 -34.506001
c<A>r<137>R<THR> 12.390000 17.409000 -31.055000
c<A>r<141>R<ILE> 11.810000 15.481000 -23.559999
c<A>r<142>R<LYS> 9.505000 12.722000 -24.990000
c<A>r<143>R<GLN> 10.625000 10.049000 -22.452999
c<A>r<144>R<LYS> 10.348000 12.571000 -19.534000
c<A>r<145>R<ILE> 6.851000 13.796000 -20.645000
c<A>r<147>R<LEU> 7.057000 9.326000 -17.599001
c<A>r<148>R<LEU> 5.168000 12.429000 -16.285000
c<A>r<149>R<HIS> 1.987000 11.168000 -18.049999
c<A>r<150>R<GLN> 2.582000 7.713000 -16.433001
c<A>r<151>R<LYS> 3.132000 9.293000 -12.937000
c<A>r<152>R<SER> 0.045000 11.570000 -13.429000
c<A>r<153>R<GLU> -2.240000 8.734000 -14.633000
c<A>r<154>R<PHE> -1.073000 6.370000 -11.844000
c<A>r<155>R<VAL> -1.744000 9.118000 -9.225000
c<A>r<156>R<GLU> -5.257000 9.622000 -10.758000
c<A>r<157>R<LYS> -5.982000 5.836000 -10.627000
c<A>r<158>R<SER> -4.706000 5.368000 -7.022000
c<A>r<159>R<THR> -6.313000 8.619000 -5.656000
c<A>r<160>R<LYS> -9.668000 7.662000 -7.329000
c<A>r<161>R<TYR> -9.520000 4.068000 -5.972000
c<A>r<162>R<PHE> -8.659000 5.311000 -2.429000
c<A>r<163>R<SER> -11.211000 8.229000 -2.372000
c<A>r<165>R<THR> -13.038000 2.726000 -1.438000
c<A>r<166>R<LEU> -12.438000 4.731000 1.801000
c<A>r<167>R<ARG> -15.852000 6.393000 1.133000
c<A>r<169>R<GLU> -16.660999 1.601000 3.578000
c<A>r<170>R<MET> -16.813999 4.717000 5.891000
c<A>r<172>R<MET> -21.158001 1.750000 6.125000
c<A>r<173>R<PHE> -20.149000 3.178000 9.556000
c<A>r<174>R<ASN> -22.747000 5.992000 8.990000
c<B>r<8>R<LYS> 18.341999 39.941002 -63.299999
c<B>r<10>R<LYS> 21.344999 35.687000 -62.212002
c<B>r<11>R<ILE> 21.385000 37.558998 -58.835999
c<B>r<12>R<GLN> 17.591999 37.435001 -58.266998
c<B>r<14>R<GLN> 20.010000 33.801998 -55.377998
c<B>r<15>R<LEU> 17.931999 36.514000 -53.638000
c<B>r<16>R<GLU> 15.036000 34.005001 -54.110001
c<B>r<17>R<HIS> 17.205999 31.125999 -52.782001
c<B>r<18>R<LEU> 18.391001 33.139999 -49.716000
c<B>r<19>R<LYS> 14.958000 34.770000 -48.926998
c<B>r<20>R<LYS> 13.088000 31.421000 -49.424000
c<B>r<21>R<LEU> 15.750000 29.728001 -47.181000
c<B>r<22>R<ARG> 15.349000 32.618999 -44.653999
c<B>r<23>R<LYS> 11.516000 32.252998 -44.714001
c<B>r<24>R<SER> 12.067000 28.492001 -44.092999
c<B>r<25>R<GLY> 14.289000 29.565001 -41.116001
c<B>r<26>R<GLU> 11.501000 31.951000 -39.902000
c<B>r<27>R<GLU> 8.973000 29.062000 -40.219002
c<B>r<28>R<GLN> 11.295000 26.559000 -38.410999
c<B>r<29>R<ARG> 12.067000 29.135000 -35.625999
c<B>r<30>R<SER> 8.270000 29.646000 -35.219002
c<B>r<31>R<TYR> 7.605000 25.841999 -35.436001
c<B>r<32>R<GLY> 10.320000 25.205000 -32.766998
c<B>r<33>R<GLU> 8.811000 27.974001 -30.561001
c<B>r<34>R<GLU> 5.290000 26.427999 -31.009001
c<B>r<35>R<LYS> 6.725000 23.002001 -30.025000
c<B>r<36>R<ALA> 8.679000 24.226000 -26.965000
c<B>r<37>R<VAL> 5.562000 26.233999 -25.860001
c<B>r<38>R<SER> 3.400000 23.087999 -26.455999
c<B>r<39>R<PHE> 5.687000 20.927999 -24.216999
c<B>r<40>R<LEU> 5.754000 23.664000 -21.500000
c<B>r<41>R<LYS> 1.902000 23.893000 -21.774000
c<B>r<42>R<GLN> 1.638000 20.045000 -21.587000
c<B>r<43>R<THR> 3.947000 20.086000 -18.492001
c<B>r<44>R<GLU> 1.746000 22.747999 -16.785999
c<B>r<46>R<LEU> 0.066000 17.747000 -15.986000
c<B>r<47>R<LYS> 0.968000 19.948999 -12.930000
c<B>r<49>R<ARG> -4.013000 17.864000 -13.127000
c<B>r<50>R<VAL> -2.051000 16.108999 -10.312000
c<B>r<51>R<GLN> -2.411000 19.047001 -7.859000
c<B>r<52>R<ARG> -6.188000 18.954000 -8.806000
c<B>r<53>R<LYS> -6.161000 15.287000 -7.566000
c<B>r<54>R<LEU> -4.157000 15.799000 -4.358000
c<B>r<56>R<GLN> -9.350000 16.017000 -4.098000
c<B>r<57>R<VAL> -7.694000 13.724000 -1.454000
c<B>r<58>R<TYR> -6.635000 16.420000 1.124000
c<B>r<60>R<PHE> -11.716000 14.338000 1.258000
c<B>r<61>R<LEU> -9.492000 13.250000 4.224000
c<B>r<62>R<GLU> -10.201000 16.542000 6.141000
c<B>r<64>R<GLN> -13.154000 11.975000 7.151000
c<B>r<65>R<GLU> -11.033000 13.373000 10.054000
c<B>r<67>R<PHE> -16.489000 13.082000 10.870000
c<B>r<68>R<PHE> -14.223000 10.800000 13.009000
c<B>r<69>R<VAL> -13.521000 13.614000 15.584000
c<B>r<71>R<SER> -17.882999 10.572000 16.218000
c<B>r<72>R<LEU> -15.317000 10.697000 19.124001
c<B>r<73>R<GLU> -16.603001 13.896000 20.822001
c<B>r<75>R<VAL> -18.724001 9.744000 22.988001
c<B>r<76>R<GLY> -16.686001 12.280000 25.035999
c<B>r<77>R<GLN> -19.936001 14.179000 25.796000
c<B>r<78>R<MET> -22.066000 10.997000 26.327000
c<B>r<79>R<VAL> -19.530001 9.471000 28.798000
c<B>r<80>R<GLY> -19.089001 12.906000 30.516001
c<B>r<81>R<GLN> -22.906000 13.277000 30.933001
c<B>r<82>R<ILE> -23.391001 9.653000 32.181999
c<B>r<83>R<ARG> -20.370001 10.097000 34.573002
c<B>r<84>R<LYS> -21.843000 13.242000 36.233002
c<B>r<86>R<TYR> -24.207001 8.721000 38.070000
c<B>r<87>R<ASP> -21.822001 10.604000 40.459000
c<B>r<88>R<THR> -24.694000 12.961000 41.472000
c<B>r<89>R<ARG> -26.983000 10.021000 42.521000
c<B>r<90>R<VAL> -24.409000 7.772000 44.280998
c<B>r<91>R<SER> -23.268000 10.949000 46.161999
c<B>r<92>R<GLN> -26.934000 11.607000 47.209000
c<B>r<93>R<ASP> -27.224001 7.938000 48.388000
c<B>r<94>R<ILE> -24.004000 8.480000 50.455002
c<B>r<95>R<ALA> -25.415001 11.754000 51.926998
c<B>r<96>R<LEU> -28.732000 10.032000 52.910000
c<B>r<97>R<LEU> -26.726000 7.252000 54.659000
c<B>r<98>R<ASP> -24.587000 9.905000 56.497002
c<B>r<99>R<ALA> -27.792000 11.710000 57.640999
c<B>r<100>R<LEU> -29.162001 8.392000 59.060001
c<B>r<101>R<ILE> -25.753000 7.824000 60.779999
c<B>r<102>R<GLY> -25.902000 11.319000 62.404999
c<B>r<103>R<GLU> -29.511000 10.753000 63.639999
c<B>r<104>R<LEU> -28.527000 7.395000 65.234001
c<B>r<105>R<GLU> -25.261999 8.719000 66.831001
c<B>r<107>R<LYS> -29.681000 9.005000 69.758003
c<B>r<108>R<GLU> -26.711000 7.160000 71.356003
c<B>r<109>R<CYS> -25.888000 10.390000 73.314003
c<B>r<111>R<SER> -31.476999 9.907000 77.522003
c<B>r<112>R<GLU> -34.141998 7.137000 77.783997
c<B>r<113>R<TRP> -37.055000 9.660000 77.488998
c<B>r<115>R<LEU> -34.756001 8.215000 72.764999
c<B>r<116>R<LEU> -38.200001 6.520000 73.129997
c<B>r<119>R<ILE> -36.373001 6.056000 67.402000
c<B>r<120>R<GLY> -39.085999 3.812000 65.801003
c<B>r<122>R<ILE> -35.188000 6.466000 62.613998
c<B>r<123>R<LEU> -34.887001 2.624000 62.922001
c<B>r<126>R<ALA> -32.306999 2.868000 58.639000
c<B>r<127>R<LYS> -33.894001 -0.303000 56.993000
c<B>r<129>R<VAL> -32.921001 3.509000 52.786999
c<B>r<130>R<PRO> -31.507999 2.433000 49.341000
c<B>r<131>R<VAL> -28.319000 0.536000 48.629002
c<B>r<132>R<PRO> -26.200001 3.177000 46.729000
c<B>r<133>R<GLU> -26.330000 3.027000 42.902000
c<B>r<134>R<LYS> -23.990999 0.386000 41.401001
c<B>r<135>R<TRP> -22.153999 1.470000 38.209000
c<B>r<136>R<THR> -23.580999 -0.628000 35.342999
c<B>r<137>R<THR> -22.025999 0.485000 32.007000
c<B>r<141>R<ILE> -21.080000 3.688000 25.059000
c<B>r<142>R<LYS> -20.045000 0.091000 24.104000
c<B>r<144>R<LYS> -20.261999 3.697000 19.879999
c<B>r<145>R<ILE> -16.702999 2.808000 21.103001
c<B>r<147>R<LEU> -17.906000 1.551000 15.973000
c<B>r<148>R<LEU> -14.966000 3.954000 16.681999
c<B>r<149>R<HIS> -12.513000 0.981000 16.886000
c<B>r<150>R<GLN> -14.045000 -0.273000 13.572000
c<B>r<151>R<LYS> -13.714000 3.208000 11.897000
c<B>r<152>R<SER> -10.106000 3.469000 13.282000
c<B>r<153>R<GLU> -9.028000 -0.054000 12.166000
c<B>r<154>R<PHE> -10.532000 0.474000 8.678000
c<B>r<155>R<VAL> -8.704000 3.856000 8.356000
c<B>r<156>R<GLU> -5.395000 2.193000 9.483000
c<B>r<157>R<LYS> -5.741000 -0.659000 6.902000
c<B>r<158>R<SER> -6.796000 1.616000 3.981000
c<B>r<159>R<THR> -4.166000 4.361000 4.729000
c<B>r<160>R<LYS> -1.386000 1.707000 5.091000
c<B>r<161>R<TYR> -2.451000 0.014000 1.815000
c<B>r<162>R<PHE> -2.556000 3.439000 0.048000
c<B>r<163>R<SER> 0.837000 4.769000 1.395000
c<B>r<164>R<GLU> 2.546000 1.418000 0.466000
c<B>r<165>R<THR> 0.904000 0.807000 -2.989000
c<B>r<166>R<LEU> 1.278000 4.467000 -4.132000
c<B>r<167>R<ARG> 4.911000 4.177000 -2.903000
c<B>r<169>R<GLU> 4.405000 2.186000 -8.008000
c<B>r<170>R<MET> 5.872000 5.775000 -7.776000
c<B>r<172>R<MET> 8.955000 2.298000 -10.262000
c<B>r<173>R<PHE> 8.699000 5.735000 -11.986000
c<B>r<174>R<ASN> 12.095000 6.621000 -10.352000
c<B>r<177>R<GLU> 13.454000 1.942000 -18.386999
