c<A>r<16>R<VAL> 14.936000 -3.232000 6.456000
c<A>r<17>R<ASP> 16.191999 -0.739000 9.076000
c<A>r<18>R<ARG> 15.520000 2.905000 7.935000
c<A>r<19>R<GLY> 14.914000 4.770000 11.236000
c<A>r<22>R<SER> 9.985000 -1.814000 7.709000
c<A>r<23>R<VAL> 8.593000 -3.850000 4.798000
c<A>r<24>R<PHE> 6.874000 -2.364000 1.713000
c<A>r<25>R<GLY> 3.588000 -3.642000 0.160000
c<A>r<26>R<TYR> 2.010000 -6.105000 2.669000
c<A>r<27>R<GLN> -1.627000 -7.368000 2.594000
c<A>r<28>R<MET> -3.895000 -8.841000 5.310000
c<A>r<29>R<ARG> -7.422000 -10.346000 5.027000
c<A>r<88>R<GLN> -11.914000 14.889000 2.808000
c<A>r<89>R<TRP> -14.635000 12.193000 3.282000
c<A>r<92>R<TRP> -13.779000 17.395000 -0.487000
c<A>r<93>R<PRO> -13.208000 20.878000 -2.051000
c<A>r<94>R<ALA> -13.500000 21.219999 -5.846000
c<A>r<95>R<PRO> -11.737000 23.908001 -8.017000
c<A>r<96>R<ASP> -15.204000 25.364000 -8.908000
c<A>r<97>R<GLY> -16.167000 25.891001 -5.201000
c<A>r<98>R<ARG> -18.271000 22.667999 -4.878000
c<A>r<99>R<HIS> -17.832001 20.285000 -1.934000
c<A>r<100>R<ILE> -17.955999 16.521999 -2.676000
c<A>r<101>R<ASP> -19.462999 14.219000 -0.024000
c<A>r<102>R<GLN> -17.666000 10.972000 -0.952000
c<A>r<114>R<PRO> -23.624001 -2.126000 -6.046000
c<A>r<115>R<GLN> -21.551001 -3.773000 -8.859000
c<A>r<116>R<SER> -19.663000 -0.489000 -9.529000
c<A>r<117>R<ARG> -15.830000 -0.721000 -9.733000
c<A>r<118>R<ARG> -15.801000 2.963000 -8.536000
c<A>r<119>R<LEU> -17.020000 2.490000 -4.900000
c<A>r<120>R<ILE> -14.006000 4.516000 -3.624000
c<A>r<121>R<VAL> -13.239000 7.121000 -0.986000
c<A>r<122>R<SER> -9.910000 9.010000 -0.995000
c<A>r<123>R<ALA> -8.403000 11.087000 1.805000
c<A>r<124>R<TRP> -5.215000 11.794000 -0.257000
c<A>r<125>R<ASN> -5.731000 15.352000 -1.571000
c<A>r<126>R<PRO> -2.510000 16.610001 -3.321000
c<A>r<127>R<ALA> -3.798000 20.235001 -3.108000
c<A>r<128>R<LEU> -4.224000 20.205999 0.727000
c<A>r<129>R<VAL> -1.852000 17.444000 2.004000
c<A>r<135>R<PRO> -1.227000 13.598000 6.107000
c<A>r<136>R<PRO> -3.701000 10.662000 5.714000
c<A>r<137>R<CYS> -2.077000 7.324000 6.723000
c<A>r<139>R<CYS> -5.469000 7.271000 2.327000
c<A>r<140>R<LEU> -7.799000 5.268000 -0.009000
c<A>r<141>R<PHE> -10.490000 2.598000 0.490000
c<A>r<142>R<GLN> -12.638000 0.649000 -1.977000
c<A>r<143>R<PHE> -15.865000 -1.341000 -1.478000
c<A>r<144>R<TYR> -16.921000 -4.496000 -3.334000
c<A>r<145>R<VAL> -20.309999 -6.316000 -3.396000
c<A>r<146>R<ALA> -20.511000 -10.059000 -4.190000
c<A>r<147>R<ASN> -23.238001 -12.612000 -3.288000
c<A>r<151>R<SER> -16.156000 -6.210000 1.442000
c<A>r<152>R<CYS> -13.741000 -3.278000 2.007000
c<A>r<153>R<GLN> -10.110000 -2.882000 0.897000
c<A>r<154>R<LEU> -8.003000 -0.208000 2.639000
c<A>r<155>R<TYR> -4.733000 1.186000 1.233000
c<A>r<157>R<ARG> 0.548000 4.279000 2.870000
c<A>r<158>R<SER> 2.229000 4.382000 6.324000
c<A>r<159>R<ALA> 1.518000 1.797000 9.007000
c<A>r<189>R<GLU> -14.032000 -9.294000 4.083000
c<A>r<190>R<PHE> -11.859000 -6.471000 5.371000
c<A>r<191>R<ILE> -8.653000 -6.390000 3.236000
c<A>r<192>R<HIS> -5.774000 -4.262000 4.594000
c<A>r<193>R<THR> -3.077000 -3.244000 2.076000
c<A>r<194>R<LEU> -0.007000 -1.490000 3.539000
c<A>r<195>R<GLY> 2.607000 0.740000 1.875000
c<A>r<196>R<ASP> 5.464000 1.342000 4.360000
c<A>r<197>R<ALA> 4.625000 -1.128000 7.183000
c<B>r<15>R<GLY> -13.962000 -15.586000 -9.027000
c<B>r<16>R<VAL> -17.604000 -14.554000 -8.461000
c<B>r<17>R<ASP> -19.740999 -13.684000 -11.510000
c<B>r<18>R<ARG> -20.938000 -9.993000 -11.196000
c<B>r<19>R<GLY> -21.134001 -9.050000 -14.922000
c<B>r<20>R<THR> -17.475000 -10.187000 -15.091000
c<B>r<22>R<SER> -13.807000 -11.306000 -10.460000
c<B>r<23>R<VAL> -11.955000 -11.490000 -7.134000
c<B>r<24>R<PHE> -11.430000 -8.632000 -4.662000
c<B>r<25>R<GLY> -8.084000 -7.337000 -3.314000
c<B>r<26>R<TYR> -5.432000 -9.498000 -5.157000
c<B>r<27>R<GLN> -1.687000 -8.529000 -4.831000
c<B>r<28>R<MET> 1.274000 -9.416000 -7.117000
c<B>r<29>R<ARG> 5.050000 -8.821000 -6.777000
c<B>r<88>R<GLN> -3.812000 14.447000 -12.579000
c<B>r<89>R<TRP> -0.074000 13.516000 -12.318000
c<B>r<92>R<TRP> -3.661000 18.569000 -10.269000
c<B>r<93>R<PRO> -5.995000 21.610001 -9.795000
c<B>r<94>R<ALA> -6.318000 23.160000 -6.317000
c<B>r<95>R<PRO> -9.358000 25.171000 -4.985000
c<B>r<96>R<ASP> -7.108000 28.306000 -4.813000
c<B>r<97>R<GLY> -6.153000 28.073999 -8.553000
c<B>r<98>R<ARG> -2.730000 26.379999 -7.976000
c<B>r<99>R<HIS> -1.694000 23.365000 -10.068000
c<B>r<100>R<ILE> 0.206000 20.565001 -8.265000
c<B>r<101>R<ASP> 2.839000 18.629000 -10.238000
c<B>r<102>R<GLN> 2.898000 15.377000 -8.228000
c<B>r<115>R<GLN> 12.800000 7.781000 3.194000
c<B>r<116>R<SER> 9.582000 9.884000 3.054000
c<B>r<117>R<ARG> 6.353000 7.862000 3.521000
c<B>r<118>R<ARG> 4.695000 10.585000 1.315000
c<B>r<119>R<LEU> 6.296000 9.430000 -2.026000
c<B>r<120>R<ILE> 2.786000 9.073000 -3.554000
c<B>r<121>R<VAL> 0.973000 10.045000 -6.745000
c<B>r<122>R<SER> -2.843000 10.011000 -6.969000
c<B>r<123>R<ALA> -4.895000 9.907000 -10.168000
c<B>r<124>R<TRP> -8.208000 9.576000 -8.233000
c<B>r<125>R<ASN> -9.701000 13.105000 -8.034000
c<B>r<126>R<PRO> -13.240000 13.102000 -6.455000
c<B>r<127>R<ALA> -13.906000 16.643999 -7.817000
c<B>r<128>R<LEU> -13.188000 15.794000 -11.511000
c<B>r<129>R<VAL> -13.670000 11.977000 -11.797000
c<B>r<135>R<PRO> -12.039000 7.402000 -14.743000
c<B>r<136>R<PRO> -8.537000 6.274000 -13.535000
c<B>r<137>R<CYS> -8.187000 2.504000 -13.046000
c<B>r<139>R<CYS> -5.897000 5.340000 -8.545000
c<B>r<140>R<LEU> -2.684000 5.594000 -6.508000
c<B>r<141>R<PHE> 0.979000 4.596000 -6.636000
c<B>r<142>R<GLN> 3.612000 4.827000 -3.899000
c<B>r<143>R<PHE> 7.415000 4.649000 -4.025000
c<B>r<144>R<TYR> 9.678000 3.158000 -1.375000
c<B>r<145>R<VAL> 13.465000 3.450000 -1.280000
c<B>r<146>R<ALA> 15.508000 0.789000 0.648000
c<B>r<147>R<ASN> 19.169001 -0.385000 0.493000
c<B>r<151>R<SER> 10.310000 -0.028000 -5.367000
c<B>r<152>R<CYS> 6.807000 0.981000 -6.585000
c<B>r<153>R<GLN> 3.388000 -0.145000 -5.292000
c<B>r<154>R<LEU> 0.383000 0.445000 -7.594000
c<B>r<155>R<TYR> -3.270000 0.351000 -6.444000
c<B>r<157>R<ARG> -9.291000 -0.315000 -8.474000
c<B>r<158>R<SER> -10.515000 -2.035000 -11.680000
c<B>r<159>R<ALA> -8.235000 -4.537000 -13.339000
c<B>r<189>R<GLU> 10.247000 -4.382000 -6.771000
c<B>r<190>R<PHE> 7.053000 -3.578000 -8.649000
c<B>r<191>R<ILE> 4.041000 -4.436000 -6.405000
c<B>r<192>R<HIS> 0.582000 -4.515000 -8.049000
c<B>r<193>R<THR> -2.479000 -4.356000 -5.763000
c<B>r<194>R<LEU> -5.874000 -4.896000 -7.438000
c<B>r<195>R<GLY> -9.319000 -3.833000 -6.157000
c<B>r<196>R<ASP> -11.693000 -5.586000 -8.610000
c<B>r<197>R<ALA> -9.523000 -8.115000 -10.549000
