c<A>r<77>R<ARG> -2.589000 -10.191000 -9.315000
c<A>r<78>R<ASP> -1.144000 -11.257000 -5.981000
c<A>r<79>R<ALA> 2.216000 -10.065000 -7.107000
c<A>r<81>R<PHE> -1.017000 -6.408000 -5.081000
c<A>r<82>R<ALA> 2.133000 -7.161000 -3.023000
c<A>r<83>R<ALA> 4.232000 -4.752000 -5.010000
c<A>r<84>R<THR> 1.736000 -1.910000 -4.863000
c<A>r<85>R<TYR> 0.360000 -2.255000 -1.400000
c<A>r<86>R<VAL> 2.500000 -4.651000 0.703000
c<A>r<87>R<ALA> 6.041000 -3.661000 -0.301000
c<A>r<88>R<PRO> 5.687000 0.065000 0.561000
c<A>r<89>R<LEU> 4.079000 -0.859000 3.857000
c<A>r<90>R<ILE> 6.935000 -3.159000 4.763000
c<A>r<91>R<ASP> 9.560000 -0.598000 3.732000
c<A>r<92>R<GLU> 7.895000 2.028000 5.784000
c<A>r<93>R<SER> 7.510000 -0.329000 8.734000
c<A>r<94>R<ILE> 11.221000 -1.061000 8.691000
c<A>r<96>R<LEU> 9.860000 3.210000 11.496000
c<A>r<98>R<PHE> 7.905000 -1.479000 13.806000
c<A>r<100>R<ARG> 6.183000 -7.761000 13.005000
c<A>r<102>R<ARG> 2.925000 -4.403000 15.794000
c<A>r<103>R<ILE> 2.310000 -4.449000 12.116000
c<A>r<104>R<HIS> -0.100000 -7.466000 12.444000
c<A>r<106>R<LEU> -2.213000 -2.481000 13.249000
c<A>r<107>R<LEU> -3.605000 -4.501000 10.386000
c<A>r<108>R<ASP> -6.207000 -6.199000 12.617000
c<A>r<109>R<GLN> -7.200000 -2.903000 14.139000
c<A>r<110>R<VAL> -7.737000 -1.199000 10.923000
c<A>r<111>R<ALA> -9.642000 -4.270000 9.505000
c<A>r<113>R<SER> -12.745000 -0.621000 11.992000
c<A>r<114>R<ARG> -13.976000 -1.167000 8.354000
c<B>r<70>R<ARG> 2.518000 8.539000 13.513000
c<B>r<71>R<ASP> 0.891000 5.148000 13.828000
c<B>r<72>R<ALA> -2.359000 6.592000 12.661000
c<B>r<74>R<PHE> 1.015000 5.127000 8.883000
c<B>r<75>R<ALA> -2.235000 3.113000 9.067000
c<B>r<76>R<ALA> -4.116000 5.605000 6.980000
c<B>r<77>R<THR> -1.453000 5.861000 4.311000
c<B>r<78>R<TYR> -0.284000 2.280000 4.079000
c<B>r<79>R<VAL> -2.668000 -0.081000 5.917000
c<B>r<80>R<ALA> -6.091000 1.308000 4.934000
c<B>r<81>R<PRO> -5.526000 1.145000 1.143000
c<B>r<82>R<LEU> -4.162000 -2.364000 1.516000
c<B>r<83>R<ILE> -7.204000 -3.483000 3.462000
c<B>r<84>R<ASP> -9.579000 -1.857000 0.992000
c<B>r<85>R<GLU> -7.821000 -3.479000 -1.904000
c<B>r<86>R<SER> -7.757000 -6.825000 -0.112000
c<B>r<87>R<ILE> -11.506000 -6.676000 0.381000
c<B>r<89>R<LEU> -9.961000 -8.747000 -4.319000
c<B>r<91>R<PHE> -8.424000 -11.969000 -0.004000
c<B>r<93>R<ARG> -7.069000 -12.481000 6.370000
c<B>r<95>R<ARG> -3.736000 -14.786000 2.692000
c<B>r<96>R<ILE> -2.987000 -11.200000 3.494000
c<B>r<97>R<HIS> -0.763000 -12.248000 6.503000
c<B>r<99>R<LEU> 1.626000 -12.172000 1.594000
c<B>r<100>R<LEU> 2.997000 -9.857000 4.230000
c<B>r<101>R<ASP> 5.391000 -12.516000 5.563000
c<B>r<102>R<GLN> 6.535000 -13.403000 2.101000
c<B>r<103>R<VAL> 7.335000 -9.916000 1.130000
c<B>r<104>R<ALA> 9.056000 -9.255000 4.532000
c<B>r<106>R<SER> 12.322000 -11.146000 0.699000
c<B>r<107>R<ARG> 13.614000 -7.803000 2.205000
c<B>r<108>R<GLY> 15.503000 -9.109000 4.930000
