c<A>r<16>R<THR> 7.731000 -0.105000 -3.723000
c<A>r<17>R<ASN> 4.064000 0.699000 -4.493000
c<A>r<18>R<MET> 4.689000 3.948000 -2.453000
c<A>r<19>R<HIS> 7.402000 5.091000 -4.894000
c<A>r<20>R<LEU> 5.126000 4.458000 -7.750000
c<A>r<21>R<ARG> 2.130000 6.079000 -6.010000
c<A>r<22>R<LEU> 4.309000 9.321000 -5.628000
c<A>r<23>R<PHE> 4.261000 9.767000 -9.400000
c<A>r<24>R<GLU> 0.523000 9.299000 -9.655000
c<A>r<25>R<VAL> -0.224000 11.720000 -6.851000
c<A>r<27>R<ARG> 0.703000 14.094000 -11.765000
c<A>r<28>R<ASP> -2.849000 14.460000 -10.467000
c<A>r<29>R<HIS> -1.808000 17.504000 -8.422000
c<A>r<31>R<HIS> -2.948000 18.596001 -13.689000
c<A>r<32>R<GLN> -5.434000 19.969999 -11.134000
c<A>r<71>R<THR> 1.950000 -1.578000 -16.066000
c<A>r<72>R<SER> 2.726000 2.128000 -16.421000
c<A>r<150>R<SER> 3.329000 11.486000 7.786000
c<A>r<177>R<PRO> -4.823000 11.389000 1.581000
c<A>r<178>R<VAL> -3.863000 7.797000 2.055000
c<A>r<179>R<LEU> -1.337000 7.487000 4.693000
c<A>r<180>R<ASN> 1.113000 5.066000 3.096000
c<A>r<181>R<GLU> 4.195000 4.661000 5.062000
c<A>r<182>R<ILE> 5.722000 1.744000 3.196000
c<A>r<183>R<SER> 9.428000 1.799000 3.810000
c<A>r<186>R<TYR> 10.841000 -2.611000 6.290000
c<A>r<187>R<VAL> 10.404000 -4.509000 3.075000
c<A>r<194>R<GLY> 10.647000 -14.871000 5.173000
c<A>r<195>R<GLN> 7.568000 -12.720000 5.740000
c<A>r<196>R<SER> 5.217000 -11.788000 2.935000
c<A>r<197>R<VAL> 5.530000 -8.368000 1.207000
c<A>r<198>R<LYS> 2.733000 -8.974000 -1.190000
c<A>r<199>R<TYR> 0.625000 -5.963000 -2.122000
c<A>r<200>R<LEU> 3.449000 -3.660000 -0.823000
c<A>r<201>R<LEU> 5.393000 -4.212000 -4.021000
c<A>r<202>R<PRO> 4.466000 -5.053000 -7.536000
c<A>r<203>R<GLU> 4.092000 -8.795000 -8.026000
c<B>r<16>R<THR> -8.105000 -2.868000 -2.238000
c<B>r<17>R<ASN> -4.434000 -3.821000 -1.693000
c<B>r<18>R<MET> -5.168000 -3.266000 2.083000
c<B>r<19>R<HIS> -7.825000 -6.028000 2.073000
c<B>r<20>R<LEU> -5.445000 -8.329000 0.416000
c<B>r<21>R<ARG> -2.539000 -7.329000 2.686000
c<B>r<22>R<LEU> -4.780000 -8.315000 5.755000
c<B>r<23>R<PHE> -4.633000 -11.938000 4.645000
c<B>r<24>R<GLU> -0.882000 -11.918000 4.234000
c<B>r<25>R<VAL> -0.267000 -10.301000 7.590000
c<B>r<27>R<ARG> -1.095000 -15.777000 7.778000
c<B>r<28>R<ASP> 2.413000 -14.660000 8.733000
c<B>r<29>R<HIS> 1.255000 -14.017000 12.307000
c<B>r<31>R<HIS> 2.538000 -19.261999 11.243000
c<B>r<32>R<GLN> 4.916000 -17.408001 13.591000
c<B>r<71>R<THR> -1.884000 -13.473000 -8.335000
c<B>r<72>R<SER> -2.733000 -15.274000 -5.105000
c<B>r<151>R<SER> -4.256000 3.122000 13.102000
c<B>r<178>R<PRO> 4.065000 -2.361000 10.785000
c<B>r<179>R<VAL> 3.206000 -0.503000 7.637000
c<B>r<180>R<LEU> 0.597000 2.004000 8.273000
c<B>r<181>R<ASN> -1.815000 1.365000 5.396000
c<B>r<182>R<GLU> -4.909000 3.355000 5.711000
c<B>r<183>R<ILE> -6.301000 2.742000 2.244000
c<B>r<184>R<SER> -10.044000 3.046000 2.441000
c<B>r<187>R<TYR> -11.408000 7.200000 -0.618000
c<B>r<188>R<VAL> -10.853000 5.033000 -3.652000
c<B>r<191>R<ALA> -10.835000 9.575000 -6.184000
c<B>r<195>R<GLY> -10.992000 11.156000 -12.283000
c<B>r<196>R<GLN> -7.964000 10.844000 -10.008000
c<B>r<197>R<SER> -5.548000 7.955000 -10.232000
c<B>r<198>R<VAL> -5.877000 4.997000 -7.792000
c<B>r<199>R<LYS> -3.005000 3.103000 -9.248000
c<B>r<200>R<TYR> -0.914000 1.069000 -6.815000
c<B>r<201>R<LEU> -3.818000 1.275000 -4.251000
c<B>r<202>R<LEU> -5.639000 -1.485000 -6.078000
c<B>r<203>R<PRO> -4.577000 -4.351000 -8.228000
c<B>r<204>R<GLU> -4.127000 -3.275000 -11.839000
