c<A>r<1>R<GLY> 5.721000 26.475000 48.161999
c<A>r<2>R<VAL> 3.548000 23.426001 48.999001
c<A>r<3>R<GLN> 3.417000 21.222000 52.115002
c<A>r<4>R<VAL> 1.889000 17.721001 51.646999
c<A>r<5>R<GLU> 0.453000 15.898000 54.645000
c<A>r<6>R<THR> -0.901000 12.437000 54.099998
c<A>r<9>R<PRO> -1.372000 6.269000 51.827999
c<A>r<10>R<GLY> -1.301000 5.652000 48.095001
c<A>r<11>R<ASP> 0.306000 2.597000 46.495998
c<A>r<12>R<GLY> 3.842000 4.004000 47.075001
c<A>r<13>R<ARG> 4.671000 3.151000 43.446999
c<A>r<14>R<THR> 2.650000 4.999000 40.844002
c<A>r<15>R<PHE> 3.454000 8.698000 40.801998
c<A>r<16>R<PRO> 2.327000 11.240000 38.151001
c<A>r<17>R<LYS> 4.676000 11.693000 35.237000
c<A>r<18>R<ARG> 4.928000 14.900000 33.091999
c<A>r<61>R<GLU> 4.119000 20.183001 42.716000
c<A>r<62>R<GLY> 1.827000 18.778000 45.450001
c<A>r<63>R<VAL> 0.078000 16.226999 43.283001
c<A>r<64>R<ALA> 3.396000 15.141000 41.633999
c<A>r<65>R<GLN> 4.378000 13.888000 45.154999
c<A>r<66>R<MET> 1.359000 11.670000 45.604000
c<A>r<67>R<SER> 0.948000 8.118000 44.466999
c<A>r<68>R<VAL> -2.324000 6.563000 43.236000
c<A>r<70>R<GLN> -3.338000 8.669000 48.172001
c<A>r<72>R<ALA> -3.409000 14.296000 51.160999
c<A>r<74>R<LEU> -1.793000 20.266001 50.227001
c<B>r<2023>R<LEU> 7.311000 4.310000 35.859001
c<B>r<2024>R<TRP> 10.475000 3.672000 38.131001
c<B>r<2026>R<GLU> 10.953000 8.708000 36.015999
c<B>r<2027>R<MET> 9.054000 8.651000 39.238998
c<B>r<2028>R<TRP> 12.217000 8.642000 41.340000
c<B>r<2029>R<HIS> 13.745000 11.563000 39.384998
c<B>r<2030>R<GLU> 10.589000 13.668000 39.890999
c<B>r<2031>R<GLY> 9.987000 12.819000 43.521000
c<B>r<2032>R<LEU> 13.641000 13.299000 44.660000
c<B>r<2033>R<GLU> 13.651000 16.903000 43.064999
c<B>r<2034>R<GLU> 10.376000 17.542999 44.939999
c<B>r<2035>R<ALA> 11.511000 16.142000 48.259998
c<B>r<2037>R<ARG> 12.733000 21.308001 47.254002
c<B>r<2038>R<LEU> 10.774000 20.617001 50.459000
c<B>r<2041>R<GLY> 14.335000 25.004000 50.139999
c<B>r<2042>R<GLU> 11.515000 24.811001 52.639999
c<B>r<2044>R<ASN> 10.260000 20.634001 55.708000
c<B>r<2045>R<VAL> 11.207000 17.221001 56.834999
c<B>r<2046>R<LYS> 7.577000 15.820000 57.008999
c<B>r<2047>R<GLY> 6.792000 16.792000 53.328999
c<B>r<2048>R<MET> 10.184000 15.284000 52.220001
c<B>r<2049>R<PHE> 9.401000 11.911000 53.886002
c<B>r<2050>R<GLU> 5.765000 12.135000 52.514999
c<B>r<2051>R<VAL> 6.984000 12.380000 48.824001
c<B>r<2052>R<LEU> 9.682000 9.800000 49.354000
c<B>r<2053>R<GLU> 8.157000 6.994000 51.390999
c<B>r<2054>R<PRO> 5.535000 5.827000 48.798000
c<B>r<2055>R<LEU> 8.429000 5.593000 46.301998
c<B>r<2056>R<HIS> 10.274000 3.350000 48.695000
c<B>r<2057>R<ALA> 7.188000 1.216000 49.078999
c<B>r<2058>R<MET> 6.614000 0.419000 45.333000
c<B>r<2059>R<MET> 10.128000 -1.033000 45.354000
c<B>r<2060>R<GLU> 9.373000 -3.659000 48.007000
c<B>r<2061>R<ARG> 7.576000 -5.498000 45.334999
