c<A>r<3>R<GLN> 3.417000 21.222000 52.115002
c<A>r<4>R<VAL> 1.889000 17.721001 51.646999
c<A>r<5>R<GLU> 0.453000 15.898000 54.645000
c<A>r<6>R<THR> -0.901000 12.437000 54.099998
c<A>r<7>R<ILE> -4.323000 11.409000 55.291000
c<A>r<8>R<SER> -4.398000 7.915000 53.566002
c<A>r<9>R<PRO> -1.372000 6.269000 51.827999
c<A>r<10>R<GLY> -1.301000 5.652000 48.095001
c<A>r<11>R<ASP> 0.306000 2.597000 46.495998
c<A>r<12>R<GLY> 3.842000 4.004000 47.075001
c<A>r<13>R<ARG> 4.671000 3.151000 43.446999
c<A>r<14>R<THR> 2.650000 4.999000 40.844002
c<A>r<62>R<GLY> 1.827000 18.778000 45.450001
c<A>r<65>R<GLN> 4.378000 13.888000 45.154999
c<A>r<66>R<MET> 1.359000 11.670000 45.604000
c<A>r<67>R<SER> 0.948000 8.118000 44.466999
c<A>r<68>R<VAL> -2.324000 6.563000 43.236000
c<A>r<69>R<GLY> -4.983000 6.160000 45.838001
c<A>r<70>R<GLN> -3.338000 8.669000 48.172001
c<A>r<71>R<ARG> -5.438000 11.192000 50.067001
c<A>r<72>R<ALA> -3.409000 14.296000 51.160999
c<A>r<73>R<LYS> -3.758000 17.885000 52.480000
c<A>r<74>R<LEU> -1.793000 20.266001 50.227001
c<B>r<2029>R<HIS> -7.227000 2.247000 59.252998
c<B>r<2030>R<GLU> -6.150000 5.198000 61.439999
c<B>r<2031>R<GLY> -2.491000 4.311000 61.724998
c<B>r<2032>R<LEU> -1.973000 3.523000 57.985001
c<B>r<2033>R<GLU> -3.466000 7.049000 57.049000
c<B>r<2034>R<GLU> -1.052000 8.549000 59.612999
c<B>r<2035>R<ALA> 1.997000 6.614000 58.502998
c<B>r<2036>R<SER> 1.362000 7.585000 54.881001
c<B>r<2037>R<ARG> 0.916000 11.188000 55.840000
c<B>r<2038>R<LEU> 4.388000 10.913000 57.404999
c<B>r<2039>R<TYR> 5.833000 8.960000 54.466000
c<B>r<2040>R<PHE> 4.260000 10.510000 51.323002
c<B>r<2041>R<GLY> 3.573000 13.959000 52.706001
c<B>r<2042>R<GLU> 6.506000 14.480000 55.021000
c<B>r<2043>R<ARG> 9.154000 12.053000 53.645000
c<B>r<2095>R<VAL> 12.853000 2.811000 48.436001
c<B>r<2096>R<LYS> 11.669000 0.192000 45.901001
c<B>r<2097>R<ASP> 11.224000 -2.024000 49.023998
c<B>r<2098>R<LEU> 8.986000 0.590000 50.550999
c<B>r<2099>R<THR> 7.049000 1.155000 47.292000
c<B>r<2100>R<GLN> 6.340000 -2.590000 47.556999
c<B>r<2101>R<ALA> 5.240000 -2.355000 51.210999
c<B>r<2102>R<TRP> 2.825000 0.427000 50.498001
c<B>r<2103>R<ASP> 1.149000 -1.504000 47.657001
c<B>r<2104>R<LEU> 0.170000 -4.130000 50.134998
c<B>r<2105>R<TYR> -0.616000 -1.534000 52.807999
c<B>r<2106>R<TYR> -2.934000 0.474000 50.660999
c<B>r<2107>R<HIS> -4.496000 -2.780000 49.438999
c<B>r<2109>R<PHE> -6.682000 -0.004000 53.610001
c<B>r<2110>R<ARG> -9.004000 -0.020000 50.522999
