c<A>r<21>R<THR> -3.723000 13.178000 32.990002
c<A>r<22>R<CYS> -4.397000 13.060000 36.785000
c<A>r<23>R<VAL> -7.993000 12.340000 37.862000
c<A>r<42>R<LYS> -20.614000 18.788000 41.164001
c<A>r<44>R<LYS> -17.461000 14.658000 38.784000
c<A>r<45>R<PRO> -13.665000 14.183000 39.294998
c<A>r<46>R<PHE> -11.405000 16.954000 38.175999
c<A>r<47>R<LYS> -8.832000 16.035999 35.556000
c<A>r<48>R<PHE> -5.723000 17.931999 34.648998
c<A>r<49>R<MET> -2.367000 17.417000 33.111000
c<A>r<53>R<GLN> 1.021000 25.674000 33.230000
c<A>r<54>R<GLU> -2.655000 24.812000 33.424000
c<A>r<55>R<VAL> -3.189000 24.596001 37.269001
c<A>r<56>R<ILE> -1.461000 26.719000 39.974998
c<A>r<81>R<ALA> -1.423000 30.018000 44.143002
c<A>r<82>R<TYR> -3.139000 33.448002 43.448002
c<A>r<83>R<GLY> -0.464000 35.662998 45.145000
c<A>r<84>R<ALA> -1.294000 39.240002 46.049000
c<A>r<85>R<THR> -4.343000 39.317001 43.699001
c<A>r<86>R<GLY> -6.487000 36.441002 44.917999
c<A>r<87>R<VAL> -9.527000 35.498001 42.813999
c<A>r<88>R<PRO> -12.366000 38.112999 42.782001
c<A>r<89>R<GLY> -15.012000 37.291000 45.264999
c<A>r<90>R<ILE> -13.494000 33.877998 46.174999
c<A>r<91>R<ILE> -9.904000 34.014999 47.349998
c<A>r<107>R<GLU> -4.613000 8.317000 32.405998
c<B>r<2030>R<GLU> -6.940000 26.146000 25.539000
c<B>r<2033>R<GLU> -7.790000 27.798000 30.683001
c<B>r<2034>R<GLU> -6.739000 31.233999 29.363001
c<B>r<2036>R<SER> -9.993000 31.621000 33.653999
c<B>r<2037>R<ARG> -6.428000 32.694000 34.143002
c<B>r<2038>R<LEU> -7.642000 36.188000 33.196999
c<B>r<2039>R<TYR> -10.803000 35.938000 35.316002
c<B>r<2040>R<PHE> -9.761000 34.070999 38.507999
c<B>r<2041>R<GLY> -6.100000 35.008999 38.513000
c<B>r<2042>R<GLU> -6.181000 38.513000 37.116001
c<B>r<2043>R<ARG> -9.780000 39.662998 37.834999
c<B>r<2044>R<ASN> -10.118000 40.719002 34.276001
c<B>r<2095>R<VAL> -20.815001 38.348000 39.485001
c<B>r<2096>R<LYS> -23.330000 35.655998 40.539001
c<B>r<2099>R<THR> -20.160000 32.269001 38.898998
c<B>r<2103>R<ASP> -19.872000 26.240000 36.535999
c<B>r<2106>R<TYR> -15.571000 24.160999 33.931000
c<B>r<2107>R<HIS> -18.079000 21.326000 33.484001
c<B>r<2109>R<PHE> -13.533000 21.563000 30.457001
c<B>r<2110>R<ARG> -13.506000 18.533001 32.852001
c<B>r<2111>R<ARG> -15.218000 16.499001 30.164000
c<B>r<2112>R<ILE> -12.855000 17.750000 27.305000
c<B>r<2113>R<SER> -9.951000 16.198000 29.281000
c<B>r<2114>R<LYS> -11.454000 12.814000 30.274000
