c<A>r<14>R<GLY> -3.690000 7.149000 12.881000
c<A>r<15>R<SER> -4.963000 10.657000 12.407000
c<A>r<16>R<GLY> -6.337000 9.782000 8.935000
c<A>r<17>R<LYS> -3.670000 11.487000 6.695000
c<A>r<18>R<THR> -4.106000 8.921000 4.000000
c<A>r<19>R<THR> -7.861000 9.251000 4.129000
c<A>r<20>R<VAL> -7.774000 12.946000 3.851000
c<A>r<21>R<ALA> -5.075000 12.828000 1.130000
c<A>r<22>R<ASP> -7.177000 10.436000 -0.884000
c<A>r<23>R<LEU> -10.217000 12.673000 -0.609000
c<A>r<26>R<ALA> -10.437000 12.489000 -5.674000
c<A>r<40>R<ARG> 9.389000 2.547000 -3.586000
c<A>r<43>R<ALA> 11.415000 -1.914000 -3.417000
c<A>r<44>R<PRO> 12.830000 -4.617000 -5.797000
c<A>r<45>R<ALA> 15.144000 -2.617000 -8.014000
c<A>r<46>R<GLY> 14.460000 0.549000 -5.965000
c<A>r<49>R<MET> 18.813999 -0.879000 -3.044000
c<A>r<58>R<PRO> 23.358999 -8.775000 1.193000
c<A>r<59>R<ALA> 21.702000 -9.864000 4.456000
c<A>r<61>R<VAL> 18.256001 -7.498000 0.896000
c<A>r<62>R<ALA> 15.066000 -9.562000 0.892000
c<A>r<63>R<ALA> 14.715000 -12.510000 -1.514000
c<A>r<64>R<ASP> 12.766000 -10.255000 -3.868000
c<A>r<65>R<GLY> 15.507000 -7.608000 -3.900000
c<A>r<66>R<SER> 13.665000 -5.281000 -1.658000
c<A>r<68>R<ASP> 14.552000 -6.507000 4.412000
c<A>r<69>R<ARG> 12.537000 -3.886000 6.274000
c<A>r<70>R<ALA> 12.230000 -6.006000 9.413000
c<A>r<71>R<ARG> 15.946000 -6.635000 9.665000
c<A>r<135>R<CYS> -7.828000 13.926000 16.073000
c<A>r<139>R<THR> -8.700000 8.268000 18.693001
c<A>r<143>R<ARG> -7.296000 3.398000 15.315000
c<A>r<146>R<GLN> -7.268000 -1.679000 15.540000
c<A>r<147>R<ARG> -5.156000 -1.265000 12.354000
c<A>r<148>R<ASN> -1.880000 -2.747000 13.587000
c<A>r<149>R<GLY> -3.121000 -5.010000 16.393000
c<A>r<178>R<ASN> -10.871000 13.936000 11.770000
c<A>r<179>R<ASP> -12.655000 12.817000 14.983000
c<A>r<180>R<ALA> -16.082001 12.704000 13.239000
c<A>r<181>R<ALA> -17.823000 9.443000 13.405000
c<A>r<182>R<THR> -19.163000 10.196000 9.836000
c<A>r<183>R<PRO> -17.190001 10.288000 6.514000
c<A>r<184>R<ASP> -19.572001 13.095000 5.386000
c<A>r<185>R<ALA> -18.235001 15.544000 7.848000
c<A>r<186>R<LEU> -14.728000 14.920000 6.718000
c<A>r<187>R<ALA> -15.707000 15.437000 2.995000
c<B>r<13>R<SER> 5.507000 -15.372000 -2.428000
c<B>r<14>R<GLY> 6.717000 -11.916000 -3.522000
c<B>r<15>R<LYS> 3.915000 -11.039000 -6.063000
c<B>r<16>R<THR> 4.313000 -7.373000 -5.373000
c<B>r<17>R<THR> 8.051000 -7.569000 -5.821000
c<B>r<18>R<VAL> 7.774000 -9.316000 -9.096000
c<B>r<19>R<ALA> 4.944000 -7.015000 -10.293000
c<B>r<20>R<ASP> 7.028000 -3.988000 -9.483000
c<B>r<21>R<LEU> 9.983000 -5.342000 -11.420000
c<B>r<24>R<ALA> 9.926000 -0.944000 -13.985000
c<B>r<38>R<ARG> -9.382000 2.046000 -2.953000
c<B>r<41>R<ALA> -11.218000 4.078000 1.123000
c<B>r<42>R<PRO> -12.723000 7.435000 2.341000
c<B>r<43>R<ALA> -15.249000 8.239000 -0.368000
c<B>r<44>R<GLY> -14.505000 4.885000 -2.106000
c<B>r<47>R<MET> -18.591999 2.924000 0.940000
c<B>r<48>R<PRO> -22.176001 4.196000 0.465000
c<B>r<56>R<PRO> -22.469999 3.164000 10.174000
c<B>r<57>R<ALA> -20.539000 1.005000 12.657000
c<B>r<59>R<VAL> -17.462000 2.976000 8.568000
c<B>r<60>R<ALA> -14.177000 4.152000 10.152000
c<B>r<61>R<ALA> -13.876000 7.728000 11.423000
c<B>r<62>R<ASP> -12.147000 8.653000 8.184000
c<B>r<63>R<GLY> -14.994000 7.222000 6.076000
c<B>r<64>R<SER> -13.107000 4.153000 5.090000
c<B>r<66>R<ASP> -13.571000 -0.449000 9.277000
c<B>r<67>R<ARG> -11.536000 -3.288000 7.830000
c<B>r<68>R<ALA> -10.921000 -4.891000 11.248000
c<B>r<69>R<ARG> -14.599000 -4.938000 12.177000
c<B>r<137>R<THR> 9.702000 -19.339001 2.639000
c<B>r<141>R<ARG> 8.252000 -13.974000 5.147000
c<B>r<144>R<GLN> 8.476000 -11.578000 9.646000
c<B>r<145>R<ARG> 6.162000 -9.122000 7.798000
c<B>r<146>R<ASN> 3.015000 -9.544000 9.904000
c<B>r<147>R<GLY> 4.531000 -10.721000 13.188000
c<B>r<176>R<ASN> 11.241000 -16.382000 -5.975000
c<B>r<177>R<ASP> 13.261000 -18.379000 -3.428000
c<B>r<178>R<ALA> 16.638000 -16.806000 -4.466000
c<B>r<179>R<ALA> 18.598000 -15.152000 -1.752000
c<B>r<180>R<THR> 19.683001 -12.552000 -4.390000
c<B>r<181>R<PRO> 17.511000 -9.909000 -6.126000
c<B>r<182>R<ASP> 19.691999 -10.448000 -9.299000
c<B>r<183>R<ALA> 18.362000 -13.854000 -9.920000
c<B>r<184>R<LEU> 14.827000 -12.654000 -9.742000
c<B>r<185>R<ALA> 15.577000 -9.755000 -12.220000
