c<A>r<123>R<PRO> 11.902000 -3.102000 -16.367001
c<A>r<124>R<TYR> 15.647000 -3.085000 -15.903000
c<A>r<125>R<ASN> 15.297000 0.703000 -15.493000
c<A>r<126>R<ILE> 11.929000 2.146000 -14.520000
c<A>r<127>R<PRO> 12.764000 5.734000 -15.638000
c<A>r<128>R<TYR> 13.708000 4.462000 -19.079000
c<A>r<130>R<ARG> 8.374000 5.469000 -17.951000
c<A>r<131>R<ARG> 9.658000 7.979000 -20.587999
c<A>r<135>R<GLU> 3.892000 2.903000 -15.640000
c<A>r<136>R<ILE> 4.089000 0.766000 -12.498000
c<A>r<140>R<LYS> 6.081000 -7.334000 -5.018000
c<A>r<141>R<LEU> 5.949000 -7.830000 -1.277000
c<A>r<142>R<SER> 8.438000 -10.030000 0.425000
c<A>r<238>R<ASN> -11.820000 -18.733000 -1.356000
c<A>r<239>R<GLN> -10.973000 -18.121000 2.286000
c<A>r<240>R<GLU> -11.494000 -21.761999 3.176000
c<A>r<242>R<ARG> -6.514000 -19.948999 2.146000
c<A>r<267>R<GLU> -1.788000 -6.765000 0.309000
c<A>r<268>R<PRO> 0.725000 -6.966000 3.129000
c<A>r<269>R<LEU> 0.581000 -10.254000 5.013000
c<A>r<270>R<ALA> 0.714000 -8.511000 8.351000
c<A>r<271>R<PHE> -3.006000 -7.635000 8.338000
c<A>r<272>R<LEU> -3.991000 -11.271000 7.808000
c<A>r<273>R<LEU> -2.010000 -12.808000 10.608000
c<A>r<274>R<GLU> -2.940000 -12.783000 14.242000
c<A>r<275>R<ASP> 0.602000 -11.785000 14.934000
c<A>r<276>R<SER> 0.941000 -8.779000 12.658000
c<A>r<277>R<GLN> 4.255000 -7.762000 13.993000
c<A>r<278>R<ILE> 5.783000 -8.363000 10.644000
c<A>r<279>R<LYS> 8.259000 -6.367000 8.632000
c<A>r<280>R<GLU> 7.809000 -6.693000 4.915000
c<A>r<281>R<SER> 9.644000 -5.413000 1.923000
c<A>r<282>R<ILE> 7.792000 -3.702000 -0.850000
c<A>r<283>R<GLU> 9.146000 -2.846000 -4.381000
c<A>r<284>R<PRO> 7.673000 -2.041000 -7.795000
c<A>r<285>R<TYR> 7.399000 -5.231000 -9.836000
c<A>r<360>R<TYR> -2.202000 1.199000 -9.013000
c<A>r<361>R<ARG> -3.348000 4.546000 -7.651000
c<A>r<362>R<ARG> -6.807000 6.116000 -7.223000
c<A>r<364>R<SER> -8.134000 11.449000 -5.965000
c<A>r<365>R<TYR> -4.536000 10.539000 -5.175000
c<A>r<368>R<ARG> -3.548000 15.517000 -5.349000
c<A>r<369>R<ILE> -0.088000 14.916000 -6.896000
c<A>r<370>R<GLU> -1.154000 16.945000 -9.988000
c<A>r<383>R<GLU> -13.689000 7.605000 -8.270000
c<A>r<384>R<ARG> -17.000999 5.937000 -8.811000
c<A>r<388>R<ASP> -10.951000 -0.765000 -7.039000
c<A>r<389>R<GLN> -9.227000 -4.070000 -7.289000
c<B>r<122>R<PRO> 1.393000 -1.850000 20.768000
c<B>r<123>R<TYR> 4.136000 -3.951000 22.242001
c<B>r<124>R<ASN> 2.087000 -6.950000 21.077999
c<B>r<125>R<ILE> -0.509000 -6.510000 18.365000
c<B>r<126>R<PRO> -2.407000 -9.754000 19.174000
c<B>r<127>R<TYR> -2.774000 -8.653000 22.775000
c<B>r<129>R<ARG> -6.418000 -6.833000 19.038000
c<B>r<130>R<ARG> -8.170000 -9.163000 21.552999
c<B>r<134>R<GLU> -6.969000 -2.659000 15.248000
c<B>r<135>R<ILE> -4.125000 -1.491000 12.977000
c<B>r<139>R<LYS> 5.280000 2.978000 8.835000
c<B>r<140>R<LEU> 7.296000 2.872000 5.648000
c<B>r<141>R<SER> 11.032000 3.070000 5.785000
c<B>r<142>R<PHE> 13.166000 3.917000 2.752000
c<B>r<237>R<ASN> 1.011000 21.430000 -1.341000
c<B>r<238>R<GLN> 3.089000 19.896000 -4.121000
c<B>r<239>R<GLU> 5.099000 23.058001 -4.584000
c<B>r<241>R<ARG> 7.025000 19.052999 -1.514000
c<B>r<266>R<GLU> 2.323000 5.854000 0.295000
c<B>r<267>R<PRO> 5.524000 4.207000 -0.855000
c<B>r<268>R<LEU> 8.124000 6.731000 -2.001000
c<B>r<269>R<ALA> 8.903000 4.690000 -5.084000
c<B>r<270>R<PHE> 5.858000 5.989000 -7.009000
c<B>r<271>R<LEU> 6.872000 9.617000 -6.456000
c<B>r<272>R<LEU> 10.434000 9.418000 -7.642000
c<B>r<273>R<GLU> 11.583000 9.285000 -11.209000
c<B>r<274>R<ASP> 13.824000 6.453000 -10.206000
c<B>r<275>R<SER> 11.348000 4.100000 -8.550000
c<B>r<276>R<GLN> 13.727000 1.271000 -8.236000
c<B>r<277>R<ILE> 13.408000 1.493000 -4.528000
c<B>r<278>R<LYS> 13.039000 -1.195000 -1.907000
c<B>r<279>R<GLU> 11.080000 -0.076000 1.092000
c<B>r<280>R<SER> 10.122000 -1.637000 4.362000
c<B>r<281>R<ILE> 6.569000 -1.612000 5.545000
c<B>r<282>R<GLU> 5.273000 -2.496000 9.082000
c<B>r<283>R<PRO> 2.140000 -1.836000 11.151000
c<B>r<284>R<TYR> 2.691000 1.264000 13.283000
c<B>r<359>R<TYR> -6.917000 0.992000 6.842000
c<B>r<360>R<ARG> -8.834000 -1.397000 4.577000
c<B>r<361>R<ARG> -11.836000 -0.912000 2.270000
c<B>r<363>R<SER> -14.965000 -4.815000 -0.308000
c<B>r<364>R<TYR> -11.632000 -6.138000 0.959000
c<B>r<367>R<ARG> -13.738000 -10.749000 0.808000
c<B>r<368>R<ILE> -11.801000 -11.867000 3.930000
c<B>r<369>R<GLU> -15.158000 -12.474000 5.728000
c<B>r<382>R<GLU> -17.850000 1.707000 -0.497000
c<B>r<383>R<ARG> -19.492001 4.952000 -1.420000
c<B>r<387>R<ASP> -10.895000 7.004000 1.154000
c<B>r<388>R<GLN> -8.050000 8.865000 2.723000
