c<A>r<4>R<VAL> -5.320000 -1.703000 10.365000
c<A>r<5>R<THR> -2.825000 -0.978000 7.640000
c<A>r<6>R<PHE> -0.956000 2.332000 7.477000
c<A>r<7>R<VAL> 0.237000 3.200000 3.906000
c<A>r<20>R<GLU> 16.646000 4.489000 4.498000
c<A>r<23>R<PHE> 13.542000 4.925000 8.264000
c<A>r<24>R<ALA> 15.261000 1.877000 9.759000
c<A>r<27>R<ALA> 10.921000 1.004000 12.011000
c<A>r<28>R<ALA> 12.964000 -0.314000 14.985000
c<A>r<30>R<PHE> 7.631000 0.752000 16.049999
c<A>r<31>R<ALA> 8.682000 -2.937000 16.079000
c<A>r<36>R<PHE> 2.953000 -4.099000 15.975000
c<A>r<37>R<VAL> 2.496000 -6.878000 13.356000
c<A>r<38>R<ARG> 4.781000 -6.074000 10.403000
c<A>r<39>R<HIS> 6.118000 -3.382000 8.028000
c<A>r<40>R<THR> 7.624000 -3.296000 4.512000
c<A>r<41>R<LEU> 9.539000 -0.351000 2.986000
c<A>r<42>R<LEU> 9.198000 -0.403000 -0.777000
c<A>r<43>R<ARG> 11.283000 1.443000 -3.392000
c<A>r<44>R<GLU> 9.816000 2.175000 -6.825000
c<A>r<45>R<ARG> 11.827000 0.319000 -9.490000
c<A>r<46>R<ASP> 11.898000 3.190000 -12.054000
c<A>r<47>R<LYS> 12.363000 6.050000 -9.532000
c<A>r<50>R<SER> 9.796000 7.197000 -4.589000
c<A>r<51>R<TYR> 9.081000 5.003000 -1.533000
c<A>r<52>R<VAL> 6.038000 3.349000 0.020000
c<A>r<53>R<ASN> 5.834000 2.057000 3.610000
c<A>r<54>R<ILE> 3.175000 -0.500000 4.530000
c<A>r<55>R<ALA> 2.675000 -1.036000 8.310000
c<A>r<88>R<GLY> -3.690000 6.916000 4.905000
c<A>r<89>R<LEU> -5.069000 4.331000 7.272000
c<A>r<90>R<PHE> -6.759000 1.315000 5.725000
c<A>r<91>R<THR> -8.711000 -1.885000 6.466000
c<A>r<92>R<ALA> -8.252000 -5.028000 4.477000
c<A>r<93>R<ARG> -11.343000 -5.987000 2.308000
c<A>r<94>R<GLN> -9.964000 -8.903000 0.195000
c<A>r<95>R<THR> -6.823000 -11.028000 0.730000
c<A>r<96>R<LEU> -5.733000 -14.020000 -1.320000
c<A>r<97>R<PRO> -2.698000 -16.429001 -1.507000
c<C>r<5>R<VAL> 8.215000 -7.337000 -7.016000
c<C>r<6>R<THR> 5.308000 -5.537000 -5.427000
c<C>r<7>R<PHE> 2.635000 -3.803000 -7.515000
c<C>r<8>R<VAL> 0.850000 -0.974000 -5.604000
c<C>r<21>R<GLU> -15.168000 -4.832000 -5.053000
c<C>r<24>R<PHE> -11.871000 -6.518000 -8.250000
c<C>r<25>R<ALA> -12.555000 -9.979000 -6.834000
c<C>r<28>R<ALA> -7.903000 -11.052000 -8.222000
c<C>r<29>R<ALA> -9.166000 -14.581000 -9.034000
c<C>r<31>R<PHE> -4.200000 -13.300000 -11.141000
c<C>r<32>R<ALA> -4.247000 -15.911000 -8.331000
c<C>r<33>R<ARG> -3.995000 -18.686001 -10.988000
c<C>r<37>R<PHE> 1.553000 -15.101000 -8.096000
c<C>r<38>R<VAL> 2.400000 -14.821000 -4.352000
c<C>r<39>R<ARG> -0.394000 -12.760000 -2.718000
c<C>r<40>R<HIS> -2.646000 -9.681000 -2.945000
c<C>r<41>R<THR> -4.525000 -7.466000 -0.445000
c<C>r<42>R<LEU> -7.278000 -4.968000 -1.325000
c<C>r<43>R<LEU> -7.371000 -2.170000 1.207000
c<C>r<44>R<ARG> -10.124000 0.378000 1.885000
c<C>r<45>R<GLU> -9.318000 3.735000 3.477000
c<C>r<46>R<ARG> -11.070000 3.982000 6.868000
c<C>r<47>R<ASP> -12.194000 7.654000 6.498000
c<C>r<48>R<LYS> -13.076000 7.489000 2.773000
c<C>r<51>R<SER> -10.338000 5.293000 -1.696000
c<C>r<52>R<TYR> -8.742000 1.861000 -2.237000
c<C>r<53>R<VAL> -5.208000 0.456000 -2.429000
c<C>r<54>R<ASN> -4.262000 -2.922000 -3.943000
c<C>r<55>R<ILE> -0.952000 -4.547000 -3.000000
c<C>r<56>R<ALA> 0.121000 -7.502000 -5.227000
c<C>r<57>R<VAL> 3.296000 -9.503000 -4.795000
c<C>r<89>R<GLY> 3.783000 1.679000 -9.424000
c<C>r<90>R<LEU> 6.047000 -1.331000 -9.310000
c<C>r<91>R<PHE> 8.266000 -1.672000 -6.248000
c<C>r<92>R<THR> 11.062000 -3.710000 -4.653000
c<C>r<93>R<ALA> 11.176000 -4.375000 -0.959000
c<C>r<94>R<ARG> 14.138000 -2.579000 0.859000
c<C>r<95>R<GLN> 13.280000 -3.282000 4.564000
c<C>r<96>R<THR> 10.900000 -5.850000 6.132000
c<C>r<97>R<LEU> 10.273000 -6.506000 9.777000
