c<A>r<129>R<GLY> -1.559000 -12.177000 15.050000
c<A>r<216>R<GLU> 9.603000 -11.042000 9.632000
c<A>r<220>R<ALA> 2.655000 -13.702000 10.239000
c<A>r<221>R<LEU> -0.380000 -13.302000 7.819000
c<A>r<226>R<GLU> 1.483000 -16.323000 3.327000
c<A>r<227>R<GLY> -2.064000 -16.552000 4.802000
c<C>r<64>R<ASP> -0.406000 -21.834000 10.849000
c<C>r<65>R<GLU> 0.744000 -21.716999 14.554000
c<C>r<66>R<ASP> 4.498000 -21.007000 15.140000
c<C>r<88>R<ALA> 14.782000 -17.028000 7.585000
c<C>r<89>R<VAL> 16.033001 -15.299000 4.430000
