c<A>r<24>R<ILE> 11.975000 6.189000 -2.988000
c<A>r<25>R<ILE> 9.999000 3.127000 -1.719000
c<A>r<27>R<SER> 12.629000 5.755000 2.258000
c<A>r<28>R<ALA> 8.808000 5.830000 2.620000
c<A>r<29>R<PHE> 8.470000 2.184000 3.838000
c<A>r<31>R<GLU> 10.168000 -2.425000 6.209000
c<A>r<84>R<VAL> 0.821000 -6.967000 -14.627000
c<A>r<85>R<GLU> -2.328000 -9.098000 -15.248000
c<A>r<88>R<ARG> -0.352000 -12.181000 -11.623000
c<A>r<94>R<PRO> 1.824000 -10.460000 -5.039000
c<A>r<95>R<VAL> 2.359000 -8.448000 -8.269000
c<A>r<96>R<ILE> 1.862000 -4.687000 -7.920000
c<A>r<97>R<GLY> 1.407000 -2.311000 -10.887000
c<A>r<98>R<ALA> 2.296000 1.384000 -10.413000
c<A>r<99>R<GLY> -0.696000 2.412000 -12.634000
c<A>r<100>R<SER> -3.241000 0.322000 -10.705000
c<A>r<101>R<SER> -1.718000 1.461000 -7.362000
c<A>r<102>R<VAL> -1.781000 5.234000 -8.167000
c<A>r<103>R<SER> -5.339000 5.203000 -9.592000
c<A>r<104>R<ALA> -6.651000 2.919000 -6.803000
c<A>r<105>R<LEU> -5.095000 4.985000 -3.971000
c<A>r<106>R<ALA> -6.338000 8.256000 -5.574000
c<A>r<107>R<LEU> -9.956000 6.925000 -5.153000
c<A>r<108>R<ALA> -9.174000 6.526000 -1.410000
c<A>r<109>R<TYR> -8.432000 10.345000 -1.141000
c<A>r<110>R<GLY> -11.231000 11.760000 -3.361000
c<A>r<111>R<ARG> -14.062000 10.822000 -5.766000
c<A>r<123>R<VAL> -5.389000 0.795000 -16.754999
c<A>r<126>R<SER> -10.549000 1.791000 -16.488001
c<A>r<127>R<ILE> -9.866000 1.863000 -12.658000
c<A>r<128>R<LEU> -11.089000 5.465000 -12.248000
c<A>r<129>R<GLY> -14.055000 5.035000 -14.667000
c<A>r<130>R<ASN> -16.621000 7.813000 -14.012000
c<A>r<131>R<ASN> -14.396000 9.153000 -11.145000
c<A>r<184>R<ALA> 4.466000 15.424000 -6.231000
c<A>r<185>R<PRO> 5.061000 17.493000 -2.974000
c<A>r<188>R<GLU> 0.469000 19.402000 -3.694000
c<A>r<194>R<PRO> -3.489000 15.373000 -2.585000
c<A>r<195>R<VAL> -1.004000 14.549000 -5.393000
c<A>r<196>R<ILE> -0.514000 10.765000 -5.579000
c<A>r<197>R<ASP> 2.976000 9.593000 -6.562000
c<A>r<200>R<ILE> 5.127000 5.660000 -3.407000
c<A>r<201>R<ALA> 1.610000 4.298000 -4.159000
c<A>r<202>R<SER> 3.133000 0.990000 -5.415000
c<A>r<203>R<GLY> 5.235000 0.745000 -2.199000
c<A>r<204>R<ALA> 2.110000 1.214000 -0.009000
c<A>r<205>R<VAL> 0.132000 -1.452000 -1.970000
c<A>r<206>R<ALA> 3.132000 -3.851000 -1.735000
c<A>r<207>R<LEU> 3.434000 -3.280000 2.059000
c<A>r<208>R<HIS> -0.350000 -3.845000 2.441000
c<A>r<209>R<ALA> -0.068000 -7.070000 0.324000
c<A>r<210>R<LEU> 2.578000 -8.494000 2.686000
c<A>r<211>R<LYS> 1.088000 -7.244000 6.018000
c<A>r<212>R<ARG> -2.542000 -8.371000 5.381000
c<A>r<213>R<ARG> -1.475000 -12.104000 5.441000
c<B>r<27>R<SER> -0.112000 -4.702000 14.523000
c<B>r<28>R<ALA> -0.011000 -4.364000 10.699000
c<B>r<29>R<PHE> 1.697000 -0.892000 10.697000
c<B>r<31>R<GLU> 4.714000 3.220000 12.761000
c<B>r<84>R<VAL> -15.880000 11.175000 5.344000
c<B>r<85>R<GLU> -16.399000 13.710000 2.487000
c<B>r<88>R<ARG> -12.314000 16.121000 4.524000
c<B>r<94>R<PRO> -5.882000 13.394000 6.073000
c<B>r<95>R<VAL> -9.306000 11.726000 6.588000
c<B>r<96>R<ILE> -9.458000 8.032000 5.675000
c<B>r<97>R<GLY> -12.716000 6.080000 5.180000
c<B>r<98>R<ALA> -12.648000 2.277000 5.633000
c<B>r<99>R<GLY> -15.138000 1.855000 2.703000
c<B>r<100>R<SER> -13.110000 3.974000 0.259000
c<B>r<101>R<SER> -9.847000 2.303000 1.424000
c<B>r<102>R<VAL> -11.105000 -1.320000 1.003000
c<B>r<103>R<SER> -12.699000 -0.712000 -2.428000
c<B>r<104>R<ALA> -9.739000 1.395000 -3.664000
c<B>r<105>R<LEU> -7.105000 -1.141000 -2.523000
c<B>r<106>R<ALA> -9.138000 -4.050000 -4.017000
c<B>r<107>R<LEU> -8.786000 -2.356000 -7.488000
c<B>r<108>R<ALA> -4.981000 -2.463000 -6.955000
c<B>r<109>R<TYR> -5.128000 -6.351000 -6.651000
c<B>r<110>R<GLY> -7.621000 -7.140000 -9.464000
c<B>r<111>R<ARG> -10.081000 -5.651000 -11.992000
c<B>r<123>R<VAL> -19.267000 4.450000 -1.522000
c<B>r<126>R<SER> -19.398001 4.090000 -6.649000
c<B>r<127>R<ILE> -15.574000 3.512000 -6.348000
c<B>r<128>R<LEU> -15.692000 0.031000 -7.952000
c<B>r<129>R<GLY> -18.170000 1.072000 -10.712000
c<B>r<130>R<ASN> -17.983999 -1.434000 -13.612000
c<B>r<131>R<ASN> -15.213000 -3.373000 -11.733000
c<B>r<184>R<ALA> -10.127000 -12.310000 5.963000
c<B>r<185>R<PRO> -7.119000 -14.789000 6.142000
c<B>r<186>R<VAL> -9.539000 -17.778000 6.509000
c<B>r<188>R<GLU> -8.271000 -16.065001 1.392000
c<B>r<189>R<GLU> -7.058000 -19.615999 2.174000
c<B>r<194>R<PRO> -6.859000 -11.740000 -2.183000
c<B>r<195>R<VAL> -9.403000 -10.911000 0.564000
c<B>r<196>R<ILE> -9.135000 -7.212000 1.491000
c<B>r<197>R<ASP> -9.798000 -6.356000 5.146000
c<B>r<200>R<ILE> -6.087000 -3.089000 7.482000
c<B>r<201>R<ALA> -6.871000 -1.248000 4.200000
c<B>r<202>R<SER> -7.616000 1.990000 6.146000
c<B>r<203>R<GLY> -4.287000 1.623000 8.045000
c<B>r<204>R<ALA> -2.348000 1.266000 4.744000
c<B>r<205>R<VAL> -4.070000 4.365000 3.219000
c<B>r<206>R<ALA> -3.378000 6.332000 6.449000
c<B>r<207>R<LEU> 0.327000 5.296000 6.403000
c<B>r<208>R<HIS> 0.547000 6.227000 2.680000
c<B>r<209>R<ALA> -1.113000 9.631000 3.465000
c<B>r<210>R<LEU> 1.580000 10.402000 6.075000
c<B>r<211>R<LYS> 4.621000 8.938000 4.180000
c<B>r<212>R<ARG> 3.898000 10.665000 0.812000
c<B>r<213>R<ARG> 4.347000 14.135000 2.437000
