c<A>r<1>R<PRO> 8.330000 2.620000 18.291000
c<A>r<2>R<GLU> 9.899000 0.714000 15.482000
c<A>r<3>R<LEU> 9.937000 2.142000 12.033000
c<A>r<4>R<LEU> 7.335000 0.743000 9.695000
c<A>r<5>R<GLY> 8.861000 -2.135000 7.781000
c<A>r<6>R<GLY> 9.743000 -5.819000 8.044000
c<A>r<96>R<ALA> 6.897000 -8.933000 11.926000
c<A>r<97>R<LEU> 5.062000 -9.133000 8.587000
c<A>r<98>R<PRO> 1.435000 -8.052000 8.121000
c<A>r<99>R<ALA> 1.104000 -10.924000 5.600000
c<C>r<14>R<PHE> -6.310000 -4.393000 10.843000
c<C>r<15>R<GLN> -6.466000 -8.052000 11.524000
c<C>r<78>R<HIS> -7.570000 -5.442000 6.336000
c<C>r<79>R<ARG> -3.964000 -6.856000 6.199000
c<C>r<80>R<GLY> -1.159000 -4.512000 5.174000
c<C>r<81>R<TRP> 1.546000 -2.122000 6.313000
c<C>r<82>R<LEU> -0.775000 1.023000 6.124000
c<C>r<103>R<ALA> 0.319000 1.890000 10.555000
c<C>r<104>R<TRP> 0.445000 -1.828000 11.283000
c<C>r<105>R<LYS> 1.228000 -2.479000 14.955000
c<C>r<106>R<ASP> 1.420000 1.223000 15.487000
c<C>r<107>R<LYS> 4.795000 1.372000 13.962000
c<C>r<108>R<LEU> 6.348000 4.731000 13.356000
c<C>r<109>R<VAL> 5.652000 6.345000 9.915000
c<C>r<110>R<TYR> 6.750000 9.827000 8.772000
c<C>r<147>R<GLY> 3.969000 7.272000 4.379000
c<C>r<148>R<MET> 7.601000 6.635000 4.803000
c<C>r<149>R<GLY> 8.949000 3.821000 6.914000
c<C>r<150>R<LYS> 11.809000 1.624000 5.738000
c<C>r<151>R<HIS> 10.311000 2.139000 2.377000
c<C>r<152>R<ARG> 7.454000 4.056000 1.172000
c<C>r<153>R<TYR> 4.193000 2.393000 1.880000
