c<A>r<1>R<SER> -35.729000 11.088000 -7.765000
c<A>r<2>R<ASP> -32.306999 9.626000 -8.535000
c<A>r<3>R<LYS> -31.312000 7.307000 -5.676000
c<A>r<4>R<VAL> -27.862000 8.258000 -4.303000
c<A>r<6>R<ALA> -22.698000 8.159000 0.121000
c<A>r<7>R<ILE> -19.680000 6.134000 1.247000
c<A>r<8>R<ILE> -17.667000 8.094000 3.843000
c<A>r<11>R<ARG> -7.915000 7.414000 3.460000
c<A>r<12>R<LEU> -8.524000 7.259000 -0.416000
c<A>r<13>R<ASP> -5.208000 5.372000 -0.952000
c<A>r<14>R<SER> -6.161000 2.723000 1.676000
c<A>r<15>R<LEU> -5.892000 -0.637000 -0.173000
c<A>r<18>R<ASN> -10.112000 -0.636000 -1.087000
c<A>r<19>R<LEU> -11.409000 -4.238000 -0.604000
c<A>r<21>R<VAL> -16.563000 -0.439000 -1.884000
c<A>r<22>R<GLN> -16.323000 -2.050000 -5.477000
c<A>r<25>R<LEU> -20.643999 -0.346000 -6.011000
c<A>r<34>R<ASP> -25.539000 5.958000 -7.790000
c<A>r<35>R<PRO> -22.707001 5.694000 -5.154000
c<A>r<36>R<ILE> -20.658001 8.794000 -4.210000
c<A>r<37>R<MET> -17.458000 8.671000 -2.095000
c<A>r<38>R<MET> -16.469999 11.255000 0.563000
c<A>r<39>R<GLU> -13.191000 11.552000 2.401000
c<A>r<46>R<LEU> -15.425000 16.421000 8.577000
c<A>r<49>R<GLU> -19.813999 18.511000 7.714000
c<A>r<50>R<HIS> -20.215000 15.680000 5.117000
c<A>r<52>R<GLY> -24.684999 17.896000 6.939000
c<A>r<53>R<VAL> -24.068001 18.355000 3.142000
c<A>r<54>R<LEU> -25.469999 14.884000 2.280000
c<A>r<56>R<ARG> -29.108000 19.138000 2.533000
c<A>r<57>R<ARG> -28.639000 17.266001 -0.811000
c<A>r<58>R<ASN> -31.302000 14.590000 0.164000
c<A>r<59>R<ILE> -28.913000 11.587000 -0.089000
c<A>r<158>R<MET> 4.601000 1.410000 5.392000
c<A>r<159>R<LYS> 7.644000 3.553000 6.388000
c<A>r<162>R<TYR> 10.412000 -0.390000 8.101000
c<A>r<185>R<LEU> 5.480000 -4.573000 3.224000
c<A>r<186>R<GLY> 7.541000 -2.072000 5.300000
c<A>r<188>R<SER> 9.782000 -7.028000 4.376000
c<A>r<189>R<LYS> 11.774000 -4.171000 2.700000
c<A>r<190>R<TYR> 14.045000 -3.888000 5.800000
c<A>r<209>R<LEU> -0.626000 -6.377000 -3.508000
c<A>r<212>R<PHE> 1.350000 -10.665000 -5.525000
c<A>r<213>R<LEU> 4.677000 -9.421000 -4.035000
c<A>r<214>R<HIS> 4.958000 -11.793000 -1.019000
c<B>r<1>R<SER> -21.046000 25.794001 2.259000
c<B>r<2>R<ASP> -23.754999 24.736000 -0.234000
c<B>r<3>R<LYS> -21.000000 24.225000 -2.903000
c<B>r<4>R<VAL> -20.143999 20.671000 -4.067000
c<B>r<6>R<ALA> -17.388000 16.013000 -8.309000
c<B>r<7>R<ILE> -14.294000 13.965000 -9.211000
c<B>r<8>R<ILE> -14.925000 11.102000 -11.706000
c<B>r<11>R<ARG> -10.578000 3.258000 -10.963000
c<B>r<12>R<LEU> -10.498000 3.558000 -7.146000
c<B>r<13>R<ASP> -7.433000 1.203000 -6.987000
c<B>r<14>R<SER> -5.419000 3.600000 -9.256000
c<B>r<15>R<LEU> -2.400000 4.831000 -7.194000
c<B>r<16>R<SER> -1.712000 7.586000 -9.814000
c<B>r<17>R<GLU> -5.319000 8.920000 -9.844000
c<B>r<18>R<ASN> -5.523000 8.828000 -6.003000
c<B>r<19>R<LEU> -2.228000 10.855000 -5.866000
c<B>r<21>R<VAL> -7.121000 13.465000 -6.091000
c<B>r<22>R<GLN> -5.155000 13.834000 -2.787000
c<B>r<25>R<LEU> -8.864000 17.987000 -1.994000
c<B>r<34>R<ASP> -17.233999 19.680000 -0.519000
c<B>r<35>R<PRO> -15.556000 17.188000 -2.954000
c<B>r<36>R<ILE> -17.447001 13.989000 -3.903000
c<B>r<37>R<MET> -15.835000 11.150000 -5.939000
c<B>r<38>R<MET> -17.313000 8.564000 -8.412000
c<B>r<39>R<GLU> -15.828000 5.521000 -10.293000
c<B>r<41>R<GLN> -14.758000 1.857000 -14.519000
c<B>r<46>R<LEU> -21.393000 5.272000 -16.402000
c<B>r<49>R<GLU> -25.183001 8.469000 -16.009001
c<B>r<50>R<HIS> -23.025999 10.182000 -13.302000
c<B>r<52>R<GLY> -26.785000 13.206000 -15.401000
c<B>r<53>R<VAL> -27.122999 12.595000 -11.595000
c<B>r<54>R<LEU> -24.586000 15.375000 -10.747000
c<B>r<56>R<ARG> -29.962000 16.854000 -11.214000
c<B>r<57>R<ARG> -28.264999 17.155001 -7.763000
c<B>r<58>R<ASN> -27.056000 20.752001 -8.693000
c<B>r<59>R<ILE> -23.278999 20.059000 -8.358000
c<B>r<158>R<MET> 1.151000 -5.796000 -12.185000
c<B>r<159>R<LYS> 0.363000 -9.427000 -13.165000
c<B>r<162>R<TYR> 5.207000 -10.176000 -14.603000
c<B>r<185>R<LEU> 6.359000 -3.681000 -9.964000
c<B>r<186>R<GLY> 5.362000 -6.747000 -12.054000
c<B>r<188>R<SER> 10.779000 -6.166000 -10.881000
c<B>r<189>R<LYS> 9.168000 -9.176000 -9.133000
c<B>r<190>R<TYR> 9.934000 -11.437000 -12.144000
c<B>r<209>R<LEU> 4.937000 2.852000 -3.279000
c<B>r<212>R<PHE> 9.739000 3.016000 -1.171000
c<B>r<213>R<LEU> 10.001000 -0.575000 -2.517000
c<B>r<214>R<HIS> 12.348000 0.148000 -5.476000
