c<A>r<2>R<ASP> 2.554000 25.487000 -14.445000
c<A>r<3>R<LYS> 2.313000 24.684000 -10.676000
c<A>r<4>R<VAL> 3.141000 20.989000 -11.187000
c<A>r<6>R<ALA> 6.617000 15.364000 -9.238000
c<A>r<7>R<ILE> 7.124000 12.650000 -6.642000
c<A>r<8>R<ILE> 9.214000 9.653000 -7.692000
c<A>r<11>R<ARG> 7.490000 1.223000 -5.012000
c<A>r<12>R<LEU> 3.868000 2.360000 -5.184000
c<A>r<13>R<ASP> 2.922000 -0.340000 -2.737000
c<A>r<14>R<SER> 5.471000 0.792000 -0.171000
c<A>r<15>R<LEU> 3.668000 1.398000 3.113000
c<A>r<16>R<SER> 6.336000 3.775000 4.365000
c<A>r<17>R<GLU> 6.673000 5.754000 1.197000
c<A>r<18>R<ASN> 2.882000 6.018000 0.940000
c<A>r<19>R<LEU> 2.754000 7.481000 4.409000
c<A>r<21>R<VAL> 3.480000 10.929000 0.228000
c<A>r<22>R<GLN> 0.094000 11.247000 1.983000
c<A>r<25>R<LEU> 0.019000 16.086000 -0.844000
c<A>r<34>R<ASP> -0.578000 19.639000 -8.620000
c<A>r<35>R<PRO> 1.543000 16.627001 -7.620000
c<A>r<36>R<ILE> 2.149000 13.743000 -10.011000
c<A>r<37>R<MET> 3.715000 10.484000 -9.006000
c<A>r<38>R<MET> 6.026000 8.109000 -10.818000
c<A>r<39>R<GLU> 7.623000 4.806000 -9.800000
c<A>r<49>R<GLU> 14.211000 8.573000 -17.868999
c<A>r<50>R<HIS> 11.647000 10.023000 -15.472000
c<A>r<53>R<VAL> 10.443000 13.428000 -19.136000
c<A>r<56>R<ARG> 10.781000 18.313000 -21.155001
c<A>r<57>R<ARG> 7.429000 19.024000 -19.548000
c<A>r<58>R<ASN> 8.641000 21.934999 -17.528999
c<A>r<158>R<MET> 7.086000 -10.233000 4.053000
c<A>r<159>R<LYS> 7.929000 -13.667000 2.691000
c<A>r<162>R<TYR> 8.781000 -15.442000 7.283000
c<A>r<185>R<LEU> 4.960000 -8.983000 9.615000
c<A>r<186>R<GLY> 6.500000 -12.080000 8.109000
c<A>r<188>R<SER> 5.249000 -12.564000 13.381000
c<A>r<189>R<LYS> 3.379000 -14.946000 11.104000
c<A>r<208>R<PRO> -0.825000 2.111000 10.536000
c<A>r<209>R<LEU> -1.121000 -1.478000 9.337000
c<A>r<212>R<PHE> -3.234000 -2.098000 13.984000
c<A>r<213>R<LEU> -2.248000 -5.757000 13.572000
c<A>r<214>R<HIS> 0.512000 -6.031000 16.099001
c<B>r<2>R<ASP> 4.715000 13.225000 -25.858999
c<B>r<3>R<LYS> 4.083000 9.528000 -24.961000
c<B>r<4>R<VAL> 2.728000 10.369000 -21.489000
c<B>r<6>R<ALA> -2.000000 9.380000 -16.580000
c<B>r<7>R<ILE> -3.455000 7.069000 -13.955000
c<B>r<8>R<ILE> -5.812000 8.629000 -11.421000
c<B>r<11>R<ARG> -6.155000 6.154000 -2.776000
c<B>r<12>R<LEU> -2.422000 5.623000 -3.218000
c<B>r<13>R<ASP> -2.439000 3.200000 -0.335000
c<B>r<14>R<SER> -5.181000 1.068000 -1.853000
c<B>r<15>R<LEU> -3.939000 -2.515000 -2.037000
c<B>r<16>R<SER> -6.317000 -3.406000 -4.840000
c<B>r<17>R<GLU> -5.705000 -0.341000 -6.917000
c<B>r<18>R<ASN> -1.948000 -0.771000 -6.481000
c<B>r<19>R<LEU> -2.211000 -4.282000 -7.818000
c<B>r<21>R<VAL> -1.514000 -0.237000 -11.433000
c<B>r<22>R<GLN> 1.483000 -2.580000 -11.086000
c<B>r<25>R<LEU> 2.945000 -0.085000 -15.882000
c<B>r<34>R<ASP> 5.610000 7.243000 -19.421000
c<B>r<35>R<PRO> 2.828000 6.799000 -16.846001
c<B>r<36>R<ILE> 2.175000 9.410000 -14.175000
c<B>r<37>R<MET> -0.114000 8.892000 -11.242000
c<B>r<38>R<MET> -2.429000 11.217000 -9.377000
c<B>r<39>R<GLU> -4.759000 10.687000 -6.414000
c<B>r<49>R<GLU> -8.950000 19.590000 -11.495000
c<B>r<50>R<HIS> -6.657000 16.695999 -12.394000
c<B>r<53>R<VAL> -4.203000 19.889000 -15.586000
c<B>r<56>R<ARG> -3.278000 21.666000 -20.488001
c<B>r<57>R<ARG> -0.218000 19.448999 -20.528000
c<B>r<58>R<ASN> -1.233000 17.528000 -23.579000
c<B>r<158>R<MET> -9.498000 -2.162000 8.790000
c<B>r<159>R<LYS> -10.680000 -0.480000 11.971000
c<B>r<162>R<TYR> -12.681000 -4.741000 13.639000
c<B>r<185>R<LEU> -8.259000 -8.085000 8.068000
c<B>r<186>R<GLY> -10.023000 -6.160000 10.787000
c<B>r<188>R<SER> -9.886000 -11.531000 11.610000
c<B>r<189>R<LYS> -8.085000 -9.495000 14.250000
c<B>r<208>R<PRO> -0.862000 -10.632000 -1.717000
c<B>r<209>R<LEU> -0.992000 -9.303000 1.830000
c<B>r<212>R<PHE> 0.069000 -14.216000 2.928000
c<B>r<213>R<LEU> -1.455000 -13.427000 6.334000
c<B>r<214>R<HIS> -4.646000 -15.395000 6.150000
