c<A>r<1>R<VAL> -3.968000 2.533000 14.508000
c<A>r<2>R<LYS> -4.007000 1.502000 10.766000
c<A>r<3>R<SER> -1.197000 2.132000 8.316000
c<A>r<4>R<LEU> -1.480000 4.364000 5.330000
c<A>r<5>R<GLN> -0.716000 2.200000 2.344000
c<A>r<6>R<LEU> 0.799000 4.086000 -0.546000
c<A>r<7>R<ALA> 2.350000 3.219000 -3.888000
c<A>r<8>R<HIS> 5.588000 5.277000 -4.295000
c<A>r<9>R<GLN> 6.785000 6.422000 -7.707000
c<A>r<10>R<LEU> 10.559000 5.992000 -7.675000
c<A>r<11>R<LYS> 11.628000 6.127000 -11.301000
c<A>r<13>R<LYS> 14.868000 8.715000 -7.651000
c<A>r<14>R<ARG> 17.899000 8.061000 -5.400000
c<A>r<30>R<LYS> 11.264000 -4.923000 -4.045000
c<A>r<31>R<LEU> 12.973000 -2.378000 -5.852000
c<A>r<32>R<PRO> 12.015000 -3.050000 -9.570000
c<A>r<33>R<THR> 10.787000 0.410000 -9.407000
c<A>r<34>R<GLY> 13.238000 2.140000 -11.704000
c<A>r<35>R<CYS> 14.983000 3.720000 -8.765000
c<A>r<67>R<PRO> 15.663000 2.459000 -14.913000
c<A>r<68>R<THR> 14.803000 -0.622000 -16.886000
c<A>r<70>R<ASN> 16.757999 -3.536000 -12.383000
c<A>r<90>R<GLU> 21.834000 18.771000 -3.886000
c<A>r<91>R<ASN> 18.639999 18.841000 -5.339000
c<A>r<92>R<ASP> 18.308001 15.178000 -5.143000
c<A>r<93>R<ALA> 16.929001 13.421000 -2.128000
c<A>r<94>R<TRP> 17.193001 10.011000 -0.622000
c<A>r<95>R<TYR> 15.044000 7.153000 0.458000
c<A>r<114>R<LYS> 16.562000 12.917000 10.609000
c<A>r<115>R<GLU> 18.826000 15.694000 11.755000
c<A>r<117>R<PHE> 17.410000 15.962000 6.132000
c<A>r<118>R<GLY> 14.559000 16.740999 8.583000
c<A>r<119>R<LYS> 11.911000 14.569000 10.094000
c<A>r<120>R<GLN> 10.222000 14.370000 6.695000
c<A>r<121>R<GLN> 13.095000 12.091000 5.462000
c<A>r<122>R<LEU> 11.840000 8.538000 5.019000
c<A>r<129>R<PRO> 9.727000 -0.829000 14.604000
c<A>r<130>R<ASP> 10.453000 2.454000 16.525999
c<A>r<132>R<CYS> 10.681000 2.830000 10.867000
c<A>r<133>R<ASP> 8.599000 5.392000 9.039000
c<A>r<134>R<PHE> 7.031000 2.638000 6.987000
c<A>r<135>R<TYR> 6.817000 -1.106000 6.697000
c<A>r<136>R<PHE> 7.298000 -3.479000 3.895000
c<A>r<137>R<GLY> 4.552000 -6.048000 3.595000
c<A>r<138>R<ALA> 3.655000 -9.116000 1.593000
c<A>r<139>R<ASN> 3.512000 -8.341000 -2.098000
c<A>r<140>R<LEU> 2.136000 -10.021000 -5.215000
c<A>r<141>R<GLU> 1.585000 -9.102000 -8.791000
c<A>r<142>R<ILE> -1.313000 -10.000000 -11.002000
c<A>r<144>R<ASP> 2.569000 -6.997000 -15.034000
c<A>r<145>R<ARG> 0.252000 -4.229000 -14.309000
c<A>r<146>R<LEU> -1.424000 -4.965000 -10.965000
c<A>r<147>R<GLN> 0.348000 -4.818000 -7.633000
c<A>r<148>R<ILE> -1.007000 -5.942000 -4.316000
c<A>r<149>R<LEU> 0.320000 -5.083000 -0.832000
c<A>r<150>R<ILE> -0.763000 -6.936000 2.301000
c<A>r<151>R<SER> 0.001000 -5.314000 5.580000
c<A>r<152>R<THR> -0.583000 -6.624000 9.091000
c<A>r<153>R<ASN> -1.340000 -4.306000 11.957000
c<A>r<154>R<GLY> 0.323000 -6.022000 14.864000
c<A>r<155>R<LEU> -0.007000 -9.451000 13.395000
c<A>r<156>R<SER> 2.855000 -11.591000 12.352000
c<A>r<158>R<ARG> 3.244000 -14.783000 8.384000
c<A>r<159>R<PHE> -0.389000 -13.816000 8.143000
c<A>r<160>R<GLY> 0.510000 -11.336000 5.387000
c<A>r<161>R<ALA> 2.212000 -14.112000 3.497000
c<A>r<162>R<LEU> -0.769000 -16.528999 3.942000
c<A>r<163>R<VAL> -3.184000 -13.957000 2.702000
c<A>r<164>R<ARG> -0.833000 -13.168000 -0.216000
c<A>r<165>R<ASP> -0.702000 -16.875999 -1.196000
c<A>r<166>R<GLU> -4.492000 -17.164000 -0.880000
c<A>r<167>R<ILE> -4.949000 -14.243000 -3.181000
c<A>r<170>R<LEU> -7.390000 -17.011000 -6.648000
c<A>r<171>R<PHE> -5.796000 -15.484000 -9.726000
c<A>r<178>R<LEU> -6.396000 -7.846000 -18.753000
c<A>r<179>R<GLU> -5.262000 -6.413000 -22.037001
c<A>r<181>R<ALA> -10.419000 -5.969000 -20.742001
c<A>r<182>R<VAL> -8.564000 -2.716000 -20.988001
c<A>r<185>R<LEU> -13.735000 -1.026000 -21.084999
c<A>r<186>R<GLY> -12.049000 1.797000 -22.872999
c<A>r<208>R<ALA> -20.228001 2.107000 -16.316000
c<A>r<209>R<ARG> -19.164000 1.484000 -12.774000
c<A>r<212>R<THR> -18.323999 -3.351000 -14.645000
c<A>r<213>R<ASP> -18.969000 -4.234000 -11.037000
c<A>r<214>R<LEU> -21.531000 -6.770000 -12.227000
c<A>r<215>R<PHE> -19.120001 -8.323000 -14.684000
c<A>r<216>R<GLY> -16.334999 -8.391000 -12.219000
c<A>r<217>R<ILE> -12.660000 -8.592000 -13.111000
c<A>r<218>R<GLN> -13.128000 -12.194000 -14.249000
c<A>r<220>R<CYS> -14.585000 -7.818000 -18.214001
c<B>r<1>R<VAL> 8.316000 0.716000 -13.943000
c<B>r<2>R<LYS> 6.516000 -0.752000 -10.820000
c<B>r<3>R<SER> 5.591000 1.244000 -7.743000
c<B>r<4>R<LEU> 7.059000 0.619000 -4.366000
c<B>r<5>R<GLN> 4.134000 -0.179000 -2.132000
c<B>r<6>R<LEU> 4.679000 0.778000 1.479000
c<B>r<7>R<ALA> 2.605000 0.916000 4.634000
c<B>r<8>R<HIS> 3.285000 4.268000 6.390000
c<B>r<9>R<GLN> 3.168000 4.592000 10.149000
c<B>r<10>R<LEU> 1.505000 7.911000 10.869000
c<B>r<11>R<LYS> 0.477000 7.802000 14.485000
c<B>r<13>R<LYS> 2.559000 12.568000 12.659000
c<B>r<14>R<ARG> 1.415000 15.873000 11.092000
c<B>r<30>R<LYS> -7.888000 6.858000 4.308000
c<B>r<31>R<LEU> -6.538000 8.525000 7.156000
c<B>r<32>R<PRO> -7.657000 6.324000 10.141000
c<B>r<33>R<THR> -4.048000 6.132000 10.803000
c<B>r<34>R<GLY> -3.802000 8.109000 14.004000
c<B>r<35>R<CYS> -2.310000 11.020000 12.187000
c<B>r<78>R<PRO> -5.089000 9.405000 17.664000
c<B>r<79>R<THR> -8.052000 7.233000 18.327999
c<B>r<81>R<ASN> -10.413000 9.666000 13.704000
c<B>r<101>R<GLU> 10.210000 22.714001 13.984000
c<B>r<102>R<ASN> 10.935000 19.329000 14.597000
c<B>r<103>R<ASP> 7.776000 18.180000 13.153000
c<B>r<104>R<ALA> 7.351000 17.403000 9.499000
c<B>r<105>R<TRP> 4.510000 17.207001 7.120000
c<B>r<106>R<TYR> 2.870000 14.861000 4.745000
c<B>r<125>R<LYS> 9.905000 20.983000 -2.462000
c<B>r<126>R<GLU> 11.919000 24.143999 -2.129000
c<B>r<128>R<PHE> 11.386000 21.136000 2.818000
c<B>r<129>R<GLY> 13.611000 19.532000 0.132000
c<B>r<130>R<LYS> 12.890000 17.007999 -2.526000
c<B>r<131>R<GLN> 12.520000 14.361000 0.176000
c<B>r<132>R<GLN> 9.176000 15.988000 1.231000
c<B>r<133>R<LEU> 6.278000 13.745000 0.250000
c<B>r<140>R<PRO> 0.562000 12.415000 -12.004000
c<B>r<141>R<ASP> 3.747000 14.564000 -12.571000
c<B>r<143>R<CYS> 2.717000 13.054000 -7.206000
c<B>r<144>R<ASP> 5.381000 11.246000 -5.205000
c<B>r<145>R<PHE> 2.943000 8.441000 -4.514000
c<B>r<146>R<TYR> -0.481000 7.180000 -5.466000
c<B>r<147>R<PHE> -3.454000 6.105000 -3.509000
c<B>r<148>R<GLY> -4.902000 2.833000 -4.669000
c<B>r<149>R<ALA> -7.861000 0.595000 -3.989000
c<B>r<150>R<ASN> -7.953000 -0.492000 -0.364000
c<B>r<151>R<LEU> -9.729000 -3.156000 1.679000
c<B>r<152>R<GLU> -9.499000 -4.552000 5.133000
c<B>r<153>R<ILE> -9.829000 -8.115000 6.232000
c<B>r<155>R<ASP> -9.349000 -5.055000 11.783000
c<B>r<156>R<ARG> -5.826000 -6.115000 11.423000
c<B>r<157>R<LEU> -5.204000 -6.894000 7.751000
c<B>r<158>R<GLN> -4.902000 -4.195000 5.128000
c<B>r<159>R<ILE> -4.721000 -4.681000 1.401000
c<B>r<160>R<LEU> -3.592000 -2.160000 -1.231000
c<B>r<161>R<ILE> -4.212000 -2.653000 -4.952000
c<B>r<162>R<SER> -2.230000 -0.486000 -7.277000
c<B>r<163>R<THR> -2.359000 -0.294000 -11.078000
c<B>r<164>R<ASN> 0.579000 0.433000 -13.322000
c<B>r<165>R<GLY> -0.883000 2.340000 -16.254000
c<B>r<166>R<LEU> -4.296000 0.859000 -15.867000
c<B>r<167>R<SER> -7.419000 2.626000 -14.876000
c<B>r<169>R<ARG> -11.333000 0.867000 -12.116000
c<B>r<170>R<PHE> -9.274000 -2.280000 -12.428000
c<B>r<171>R<GLY> -7.932000 -1.689000 -8.900000
c<B>r<172>R<ALA> -11.473000 -1.439000 -7.636000
c<B>r<173>R<LEU> -12.572000 -4.644000 -9.469000
c<B>r<174>R<VAL> -9.692000 -6.564000 -8.079000
c<B>r<175>R<ARG> -10.430000 -5.128000 -4.606000
c<B>r<176>R<ASP> -14.074000 -6.295000 -4.848000
c<B>r<177>R<GLU> -12.980000 -9.727000 -6.084000
c<B>r<178>R<ILE> -10.686000 -10.097000 -3.156000
c<B>r<181>R<LEU> -13.171000 -14.137000 -1.365000
c<B>r<182>R<PHE> -13.017000 -13.246000 2.307000
c<B>r<189>R<LEU> -7.870000 -14.558000 12.888000
c<B>r<190>R<GLU> -7.669000 -14.146000 16.615999
c<B>r<192>R<ALA> -5.245000 -18.363001 14.404000
c<B>r<193>R<VAL> -2.936000 -15.904000 16.047001
c<B>r<196>R<LEU> 0.299000 -20.249001 15.545000
c<B>r<197>R<GLY> 1.904000 -18.517000 18.436001
c<B>r<219>R<ALA> 6.422000 -23.944000 10.672000
c<B>r<220>R<ARG> 6.300000 -22.056999 7.449000
c<B>r<223>R<THR> 1.172000 -23.069000 7.861000
c<B>r<224>R<ASP> 1.389000 -22.794001 4.113000
c<B>r<225>R<LEU> -0.348000 -26.141001 3.863000
c<B>r<226>R<PHE> -3.136000 -25.079000 6.177000
c<B>r<227>R<GLY> -3.553000 -21.792000 4.490000
c<B>r<228>R<ILE> -5.194000 -18.767000 6.042000
c<B>r<229>R<GLN> -8.583000 -20.479000 5.880000
c<B>r<231>R<CYS> -4.996000 -21.892000 10.590000
