c<A>r<13>R<LEU> -16.410999 -0.805000 -5.142000
c<A>r<14>R<PRO> -15.314000 2.184000 -7.195000
c<A>r<15>R<HIS> -11.924000 0.505000 -8.024000
c<A>r<16>R<ARG> -11.016000 -0.658000 -11.462000
c<A>r<17>R<TYR> -8.141000 -2.171000 -13.401000
c<A>r<18>R<PRO> -5.309000 -2.297000 -12.566000
c<A>r<19>R<PHE> -6.217000 -1.487000 -8.921000
c<A>r<20>R<LEU> -9.256000 -3.762000 -8.185000
c<A>r<45>R<PRO> 1.172000 -5.663000 -14.388000
c<A>r<46>R<PHE> 2.921000 -4.999000 -10.980000
c<A>r<47>R<PHE> 5.003000 -8.189000 -11.328000
c<A>r<48>R<ASN> 7.129000 -6.555000 -14.065000
c<A>r<49>R<GLY> 8.351000 -3.989000 -11.707000
c<A>r<50>R<HIS> 8.343000 -5.902000 -8.323000
c<A>r<51>R<PHE> 10.667000 -7.374000 -9.012000
c<A>r<52>R<PRO> 12.031000 -8.176000 -12.630000
c<A>r<53>R<GLN> 14.148000 -11.156000 -11.483000
c<A>r<54>R<LYS> 11.895000 -12.444000 -8.660000
c<A>r<58>R<PRO> 3.921000 -6.270000 -3.125000
c<A>r<59>R<GLY> 2.981000 -6.246000 0.621000
c<A>r<60>R<VAL> 1.282000 -2.899000 0.171000
c<A>r<61>R<LEU> -1.084000 -4.449000 -2.467000
c<A>r<62>R<GLN> -1.959000 -7.178000 0.069000
c<A>r<63>R<ILE> -2.954000 -4.365000 2.495000
c<A>r<64>R<GLU> -5.033000 -2.830000 -0.342000
c<A>r<83>R<LEU> -11.832000 6.540000 2.667000
c<A>r<84>R<PHE> -8.801000 4.600000 4.099000
c<A>r<85>R<ALA> -7.676000 6.738000 6.985000
c<A>r<86>R<GLY> -5.127000 4.564000 8.751000
c<A>r<87>R<VAL> -3.596000 1.111000 9.237000
c<A>r<88>R<ASP> -1.822000 -0.439000 12.266000
c<A>r<89>R<GLY> 0.011000 -3.566000 13.166000
c<A>r<90>R<VAL> 0.770000 -4.855000 9.675000
c<A>r<91>R<ARG> 2.955000 -7.887000 9.696000
c<A>r<92>R<TRP> 4.050000 -9.838000 6.640000
c<A>r<93>R<LYS> 4.802000 -13.467000 7.358000
c<A>r<94>R<LYS> 5.467000 -15.042000 3.975000
c<A>r<95>R<PRO> 5.919000 -13.900000 0.310000
c<A>r<132>R<ILE> -0.286000 -11.116000 6.280000
c<A>r<133>R<ASN> -1.892000 -9.846000 9.489000
c<A>r<134>R<ILE> -3.467000 -6.414000 9.973000
c<A>r<135>R<SER> -4.458000 -5.524000 13.479000
c<A>r<136>R<GLU> -6.565000 -2.534000 12.518000
c<A>r<137>R<MET> -7.815000 -0.741000 9.354000
c<A>r<138>R<THR> -9.485000 2.551000 9.896000
c<B>r<12>R<LEU> 16.802000 -0.553000 -5.860000
c<B>r<13>R<PRO> 15.623000 -3.754000 -7.600000
c<B>r<14>R<HIS> 12.206000 -2.124000 -8.422000
c<B>r<15>R<ARG> 11.153000 -1.285000 -11.913000
c<B>r<16>R<TYR> 8.204000 0.092000 -13.851000
c<B>r<17>R<PRO> 5.383000 0.288000 -12.938000
c<B>r<18>R<PHE> 6.452000 -0.200000 -9.267000
c<B>r<19>R<LEU> 9.538000 2.124000 -8.913000
c<B>r<44>R<PRO> -1.098000 3.474000 -14.795000
c<B>r<45>R<PHE> -2.752000 3.117000 -11.301000
c<B>r<46>R<PHE> -4.889000 6.264000 -11.832000
c<B>r<47>R<ASN> -7.133000 4.413000 -14.314000
c<B>r<48>R<GLY> -8.227000 2.039000 -11.695000
c<B>r<49>R<HIS> -8.093000 4.256000 -8.521000
c<B>r<50>R<PHE> -10.475000 5.626000 -9.265000
c<B>r<51>R<PRO> -11.969000 6.118000 -12.866000
c<B>r<52>R<GLN> -14.078000 9.148000 -11.844000
c<B>r<53>R<LYS> -11.731000 10.670000 -9.217000
c<B>r<57>R<PRO> -3.425000 5.100000 -3.507000
c<B>r<58>R<GLY> -2.316000 5.411000 0.175000
c<B>r<59>R<VAL> -0.586000 2.058000 -0.027000
c<B>r<60>R<LEU> 1.648000 3.381000 -2.904000
c<B>r<61>R<GLN> 2.613000 6.315000 -0.651000
c<B>r<62>R<ILE> 3.709000 3.746000 1.980000
c<B>r<63>R<GLU> 5.675000 1.936000 -0.784000
c<B>r<78>R<LEU> 11.909000 -7.289000 2.488000
c<B>r<79>R<PHE> 9.203000 -5.217000 4.261000
c<B>r<80>R<ALA> 8.498000 -7.084000 7.443000
c<B>r<81>R<GLY> 6.020000 -4.715000 9.055000
c<B>r<82>R<VAL> 4.480000 -1.227000 9.125000
c<B>r<83>R<ASP> 2.789000 0.570000 12.036000
c<B>r<84>R<GLY> 1.052000 3.829000 12.795000
c<B>r<85>R<VAL> 0.158000 4.804000 9.251000
c<B>r<86>R<ARG> -2.050000 7.824000 9.104000
c<B>r<87>R<TRP> -3.231000 9.480000 5.901000
c<B>r<88>R<LYS> -3.977000 13.147000 6.367000
c<B>r<89>R<LYS> -4.816000 14.421000 2.905000
c<B>r<90>R<PRO> -5.351000 12.952000 -0.647000
c<B>r<124>R<ILE> 1.092000 10.693000 5.312000
c<B>r<125>R<ASN> 2.839000 9.691000 8.526000
c<B>r<126>R<ILE> 4.454000 6.300000 9.244000
c<B>r<127>R<SER> 5.538000 5.731000 12.773000
c<B>r<128>R<GLU> 7.624000 2.679000 11.940000
c<B>r<129>R<MET> 8.771000 0.653000 8.883000
c<B>r<130>R<THR> 10.480000 -2.566000 9.587000
