c<A>r<170>R<GLN> -11.304000 6.689000 -1.610000
c<A>r<171>R<GLN> -10.167000 3.212000 -2.796000
c<A>r<172>R<GLN> -13.194000 2.889000 -5.153000
c<A>r<173>R<VAL> -12.445000 6.357000 -6.664000
c<A>r<174>R<LYS> -8.772000 5.257000 -7.118000
c<A>r<175>R<ASP> -9.965000 2.141000 -9.028000
c<A>r<176>R<ASP> -12.536000 4.185000 -11.068000
c<A>r<177>R<ILE> -9.787000 6.697000 -12.103000
c<A>r<178>R<ALA> -7.518000 3.766000 -13.084000
c<A>r<179>R<GLN> -10.347000 2.166000 -15.175000
c<A>r<180>R<LEU> -11.397000 5.516000 -16.789000
c<A>r<181>R<LEU> -7.790000 6.332000 -17.818001
c<A>r<182>R<ASN> -7.237000 2.719000 -19.031000
c<A>r<183>R<LYS> -10.406000 2.805000 -21.229000
c<A>r<185>R<TRP> -7.136000 7.714000 -21.891001
c<A>r<261>R<LEU> -2.486000 10.565000 1.613000
c<A>r<264>R<GLY> -0.191000 12.370000 -2.341000
c<A>r<265>R<TYR> -2.424000 10.356000 -4.727000
c<A>r<266>R<ASP> -3.840000 13.518000 -6.444000
c<A>r<267>R<ARG> -0.280000 14.777000 -7.212000
c<A>r<268>R<HIS> 0.611000 11.290000 -8.528000
c<A>r<269>R<VAL> -2.400000 11.225000 -10.953000
c<A>r<272>R<PHE> 0.898000 10.587000 -14.655000
c<A>r<273>R<ILE> -1.431000 12.733000 -16.872999
c<A>r<274>R<ARG> 1.479000 15.149000 -17.658001
c<A>r<275>R<THR> 4.138000 12.450000 -18.302999
c<A>r<276>R<ALA> 2.202000 9.453000 -19.743999
c<A>r<277>R<ILE> -0.902000 11.025000 -21.410000
c<A>r<279>R<MET> 3.406000 12.940000 -24.099001
c<A>r<280>R<ASP> 1.377000 10.052000 -25.728001
c<A>r<283>R<ARG> -1.691000 5.995000 -26.723000
c<A>r<284>R<VAL> 0.509000 5.059000 -29.746000
c<A>r<285>R<PHE> 3.834000 5.052000 -27.834999
c<A>r<286>R<ALA> 2.529000 2.628000 -25.139000
c<A>r<287>R<GLN> 1.151000 0.242000 -27.851000
c<A>r<288>R<ARG> 4.379000 0.341000 -29.938000
c<A>r<289>R<LEU> 6.442000 -0.190000 -26.739000
c<A>r<290>R<ARG> 4.472000 -3.416000 -26.027000
c<A>r<291>R<GLN> 5.246000 -4.589000 -29.600000
c<A>r<292>R<SER> 8.947000 -3.522000 -29.245001
c<A>r<293>R<VAL> 9.218000 -5.798000 -26.129999
c<A>r<294>R<GLN> 7.803000 -8.800000 -28.090000
c<A>r<295>R<THR> 10.053000 -8.291000 -31.181999
c<A>r<296>R<TYR> 13.148000 -7.110000 -29.218000
c<A>r<297>R<PHE> 15.056000 -10.412000 -29.715000
c<A>r<298>R<ASP> 14.794000 -10.181000 -33.554001
c<A>r<299>R<GLU> 17.267000 -7.209000 -33.733002
c<A>r<300>R<PRO> 18.556999 -6.511000 -30.174000
c<A>r<301>R<TRP> 20.069000 -3.118000 -29.264000
c<A>r<302>R<ALA> 21.468000 -1.717000 -26.000000
c<A>r<303>R<LEU> 21.530001 1.757000 -24.466000
c<A>r<304>R<THR> 24.886999 3.134000 -23.414000
c<A>r<305>R<TYR> 25.695000 5.169000 -20.316999
c<A>r<306>R<ALA> 28.587999 6.998000 -18.608000
c<A>r<307>R<ASN> 30.316999 4.694000 -16.052999
c<A>r<308>R<ALA> 33.094002 6.619000 -14.299000
c<A>r<309>R<ASP> 34.476002 4.980000 -11.165000
c<A>r<310>R<ARG> 33.446999 6.779000 -7.971000
c<A>r<311>R<LEU> 36.074001 8.896000 -6.230000
c<C>r<16>R<ALA> 28.129000 14.885000 -5.557000
c<C>r<19>R<SER> 30.018000 12.090000 -9.490000
c<C>r<20>R<ALA> 26.416000 10.826000 -9.905000
c<C>r<21>R<LEU> 26.157000 12.044000 -13.558000
c<C>r<22>R<ARG> 29.600000 10.586000 -14.528000
c<C>r<23>R<SER> 28.506001 7.227000 -13.008000
c<C>r<24>R<GLY> 25.565001 7.311000 -15.517000
c<C>r<25>R<ARG> 22.834999 8.293000 -13.012000
c<C>r<26>R<HIS> 19.757999 10.083000 -14.379000
c<C>r<54>R<VAL> 30.158001 14.061000 -23.302999
c<C>r<60>R<PRO> 11.560000 15.908000 -22.836000
c<C>r<61>R<GLU> 10.252000 14.109000 -19.671000
c<C>r<62>R<GLY> 12.448000 16.612000 -17.724001
c<C>r<65>R<TYR> 21.767000 12.513000 -18.056000
c<C>r<66>R<LEU> 25.243999 12.294000 -19.628000
c<C>r<67>R<ARG> 25.546000 10.944000 -23.207001
c<C>r<68>R<PRO> 29.136999 9.719000 -23.839001
c<C>r<69>R<ARG> 30.371000 10.138000 -27.466999
c<C>r<72>R<THR> 34.624001 10.258000 -24.665001
c<C>r<73>R<LEU> 37.230999 10.770000 -21.915001
c<C>r<74>R<ILE> 34.629002 9.353000 -19.438000
c<C>r<75>R<PRO> 34.376999 5.504000 -19.285000
c<C>r<76>R<ARG> 31.289000 4.196000 -21.181999
c<C>r<77>R<SER> 29.309999 1.003000 -20.518999
c<C>r<78>R<VAL> 26.632000 -0.885000 -22.511000
c<C>r<79>R<LEU> 23.480000 -2.303000 -20.856001
c<C>r<80>R<SER> 22.987000 -6.083000 -21.160000
c<C>r<81>R<GLU> 20.160999 -7.568000 -23.271000
c<C>r<82>R<LEU> 18.337000 -8.489000 -20.011000
c<C>r<83>R<ASP> 18.840000 -4.940000 -18.580000
c<C>r<84>R<MET> 17.211000 -3.590000 -21.797001
c<C>r<85>R<MET> 14.256000 -6.013000 -21.476999
c<C>r<86>R<VAL> 13.737000 -5.101000 -17.782000
c<C>r<87>R<GLY> 14.031000 -1.385000 -18.745001
c<C>r<88>R<LYS> 11.427000 -1.711000 -21.582001
c<C>r<89>R<ILE> 9.004000 -3.516000 -19.183001
c<C>r<91>R<CYS> 8.795000 1.886000 -19.197001
c<C>r<92>R<TYR> 5.615000 -0.031000 -20.171000
c<C>r<93>R<LEU> 4.593000 -0.395000 -16.466999
c<C>r<94>R<TYR> 5.109000 3.399000 -15.985000
c<C>r<95>R<LEU> 2.538000 3.991000 -18.819000
c<C>r<96>R<SER> -0.090000 1.616000 -17.271999
c<C>r<97>R<PRO> -3.044000 3.436000 -15.516000
c<C>r<98>R<GLU> -4.029000 0.256000 -13.557000
c<C>r<99>R<ARG> -1.073000 0.968000 -11.187000
c<C>r<100>R<LEU> -2.342000 4.460000 -10.202000
c<C>r<101>R<ALA> -4.495000 2.710000 -7.531000
c<C>r<102>R<ASN> -1.185000 1.632000 -5.842000
c<C>r<103>R<GLU> 0.364000 5.193000 -6.049000
c<C>r<104>R<GLY> 2.963000 3.969000 -8.611000
c<C>r<115>R<LEU> 8.112000 -9.711000 -18.193001
c<C>r<117>R<THR> 3.519000 -11.983000 -20.106001
c<C>r<118>R<LEU> 5.126000 -9.704000 -22.752001
c<C>r<119>R<ALA> 8.420000 -11.491000 -23.629000
c<C>r<120>R<ASP> 9.223000 -14.990000 -24.974001
c<C>r<123>R<LYS> 14.364000 -16.534000 -25.268999
c<C>r<124>R<LEU> 14.646000 -15.019000 -21.723000
c<C>r<156>R<LEU> 21.275000 4.592000 -12.824000
c<C>r<173>R<GLU> 10.846000 9.141000 -15.886000
c<C>r<176>R<PHE> 11.478000 6.501000 -21.219000
c<C>r<177>R<ARG> 15.021000 5.996000 -22.694000
c<C>r<178>R<PHE> 14.139000 2.276000 -23.188999
c<C>r<179>R<GLY> 11.223000 3.304000 -25.500000
c<C>r<180>R<ALA> 13.238000 5.864000 -27.556000
c<C>r<181>R<ASP> 12.947000 3.570000 -30.666000
c<C>r<182>R<VAL> 9.092000 3.681000 -30.656000
c<C>r<183>R<ARG> 8.503000 7.268000 -29.448000
c<C>r<184>R<ALA> 8.568000 8.829000 -32.937000
c<C>r<185>R<GLY> 5.823000 8.176000 -35.544998
c<C>r<188>R<PRO> 11.188000 1.780000 -35.134998
c<C>r<189>R<ARG> 14.188000 0.354000 -37.088001
c<C>r<192>R<GLN> 17.148001 2.427000 -33.632999
c<C>r<193>R<ARG> 19.707001 3.163000 -36.429001
c<C>r<195>R<LEU> 20.187000 6.080000 -31.785000
c<C>r<196>R<ILE> 23.174999 3.855000 -32.801998
c<C>r<199>R<GLY> 26.172001 6.937000 -30.020000
c<C>r<200>R<GLU> 23.223000 6.522000 -27.572001
c<C>r<201>R<ALA> 22.865999 2.831000 -28.475000
c<C>r<202>R<MET> 24.874001 -0.133000 -29.816000
c<C>r<203>R<PRO> 23.698999 -3.278000 -31.673000
c<C>r<204>R<ILE> 24.054001 -6.494000 -29.614000
c<C>r<205>R<GLU> 25.988001 -9.098000 -31.646999
c<C>r<206>R<ASN> 24.124001 -12.445000 -31.188999
