c<A>r<18>R<PHE> -15.402000 -6.456000 -10.349000
c<A>r<19>R<ILE> -17.091999 -9.556000 -8.919000
c<A>r<22>R<ILE> -12.576000 -11.408000 -7.732000
c<A>r<25>R<PHE> -8.585000 -14.263000 -8.356000
c<A>r<26>R<GLU> -10.333000 -16.898001 -6.327000
c<A>r<34>R<PHE> -13.519000 -18.143999 0.235000
c<A>r<35>R<SER> -16.587000 -16.167999 0.928000
c<A>r<36>R<ILE> -16.884001 -13.095000 -1.255000
c<A>r<37>R<PRO> -17.782000 -9.874000 0.663000
c<A>r<38>R<ASP> -21.254000 -8.407000 0.328000
c<A>r<39>R<SER> -22.070000 -6.464000 -2.849000
c<A>r<41>R<HIS> -19.170000 -3.484000 0.563000
c<A>r<42>R<LEU> -17.611000 -4.161000 -2.914000
c<A>r<43>R<GLN> -19.639999 -1.227000 -4.383000
c<A>r<44>R<LYS> -18.341000 1.053000 -1.638000
c<A>r<45>R<LEU> -14.848000 -0.004000 -2.378000
c<A>r<46>R<LEU> -15.304000 0.515000 -6.148000
c<A>r<48>R<GLN> -13.438000 5.053000 -3.532000
c<A>r<50>R<ASN> -8.014000 5.778000 -4.068000
c<A>r<51>R<PHE> -8.848000 2.384000 -5.609000
c<A>r<67>R<THR> -6.242000 -3.983000 -8.416000
c<A>r<69>R<TYR> -4.391000 1.473000 -4.279000
c<A>r<70>R<VAL> -3.420000 5.166000 -4.341000
c<A>r<71>R<LEU> -1.049000 6.247000 -1.564000
c<A>r<72>R<GLU> -0.756000 10.018000 -1.114000
c<A>r<73>R<GLN> 2.733000 10.883000 -0.003000
c<A>r<74>R<TYR> 4.239000 13.255000 2.632000
c<A>r<75>R<TYR> 7.687000 13.278000 0.878000
c<A>r<76>R<SER> 6.234000 14.421000 -2.443000
c<A>r<77>R<GLU> 3.167000 15.950000 -3.911000
c<A>r<78>R<LYS> 3.170000 13.159000 -6.456000
c<A>r<80>R<LEU> 2.349000 6.322000 -5.339000
c<A>r<81>R<ALA> 0.271000 3.458000 -6.768000
c<A>r<82>R<TYR> 0.387000 0.092000 -5.115000
c<A>r<83>R<ILE> -0.606000 -2.905000 -7.346000
c<A>r<84>R<TYR> -2.101000 -5.265000 -4.810000
c<A>r<102>R<ILE> 0.867000 -3.386000 -16.393000
c<A>r<106>R<ASN> 1.432000 2.602000 -15.665000
c<A>r<107>R<GLN> 0.143000 4.830000 -18.500999
c<A>r<109>R<TYR> -0.955000 6.768000 -13.378000
c<A>r<110>R<THR> 1.605000 8.608000 -15.511000
c<A>r<111>R<GLU> -1.131000 10.790000 -17.007999
c<A>r<113>R<GLY> 1.140000 12.712000 -12.463000
c<A>r<114>R<PHE> 2.085000 9.872000 -10.085000
c<A>r<115>R<GLU> 5.644000 9.338000 -9.017000
c<A>r<116>R<GLU> 5.794000 5.617000 -8.950000
c<A>r<117>R<VAL> 3.825000 2.308000 -9.306000
c<A>r<118>R<PHE> 5.040000 -0.639000 -7.278000
c<A>r<119>R<VAL> 4.075000 -4.293000 -6.811000
c<A>r<120>R<GLN> 5.320000 -7.165000 -4.722000
c<A>r<121>R<ALA> 5.711000 -10.884000 -5.303000
c<A>r<122>R<ASP> 6.595000 -13.686000 -2.917000
c<A>r<123>R<LYS> 10.280000 -14.822000 -3.301000
c<A>r<124>R<VAL> 9.113000 -18.392000 -3.698000
c<A>r<125>R<ASP> 6.663000 -17.537001 -6.514000
c<A>r<129>R<LEU> 8.801000 -13.042000 -10.343000
c<A>r<132>R<TYR> 7.270000 -8.916000 -13.228000
c<A>r<133>R<ARG> 10.917000 -8.956000 -14.406000
c<A>r<135>R<THR> 7.480000 -5.971000 -17.566999
c<A>r<136>R<LYS> 10.691000 -3.857000 -17.452000
c<A>r<137>R<PRO> 10.528000 -2.577000 -13.946000
c<A>r<138>R<THR> 12.786000 0.347000 -12.993000
c<A>r<139>R<ALA> 14.274000 -1.701000 -10.190000
c<A>r<140>R<GLU> 13.724000 -4.632000 -7.801000
c<A>r<141>R<GLU> 14.498000 -4.864000 -4.122000
c<A>r<142>R<GLN> 14.481000 -7.665000 -1.595000
c<A>r<143>R<VAL> 12.229000 -6.913000 1.277000
c<A>r<144>R<VAL> 10.946000 -8.692000 4.398000
c<A>r<145>R<HIS> 7.165000 -8.443000 4.913000
c<A>r<146>R<PHE> 6.014000 -8.537000 8.554000
c<A>r<147>R<TYR> 2.406000 -8.780000 9.446000
c<A>r<148>R<TYR> 0.326000 -8.651000 12.668000
c<A>r<149>R<THR> -2.954000 -10.451000 12.619000
c<A>r<150>R<LEU> -5.318000 -8.548000 14.726000
c<A>r<151>R<LYS> -7.551000 -10.669000 17.139000
c<B>r<19>R<PHE> 3.295000 16.033001 11.403000
c<B>r<20>R<ILE> 5.945000 18.356001 9.963000
c<B>r<23>R<ILE> 8.658000 14.334000 8.616000
c<B>r<26>R<PHE> 12.289000 11.005000 9.089000
c<B>r<27>R<GLU> 14.464000 13.303000 7.041000
c<B>r<35>R<PHE> 14.885000 16.819000 0.541000
c<B>r<36>R<SER> 12.302000 19.412001 -0.033000
c<B>r<37>R<ILE> 9.281000 19.034000 2.223000
c<B>r<38>R<PRO> 5.904000 19.299999 0.390000
c<B>r<39>R<ASP> 3.773000 22.382000 0.849000
c<B>r<40>R<SER> 1.763000 22.712000 4.072000
c<B>r<42>R<HIS> -0.643000 19.327000 0.655000
c<B>r<43>R<LEU> 0.423000 17.875000 4.065000
c<B>r<44>R<GLN> -2.822000 19.226999 5.645000
c<B>r<45>R<LYS> -4.865000 17.535999 2.925000
c<B>r<46>R<LEU> -3.096000 14.329000 3.555000
c<B>r<47>R<LEU> -3.603000 14.585000 7.335000
c<B>r<49>R<GLN> -7.732000 11.887000 4.768000
c<B>r<51>R<ASN> -7.297000 6.415000 5.170000
c<B>r<52>R<PHE> -4.100000 7.895000 6.680000
c<B>r<68>R<THR> 2.710000 6.595000 9.304000
c<B>r<70>R<TYR> -2.329000 3.755000 5.213000
c<B>r<71>R<VAL> -5.745000 2.039000 5.322000
c<B>r<72>R<LEU> -6.389000 -0.455000 2.526000
c<B>r<73>R<GLU> -10.030000 -1.502000 2.145000
c<B>r<74>R<GLN> -10.205000 -5.067000 0.978000
c<B>r<75>R<TYR> -12.281000 -6.987000 -1.640000
c<B>r<76>R<TYR> -11.545000 -10.393000 0.028000
c<B>r<77>R<SER> -12.881000 -9.268000 3.411000
c<B>r<78>R<GLU> -14.972000 -6.607000 4.976000
c<B>r<79>R<LYS> -12.166000 -6.080000 7.461000
c<B>r<81>R<LEU> -5.677000 -3.856000 6.228000
c<B>r<82>R<ALA> -3.266000 -1.264000 7.643000
c<B>r<83>R<TYR> 0.012000 -0.658000 5.918000
c<B>r<84>R<ILE> 2.788000 0.894000 8.109000
c<B>r<85>R<TYR> 4.720000 2.877000 5.557000
c<B>r<103>R<ILE> 3.788000 -0.640000 17.104000
c<B>r<107>R<ASN> -1.977000 -2.408000 16.486000
c<B>r<108>R<GLN> -4.341000 -1.659000 19.407000
c<B>r<110>R<TYR> -6.591000 -0.883000 14.343000
c<B>r<111>R<THR> -7.803000 -3.802000 16.452000
c<B>r<112>R<GLU> -10.471000 -1.607000 18.059000
c<B>r<114>R<GLY> -12.005000 -4.128000 13.498000
c<B>r<115>R<PHE> -9.086000 -4.413000 11.035000
c<B>r<116>R<GLU> -7.865000 -7.775000 9.875000
c<B>r<117>R<GLU> -4.196000 -7.155000 9.742000
c<B>r<118>R<VAL> -1.352000 -4.556000 10.077000
c<B>r<119>R<PHE> 1.730000 -5.099000 7.969000
c<B>r<120>R<VAL> 5.100000 -3.404000 7.446000
c<B>r<121>R<GLN> 8.101000 -3.999000 5.258000
c<B>r<122>R<ALA> 11.840000 -3.638000 5.773000
c<B>r<123>R<ASP> 14.710000 -3.864000 3.313000
c<B>r<124>R<LYS> 16.593000 -7.236000 3.574000
c<B>r<125>R<VAL> 19.861000 -5.356000 3.928000
c<B>r<126>R<ASP> 18.569000 -3.204000 6.810000
c<B>r<130>R<LEU> 14.715000 -6.303000 10.670000
c<B>r<133>R<TYR> 10.425000 -5.711000 13.682000
c<B>r<134>R<ARG> 11.252000 -9.298000 14.778000
c<B>r<136>R<THR> 7.699000 -6.610000 18.077999
c<B>r<137>R<LYS> 6.296000 -10.175000 17.951000
c<B>r<138>R<PRO> 4.925000 -10.212000 14.468000
c<B>r<139>R<THR> 2.492000 -13.000000 13.519000
c<B>r<140>R<ALA> 4.724000 -13.974000 10.643000
c<B>r<141>R<GLU> 7.430000 -12.797000 8.215000
c<B>r<142>R<GLU> 7.728000 -13.443000 4.510000
c<B>r<143>R<GLN> 10.382000 -12.778000 1.920000
c<B>r<144>R<VAL> 9.109000 -10.682000 -0.880000
c<B>r<145>R<VAL> 10.531000 -9.006000 -4.006000
c<B>r<146>R<HIS> 9.508000 -5.350000 -4.424000
c<B>r<147>R<PHE> 9.269000 -4.114000 -8.042000
c<B>r<148>R<TYR> 8.744000 -0.521000 -8.861000
c<B>r<149>R<TYR> 8.106000 1.569000 -12.026000
c<B>r<150>R<THR> 9.197000 5.144000 -11.933000
c<B>r<151>R<LEU> 6.784000 7.118000 -13.920000
c<B>r<152>R<LYS> 8.353000 9.819000 -16.296000
