1764076637910 0.048033054918050766 3365
1764076649525 0.04524993151426315 3399
1764076662080 0.052348777651786804 3433
1764076674611 0.04278791695833206 3467
1764076687275 0.045440901070833206 3501
1764076699465 0.04212506115436554 3535
1764076712261 0.047966551035642624 3569
1764076724430 0.044116076081991196 3603
1764076736831 0.03965252637863159 3637
1764076751134 0.0419694222509861 3671
1764076765586 0.04438000172376633 3705
1764076779421 0.04790583252906799 3739
1764076792927 0.04289162904024124 3773
1764076806597 0.04136445373296738 3807
1764076820041 0.05146199092268944 3841
1764076832983 0.05059320479631424 3875
1764076847003 0.051133424043655396 3909
1764076860756 0.047400593757629395 3943
1764076874365 0.04157189652323723 3977
1764076888172 0.03943493217229843 4011
1764076901778 0.03641033172607422 4045
1764076916277 0.04447956755757332 4079
1764076930056 0.04314609616994858 4113
1764076943952 0.043147556483745575 4147
1764076957400 0.042641282081604004 4181
1764076970818 0.046340446919202805 4215
1764076984399 0.048786383122205734 4249
1764076998306 0.04179095849394798 4283
1764077012455 0.042798954993486404 4317
1764077026022 0.04766307398676872 4351
1764077040199 0.04577656835317612 4385
1764077053713 0.04590188339352608 4419
1764077067616 0.04893169552087784 4453
1764077081672 0.047226473689079285 4487
1764077095137 0.04514080286026001 4521
1764077108992 0.04493260383605957 4555
1764077122715 0.05200734734535217 4589
1764077136397 0.0449223555624485 4623
1764077149920 0.04902183264493942 4657
1764077163016 0.04888582229614258 4691
1764077177205 0.04452502727508545 4725
1764077190842 0.04889793321490288 4759
1764077204561 0.04974982887506485 4793
1764077219553 0.04663249850273132 4827
1764077233032 0.03855804726481438 4861
1764077247135 0.040542080998420715 4895
1764077260611 0.04744546860456467 4929
1764077274397 0.04849535971879959 4963
1764077288346 0.04324086755514145 4997
