c<A>r<20>R<CYS> -7.958000 0.053000 11.680000
c<A>r<21>R<PRO> -10.878000 2.143000 13.010000
c<A>r<22>R<GLU> -9.478000 5.452000 11.573000
c<A>r<23>R<LEU> -8.473000 4.179000 8.119000
c<A>r<24>R<ASN> -9.509000 6.275000 5.113000
c<A>r<27>R<LEU> -8.034000 4.798000 -0.298000
c<A>r<28>R<ALA> -8.133000 1.224000 1.056000
c<A>r<48>R<GLU> -7.112000 10.321000 -6.713000
c<A>r<49>R<VAL> -4.926000 7.253000 -7.352000
c<A>r<50>R<ALA> -4.982000 7.116000 -11.209000
c<A>r<51>R<ASP> -2.876000 8.629000 -13.943000
c<A>r<52>R<ASP> -4.262000 10.713000 -16.916000
c<A>r<53>R<GLN> -5.028000 7.401000 -18.784000
c<A>r<54>R<GLY> -6.891000 5.843000 -15.843000
c<A>r<55>R<LEU> -4.095000 3.474000 -14.653000
c<A>r<56>R<ILE> -4.566000 2.878000 -10.950000
c<A>r<57>R<PHE> -1.413000 2.923000 -8.830000
c<A>r<58>R<ASP> -0.669000 -0.640000 -7.798000
c<A>r<59>R<ALA> -0.040000 0.292000 -4.140000
c<A>r<60>R<PHE> -3.749000 0.997000 -3.685000
c<A>r<61>R<ILE> -4.485000 -2.633000 -4.594000
c<A>r<62>R<PHE> -2.066000 -3.553000 -1.816000
c<A>r<63>R<ALA> -3.732000 -1.011000 0.559000
c<A>r<64>R<ALA> -7.078000 -2.697000 0.001000
c<A>r<65>R<ALA> -5.463000 -6.162000 0.400000
c<A>r<66>R<ASN> -3.737000 -5.046000 3.554000
c<A>r<67>R<TYR> -7.026000 -3.724000 5.092000
c<A>r<79>R<VAL> 0.214000 -4.581000 12.102000
c<A>r<80>R<ILE> 1.521000 -6.424000 9.076000
c<A>r<81>R<ILE> 5.175000 -7.604000 9.132000
c<A>r<82>R<GLY> 5.530000 -9.271000 5.743000
c<A>r<83>R<SER> 3.868000 -9.684000 2.371000
c<A>r<84>R<LYS> 4.253000 -11.609000 -0.888000
c<A>r<85>R<CYS> 2.018000 -10.335000 -3.667000
c<A>r<86>R<PHE> 1.334000 -10.900000 -7.333000
c<A>r<87>R<PHE> -0.239000 -8.176000 -9.487000
c<A>r<88>R<TYR> -1.581000 -10.060000 -12.464000
c<A>r<89>R<ALA> -3.187000 -7.040000 -14.123000
c<A>r<90>R<PRO> -3.535000 -3.373000 -13.445000
c<A>r<92>R<LYS> -8.360000 0.942000 -14.645000
c<A>r<125>R<PHE> -4.289000 -9.747000 -7.453000
c<A>r<126>R<GLU> -3.137000 -12.583000 -5.184000
c<A>r<127>R<GLY> -1.052000 -12.322000 -2.070000
c<A>r<128>R<THR> -0.094000 -13.586000 1.335000
c<A>r<129>R<ILE> 0.021000 -10.991000 4.115000
c<A>r<130>R<GLN> 1.540000 -11.721000 7.528000
c<A>r<137>R<HIS> -1.082000 -0.790000 21.104000
c<A>r<138>R<ILE> 2.363000 -1.271000 19.542000
c<A>r<139>R<PHE> 3.278000 2.235000 20.823999
c<A>r<140>R<LYS> 2.064000 1.643000 24.362000
c<B>r<19>R<CYS> 4.199000 8.073000 -12.406000
c<B>r<20>R<PRO> 3.928000 11.757000 -13.379000
c<B>r<21>R<GLU> 0.440000 12.167000 -11.784000
c<B>r<22>R<LEU> 1.129000 10.363000 -8.513000
c<B>r<23>R<ASN> 0.023000 12.081000 -5.304000
c<B>r<26>R<LEU> 0.708000 9.625000 -0.102000
c<B>r<27>R<ALA> 3.724000 7.960000 -1.755000
c<B>r<47>R<GLU> -4.096000 11.280000 6.744000
c<B>r<48>R<VAL> -2.567000 7.775000 6.986000
c<B>r<49>R<ALA> -2.302000 7.385000 10.819000
c<B>r<50>R<ASP> -4.582000 6.196000 13.595000
c<B>r<51>R<ASP> -5.418000 8.238000 16.771999
c<B>r<52>R<GLN> -2.118000 6.966000 18.379999
c<B>r<53>R<GLY> 0.040000 7.965000 15.393000
c<B>r<54>R<LEU> 0.479000 4.441000 13.896000
c<B>r<55>R<ILE> 1.049000 4.842000 10.175000
c<B>r<56>R<PHE> -0.808000 2.366000 7.934000
c<B>r<57>R<ASP> 1.788000 -0.029000 6.574000
c<B>r<58>R<ALA> 0.446000 0.224000 2.991000
c<B>r<59>R<PHE> 1.841000 3.775000 2.747000
c<B>r<60>R<ILE> 5.333000 2.387000 3.380000
c<B>r<61>R<PHE> 4.683000 0.072000 0.443000
c<B>r<62>R<ALA> 3.322000 3.022000 -1.643000
c<B>r<63>R<ALA> 6.565000 4.919000 -1.072000
c<B>r<64>R<ALA> 8.611000 1.746000 -1.817000
c<B>r<65>R<ASN> 6.591000 1.119000 -4.938000
c<B>r<66>R<TYR> 7.162000 4.722000 -6.218000
c<B>r<78>R<VAL> 3.699000 -1.301000 -13.590000
c<B>r<79>R<ILE> 4.699000 -3.634000 -10.803000
c<B>r<80>R<ILE> 3.797000 -7.337000 -11.126000
c<B>r<81>R<GLY> 5.121000 -8.753000 -7.873000
c<B>r<82>R<SER> 6.497000 -7.849000 -4.484000
c<B>r<83>R<LYS> 8.055000 -9.482000 -1.417000
c<B>r<84>R<CYS> 8.312000 -7.132000 1.525000
c<B>r<85>R<PHE> 9.293000 -7.143000 5.181000
c<B>r<86>R<PHE> 7.961000 -4.529000 7.606000
c<B>r<87>R<TYR> 10.406000 -4.686000 10.470000
c<B>r<88>R<ALA> 8.814000 -1.848000 12.440000
c<B>r<89>R<PRO> 5.866000 0.425000 12.110000
c<B>r<91>R<LYS> 4.887000 6.697000 13.855000
c<B>r<119>R<PHE> 11.351000 -1.787000 5.627000
c<B>r<120>R<GLU> 13.034000 -4.083000 3.099000
c<B>r<121>R<GLY> 11.569000 -5.461000 -0.074000
c<B>r<122>R<THR> 11.946000 -6.683000 -3.598000
c<B>r<123>R<ILE> 9.553000 -5.163000 -6.136000
c<B>r<124>R<GLN> 9.254000 -6.529000 -9.672000
c<B>r<131>R<HIS> 0.763000 2.654000 -22.184000
c<B>r<132>R<ILE> -0.467000 -0.724000 -20.889999
c<B>r<133>R<PHE> -4.004000 0.345000 -21.886999
c<B>r<134>R<LYS> -2.923000 1.094000 -25.417999
