c<A>r<114>R<LYS> 15.241000 -25.118999 7.928000
c<A>r<116>R<PHE> 8.704000 -26.562000 6.241000
c<A>r<117>R<ASP> 5.943000 -29.011000 6.898000
c<A>r<118>R<ASN> 4.347000 -28.327999 3.490000
c<A>r<119>R<ALA> 7.375000 -28.666000 1.270000
c<A>r<199>R<ILE> 8.171000 -25.180000 11.242000
c<A>r<200>R<GLU> 4.738000 -24.540001 9.821000
c<A>r<201>R<GLY> 5.282000 -23.341999 6.261000
c<A>r<202>R<ALA> 3.156000 -20.622000 4.612000
c<A>r<203>R<ASN> 1.217000 -21.599001 1.617000
c<A>r<204>R<GLY> 1.747000 -18.671000 -0.751000
c<A>r<205>R<GLU> -1.139000 -19.472000 -3.082000
c<A>r<206>R<ASP> -3.575000 -19.375000 -0.213000
c<A>r<207>R<SER> -2.158000 -16.367001 1.474000
c<A>r<208>R<SER> -3.868000 -13.015000 0.962000
c<A>r<209>R<PHE> -3.346000 -9.357000 1.146000
c<A>r<210>R<GLY> -4.496000 -8.066000 4.448000
c<A>r<211>R<SER> -4.317000 -4.308000 4.820000
c<A>r<212>R<PHE> -2.959000 -1.387000 2.732000
c<A>r<213>R<THR> -1.766000 1.999000 4.049000
c<A>r<214>R<PHE> -0.537000 4.979000 2.165000
c<A>r<215>R<THR> 0.599000 8.288000 3.654000
c<A>r<216>R<VAL> 0.344000 11.709000 1.989000
c<A>r<217>R<ALA> 2.762000 14.474000 2.798000
c<A>r<218>R<ALA> 0.852000 17.743000 2.664000
c<A>r<219>R<LYS> 2.619000 20.653000 1.012000
c<A>r<220>R<ASN> 1.796000 24.322001 1.742000
c<A>r<221>R<LYS> 1.557000 27.188999 -0.779000
c<A>r<222>R<LYS> 5.246000 27.677999 -0.352000
c<A>r<223>R<GLY> 5.890000 24.111000 -1.469000
c<A>r<224>R<GLU> 7.027000 23.080000 2.017000
c<A>r<225>R<VAL> 5.837000 20.076000 3.973000
c<A>r<226>R<LYS> 3.300000 21.063999 6.491000
c<A>r<227>R<THR> 4.099000 20.357000 10.087000
c<A>r<228>R<TYR> 0.616000 20.040001 11.491000
c<A>r<229>R<GLY> -2.748000 18.681000 10.405000
c<A>r<230>R<GLY> -6.189000 20.278999 10.015000
c<A>r<231>R<ASP> -6.868000 19.924999 6.393000
c<A>r<232>R<LYS> -9.856000 18.236000 4.889000
c<A>r<233>R<PHE> -8.479000 14.787000 3.892000
c<A>r<254>R<GLY> 1.388000 17.441999 8.372000
c<A>r<255>R<THR> 0.880000 13.842000 7.069000
c<A>r<256>R<TYR> -2.413000 12.130000 6.269000
c<A>r<257>R<THR> -2.831000 8.296000 6.218000
c<A>r<258>R<ALA> -5.391000 6.085000 4.492000
c<A>r<259>R<ALA> -5.734000 2.558000 5.923000
c<A>r<260>R<TYR> -7.911000 0.090000 3.947000
c<A>r<261>R<SER> -8.542000 -3.638000 3.538000
c<A>r<264>R<GLY> -12.159000 -8.229000 -4.434000
c<A>r<265>R<ASN> -11.430000 -9.226000 -8.042000
c<A>r<267>R<ARG> -9.803000 -2.676000 -11.125000
c<A>r<268>R<PHE> -9.861000 -0.148000 -8.294000
c<A>r<269>R<SER> -9.515000 3.630000 -8.400000
c<A>r<272>R<VAL> -7.171000 11.280000 -2.741000
c<A>r<273>R<LYS> -8.055000 14.981000 -2.006000
c<A>r<274>R<LEU> -6.615000 17.598000 0.342000
c<A>r<275>R<ASN> -8.929000 20.538000 0.927000
c<A>r<276>R<GLY> -11.065000 19.427999 -2.060000
c<A>r<277>R<LYS> -8.115000 19.222000 -4.534000
c<A>r<278>R<HIS> -6.609000 16.016001 -5.895000
c<A>r<279>R<ILE> -2.989000 15.365000 -4.785000
c<A>r<280>R<GLU> -0.381000 14.714000 -7.395000
c<A>r<281>R<GLY> -1.220000 11.420000 -9.110000
c<A>r<282>R<SER> -4.772000 11.060000 -7.756000
c<A>r<283>R<PRO> -6.748000 8.983000 -8.456000
c<A>r<284>R<PHE> -4.334000 6.127000 -8.574000
c<A>r<285>R<LYS> -5.318000 2.767000 -10.129000
c<A>r<286>R<GLN> -4.815000 -0.718000 -8.640000
c<A>r<287>R<VAL> -5.634000 -4.097000 -10.046000
c<A>r<288>R<LEU> -6.288000 -6.579000 -7.222000
c<A>r<289>R<GLY> -7.084000 -10.305000 -7.705000
c<A>r<290>R<ASN> -8.250000 -11.893000 -11.114000
c<B>r<112>R<LYS> -12.088000 27.613001 9.451000
c<B>r<114>R<PHE> -6.992000 28.492001 4.884000
c<B>r<115>R<ASP> -4.311000 30.900999 3.875000
c<B>r<116>R<ASN> -4.314000 29.605000 0.269000
c<B>r<117>R<ALA> -8.013000 29.676001 -0.463000
c<B>r<197>R<ILE> -4.314000 27.959999 9.319000
c<B>r<198>R<GLU> -1.799000 26.947001 6.692000
c<B>r<199>R<GLY> -3.772000 25.195000 3.961000
c<B>r<200>R<ALA> -2.442000 22.166000 2.040000
c<B>r<201>R<ASN> -2.041000 22.541000 -1.620000
c<B>r<202>R<GLY> -3.425000 19.275999 -2.997000
c<B>r<203>R<GLU> -1.867000 19.551001 -6.437000
c<B>r<204>R<ASP> 1.570000 19.846001 -4.948000
c<B>r<205>R<SER> 1.139000 17.239000 -2.327000
c<B>r<206>R<SER> 2.574000 13.783000 -2.954000
c<B>r<207>R<PHE> 2.341000 10.226000 -1.931000
c<B>r<208>R<GLY> 4.858000 9.461000 0.698000
c<B>r<209>R<SER> 5.019000 5.828000 1.759000
c<B>r<210>R<PHE> 3.000000 2.649000 1.000000
c<B>r<211>R<THR> 2.626000 -0.397000 3.263000
c<B>r<212>R<PHE> 0.819000 -3.623000 2.647000
c<B>r<213>R<THR> 0.584000 -6.583000 5.005000
c<B>r<214>R<VAL> 0.213000 -10.242000 4.010000
c<B>r<215>R<ALA> -1.490000 -12.734000 6.248000
c<B>r<216>R<ALA> 0.289000 -16.042000 5.858000
c<B>r<217>R<LYS> -1.898000 -19.118000 5.658000
c<B>r<218>R<ASN> -0.700000 -22.650999 6.549000
c<B>r<219>R<LYS> -1.487000 -25.908001 4.711000
c<B>r<220>R<LYS> -4.588000 -26.163000 6.783000
c<B>r<221>R<GLY> -5.806000 -22.823000 5.464000
c<B>r<222>R<GLU> -5.349000 -21.160999 8.866000
c<B>r<223>R<VAL> -3.537000 -17.919001 9.562000
c<B>r<224>R<LYS> -0.131000 -18.561001 10.863000
c<B>r<225>R<THR> 0.690000 -17.216000 14.273000
c<B>r<226>R<TYR> 4.421000 -16.808001 13.946000
c<B>r<227>R<GLY> 6.927000 -15.796000 11.286000
c<B>r<228>R<GLY> 9.917000 -17.586000 9.715000
c<B>r<229>R<ASP> 8.939000 -17.868999 6.162000
c<B>r<230>R<LYS> 10.903000 -16.572001 3.252000
c<B>r<231>R<PHE> 9.095000 -13.288000 2.385000
c<B>r<252>R<GLY> 2.255000 -14.754000 11.090000
c<B>r<253>R<THR> 2.022000 -11.453000 9.097000
c<B>r<254>R<TYR> 4.573000 -10.030000 6.666000
c<B>r<255>R<THR> 4.770000 -6.282000 5.788000
c<B>r<256>R<ALA> 6.233000 -4.502000 2.777000
c<B>r<257>R<ALA> 7.027000 -0.787000 3.281000
c<B>r<258>R<TYR> 8.049000 1.219000 0.174000
c<B>r<259>R<SER> 8.301000 4.793000 -1.097000
c<B>r<262>R<GLY> 7.914000 7.814000 -10.527000
c<B>r<263>R<ASN> 5.672000 8.209000 -13.574000
c<B>r<265>R<ARG> 3.105000 1.302000 -14.456000
c<B>r<266>R<PHE> 4.484000 -0.704000 -11.541000
c<B>r<267>R<SER> 4.262000 -4.427000 -10.833000
c<B>r<270>R<VAL> 4.904000 -10.910000 -3.512000
c<B>r<271>R<LYS> 6.152000 -14.466000 -2.609000
c<B>r<272>R<LEU> 5.986000 -16.591000 0.534000
c<B>r<273>R<ASN> 8.441000 -19.483000 0.533000
c<B>r<274>R<GLY> 9.012000 -18.982000 -3.222000
c<B>r<275>R<LYS> 5.280000 -19.075001 -4.166000
c<B>r<276>R<HIS> 3.211000 -16.080000 -5.253000
c<B>r<277>R<ILE> 0.418000 -15.117000 -2.812000
c<B>r<278>R<GLU> -3.089000 -14.824000 -4.091000
c<B>r<279>R<GLY> -3.219000 -11.909000 -6.531000
c<B>r<280>R<SER> 0.547000 -11.453000 -6.943000
c<B>r<281>R<PRO> 1.945000 -9.587000 -8.764000
c<B>r<282>R<PHE> -0.382000 -6.690000 -8.327000
c<B>r<283>R<LYS> -0.285000 -3.689000 -10.702000
c<B>r<284>R<GLN> -0.232000 0.017000 -9.761000
c<B>r<285>R<VAL> -0.223000 3.068000 -11.943000
c<B>r<286>R<LEU> 1.507000 5.966000 -10.168000
c<B>r<287>R<GLY> 1.896000 9.509000 -11.593000
c<B>r<288>R<ASN> 1.392000 10.431000 -15.377000
