c<A>r<23>R<PRO> -0.144000 8.909000 -2.071000
c<A>r<24>R<GLY> -2.487000 6.374000 -3.720000
c<A>r<25>R<PHE> -2.601000 8.185000 -7.082000
c<A>r<26>R<ASP> -4.933000 6.466000 -9.573000
c<A>r<27>R<SER> -5.332000 3.472000 -7.197000
c<A>r<28>R<LEU> -7.023000 4.263000 -3.779000
c<A>r<153>R<VAL> -10.729000 0.401000 -2.371000
c<A>r<154>R<VAL> -7.385000 -0.523000 -3.895000
c<A>r<155>R<SER> -7.800000 -0.479000 -7.615000
c<A>r<156>R<TRP> -5.434000 -1.396000 -10.395000
c<A>r<157>R<SER> -5.243000 -1.855000 -14.162000
c<A>r<158>R<GLU> -3.587000 -4.575000 -16.263000
c<A>r<165>R<ALA> -10.425000 -3.429000 -7.378000
c<A>r<166>R<THR> -10.727000 -4.908000 -3.908000
c<A>r<167>R<ARG> -12.708000 -3.424000 -0.948000
c<A>r<168>R<LEU> -11.053000 -2.428000 2.386000
c<A>r<187>R<LEU> 1.627000 16.473000 -14.036000
c<A>r<188>R<PRO> 5.308000 15.665000 -14.676000
c<A>r<189>R<GLN> 5.929000 12.808000 -17.056000
c<A>r<190>R<ALA> 8.847000 11.605000 -14.967000
c<A>r<191>R<VAL> 9.443000 11.522000 -11.182000
c<A>r<192>R<THR> 12.651000 10.714000 -9.214000
c<A>r<193>R<HIS> 13.165000 7.140000 -8.045000
c<A>r<194>R<VAL> 13.222000 8.680000 -4.485000
c<A>r<195>R<ASP> 9.861000 10.390000 -4.860000
c<A>r<196>R<ALA> 8.392000 7.148000 -6.291000
c<A>r<197>R<ARG> 9.748000 5.147000 -3.300000
c<A>r<198>R<PHE> 8.374000 7.804000 -0.944000
c<A>r<199>R<ASN> 4.845000 7.338000 -2.299000
c<A>r<200>R<ILE> 5.231000 3.509000 -2.413000
c<A>r<201>R<SER> 5.890000 3.389000 1.307000
c<A>r<202>R<ARG> 3.124000 5.942000 2.114000
c<A>r<203>R<VAL> 0.462000 4.123000 0.105000
c<A>r<204>R<ALA> 1.398000 0.738000 1.596000
c<A>r<205>R<LEU> 1.081000 2.414000 4.966000
c<A>r<206>R<LEU> -2.148000 4.132000 3.970000
c<A>r<207>R<THR> -3.845000 0.710000 3.484000
c<A>r<208>R<VAL> -2.731000 -0.193000 6.987000
c<A>r<209>R<ALA> -3.728000 3.210000 8.390000
c<A>r<212>R<ALA> -5.994000 -0.941000 11.437000
c<A>r<213>R<ARG> -3.720000 2.009000 12.398000
c<A>r<216>R<LEU> -0.641000 6.684000 11.224000
c<A>r<219>R<THR> 2.235000 9.934000 7.805000
c<A>r<220>R<ALA> 0.341000 7.670000 5.450000
c<A>r<225>R<LEU> 3.752000 12.810000 -6.910000
c<A>r<226>R<HIS> 0.750000 15.028000 -7.621000
c<B>r<23>R<PRO> 6.721000 -3.611000 -5.895000
c<B>r<24>R<GLY> 7.429000 -2.570000 -2.283000
c<B>r<25>R<PHE> 10.944000 -1.259000 -3.006000
c<B>r<26>R<ASP> 12.722000 -0.049000 0.148000
c<B>r<27>R<SER> 9.471000 -0.418000 2.169000
c<B>r<28>R<LEU> 8.075000 -4.032000 2.454000
c<B>r<153>R<VAL> 6.339000 -5.172000 7.576000
c<B>r<154>R<VAL> 5.626000 -1.833000 5.944000
c<B>r<155>R<SER> 8.529000 0.412000 6.672000
c<B>r<156>R<TRP> 9.131000 4.044000 5.891000
c<B>r<157>R<SER> 11.551000 6.911000 6.509000
c<B>r<158>R<GLU> 10.915000 10.565000 7.383000
c<B>r<165>R<ALA> 7.739000 0.225000 10.536000
c<B>r<166>R<THR> 4.497000 -1.556000 11.329000
c<B>r<167>R<ARG> 3.942000 -5.376000 11.430000
c<B>r<168>R<LEU> 1.414000 -7.169000 9.143000
c<B>r<187>R<LEU> 19.025000 1.743000 -10.822000
c<B>r<188>R<PRO> 17.598000 4.608000 -12.904000
c<B>r<189>R<GLN> 17.500999 7.933000 -11.158000
c<B>r<190>R<ALA> 14.160000 8.736000 -12.723000
c<B>r<191>R<VAL> 11.117000 6.579000 -13.561000
c<B>r<192>R<THR> 7.968000 7.445000 -15.604000
c<B>r<193>R<HIS> 4.924000 8.687000 -13.715000
c<B>r<194>R<VAL> 3.151000 5.579000 -15.220000
c<B>r<195>R<ASP> 5.690000 3.122000 -13.859000
c<B>r<196>R<ALA> 5.503000 4.848000 -10.441000
c<B>r<197>R<ARG> 1.667000 4.563000 -10.444000
c<B>r<198>R<PHE> 1.968000 0.930000 -11.520000
c<B>r<199>R<ASN> 4.075000 0.100000 -8.448000
c<B>r<200>R<ILE> 1.870000 2.248000 -6.148000
c<B>r<201>R<SER> -1.166000 0.183000 -7.012000
c<B>r<202>R<ARG> 0.737000 -3.141000 -6.797000
c<B>r<203>R<VAL> 2.230000 -2.395000 -3.392000
c<B>r<204>R<ALA> -1.108000 -1.238000 -1.986000
c<B>r<205>R<LEU> -2.512000 -4.482000 -3.290000
c<B>r<206>R<LEU> 0.435000 -6.453000 -1.968000
c<B>r<207>R<THR> -0.458000 -5.414000 1.631000
c<B>r<208>R<VAL> -3.958000 -6.695000 1.003000
c<B>r<209>R<ALA> -2.690000 -9.856000 -0.725000
c<B>r<212>R<ALA> -6.356000 -11.121000 3.343000
c<B>r<213>R<ARG> -6.304000 -11.946000 -0.408000
c<B>r<216>R<LEU> -4.034000 -11.715000 -5.653000
c<B>r<219>R<THR> -0.843000 -9.405000 -9.527000
c<B>r<220>R<ALA> 0.358000 -7.783000 -6.344000
c<B>r<225>R<LEU> 10.931000 -0.078000 -10.769000
c<B>r<226>R<HIS> 13.860000 -2.361000 -9.987000
