1763288827259 0.0 33
1763288827273 0.0 33
1763288842807 1.0 67
1763288842823 1.0 67
1763288857661 2.0 101
1763288857674 2.0 101
1763288872163 3.0 135
1763288872171 3.0 135
1763288885545 4.0 169
1763288885552 4.0 169
1763288899451 5.0 203
1763288899465 5.0 203
1763288914021 6.0 237
1763288914033 6.0 237
1763288927405 7.0 271
1763288927407 7.0 271
1763288941404 8.0 305
1763288941418 8.0 305
1763288955233 9.0 339
1763288955245 9.0 339
1763288969336 10.0 373
1763288969338 10.0 373
1763288984331 11.0 407
1763288984334 11.0 407
1763288998633 12.0 441
1763288998640 12.0 441
1763289013360 13.0 475
1763289013373 13.0 475
1763289026822 14.0 509
1763289026830 14.0 509
1763289040377 15.0 543
1763289040385 15.0 543
1763289054042 16.0 577
1763289054044 16.0 577
1763289067802 17.0 611
1763289067809 17.0 611
1763289081517 18.0 645
1763289081525 18.0 645
1763289096338 19.0 679
1763289096345 19.0 679
1763289110048 20.0 713
1763289110057 20.0 713
1763289124120 21.0 747
1763289124123 21.0 747
1763289137827 22.0 781
1763289137835 22.0 781
1763289151494 23.0 815
1763289151508 23.0 815
1763289165292 24.0 849
1763289165294 24.0 849
1763289178956 25.0 883
1763289178959 25.0 883
1763289193225 26.0 917
1763289193232 26.0 917
1763289207865 27.0 951
1763289207867 27.0 951
1763289221798 28.0 985
1763289221810 28.0 985
1763289236103 29.0 1019
1763289236105 29.0 1019
1763289250009 30.0 1053
1763289250017 30.0 1053
1763289264147 31.0 1087
1763289264157 31.0 1087
1763289278509 32.0 1121
1763289278511 32.0 1121
1763289292633 33.0 1155
1763289292635 33.0 1155
1763289307556 34.0 1189
1763289307570 34.0 1189
1763289324720 35.0 1223
1763289324732 35.0 1223
1763289339390 36.0 1257
1763289339398 36.0 1257
1763289351707 37.0 1291
1763289351716 37.0 1291
1763289365861 38.0 1325
1763289365873 38.0 1325
1763289379904 39.0 1359
1763289379916 39.0 1359
1763289394981 40.0 1393
1763289394984 40.0 1393
1763289409493 41.0 1427
1763289409495 41.0 1427
1763289423560 42.0 1461
1763289423572 42.0 1461
1763289436708 43.0 1495
1763289436710 43.0 1495
1763289451667 44.0 1529
1763289451670 44.0 1529
1763289467669 45.0 1563
1763289467679 45.0 1563
1763289483004 46.0 1597
1763289483017 46.0 1597
1763289499714 47.0 1631
1763289499724 47.0 1631
1763289515521 48.0 1665
1763289515530 48.0 1665
1763289530922 49.0 1699
1763289530924 49.0 1699
1763289544687 50.0 1733
1763289544689 50.0 1733
1763289557084 51.0 1767
1763289557085 51.0 1767
1763289570637 52.0 1801
1763289570639 52.0 1801
1763289583123 53.0 1835
1763289583132 53.0 1835
1763289595447 54.0 1869
1763289595460 54.0 1869
1763289609334 55.0 1903
1763289609341 55.0 1903
1763289622052 56.0 1937
1763289622060 56.0 1937
1763289634766 57.0 1971
1763289634773 57.0 1971
1763289647341 58.0 2005
1763289647343 58.0 2005
1763289659764 59.0 2039
1763289659766 59.0 2039
1763289671996 60.0 2073
1763289671998 60.0 2073
1763289684278 61.0 2107
1763289684280 61.0 2107
1763289696666 62.0 2141
1763289696679 62.0 2141
1763289709459 63.0 2175
1763289709470 63.0 2175
1763289721795 64.0 2209
1763289721797 64.0 2209
1763289734364 65.0 2243
1763289734376 65.0 2243
1763289746573 66.0 2277
1763289746575 66.0 2277
1763289759383 67.0 2311
1763289759385 67.0 2311
1763289771885 68.0 2345
1763289771887 68.0 2345
1763289784745 69.0 2379
1763289784747 69.0 2379
1763289796973 70.0 2413
1763289796976 70.0 2413
1763289809829 71.0 2447
1763289809831 71.0 2447
1763289822811 72.0 2481
1763289822813 72.0 2481
1763289835891 73.0 2515
1763289835893 73.0 2515
1763289850095 74.0 2549
1763289850096 74.0 2549
1763289864438 75.0 2583
1763289864440 75.0 2583
1763289878674 76.0 2617
1763289878676 76.0 2617
1763289893385 77.0 2651
1763289893387 77.0 2651
1763289907214 78.0 2685
1763289907216 78.0 2685
1763289920666 79.0 2719
1763289920668 79.0 2719
1763289935159 80.0 2753
1763289935162 80.0 2753
1763289949322 81.0 2787
1763289949325 81.0 2787
1763289962343 82.0 2821
1763289962345 82.0 2821
1763289975533 83.0 2855
1763289975535 83.0 2855
1763289987873 84.0 2889
1763289987877 84.0 2889
1763290001951 85.0 2923
1763290001953 85.0 2923
1763290014343 86.0 2957
1763290014345 86.0 2957
1763290026348 87.0 2991
1763290026350 87.0 2991
1763290039576 88.0 3025
1763290039578 88.0 3025
1763290052297 89.0 3059
1763290052299 89.0 3059
1763290064688 90.0 3093
1763290064691 90.0 3093
1763290076832 91.0 3127
1763290076834 91.0 3127
1763290089539 92.0 3161
1763290089541 92.0 3161
1763290102351 93.0 3195
1763290102353 93.0 3195
1763290117396 94.0 3229
1763290117398 94.0 3229
1763290130195 95.0 3263
1763290130197 95.0 3263
1763290142538 96.0 3297
1763290142540 96.0 3297
1763290156154 97.0 3331
1763290156156 97.0 3331
1763290168469 98.0 3365
1763290168471 98.0 3365
1763290181327 99.0 3399
1763290181329 99.0 3399
1763290194326 100.0 3433
1763290194328 100.0 3433
1763290206993 101.0 3467
1763290206995 101.0 3467
1763290219770 102.0 3501
1763290219772 102.0 3501
1763290232528 103.0 3535
1763290232530 103.0 3535
1763290245192 104.0 3569
1763290245194 104.0 3569
1763290257812 105.0 3603
1763290257814 105.0 3603
1763290270511 106.0 3637
1763290270513 106.0 3637
1763290283225 107.0 3671
1763290283227 107.0 3671
1763290296373 108.0 3705
1763290296375 108.0 3705
1763290309269 109.0 3739
1763290309272 109.0 3739
1763290321992 110.0 3773
1763290321994 110.0 3773
1763290324491 111.0 3774
