c<A>r<62>R<ARG> -11.047000 -4.742000 -11.836000
c<A>r<63>R<ILE> -7.667000 -3.172000 -12.765000
c<A>r<65>R<GLN> -11.782000 0.426000 -12.565000
c<A>r<66>R<VAL> -8.698000 1.026000 -10.330000
c<A>r<67>R<ALA> -7.063000 2.977000 -13.229000
c<A>r<68>R<LYS> -10.224000 5.150000 -13.657000
c<A>r<69>R<GLY> -10.230000 5.851000 -9.882000
c<A>r<70>R<GLN> -6.520000 6.791000 -10.091000
c<A>r<73>R<TRP> -7.165000 11.046000 -7.966000
c<A>r<154>R<GLU> 0.719000 2.171000 6.927000
c<A>r<155>R<TYR> -1.542000 1.959000 3.825000
c<A>r<156>R<TYR> 1.349000 1.938000 1.285000
c<A>r<157>R<ARG> 3.408000 -0.437000 3.495000
c<A>r<158>R<ALA> 0.519000 -2.966000 3.577000
c<A>r<159>R<TYR> 0.345000 -2.879000 -0.258000
c<A>r<160>R<LEU> 4.156000 -3.187000 -0.665000
c<A>r<161>R<GLU> 4.613000 -6.047000 1.893000
c<A>r<162>R<GLY> 1.386000 -7.889000 0.825000
c<A>r<163>R<GLU> -0.556000 -7.301000 -2.424000
c<A>r<164>R<CYS> 2.530000 -6.221000 -4.490000
c<A>r<166>R<GLU> 1.351000 -11.629000 -4.097000
c<A>r<167>R<TRP> 0.798000 -10.111000 -7.603000
c<B>r<28>R<ALA> -6.415000 -10.730000 -2.441000
c<B>r<29>R<THR> -5.236000 -9.173000 0.870000
c<B>r<30>R<PRO> -8.251000 -6.985000 1.948000
c<B>r<31>R<TYR> -8.360000 -3.554000 3.573000
c<B>r<48>R<LYS> -9.311000 0.366000 9.905000
c<B>r<49>R<TYR> -7.107000 -2.688000 9.229000
c<B>r<50>R<TYR> -4.485000 -2.837000 6.447000
c<B>r<51>R<SER> -1.961000 -5.378000 7.855000
c<B>r<52>R<GLY> -0.162000 -6.419000 11.098000
c<B>r<94>R<GLY> -7.905000 -3.102000 -1.668000
c<B>r<95>R<PHE> -5.105000 -0.816000 -2.837000
c<B>r<96>R<ALA> -6.438000 2.135000 -4.908000
c<B>r<97>R<SER> -9.909000 0.438000 -5.038000
c<B>r<98>R<ALA> -13.328000 1.903000 -4.163000
