1765937032705 0.05156935378909111 6391
1765937044301 0.04828357324004173 6425
1765937055447 0.04817580804228783 6459
1765937067423 0.04113369062542915 6493
1765937079145 0.04794105142354965 6527
1765937090698 0.0401737354695797 6561
1765937103075 0.04774409160017967 6595
1765937115098 0.04255440831184387 6629
1765937127166 0.055512551218271255 6663
1765937139052 0.0518617145717144 6697
1765937150552 0.04253297299146652 6731
1765937162894 0.04084473103284836 6765
1765937174575 0.04459555447101593 6799
1765937186943 0.04257316514849663 6833
1765937198530 0.04272519052028656 6867
1765937209939 0.04133021831512451 6901
1765937222222 0.04832626134157181 6935
1765937233743 0.044539958238601685 6969
1765937245536 0.04799341782927513 7003
1765937257973 0.04850832745432854 7037
1765937269672 0.05225173383951187 7071
1765937282449 0.04571232199668884 7105
1765937294442 0.04153086245059967 7139
1765937306195 0.04578474909067154 7173
1765937317967 0.04476580768823624 7207
1765937330161 0.04233882948756218 7241
