c<A>r<16>R<ILE> 23.594 14.913 27.146
c<A>r<17>R<VAL> 23.99 17.558 24.424
c<A>r<31>R<VAL> 22.824 5.568 38.728
c<A>r<32>R<SER> 26.407 6.145 37.723
c<A>r<33>R<LEU> 28.468 3.045 36.895
c<A>r<34>R<ASN> 32.055 3.513 38.044
c<A>r<37>R<SER> 35.231 1.54 37.208
c<A>r<38>R<GLY> 37.653 4.114 38.696
c<A>r<39>R<SER> 35.681 6.948 36.978
c<A>r<40>R<HIS> 32.118 7.253 35.722
c<A>r<41>R<PHE> 31.693 5.348 32.448
c<A>r<42>R<CYS> 27.975 4.615 31.964
c<A>r<43>R<GLY> 24.508 5.233 33.353
c<A>r<44>R<GLY> 21.922 2.797 34.52
c<A>r<54>R<SER> 21.975 -0.767 31.732
c<A>r<55>R<ALA> 23.336 -1.37 28.198
c<A>r<56>R<ALA> 25.392 -4.438 27.225
c<A>r<57>R<HIS> 27.918 -2.291 25.431
c<A>r<58>R<CYS> 28.746 -0.85 28.871
c<A>r<59>R<TYR> 29.949 -4.26 30.166
c<A>r<60>R<LYS> 32.964 -4.273 32.429
c<A>r<61>R<SER> 33.903 -7.246 34.611
c<A>r<62>R<ARG> 33.933 -5.136 37.805
c<A>r<63>R<ILE> 31.486 -2.244 38.417
c<A>r<64>R<GLN> 30.693 -0.081 41.406
c<A>r<65>R<VAL> 27.158 1.284 41.282
c<A>r<66>R<ARG> 26.755 4.855 42.613
c<A>r<72>R<ASN> 27.624 15.782 41.634
c<A>r<73>R<ILE> 29.639 12.664 40.771
c<A>r<74>R<ASP> 32.869 14.504 41.724
c<A>r<75>R<VAL> 31.786 15.509 45.252
c<A>r<84>R<ASN> 29.59 -3.002 44.221
c<A>r<85>R<ALA> 28.062 -5.248 41.547
c<A>r<86>R<ALA> 27.722 -8.884 42.622
c<A>r<87>R<LYS> 26.575 -10.191 39.2
c<A>r<88>R<ILE> 26.71 -8.661 35.726
c<A>r<89>R<ILE> 24.495 -10.349 33.131
c<A>r<90>R<THR> 24.449 -9.278 29.489
c<A>r<91>R<HIS> 21.493 -10.276 27.317
c<A>r<92>R<PRO> 22.36 -13.68 25.763
c<A>r<93>R<ASN> 21.479 -12.388 22.275
c<A>r<94>R<PHE> 23.373 -9.081 22.444
c<A>r<95>R<ASN> 25.054 -8.504 19.121
c<A>r<96>R<GLY> 27.974 -6.049 19.267
c<A>r<97>R<ASN> 27.698 -5.217 15.536
c<A>r<98>R<THR> 24.013 -4.464 15.18
c<A>r<99>R<LEU> 23.609 -3.538 18.857
c<A>r<100>R<ASP> 20.407 -5.6 18.948
c<A>r<101>R<ASN> 19.482 -6.578 22.505
c<A>r<102>R<ASP> 21.715 -3.922 24.038
c<A>r<103>R<ILE> 20.693 -4.607 27.628
c<A>r<104>R<MET> 22.477 -5.777 30.749
c<A>r<105>R<LEU> 21.445 -6.409 34.364
c<A>r<140>R<GLY> 23.134 11.173 32.304
c<A>r<141>R<TRP> 26.712 12.396 32.979
c<A>r<142>R<GLY> 27.857 11.997 29.4
c<A>r<143>R<ASN> 29.422 14.475 26.99
c<A>r<144>R<THR> 27.609 17.815 26.817
c<A>r<145>R<LYS> 29.361 19.272 23.754
c<A>r<146>R<SER> 28.412 18.743 20.066
c<A>r<147>R<SER> 32.018 19.605 19.08
c<A>r<148>R<GLY> 34.683 18.554 21.528
c<A>r<149>R<SER> 34.305 17.049 24.916
c<A>r<150>R<SER> 33.03 18.19 28.259
c<A>r<151>R<TYR> 31.982 15.796 31.008
c<A>r<152>R<PRO> 29.766 17.389 33.649
c<A>r<153>R<SER> 29.903 17.001 37.381
c<A>r<154>R<LEU> 26.118 17.479 37.67
c<A>r<155>R<LEU> 23.487 15.209 36.185
c<A>r<171>R<SER> 17.584 7.911 9.671
c<A>r<172>R<TYR> 19.334 4.551 9.867
c<A>r<173>R<PRO> 18.252 2.501 6.8
c<A>r<174>R<GLY> 18.125 -1.191 7.54
c<A>r<175>R<GLN> 19.579 -0.795 11.084
c<A>r<176>R<ILE> 16.519 -0.332 13.365
c<A>r<189>R<ASP> 20.731 14.079 22.15
c<A>r<190>R<SER> 22.38 11.636 24.463
c<A>r<191>R<CYS> 26.125 11.022 23.937
c<A>r<192>R<GLN> 29.136 9.002 25.096
c<A>r<193>R<GLY> 29.007 8.438 28.848
c<A>r<194>R<ASP> 25.205 8.529 28.813
c<A>r<195>R<SER> 25.23 4.9 27.549
c<A>r<196>R<GLY> 23.124 2.569 29.625
c<A>r<197>R<GLY> 21.052 5.331 31.225
c<A>r<213>R<VAL> 20.783 4.86 25.943
c<A>r<214>R<SER> 22.311 2.624 23.23
c<A>r<215>R<TRP> 23.719 3.975 19.979
c<A>r<216>R<GLY> 23.518 6.417 17.072
c<A>r<217>R<TYR> 25.926 8.235 14.719
c<A>r<219>R<GLY> 27.897 10.723 16.713
c<A>r<220>R<CYS> 25.653 12.805 18.929
c<A>r<221>i<A>R<ALA> 23.187 15.583 18.242
c<A>r<221>R<GLN> 23.877 15.567 14.479
c<A>r<222>R<LYS> 21.049 16.346 12.089
c<A>r<223>R<ASN> 18.904 13.323 10.968
c<A>r<224>R<LYS> 20.809 11.027 13.379
c<A>r<225>R<PRO> 18.655 10.816 16.474
c<A>r<226>R<GLY> 19.582 8.656 19.424
c<A>r<227>R<VAL> 18.652 4.975 19.223
c<B>r<20>R<LEU> 37.944 0.708 10.958
c<B>r<21>R<SER> 34.637 0.012 12.75
c<B>r<22>R<ASP> 31.097 -0.737 11.427
c<B>r<23>R<ILE> 29.274 1.808 13.652
c<B>r<24>R<THR> 29.679 5.023 11.607
c<B>r<25>R<ALA> 29.262 6.905 14.883
c<B>r<26>R<PHE> 32.844 5.701 15.404
c<B>r<27>R<GLY> 36.415 5.885 14.237
c<B>r<28>R<GLY> 39.594 3.867 14.136
c<B>r<33>R<PRO> 46.208 7.456 28.409
c<B>r<34>R<THR> 43.64 6.116 30.846
c<B>r<35>R<GLY> 43.608 6.858 34.509
c<B>r<36>R<ASN> 47.002 7.113 36.016
c<B>r<37>R<GLU> 49.1 6.347 32.958
c<B>r<44>R<VAL> 40.928 2.705 22.331
c<B>r<45>R<GLN> 38.405 3.111 19.503
c<B>r<46>R<SER> 38.11 6.732 18.323
c<B>r<47>R<ARG> 34.777 8.546 18.877
c<B>r<48>R<ASN> 35.525 10.828 15.942
c<B>r<49>R<GLU> 34.071 9.022 12.964
c<B>r<50>R<LEU> 36.47 10.968 10.725
c<B>r<51>R<ASP> 39.473 9.406 12.486
c<B>r<96>R<VAL> 46.732 -7.742 30.934
c<B>r<97>R<GLU> 44.672 -9.335 33.626
c<B>r<98>R<ASP> 43.964 -8.487 37.285
c<B>r<99>R<LEU> 42.359 -5.195 36.26
c<B>r<100>R<PRO> 39.088 -3.577 37.187
c<B>r<101>R<GLU> 37.877 -3.123 33.597
c<B>r<102>R<GLY> 38.206 -6.804 32.902
c<B>r<103>R<PRO> 41.117 -8.165 30.783
c<B>r<104>R<ALA> 42.351 -5.042 29.053
c<B>r<105>R<VAL> 44.226 -4.635 25.801
c<B>r<121>R<GLU> 36.885 -14.472 12.965
c<B>r<122>R<ARG> 34.383 -13.561 10.24
c<B>r<123>R<VAL> 31.065 -11.928 11.008
c<B>r<124>R<SER> 30.148 -10.615 7.533
c<B>r<127>R<GLU> 29.487 -3.033 4.206
c<B>r<128>R<PHE> 30.041 -6.788 4.698
c<B>r<129>R<ASN> 33.776 -7.445 5.088
c<B>r<130>R<ASN> 33.347 -7.547 8.852
c<B>r<131>R<TYR> 35.425 -9.509 11.374
c<B>r<132>R<LYS> 35.875 -9.69 15.098
c<B>r<133>R<LEU> 39.093 -10.118 17.065
c<B>r<134>R<VAL> 39.464 -12.88 19.695
c<B>r<146>R<GLY> 37.306 -14.27 24.527
c<B>r<147>R<ASP> 35.733 -11.623 22.266
c<B>r<148>R<ILE> 37.39 -8.246 22.221
c<B>r<149>R<GLY> 34.595 -5.753 22.949
c<B>r<150>R<ILE> 34.325 -2.173 24.279
c<B>r<151>R<SER> 34.415 -0.819 27.856
c<B>r<152>R<ILE> 33.418 2.805 28.332
c<B>r<153>R<ASP> 35.243 4.966 30.894
c<B>r<154>R<HIS> 34.606 7.595 33.578
c<B>r<155>R<ASP> 35.433 11.301 33.421
c<B>r<156>R<ASP> 36.419 10.287 29.877
c<B>r<157>R<GLY> 33.74 8.45 28.009
c<B>r<158>R<THR> 36.561 6.373 26.512
c<B>r<159>R<ARG> 35.64 3.176 24.671
c<B>r<160>R<ARG> 38.53 0.944 25.654
c<B>r<161>R<LEU> 39.098 -2.504 24.193
c<B>r<162>R<VAL> 38.723 -5.262 26.813
c<B>r<163>R<VAL> 38.085 -8.973 26.496
c<B>r<164>R<SER> 34.301 -9.117 26.594
c<B>r<165>R<LYS> 32.278 -12.343 26.615
c<B>r<166>R<ASN> 29.189 -10.51 25.28
c<B>r<167>R<LYS> 31.581 -8.35 23.351
c<B>r<168>R<PRO> 32.18 -8.017 20.17
c<B>r<169>R<LEU> 33.604 -5.063 18.301
c<B>r<170>R<VAL> 32.924 -5.542 14.612
c<B>r<171>R<VAL> 35.722 -4.151 12.551
c<B>r<172>R<GLN> 37.097 -3.933 9.078
