c<A>r<16>R<ILE> 23.594 14.913 27.146
c<A>r<17>R<VAL> 23.99 17.558 24.424
c<A>r<31>R<VAL> 22.824 5.568 38.728
c<A>r<32>R<SER> 26.407 6.145 37.723
c<A>r<33>R<LEU> 28.468 3.045 36.895
c<A>r<34>R<ASN> 32.055 3.513 38.044
c<A>r<37>R<SER> 35.231 1.54 37.208
c<A>r<38>R<GLY> 37.653 4.114 38.696
c<A>r<39>R<SER> 35.681 6.948 36.978
c<A>r<40>R<HIS> 32.118 7.253 35.722
c<A>r<41>R<PHE> 31.693 5.348 32.448
c<A>r<42>R<CYS> 27.975 4.615 31.964
c<A>r<43>R<GLY> 24.508 5.233 33.353
c<A>r<54>R<SER> 21.975 -0.767 31.732
c<A>r<55>R<ALA> 23.336 -1.37 28.198
c<A>r<56>R<ALA> 25.392 -4.438 27.225
c<A>r<57>R<HIS> 27.918 -2.291 25.431
c<A>r<58>R<CYS> 28.746 -0.85 28.871
c<A>r<59>R<TYR> 29.949 -4.26 30.166
c<A>r<60>R<LYS> 32.964 -4.273 32.429
c<A>r<61>R<SER> 33.903 -7.246 34.611
c<A>r<62>R<ARG> 33.933 -5.136 37.805
c<A>r<63>R<ILE> 31.486 -2.244 38.417
c<A>r<64>R<GLN> 30.693 -0.081 41.406
c<A>r<65>R<VAL> 27.158 1.284 41.282
c<A>r<66>R<ARG> 26.755 4.855 42.613
c<A>r<70>R<GLU> 24.341 11.076 43.018
c<A>r<72>R<ASN> 27.624 15.782 41.634
c<A>r<73>R<ILE> 29.639 12.664 40.771
c<A>r<74>R<ASP> 32.869 14.504 41.724
c<A>r<75>R<VAL> 31.786 15.509 45.252
c<A>r<76>R<LEU> 30.485 13.395 48.11
c<A>r<84>R<ASN> 29.59 -3.002 44.221
c<A>r<85>R<ALA> 28.062 -5.248 41.547
c<A>r<86>R<ALA> 27.722 -8.884 42.622
c<A>r<87>R<LYS> 26.575 -10.191 39.2
c<A>r<88>R<ILE> 26.71 -8.661 35.726
c<A>r<89>R<ILE> 24.495 -10.349 33.131
c<A>r<90>R<THR> 24.449 -9.278 29.489
c<A>r<91>R<HIS> 21.493 -10.276 27.317
c<A>r<92>R<PRO> 22.36 -13.68 25.763
c<A>r<93>R<ASN> 21.479 -12.388 22.275
c<A>r<94>R<PHE> 23.373 -9.081 22.444
c<A>r<95>R<ASN> 25.054 -8.504 19.121
c<A>r<96>R<GLY> 27.974 -6.049 19.267
c<A>r<97>R<ASN> 27.698 -5.217 15.536
c<A>r<98>R<THR> 24.013 -4.464 15.18
c<A>r<99>R<LEU> 23.609 -3.538 18.857
c<A>r<100>R<ASP> 20.407 -5.6 18.948
c<A>r<101>R<ASN> 19.482 -6.578 22.505
c<A>r<102>R<ASP> 21.715 -3.922 24.038
c<A>r<103>R<ILE> 20.693 -4.607 27.628
c<A>r<104>R<MET> 22.477 -5.777 30.749
c<A>r<106>R<ILE> 23.572 -5.705 37.392
c<A>r<140>R<GLY> 23.134 11.173 32.304
c<A>r<141>R<TRP> 26.712 12.396 32.979
c<A>r<142>R<GLY> 27.857 11.997 29.4
c<A>r<143>R<ASN> 29.422 14.475 26.99
c<A>r<144>R<THR> 27.609 17.815 26.817
c<A>r<145>R<LYS> 29.361 19.272 23.754
c<A>r<146>R<SER> 28.412 18.743 20.066
c<A>r<147>R<SER> 32.018 19.605 19.08
c<A>r<148>R<GLY> 34.683 18.554 21.528
c<A>r<149>R<SER> 34.305 17.049 24.916
c<A>r<150>R<SER> 33.03 18.19 28.259
c<A>r<151>R<TYR> 31.982 15.796 31.008
c<A>r<152>R<PRO> 29.766 17.389 33.649
c<A>r<153>R<SER> 29.903 17.001 37.381
c<A>r<154>R<LEU> 26.118 17.479 37.67
c<A>r<155>R<LEU> 23.487 15.209 36.185
c<A>r<172>R<TYR> 19.334 4.551 9.867
c<A>r<173>R<PRO> 18.252 2.501 6.8
c<A>r<174>R<GLY> 18.125 -1.191 7.54
c<A>r<175>R<GLN> 19.579 -0.795 11.084
c<A>r<179>R<ASN> 14.1 -3.977 19.789
c<A>r<180>R<MET> 15.021 -0.324 19.14
c<A>r<187>R<GLY> 20.319 18.12 15.876
c<A>r<188>i<A>R<GLY> 21.59 19.913 18.963
c<A>r<189>R<ASP> 20.731 14.079 22.15
c<A>r<190>R<SER> 22.38 11.636 24.463
c<A>r<191>R<CYS> 26.125 11.022 23.937
c<A>r<192>R<GLN> 29.136 9.002 25.096
c<A>r<193>R<GLY> 29.007 8.438 28.848
c<A>r<194>R<ASP> 25.205 8.529 28.813
c<A>r<195>R<SER> 25.23 4.9 27.549
c<A>r<196>R<GLY> 23.124 2.569 29.625
c<A>r<197>R<GLY> 21.052 5.331 31.225
c<A>r<212>R<ILE> 18.145 2.564 27.493
c<A>r<213>R<VAL> 20.783 4.86 25.943
c<A>r<214>R<SER> 22.311 2.624 23.23
c<A>r<215>R<TRP> 23.719 3.975 19.979
c<A>r<216>R<GLY> 23.518 6.417 17.072
c<A>r<217>R<TYR> 25.926 8.235 14.719
c<A>r<219>R<GLY> 27.897 10.723 16.713
c<A>r<220>R<CYS> 25.653 12.805 18.929
c<A>r<221>i<A>R<ALA> 23.187 15.583 18.242
c<A>r<221>R<GLN> 23.877 15.567 14.479
c<A>r<222>R<LYS> 21.049 16.346 12.089
c<A>r<224>R<LYS> 20.809 11.027 13.379
c<A>r<227>R<VAL> 18.652 4.975 19.223
c<A>r<228>R<TYR> 17.547 3.286 22.41
c<A>r<229>R<THR> 16.948 -0.276 23.534
c<B>r<21>R<SER> 37.548 8.612 13.761
c<B>r<22>R<ASP> 34.21 9.335 11.977
c<B>r<23>R<ILE> 32.691 11.47 14.784
c<B>r<24>R<THR> 34.19 14.91 14.011
c<B>r<25>R<ALA> 33.679 15.723 17.688
c<B>r<26>R<PHE> 36.73 13.463 18.054
c<B>r<27>R<GLY> 40.387 12.99 17.316
c<B>r<28>R<GLY> 42.966 10.294 16.787
c<B>r<33>R<PRO> 47.709 7.283 31.913
c<B>r<34>R<THR> 44.518 6.031 33.522
c<B>r<35>R<GLY> 44.04 5.581 37.201
c<B>r<36>R<ASN> 47.088 4.394 38.975
c<B>r<37>R<GLU> 49.435 4.055 36.023
c<B>r<42>R<THR> 45.92 3.117 28.038
c<B>r<44>R<VAL> 42.569 6.329 24.163
c<B>r<45>R<GLN> 40.734 8.281 21.451
c<B>r<46>R<SER> 41.513 12.019 21.568
c<B>r<47>R<ARG> 38.661 14.43 22.439
c<B>r<48>R<ASN> 40.418 17.202 20.538
c<B>r<49>R<GLU> 39.107 16.891 17.013
c<B>r<50>R<LEU> 42.246 18.679 15.783
c<B>r<51>R<ASP> 44.447 15.871 17.138
c<B>r<52>R<LYS> 45.648 13.215 14.654
c<B>r<95>R<VAL> 43.893 -6.752 25.394
c<B>r<96>R<VAL> 44.172 -7.455 29.092
c<B>r<97>R<GLU> 41.365 -9.156 30.895
c<B>r<98>R<ASP> 40.265 -9.32 34.552
c<B>r<99>R<LEU> 39.686 -5.561 34.593
c<B>r<100>R<PRO> 36.783 -3.459 35.75
c<B>r<101>R<GLU> 36.346 -1.596 32.45
c<B>r<102>R<GLY> 35.905 -4.818 30.56
c<B>r<103>R<PRO> 38.727 -6.216 28.348
c<B>r<104>R<ALA> 40.944 -3.19 27.903
c<B>r<105>R<VAL> 43.389 -2.34 25.154
c<B>r<112>R<ASP> 46.642 -10.718 31.953
c<B>r<120>R<LEU> 39.843 -5.129 10.306
c<B>r<121>R<GLU> 36.223 -5.244 9.165
c<B>r<122>R<ARG> 34.512 -2.872 6.725
c<B>r<123>R<VAL> 31.595 -0.694 7.734
c<B>r<124>R<SER> 31.623 1.831 4.861
c<B>r<127>R<GLU> 33.357 9.935 4.301
c<B>r<128>R<PHE> 32.912 6.216 3.515
c<B>r<130>R<ASN> 35.185 3.313 7.41
c<B>r<131>R<TYR> 36.277 0.166 9.264
c<B>r<132>R<LYS> 36.028 -1.277 12.722
c<B>r<133>R<LEU> 38.669 -3.178 14.678
c<B>r<134>R<VAL> 37.92 -6.605 16.219
c<B>r<135>R<PHE> 39.857 -8.785 18.62
c<B>r<136>R<CYS> 39.898 -12.542 18.07
c<B>r<144>R<LYS> 34.191 -15.081 17.492
c<B>r<145>R<CYS> 35.851 -11.674 17.918
c<B>r<146>R<GLY> 34.702 -8.758 20.085
c<B>r<147>R<ASP> 34.211 -5.211 18.752
c<B>r<148>R<ILE> 36.604 -2.594 20.006
c<B>r<149>R<GLY> 34.399 0.23 21.316
c<B>r<150>R<ILE> 34.764 3.147 23.77
c<B>r<151>R<SER> 34.561 3.245 27.588
c<B>r<152>R<ILE> 34.386 6.67 29.198
c<B>r<153>R<ASP> 36.207 7.328 32.487
c<B>r<154>R<HIS> 35.764 9.065 35.85
c<B>r<155>R<ASP> 37.461 12.249 37.044
c<B>r<156>R<ASP> 38.768 12.147 33.461
c<B>r<157>R<GLY> 36.089 11.808 30.863
c<B>r<158>R<THR> 38.549 9.593 28.979
c<B>r<159>R<ARG> 37.223 7.517 26.082
c<B>r<160>R<ARG> 39.29 4.373 26.47
c<B>r<161>R<LEU> 39.265 1.533 23.964
c<B>r<162>R<VAL> 37.804 -1.678 25.436
c<B>r<163>R<VAL> 36.368 -4.773 23.812
c<B>r<164>R<SER> 32.698 -3.872 23.545
c<B>r<165>R<LYS> 29.994 -6.241 22.291
c<B>r<166>R<ASN> 27.703 -3.296 21.42
c<B>r<167>R<LYS> 30.832 -1.409 20.553
c<B>r<168>R<PRO> 32.027 -0.289 17.742
c<B>r<169>R<LEU> 34.408 2.574 17.124
c<B>r<170>R<VAL> 34.274 3.47 13.453
c<B>r<171>R<VAL> 37.631 4.587 12.232
