c<A>r<55>R<ALA> 23.336 -1.37 28.198
c<A>r<56>R<ALA> 25.392 -4.438 27.225
c<A>r<57>R<HIS> 27.918 -2.291 25.431
c<A>r<89>R<ILE> 24.495 -10.349 33.131
c<A>r<90>R<THR> 24.449 -9.278 29.489
c<A>r<91>R<HIS> 21.493 -10.276 27.317
c<A>r<92>R<PRO> 22.36 -13.68 25.763
c<A>r<93>R<ASN> 21.479 -12.388 22.275
c<A>r<94>R<PHE> 23.373 -9.081 22.444
c<A>r<95>R<ASN> 25.054 -8.504 19.121
c<A>r<96>R<GLY> 27.974 -6.049 19.267
c<A>r<97>R<ASN> 27.698 -5.217 15.536
c<A>r<98>R<THR> 24.013 -4.464 15.18
c<A>r<99>R<LEU> 23.609 -3.538 18.857
c<A>r<100>R<ASP> 20.407 -5.6 18.948
c<A>r<101>R<ASN> 19.482 -6.578 22.505
c<A>r<102>R<ASP> 21.715 -3.922 24.038
c<A>r<103>R<ILE> 20.693 -4.607 27.628
c<A>r<104>R<MET> 22.477 -5.777 30.749
c<A>r<122>R<SER> 8.724 1.204 36.839
c<A>r<123>R<LEU> 9.226 -1.105 33.897
c<A>r<124>R<PRO> 6.843 -0.496 30.987
c<A>r<125>R<ARG> 3.229 -1.589 31.161
c<A>r<127>R<SER> 3.051 -1.225 27.338
c<A>r<128>R<CYS> 5.197 0.196 24.606
c<A>r<129>R<ALA> 4.963 3.959 24.161
c<A>r<130>R<ALA> 3.054 5.754 21.39
c<A>r<132>R<ALA> 4.966 7.876 18.891
c<A>r<133>R<GLY> 5.165 11.405 20.178
c<A>r<134>R<THR> 5.241 10.428 23.858
c<A>r<135>R<GLU> 7.304 12.842 25.868
c<A>r<162>R<VAL> 9.548 9.11 20.933
c<A>r<163>R<LEU> 10.037 9.498 17.187
c<A>r<164>R<SER> 7.819 8.252 14.371
c<A>r<165>R<ASP> 8.669 4.886 12.84
c<A>r<166>R<SER> 9.334 6.711 9.562
c<A>r<167>R<SER> 11.626 9.324 11.218
c<A>r<168>R<CYS> 13.625 6.569 13.031
c<A>r<169>R<LYS> 14.03 3.968 10.3
c<A>r<170>R<SER> 14.676 6.579 7.589
c<A>r<172>R<TYR> 19.334 4.551 9.867
c<A>r<173>R<PRO> 18.252 2.501 6.8
c<A>r<174>R<GLY> 18.125 -1.191 7.54
c<A>r<175>R<GLN> 19.579 -0.795 11.084
c<A>r<176>R<ILE> 16.519 -0.332 13.365
c<A>r<177>R<THR> 15.374 -3.676 14.694
c<A>r<178>R<GLY> 12.089 -4.354 16.521
c<A>r<179>R<ASN> 14.1 -3.977 19.789
c<A>r<180>R<MET> 15.021 -0.324 19.14
c<A>r<181>R<ILE> 13.293 3.046 19.249
c<A>r<200>R<VAL> 11.547 7.506 31.147
c<A>r<201>R<CYS> 8.184 8.362 29.62
c<A>r<202>R<ASN> 4.983 8.685 31.721
c<A>r<203>R<GLY> 6.581 7.038 34.723
c<A>r<204>R<GLN> 7.949 4.043 32.747
c<A>r<209>R<LEU> 11.478 3.126 31.661
c<A>r<210>R<GLN> 10.927 2.821 27.871
c<A>r<211>R<GLY> 14.517 3.224 26.66
c<A>r<214>R<SER> 22.311 2.624 23.23
c<A>r<227>R<VAL> 18.652 4.975 19.223
c<A>r<228>R<TYR> 17.547 3.286 22.41
c<A>r<229>R<THR> 16.948 -0.276 23.534
c<A>r<230>R<LYS> 13.137 -0.793 23.539
c<A>r<231>R<VAL> 12.606 -1.82 27.14
c<A>r<232>R<CYS> 8.936 -2.847 26.626
c<A>r<233>R<ASN> 10.246 -5.982 24.809
c<A>r<234>R<TYR> 12.39 -7.046 27.798
c<A>r<235>R<VAL> 10.124 -7.102 30.848
c<A>r<236>R<ASN> 9.958 -10.915 30.821
c<A>r<237>R<TRP> 13.696 -11.282 30.425
c<A>r<238>R<ILE> 14.31 -8.809 33.237
c<A>r<239>R<GLN> 11.802 -10.425 35.624
c<A>r<240>R<GLN> 13.031 -13.946 34.823
c<A>r<241>R<THR> 16.707 -12.944 35.448
c<A>r<242>R<ILE> 15.843 -11.275 38.699
c<A>r<243>R<ALA> 13.822 -14.338 39.882
c<A>r<244>R<ALA> 16.67 -16.741 38.967
c<B>r<11>R<LEU> -2.171 -12.012 28.043
c<B>r<12>R<GLU> 0.064 -9.59 29.95
c<B>r<13>R<ASN> 1.339 -6.752 27.761
c<B>r<14>R<GLY> 5.06 -7.406 27.471
c<B>r<15>R<GLY> 4.978 -10.993 28.608
c<B>r<16>R<THR> 6.445 -14.156 27.118
c<B>r<17>R<TYR> 4.243 -16.876 25.725
c<B>r<18>R<TYR> 4.713 -19.912 23.538
c<B>r<31>R<ALA> 13.05 -19.401 13.641
c<B>r<39>R<CYS> 21.061 -16.909 10.115
c<B>r<40>R<PRO> 17.708 -18.28 11.287
c<B>r<41>R<LEU> 15.509 -15.476 10.007
c<B>r<54>R<ILE> 10.728 -20.001 21.207
c<B>r<55>R<GLY> 8.871 -17.893 23.774
c<B>r<56>R<THR> 7.684 -14.663 22.146
c<B>r<57>R<ILE> 7.311 -11.289 23.92
c<B>r<58>R<ILE> 3.926 -9.817 23.125
c<B>r<59>R<SER> 3.588 -6.053 23.329
c<B>r<60>R<SER> 1.103 -3.309 22.442
c<B>r<61>R<PRO> 2.155 0.311 22.12
c<B>r<62>R<TYR> -0.839 1.411 24.298
c<B>r<63>R<ARG> -0.569 1.564 28.052
c<B>r<64>R<ILE> -3.03 -1.307 28.414
c<B>r<65>R<ARG> -1.838 -3.977 30.846
c<B>r<66>R<PHE> -3.89 -6.646 29.103
c<B>r<67>R<ILE> -3.94 -7.413 25.417
c<B>r<68>R<ALA> -7.547 -7.223 24.173
c<B>r<71>R<HIS> -5.093 -3.908 19.761
c<B>r<72>R<PRO> -1.94 -3.314 17.72
c<B>r<73>R<LEU> 0.921 -5.647 18.59
c<B>r<74>R<SER> 4.62 -6.113 18.127
c<B>r<75>R<LEU> 5.978 -9.603 18.687
c<B>r<76>R<LYS> 9.614 -10.404 19.239
c<B>r<77>R<PHE> 11.392 -13.667 20.118
c<B>r<78>R<ASP> 13.128 -13.952 23.465
c<B>r<79>R<SER> 16.795 -14.941 23.499
c<B>r<80>R<PHE> 17.542 -18.227 21.71
c<B>r<81>R<ALA> 20.571 -20.132 20.358
c<B>r<82>R<VAL> 22.228 -19.02 17.076
c<B>r<83>R<ILE> 25.674 -19.684 15.617
c<B>r<84>R<MET> 28.279 -17.071 16.69
c<B>r<85>R<LEU> 28.056 -15.511 13.226
c<B>r<86>R<CYS> 24.46 -14.522 13.944
c<B>r<87>R<VAL> 24.701 -13.188 17.48
c<B>r<88>R<GLY> 22.924 -9.914 18.088
c<B>r<89>R<ILE> 20.418 -10.037 15.176
c<B>r<90>R<PRO> 16.982 -8.404 15.778
c<B>r<91>R<THR> 14.273 -10.879 16.814
c<B>r<92>R<GLU> 11.205 -8.658 16.24
c<B>r<93>R<TRP> 8.864 -9.983 13.528
c<B>r<94>R<SER> 8.665 -8.175 10.164
c<B>r<95>R<VAL> 6.449 -8.797 7.084
c<B>r<96>R<VAL> 8.657 -8.303 4.063
c<B>r<105>R<VAL> 7.163 -13.019 8.283
c<B>r<106>R<LYS> 10.891 -12.592 8.948
c<B>r<107>R<ILE> 13.238 -11.536 11.672
c<B>r<108>R<GLY> 16.579 -9.753 11.551
c<B>r<109>R<GLU> 17.023 -6.765 9.254
c<B>r<110>R<ASN> 15.093 -6.868 6.013
c<B>r<111>R<LYS> 14.923 -4.257 3.27
c<B>r<112>R<ASP> 11.302 -4.539 2.123
c<B>r<113>R<ALA> 9.778 -4.786 5.63
c<B>r<114>R<MET> 6.195 -3.615 5.304
c<B>r<115>R<ASP> 5.124 -1.034 7.843
c<B>r<116>R<GLY> 2.121 -2.071 9.859
c<B>r<117>R<TRP> 0.942 -3.762 13.081
c<B>r<118>R<PHE> -0.198 -7.205 14.245
c<B>r<137>R<PRO> -0.328 -2.637 6.783
c<B>r<138>R<GLN> 1.068 0.691 6.508
c<B>r<139>R<GLN> 1.619 2.955 9.443
c<B>r<174>R<GLN> 1.083 -20.661 26.882
c<B>r<175>R<LYS> 2.663 -18.43 29.504
c<B>r<176>R<LEU> 6.382 -18.716 30.082
c<B>r<177>R<ASP> 7.223 -19.287 33.733
