c<A>r<91>R<HIS> 21.493 -10.276 27.317
c<A>r<92>R<PRO> 22.36 -13.68 25.763
c<A>r<93>R<ASN> 21.479 -12.388 22.275
c<A>r<94>R<PHE> 23.373 -9.081 22.444
c<A>r<95>R<ASN> 25.054 -8.504 19.121
c<A>r<96>R<GLY> 27.974 -6.049 19.267
c<A>r<97>R<ASN> 27.698 -5.217 15.536
c<A>r<98>R<THR> 24.013 -4.464 15.18
c<A>r<99>R<LEU> 23.609 -3.538 18.857
c<A>r<100>R<ASP> 20.407 -5.6 18.948
c<A>r<101>R<ASN> 19.482 -6.578 22.505
c<A>r<102>R<ASP> 21.715 -3.922 24.038
c<A>r<103>R<ILE> 20.693 -4.607 27.628
c<A>r<123>R<LEU> 9.226 -1.105 33.897
c<A>r<124>R<PRO> 6.843 -0.496 30.987
c<A>r<125>R<ARG> 3.229 -1.589 31.161
c<A>r<127>R<SER> 3.051 -1.225 27.338
c<A>r<128>R<CYS> 5.197 0.196 24.606
c<A>r<129>R<ALA> 4.963 3.959 24.161
c<A>r<130>R<ALA> 3.054 5.754 21.39
c<A>r<132>R<ALA> 4.966 7.876 18.891
c<A>r<133>R<GLY> 5.165 11.405 20.178
c<A>r<134>R<THR> 5.241 10.428 23.858
c<A>r<135>R<GLU> 7.304 12.842 25.868
c<A>r<136>R<CYS> 10.272 11.383 27.782
c<A>r<160>R<ALA> 12.556 14.424 24.089
c<A>r<161>R<PRO> 9.753 12.632 22.272
c<A>r<162>R<VAL> 9.548 9.11 20.933
c<A>r<163>R<LEU> 10.037 9.498 17.187
c<A>r<164>R<SER> 7.819 8.252 14.371
c<A>r<165>R<ASP> 8.669 4.886 12.84
c<A>r<166>R<SER> 9.334 6.711 9.562
c<A>r<167>R<SER> 11.626 9.324 11.218
c<A>r<168>R<CYS> 13.625 6.569 13.031
c<A>r<169>R<LYS> 14.03 3.968 10.3
c<A>r<170>R<SER> 14.676 6.579 7.589
c<A>r<171>R<SER> 17.584 7.911 9.671
c<A>r<172>R<TYR> 19.334 4.551 9.867
c<A>r<173>R<PRO> 18.252 2.501 6.8
c<A>r<174>R<GLY> 18.125 -1.191 7.54
c<A>r<175>R<GLN> 19.579 -0.795 11.084
c<A>r<176>R<ILE> 16.519 -0.332 13.365
c<A>r<177>R<THR> 15.374 -3.676 14.694
c<A>r<178>R<GLY> 12.089 -4.354 16.521
c<A>r<179>R<ASN> 14.1 -3.977 19.789
c<A>r<180>R<MET> 15.021 -0.324 19.14
c<A>r<181>R<ILE> 13.293 3.046 19.249
c<A>r<182>R<CYS> 14.455 6.526 18.399
c<A>r<183>R<VAL> 13.898 9.348 20.883
c<A>r<184>i<A>R<GLY> 15.02 12.871 20.183
c<A>r<184>R<PHE> 15.053 15.336 17.361
c<A>r<199>R<VAL> 14.66 7.158 28.962
c<A>r<200>R<VAL> 11.547 7.506 31.147
c<A>r<201>R<CYS> 8.184 8.362 29.62
c<A>r<202>R<ASN> 4.983 8.685 31.721
c<A>r<204>R<GLN> 7.949 4.043 32.747
c<A>r<209>R<LEU> 11.478 3.126 31.661
c<A>r<210>R<GLN> 10.927 2.821 27.871
c<A>r<211>R<GLY> 14.517 3.224 26.66
c<A>r<212>R<ILE> 18.145 2.564 27.493
c<A>r<213>R<VAL> 20.783 4.86 25.943
c<A>r<223>R<ASN> 18.904 13.323 10.968
c<A>r<224>R<LYS> 20.809 11.027 13.379
c<A>r<225>R<PRO> 18.655 10.816 16.474
c<A>r<226>R<GLY> 19.582 8.656 19.424
c<A>r<227>R<VAL> 18.652 4.975 19.223
c<A>r<228>R<TYR> 17.547 3.286 22.41
c<A>r<229>R<THR> 16.948 -0.276 23.534
c<A>r<230>R<LYS> 13.137 -0.793 23.539
c<A>r<231>R<VAL> 12.606 -1.82 27.14
c<A>r<232>R<CYS> 8.936 -2.847 26.626
c<A>r<233>R<ASN> 10.246 -5.982 24.809
c<A>r<234>R<TYR> 12.39 -7.046 27.798
c<A>r<235>R<VAL> 10.124 -7.102 30.848
c<A>r<236>R<ASN> 9.958 -10.915 30.821
c<A>r<237>R<TRP> 13.696 -11.282 30.425
c<A>r<238>R<ILE> 14.31 -8.809 33.237
c<A>r<239>R<GLN> 11.802 -10.425 35.624
c<A>r<240>R<GLN> 13.031 -13.946 34.823
c<A>r<241>R<THR> 16.707 -12.944 35.448
c<A>r<242>R<ILE> 15.843 -11.275 38.699
c<A>r<243>R<ALA> 13.822 -14.338 39.882
c<A>r<244>R<ALA> 16.67 -16.741 38.967
c<B>r<1>R<ASP> 5.03 6.142 -3.674
c<B>r<6>R<ASN> 13.691 -6.336 -2.663
c<B>r<19>R<ILE> 8.296 -10.2 5.017
c<B>r<20>R<LEU> 12.009 -10.457 5.698
c<B>r<21>R<SER> 13.681 -8.309 8.385
c<B>r<22>R<ASP> 16.712 -5.933 8.268
c<B>r<23>R<ILE> 18.471 -7.35 11.373
c<B>r<24>R<THR> 20.369 -10.322 9.875
c<B>r<25>R<ALA> 20.293 -11.85 13.354
c<B>r<26>R<PHE> 16.661 -12.512 12.395
c<B>r<27>R<GLY> 14.308 -14.351 10.109
c<B>r<28>R<GLY> 10.874 -14.091 8.581
c<B>r<29>R<ILE> 7.432 -13.591 10.078
c<B>r<34>R<THR> 2.208 -18.37 22.977
c<B>r<35>R<GLY> 1.163 -19.09 26.492
c<B>r<43>R<VAL> 2.404 -13.574 14.756
c<B>r<44>R<VAL> 6.135 -13.89 15.493
c<B>r<45>R<GLN> 9.438 -12.98 13.824
c<B>r<46>R<SER> 11.751 -15.995 13.433
c<B>r<47>R<ARG> 15.043 -16.012 15.4
c<B>r<48>R<ASN> 16.588 -18.307 12.806
c<B>r<49>R<GLU> 18.094 -15.961 10.264
c<B>r<69>R<GLU> 2.21 3.552 0.743
c<B>r<70>R<GLY> -0.608 4.663 2.993
c<B>r<96>R<VAL> -6.532 -7.671 19.702
c<B>r<97>R<GLU> -6.614 -5.349 22.64
c<B>r<98>R<ASP> -7.065 -5.838 26.404
c<B>r<99>R<LEU> -3.901 -7.942 26.556
c<B>r<100>R<PRO> -0.889 -7.825 28.813
c<B>r<101>R<GLU> 1.668 -7.566 25.994
c<B>r<102>R<GLY> 0.02 -4.473 24.631
c<B>r<103>R<PRO> -2.129 -4.618 21.441
c<B>r<104>R<ALA> -1.063 -7.912 19.929
c<B>r<105>R<VAL> -1.149 -9.091 16.344
c<B>r<119>R<ARG> -0.684 0.624 6.079
c<B>r<120>R<LEU> 2.898 0.461 4.801
c<B>r<121>R<GLU> 5.294 3.341 5.417
c<B>r<122>R<ARG> 8.766 3.794 3.919
c<B>r<123>R<VAL> 11.884 3.924 6.048
c<B>r<124>R<SER> 14.544 3.286 3.374
c<B>r<127>R<GLU> 19.751 -2.987 1.781
c<B>r<128>R<PHE> 17.433 0.038 1.424
c<B>r<129>R<ASN> 13.972 -1.175 0.38
c<B>r<130>R<ASN> 12.83 -0.965 3.988
c<B>r<131>R<TYR> 9.306 -0.288 5.272
c<B>r<132>R<LYS> 7.434 -0.427 8.525
c<B>r<133>R<LEU> 3.889 -1.63 9.155
c<B>r<134>R<VAL> 1.343 0.561 10.999
c<B>r<135>R<PHE> -2.11 -0.154 12.353
c<B>r<136>R<CYS> -4.813 2.488 11.99
c<B>r<137>R<PRO> -7.734 1.803 14.313
c<B>r<143>R<ASP> -4.943 9.155 10.92
c<B>r<144>R<LYS> -3.139 8.138 14.141
c<B>r<145>R<CYS> -1.688 4.647 13.643
c<B>r<146>R<GLY> 0.611 2.704 15.98
c<B>r<147>R<ASP> 3.935 1.178 14.874
c<B>r<148>R<ILE> 4.127 -2.578 14.815
c<B>r<149>R<GLY> 7.222 -3.451 16.867
c<B>r<150>R<ILE> 8.535 -6.498 18.779
c<B>r<151>R<SER> 7.698 -7.811 22.273
c<B>r<152>R<ILE> 9.944 -10.53 23.655
c<B>r<153>R<ASP> 8.456 -13.357 25.744
c<B>r<154>R<HIS> 9.12 -15.423 28.876
c<B>r<155>R<ASP> 10.173 -19.07 29.055
c<B>r<156>R<ASP> 10.28 -18.57 25.273
c<B>r<157>R<GLY> 12.338 -15.637 24.175
c<B>r<158>R<THR> 9.703 -15.124 21.472
c<B>r<159>R<ARG> 9.72 -11.834 19.566
c<B>r<160>R<ARG> 6.008 -11.273 19.103
c<B>r<161>R<LEU> 4.565 -8.482 16.988
c<B>r<162>R<VAL> 2.628 -5.938 19.083
c<B>r<163>R<VAL> 1.601 -2.366 18.401
c<B>r<164>R<SER> 4.555 -0.436 19.78
c<B>r<165>R<LYS> 4.735 3.362 19.97
c<B>r<166>R<ASN> 8.563 3.254 20.11
c<B>r<167>R<LYS> 8.338 0.259 17.855
c<B>r<168>R<PRO> 9.223 -0.249 14.766
c<B>r<169>R<LEU> 10.114 -3.482 13.032
c<B>r<170>R<VAL> 11.862 -2.653 9.783
c<B>r<171>R<VAL> 11.016 -5.164 7.139
c<B>r<172>R<GLN> 11.334 -5.934 3.491
c<B>r<173>R<PHE> 9.412 -8.11 1.145
