c<B>r<21>R<LYS> -3.536000 3.191000 -4.522000
c<B>r<24>R<HIS> -4.148000 1.976000 0.630000
c<B>r<27>R<MET> -6.678000 3.119000 5.102000
c<B>r<28>R<LYS> -3.281000 4.538000 6.228000
c<B>r<30>R<ALA> -7.783000 6.269000 9.039000
c<B>r<31>R<PHE> -5.059000 4.564000 11.154000
c<B>r<44>R<LEU> -15.418000 0.488000 4.850000
c<B>r<49>R<THR> -15.383000 -7.390000 -7.261000
c<B>r<50>R<GLY> -17.437000 -7.342000 -3.995000
c<B>r<51>R<LEU> -14.357000 -7.410000 -1.671000
c<B>r<52>R<VAL> -14.885000 -5.465000 1.585000
c<B>r<53>R<TYR> -11.761000 -3.734000 2.914000
c<B>r<54>R<THR> -12.089000 -2.269000 6.428000
c<B>r<55>R<PHE> -10.339000 -0.358000 9.167000
c<B>r<56>R<SER> -12.100000 -0.341000 12.577000
c<B>r<64>R<VAL> -17.469999 -5.986000 11.056000
c<B>r<65>R<THR> -16.882000 -9.124000 13.243000
c<B>r<70>R<ARG> -22.256001 -8.247000 8.782000
c<B>r<71>R<ASN> -25.952000 -8.821000 7.939000
c<B>r<73>R<ILE> -23.587999 -4.364000 5.700000
c<B>r<74>R<GLN> -24.757999 -7.220000 3.406000
c<B>r<77>R<LEU> -24.763000 -3.698000 -0.383000
c<B>r<78>R<ASN> -27.617001 -5.820000 -1.850000
c<C>r<1>R<GLY> -23.481001 -14.075000 -0.944000
c<C>r<2>R<LEU> -20.754999 -11.418000 -1.084000
c<C>r<3>R<VAL> -17.941999 -13.396000 0.538000
c<C>r<4>R<PHE> -17.386000 -10.988000 3.444000
c<C>r<5>R<ASN> -13.597000 -11.288000 3.196000
c<C>r<6>R<VAL> -12.643000 -8.707000 5.820000
c<C>r<7>R<VAL> -9.176000 -7.461000 4.921000
c<C>r<8>R<THR> -8.080000 -5.618000 8.088000
c<C>r<9>R<GLN> -5.241000 -3.094000 8.080000
c<C>r<10>R<ASP> -3.128000 -5.726000 9.940000
c<C>r<12>R<ILE> -2.649000 -5.270000 4.624000
c<C>r<13>R<ASN> 0.440000 -4.506000 6.803000
c<C>r<18>R<PRO> 4.857000 -0.702000 2.919000
c<C>r<19>R<TYR> 5.041000 0.317000 -0.772000
