c<A>r<1>R<LYS> 10.076000 -6.654000 -17.731001
c<A>r<2>R<PRO> 8.580000 -6.390000 -14.128000
c<A>r<3>R<PRO> 6.788000 -3.105000 -13.060000
c<A>r<4>R<SER> 9.375000 -0.585000 -11.956000
c<A>r<5>R<ALA> 7.345000 0.632000 -8.877000
c<A>r<6>R<ILE> 4.140000 0.605000 -6.883000
c<A>r<7>R<MET> 2.375000 3.930000 -7.471000
c<A>r<8>R<GLU> -0.829000 3.583000 -5.324000
c<A>r<9>R<THR> -1.231000 2.042000 -1.828000
c<A>r<10>R<ALA> -4.811000 1.704000 -0.615000
c<A>r<11>R<LEU> -6.115000 1.585000 2.950000
c<A>r<12>R<TYR> -9.661000 1.509000 4.199000
c<A>r<23>R<TYR> -2.280000 11.671000 7.731000
c<A>r<24>R<ARG> -2.280000 15.492000 7.222000
c<A>r<25>R<ASP> -1.343000 16.573999 10.781000
c<A>r<26>R<VAL> 0.775000 13.677000 11.944000
c<A>r<27>R<PHE> 2.718000 12.860000 8.743000
c<A>r<28>R<GLY> 2.285000 16.197001 6.850000
c<A>r<29>R<LEU> 1.115000 14.437000 3.663000
c<A>r<30>R<GLU> -0.357000 16.674999 0.912000
c<A>r<32>R<VAL> -4.589000 16.059999 -3.611000
c<A>r<43>R<LYS> 0.689000 12.397000 -2.262000
c<A>r<44>R<CYS> 3.834000 10.772000 -0.783000
c<A>r<45>R<GLY> 6.870000 11.437000 -2.944000
c<A>r<46>R<ARG> 6.101000 9.925000 -6.353000
c<A>r<47>R<GLN> 3.364000 7.657000 -4.788000
c<A>r<48>R<MET> -0.214000 7.970000 -3.677000
c<A>r<49>R<LEU> -1.761000 6.858000 -0.362000
c<A>r<50>R<LEU> -5.445000 6.178000 -1.089000
c<A>r<54>R<PRO> -14.919000 0.376000 2.179000
c<A>r<58>R<SER> -17.288000 -1.779000 -2.683000
c<A>r<65>R<PRO> -16.790001 1.806000 -14.485000
c<A>r<66>R<ILE> -13.801000 1.529000 -12.247000
c<A>r<67>R<PRO> -13.524000 -1.879000 -10.575000
c<A>r<68>R<ARG> -14.963000 -1.936000 -7.065000
c<A>r<69>R<HIS> -12.868000 -2.919000 -4.069000
c<A>r<70>R<GLY> -13.016000 -2.830000 -0.324000
c<A>r<71>R<ALA> -11.720000 -4.556000 2.746000
c<A>r<72>R<VAL> -12.631000 -4.707000 6.466000
c<A>r<73>R<GLY> -10.137000 -5.026000 9.218000
c<A>r<74>R<GLN> -6.775000 -3.576000 10.154000
c<A>r<75>R<GLY> -4.522000 -3.107000 7.017000
c<A>r<76>R<HIS> -0.773000 -2.428000 6.925000
c<A>r<77>R<PHE> 1.729000 -0.350000 5.030000
c<A>r<78>R<CYS> 5.140000 1.175000 5.736000
c<A>r<79>R<PHE> 6.629000 4.620000 5.117000
c<A>r<80>R<TYR> 10.284000 4.706000 4.057000
c<A>r<81>R<ALA> 12.943000 6.162000 6.433000
c<A>r<82>R<ASP> 16.618999 6.776000 5.416000
c<A>r<86>R<GLU> 14.780000 9.429000 10.867000
c<A>r<90>R<TRP> 9.154000 9.994000 13.937000
c<A>r<102>R<GLU> 2.642000 0.330000 19.507000
c<A>r<103>R<HIS> 6.127000 -0.990000 18.927000
c<A>r<104>R<TYR> 9.689000 0.077000 18.290001
c<A>r<105>R<HIS> 11.657000 -2.723000 16.653999
c<A>r<113>R<SER> 11.008000 0.467000 12.541000
c<A>r<114>R<VAL> 8.378000 2.237000 14.632000
c<A>r<115>R<TYR> 4.680000 1.230000 14.591000
c<A>r<116>R<ILE> 1.480000 3.141000 15.399000
c<A>r<117>R<ARG> -2.234000 2.722000 14.594000
c<A>r<121>R<GLY> -6.777000 0.696000 13.296000
c<A>r<122>R<ASN> -4.492000 0.148000 10.365000
c<A>r<123>R<SER> -0.922000 -0.696000 11.269000
c<A>r<124>R<VAL> 1.252000 2.166000 10.164000
c<A>r<125>R<GLU> 4.973000 1.511000 10.036000
c<A>r<126>R<VAL> 7.930000 3.845000 9.502000
c<A>r<127>R<GLY> 10.913000 1.738000 8.680000
c<A>r<128>R<GLU> 14.489000 2.034000 7.498000
c<A>r<129>R<GLY> 15.203000 1.219000 3.836000
c<A>r<132>R<TRP> 15.220000 -4.558000 2.468000
c<A>r<133>R<GLY> 18.591999 -3.496000 1.257000
c<A>r<134>R<PHE> 17.503000 -0.170000 -0.125000
c<A>r<135>R<GLU> 20.392000 2.114000 0.124000
c<B>r<1>R<PRO> 6.574000 14.454000 5.331000
c<B>r<2>R<PRO> 7.880000 10.830000 4.587000
c<B>r<3>R<SER> 9.660000 10.768000 1.254000
c<B>r<4>R<ALA> 8.039000 7.450000 0.042000
c<B>r<5>R<ILE> 5.906000 4.422000 0.773000
c<B>r<6>R<MET> 8.202000 1.409000 1.075000
c<B>r<7>R<GLU> 5.749000 -1.466000 1.851000
c<B>r<8>R<THR> 2.272000 -2.123000 0.346000
c<B>r<9>R<ALA> 0.322000 -4.959000 1.952000
c<B>r<10>R<LEU> -2.394000 -7.143000 0.439000
c<B>r<11>R<TYR> -4.172000 -10.088000 1.949000
c<B>r<22>R<TYR> 2.738000 -12.133000 -8.884000
c<B>r<23>R<ARG> 5.798000 -14.213000 -9.923000
c<B>r<25>R<VAL> 2.250000 -12.733000 -14.404000
c<B>r<26>R<PHE> 4.216000 -9.656000 -13.234000
c<B>r<27>R<GLY> 7.723000 -11.220000 -12.934000
c<B>r<28>R<LEU> 8.245000 -9.816000 -9.414000
c<B>r<29>R<GLU> 11.257000 -11.135000 -7.438000
c<B>r<31>R<VAL> 12.618000 -12.125000 -1.456000
c<B>r<42>R<LYS> 10.475000 -6.699000 -4.426000
c<B>r<43>R<CYS> 9.184000 -4.042000 -6.852000
c<B>r<44>R<GLY> 11.822000 -1.445000 -7.603000
c<B>r<45>R<ARG> 12.750000 0.147000 -4.277000
c<B>r<46>R<GLN> 9.402000 -1.056000 -2.725000
c<B>r<47>R<MET> 7.989000 -4.205000 -1.268000
c<B>r<48>R<LEU> 4.648000 -5.889000 -2.076000
c<B>r<49>R<LEU> 3.680000 -7.876000 1.040000
c<B>r<51>R<PHE> -0.204000 -11.987000 4.061000
c<B>r<53>R<PRO> -5.046000 -12.444000 7.125000
c<B>r<57>R<SER> -4.064000 -11.093000 12.698000
c<B>r<64>R<PRO> 6.294000 -8.560000 18.916000
c<B>r<65>R<ILE> 5.412000 -7.054000 15.596000
c<B>r<66>R<PRO> 1.946000 -5.449000 15.574000
c<B>r<67>R<ARG> -0.737000 -7.751000 14.201000
c<B>r<68>R<HIS> -2.837000 -6.764000 11.202000
c<B>r<69>R<GLY> -5.218000 -8.280000 8.769000
c<B>r<70>R<ALA> -8.089000 -7.437000 6.489000
c<B>r<71>R<VAL> -10.836000 -9.398000 4.692000
c<B>r<72>R<GLY> -12.207000 -8.429000 1.343000
c<B>r<73>R<GLN> -10.928000 -7.243000 -1.998000
c<B>r<74>R<GLY> -7.991000 -4.736000 -1.535000
c<B>r<75>R<HIS> -6.476000 -2.419000 -4.148000
c<B>r<76>R<PHE> -3.118000 -1.134000 -5.270000
c<B>r<77>R<CYS> -1.590000 0.152000 -8.520000
c<B>r<78>R<PHE> 1.658000 -0.598000 -10.332000
c<B>r<79>R<TYR> 3.377000 2.345000 -12.032000
c<B>r<80>R<ALA> 3.553000 2.461000 -15.882000
c<B>r<81>R<ASP> 5.653000 5.071000 -17.787001
c<B>r<85>R<GLU> 3.518000 0.196000 -21.202999
c<B>r<89>R<TRP> 0.474000 -5.288000 -19.813999
c<B>r<101>R<GLU> -11.730000 -6.248000 -15.758000
c<B>r<102>R<HIS> -11.392000 -2.750000 -17.152000
c<B>r<103>R<TYR> -9.287000 -0.602000 -19.438999
c<B>r<104>R<HIS> -9.732000 3.053000 -18.562000
c<B>r<112>R<SER> -4.972000 2.223000 -16.586000
c<B>r<113>R<VAL> -5.728000 -1.470000 -16.943001
c<B>r<114>R<TYR> -7.386000 -3.491000 -14.142000
c<B>r<115>R<ILE> -7.368000 -7.218000 -13.311000
c<B>r<116>R<ARG> -8.122000 -9.339000 -10.227000
c<B>r<120>R<GLY> -9.914000 -10.923000 -5.668000
c<B>r<121>R<ASN> -7.823000 -7.870000 -4.992000
c<B>r<122>R<SER> -8.074000 -5.141000 -7.585000
c<B>r<123>R<VAL> -4.751000 -4.857000 -9.318000
c<B>r<124>R<GLU> -4.171000 -1.761000 -11.397000
c<B>r<125>R<VAL> -1.384000 -0.864000 -13.818000
c<B>r<126>R<GLY> -1.602000 2.826000 -14.401000
c<B>r<127>R<GLU> 0.286000 5.597000 -16.111000
c<B>r<128>R<GLY> 2.297000 7.956000 -13.839000
c<B>r<131>R<TRP> -0.936000 11.911000 -10.778000
c<B>r<132>R<GLY> 1.601000 14.055000 -12.530000
c<B>r<133>R<PHE> 4.537000 11.636000 -12.018000
c<B>r<134>R<GLU> 6.042000 11.874000 -15.525000
