c<A>r<1>R<VAL> -1.540000 -4.329000 9.072000
c<A>r<2>R<PRO> 0.401000 -5.889000 6.173000
c<A>r<3>R<SER> 2.286000 -2.884000 4.728000
c<A>r<4>R<VAL> 0.680000 -2.523000 1.278000
c<A>r<5>R<SER> 3.832000 -1.919000 -0.805000
c<A>r<6>R<VAL> 2.880000 1.348000 -2.529000
c<A>r<8>R<PRO> 6.768000 5.109000 -5.628000
c<A>r<11>R<GLY> 0.878000 5.659000 -5.063000
c<A>r<12>R<SER> -2.314000 4.120000 -3.585000
c<A>r<13>R<HIS> -4.165000 1.446000 -5.635000
c<A>r<14>R<VAL> -7.877000 0.512000 -5.761000
c<A>r<15>R<VAL> -9.663000 -1.975000 -8.089000
c<A>r<16>R<LEU> -13.258000 -1.102000 -9.110000
c<A>r<17>R<PRO> -15.399000 -4.280000 -9.566000
c<A>r<18>R<GLN> -17.351999 -2.716000 -12.505000
c<A>r<24>R<LEU> -7.101000 3.277000 -10.252000
c<A>r<25>R<TRP> -3.935000 4.691000 -8.726000
c<A>r<26>R<GLN> -3.283000 8.025000 -7.037000
c<A>r<27>R<GLY> 0.318000 9.225000 -6.581000
c<A>r<33>R<ALA> 7.770000 13.597000 -2.809000
c<A>r<34>R<HIS> 10.635000 12.935000 -5.293000
c<A>r<89>R<TRP> -4.062000 9.751000 -11.454000
c<A>r<105>R<GLU> -3.825000 12.209000 -15.906000
c<A>r<106>R<THR> -3.078000 15.329000 -13.854000
c<A>r<107>R<HIS> -5.642000 18.098000 -13.282000
c<A>r<108>R<ARG> -8.018000 16.367001 -15.837000
c<A>r<190>R<GLY> 15.054000 3.504000 -3.719000
c<B>r<1>R<VAL> 9.605000 6.394000 1.916000
c<B>r<2>R<PRO> 6.342000 7.949000 3.285000
c<B>r<3>R<SER> 4.392000 5.031000 4.801000
c<B>r<4>R<VAL> 0.757000 5.787000 3.844000
c<B>r<5>R<SER> -1.269000 5.177000 7.043000
c<B>r<6>R<VAL> -4.143000 2.958000 5.837000
c<B>r<7>R<HIS> -7.404000 2.758000 7.883000
c<B>r<8>R<PRO> -7.849000 -0.907000 9.059000
c<B>r<11>R<GLY> -7.996000 0.042000 3.201000
c<B>r<12>R<SER> -6.381000 1.919000 0.265000
c<B>r<13>R<HIS> -7.780000 5.382000 -0.641000
c<B>r<14>R<VAL> -7.913000 7.283000 -3.957000
c<B>r<15>R<VAL> -9.619000 10.635000 -4.731000
c<B>r<16>R<LEU> -11.202000 10.984000 -8.203000
c<B>r<17>R<PRO> -10.946000 14.663000 -9.337000
c<B>r<18>R<GLN> -14.316000 14.480000 -11.234000
c<B>r<24>R<LEU> -12.909000 5.563000 -3.236000
c<B>r<25>R<TRP> -11.573000 3.014000 -0.763000
c<B>r<26>R<GLN> -10.777000 -0.673000 -1.108000
c<B>r<27>R<GLY> -10.448000 -2.789000 2.058000
c<B>r<33>R<ALA> -7.298000 -9.762000 7.625000
c<B>r<34>R<HIS> -9.268000 -9.299000 10.895000
c<B>r<89>R<TRP> -15.550000 -1.017000 -1.601000
c<B>r<105>R<GLU> -20.473000 -2.289000 -1.248000
c<B>r<106>R<THR> -19.264000 -5.886000 -1.577000
c<B>r<107>R<HIS> -19.681999 -7.978000 -4.743000
c<B>r<108>R<ARG> -21.886999 -5.147000 -6.253000
c<B>r<190>R<GLY> -4.962000 -1.988000 17.136000
c<B>r<193>R<GLY> -6.290000 3.088000 13.700000
