c<A>r<70>R<LEU> 13.561000 12.261000 -1.863000
c<A>r<71>R<ARG> 14.029000 9.921000 1.189000
c<A>r<72>R<GLN> 14.218000 12.798000 3.735000
c<A>r<73>R<GLU> 12.760000 15.829000 1.883000
c<A>r<74>R<PRO> 9.321000 16.582001 3.504000
c<A>r<75>R<VAL> 6.658000 15.801000 0.807000
c<A>r<76>R<ALA> 5.054000 19.268999 1.336000
c<A>r<88>R<HIS> -5.316000 17.052999 -3.898000
c<A>r<89>R<PRO> -1.591000 15.975000 -3.526000
c<A>r<90>R<GLN> -1.128000 12.180000 -2.995000
c<A>r<91>R<VAL> 2.099000 10.468000 -1.757000
c<A>r<92>R<TYR> 3.722000 7.506000 -3.523000
c<A>r<93>R<GLU> 7.003000 5.598000 -2.927000
c<A>r<96>R<ALA> 13.943000 1.874000 -0.398000
c<A>r<97>R<PRO> 11.585000 4.621000 -0.054000
c<A>r<99>R<TYR> 8.710000 9.718000 -1.364000
c<A>r<101>R<VAL> 3.863000 13.597000 -4.837000
c<A>r<127>R<GLY> -16.100000 -4.321000 -18.509001
c<A>r<128>R<ASN> -14.181000 -4.913000 -15.294000
c<A>r<131>R<ALA> -5.252000 -5.395000 -11.421000
c<A>r<132>R<ALA> -2.963000 -8.068000 -9.873000
c<A>r<133>R<ILE> -0.445000 -5.275000 -8.994000
c<A>r<134>R<PRO> 0.624000 -3.144000 -5.955000
c<A>r<135>R<THR> -1.744000 -0.430000 -4.673000
c<A>r<136>R<GLY> -1.100000 1.411000 -1.316000
c<A>r<137>R<PRO> 2.059000 3.609000 -1.707000
c<A>r<138>R<HIS> 2.559000 2.530000 -5.421000
c<A>r<141>R<GLY> -2.431000 1.231000 -8.498000
c<A>r<145>R<LYS> -7.909000 2.503000 -11.277000
c<A>r<149>R<LEU> -12.903000 3.734000 -15.353000
c<A>r<153>R<GLY> -16.177000 -1.218000 -15.831000
c<A>r<154>R<MET> -15.111000 -1.423000 -12.167000
c<A>r<155>R<PHE> -11.556000 -1.668000 -10.775000
c<A>r<156>R<PHE> -10.699000 -4.891000 -8.891000
c<A>r<157>R<SER> -7.338000 -5.536000 -7.136000
c<A>r<158>R<ILE> -5.597000 -8.078000 -4.854000
c<A>r<159>R<ASP> -3.606000 -7.775000 -1.646000
c<A>r<160>R<ILE> 0.026000 -7.919000 -2.897000
c<A>r<161>R<ASP> 3.230000 -6.990000 -1.032000
c<A>r<162>R<PRO> 6.087000 -6.300000 -3.548000
c<A>r<163>R<ARG> 8.494000 -5.457000 -0.630000
c<A>r<164>R<TRP> 7.896000 -8.860000 1.040000
c<A>r<167>R<ARG> 12.963000 -9.050000 0.788000
c<A>r<176>R<THR> 8.144000 -18.039000 1.236000
c<A>r<179>R<LYS> 3.923000 -19.849001 -0.998000
c<A>r<180>R<TYR> 3.350000 -16.132999 -1.755000
c<A>r<183>R<HIS> -1.374000 -16.850000 -2.581000
c<A>r<184>R<LEU> -1.478000 -14.197000 -5.380000
c<A>r<187>R<GLN> -6.597000 -14.388000 -5.156000
c<A>r<190>R<ASN> -11.128000 -16.195000 -7.016000
c<A>r<191>R<THR> -11.981000 -12.898000 -8.812000
c<A>r<193>R<MET> -13.969000 -17.327000 -11.508000
c<A>r<194>R<ASN> -16.709999 -15.343000 -9.617000
c<A>r<195>R<GLN> -16.969999 -11.996000 -11.596000
c<A>r<196>R<ASP> -16.868999 -11.062000 -15.339000
c<B>r<70>R<LEU> -22.112000 -11.239000 -2.596000
c<B>r<71>R<ARG> -19.403000 -13.743000 -3.786000
c<B>r<72>R<GLN> -20.990000 -14.446000 -7.212000
c<B>r<73>R<GLU> -23.496000 -11.578000 -7.610000
c<B>r<74>R<PRO> -22.021000 -9.359000 -10.420000
c<B>r<75>R<VAL> -20.930000 -6.045000 -8.753000
c<B>r<76>R<ALA> -22.886999 -4.071000 -11.430000
c<B>r<88>R<HIS> -18.000999 6.162000 -10.042000
c<B>r<89>R<PRO> -18.688999 2.807000 -8.186000
c<B>r<90>R<GLN> -15.629000 1.228000 -6.450000
c<B>r<91>R<VAL> -15.310000 -2.481000 -5.473000
c<B>r<92>R<TYR> -14.186000 -3.634000 -2.021000
c<B>r<93>R<GLU> -13.929000 -7.157000 -0.502000
c<B>r<96>R<ALA> -13.298000 -15.341000 1.334000
c<B>r<97>R<PRO> -14.438000 -12.700000 -0.838000
c<B>r<99>R<TYR> -17.596001 -8.260000 -3.220000
c<B>r<101>R<VAL> -19.709000 -1.521000 -4.066000
c<B>r<128>R<ASN> 0.287000 13.948000 7.717000
c<B>r<131>R<ALA> -2.151000 4.524000 7.692000
c<B>r<132>R<ALA> -0.433000 1.214000 8.620000
c<B>r<133>R<ILE> -3.626000 -0.617000 7.428000
c<B>r<134>R<PRO> -4.820000 -2.508000 4.268000
c<B>r<135>R<THR> -5.483000 -0.616000 1.014000
c<B>r<136>R<GLY> -6.121000 -2.516000 -2.309000
c<B>r<137>R<PRO> -9.594000 -4.203000 -2.113000
c<B>r<138>R<HIS> -10.200000 -3.002000 1.552000
c<B>r<141>R<GLY> -7.830000 2.246000 3.079000
c<B>r<145>R<LYS> -7.337000 8.491000 2.890000
c<B>r<149>R<LEU> -7.699000 14.970000 3.935000
c<B>r<153>R<GLY> -1.979000 16.763000 5.573000
c<B>r<154>R<MET> -1.018000 13.970000 3.154000
c<B>r<155>R<PHE> -1.953000 10.261000 3.323000
c<B>r<156>R<PHE> 0.957000 7.816000 3.761000
c<B>r<157>R<SER> 0.403000 4.013000 3.610000
c<B>r<158>R<ILE> 2.384000 0.738000 3.717000
c<B>r<159>R<ASP> 2.381000 -2.480000 1.728000
c<B>r<160>R<ILE> 0.424000 -4.870000 4.024000
c<B>r<161>R<ASP> -1.273000 -8.186000 3.116000
c<B>r<162>R<PRO> -4.044000 -9.121000 5.654000
c<B>r<163>R<ARG> -4.899000 -12.342000 3.663000
c<B>r<164>R<TRP> -1.278000 -13.571000 3.881000
c<B>r<167>R<ARG> -3.330000 -17.681999 5.851000
c<B>r<168>R<SER> 0.011000 -17.886000 7.770000
c<B>r<176>R<THR> 6.246000 -16.322001 8.836000
c<B>r<179>R<LYS> 8.845000 -12.228000 10.189000
c<B>r<180>R<TYR> 5.936000 -10.400000 8.452000
c<B>r<183>R<HIS> 8.515000 -6.281000 7.967000
c<B>r<184>R<LEU> 5.457000 -4.011000 8.596000
c<B>r<187>R<GLN> 8.006000 0.186000 6.962000
c<B>r<190>R<ASN> 10.997000 4.138000 7.751000
c<B>r<191>R<THR> 8.085000 6.633000 7.328000
c<B>r<193>R<MET> 11.785000 8.572000 11.050000
c<B>r<194>R<ASN> 11.959000 10.404000 7.642000
c<B>r<195>R<GLN> 8.654000 12.449000 7.444000
c<B>r<196>R<ASP> 6.608000 14.527000 9.962000
