c<A>r<1>R<VAL> 3.105000 27.906000 -15.120000
c<A>r<2>R<PRO> 0.143000 29.049000 -12.909000
c<A>r<3>R<PRO> 0.819000 29.041000 -9.106000
c<A>r<4>R<HIS> -0.016000 25.724001 -7.381000
c<A>r<5>R<VAL> -3.341000 25.804001 -5.483000
c<A>r<6>R<PRO> -3.698000 22.969000 -2.901000
c<A>r<7>R<PHE> -6.987000 21.049999 -2.932000
c<A>r<8>R<GLU> -9.431000 22.431000 -0.344000
c<A>r<19>R<VAL> -24.313999 14.408000 -0.649000
c<A>r<20>R<GLN> -23.041000 13.447000 -4.147000
c<A>r<21>R<TYR> -21.042000 10.526000 -2.614000
c<A>r<22>R<ALA> -23.719000 9.318000 -0.129000
c<A>r<23>R<THR> -26.545000 9.375000 -2.760000
c<A>r<24>R<ASN> -24.913000 6.339000 -4.487000
c<A>r<25>R<PRO> -27.711000 3.640000 -4.263000
c<A>r<28>R<HIS> -29.219000 3.954000 0.787000
c<A>r<29>R<ASP> -31.209000 2.691000 3.771000
c<A>r<45>R<ARG> -28.608999 8.360000 5.516000
c<A>r<46>R<PRO> -27.966999 10.898000 2.633000
c<A>r<47>R<GLN> -31.191000 12.808000 3.593000
c<A>r<48>R<VAL> -29.593000 14.027000 6.918000
c<A>r<80>R<GLU> -12.613000 0.429000 2.356000
c<A>r<81>R<ALA> -13.315000 1.253000 -1.360000
c<A>r<82>R<ASP> -9.655000 0.163000 -2.020000
c<A>r<83>R<LEU> -10.039000 -3.189000 -0.178000
c<A>r<84>R<VAL> -11.110000 -6.387000 -2.020000
c<A>r<85>R<PHE> -14.170000 -8.017000 -0.433000
c<A>r<86>R<PHE> -16.066999 -10.991000 -1.828000
c<A>r<87>R<PRO> -19.424000 -12.276000 -0.478000
c<A>r<88>R<LYS> -19.131001 -15.762000 1.148000
c<A>r<89>R<SER> -22.025000 -16.979000 -1.121000
c<A>r<90>R<GLY> -20.424000 -15.466000 -4.286000
c<A>r<91>R<LEU> -21.202000 -12.392000 -6.466000
c<A>r<92>R<LYS> -24.487000 -13.758000 -7.935000
c<A>r<95>R<GLU> -22.833000 -7.690000 -9.325000
c<A>r<98>R<PHE> -19.808001 -4.775000 -6.598000
c<A>r<99>R<ARG> -19.417999 -2.553000 -9.730000
c<A>r<100>R<ALA> -20.910000 0.549000 -8.038000
c<A>r<101>R<PHE> -18.681999 0.179000 -4.912000
c<A>r<102>R<TYR> -15.384000 -0.311000 -6.820000
c<A>r<103>R<SER> -16.171000 2.112000 -9.701000
c<A>r<104>R<PRO> -13.526000 4.829000 -10.448000
c<A>r<105>R<ALA> -16.346001 7.428000 -10.038000
c<A>r<106>R<ASN> -17.281000 6.266000 -6.472000
c<A>r<107>R<ARG> -13.533000 6.285000 -5.538000
c<A>r<108>R<ALA> -13.007000 9.805000 -6.997000
c<A>r<109>R<LEU> -16.051001 11.107000 -5.002000
c<A>r<110>R<GLY> -14.767000 9.474000 -1.765000
c<A>r<111>R<GLU> -11.177000 10.800000 -2.220000
c<A>r<112>R<ARG> -12.613000 14.320000 -2.861000
c<A>r<113>R<ILE> -14.312000 14.469000 0.614000
c<A>r<114>R<ARG> -11.642000 12.438000 2.514000
c<A>r<115>R<PRO> -9.050000 15.215000 3.374000
c<A>r<116>R<ALA> -11.708000 17.488001 4.953000
c<A>r<118>R<GLU> -9.982000 13.352000 8.069000
c<A>r<175>R<LEU> -12.758000 -9.432000 9.921000
c<A>r<176>R<SER> -10.528000 -7.398000 7.513000
c<A>r<177>R<GLU> -7.398000 -7.634000 9.710000
c<A>r<178>R<ALA> -4.079000 -6.193000 8.469000
c<A>r<179>R<SER> -5.974000 -4.203000 5.709000
c<A>r<180>R<PRO> -4.855000 -0.767000 7.082000
c<A>r<181>R<MET> -1.308000 -2.165000 7.574000
c<A>r<182>R<MET> -1.088000 -3.644000 4.045000
c<A>r<183>R<ARG> -1.278000 -0.127000 2.466000
c<A>r<184>R<ASN> 2.224000 0.442000 3.941000
c<A>r<185>R<VAL> 3.683000 -2.647000 2.107000
c<A>r<186>R<LEU> 2.753000 -1.080000 -1.255000
c<A>r<187>R<GLY> 5.845000 0.322000 -3.084000
c<A>r<188>R<TYR> 9.547000 -0.301000 -2.348000
c<A>r<189>R<TYR> 11.646000 0.827000 0.638000
c<A>r<190>R<GLY> 14.158000 -2.007000 1.200000
c<A>r<191>R<PRO> 14.781000 -4.384000 4.183000
c<A>r<193>R<GLN> 9.516000 -3.578000 4.142000
c<A>r<194>R<SER> 10.581000 -7.272000 4.179000
c<A>r<197>R<PHE> 5.653000 -8.281000 5.373000
c<A>r<198>R<LYS> 6.353000 -10.891000 8.114000
c<A>r<201>R<ILE> 1.507000 -12.402000 6.733000
c<A>r<204>R<THR> -3.788000 -12.085000 7.486000
c<A>r<205>R<LYS> -4.411000 -15.560000 9.074000
c<A>r<207>R<SER> -9.415000 -13.004000 10.492000
c<A>r<208>R<THR> -10.442000 -16.712999 10.061000
c<A>r<223>R<LEU> -18.160999 -8.431000 6.953000
c<A>r<243>R<TYR> -6.166000 7.373000 8.056000
c<A>r<245>R<GLY> -2.171000 3.871000 6.332000
c<A>r<246>R<LYS> -3.753000 5.922000 3.471000
c<A>r<247>R<ASN> -1.720000 9.086000 4.219000
c<A>r<248>R<HIS> 1.929000 7.924000 3.866000
c<A>r<249>R<GLU> 3.005000 11.444000 5.035000
c<A>r<250>R<LEU> 2.059000 9.914000 8.438000
c<A>r<251>R<PHE> 3.934000 6.594000 7.800000
c<A>r<311>R<LEU> 14.047000 3.302000 9.903000
c<A>r<312>R<VAL> 15.596000 5.718000 12.482000
c<A>r<313>R<GLU> 19.096001 4.651000 11.274000
c<A>r<314>R<ALA> 18.136000 5.123000 7.564000
c<A>r<315>R<HIS> 16.152000 8.424000 7.870000
c<A>r<316>R<GLY> 17.700001 9.993000 11.033000
c<A>r<318>R<GLY> 13.922000 13.602000 12.779000
c<A>r<319>R<ILE> 11.270000 10.806000 12.426000
c<B>r<1>R<VAL> -32.981998 11.157000 -1.141000
c<B>r<2>R<PRO> -31.441000 13.545000 -3.749000
c<B>r<3>R<PRO> -30.902000 11.810000 -7.146000
c<B>r<4>R<HIS> -27.436001 10.259000 -7.579000
c<B>r<5>R<VAL> -25.306999 12.183000 -10.123000
c<B>r<6>R<PRO> -22.381001 10.111000 -11.530000
c<B>r<7>R<PHE> -18.955999 11.766000 -11.262000
c<B>r<8>R<GLU> -17.841000 13.105000 -14.665000
c<B>r<19>R<VAL> -3.229000 21.863001 -14.559000
c<B>r<20>R<GLN> -4.039000 22.128000 -10.808000
c<B>r<21>R<TYR> -2.436000 18.670000 -10.221000
c<B>r<22>R<ALA> 0.635000 19.166000 -12.484000
c<B>r<23>R<THR> 1.463000 22.646999 -11.002000
c<B>r<24>R<ASN> 2.519000 20.922001 -7.725000
c<B>r<25>R<PRO> 6.246000 21.969000 -7.388000
c<B>r<28>R<HIS> 8.097000 21.004999 -12.206000
c<B>r<45>R<ARG> 5.530000 20.014999 -18.103001
c<B>r<46>R<PRO> 2.400000 21.868999 -16.704000
c<B>r<47>R<GLN> 2.965000 24.683001 -19.301001
c<B>r<48>R<VAL> 1.983000 22.306000 -22.208000
c<B>r<80>R<GLU> 2.157000 5.729000 -7.422000
c<B>r<81>R<ALA> 0.901000 8.358000 -4.872000
c<B>r<82>R<ASP> -0.376000 5.372000 -2.758000
c<B>r<83>R<LEU> 2.966000 3.446000 -2.924000
c<B>r<84>R<VAL> 5.616000 3.846000 -0.169000
c<B>r<85>R<PHE> 8.978000 4.890000 -1.620000
c<B>r<86>R<PHE> 12.003000 5.849000 0.479000
c<B>r<87>R<PRO> 15.246000 7.367000 -0.933000
c<B>r<88>R<LYS> 18.306999 5.041000 -0.605000
c<B>r<89>R<SER> 20.240999 7.936000 1.093000
c<B>r<90>R<GLY> 17.298000 8.712000 3.458000
c<B>r<91>R<LEU> 14.756000 11.582000 3.693000
c<B>r<92>R<LYS> 17.290001 14.328000 4.643000
c<B>r<95>R<GLU> 11.150000 16.037001 3.470000
c<B>r<98>R<PHE> 7.920000 13.549000 0.628000
c<B>r<99>R<ARG> 5.108000 15.563000 2.335000
c<B>r<100>R<ALA> 3.917000 17.177999 -0.936000
c<B>r<101>R<PHE> 3.838000 13.796000 -2.768000
c<B>r<102>R<TYR> 1.890000 11.837000 -0.091000
c<B>r<103>R<SER> -0.331000 14.785000 0.987000
c<B>r<104>R<PRO> -4.129000 14.081000 1.045000
c<B>r<105>R<ALA> -4.531000 17.179001 -1.215000
c<B>r<106>R<ASN> -2.166000 15.824000 -3.958000
c<B>r<107>R<ARG> -3.984000 12.427000 -3.769000
c<B>r<108>R<ALA> -7.454000 14.076000 -4.039000
c<B>r<109>R<LEU> -6.283000 16.058001 -7.151000
c<B>r<110>R<GLY> -4.872000 12.870000 -8.761000
c<B>r<111>R<GLU> -8.012000 10.770000 -8.007000
c<B>r<112>R<ARG> -10.211000 13.567000 -9.480000
c<B>r<113>R<ILE> -8.501000 13.371000 -12.948000
c<B>r<114>R<ARG> -7.841000 9.572000 -12.892000
c<B>r<115>R<PRO> -11.223000 8.198000 -14.242000
c<B>r<116>R<ALA> -11.134000 10.450000 -17.348000
c<B>r<118>R<GLU> -7.949000 6.000000 -17.559999
c<B>r<175>R<LEU> 12.154000 -1.548000 -9.281000
c<B>r<176>R<SER> 8.674000 -1.376000 -7.609000
c<B>r<177>R<GLU> 7.796000 -5.011000 -8.461000
c<B>r<178>R<ALA> 4.517000 -6.539000 -7.212000
c<B>r<179>R<SER> 3.167000 -2.981000 -6.349000
c<B>r<180>R<PRO> 0.182000 -3.211000 -8.802000
c<B>r<181>R<MET> -0.451000 -6.825000 -7.647000
c<B>r<182>R<MET> -0.359000 -5.971000 -3.911000
c<B>r<183>R<ARG> -3.485000 -3.739000 -4.294000
c<B>r<184>R<ASN> -5.443000 -7.004000 -4.878000
c<B>r<185>R<VAL> -4.298000 -8.500000 -1.496000
c<B>r<186>R<LEU> -5.857000 -5.548000 0.383000
c<B>r<187>R<GLY> -9.102000 -6.637000 2.171000
c<B>r<188>R<TYR> -10.419000 -10.159000 2.894000
c<B>r<189>R<TYR> -11.723000 -12.768000 0.424000
c<B>r<190>R<GLY> -10.657000 -16.141001 1.881000
c<B>r<191>R<PRO> -8.319000 -18.923000 0.579000
c<B>r<193>R<GLN> -6.123000 -14.377000 -1.189000
c<B>r<194>R<SER> -3.749000 -16.672001 0.784000
c<B>r<197>R<PHE> 0.050000 -13.738000 -1.099000
c<B>r<198>R<LYS> 2.456000 -16.598000 -2.026000
c<B>r<201>R<ILE> 5.967000 -12.744000 -1.431000
c<B>r<204>R<THR> 8.690000 -8.652000 -3.652000
c<B>r<205>R<LYS> 12.248000 -10.183000 -3.451000
c<B>r<207>R<SER> 13.390000 -5.881000 -7.117000
c<B>r<208>R<THR> 16.840000 -6.286000 -5.382000
c<B>r<223>R<LEU> 13.529000 4.501000 -8.601000
c<B>r<243>R<TYR> -5.349000 0.578000 -13.736000
c<B>r<245>R<GLY> -5.150000 -3.236000 -9.651000
c<B>r<246>R<LYS> -6.655000 0.139000 -8.558000
c<B>r<247>R<ASN> -10.097000 -0.581000 -10.094000
c<B>r<248>R<HIS> -11.253000 -3.762000 -8.263000
c<B>r<249>R<GLU> -14.340000 -3.784000 -10.582000
c<B>r<250>R<LEU> -11.713000 -5.191000 -13.015000
c<B>r<251>R<PHE> -10.255000 -7.675000 -10.438000
c<B>r<311>R<LEU> -12.606000 -17.954000 -8.002000
c<B>r<312>R<VAL> -14.717000 -19.427000 -10.878000
c<B>r<313>R<GLU> -16.054001 -22.101000 -8.450000
c<B>r<314>R<ALA> -16.882999 -19.427000 -5.785000
c<B>r<315>R<HIS> -18.355000 -16.662001 -8.049000
c<B>r<316>R<GLY> -19.636999 -18.754999 -11.025000
c<B>r<318>R<GLY> -20.021999 -15.132000 -15.160000
c<B>r<319>R<ILE> -16.441000 -13.936000 -14.307000
