c<A>r<46>R<PHE> -5.703000 5.056000 3.071000
c<A>r<49>R<LYS> -10.273000 4.634000 5.691000
c<A>r<50>R<HIS> -10.066000 0.907000 4.924000
c<A>r<53>R<ASN> -11.433000 -4.245000 5.213000
c<A>r<54>R<PHE> -7.653000 -4.501000 5.678000
c<A>r<56>R<THR> -10.511000 -8.900000 7.181000
c<A>r<57>R<PHE> -8.336000 -9.236000 4.075000
c<A>r<58>R<CYS> -5.224000 -9.838000 6.124000
c<A>r<60>R<GLN> -8.145000 -14.331000 5.151000
c<A>r<61>R<LEU> -4.802000 -14.074000 3.529000
c<A>r<63>R<ALA> -5.449000 -18.204000 7.095000
c<A>r<64>R<VAL> -4.107000 -19.899000 3.946000
c<A>r<70>R<SER> 1.341000 -16.961000 -3.616000
c<A>r<71>R<PRO> -2.019000 -15.579000 -2.324000
c<A>r<72>R<TYR> -0.477000 -12.181000 -1.710000
c<A>r<73>R<GLN> 1.031000 -12.216000 -5.240000
c<A>r<74>R<ASP> -2.467000 -13.006000 -6.518000
c<A>r<75>R<VAL> -3.782000 -9.972000 -4.639000
c<A>r<76>R<VAL> -1.099000 -7.623000 -6.180000
c<A>r<77>R<ARG> -1.647000 -9.046000 -9.700000
c<A>r<78>R<THR> -5.427000 -8.836000 -9.462000
c<A>r<79>R<VAL> -5.239000 -5.183000 -8.393000
c<A>r<80>R<GLY> -2.791000 -4.413000 -11.242000
c<A>r<81>R<ASN> -4.779000 -6.319000 -13.915000
c<A>r<82>R<ALA> -8.171000 -5.035000 -12.915000
c<A>r<83>R<GLN> -9.645000 -3.493000 -16.027000
c<A>r<84>R<THR> -9.918000 0.202000 -15.709000
c<A>r<86>R<GLN> -7.755000 4.910000 -16.165001
c<A>r<87>R<CYS> -4.274000 3.489000 -15.695000
c<A>r<88>R<PRO> -2.964000 2.170000 -12.315000
c<A>r<89>R<SER> -4.467000 4.888000 -10.593000
c<A>r<90>R<TYR> -2.771000 6.704000 -7.668000
c<A>r<91>R<GLY> -5.451000 4.917000 -5.587000
c<A>r<92>R<ARG> -4.265000 1.521000 -6.616000
c<A>r<93>R<LEU> -0.669000 2.568000 -6.021000
c<A>r<94>R<ILE> -1.473000 3.786000 -2.530000
c<A>r<95>R<GLY> -3.718000 0.802000 -1.898000
c<A>r<96>R<LEU> -1.016000 -1.744000 -2.803000
c<A>r<99>R<PHE> -2.121000 -2.987000 2.227000
c<A>r<143>R<ASP> 0.514000 15.166000 -10.003000
c<A>r<144>R<PHE> 0.508000 12.510000 -7.275000
c<A>r<145>R<THR> 1.879000 15.040000 -4.713000
c<A>r<146>R<LEU> -1.054000 17.414000 -5.536000
c<A>r<147>R<GLY> -3.479000 14.974000 -3.964000
c<A>r<148>R<LYS> -5.478000 16.601999 -1.053000
c<A>r<149>R<GLN> -5.208000 13.528000 1.226000
c<A>r<150>R<LYS> -4.180000 15.571000 4.234000
c<A>r<151>R<GLU> -6.726000 18.323999 4.116000
c<A>r<152>R<ASP> -9.651000 15.953000 4.573000
c<C>r<1>R<SER> -5.719000 -18.917000 -4.608000
c<C>r<2>R<SER> -9.273000 -17.787001 -4.984000
c<C>r<3>R<ILE> -8.638000 -15.593000 -1.987000
c<C>r<4>R<GLY> -5.932000 -13.443000 -3.666000
c<C>r<5>R<TYR> -8.335000 -12.855000 -6.613000
c<C>r<6>R<GLU> -11.173000 -11.963000 -4.210000
c<C>r<7>R<ILE> -9.093000 -9.571000 -2.040000
c<C>r<8>R<GLY> -7.379000 -8.062000 -5.164000
c<C>r<9>R<SER> -10.808000 -7.348000 -6.799000
c<C>r<10>R<LYS> -11.981000 -5.446000 -3.721000
c<C>r<11>R<LEU> -8.728000 -3.536000 -3.402000
c<C>r<12>R<ALA> -8.842000 -2.567000 -7.116000
c<C>r<13>R<ALA> -12.018000 -0.564000 -6.237000
c<C>r<14>R<CYS> -9.587000 1.968000 -4.716000
c<C>r<15>R<ASP> -9.824000 3.835000 -8.004000
c<C>r<16>R<ASP> -12.414000 5.749000 -6.057000
c<C>r<17>R<PHE> -9.694000 7.098000 -3.886000
c<C>r<18>R<ASP> -8.156000 8.800000 -6.932000
c<C>r<19>R<ALA> -11.514000 10.598000 -7.557000
c<C>r<20>R<GLN> -11.745000 11.662000 -3.963000
c<C>r<21>R<SER> -8.176000 12.774000 -3.486000
c<C>r<22>R<TYR> -7.107000 13.890000 -6.869000
c<C>r<23>R<SER> -10.268000 15.158000 -8.495000
c<C>r<24>R<ALA> -9.386000 18.844999 -8.522000
