c<A>r<2>R<ILE> 8.435000 15.708000 -9.726000
c<A>r<4>R<LEU> 10.735000 13.797000 -4.209000
c<A>r<37>R<GLN> -9.783000 14.517000 0.888000
c<A>r<38>R<SER> -8.469000 11.579000 2.912000
c<A>r<39>R<MET> -9.865000 8.189000 2.175000
c<A>r<40>R<LEU> -9.951000 5.093000 4.439000
c<A>r<41>R<THR> -10.691000 1.572000 3.242000
c<A>r<42>R<TRP> -11.256000 -0.537000 6.361000
c<A>r<43>R<GLU> -11.286000 -4.136000 5.235000
c<A>r<44>R<ASP> -14.377000 -4.029000 2.769000
c<A>r<45>R<THR> -15.716000 -0.514000 3.422000
c<A>r<46>R<GLN> -14.585000 2.943000 2.159000
c<A>r<48>R<GLN> -14.178000 9.660000 2.680000
c<A>r<71>R<ARG> 7.868000 -4.813000 8.161000
c<A>r<73>R<ASP> 8.509000 -0.420000 3.427000
c<A>r<74>R<CYS> 8.568000 3.214000 2.211000
c<A>r<75>R<GLN> 9.038000 4.849000 -1.205000
c<A>r<76>R<PRO> 8.968000 8.399000 -2.208000
c<A>r<77>R<SER> 5.804000 9.643000 -4.002000
c<A>r<78>R<PRO> 5.239000 12.875000 -6.014000
c<A>r<79>R<ASN> 4.980000 16.264999 -4.234000
c<A>r<82>R<SER> 5.706000 8.897000 0.904000
c<A>r<83>R<ILE> 4.042000 5.563000 0.193000
c<A>r<84>R<VAL> 4.144000 3.378000 3.319000
c<A>r<85>R<PHE> 3.383000 -0.359000 3.239000
c<A>r<86>R<VAL> 3.060000 -1.996000 6.645000
c<A>r<87>R<THR> 2.733000 -5.701000 7.522000
c<A>r<88>R<GLY> 2.278000 -7.162000 11.026000
c<A>r<99>R<LYS> -2.069000 -10.838000 10.353000
c<A>r<100>R<PHE> -2.757000 -7.403000 8.910000
c<A>r<101>R<SER> -1.447000 -5.134000 6.139000
c<A>r<102>R<GLN> -1.937000 -1.451000 5.778000
c<A>r<103>R<VAL> -0.963000 1.126000 3.115000
c<A>r<104>R<PHE> -0.524000 4.882000 3.666000
c<A>r<105>R<ASN> -0.015000 7.626000 1.084000
c<A>r<107>R<MET> 1.363000 14.041000 1.751000
c<A>r<117>R<PHE> -4.327000 11.004000 1.880000
c<A>r<118>R<ASN> -4.889000 7.226000 1.359000
c<A>r<119>R<ASP> -5.311000 4.551000 4.056000
c<A>r<120>R<LEU> -6.085000 0.910000 3.166000
c<A>r<121>R<PHE> -6.303000 -1.614000 6.010000
c<A>r<122>R<ARG> -6.811000 -5.453000 5.537000
c<A>r<124>R<ASN> -4.947000 -11.398000 6.312000
c<B>r<2>R<ILE> -6.176000 18.275000 -6.260000
c<B>r<4>R<LEU> -8.958000 13.190000 -8.646000
c<B>r<37>R<GLN> 11.225000 7.514000 -11.551000
c<B>r<38>R<SER> 9.467000 4.228000 -10.802000
c<B>r<39>R<MET> 10.494000 2.365000 -7.724000
c<B>r<40>R<LEU> 10.116000 -1.367000 -6.946000
c<B>r<41>R<THR> 10.508000 -2.899000 -3.493000
c<B>r<42>R<TRP> 10.656000 -6.674000 -4.010000
c<B>r<43>R<GLU> 10.339000 -8.229000 -0.591000
c<B>r<44>R<ASP> 13.543000 -6.704000 1.143000
c<B>r<45>R<THR> 15.240000 -5.014000 -1.824000
c<B>r<46>R<GLN> 14.579000 -1.650000 -3.576000
c<B>r<48>R<GLN> 14.918000 2.469000 -8.913000
c<B>r<71>R<ARG> -8.893000 -8.619000 -3.017000
c<B>r<73>R<ASP> -8.781000 -2.141000 -3.133000
c<B>r<74>R<CYS> -8.358000 1.173000 -5.007000
c<B>r<75>R<GLN> -8.458000 4.837000 -3.947000
c<B>r<76>R<PRO> -7.931000 7.930000 -5.889000
c<B>r<77>R<SER> -4.549000 9.708000 -5.458000
c<B>r<78>R<PRO> -3.502000 13.270000 -6.469000
c<B>r<79>R<ASN> -2.960000 14.177000 -10.157000
c<B>r<82>R<SER> -4.787000 5.588000 -8.177000
c<B>r<83>R<ILE> -3.481000 3.700000 -5.155000
c<B>r<84>R<VAL> -4.002000 -0.046000 -5.648000
c<B>r<85>R<PHE> -3.676000 -2.557000 -2.794000
c<B>r<86>R<VAL> -3.717000 -6.198000 -3.850000
c<B>r<87>R<THR> -3.867000 -9.333000 -1.683000
c<B>r<88>R<GLY> -3.768000 -12.950000 -2.918000
c<B>r<99>R<LYS> 0.150000 -15.385000 0.473000
c<B>r<100>R<PHE> 1.298000 -12.121000 -1.075000
c<B>r<101>R<SER> 0.413000 -8.407000 -0.961000
c<B>r<102>R<GLN> 1.339000 -5.768000 -3.427000
c<B>r<103>R<VAL> 0.814000 -1.977000 -3.594000
c<B>r<104>R<PHE> 0.776000 0.149000 -6.767000
c<B>r<105>R<ASN> 0.728000 3.938000 -7.083000
c<B>r<107>R<MET> 0.070000 7.863000 -12.350000
c<B>r<117>R<PHE> 5.352000 5.088000 -9.885000
c<B>r<118>R<ASN> 5.505000 2.906000 -6.717000
c<B>r<119>R<ASP> 5.473000 -0.910000 -6.528000
c<B>r<120>R<LEU> 5.867000 -2.752000 -3.198000
c<B>r<121>R<PHE> 5.643000 -6.553000 -3.220000
c<B>r<122>R<ARG> 5.725000 -8.802000 -0.043000
c<B>r<124>R<ASN> 3.150000 -13.087000 3.727000
