c<A>r<95>R<PRO> -15.052000 -2.257000 -5.559000
c<A>r<96>R<ALA> -14.843000 -1.170000 -9.194000
c<A>r<97>R<ASP> -12.177000 1.547000 -8.272000
c<A>r<98>R<ALA> -9.907000 -0.783000 -6.398000
c<A>r<99>R<ARG> -7.675000 -2.178000 -9.201000
c<A>r<100>R<LEU> -4.149000 -0.725000 -9.313000
c<A>r<101>R<PRO> -2.174000 -0.149000 -12.589000
c<A>r<102>R<LYS> -0.315000 -3.002000 -14.144000
c<A>r<103>R<ASN> 3.181000 -3.113000 -12.654000
c<A>r<104>R<PHE> 2.266000 -1.572000 -9.403000
c<A>r<105>R<LYS> 4.571000 -3.059000 -6.862000
c<A>r<110>R<TYR> -6.574000 -0.957000 -2.986000
c<A>r<111>R<ASP> -9.938000 -0.151000 -1.437000
c<A>r<112>R<GLY> -9.853000 3.420000 -0.015000
c<A>r<113>R<ALA> -13.168000 2.939000 1.800000
c<A>r<115>R<LYS> -8.098000 1.256000 3.515000
c<A>r<149>R<LYS> 7.205000 -4.415000 4.545000
c<A>r<150>R<PHE> 5.448000 -2.253000 1.993000
c<A>r<151>R<LYS> 5.909000 1.429000 2.812000
c<A>r<152>R<GLU> 5.355000 3.492000 -0.341000
c<A>r<153>R<TYR> 5.174000 3.086000 -4.092000
c<A>r<154>R<ALA> 4.302000 5.673000 -6.780000
c<A>r<155>R<LEU> 3.806000 4.746000 -10.409000
c<A>r<156>R<SER> 2.318000 6.748000 -13.232000
c<A>r<157>R<GLY> 0.353000 9.238000 -11.105000
c<A>r<158>R<ARG> -0.835000 6.561000 -8.673000
c<A>r<159>R<GLU> 0.594000 6.175000 -5.223000
c<A>r<160>R<LEU> 0.138000 4.028000 -2.116000
c<A>r<161>R<THR> 1.701000 5.030000 1.209000
c<A>r<162>R<SER> 0.568000 5.392000 4.762000
c<A>r<163>R<SER> -3.025000 5.128000 3.674000
c<A>r<164>R<ILE> -3.023000 1.348000 4.180000
c<B>r<7>R<ASP> -6.242000 13.767000 5.120000
c<B>r<11>R<ASN> 3.494000 15.583000 -4.228000
c<B>r<24>R<TYR> -3.153000 14.422000 -4.836000
c<B>r<26>R<GLY> -8.430000 9.959000 -2.858000
c<B>r<27>R<LEU> -6.289000 9.566000 0.310000
c<B>r<28>R<GLY> -3.288000 10.688000 -1.692000
c<B>r<29>R<THR> -3.528000 7.698000 -4.038000
c<B>r<30>R<GLY> -3.929000 9.618000 -7.271000
c<B>r<31>R<ARG> -2.817000 12.858000 -9.052000
c<B>r<32>R<ASP> -5.895000 15.096000 -9.198000
c<B>r<62>R<THR> -10.917000 12.647000 0.054000
c<B>r<63>R<LEU> -13.504000 11.188000 -2.506000
c<B>r<64>R<ASP> -15.891000 9.574000 0.009000
c<B>r<65>R<VAL> -18.535000 8.242000 -2.456000
c<B>r<66>R<LEU> -17.944000 5.128000 -4.646000
c<B>r<67>R<GLU> -19.134001 6.777000 -7.765000
c<B>r<68>R<GLU> -16.587000 9.589000 -7.443000
c<B>r<69>R<ARG> -13.782000 7.073000 -6.844000
c<B>r<70>R<VAL> -14.780000 4.906000 -9.810000
c<B>r<71>R<ALA> -14.563000 7.860000 -12.082000
c<B>r<72>R<PHE> -11.373000 9.230000 -10.509000
c<B>r<73>R<PHE> -9.539000 5.869000 -10.574000
c<B>r<74>R<ASP> -10.554000 4.786000 -13.969000
c<B>r<75>R<LEU> -7.450000 3.031000 -15.380000
c<B>r<76>R<GLU> -7.839000 4.194000 -18.969000
c<B>r<78>R<SER> -5.777000 7.933000 -15.645000
c<B>r<79>R<LYS> -3.363000 6.750000 -18.363001
c<B>r<81>R<GLN> -4.357000 12.116000 -17.924999
c<B>r<82>R<TYR> -0.858000 11.030000 -17.045000
c<B>r<83>R<ALA> 0.231000 11.246000 -20.650999
c<B>r<85>R<TRP> 0.642000 15.711000 -17.806000
c<B>r<105>R<LYS> 9.854000 13.074000 -5.618000
c<B>r<107>R<GLY> 5.308000 13.501000 -0.746000
c<B>r<109>R<HIS> 0.687000 14.657000 3.949000
c<B>r<118>R<ARG> 8.453000 12.164000 2.959000
c<B>r<120>R<SER> 11.350000 8.927000 -1.773000
c<B>r<121>R<PHE> 13.763000 6.565000 -3.466000
c<B>r<122>R<HIS> 13.709000 6.747000 -7.271000
c<B>r<123>R<GLU> 13.372000 3.115000 -8.226000
c<B>r<124>R<LYS> 12.494000 3.327000 -11.903000
c<B>r<125>R<LEU> 12.021000 6.019000 -14.506000
c<B>r<126>R<GLU> 8.505000 6.823000 -13.364000
c<B>r<127>R<ALA> 8.486000 4.951000 -10.160000
c<B>r<128>R<TRP> 9.361000 6.019000 -6.571000
c<B>r<129>R<SER> 9.431000 3.937000 -3.389000
c<B>r<130>R<GLY> 10.201000 3.979000 0.284000
c<B>r<131>R<ASN> 13.197000 1.800000 -0.182000
c<B>r<133>R<ILE> 13.796000 5.476000 3.744000
c<B>r<134>R<ASN> 12.870000 5.321000 7.370000
