c<A>r<2>R<ALA> -6.782000 -17.788000 -8.972000
c<A>r<9>R<PRO> -7.653000 2.236000 -13.329000
c<A>r<17>R<ASN> -1.903000 11.668000 -16.549000
c<A>r<18>R<GLY> -2.994000 10.125000 -13.337000
c<A>r<19>R<THR> -3.678000 6.737000 -14.687000
c<A>r<20>R<TRP> -0.639000 4.695000 -14.433000
c<A>r<21>R<GLY> 0.098000 2.117000 -16.990000
c<A>r<22>R<LEU> -1.590000 -1.308000 -16.103001
c<A>r<23>R<ALA> 1.962000 -2.765000 -16.350000
c<A>r<24>R<SER> 2.962000 -1.849000 -12.814000
c<A>r<25>R<THR> 0.439000 -4.239000 -11.172000
c<A>r<26>R<ALA> 1.335000 -7.438000 -13.145000
c<A>r<27>R<ALA> 4.718000 -8.129000 -11.432000
c<A>r<28>R<PRO> 3.528000 -7.957000 -7.814000
c<A>r<29>R<LEU> 0.372000 -10.015000 -8.528000
c<A>r<30>R<SER> 2.355000 -12.676000 -10.366000
c<A>r<31>R<GLU> 4.820000 -12.854000 -7.461000
c<A>r<32>R<ALA> 1.783000 -13.397000 -5.197000
c<A>r<33>R<GLY> 0.963000 -16.488001 -7.194000
c<A>r<34>R<TYR> -1.946000 -15.011000 -9.310000
c<A>r<74>R<LEU> -9.080000 -5.937000 -9.547000
c<A>r<75>R<TYR> -10.496000 -2.409000 -9.616000
c<A>r<76>R<ILE> -8.106000 0.494000 -9.099000
c<A>r<77>R<THR> -9.223000 4.136000 -8.746000
c<A>r<78>R<VAL> -6.765000 7.035000 -8.483000
c<A>r<81>R<TYR> -3.067000 13.167000 -8.281000
c<A>r<85>R<THR> 3.099000 15.394000 -4.724000
c<A>r<86>R<THR> 0.110000 13.704000 -3.135000
c<A>r<87>R<VAL> -1.093000 10.576000 -4.905000
c<A>r<88>R<SER> -4.016000 8.634000 -3.514000
c<A>r<89>R<ALA> -5.493000 5.424000 -4.839000
c<A>r<90>R<LYS> -8.063000 2.837000 -3.738000
c<A>r<91>R<ALA> -8.326000 -0.762000 -4.906000
c<A>r<92>R<ARG> -10.831000 -3.599000 -4.445000
c<A>r<93>R<LEU> -10.691000 -7.226000 -5.483000
c<A>r<100>R<LYS> -18.320999 -10.367000 -3.706000
c<A>r<101>R<GLU> -15.563000 -8.027000 -2.434000
c<A>r<102>R<LEU> -12.659000 -10.159000 -1.444000
c<A>r<103>R<TRP> -10.279000 -7.376000 -0.518000
c<A>r<104>R<SER> -10.229000 -3.548000 -0.293000
c<A>r<105>R<GLY> -7.243000 -1.250000 0.232000
c<A>r<106>R<SER> -6.369000 2.437000 0.069000
c<A>r<107>R<ALA> -3.046000 4.280000 0.017000
c<A>r<108>R<SER> -2.006000 7.853000 0.106000
c<A>r<109>R<ILE> 1.513000 8.990000 -0.503000
c<A>r<110>R<ARG> 2.966000 12.412000 -0.110000
c<A>r<111>R<GLU> 6.495000 13.021000 -1.430000
c<A>r<112>R<GLY> 8.273000 15.833000 0.231000
c<A>r<113>R<SER> 8.816000 18.676001 -2.287000
c<A>r<114>R<ASN> 12.434000 18.048000 -2.813000
c<A>r<115>R<ASN> 13.368000 14.584000 -3.543000
c<A>r<116>R<SER> 11.297000 12.805000 -6.055000
c<A>r<117>R<ASN> 13.606000 9.965000 -5.472000
c<A>r<118>R<SER> 11.519000 7.019000 -6.758000
c<A>r<119>R<GLY> 13.340000 5.247000 -3.990000
c<A>r<120>R<LEU> 11.173000 6.506000 -1.207000
c<A>r<121>R<LEU> 8.372000 4.964000 -3.026000
c<A>r<122>R<GLY> 9.878000 1.744000 -2.209000
c<A>r<123>R<LEU> 9.189000 2.690000 1.404000
c<A>r<124>R<VAL> 5.609000 2.627000 0.701000
c<A>r<125>R<SER> 5.978000 -0.917000 -0.648000
c<A>r<126>R<ALA> 7.740000 -1.845000 2.560000
c<A>r<127>R<VAL> 5.035000 -0.295000 4.637000
c<A>r<128>R<VAL> 2.351000 -2.011000 2.554000
c<A>r<129>R<ASN> 4.236000 -5.355000 2.687000
c<A>r<130>R<GLN> 4.491000 -4.977000 6.337000
c<A>r<131>R<ILE> 0.851000 -4.183000 6.728000
c<A>r<132>R<ALA> 0.083000 -7.117000 4.383000
c<A>r<133>R<ASN> 2.335000 -9.464000 6.494000
c<A>r<134>R<SER> 0.741000 -8.224000 9.739000
c<A>r<135>R<LEU> -2.362000 -9.896000 8.493000
c<A>r<136>R<THR> -0.764000 -13.275000 8.510000
c<B>r<2>R<ALA> 21.094000 6.672000 2.100000
c<B>r<17>R<ASN> -0.862000 -7.556000 18.664000
c<B>r<18>R<GLY> -1.031000 -4.845000 16.145000
c<B>r<19>R<THR> 2.641000 -4.134000 16.065001
c<B>r<20>R<TRP> 3.782000 -5.777000 12.892000
c<B>r<21>R<GLY> 7.054000 -7.599000 13.033000
c<B>r<22>R<LEU> 9.681000 -4.954000 11.912000
c<B>r<23>R<ALA> 11.110000 -7.666000 9.564000
c<B>r<24>R<SER> 8.683000 -6.910000 6.824000
c<B>r<25>R<THR> 10.103000 -3.459000 5.973000
c<B>r<26>R<ALA> 13.761000 -4.511000 5.540000
c<B>r<27>R<ALA> 13.294000 -6.367000 2.191000
c<B>r<28>R<PRO> 11.426000 -3.630000 0.344000
c<B>r<29>R<LEU> 13.737000 -0.866000 1.615000
c<B>r<30>R<SER> 16.823999 -2.859000 0.656000
c<B>r<31>R<GLU> 15.322000 -3.419000 -2.823000
c<B>r<32>R<ALA> 14.810000 0.379000 -3.005000
c<B>r<33>R<GLY> 18.541000 0.740000 -2.590000
c<B>r<34>R<TYR> 18.499001 1.754000 1.135000
c<B>r<74>R<LEU> 11.344000 5.717000 9.152000
c<B>r<76>R<ILE> 5.545000 3.725000 11.316000
c<B>r<78>R<VAL> -0.469000 1.416000 13.217000
c<B>r<81>R<TYR> -6.133000 -3.071000 13.776000
c<B>r<91>R<VAL> -13.570000 -8.383000 8.125000
c<B>r<92>R<THR> -10.133000 -7.481000 9.368000
c<B>r<93>R<THR> -9.079000 -3.799000 9.003000
c<B>r<94>R<VAL> -5.498000 -2.642000 9.331000
c<B>r<95>R<SER> -4.452000 0.949000 8.895000
c<B>r<96>R<ALA> -0.954000 2.421000 9.173000
c<B>r<97>R<LYS> 0.790000 5.736000 8.551000
c<B>r<98>R<ALA> 4.502000 6.192000 7.844000
c<B>r<99>R<ARG> 6.846000 9.162000 7.540000
c<B>r<100>R<LEU> 10.498000 9.313000 6.530000
c<B>r<101>R<VAL> 12.378000 12.040000 8.293000
c<B>r<107>R<LYS> 12.768000 17.368999 7.825000
c<B>r<108>R<GLU> 9.954000 15.109000 6.541000
c<B>r<109>R<LEU> 11.116000 13.552000 3.320000
c<B>r<110>R<TRP> 8.087000 11.382000 2.714000
c<B>r<111>R<SER> 4.688000 10.638000 4.269000
c<B>r<112>R<GLY> 2.273000 7.834000 3.386000
c<B>r<113>R<SER> -0.822000 6.093000 4.718000
c<B>r<114>R<ALA> -2.483000 2.754000 3.877000
c<B>r<115>R<SER> -5.662000 1.031000 4.865000
c<B>r<116>R<ILE> -6.421000 -2.570000 4.098000
c<B>r<117>R<ARG> -9.701000 -4.440000 4.535000
c<B>r<118>R<GLU> -9.671000 -8.268000 4.125000
c<B>r<119>R<GLY> -12.556000 -10.630000 4.460000
c<B>r<120>R<SER> -11.659000 -13.368000 6.989000
c<B>r<121>R<ASN> -12.434000 -16.090000 4.428000
c<B>r<122>R<ASN> -9.776000 -15.316000 1.953000
c<B>r<123>R<SER> -6.730000 -14.633000 3.945000
c<B>r<124>R<ASN> -4.826000 -15.425000 0.826000
c<B>r<125>R<SER> -1.445000 -13.723000 1.396000
c<B>r<126>R<GLY> -1.698000 -13.217000 -2.310000
c<B>r<127>R<LEU> -3.986000 -10.233000 -2.150000
c<B>r<128>R<LEU> -1.254000 -8.460000 -0.407000
c<B>r<129>R<GLY> 0.572000 -8.519000 -3.572000
c<B>r<130>R<LEU> -2.310000 -6.384000 -4.856000
c<B>r<131>R<VAL> -1.449000 -3.630000 -2.543000
c<B>r<132>R<SER> 2.193000 -3.760000 -3.738000
c<B>r<133>R<ALA> 0.964000 -3.560000 -7.290000
c<B>r<134>R<VAL> -1.281000 -0.617000 -6.429000
c<B>r<135>R<VAL> 1.590000 1.157000 -4.602000
c<B>r<136>R<ASN> 4.177000 0.389000 -7.361000
c<B>r<137>R<GLN> 1.761000 1.737000 -9.821000
c<B>r<138>R<ILE> 1.251000 4.872000 -7.758000
c<B>r<139>R<ALA> 5.060000 5.209000 -7.237000
c<B>r<140>R<ASN> 5.885000 4.704000 -10.968000
c<B>r<141>R<SER> 2.998000 7.073000 -12.205000
