c<A>r<1>R<THR> 10.707000 11.619000 4.492000
c<A>r<2>R<ASP> 10.036000 8.701000 6.726000
c<A>r<4>R<THR> 8.690000 2.671000 5.512000
c<A>r<5>R<ALA> 10.295000 -0.367000 6.753000
c<A>r<6>R<PHE> 7.200000 -2.475000 7.174000
c<A>r<7>R<LEU> 3.936000 -2.495000 5.234000
c<A>r<8>R<ASN> 0.566000 -4.084000 5.876000
c<A>r<9>R<SER> -2.139000 -4.128000 3.218000
c<A>r<11>R<PHE> -8.753000 -6.157000 2.083000
c<A>r<23>R<LEU> -16.518999 5.073000 5.476000
c<A>r<26>R<LEU> -14.086000 6.572000 9.484000
c<A>r<27>R<ASP> -13.477000 9.816000 11.481000
c<A>r<30>R<TRP> -9.672000 6.648000 13.086000
c<A>r<32>R<GLU> -6.747000 12.357000 15.347000
c<A>r<35>R<TYR> -3.438000 8.527000 14.874000
c<A>r<36>R<SER> -1.305000 10.643000 17.250000
c<A>r<38>R<LEU> -0.155000 5.320000 16.531000
c<A>r<39>R<SER> 2.275000 7.741000 14.878000
c<A>r<40>R<ALA> 4.202000 8.005000 18.195999
c<A>r<42>R<GLY> 5.728000 3.932000 14.732000
c<A>r<43>R<LEU> 2.836000 4.378000 12.212000
c<A>r<44>R<ILE> 4.114000 6.380000 9.275000
c<A>r<45>R<ARG> 1.219000 6.379000 6.928000
c<A>r<46>R<HIS> -2.350000 4.906000 6.705000
c<A>r<47>R<VAL> -4.128000 4.880000 3.400000
c<A>r<48>R<ILE> -7.645000 3.710000 2.731000
c<A>r<49>R<SER> -8.750000 3.193000 -0.785000
c<A>r<50>R<LYS> -12.146000 2.241000 -2.344000
c<A>r<51>R<VAL> -11.713000 -0.473000 -4.986000
c<A>r<52>R<TRP> -14.167000 -1.889000 -7.567000
c<A>r<53>R<ASN> -12.513000 -4.752000 -9.163000
c<A>r<54>R<LYS> -12.977000 -7.682000 -7.368000
c<A>r<56>R<GLN> -13.422000 -6.663000 -2.308000
c<A>r<57>R<HIS> -14.510000 -3.218000 -2.010000
c<A>r<58>R<ARG> -11.701000 -1.624000 0.230000
c<A>r<59>R<ILE> -7.900000 -1.685000 0.423000
c<A>r<60>R<SER> -6.303000 -0.346000 3.593000
c<A>r<61>R<VAL> -2.497000 0.155000 3.594000
c<A>r<62>R<PHE> -0.624000 0.707000 6.945000
c<A>r<63>R<GLU> 3.082000 1.751000 6.847000
c<A>r<98>R<ASN> -3.772000 -9.301000 5.757000
c<A>r<99>R<ASN> -0.616000 -8.914000 3.733000
c<A>r<100>R<ARG> 2.256000 -8.122000 6.004000
c<A>r<101>R<GLY> 5.777000 -7.632000 5.084000
c<A>r<102>R<VAL> 9.108000 -5.933000 4.829000
c<A>r<103>R<VAL> 9.594000 -3.059000 2.329000
c<A>r<104>R<VAL> 12.284000 -4.068000 -0.204000
c<A>r<105>R<SER> 12.055000 -1.075000 -2.467000
c<A>r<106>R<GLU> 10.435000 2.429000 -2.215000
c<A>r<107>R<PHE> 10.343000 5.154000 -4.730000
c<A>r<108>R<ILE> 8.940000 8.619000 -3.748000
c<A>r<109>R<ARG> 8.552000 11.401000 -6.196000
c<A>r<110>R<SER> 10.667000 14.554000 -5.121000
c<B>r<1>R<ALA> -4.412000 10.083000 -5.234000
c<B>r<2>R<PHE> -5.141000 6.892000 -7.049000
c<B>r<3>R<LEU> -3.780000 3.655000 -5.469000
c<B>r<4>R<ASN> -2.997000 0.231000 -7.041000
c<B>r<5>R<SER> -1.898000 -2.729000 -4.966000
c<B>r<7>R<PHE> 0.199000 -9.331000 -5.683000
c<B>r<19>R<LEU> 13.967000 -8.826000 -6.545000
c<B>r<22>R<LEU> 14.454000 -4.882000 -9.443000
c<B>r<23>R<ASP> 17.080999 -2.175000 -10.179000
c<B>r<26>R<TRP> 12.701000 -0.223000 -12.138000
c<B>r<28>R<GLU> 15.944000 5.726000 -12.152000
c<B>r<31>R<TYR> 10.907000 6.270000 -12.435000
c<B>r<32>R<SER> 11.784000 9.726000 -13.770000
c<B>r<34>R<LEU> 6.745000 7.687000 -14.531000
c<B>r<35>R<SER> 7.013000 10.482000 -11.938000
c<B>r<36>R<ALA> 6.643000 13.039000 -14.759000
c<B>r<38>R<GLY> 1.908000 11.187000 -12.507000
c<B>r<39>R<LEU> 3.485000 8.446000 -10.354000
c<B>r<40>R<ILE> 3.841000 9.683000 -6.789000
c<B>r<41>R<ARG> 5.104000 6.680000 -4.944000
c<B>r<42>R<HIS> 5.973000 2.981000 -5.653000
c<B>r<43>R<VAL> 6.474000 0.570000 -2.834000
c<B>r<44>R<ILE> 7.473000 -3.090000 -3.120000
c<B>r<45>R<SER> 7.123000 -5.267000 -0.141000
c<B>r<46>R<LYS> 8.082000 -8.909000 0.474000
c<B>r<47>R<VAL> 5.283000 -10.712000 2.217000
c<B>r<48>R<TRP> 5.173000 -14.121000 3.847000
c<B>r<49>R<ASN> 1.729000 -15.189000 2.992000
c<B>r<50>R<GLU> 0.183000 -16.733000 -0.102000
c<B>r<51>R<GLN> 1.411000 -14.007000 -2.652000
c<B>r<52>R<HIS> 4.905000 -13.624000 -1.698000
c<B>r<53>R<ARG> 5.037000 -9.885000 -2.932000
c<B>r<54>R<ILE> 2.894000 -6.709000 -2.631000
c<B>r<55>R<SER> 3.557000 -3.797000 -4.934000
c<B>r<56>R<VAL> 1.779000 -0.481000 -4.159000
c<B>r<57>R<PHE> 1.644000 2.267000 -6.865000
c<B>r<58>R<GLU> 0.307000 5.769000 -6.001000
c<B>r<92>R<HIS> -3.897000 -9.479000 -8.794000
c<B>r<93>R<ASN> -4.659000 -5.835000 -9.215000
c<B>r<94>R<ASN> -6.524000 -3.741000 -6.731000
c<B>r<95>R<ARG> -7.196000 -0.383000 -8.168000
c<B>r<96>R<GLY> -8.969000 2.424000 -6.562000
c<B>r<97>R<VAL> -9.540000 5.899000 -5.356000
c<B>r<98>R<VAL> -7.882000 7.043000 -2.045000
c<B>r<99>R<VAL> -10.697000 8.021000 0.378000
c<B>r<100>R<SER> -8.589000 8.660000 3.436000
c<B>r<101>R<GLU> -4.845000 9.222000 4.063000
c<B>r<102>R<PHE> -2.971000 9.835000 7.205000
c<B>r<103>R<ILE> 0.759000 10.793000 7.060000
c<B>r<104>R<ARG> 2.892000 11.244000 10.065000
c<B>r<105>R<SER> 4.237000 14.952000 10.360000
