c<A>r<1>R<TYR> 1.237000 -16.672001 2.112000
c<A>r<2>R<LEU> 1.689000 -12.921000 1.239000
c<A>r<3>R<GLU> 5.065000 -13.665000 -0.368000
c<A>r<4>R<LYS> 3.291000 -16.202000 -2.549000
c<A>r<5>R<LEU> 0.636000 -13.588000 -3.518000
c<A>r<6>R<GLN> 3.377000 -11.104000 -4.377000
c<A>r<7>R<GLN> 4.937000 -13.684000 -6.682000
c<A>r<9>R<ARG> 0.530000 -11.205000 -9.248000
c<A>r<10>R<TYR> 2.092000 -9.149000 -12.150000
c<A>r<11>R<ALA> 1.085000 -6.037000 -14.067000
c<A>r<25>R<LEU> -15.346000 -7.736000 -7.310000
c<A>r<26>R<ASP> -17.271999 -7.121000 -4.056000
c<A>r<27>R<LYS> -14.819000 -9.427000 -2.136000
c<A>r<28>R<LEU> -11.906000 -7.608000 -3.740000
c<A>r<29>R<LEU> -13.208000 -4.125000 -2.789000
c<A>r<30>R<ASN> -14.430000 -5.282000 0.680000
c<A>r<31>R<THR> -10.882000 -6.376000 1.598000
c<A>r<32>R<THR> -9.566000 -3.057000 0.154000
c<A>r<33>R<ARG> -12.092000 -0.919000 2.144000
c<A>r<34>R<LEU> -10.520000 -2.297000 5.413000
c<A>r<35>R<THR> -7.103000 -0.649000 4.616000
c<A>r<36>R<ALA> -5.644000 1.649000 7.344000
c<A>r<37>R<SER> -5.712000 5.392000 6.550000
c<A>r<38>R<SER> -4.522000 8.560000 8.162000
c<A>r<39>R<TYR> -6.870000 9.182000 11.220000
c<A>r<40>R<GLY> -9.074000 6.435000 9.757000
c<A>r<41>R<LEU> -10.763000 9.141000 7.631000
c<A>r<42>R<GLN> -10.452000 7.036000 4.390000
c<A>r<43>R<PRO> -10.585000 10.167000 2.087000
c<A>r<44>R<TYR> -11.052000 8.160000 -1.120000
c<A>r<45>R<CYS> -13.410000 5.625000 -2.781000
c<A>r<46>R<THR> -13.389000 3.142000 -5.719000
c<A>r<47>R<LEU> -15.388000 3.694000 -8.978000
c<A>r<48>R<VAL> -16.399000 0.541000 -10.811000
c<A>r<49>R<ILE> -16.968000 0.828000 -14.648000
c<A>r<50>R<ARG> -18.042000 -2.055000 -16.947001
c<A>r<51>R<ASN> -19.316000 0.017000 -19.882000
c<A>r<54>R<LEU> -17.077999 4.553000 -21.913000
c<A>r<75>R<VAL> -11.698000 0.082000 -11.024000
c<A>r<76>R<ILE> -10.706000 3.777000 -10.532000
c<A>r<77>R<PHE> -9.369000 4.926000 -7.188000
c<A>r<78>R<ALA> -10.715000 8.437000 -6.638000
c<A>r<90>R<PRO> -19.320999 10.013000 6.809000
c<A>r<91>R<TYR> -16.454000 9.143000 9.212000
c<A>r<92>R<ILE> -18.323000 10.649000 12.187000
c<A>r<93>R<SER> -21.488001 8.822000 11.191000
c<A>r<94>R<GLU> -19.688999 5.406000 11.123000
c<A>r<95>R<LEU> -17.566999 6.222000 14.234000
c<A>r<96>R<SER> -20.676001 7.299000 16.233999
c<A>r<97>R<GLN> -22.565001 4.202000 15.202000
c<A>r<98>R<GLN> -19.737000 1.651000 15.824000
c<A>r<99>R<ARG> -18.402000 3.131000 19.097000
c<A>r<126>R<GLU> -2.216000 15.087000 -1.993000
c<A>r<129>R<VAL> -4.111000 10.687000 -2.837000
c<A>r<130>R<ARG> -1.447000 9.161000 -0.594000
c<A>r<131>R<GLN> -4.142000 7.282000 1.377000
c<A>r<132>R<ALA> -5.504000 5.847000 -1.895000
c<A>r<133>R<TYR> -2.008000 4.492000 -2.713000
c<A>r<134>R<ILE> -2.041000 2.517000 0.641000
c<A>r<135>R<GLY> -5.352000 1.074000 -0.564000
c<A>r<136>R<LEU> -3.700000 0.117000 -3.856000
c<A>r<137>R<GLY> -1.167000 -2.020000 -1.938000
c<A>r<138>R<THR> -4.098000 -3.953000 -0.304000
c<A>r<139>R<PHE> -6.049000 -4.034000 -3.575000
c<A>r<140>R<LEU> -3.239000 -5.708000 -5.525000
c<A>r<141>R<LEU> -2.774000 -8.449000 -2.813000
c<A>r<142>R<ALA> -6.536000 -8.973000 -2.574000
c<A>r<145>R<GLU> -5.650000 -13.865000 -3.272000
c<A>r<151>R<CYS> -2.702000 -3.592000 -13.666000
c<A>r<152>R<PRO> -2.280000 -0.092000 -12.104000
c<A>r<153>R<GLU> -1.981000 2.431000 -15.061000
c<A>r<154>R<GLY> -0.744000 5.828000 -16.179001
c<A>r<164>R<LEU> -16.624001 10.840000 -15.775000
c<A>r<191>R<GLN> 8.976000 -12.841000 -17.531000
c<A>r<192>R<LYS> 11.023000 -13.077000 -14.283000
c<A>r<193>R<LYS> 9.699000 -10.506000 -11.769000
c<A>r<194>R<VAL> 12.301000 -7.856000 -10.993000
c<A>r<195>R<ARG> 12.567000 -6.300000 -7.460000
c<A>r<196>R<GLN> 15.510000 -4.697000 -5.618000
c<A>r<197>R<PRO> 17.325001 -7.196000 -3.310000
c<A>r<198>R<LEU> 16.594000 -6.955000 0.409000
c<A>r<199>R<SER> 20.209000 -5.698000 1.018000
c<A>r<200>R<ARG> 19.391001 -2.485000 -0.864000
c<A>r<201>R<PHE> 15.688000 -2.186000 0.243000
c<A>r<202>R<LYS> 16.615999 -2.566000 3.948000
c<A>r<203>R<VAL> 19.136999 0.032000 5.263000
c<A>r<204>R<VAL> 20.188000 -0.343000 8.925000
c<A>r<205>R<LEU> 21.100000 3.007000 10.652000
c<B>r<1>R<TYR> -7.127000 -14.609000 4.991000
c<B>r<2>R<LEU> -6.369000 -10.922000 4.098000
c<B>r<3>R<GLU> -9.677000 -9.819000 5.619000
c<B>r<4>R<LYS> -8.613000 -11.531000 8.817000
c<B>r<5>R<LEU> -5.229000 -9.695000 8.723000
c<B>r<6>R<GLN> -7.018000 -6.397000 8.192000
c<B>r<7>R<GLN> -9.117000 -7.082000 11.279000
c<B>r<9>R<ARG> -3.994000 -5.210000 12.809000
c<B>r<10>R<TYR> -4.655000 -1.721000 14.400000
c<B>r<11>R<ALA> -2.636000 1.449000 14.813000
c<B>r<25>R<LEU> 12.004000 -7.903000 10.689000
c<B>r<26>R<ASP> 13.777000 -9.403000 7.646000
c<B>r<27>R<LYS> 10.610000 -11.453000 6.769000
c<B>r<28>R<LEU> 8.507000 -8.320000 7.196000
c<B>r<29>R<LEU> 10.736000 -6.192000 4.908000
c<B>r<30>R<ASN> 11.283000 -9.068000 2.397000
c<B>r<31>R<THR> 7.512000 -9.324000 1.803000
c<B>r<32>R<THR> 7.376000 -5.484000 1.536000
c<B>r<33>R<ARG> 10.276000 -5.311000 -1.013000
c<B>r<34>R<LEU> 8.127000 -7.449000 -3.429000
c<B>r<35>R<THR> 5.431000 -4.680000 -3.692000
c<B>r<36>R<ALA> 4.521000 -3.502000 -7.241000
c<B>r<37>R<SER> 5.794000 -0.011000 -8.176000
c<B>r<38>R<SER> 5.480000 2.323000 -11.095000
c<B>r<39>R<TYR> 7.675000 0.803000 -13.948000
c<B>r<40>R<GLY> 9.061000 -1.541000 -11.267000
c<B>r<41>R<LEU> 11.638000 1.175000 -10.436000
c<B>r<42>R<GLN> 10.956000 0.925000 -6.628000
c<B>r<43>R<PRO> 12.190000 4.541000 -5.933000
c<B>r<44>R<TYR> 12.255000 4.111000 -2.155000
c<B>r<45>R<CYS> 13.853000 1.997000 0.622000
c<B>r<46>R<THR> 13.302000 1.195000 4.337000
c<B>r<47>R<LEU> 15.604000 2.487000 7.161000
c<B>r<48>R<VAL> 15.745000 0.317000 10.256000
c<B>r<49>R<ILE> 16.650000 2.076000 13.611000
c<B>r<50>R<ARG> 16.965000 0.339000 17.017000
c<B>r<51>R<ASN> 19.004999 2.995000 18.820000
c<B>r<54>R<LEU> 18.399000 8.396000 18.475000
c<B>r<75>R<VAL> 11.159000 1.448000 10.317000
c<B>r<76>R<ILE> 11.291000 4.653000 8.179000
c<B>r<77>R<PHE> 10.124000 4.557000 4.582000
c<B>r<78>R<ALA> 12.414000 6.873000 2.639000
c<B>r<90>R<PRO> 20.103001 -0.300000 -9.473000
c<B>r<91>R<TYR> 16.947001 -1.229000 -11.448000
c<B>r<92>R<ILE> 18.954000 -1.823000 -14.639000
c<B>r<93>R<SER> 21.492001 -3.882000 -12.726000
c<B>r<94>R<GLU> 18.760000 -6.203000 -11.280000
c<B>r<95>R<LEU> 16.767000 -6.240000 -14.580000
c<B>r<96>R<SER> 19.898001 -7.150000 -16.611000
c<B>r<97>R<GLN> 20.856001 -9.879000 -14.190000
c<B>r<98>R<GLN> 17.361000 -11.461000 -13.820000
c<B>r<99>R<ARG> 16.301001 -11.264000 -17.504000
c<B>r<126>R<GLU> 5.995000 13.017000 -5.031000
c<B>r<129>R<VAL> 6.536000 9.103000 -2.215000
c<B>r<130>R<ARG> 3.380000 7.621000 -3.746000
c<B>r<131>R<GLN> 5.236000 4.348000 -4.495000
c<B>r<132>R<ALA> 6.340000 4.168000 -0.836000
c<B>r<133>R<TYR> 2.661000 4.436000 0.241000
c<B>r<134>R<ILE> 1.867000 1.274000 -1.893000
c<B>r<135>R<GLY> 4.668000 -0.414000 0.063000
c<B>r<136>R<LEU> 3.038000 0.732000 3.315000
c<B>r<137>R<GLY> -0.145000 -1.170000 2.354000
c<B>r<138>R<THR> 1.936000 -4.404000 1.953000
c<B>r<139>R<PHE> 4.006000 -3.616000 5.054000
c<B>r<140>R<LEU> 0.968000 -3.331000 7.336000
c<B>r<141>R<LEU> -0.492000 -6.705000 6.080000
c<B>r<142>R<ALA> 2.908000 -8.381000 6.372000
c<B>r<145>R<GLU> 0.644000 -11.942000 9.084000
c<B>r<151>R<CYS> 1.685000 2.209000 13.660000
c<B>r<152>R<PRO> 2.220000 4.608000 10.690000
c<B>r<153>R<GLU> 2.892000 8.136000 12.198000
c<B>r<154>R<GLY> 2.838000 11.875000 11.620000
c<B>r<164>R<LEU> 19.408001 11.159000 10.182000
c<B>r<191>R<GLN> -11.931000 -0.401000 20.322001
c<B>r<192>R<LYS> -14.176000 -1.412000 17.374001
c<B>r<193>R<LYS> -12.329000 -0.725000 14.103000
c<B>r<194>R<VAL> -14.061000 1.949000 12.057000
c<B>r<195>R<ARG> -14.105000 1.791000 8.198000
c<B>r<196>R<GLN> -16.544001 3.229000 5.629000
c<B>r<197>R<PRO> -19.174000 0.645000 4.529000
c<B>r<198>R<LEU> -18.679001 -0.997000 1.136000
c<B>r<199>R<SER> -21.784000 0.874000 -0.212000
c<B>r<200>R<ARG> -19.893999 4.172000 0.143000
c<B>r<201>R<PHE> -16.368000 2.825000 -0.733000
c<B>r<202>R<LYS> -17.638000 1.163000 -3.942000
c<B>r<203>R<VAL> -19.332001 3.538000 -6.454000
c<B>r<204>R<VAL> -20.718000 1.928000 -9.634000
c<B>r<205>R<LEU> -20.721001 4.257000 -12.728000
