1762113003152 107.0 3779
1762113003163 107.0 3779
1762113032316 108.0 3814
1762113032324 108.0 3814
1762113062443 109.0 3849
1762113062452 109.0 3849
1762113092009 110.0 3884
1762113092017 110.0 3884
1762113122391 111.0 3919
1762113122399 111.0 3919
1762113153278 112.0 3954
1762113153280 112.0 3954
1762113183276 113.0 3989
1762113183278 113.0 3989
1762113214115 114.0 4024
1762113214118 114.0 4024
1762113244310 115.0 4059
1762113244312 115.0 4059
1762113277445 116.0 4094
1762113277447 116.0 4094
1762113313555 117.0 4129
1762113313558 117.0 4129
1762113346931 118.0 4164
1762113346932 118.0 4164
1762113380419 119.0 4199
1762113380421 119.0 4199
1762113413598 120.0 4234
1762113413601 120.0 4234
1762113445401 121.0 4269
1762113445404 121.0 4269
1762113478253 122.0 4304
1762113478255 122.0 4304
1762113510853 123.0 4339
1762113510856 123.0 4339
1762113542232 124.0 4374
1762113542235 124.0 4374
1762113574366 125.0 4409
1762113574368 125.0 4409
1762113605418 126.0 4444
1762113605420 126.0 4444
1762113636331 127.0 4479
1762113636333 127.0 4479
1762113669799 128.0 4514
1762113669801 128.0 4514
1762113701432 129.0 4549
1762113701434 129.0 4549
1762113733151 130.0 4584
1762113733154 130.0 4584
1762113765112 131.0 4619
1762113765114 131.0 4619
1762113797265 132.0 4654
1762113797267 132.0 4654
1762113829705 133.0 4689
1762113829707 133.0 4689
1762113861948 134.0 4724
1762113861950 134.0 4724
1762113895702 135.0 4759
1762113895705 135.0 4759
1762113900903 136.0 4760
