c<A>r<1>R<HIS> -5.029000 -5.352000 -13.204000
c<A>r<2>R<LYS> -2.386000 -7.230000 -11.725000
c<A>r<3>R<SER> -2.515000 -8.348000 -8.139000
c<A>r<4>R<HIS> 0.408000 -9.551000 -5.983000
c<A>r<5>R<ASN> -0.088000 -11.528000 -2.814000
c<A>r<6>R<LEU> 2.995000 -10.321000 -1.014000
c<A>r<7>R<LEU> 2.489000 -12.518000 2.051000
c<A>r<8>R<GLU> 1.793000 -15.701000 0.222000
c<A>r<21>R<VAL> 6.182000 -5.177000 -7.489000
c<A>r<22>R<HIS> 5.430000 -2.503000 -10.133000
c<A>r<24>R<SER> 5.449000 2.801000 -14.346000
c<A>r<25>R<GLU> 5.501000 6.602000 -15.189000
c<A>r<26>R<ASN> 3.253000 7.263000 -12.206000
c<A>r<27>R<PHE> 5.058000 5.292000 -9.341000
c<A>r<29>R<ILE> 6.421000 -0.099000 -5.911000
c<A>r<48>R<GLU> 10.988000 15.871000 -5.845000
c<A>r<49>R<GLY> 8.338000 13.389000 -4.875000
c<A>r<50>R<GLU> 7.198000 11.449000 -1.932000
c<A>r<51>R<LEU> 7.116000 7.826000 -0.736000
c<A>r<52>R<ASN> 4.979000 5.885000 1.701000
c<A>r<53>R<ILE> 6.281000 2.800000 3.603000
c<A>r<54>R<VAL> 3.511000 0.433000 4.724000
c<A>r<55>R<VAL> 4.302000 -2.325000 7.350000
c<A>r<56>R<LEU> 2.515000 -5.411000 5.919000
c<A>r<57>R<GLU> 3.768000 -7.895000 8.488000
c<A>r<62>R<PHE> 10.959000 3.924000 10.806000
c<A>r<70>R<ILE> 9.112000 6.059000 15.010000
c<A>r<71>R<PRO> 7.495000 2.789000 16.002001
c<A>r<72>R<ALA> 6.289000 0.879000 12.982000
c<A>r<73>R<PRO> 3.738000 -1.770000 13.986000
c<A>r<74>R<ARG> 1.818000 -3.779000 11.462000
c<A>r<75>R<GLY> -0.416000 -1.464000 9.456000
c<A>r<76>R<ALA> 1.711000 1.651000 10.162000
c<A>r<77>R<VAL> 2.375000 3.968000 7.178000
c<A>r<78>R<LEU> 5.196000 6.459000 6.899000
c<A>r<79>R<VAL> 4.779000 9.356000 4.408000
c<A>r<80>R<ALA> 7.869000 11.366000 3.627000
c<A>r<81>R<PRO> 9.538000 13.410000 0.860000
c<A>r<94>R<LYS> 7.837000 -6.945000 5.526000
c<A>r<95>R<VAL> 7.223000 -3.448000 4.142000
c<A>r<96>R<LEU> 5.793000 -2.122000 0.867000
c<A>r<98>R<THR> 5.363000 3.294000 -3.017000
c<A>r<99>R<ILE> 7.382000 6.085000 -4.635000
c<A>r<100>R<ALA> 5.647000 8.904000 -6.640000
c<A>r<101>R<PRO> 6.937000 9.977000 -9.091000
c<B>r<1>R<LYS> 4.309000 11.728000 9.305000
c<B>r<2>R<SER> 3.369000 8.234000 10.409000
c<B>r<3>R<HIS> -0.157000 6.763000 10.838000
c<B>r<4>R<ASN> -0.865000 3.525000 12.641000
c<B>r<5>R<LEU> -3.902000 2.507000 10.655000
c<B>r<6>R<LEU> -4.643000 -0.618000 12.702000
c<B>r<7>R<GLU> -4.317000 0.935000 16.084999
c<B>r<20>R<VAL> -4.292000 9.620000 5.368000
c<B>r<21>R<HIS> -2.359000 12.046000 3.110000
c<B>r<23>R<SER> -0.189000 16.208000 -1.776000
c<B>r<24>R<GLU> 0.826000 17.080000 -5.423000
c<B>r<25>R<ASN> 2.443000 13.659000 -5.750000
c<B>r<26>R<PHE> -0.370000 11.271000 -4.422000
c<B>r<28>R<ILE> -3.692000 8.197000 0.288000
c<B>r<47>R<GLU> -4.303000 9.421000 -16.254000
c<B>r<48>R<GLY> -2.586000 7.809000 -13.323000
c<B>r<49>R<GLU> -2.635000 4.651000 -11.370000
c<B>r<50>R<LEU> -3.655000 3.415000 -7.908000
c<B>r<51>R<ASN> -2.639000 0.521000 -5.704000
c<B>r<52>R<ILE> -5.015000 -1.063000 -3.138000
c<B>r<53>R<VAL> -3.207000 -2.818000 -0.279000
c<B>r<54>R<VAL> -5.184000 -5.223000 2.041000
c<B>r<55>R<LEU> -3.874000 -4.269000 5.534000
c<B>r<56>R<GLU> -6.199000 -6.517000 7.504000
c<B>r<61>R<PHE> -10.775000 -6.982000 -5.753000
c<B>r<63>R<GLY> -13.155000 -5.197000 -11.679000
c<B>r<69>R<ILE> -9.484000 -11.453000 -7.665000
c<B>r<70>R<PRO> -8.934000 -12.848000 -4.205000
c<B>r<71>R<ALA> -7.563000 -10.207000 -1.869000
c<B>r<72>R<PRO> -5.989000 -11.801000 1.191000
c<B>r<73>R<ARG> -4.085000 -9.830000 3.747000
c<B>r<74>R<GLY> -0.971000 -8.344000 2.133000
c<B>r<75>R<ALA> -2.406000 -8.509000 -1.417000
c<B>r<76>R<VAL> -1.823000 -5.437000 -3.619000
c<B>r<77>R<LEU> -3.849000 -4.489000 -6.661000
c<B>r<78>R<VAL> -2.237000 -2.133000 -9.231000
c<B>r<79>R<ALA> -4.515000 -0.609000 -11.820000
c<B>r<80>R<PRO> -5.002000 2.500000 -14.000000
c<B>r<83>R<THR> -9.928000 1.017000 -15.182000
c<B>r<84>R<PRO> -12.905000 -0.129000 -13.104000
c<B>r<85>R<HIS> -11.906000 -1.209000 -9.544000
c<B>r<93>R<LYS> -9.183000 -2.679000 5.891000
c<B>r<94>R<VAL> -7.493000 -1.429000 2.705000
c<B>r<95>R<LEU> -5.090000 1.435000 1.945000
c<B>r<97>R<THR> -2.540000 5.175000 -2.990000
c<B>r<98>R<ILE> -3.430000 7.261000 -6.033000
c<B>r<99>R<ALA> -0.676000 8.830000 -8.241000
c<B>r<100>R<PRO> -1.118000 11.531000 -9.402000
