c<A>r<42>R<PRO> 91.901001 49.127998 96.389000
c<A>r<44>R<LEU> 90.174004 54.205002 97.613998
c<A>r<45>R<LYS> 89.185997 54.743000 101.194000
c<A>r<46>R<PRO> 85.654999 54.266998 102.460999
c<A>r<47>R<LEU> 83.267998 57.042999 101.176003
c<A>r<48>R<SER> 81.610001 59.141998 103.853996
c<A>r<49>R<VAL> 78.512001 61.141998 103.120003
c<A>r<50>R<SER> 77.649002 63.025002 106.307999
c<A>r<51>R<TYR> 74.502998 65.053001 105.759003
c<A>r<52>R<ASP> 72.831001 64.874001 109.139000
c<A>r<53>R<GLN> 73.331001 68.582001 109.889000
c<A>r<81>R<GLY> 86.858002 59.542999 101.925003
c<A>r<82>R<GLY> 86.860001 57.596001 98.725998
c<A>r<153>R<LYS> 61.146000 58.888000 95.572998
c<A>r<154>R<PRO> 59.373001 60.153000 98.668999
c<A>r<155>R<GLY> 62.304001 62.358002 99.682999
c<A>r<179>R<ASP> 67.121002 66.749001 104.043999
c<A>r<180>R<PRO> 69.281998 65.585999 101.093002
c<A>r<181>R<ARG> 69.695000 62.127998 102.740997
c<A>r<182>R<GLY> 66.320999 61.341000 101.234001
c<A>r<183>R<LEU> 67.776001 61.513000 97.740997
c<A>r<184>R<LEU> 70.448997 58.838001 98.184998
c<A>r<185>R<PRO> 70.208000 55.145000 97.045998
c<A>r<186>R<GLU> 71.012001 52.333000 99.435997
c<A>r<187>R<SER> 74.470001 51.592999 98.061996
c<A>r<188>R<LEU> 77.461998 53.924000 97.932999
c<A>r<189>R<ASP> 79.249001 51.842999 95.297997
c<K>r<801>R<GLN> 87.139000 50.571999 104.959999
c<K>r<802>R<VAL> 83.735001 50.251999 106.667999
c<K>r<803>R<GLN> 83.272003 47.341999 109.043999
c<K>r<826>R<GLY> 84.343002 54.099998 109.732002
c<K>r<827>R<TYR> 80.596001 54.807999 109.686996
c<K>r<828>R<THR> 78.517998 56.817001 112.185997
c<K>r<830>R<SER> 73.138000 57.620998 114.287003
c<K>r<831>R<THR> 72.994003 59.501999 110.977997
c<K>r<832>R<TYR> 71.807999 56.714001 108.664001
c<K>r<833>R<CYS> 69.083000 54.084000 108.580002
c<K>r<896>R<GLY> 73.795998 50.061001 107.454002
c<K>r<897>R<SER> 72.359001 52.023998 104.532997
c<K>r<898>R<THR> 73.547997 55.292999 103.001999
c<K>r<899>R<VAL> 70.016998 56.743000 103.471001
c<K>r<900>R<ALA> 68.657997 59.166000 106.097000
c<K>r<901>R<SER> 65.007004 58.925999 105.082001
c<K>r<902>R<THR> 62.557999 57.770000 107.747002
c<K>r<903>R<GLY> 60.036999 56.687000 105.064003
c<K>r<904>R<TRP> 62.632000 54.494999 103.386002
c<K>r<910>R<PRO> 67.788002 45.840000 105.830002
c<K>r<912>R<ASP> 68.935997 45.791000 100.690002
c<K>r<913>R<TYR> 71.297997 48.077999 102.591003
c<K>r<914>R<HIS> 74.786003 48.842999 101.306000
c<K>r<915>R<TYR> 76.827003 47.568001 104.281998
