c<A>r<44>R<LEU> 90.174004 54.205002 97.613998
c<A>r<45>R<LYS> 89.185997 54.743000 101.194000
c<A>r<46>R<PRO> 85.654999 54.266998 102.460999
c<A>r<47>R<LEU> 83.267998 57.042999 101.176003
c<A>r<48>R<SER> 81.610001 59.141998 103.853996
c<A>r<49>R<VAL> 78.512001 61.141998 103.120003
c<A>r<50>R<SER> 77.649002 63.025002 106.307999
c<A>r<51>R<TYR> 74.502998 65.053001 105.759003
c<A>r<52>R<ASP> 72.831001 64.874001 109.139000
c<A>r<78>R<VAL> 80.325996 67.083000 104.193001
c<A>r<79>R<LEU> 81.750000 64.487999 101.800003
c<A>r<80>R<LYS> 85.000000 62.768002 102.622002
c<A>r<81>R<GLY> 86.858002 59.542999 101.925003
c<A>r<82>R<GLY> 86.860001 57.596001 98.725998
c<A>r<86>R<GLY> 90.362999 66.097000 103.143997
c<A>r<87>R<THR> 86.844002 67.470001 103.598999
c<A>r<180>R<PRO> 69.281998 65.585999 101.093002
c<A>r<181>R<ARG> 69.695000 62.127998 102.740997
c<A>r<182>R<GLY> 66.320999 61.341000 101.234001
c<A>r<183>R<LEU> 67.776001 61.513000 97.740997
c<A>r<184>R<LEU> 70.448997 58.838001 98.184998
c<A>r<185>R<PRO> 70.208000 55.145000 97.045998
c<A>r<186>R<GLU> 71.012001 52.333000 99.435997
c<A>r<187>R<SER> 74.470001 51.592999 98.061996
c<A>r<188>R<LEU> 77.461998 53.924000 97.932999
c<A>r<189>R<ASP> 79.249001 51.842999 95.297997
c<A>r<190>R<TYR> 80.696999 54.320000 92.813004
c<A>r<211>R<LEU> 77.033997 56.230000 92.232002
c<A>r<212>R<LYS> 76.267998 52.953999 90.482002
c<A>r<213>R<GLU> 72.841003 52.471001 91.982002
c<A>r<257>R<ALA> 85.543999 51.606998 90.686996
c<A>r<258>R<SER> 85.017998 51.381001 94.450996
c<A>r<259>R<PHE> 83.663002 47.866001 94.183998
c<A>r<260>R<LYS> 84.778000 44.487000 92.899002
c<K>r<819>R<ARG> 90.901001 48.625000 106.970001
c<K>r<828>R<THR> 71.748001 43.191002 101.742996
c<K>r<829>R<VAL> 73.978996 45.827000 103.322998
c<K>r<830>R<SER> 72.772003 48.924000 101.458000
c<K>r<831>R<THR> 69.096001 48.817001 102.448997
c<K>r<832>R<TYR> 69.417000 48.823002 106.248001
c<K>r<833>R<CYS> 71.242996 50.786999 108.922997
c<K>r<851>R<ILE> 75.792000 53.959000 107.753998
c<K>r<852>R<LEU> 72.511002 53.966999 105.835999
c<K>r<853>R<GLY> 72.878998 54.509998 102.098000
c<K>r<854>R<GLY> 74.767998 57.733002 101.642998
c<K>r<855>R<SER> 74.377998 58.875000 105.275002
c<K>r<856>R<THR> 77.263000 58.292999 107.682999
c<K>r<857>R<TYR> 77.712997 58.948002 111.438004
c<K>r<858>R<TYR> 80.806999 58.754002 113.601997
c<K>r<864>R<GLY> 87.929001 62.712002 111.164001
c<K>r<866>R<PHE> 87.771004 56.763000 110.500999
c<K>r<867>R<THR> 85.614998 56.393002 107.389000
c<K>r<868>R<ILE> 82.754997 53.924000 106.959999
c<K>r<869>R<SER> 81.694000 53.033001 103.410004
c<K>r<870>R<GLN> 79.936996 50.212002 101.616997
c<K>r<871>R<ASP> 80.392998 48.182999 98.462997
c<K>r<872>R<ASN> 77.029999 46.983002 97.167000
c<K>r<873>R<ALA> 78.621002 44.699001 94.556000
c<K>r<874>R<LYS> 80.608002 42.848999 97.230003
c<K>r<875>R<ASN> 77.846001 43.222000 99.846001
c<K>r<876>R<THR> 80.552002 44.478001 102.233002
c<K>r<877>R<VAL> 80.835999 47.362999 104.664001
c<K>r<878>R<TYR> 84.278999 48.820999 105.342003
c<K>r<879>R<LEU> 85.780998 50.708000 108.226997
c<K>r<880>R<GLN> 88.890999 52.636002 107.216003
c<K>r<881>R<MET> 90.873001 53.551998 110.329002
c<K>r<900>R<ALA> 65.919998 51.859001 107.286003
c<K>r<902>R<THR> 68.176003 57.674000 109.011002
c<K>r<903>R<GLY> 67.060997 59.268002 112.319000
c<K>r<906>R<SER> 72.011002 58.609001 113.633003
