c<A>r<2>R<SER> 76.934998 81.292999 73.091003
c<A>r<3>R<HIS> 75.570999 85.046997 73.290001
c<A>r<4>R<HIS> 74.150002 83.584999 76.453003
c<A>r<5>R<TRP> 74.943001 79.907997 76.620003
c<A>r<6>R<GLY> 72.186996 77.362000 76.968002
c<A>r<18>R<LYS> 83.813004 79.709000 71.529999
c<A>r<19>R<ASP> 83.359001 81.496002 74.852997
c<A>r<20>R<PHE> 84.814003 78.746002 76.996002
c<A>r<21>R<PRO> 87.726997 77.140999 75.119003
c<A>r<22>R<ILE> 88.320999 74.705002 77.958000
c<A>r<60>R<LEU> 66.528000 78.952003 92.794998
c<A>r<61>R<ASN> 65.678001 78.719002 89.045998
c<A>r<62>R<ASN> 68.875999 79.986000 87.424004
c<A>r<63>R<GLY> 67.716003 79.599998 83.907997
c<A>r<64>R<HIS> 69.615997 76.359001 83.308998
c<A>r<69>R<GLU> 71.292000 75.903999 98.175003
c<A>r<71>R<ASP> 74.379997 77.250000 104.255997
c<A>r<72>R<ASP> 78.014999 76.315002 103.834000
c<A>r<73>R<SER> 79.385002 78.739998 106.490997
c<A>r<74>R<GLN> 80.073997 75.982002 109.003998
c<A>r<127>R<TYR> 90.516998 76.537003 99.875000
c<A>r<128>R<GLY> 88.247002 78.535004 102.136002
c<A>r<129>R<ASP> 85.365997 79.211998 99.778999
c<A>r<130>R<PHE> 83.842003 77.958000 96.559998
c<A>r<131>R<GLY> 85.287003 80.733002 94.491997
c<A>r<132>R<LYS> 88.884003 79.969002 95.459999
c<A>r<133>R<ALA> 88.153999 76.239998 95.170998
c<A>r<134>R<VAL> 87.320999 76.652000 91.455002
c<A>r<135>R<GLN> 90.889000 77.890999 90.845001
c<A>r<169>R<LYS> 64.446999 82.126999 85.453003
c<A>r<170>R<GLY> 65.452003 84.234001 88.357002
c<A>r<171>R<LYS> 62.701000 83.115997 90.755997
c<A>r<172>R<SER> 63.696999 81.720001 94.148003
c<A>r<197>R<LEU> 81.988998 71.356003 85.601997
c<A>r<199>R<THR> 78.185997 73.730003 82.334999
c<A>r<200>R<PRO> 80.081001 76.927002 81.554001
c<A>r<201>R<PRO> 82.579002 77.903000 82.814003
c<A>r<202>R<LEU> 83.527000 74.179001 82.388000
c<A>r<203>R<LEU> 86.352997 74.496002 84.889000
c<K>r<807>R<SER> 89.296997 86.880997 99.781998
c<K>r<808>R<GLY> 87.866997 84.480003 97.221001
c<K>r<809>R<GLY> 88.310997 86.640999 94.129997
c<K>r<810>R<GLY> 90.077003 85.522003 90.943001
c<K>r<811>R<SER> 89.552002 85.108002 87.191002
c<K>r<812>R<VAL> 86.745003 82.865997 85.982002
c<K>r<813>R<GLN> 84.913002 82.110001 82.789001
c<K>r<814>R<ALA> 81.487999 83.554001 82.103996
c<K>r<815>R<GLY> 78.662003 81.356003 83.422997
c<K>r<816>R<GLY> 80.862000 80.285004 86.376999
c<K>r<817>R<SER> 80.589996 80.968002 90.098999
c<K>r<818>R<LEU> 82.808998 82.348999 92.845001
c<K>r<819>R<ARG> 82.412003 82.804001 96.599998
c<K>r<820>R<LEU> 83.816002 85.935997 98.176003
c<K>r<821>R<SER> 84.475998 86.086998 101.876999
c<K>r<863>R<LYS> 69.316002 89.969002 92.314003
c<K>r<864>R<GLY> 68.651001 86.278000 91.759003
c<K>r<865>R<ARG> 72.313004 85.443001 90.933998
c<K>r<867>R<THR> 73.497002 85.582001 97.723999
c<K>r<869>R<SER> 75.029999 85.406998 104.056999
c<K>r<870>R<GLN> 76.959999 85.473000 107.302002
c<K>r<871>R<ASP> 78.667000 83.003998 109.597000
c<K>r<872>R<ASN> 78.626999 84.280998 113.174004
c<K>r<873>R<ALA> 80.983002 81.537003 114.394997
c<K>r<874>R<LYS> 83.638000 82.536003 111.850998
c<K>r<875>R<ASN> 82.732002 86.245003 112.042000
c<K>r<876>R<THR> 82.639000 86.212997 108.222000
c<K>r<877>R<VAL> 80.267998 87.561996 105.599998
c<K>r<878>R<TYR> 80.018997 85.732002 102.278000
c<K>r<879>R<LEU> 79.015999 86.771004 98.806000
c<K>r<880>R<GLN> 78.031998 83.805000 96.650002
c<K>r<881>R<MET> 78.120003 84.825996 92.987999
c<K>r<882>R<ASN> 76.444000 82.599998 90.400002
c<K>r<883>R<SER> 76.126999 82.831001 86.628998
c<K>r<884>R<LEU> 78.855003 85.453003 86.323997
c<K>r<885>R<LYS> 78.916000 87.755997 83.324997
c<K>r<922>R<VAL> 86.836998 89.583000 90.191002
c<K>r<924>R<VAL> 85.112000 87.372002 84.320000
c<K>r<925>R<SER> 86.202003 86.362999 80.815002
c<K>r<926>R<SER> 83.764999 85.571999 78.016998
