c<A>r<3>R<HIS> 75.570999 85.046997 73.290001
c<A>r<4>R<HIS> 74.150002 83.584999 76.453003
c<A>r<5>R<TRP> 74.943001 79.907997 76.620003
c<A>r<17>R<HIS> 83.841003 76.286003 73.196999
c<A>r<18>R<LYS> 83.813004 79.709000 71.529999
c<A>r<19>R<ASP> 83.359001 81.496002 74.852997
c<A>r<20>R<PHE> 84.814003 78.746002 76.996002
c<A>r<21>R<PRO> 87.726997 77.140999 75.119003
c<A>r<22>R<ILE> 88.320999 74.705002 77.958000
c<A>r<23>R<ALA> 85.214996 72.941002 76.553001
c<A>r<55>R<THR> 70.897003 73.291000 106.400002
c<A>r<56>R<SER> 69.192001 74.079002 103.191002
c<A>r<57>R<LEU> 68.207001 77.660004 102.601997
c<A>r<58>R<ARG> 66.664001 78.346001 99.283997
c<A>r<59>R<ILE> 65.740997 76.963997 95.890999
c<A>r<60>R<LEU> 66.528000 78.952003 92.794998
c<A>r<61>R<ASN> 65.678001 78.719002 89.045998
c<A>r<62>R<ASN> 68.875999 79.986000 87.424004
c<A>r<67>R<ASN> 69.587997 74.775002 92.637001
c<A>r<69>R<GLU> 71.292000 75.903999 98.175003
c<A>r<70>R<PHE> 72.844002 75.167000 101.503998
c<A>r<71>R<ASP> 74.379997 77.250000 104.255997
c<A>r<72>R<ASP> 78.014999 76.315002 103.834000
c<A>r<73>R<SER> 79.385002 78.739998 106.490997
c<A>r<91>R<ILE> 76.999001 74.011002 98.742996
c<A>r<92>R<GLN> 74.134003 73.084000 96.429001
c<A>r<123>R<TRP> 83.997002 72.389000 97.713997
c<A>r<127>R<TYR> 90.516998 76.537003 99.875000
c<A>r<128>R<GLY> 88.247002 78.535004 102.136002
c<A>r<129>R<ASP> 85.365997 79.211998 99.778999
c<A>r<130>R<PHE> 83.842003 77.958000 96.559998
c<A>r<131>R<GLY> 85.287003 80.733002 94.491997
c<A>r<132>R<LYS> 88.884003 79.969002 95.459999
c<A>r<133>R<ALA> 88.153999 76.239998 95.170998
c<A>r<134>R<VAL> 87.320999 76.652000 91.455002
c<A>r<135>R<GLN> 90.889000 77.890999 90.845001
c<A>r<136>R<GLN> 92.214996 74.502998 91.982002
c<A>r<166>R<ILE> 60.077999 78.975998 90.825996
c<A>r<168>R<THR> 60.826000 80.917999 85.552002
c<A>r<169>R<LYS> 64.446999 82.126999 85.453003
c<A>r<170>R<GLY> 65.452003 84.234001 88.357002
c<A>r<171>R<LYS> 62.701000 83.115997 90.755997
c<A>r<172>R<SER> 63.696999 81.720001 94.148003
c<A>r<173>R<ALA> 61.832001 80.458000 97.212997
c<A>r<174>R<ASP> 62.741001 79.763000 100.807999
c<A>r<175>R<PHE> 63.611000 76.119003 101.092003
c<A>r<176>R<THR> 64.655998 75.376999 104.617996
c<A>r<197>R<LEU> 81.988998 71.356003 85.601997
c<A>r<199>R<THR> 78.185997 73.730003 82.334999
c<A>r<200>R<PRO> 80.081001 76.927002 81.554001
c<A>r<201>R<PRO> 82.579002 77.903000 82.814003
c<A>r<202>R<LEU> 83.527000 74.179001 82.388000
c<A>r<203>R<LEU> 86.352997 74.496002 84.889000
c<A>r<204>R<GLU> 88.570999 71.426003 85.416000
c<A>r<232>R<GLY> 62.095001 84.495003 82.528000
c<A>r<233>R<GLU> 58.582001 85.648003 83.671997
c<K>r<801>R<GLN> 70.199997 81.638000 108.186996
c<K>r<802>R<VAL> 71.265999 84.056999 105.427002
c<K>r<803>R<GLN> 72.920998 82.555000 102.372002
c<K>r<804>R<LEU> 74.586998 84.262001 99.390999
c<K>r<805>R<VAL> 75.342003 81.917999 96.473999
c<K>r<806>R<GLU> 77.431000 83.019997 93.531998
c<K>r<807>R<SER> 77.327003 81.237999 90.172997
c<K>r<808>R<GLY> 78.195000 82.018997 86.566002
c<K>r<809>R<GLY> 81.977997 81.875000 86.863998
c<K>r<810>R<GLY> 84.245003 79.762001 84.644997
c<K>r<811>R<SER> 87.209999 80.005997 82.263000
c<K>r<812>R<VAL> 86.913002 82.231003 79.208000
c<K>r<813>R<GLN> 89.139000 83.710999 76.567001
c<K>r<814>R<ALA> 90.246002 87.320999 76.731003
c<K>r<815>R<GLY> 87.807999 89.698997 75.013000
c<K>r<816>R<GLY> 84.872002 87.473999 76.081001
c<K>r<817>R<SER> 82.018997 88.063004 78.513000
c<K>r<818>R<LEU> 80.521004 86.311996 81.524002
c<K>r<819>R<ARG> 77.515999 86.977997 83.757004
c<K>r<821>R<SER> 74.818001 85.891998 89.624001
c<K>r<823>R<ALA> 71.222000 84.599998 94.732002
c<K>r<824>R<ALA> 70.277000 85.669998 98.246002
c<K>r<825>R<SER> 68.338997 83.543999 100.723000
c<K>r<826>R<GLY> 66.682999 85.055000 103.829002
c<K>r<838>R<ARG> 87.458000 90.209999 93.949997
c<K>r<839>R<GLN> 90.774002 88.732002 95.050003
c<K>r<840>R<ALA> 93.421997 87.972000 92.421997
c<K>r<841>R<PRO> 96.069000 85.364998 93.155998
c<K>r<871>R<ASP> 66.254997 91.320999 89.865997
c<K>r<872>R<ASN> 63.847000 91.796997 92.764999
c<K>r<873>R<ALA> 61.543999 88.994003 91.579002
c<K>r<874>R<LYS> 64.404999 86.476997 91.634003
c<K>r<875>R<ASN> 66.087997 88.130997 94.640999
c<K>r<876>R<THR> 69.334000 88.027000 92.627998
c<K>r<877>R<VAL> 72.117996 90.490997 91.927002
c<K>r<889>R<THR> 91.264999 86.705002 86.709999
c<K>r<890>R<ALA> 90.282997 86.267998 90.378998
c<K>r<891>R<ILE> 87.790001 84.850998 92.844002
c<K>r<892>R<TYR> 84.677002 87.110001 92.777000
c<K>r<893>R<TYR> 82.669998 87.380997 95.986000
c<K>r<916>R<ARG> 79.749001 87.337997 102.097000
c<K>r<917>R<GLY> 79.432999 84.356003 99.746002
c<K>r<918>R<GLN> 81.950996 81.560997 99.192001
c<K>r<919>R<GLY> 83.024002 83.200996 95.910004
c<K>r<920>R<THR> 83.295998 81.959999 92.319000
c<K>r<921>R<GLN> 86.383003 81.699997 90.153000
c<K>r<922>R<VAL> 86.764000 83.723000 86.992996
c<K>r<923>R<THR> 89.757004 82.676003 84.894997
c<K>r<924>R<VAL> 90.542999 84.668999 81.780998
c<K>r<925>R<SER> 93.095001 83.223000 79.352997
