c<A>r<4>R<HIS> 74.150002 83.584999 76.453003
c<A>r<19>R<ASP> 83.359001 81.496002 74.852997
c<A>r<20>R<PHE> 84.814003 78.746002 76.996002
c<A>r<21>R<PRO> 87.726997 77.140999 75.119003
c<A>r<22>R<ILE> 88.320999 74.705002 77.958000
c<A>r<57>R<LEU> 68.207001 77.660004 102.601997
c<A>r<58>R<ARG> 66.664001 78.346001 99.283997
c<A>r<59>R<ILE> 65.740997 76.963997 95.890999
c<A>r<60>R<LEU> 66.528000 78.952003 92.794998
c<A>r<61>R<ASN> 65.678001 78.719002 89.045998
c<A>r<62>R<ASN> 68.875999 79.986000 87.424004
c<A>r<63>R<GLY> 67.716003 79.599998 83.907997
c<A>r<64>R<HIS> 69.615997 76.359001 83.308998
c<A>r<67>R<ASN> 69.587997 74.775002 92.637001
c<A>r<69>R<GLU> 71.292000 75.903999 98.175003
c<A>r<70>R<PHE> 72.844002 75.167000 101.503998
c<A>r<71>R<ASP> 74.379997 77.250000 104.255997
c<A>r<72>R<ASP> 78.014999 76.315002 103.834000
c<A>r<73>R<SER> 79.385002 78.739998 106.490997
c<A>r<74>R<GLN> 80.073997 75.982002 109.003998
c<A>r<91>R<ILE> 76.999001 74.011002 98.742996
c<A>r<92>R<GLN> 74.134003 73.084000 96.429001
c<A>r<123>R<TRP> 83.997002 72.389000 97.713997
c<A>r<128>R<GLY> 88.247002 78.535004 102.136002
c<A>r<129>R<ASP> 85.365997 79.211998 99.778999
c<A>r<130>R<PHE> 83.842003 77.958000 96.559998
c<A>r<131>R<GLY> 85.287003 80.733002 94.491997
c<A>r<132>R<LYS> 88.884003 79.969002 95.459999
c<A>r<133>R<ALA> 88.153999 76.239998 95.170998
c<A>r<134>R<VAL> 87.320999 76.652000 91.455002
c<A>r<135>R<GLN> 90.889000 77.890999 90.845001
c<A>r<169>R<LYS> 64.446999 82.126999 85.453003
c<A>r<170>R<GLY> 65.452003 84.234001 88.357002
c<A>r<171>R<LYS> 62.701000 83.115997 90.755997
c<A>r<172>R<SER> 63.696999 81.720001 94.148003
c<A>r<173>R<ALA> 61.832001 80.458000 97.212997
c<A>r<199>R<THR> 78.185997 73.730003 82.334999
c<A>r<200>R<PRO> 80.081001 76.927002 81.554001
c<A>r<201>R<PRO> 82.579002 77.903000 82.814003
c<A>r<203>R<LEU> 86.352997 74.496002 84.889000
c<A>r<232>R<GLY> 62.095001 84.495003 82.528000
c<K>r<801>R<GLN> 91.792000 81.160004 82.285004
c<K>r<802>R<VAL> 89.577003 83.513000 84.325996
c<K>r<803>R<GLN> 91.329002 85.964996 86.616997
c<K>r<826>R<GLY> 88.199997 86.352997 80.504997
c<K>r<827>R<TYR> 84.831001 87.043999 82.152000
c<K>r<831>R<THR> 76.242996 89.765999 82.718002
c<K>r<844>R<GLU> 84.084999 83.877998 109.824997
c<K>r<845>R<ARG> 83.628998 85.349998 106.362000
c<K>r<846>R<GLU> 80.776001 87.761002 105.708000
c<K>r<893>R<TYR> 87.665001 89.334000 98.206001
c<K>r<894>R<CYS> 86.060997 89.924004 94.833000
c<K>r<895>R<ALA> 83.972000 87.012001 93.433998
c<K>r<896>R<GLY> 82.025002 86.255997 90.231003
c<K>r<897>R<SER> 79.272003 83.656998 89.884003
c<K>r<898>R<THR> 78.001999 81.886002 86.772003
c<K>r<899>R<VAL> 74.431999 83.028999 87.634003
c<K>r<900>R<ALA> 72.306999 85.847000 86.165001
c<K>r<901>R<SER> 69.436996 85.578003 88.636002
c<K>r<902>R<THR> 68.619003 88.689003 90.660004
c<K>r<903>R<GLY> 66.889999 86.570999 93.351997
c<K>r<904>R<TRP> 69.988998 84.434998 93.788002
c<K>r<905>R<CYS> 72.259003 87.532997 93.762001
c<K>r<907>R<ARG> 71.070999 86.308998 99.046997
c<K>r<909>R<ARG> 76.617996 85.032997 99.564003
c<K>r<910>R<PRO> 79.614998 85.902000 97.345001
c<K>r<911>R<TYR> 81.774002 83.360001 99.179001
c<K>r<912>R<ASP> 79.763000 80.637001 97.366997
c<K>r<913>R<TYR> 80.524002 82.007004 93.906998
c<K>r<914>R<HIS> 82.599998 80.047997 91.406998
c<K>r<915>R<TYR> 85.419998 82.572998 90.841003
c<K>r<916>R<ARG> 87.230003 84.306000 93.689003
c<K>r<917>R<GLY> 90.242996 86.637001 93.750999
c<K>r<918>R<GLN> 93.281998 86.440002 96.028999
