c<A>r<2>R<SER> 76.934998 81.292999 73.091003
c<A>r<3>R<HIS> 75.570999 85.046997 73.290001
c<A>r<4>R<HIS> 74.150002 83.584999 76.453003
c<A>r<5>R<TRP> 74.943001 79.907997 76.620003
c<A>r<6>R<GLY> 72.186996 77.362000 76.968002
c<A>r<16>R<TRP> 80.230003 76.580002 74.263000
c<A>r<17>R<HIS> 83.841003 76.286003 73.196999
c<A>r<18>R<LYS> 83.813004 79.709000 71.529999
c<A>r<19>R<ASP> 83.359001 81.496002 74.852997
c<A>r<20>R<PHE> 84.814003 78.746002 76.996002
c<A>r<21>R<PRO> 87.726997 77.140999 75.119003
c<A>r<22>R<ILE> 88.320999 74.705002 77.958000
c<A>r<56>R<SER> 69.192001 74.079002 103.191002
c<A>r<57>R<LEU> 68.207001 77.660004 102.601997
c<A>r<58>R<ARG> 66.664001 78.346001 99.283997
c<A>r<59>R<ILE> 65.740997 76.963997 95.890999
c<A>r<60>R<LEU> 66.528000 78.952003 92.794998
c<A>r<61>R<ASN> 65.678001 78.719002 89.045998
c<A>r<62>R<ASN> 68.875999 79.986000 87.424004
c<A>r<63>R<GLY> 67.716003 79.599998 83.907997
c<A>r<64>R<HIS> 69.615997 76.359001 83.308998
c<A>r<65>R<ALA> 68.410004 74.168999 86.154999
c<A>r<66>R<PHE> 67.196999 74.737000 89.740997
c<A>r<67>R<ASN> 69.587997 74.775002 92.637001
c<A>r<68>R<VAL> 68.778999 73.791000 96.224998
c<A>r<69>R<GLU> 71.292000 75.903999 98.175003
c<A>r<70>R<PHE> 72.844002 75.167000 101.503998
c<A>r<71>R<ASP> 74.379997 77.250000 104.255997
c<A>r<72>R<ASP> 78.014999 76.315002 103.834000
c<A>r<73>R<SER> 79.385002 78.739998 106.490997
c<A>r<90>R<LEU> 78.013000 70.718002 100.374001
c<A>r<91>R<ILE> 76.999001 74.011002 98.742996
c<A>r<92>R<GLN> 74.134003 73.084000 96.429001
c<A>r<93>R<PHE> 72.452003 70.358002 94.474998
c<A>r<121>R<VAL> 78.209000 69.894997 94.641998
c<A>r<123>R<TRP> 83.997002 72.389000 97.713997
c<A>r<127>R<TYR> 90.516998 76.537003 99.875000
c<A>r<128>R<GLY> 88.247002 78.535004 102.136002
c<A>r<129>R<ASP> 85.365997 79.211998 99.778999
c<A>r<130>R<PHE> 83.842003 77.958000 96.559998
c<A>r<131>R<GLY> 85.287003 80.733002 94.491997
c<A>r<132>R<LYS> 88.884003 79.969002 95.459999
c<A>r<133>R<ALA> 88.153999 76.239998 95.170998
c<A>r<134>R<VAL> 87.320999 76.652000 91.455002
c<A>r<135>R<GLN> 90.889000 77.890999 90.845001
c<A>r<136>R<GLN> 92.214996 74.502998 91.982002
c<A>r<169>R<LYS> 64.446999 82.126999 85.453003
c<A>r<170>R<GLY> 65.452003 84.234001 88.357002
c<A>r<171>R<LYS> 62.701000 83.115997 90.755997
c<A>r<172>R<SER> 63.696999 81.720001 94.148003
c<A>r<197>R<LEU> 81.988998 71.356003 85.601997
c<A>r<199>R<THR> 78.185997 73.730003 82.334999
c<A>r<200>R<PRO> 80.081001 76.927002 81.554001
c<A>r<201>R<PRO> 82.579002 77.903000 82.814003
c<A>r<202>R<LEU> 83.527000 74.179001 82.388000
c<A>r<203>R<LEU> 86.352997 74.496002 84.889000
c<K>r<801>R<GLN> 88.504997 83.078003 76.777000
c<K>r<802>R<VAL> 86.499001 84.754997 79.565002
c<K>r<803>R<GLN> 86.903999 88.498001 79.959999
c<K>r<825>R<SER> 82.476997 88.135002 77.731003
c<K>r<826>R<GLY> 82.092003 84.344002 77.334999
c<K>r<827>R<TYR> 80.341003 84.061996 80.709999
c<K>r<828>R<THR> 76.658997 84.653000 81.543999
c<K>r<829>R<VAL> 76.367996 86.998001 84.517998
c<K>r<830>R<SER> 72.942001 85.974998 85.838997
c<K>r<831>R<THR> 73.636002 82.286003 86.488998
c<K>r<832>R<TYR> 76.633003 82.560997 88.829002
c<K>r<833>R<CYS> 77.600998 84.454002 91.963997
c<K>r<834>R<MET> 79.429001 87.628998 90.946999
c<K>r<852>R<LEU> 73.265999 85.920998 92.514000
c<K>r<853>R<GLY> 70.007004 86.362000 90.619003
c<K>r<854>R<GLY> 67.739998 88.418999 92.807999
c<K>r<855>R<SER> 69.875999 88.044998 95.961998
c<K>r<872>R<ASN> 70.941002 90.178001 81.522003
c<K>r<873>R<ALA> 70.362000 91.681000 78.061996
c<K>r<874>R<LYS> 73.686996 93.538002 78.195000
c<K>r<875>R<ASN> 75.400002 90.766998 80.195000
c<K>r<895>R<ALA> 84.803001 89.101997 89.805000
c<K>r<896>R<GLY> 82.742996 86.072998 88.707001
c<K>r<897>R<SER> 82.693001 82.692001 90.445000
c<K>r<898>R<THR> 81.759003 79.278999 89.059998
c<K>r<899>R<VAL> 79.238998 78.853996 91.934998
c<K>r<900>R<ALA> 75.432999 79.212997 91.971001
c<K>r<901>R<SER> 74.986000 78.859001 95.724998
c<K>r<902>R<THR> 73.296997 81.744003 97.530998
c<K>r<903>R<GLY> 74.870003 80.674004 100.863998
c<K>r<904>R<TRP> 78.345001 80.775002 99.358002
c<K>r<905>R<CYS> 77.607002 84.114998 97.611000
c<K>r<906>R<SER> 76.514000 85.566002 100.995003
c<K>r<907>R<ARG> 80.041000 85.214996 102.480003
c<K>r<909>R<ARG> 84.434998 87.144997 99.375999
c<K>r<910>R<PRO> 84.666000 88.123001 95.681999
c<K>r<911>R<TYR> 88.467003 88.160004 95.876999
c<K>r<912>R<ASP> 88.300003 84.327003 96.033997
c<K>r<913>R<TYR> 86.315002 84.017998 92.809998
c<K>r<914>R<HIS> 87.772003 82.343002 89.733002
c<K>r<915>R<TYR> 87.510002 85.260002 87.267998
