c<A>r<2>R<SER> 76.934998 81.292999 73.091003
c<A>r<3>R<HIS> 75.570999 85.046997 73.290001
c<A>r<4>R<HIS> 74.150002 83.584999 76.453003
c<A>r<5>R<TRP> 74.943001 79.907997 76.620003
c<A>r<16>R<TRP> 80.230003 76.580002 74.263000
c<A>r<17>R<HIS> 83.841003 76.286003 73.196999
c<A>r<18>R<LYS> 83.813004 79.709000 71.529999
c<A>r<19>R<ASP> 83.359001 81.496002 74.852997
c<A>r<20>R<PHE> 84.814003 78.746002 76.996002
c<A>r<21>R<PRO> 87.726997 77.140999 75.119003
c<A>r<22>R<ILE> 88.320999 74.705002 77.958000
c<A>r<23>R<ALA> 85.214996 72.941002 76.553001
c<A>r<56>R<SER> 69.192001 74.079002 103.191002
c<A>r<57>R<LEU> 68.207001 77.660004 102.601997
c<A>r<58>R<ARG> 66.664001 78.346001 99.283997
c<A>r<59>R<ILE> 65.740997 76.963997 95.890999
c<A>r<60>R<LEU> 66.528000 78.952003 92.794998
c<A>r<61>R<ASN> 65.678001 78.719002 89.045998
c<A>r<62>R<ASN> 68.875999 79.986000 87.424004
c<A>r<63>R<GLY> 67.716003 79.599998 83.907997
c<A>r<64>R<HIS> 69.615997 76.359001 83.308998
c<A>r<65>R<ALA> 68.410004 74.168999 86.154999
c<A>r<66>R<PHE> 67.196999 74.737000 89.740997
c<A>r<67>R<ASN> 69.587997 74.775002 92.637001
c<A>r<68>R<VAL> 68.778999 73.791000 96.224998
c<A>r<69>R<GLU> 71.292000 75.903999 98.175003
c<A>r<70>R<PHE> 72.844002 75.167000 101.503998
c<A>r<71>R<ASP> 74.379997 77.250000 104.255997
c<A>r<72>R<ASP> 78.014999 76.315002 103.834000
c<A>r<73>R<SER> 79.385002 78.739998 106.490997
c<A>r<91>R<ILE> 76.999001 74.011002 98.742996
c<A>r<92>R<GLN> 74.134003 73.084000 96.429001
c<A>r<94>R<HIS> 70.670998 70.377998 91.154999
c<A>r<128>R<GLY> 88.247002 78.535004 102.136002
c<A>r<129>R<ASP> 85.365997 79.211998 99.778999
c<A>r<130>R<PHE> 83.842003 77.958000 96.559998
c<A>r<131>R<GLY> 85.287003 80.733002 94.491997
c<A>r<132>R<LYS> 88.884003 79.969002 95.459999
c<A>r<133>R<ALA> 88.153999 76.239998 95.170998
c<A>r<134>R<VAL> 87.320999 76.652000 91.455002
c<A>r<135>R<GLN> 90.889000 77.890999 90.845001
c<A>r<168>R<THR> 60.826000 80.917999 85.552002
c<A>r<169>R<LYS> 64.446999 82.126999 85.453003
c<A>r<170>R<GLY> 65.452003 84.234001 88.357002
c<A>r<171>R<LYS> 62.701000 83.115997 90.755997
c<A>r<172>R<SER> 63.696999 81.720001 94.148003
c<A>r<197>R<LEU> 81.988998 71.356003 85.601997
c<A>r<199>R<THR> 78.185997 73.730003 82.334999
c<A>r<200>R<PRO> 80.081001 76.927002 81.554001
c<A>r<201>R<PRO> 82.579002 77.903000 82.814003
c<A>r<202>R<LEU> 83.527000 74.179001 82.388000
c<A>r<203>R<LEU> 86.352997 74.496002 84.889000
c<A>r<231>R<ASN> 62.852001 81.746002 80.154999
c<A>r<232>R<GLY> 62.095001 84.495003 82.528000
c<A>r<233>R<GLU> 58.582001 85.648003 83.671997
c<A>r<234>R<GLY> 56.597000 87.267998 80.799004
c<A>r<235>R<GLU> 58.821999 85.892998 78.171997
c<K>r<819>R<ARG> 74.723000 94.014999 76.283997
c<K>r<827>R<TYR> 90.267998 88.030998 89.838997
c<K>r<828>R<THR> 88.501999 84.893997 88.557999
c<K>r<829>R<VAL> 84.835999 85.647003 87.912003
c<K>r<830>R<SER> 83.363998 82.151001 88.272003
c<K>r<831>R<THR> 84.470001 81.407997 91.841003
c<K>r<832>R<TYR> 82.922997 84.377998 93.662003
c<K>r<833>R<CYS> 79.570000 86.126999 93.867996
c<K>r<849>R<ALA> 71.492996 91.133003 89.152000
c<K>r<850>R<THR> 73.968002 88.778000 90.883003
c<K>r<851>R<ILE> 75.605003 85.522003 89.864998
c<K>r<852>R<LEU> 77.552002 82.710999 91.523003
c<K>r<853>R<GLY> 78.350998 79.791000 89.233002
c<K>r<854>R<GLY> 75.078003 78.578003 87.825996
c<K>r<855>R<SER> 72.899002 80.540001 90.286003
c<K>r<856>R<THR> 71.403999 83.848000 89.153000
c<K>r<857>R<TYR> 69.275002 86.503998 90.925003
c<K>r<858>R<TYR> 67.463997 89.515999 89.532997
c<K>r<859>R<GLY> 65.969002 92.667999 91.005997
c<K>r<860>R<ASP> 62.159000 92.513000 90.875999
c<K>r<862>R<VAL> 64.194000 93.793999 85.740997
c<K>r<863>R<LYS> 63.373001 90.109001 86.140999
c<K>r<864>R<GLY> 62.337002 88.635002 82.805000
c<K>r<865>R<ARG> 64.024002 91.397003 80.728996
c<K>r<866>R<PHE> 67.685997 91.142998 81.828003
c<K>r<867>R<THR> 69.975998 88.106003 81.852997
c<K>r<868>R<ILE> 73.306999 87.862000 83.671997
c<K>r<869>R<SER> 75.790001 85.223999 82.487000
c<K>r<870>R<GLN> 79.513000 84.605003 82.600998
c<K>r<871>R<ASP> 82.239998 83.486000 80.237999
c<K>r<872>R<ASN> 85.009003 81.728996 82.154999
c<K>r<873>R<ALA> 87.320999 81.623001 79.120003
c<K>r<874>R<LYS> 87.139999 85.407997 78.714996
c<K>r<875>R<ASN> 86.887001 86.013000 82.482002
c<K>r<876>R<THR> 83.910004 88.281998 81.712997
c<K>r<878>R<TYR> 77.662003 89.925003 80.885002
c<K>r<879>R<LEU> 74.417000 91.735001 81.464996
c<K>r<880>R<GLN> 71.989998 91.287003 78.581001
c<K>r<897>R<SER> 82.728996 90.089996 96.249001
c<K>r<898>R<THR> 85.172997 87.862999 98.122002
c<K>r<899>R<VAL> 82.271004 85.496002 99.000999
c<K>r<900>R<ALA> 81.279999 82.122002 97.500999
c<K>r<901>R<SER> 78.013000 81.733002 99.394997
c<K>r<902>R<THR> 74.857002 81.353996 97.311996
c<K>r<903>R<GLY> 72.689003 82.537003 100.250000
c<K>r<904>R<TRP> 74.718002 85.720001 100.580002
c<K>r<906>R<SER> 70.889999 85.931999 96.800003
