c<A>r<25>R<VAL> -2.521000 9.199000 -11.008000
c<A>r<26>R<HIS> -5.883000 10.988000 -11.170000
c<A>r<27>R<GLY> -5.983000 14.422000 -9.521000
c<A>r<28>R<ASP> -8.956000 16.721001 -8.696000
c<A>r<29>R<ASN> -9.600000 19.566000 -6.238000
c<A>r<30>R<ARG> -9.539000 16.941999 -3.368000
c<A>r<31>R<GLY> -6.070000 15.643000 -3.948000
c<A>r<32>R<TRP> -5.330000 12.571000 -6.079000
c<A>r<33>R<PHE> -6.217000 8.770000 -6.400000
c<A>r<34>R<LYS> -4.292000 5.913000 -7.949000
c<A>r<35>R<GLU> -4.616000 2.188000 -8.430000
c<A>r<36>R<ASN> -1.324000 1.661000 -6.647000
c<A>r<37>R<PHE> -1.371000 -2.099000 -7.601000
c<A>r<38>R<GLN> -3.846000 -3.883000 -9.824000
c<A>r<39>R<LYS> -3.082000 -7.622000 -10.329000
c<A>r<40>R<GLU> -5.334000 -8.127000 -13.412000
c<A>r<41>R<LYS> -3.868000 -5.093000 -15.325000
c<A>r<52>R<PHE> 1.308000 -14.896000 -5.784000
c<A>r<55>R<GLY> -0.300000 -17.427999 -1.259000
c<A>r<56>R<LYS> 1.829000 -15.274000 1.111000
c<A>r<57>R<LEU> 1.080000 -11.546000 1.244000
c<A>r<58>R<GLN> 2.386000 -8.668000 3.309000
c<A>r<59>R<ASN> 2.201000 -4.887000 2.863000
c<A>r<60>R<ASN> 4.817000 -2.785000 4.608000
c<A>r<61>R<VAL> 4.992000 1.001000 4.968000
c<A>r<62>R<SER> 7.869000 3.175000 6.198000
c<A>r<63>R<PHE> 7.253000 6.876000 6.794000
c<A>r<64>R<SER> 10.623000 8.660000 6.783000
c<A>r<65>R<ARG> 11.874000 12.275000 6.877000
c<A>r<66>R<LYS> 14.230000 14.095000 4.447000
c<A>r<67>R<ASN> 17.721001 12.617000 3.864000
c<A>r<68>R<VAL> 16.884001 9.285000 5.664000
c<A>r<69>R<LEU> 18.615000 6.544000 3.740000
c<A>r<70>R<ARG> 17.378000 2.900000 4.178000
c<A>r<83>R<VAL> 5.189000 5.860000 -2.873000
c<A>r<84>R<ALA> 1.749000 6.261000 -1.152000
c<A>r<85>R<ASP> 1.810000 9.994000 -0.523000
c<A>r<86>R<GLY> 3.085000 13.352000 -2.016000
c<A>r<112>R<ALA> 3.266000 8.229000 -6.522000
c<A>r<132>R<PHE> 8.492000 13.071000 4.292000
c<A>r<133>R<VAL> 7.644000 10.027000 2.267000
c<A>r<134>R<ALA> 5.384000 7.044000 2.788000
c<A>r<135>R<TYR> 7.335000 4.165000 1.161000
c<A>r<136>R<SER> 4.938000 1.271000 0.543000
c<A>r<137>R<TYR> 5.862000 -2.213000 -0.624000
c<A>r<138>R<LEU> 4.060000 -5.557000 -1.141000
c<A>r<139>R<VAL> 6.061000 -8.679000 -0.361000
c<A>r<141>R<ASP> 6.957000 -13.982000 2.143000
c<A>r<142>R<TYR> 7.391000 -13.512000 5.870000
c<A>r<172>R<GLU> 20.434999 9.603000 8.392000
c<A>r<173>R<VAL> 21.165001 5.766000 8.402000
c<A>r<174>R<SER> 20.551001 3.045000 10.976000
c<B>r<25>R<VAL> 3.887000 1.047000 14.603000
c<B>r<26>R<HIS> 7.647000 1.103000 15.263000
c<B>r<27>R<GLY> 9.221000 4.573000 15.444000
c<B>r<28>R<ASP> 12.919000 5.649000 15.501000
c<B>r<29>R<ASN> 14.831000 8.836000 14.634000
c<B>r<30>R<ARG> 14.040000 8.158000 10.897000
c<B>r<31>R<GLY> 10.311000 8.153000 11.127000
c<B>r<32>R<TRP> 8.248000 4.982000 11.623000
c<B>r<33>R<PHE> 7.588000 1.479000 10.011000
c<B>r<34>R<LYS> 4.574000 -0.786000 10.192000
c<B>r<35>R<GLU> 3.408000 -4.090000 8.815000
c<B>r<36>R<ASN> 0.361000 -2.412000 7.344000
c<B>r<37>R<PHE> -1.125000 -5.860000 6.381000
c<B>r<38>R<GLN> 0.239000 -9.287000 7.209000
c<B>r<39>R<LYS> -1.941000 -12.198000 5.971000
c<B>r<40>R<GLU> -0.375000 -14.920000 8.209000
c<B>r<41>R<LYS> -0.756000 -12.844000 11.454000
c<B>r<52>R<PHE> -8.304000 -14.111000 -1.019000
c<B>r<55>R<GLY> -7.321000 -14.586000 -6.339000
c<B>r<56>R<LYS> -8.214000 -10.935000 -7.173000
c<B>r<57>R<LEU> -6.086000 -8.211000 -5.593000
c<B>r<58>R<GLN> -5.982000 -4.449000 -5.899000
c<B>r<59>R<ASN> -4.404000 -1.731000 -3.731000
c<B>r<60>R<ASN> -5.826000 1.761000 -3.980000
c<B>r<61>R<VAL> -4.511000 4.994000 -2.484000
c<B>r<62>R<SER> -6.197000 8.402000 -2.238000
c<B>r<63>R<PHE> -4.175000 11.385000 -1.062000
c<B>r<64>R<SER> -6.592000 14.075000 0.133000
c<B>r<65>R<ARG> -6.348000 17.469999 1.894000
c<B>r<66>R<LYS> -8.065000 18.669001 5.115000
c<B>r<67>R<ASN> -11.901000 18.556000 5.274000
c<B>r<68>R<VAL> -12.216000 16.444000 2.039000
c<B>r<69>R<LEU> -15.051000 14.019000 2.594000
c<B>r<70>R<ARG> -15.256000 10.863000 0.356000
c<B>r<83>R<VAL> -3.644000 5.196000 6.696000
c<B>r<84>R<ALA> -0.144000 5.020000 5.037000
c<B>r<85>R<ASP> 1.276000 8.313000 6.271000
c<B>r<86>R<GLY> 1.248000 10.762000 9.294000
c<B>r<112>R<ALA> -1.339000 4.610000 10.822000
c<B>r<132>R<PHE> -3.203000 15.576000 4.194000
c<B>r<133>R<VAL> -3.804000 11.876000 4.428000
c<B>r<134>R<ALA> -2.793000 8.899000 2.337000
c<B>r<135>R<TYR> -5.851000 6.591000 2.584000
c<B>r<136>R<SER> -4.803000 3.089000 1.511000
c<B>r<137>R<TYR> -7.101000 0.130000 0.961000
c<B>r<138>R<LEU> -6.781000 -3.461000 -0.360000
c<B>r<139>R<VAL> -9.734000 -4.794000 -2.322000
c<B>r<141>R<ASP> -12.319000 -7.447000 -6.941000
c<B>r<142>R<TYR> -12.148000 -5.144000 -9.939000
c<B>r<172>R<GLU> -15.085000 19.344999 0.167000
c<B>r<173>R<VAL> -17.226999 16.590000 -1.583000
c<B>r<174>R<SER> -17.452000 15.431000 -5.186000
