1763990111948 0.14824843406677246 22
1763990121974 0.14737290143966675 45
1763990131006 0.14054110646247864 68
1763990140329 0.14321376383304596 91
1763990149523 0.13558036088943481 114
1763990159312 0.10900609940290451 137
1763990168934 0.10575953871011734 160
1763990179890 0.11013735830783844 183
1763990190170 0.10048115998506546 206
1763990199864 0.12224673479795456 229
1763990209575 0.08987949788570404 252
1763990218874 0.10107816010713577 275
1763990228279 0.08035073429346085 298
1763990237900 0.08555715531110764 321
1763990247318 0.0816134512424469 344
1763990256969 0.08498762547969818 367
1763990266910 0.08444539457559586 390
1763990276955 0.07480373978614807 413
1763990286965 0.08063385635614395 436
1763990297053 0.07237759232521057 459
1763990306921 0.08606371283531189 482
1763990316534 0.07094715535640717 505
1763990325869 0.08038284629583359 528
1763990335945 0.07212699949741364 551
1763990345921 0.07076602429151535 574
1763990355426 0.07732108235359192 597
1763990365047 0.06900723278522491 620
1763990374257 0.07267305999994278 643
1763990383726 0.07705273479223251 666
1763990393649 0.06596209108829498 689
1763990403493 0.08279220759868622 712
1763990413701 0.06460899114608765 735
1763990423795 0.08083032071590424 758
1763990433099 0.06598303467035294 781
1763990442713 0.06558481603860855 804
1763990451966 0.07201278954744339 827
1763990461578 0.06469101458787918 850
1763990470923 0.0624789334833622 873
1763990480147 0.07540052384138107 896
1763990489690 0.06077316403388977 919
1763990499400 0.04830809682607651 942
1763990508469 0.051436420530080795 965
1763990518811 0.05790555477142334 988
1763990528632 0.0599195696413517 1011
1763990538656 0.05231665447354317 1034
1763990548217 0.047138605266809464 1057
1763990557986 0.0561075322329998 1080
1763990568032 0.059221360832452774 1103
1763990578770 0.05586034059524536 1126
1763990588683 0.04802466928958893 1149
1763990598367 0.05254705995321274 1172
1763990609007 0.05289652198553085 1195
1763990619553 0.053589288145303726 1218
1763990629556 0.05531273037195206 1241
1763990639043 0.05174548178911209 1264
1763990648657 0.06385917216539383 1287
1763990658109 0.04832271486520767 1310
1763990667629 0.06080203875899315 1333
1763990676971 0.04858938977122307 1356
1763990686794 0.05957886576652527 1379
1763990696693 0.04668019711971283 1402
1763990706624 0.047932013869285583 1425
1763990717426 0.05123533681035042 1448
1763990727013 0.04894113913178444 1471
1763990736461 0.04057733342051506 1494
1763990745991 0.047221358865499496 1517
1763990754975 0.061202503740787506 1540
1763990764531 0.04767055809497833 1563
1763990774575 0.054088037461042404 1586
1763990783922 0.04777500033378601 1609
1763990793511 0.05536564067006111 1632
1763990802849 0.05549924448132515 1655
1763990812294 0.047906700521707535 1678
1763990821738 0.046354494988918304 1701
1763990831133 0.04980577901005745 1724
1763990840850 0.046157099306583405 1747
1763990850161 0.05531470105051994 1770
1763990859508 0.04592417553067207 1793
1763990869165 0.04390019178390503 1816
1763990878923 0.04517329856753349 1839
1763990888570 0.040659673511981964 1862
1763990898536 0.055436454713344574 1885
1763990908264 0.041192736476659775 1908
1763990917531 0.03993905708193779 1931
1763990927403 0.04668743535876274 1954
1763990936935 0.04436437040567398 1977
1763990946570 0.037641286849975586 2000
1763990955817 0.05736246332526207 2023
1763990965434 0.0541221983730793 2046
1763990974821 0.049193497747182846 2069
1763990984182 0.04896601662039757 2092
1763990993720 0.040734004229307175 2115
1763991003237 0.052620794624090195 2138
1763991012731 0.04887678846716881 2161
1763991022274 0.048825234174728394 2184
1763991032013 0.05057688057422638 2207
1763991042882 0.04671898111701012 2230
1763991052427 0.05253240093588829 2253
1763991062212 0.04474528878927231 2276
1763991072579 0.04377627372741699 2299
1763991082265 0.04543933644890785 2322
1763991091346 0.053196270018815994 2345
1763991100599 0.05180683359503746 2368
1763991109331 0.048627424985170364 2391
1763991118127 0.042253393679857254 2414
1763991128493 0.04119931161403656 2437
1763991138351 0.05454864725470543 2460
1763991148267 0.04143316298723221 2483
1763991157907 0.03985322266817093 2506
1763991167397 0.04669497534632683 2529
1763991177078 0.04679206758737564 2552
1763991186855 0.04999997094273567 2575
1763991196542 0.04655986651778221 2598
1763991207009 0.04475783929228783 2621
1763991217149 0.04951300099492073 2644
1763991227063 0.04184195399284363 2667
