c<A>r<1>R<ASN> -9.861000 21.759001 0.562000
c<A>r<2>R<ARG> -9.021000 18.434000 2.370000
c<A>r<3>R<ALA> -5.839000 19.538000 4.228000
c<A>r<4>R<ALA> -5.671000 19.035999 8.033000
c<A>r<7>R<ASP> -2.778000 21.601000 14.818000
c<A>r<8>R<ILE> -2.387000 17.846001 14.058000
c<A>r<9>R<THR> -1.396000 17.243000 17.757000
c<A>r<10>R<ALA> -4.733000 18.655001 19.059000
c<A>r<11>R<PRO> -8.200000 16.931999 19.082001
c<A>r<12>R<GLY> -9.768000 17.305000 15.614000
c<A>r<13>R<GLY> -6.766000 19.235001 14.160000
c<A>r<14>R<ALA> -5.831000 16.315001 11.820000
c<A>r<15>R<ARG> -9.422000 16.278000 10.367000
c<A>r<16>R<ARG> -9.778000 16.784000 6.586000
c<A>r<17>R<LEU> -13.599000 17.237000 6.885000
c<A>r<18>R<THR> -15.414000 20.365999 8.188000
c<A>r<19>R<GLY> -18.899000 18.709999 8.225000
c<A>r<20>R<ASP> -21.202999 16.103001 6.632000
c<A>r<21>R<GLN> -20.426001 15.472000 2.913000
c<A>r<22>R<THR> -23.856001 14.066000 1.829000
c<A>r<23>R<ALA> -25.160999 17.341999 0.282000
c<A>r<24>R<ALA> -21.837999 18.202000 -1.466000
c<A>r<25>R<LEU> -21.631001 14.633000 -2.847000
c<A>r<26>R<ARG> -25.290001 14.844000 -4.137000
c<A>r<27>R<ASP> -24.364000 18.135000 -5.918000
c<A>r<28>R<SER> -21.417000 16.298000 -7.600000
c<A>r<29>R<LEU> -23.781000 13.666000 -9.175000
c<A>r<30>R<SER> -24.672001 14.525000 -12.800000
c<A>r<31>R<ASP> -25.826000 12.113000 -15.575000
c<A>r<32>R<LYS> -25.875000 14.875000 -18.247999
c<A>r<46>R<GLY> -0.473000 4.051000 -7.203000
c<A>r<47>R<ASP> -1.775000 5.092000 -3.743000
c<A>r<48>R<SER> 1.806000 4.756000 -2.318000
c<A>r<49>R<GLU> 3.266000 7.120000 -4.983000
c<A>r<50>R<ILE> 0.489000 9.701000 -4.284000
c<A>r<51>R<THR> 1.077000 9.425000 -0.490000
c<A>r<52>R<ALA> 4.903000 9.663000 -0.736000
c<A>r<55>R<ASN> 4.138000 13.682000 2.476000
c<A>r<59>R<GLY> 3.221000 17.367001 4.315000
c<A>r<60>R<ALA> 1.269000 14.437000 5.905000
c<A>r<61>R<GLY> -1.663000 16.804001 6.715000
c<A>r<63>R<PHE> -3.376000 18.379000 0.138000
c<A>r<67>R<ILE> -4.871000 15.162000 -7.523000
c<A>r<68>R<ASP> -6.748000 15.162000 -4.146000
c<A>r<69>R<ALA> -9.481000 17.650000 -5.284000
c<A>r<70>R<LEU> -11.610000 15.172000 -7.330000
c<A>r<71>R<PRO> -14.753000 14.459000 -5.196000
c<A>r<72>R<LEU> -15.757000 10.992000 -6.559000
c<A>r<73>R<THR> -13.254000 8.207000 -5.749000
c<A>r<74>R<GLY> -13.018000 4.436000 -6.183000
c<A>r<75>R<GLN> -10.538000 1.632000 -6.830000
c<A>r<76>R<TYR> -9.951000 -0.239000 -10.082000
c<A>r<77>R<THR> -8.276000 -3.469000 -11.260000
c<A>r<78>R<HIS> -5.681000 -3.440000 -14.090000
c<A>r<79>R<TYR> -4.710000 -7.152000 -14.598000
c<A>r<80>R<ALA> -3.670000 -8.147000 -18.173000
c<A>r<81>R<LEU> -4.046000 -11.512000 -20.018000
c<A>r<82>R<ASN> -1.602000 -14.257000 -20.891001
c<A>r<83>R<LYS> -1.668000 -14.260000 -24.757999
c<A>r<85>R<THR> -4.065000 -19.136000 -22.288000
c<A>r<86>R<GLY> -6.473000 -16.136000 -22.167000
c<A>r<87>R<LYS> -6.104000 -16.326000 -18.330000
c<A>r<88>R<PRO> -5.310000 -13.311000 -16.073000
c<A>r<89>R<ASP> -1.779000 -11.970000 -15.847000
c<A>r<90>R<TYR> -1.916000 -10.319000 -12.397000
c<A>r<91>R<VAL> 0.728000 -7.633000 -13.245000
c<A>r<92>R<THR> 0.165000 -5.512000 -16.379999
c<A>r<100>R<ALA> -7.819000 -1.589000 -21.742001
c<A>r<103>R<THR> -10.525000 0.090000 -26.395000
c<A>r<104>R<GLY> -12.547000 -1.584000 -23.563000
c<A>r<105>R<VAL> -10.774000 -4.960000 -24.188000
c<A>r<106>R<LYS> -8.188000 -6.809000 -22.045000
c<A>r<107>R<THR> -4.944000 -7.854000 -23.837000
c<A>r<115>R<ASP> -6.622000 -8.159000 -28.347000
c<A>r<116>R<ILE> -5.035000 -11.589000 -27.504000
c<A>r<117>R<HIS> -5.837000 -12.637000 -31.136000
c<A>r<121>R<HIS> -10.116000 -2.532000 -31.770000
c<A>r<363>R<ALA> 0.709000 0.258000 -9.246000
c<A>r<364>R<HIS> 4.515000 0.258000 -8.615000
c<A>r<365>R<ALA> 7.374000 -0.838000 -6.277000
c<A>r<366>R<SER> 7.781000 2.173000 -3.933000
c<A>r<367>R<GLN> 6.819000 1.655000 -0.236000
c<A>r<368>R<ILE> 6.838000 4.227000 2.615000
c<A>r<369>R<VAL> 8.649000 2.500000 5.555000
c<A>r<370>R<ALA> 9.861000 3.345000 9.088000
c<A>r<371>R<PRO> 12.978000 5.601000 9.499000
c<A>r<373>R<THR> 13.917000 -0.046000 8.437000
c<A>r<374>R<LYS> 16.556000 -2.594000 7.299000
c<A>r<375>R<ALA> 15.234000 -3.658000 3.883000
c<A>r<376>R<PRO> 16.912001 -6.227000 1.540000
c<A>r<377>R<GLY> 16.281000 -3.821000 -1.425000
c<A>r<378>R<LEU> 17.065001 -0.121000 -2.063000
c<A>r<379>R<THR> 16.176001 2.574000 0.539000
c<A>r<384>R<THR> 9.795000 16.358000 3.997000
c<A>r<386>R<ASP> 6.891000 18.761999 7.826000
c<A>r<387>R<GLY> 10.641000 18.809000 8.686000
c<A>r<388>R<ALA> 10.389000 15.049000 9.480000
c<A>r<389>R<VAL> 12.208000 12.120000 7.773000
c<A>r<390>R<MET> 10.280000 9.824000 5.410000
c<A>r<391>R<VAL> 11.950000 6.602000 4.141000
c<A>r<392>R<MET> 11.086000 5.058000 0.763000
c<A>r<393>R<SER> 11.899000 1.377000 -0.022000
c<A>r<394>R<TYR> 12.156000 -0.475000 -3.376000
c<A>r<395>R<GLY> 12.398000 -4.229000 -2.663000
c<A>r<396>R<ASN> 10.647000 -6.196000 -5.463000
c<A>r<397>R<SER> 13.608000 -6.662000 -7.907000
c<A>r<398>R<GLU> 17.309000 -7.652000 -7.717000
c<A>r<399>R<GLU> 17.733999 -6.226000 -11.270000
c<A>r<402>R<GLN> 12.259000 -2.209000 -9.958000
c<A>r<403>R<GLU> 8.993000 -3.952000 -11.024000
c<A>r<404>R<HIS> 5.297000 -2.981000 -11.419000
c<A>r<405>R<THR> 2.753000 -4.332000 -8.876000
c<A>r<406>R<GLY> -0.724000 -5.924000 -9.169000
c<A>r<407>R<SER> -2.507000 -3.898000 -6.391000
c<A>r<408>R<GLN> -5.806000 -2.156000 -7.203000
c<A>r<409>R<LEU> -5.369000 1.648000 -7.166000
c<A>r<410>R<ARG> -7.247000 4.976000 -6.928000
c<A>r<411>R<ILE> -9.412000 6.303000 -9.753000
c<A>r<412>R<ALA> -10.956000 9.759000 -9.184000
c<A>r<413>R<ALA> -13.356000 11.921000 -11.237000
c<A>r<416>R<PRO> -20.768000 14.565000 -15.691000
c<A>r<417>R<HIS> -20.775999 10.702000 -15.447000
c<A>r<418>R<ALA> -18.079000 10.880000 -12.674000
c<A>r<419>R<ALA> -20.275999 8.546000 -10.500000
c<A>r<420>R<ASN> -19.063000 5.601000 -12.670000
c<A>r<421>R<VAL> -15.575000 5.563000 -11.005000
c<A>r<422>R<VAL> -16.975000 4.946000 -7.457000
c<A>r<423>R<GLY> -16.601000 1.522000 -5.762000
c<A>r<424>R<LEU> -14.723000 -1.396000 -7.391000
c<A>r<425>R<THR> -14.333000 -1.048000 -11.225000
c<A>r<426>R<ASP> -12.072000 -2.494000 -13.967000
c<A>r<427>R<GLN> -9.759000 -0.404000 -16.207001
c<A>r<428>R<THR> -11.975000 -1.532000 -19.171000
c<A>r<429>R<ASP> -15.066000 0.122000 -17.502001
c<A>r<430>R<LEU> -13.251000 3.485000 -17.999001
c<A>r<431>R<PHE> -13.533000 3.032000 -21.820999
c<A>r<432>R<TYR> -17.320999 2.461000 -21.573999
c<A>r<433>R<THR> -17.666000 5.379000 -19.089001
c<A>r<436>R<ALA> -21.195000 6.798000 -22.827999
c<A>r<437>R<ALA> -20.382000 10.275000 -21.398001
c<B>r<1>R<ASN> -22.551001 -7.582000 -7.970000
c<B>r<2>R<ARG> -19.275000 -5.966000 -9.339000
c<B>r<3>R<ALA> -17.787001 -9.190000 -10.804000
c<B>r<4>R<ALA> -16.712999 -9.234000 -14.485000
c<B>r<7>R<ASP> -15.734000 -13.576000 -20.921000
c<B>r<8>R<ILE> -12.772000 -11.367000 -19.851999
c<B>r<9>R<THR> -11.072000 -11.930000 -23.284000
c<B>r<10>R<ALA> -14.064000 -10.433000 -25.181000
c<B>r<11>R<PRO> -14.939000 -6.693000 -25.625999
c<B>r<12>R<GLY> -16.757999 -5.523000 -22.475000
c<B>r<13>R<GLY> -16.582001 -8.960000 -20.730000
c<B>r<14>R<ALA> -14.140000 -7.609000 -18.070999
c<B>r<15>R<ARG> -16.618999 -4.763000 -17.195999
c<B>r<16>R<ARG> -17.798000 -4.563000 -13.555000
c<B>r<17>R<LEU> -20.503000 -1.967000 -14.447000
c<B>r<18>R<THR> -23.820999 -2.728000 -16.232000
c<B>r<19>R<GLY> -24.792000 0.982000 -16.663000
c<B>r<20>R<ASP> -24.495001 4.545000 -15.299000
c<B>r<21>R<GLN> -24.077999 4.654000 -11.472000
c<B>r<22>R<THR> -25.358000 8.244000 -10.854000
c<B>r<23>R<ALA> -28.912001 7.229000 -9.770000
c<B>r<24>R<ALA> -27.705000 4.293000 -7.596000
c<B>r<25>R<LEU> -25.104000 6.548000 -5.931000
c<B>r<26>R<ARG> -27.809000 9.254000 -5.261000
c<B>r<27>R<ASP> -29.997000 6.536000 -3.623000
c<B>r<28>R<SER> -27.010000 5.617000 -1.359000
c<B>r<29>R<LEU> -26.729000 9.231000 0.004000
c<B>r<30>R<SER> -28.503000 9.623000 3.373000
c<B>r<31>R<ASP> -27.861000 12.276000 6.101000
c<B>r<32>R<LYS> -30.436001 10.757000 8.526000
c<B>r<46>R<GLY> -4.376000 -2.399000 2.411000
c<B>r<47>R<ASP> -5.464000 -2.319000 -1.269000
c<B>r<48>R<SER> -2.724000 -4.925000 -2.090000
c<B>r<49>R<GLU> -4.018000 -7.386000 0.574000
c<B>r<50>R<ILE> -7.631000 -6.988000 -0.716000
c<B>r<51>R<THR> -6.466000 -7.514000 -4.346000
c<B>r<52>R<ALA> -4.275000 -10.560000 -3.529000
c<B>r<55>R<ASN> -7.309000 -12.781000 -7.108000
c<B>r<59>R<GLY> -10.356000 -14.650000 -9.364000
c<B>r<60>R<ALA> -9.140000 -11.362000 -10.976000
c<B>r<61>R<GLY> -12.657000 -10.740000 -12.427000
c<B>r<63>R<PHE> -15.957000 -9.943000 -6.320000
c<B>r<67>R<ILE> -15.670000 -6.202000 1.245000
c<B>r<68>R<ASP> -16.320999 -5.010000 -2.370000
c<B>r<69>R<ALA> -20.118999 -4.470000 -1.898000
c<B>r<70>R<LEU> -19.863001 -1.120000 -0.005000
c<B>r<71>R<PRO> -20.969999 1.560000 -2.555000
c<B>r<72>R<LEU> -19.209000 4.671000 -1.101000
c<B>r<73>R<THR> -15.385000 4.505000 -1.314000
c<B>r<74>R<GLY> -12.450000 6.796000 -0.540000
c<B>r<75>R<GLN> -8.838000 6.740000 0.646000
c<B>r<76>R<TYR> -7.574000 7.800000 4.079000
c<B>r<77>R<THR> -4.254000 8.705000 5.763000
c<B>r<78>R<HIS> -3.081000 6.919000 8.957000
c<B>r<79>R<TYR> 0.276000 8.615000 9.879000
c<B>r<80>R<ALA> 1.158000 8.736000 13.635000
c<B>r<81>R<LEU> 3.176000 11.332000 15.642000
c<B>r<82>R<ASN> 6.676000 11.302000 17.056000
c<B>r<83>R<LYS> 6.056000 11.624000 20.858999
c<B>r<85>R<THR> 8.637000 16.408001 18.398001
c<B>r<86>R<GLY> 4.851000 16.290001 17.701000
c<B>r<87>R<LYS> 5.809000 15.879000 13.979000
c<B>r<88>R<PRO> 4.354000 13.166000 11.672000
c<B>r<89>R<ASP> 5.597000 9.598000 11.893000
c<B>r<90>R<TYR> 4.814000 8.353000 8.359000
c<B>r<91>R<VAL> 4.316000 4.675000 9.406000
c<B>r<92>R<THR> 1.852000 3.946000 12.232000
c<B>r<100>R<ALA> -7.031000 7.929000 16.030001
c<B>r<103>R<THR> -10.737000 9.258000 20.044001
c<B>r<104>R<GLY> -10.285000 11.676000 17.066000
c<B>r<105>R<VAL> -6.690000 12.490000 18.226999
c<B>r<106>R<LYS> -3.324000 11.590000 16.628000
c<B>r<107>R<THR> -0.759000 9.938000 18.976999
c<B>r<115>R<ASP> -2.280000 11.744000 23.190001
c<B>r<116>R<ILE> 1.460000 12.703000 22.864000
c<B>r<117>R<HIS> 1.163000 14.263000 26.386999
c<B>r<121>R<HIS> -9.302000 11.032000 25.611000
c<B>r<363>R<ALA> -1.080000 -0.698000 4.888000
c<B>r<364>R<HIS> 1.411000 -3.647000 4.851000
c<B>r<365>R<ALA> 4.416000 -5.283000 3.091000
c<B>r<366>R<SER> 2.742000 -7.707000 0.631000
c<B>r<367>R<GLN> 3.079000 -6.912000 -3.125000
c<B>r<368>R<ILE> 1.598000 -8.797000 -6.124000
c<B>r<369>R<VAL> 4.518000 -9.254000 -8.609000
c<B>r<370>R<ALA> 5.174000 -10.968000 -11.971000
c<B>r<371>R<PRO> 5.476000 -14.824000 -12.056000
c<B>r<373>R<THR> 10.220000 -11.842000 -10.464000
c<B>r<374>R<LYS> 13.628000 -12.123000 -8.729000
c<B>r<375>R<ALA> 13.075000 -10.187000 -5.491000
c<B>r<376>R<PRO> 15.730000 -9.626000 -2.740000
c<B>r<377>R<GLY> 13.046000 -10.500000 -0.090000
c<B>r<378>R<LEU> 10.625000 -13.440000 0.387000
c<B>r<379>R<THR> 8.414000 -14.692000 -2.510000
c<B>r<384>R<THR> -5.573000 -18.997000 -7.913000
c<B>r<386>R<ASP> -8.587000 -18.535999 -12.321000
c<B>r<387>R<GLY> -6.157000 -21.506001 -12.599000
c<B>r<388>R<ALA> -3.312000 -18.973000 -13.138000
c<B>r<389>R<VAL> -0.220000 -18.308001 -10.957000
c<B>r<390>R<MET> -0.070000 -15.206000 -8.748000
c<B>r<391>R<VAL> 3.243000 -14.317000 -7.015000
c<B>r<392>R<MET> 3.362000 -12.425000 -3.709000
c<B>r<393>R<SER> 6.540000 -10.608000 -2.526000
c<B>r<394>R<TYR> 7.589000 -9.386000 0.957000
c<B>r<395>R<GLY> 10.700000 -7.192000 0.550000
c<B>r<396>R<ASN> 10.683000 -4.402000 3.192000
c<B>r<397>R<SER> 12.515000 -6.152000 6.107000
c<B>r<398>R<GLU> 15.632000 -8.351000 6.554000
c<B>r<399>R<GLU> 14.268000 -9.320000 10.015000
c<B>r<402>R<GLN> 7.912000 -7.846000 7.559000
c<B>r<403>R<GLU> 7.062000 -4.157000 8.205000
c<B>r<404>R<HIS> 3.940000 -1.928000 8.001000
c<B>r<405>R<THR> 3.741000 0.685000 5.190000
c<B>r<406>R<GLY> 2.718000 4.378000 5.047000
c<B>r<407>R<SER> 0.484000 4.248000 1.884000
c<B>r<408>R<GLN> -3.053000 5.678000 2.039000
c<B>r<409>R<LEU> -5.659000 2.882000 1.777000
c<B>r<410>R<ARG> -9.336000 2.134000 0.998000
c<B>r<411>R<ILE> -12.123000 3.102000 3.389000
c<B>r<412>R<ALA> -15.649000 2.029000 2.331000
c<B>r<413>R<ALA> -19.132999 2.605000 3.814000
c<B>r<416>R<PRO> -26.509001 6.870000 6.862000
c<B>r<417>R<HIS> -23.541000 9.357000 6.876000
c<B>r<418>R<ALA> -21.539000 6.983000 4.566000
c<B>r<419>R<ALA> -20.818001 9.999000 2.246000
c<B>r<420>R<ASN> -18.149000 11.146000 4.777000
c<B>r<421>R<VAL> -15.674000 8.386000 3.697000
c<B>r<422>R<VAL> -15.527000 9.574000 0.019000
c<B>r<423>R<GLY> -12.437000 11.405000 -1.340000
c<B>r<424>R<LEU> -9.290000 11.971000 0.775000
c<B>r<425>R<THR> -9.896000 11.749000 4.593000
c<B>r<426>R<ASP> -7.799000 11.152000 7.742000
c<B>r<427>R<GLN> -8.294000 8.225000 10.176000
c<B>r<428>R<THR> -9.302000 10.870000 12.818000
c<B>r<429>R<ASP> -12.238000 12.011000 10.556000
c<B>r<430>R<LEU> -13.718000 8.501000 11.117000
c<B>r<431>R<PHE> -14.159000 9.290000 14.864000
c<B>r<432>R<TYR> -16.084000 12.509000 14.060000
c<B>r<433>R<THR> -18.114000 10.697000 11.338000
c<B>r<436>R<ALA> -22.037001 12.756000 14.332000
c<B>r<437>R<ALA> -23.915001 9.761000 12.820000
