c<A>r<4>R<GLU> 7.598000 -2.857000 -16.219999
c<A>r<5>R<GLY> 8.937000 0.132000 -18.211000
c<A>r<6>R<PRO> 11.949000 2.179000 -19.382999
c<A>r<7>R<LEU> 12.246000 4.205000 -16.107000
c<A>r<8>R<ASP> 12.165000 0.899000 -14.122000
c<A>r<54>R<LEU> 9.292000 -3.161000 -22.837000
c<A>r<56>R<ILE> 7.268000 -0.618000 -27.326000
c<A>r<57>R<LYS> 7.585000 1.483000 -24.113001
c<A>r<58>R<SER> 11.374000 2.168000 -24.545000
c<A>r<60>R<LYS> 9.072000 6.708000 -26.584000
c<A>r<61>R<LEU> 12.017000 7.553000 -24.257000
c<A>r<79>R<GLN> 12.559000 11.764000 -13.343000
c<A>r<80>R<ILE> 14.340000 8.535000 -12.215000
c<A>r<81>R<GLU> 14.444000 9.873000 -8.621000
c<A>r<82>R<GLU> 10.731000 10.885000 -8.733000
c<A>r<83>R<TYR> 9.833000 7.417000 -10.125000
c<A>r<84>R<ARG> 12.018000 5.779000 -7.370000
c<A>r<85>R<LYS> 10.052000 7.666000 -4.640000
c<A>r<86>R<PHE> 6.668000 6.483000 -6.005000
c<A>r<87>R<LYS> 7.945000 2.909000 -6.440000
c<A>r<88>R<LEU> 9.017000 2.802000 -2.747000
c<A>r<89>R<LEU> 5.646000 4.364000 -1.754000
c<A>r<90>R<GLY> 3.873000 1.641000 -3.800000
c<A>r<91>R<GLU> 5.752000 -1.040000 -1.759000
c<A>r<92>R<HIS> 4.595000 0.623000 1.524000
c<A>r<93>R<LEU> 0.977000 0.669000 0.230000
c<A>r<94>R<GLU> 1.412000 -3.036000 -0.713000
c<A>r<95>R<ALA> 2.458000 -3.918000 2.870000
c<A>r<96>R<LYS> -0.593000 -1.949000 4.179000
c<A>r<97>R<HIS> -2.903000 -3.714000 1.686000
c<A>r<98>R<GLN> -1.556000 -7.125000 2.808000
c<A>r<99>R<GLU> -2.145000 -6.126000 6.473000
c<A>r<100>R<ARG> -5.787000 -5.078000 5.702000
c<A>r<101>R<ALA> -6.384000 -8.309000 3.691000
c<A>r<102>R<GLN> -6.054000 -10.296000 7.002000
c<A>r<103>R<TYR> -9.216000 -8.603000 8.392000
c<A>r<104>R<TYR> -12.660000 -9.770000 7.182000
c<A>r<105>R<SER> -15.913000 -7.804000 7.693000
c<A>r<106>R<LYS> -19.545000 -8.685000 6.926000
c<A>r<107>R<ALA> -21.441000 -6.711000 4.240000
c<A>r<108>R<PRO> -23.900000 -4.072000 5.643000
c<A>r<109>R<THR> -27.333000 -5.486000 6.570000
c<A>r<110>R<GLU> -30.283001 -3.679000 5.033000
c<A>r<111>R<LEU> -32.972000 -3.773000 7.720000
c<C>r<10>R<LEU> -21.462000 -2.086000 14.600000
c<C>r<11>R<PHE> -22.605000 -5.647000 13.706000
c<C>r<12>R<VAL> -25.510000 -4.273000 11.575000
c<C>r<13>R<ALA> -23.283001 -1.578000 9.972000
c<C>r<14>R<GLY> -20.931999 -4.303000 8.613000
c<C>r<15>R<GLU> -17.979000 -3.208000 6.411000
c<C>r<16>R<ASP> -19.177000 0.435000 5.949000
c<C>r<17>R<GLY> -18.816000 0.822000 9.730000
c<C>r<53>R<LEU> -13.681000 -10.431000 16.389000
c<C>r<54>R<ALA> -11.760000 -7.154000 16.775000
c<C>r<56>R<ILE> -10.953000 -1.237000 14.058000
c<C>r<63>R<ARG> -16.358000 -1.621000 12.289000
c<C>r<64>R<LEU> -16.195000 -5.218000 13.505000
c<C>r<65>R<VAL> -13.549000 -7.353000 11.784000
c<C>r<66>R<THR> -12.053000 -10.824000 12.294000
c<C>r<67>R<LYS> -8.729000 -11.084000 14.186000
c<C>r<68>R<PRO> -5.782000 -11.620000 11.726000
c<C>r<69>R<GLN> -5.076000 -15.100000 13.260000
c<C>r<70>R<PHE> -8.252000 -16.370001 11.451000
c<C>r<71>R<ALA> -7.178000 -15.040000 7.993000
c<C>r<72>R<GLU> -5.993000 -18.514000 6.756000
c<C>r<74>R<LEU> -11.316000 -17.382999 6.045000
c<C>r<75>R<LYS> -9.130000 -17.490000 2.886000
c<C>r<82>R<ILE> -11.896000 -11.300000 -2.096000
c<C>r<83>R<ASN> -8.239000 -10.068000 -1.970000
c<C>r<84>R<GLN> -6.998000 -9.748000 -5.591000
c<C>r<85>R<SER> -3.526000 -8.285000 -5.119000
c<C>r<86>R<LEU> -2.933000 -5.013000 -6.907000
c<C>r<87>R<SER> -0.197000 -5.418000 -9.539000
c<C>r<88>R<ARG> 3.064000 -3.460000 -8.925000
c<C>r<89>R<ALA> 1.972000 -1.151000 -11.788000
c<C>r<90>R<ALA> -1.351000 -0.462000 -9.964000
c<C>r<91>R<LEU> 0.359000 0.191000 -6.574000
c<C>r<92>R<GLU> 2.802000 2.636000 -8.274000
c<C>r<93>R<THR> -0.163000 4.372000 -9.976000
c<C>r<94>R<LEU> -2.080000 4.479000 -6.655000
c<C>r<95>R<SER> 0.971000 5.904000 -4.778000
c<C>r<96>R<ILE> 1.292000 8.676000 -7.424000
c<C>r<97>R<ILE> -2.434000 9.563000 -7.040000
c<C>r<98>R<ALA> -2.389000 9.445000 -3.195000
c<C>r<99>R<TYR> 0.506000 11.992000 -2.975000
c<C>r<110>R<ALA> 4.868000 11.240000 -17.333000
c<C>r<111>R<ILE> 5.990000 10.179000 -13.792000
c<C>r<112>R<ARG> 5.761000 6.412000 -14.650000
c<C>r<113>R<GLY> 7.258000 6.865000 -18.162001
c<C>r<114>R<VAL> 4.537000 4.396000 -19.420000
c<C>r<115>R<ASN> 0.814000 4.357000 -20.257999
c<C>r<150>R<PHE> -8.369000 3.753000 -0.263000
c<C>r<152>R<ASP> -9.424000 1.234000 4.217000
c<C>r<153>R<TYR> -5.757000 0.140000 3.681000
c<C>r<154>R<GLY> -5.211000 1.010000 7.416000
c<C>r<155>R<ILE> -4.483000 4.743000 6.851000
c<C>r<161>R<LEU> 1.348000 8.370000 4.476000
c<C>r<162>R<PRO> 5.198000 7.967000 4.713000
c<C>r<163>R<VAL> 7.208000 11.069000 3.733000
c<C>r<164>R<ILE> 9.972000 9.870000 1.341000
c<C>r<165>R<ASP> 12.872000 12.313000 0.942000
