c<A>r<1>R<GLY> -35.445000 -1.589000 -11.128000
c<A>r<2>R<THR> -32.931999 -0.377000 -13.718000
c<A>r<3>R<ILE> -30.122999 1.743000 -12.214000
c<A>r<4>R<ASP> -30.531000 5.425000 -13.280000
c<A>r<5>R<VAL> -26.849001 6.322000 -12.597000
c<A>r<6>R<GLN> -25.166000 7.586000 -15.777000
c<A>r<7>R<ARG> -21.799000 6.001000 -16.684999
c<A>r<8>R<ASN> -18.834000 8.385000 -16.289000
c<A>r<9>R<GLU> -18.507000 9.604000 -19.930000
c<A>r<10>R<ASN> -14.685000 9.682000 -19.618999
c<A>r<11>R<PHE> -14.623000 5.841000 -19.412001
c<A>r<12>R<GLY> -16.465000 5.876000 -22.795000
c<A>r<14>R<LEU> -10.950000 4.926000 -23.457001
c<A>r<17>R<GLY> -8.960000 -2.844000 -22.746000
c<A>r<18>R<TYR> -5.803000 -1.652000 -20.954000
c<A>r<19>R<LEU> -2.600000 -2.493000 -22.948000
c<A>r<20>R<PHE> -1.318000 -5.335000 -20.715000
c<A>r<21>R<PRO> -4.699000 -7.123000 -20.150000
c<A>r<44>R<ILE> 5.068000 -6.200000 -19.552000
c<A>r<45>R<GLY> 8.572000 -5.987000 -17.937000
c<A>r<46>R<ASP> 8.039000 -8.536000 -15.153000
c<A>r<47>R<THR> 11.224000 -9.515000 -13.250000
c<A>r<48>R<THR> 11.864000 -13.306000 -13.301000
c<A>r<49>R<GLU> 14.901000 -13.760000 -11.016000
c<A>r<50>R<PRO> 14.209000 -14.492000 -7.297000
c<A>r<51>R<LEU> 14.576000 -11.795000 -4.660000
c<A>r<52>R<PRO> 17.981001 -11.776000 -2.947000
c<A>r<53>R<LYS> 17.875000 -13.980000 0.175000
c<A>r<54>R<TYR> 18.832001 -11.096000 2.530000
c<A>r<55>R<ILE> 15.784000 -9.031000 1.387000
c<A>r<56>R<ALA> 13.380000 -12.030000 1.372000
c<A>r<57>R<ASP> 14.548000 -13.056000 4.908000
c<A>r<58>R<ALA> 13.934000 -9.468000 6.177000
c<A>r<59>R<MET> 10.311000 -9.626000 4.893000
c<A>r<60>R<ALA> 9.871000 -13.196000 6.254000
c<A>r<61>R<LYS> 11.175000 -12.051000 9.695000
c<A>r<62>R<ALA> 8.828000 -9.018000 9.634000
c<A>r<63>R<ALA> 5.870000 -11.292000 8.674000
c<A>r<64>R<ALA> 6.669000 -13.910000 11.384000
c<A>r<65>R<GLY> 7.106000 -11.070000 13.952000
c<A>r<66>R<LEU> 3.417000 -10.082000 13.435000
c<A>r<67>R<ALA> 2.509000 -13.121000 15.637000
c<A>r<68>R<THR> 4.318000 -11.565000 18.702999
c<A>r<69>R<ARG> 3.593000 -8.455000 20.846001
c<A>r<70>R<GLU> 7.159000 -7.153000 20.187000
c<A>r<71>R<GLY> 7.053000 -7.590000 16.361000
c<A>r<72>R<TYR> 3.456000 -6.345000 15.876000
c<A>r<73>R<SER> 3.346000 -2.667000 14.726000
c<A>r<74>R<GLY> -0.281000 -1.850000 13.702000
c<A>r<75>R<TYR> -0.970000 0.576000 10.774000
c<A>r<76>R<GLY> 2.403000 2.448000 10.925000
c<A>r<77>R<ALA> 2.641000 6.016000 9.517000
c<A>r<78>R<GLU> 0.580000 6.770000 6.346000
c<A>r<107>R<ASP> 2.412000 0.631000 -2.978000
c<A>r<108>R<GLY> 4.271000 1.847000 -6.158000
c<A>r<109>R<SER> 4.592000 4.596000 -8.832000
c<A>r<110>R<LYS> 1.580000 3.332000 -10.975000
c<A>r<111>R<CYS> -0.808000 3.881000 -8.028000
c<A>r<112>R<ASP> 0.841000 7.227000 -7.110000
c<A>r<113>R<ILE> 0.500000 8.568000 -10.713000
c<A>r<114>R<ALA> -3.277000 7.868000 -10.517000
c<A>r<115>R<ARG> -3.494000 9.482000 -7.003000
c<A>r<118>R<MET> -6.916000 12.907000 -8.430000
c<A>r<119>R<MET> -4.988000 15.675000 -6.549000
c<A>r<120>R<PHE> -4.923000 17.794001 -9.771000
c<A>r<121>R<GLY> -8.651000 17.216999 -10.676000
c<A>r<122>R<SER> -10.323000 17.523001 -14.147000
c<A>r<123>R<LYS> -9.341000 21.117001 -15.181000
c<A>r<124>R<PRO> -5.512000 20.972000 -15.812000
c<A>r<125>R<THR> -4.047000 20.539000 -19.327000
c<A>r<134>R<PRO> 0.062000 4.464000 -20.879999
c<A>r<135>R<VAL> -1.019000 5.242000 -17.256001
c<A>r<136>R<TYR> -0.138000 8.961000 -17.740000
c<A>r<138>R<ASP> -5.291000 6.719000 -19.360001
c<A>r<139>R<THR> -5.597000 8.294000 -15.870000
c<A>r<142>R<MET> -10.396000 8.923000 -16.490999
c<A>r<143>R<MET> -10.072000 12.230000 -14.532000
c<A>r<144>R<GLY> -11.688000 14.097000 -17.497000
c<A>r<178>R<THR> 0.395000 22.844000 -20.332001
c<A>r<179>R<ASP> -0.352000 22.691999 -16.573999
c<A>r<180>R<ILE> 1.037000 19.160000 -15.947000
c<A>r<204>R<ASN> 13.636000 25.545000 -17.441000
c<A>r<205>R<PHE> 10.648000 24.898001 -19.777000
c<A>r<206>R<ALA> 8.400000 23.820999 -16.836000
c<A>r<207>R<ARG> 9.467000 26.957001 -14.838000
c<A>r<208>R<LYS> 8.874000 29.231001 -17.889000
c<A>r<209>R<ASN> 5.413000 27.702999 -18.520000
c<A>r<210>R<GLY> 4.136000 27.659000 -14.940000
c<A>r<211>R<SER> 3.956000 23.798000 -15.220000
c<A>r<212>R<ILE> 4.178000 21.049999 -12.572000
c<A>r<237>R<GLY> 15.268000 24.773001 -9.819000
c<A>r<240>R<GLU> 9.966000 24.632999 -7.555000
c<A>r<241>R<VAL> 8.344000 22.497999 -10.327000
c<A>r<249>R<SER> 9.736000 -3.076000 -8.588000
c<A>r<253>R<GLY> 12.424000 -7.215000 -8.219000
c<A>r<254>R<PHE> 9.370000 -6.142000 -6.096000
c<A>r<255>R<THR> 6.924000 -6.696000 -9.080000
c<A>r<256>R<GLY> 4.751000 -9.107000 -6.963000
c<A>r<257>R<VAL> 5.403000 -7.356000 -3.577000
c<A>r<258>R<ARG> 4.747000 -3.686000 -4.607000
c<A>r<259>R<LEU> 6.735000 -0.784000 -3.075000
c<A>r<268>R<LEU> 6.615000 23.291000 -4.635000
c<A>r<269>R<LYS> 3.489000 25.535999 -4.561000
c<A>r<270>R<TYR> 0.365000 26.035000 -6.666000
c<A>r<271>R<ALA> -0.323000 29.416000 -8.359000
c<A>r<272>R<ASN> -2.287000 30.525999 -5.222000
c<A>r<273>R<GLY> 0.794000 29.856001 -2.956000
c<A>r<274>R<GLU> -0.654000 26.721001 -1.236000
c<A>r<275>R<PRO> 1.919000 23.871000 -0.804000
c<A>r<276>R<VAL> 1.516000 20.829000 -3.129000
c<A>r<278>R<ALA> -0.003000 19.379000 1.974000
c<A>r<279>R<ASP> -2.527000 18.191999 -0.673000
c<A>r<281>R<ASN> -0.231000 14.328000 2.310000
c<A>r<282>R<ARG> -4.074000 14.742000 2.350000
c<A>r<283>R<VAL> -4.341000 12.186000 -0.533000
c<A>r<284>R<MET> -1.867000 9.834000 1.254000
c<A>r<285>R<THR> -3.931000 9.932000 4.519000
c<A>r<286>R<THR> -7.491000 9.854000 3.032000
c<A>r<287>R<CYS> -7.205000 7.706000 -0.128000
c<A>r<288>R<PHE> -4.199000 5.578000 0.906000
c<A>r<289>R<ASN> -3.567000 4.057000 4.368000
c<A>r<290>R<GLY> 0.227000 3.493000 3.867000
c<A>r<291>R<ALA> 2.201000 0.578000 2.342000
c<A>r<292>R<SER> 2.520000 -2.915000 3.953000
c<A>r<293>R<ASN> 4.948000 -2.948000 6.965000
c<A>r<294>R<ILE> 6.404000 -6.322000 5.780000
c<A>r<295>R<VAL> 7.186000 -4.844000 2.367000
c<A>r<298>R<GLY> 12.072000 -5.465000 2.601000
c<B>r<1>R<GLY> 6.537000 33.084000 -10.681000
c<B>r<2>R<THR> 7.328000 29.417000 -11.610000
c<B>r<3>R<ILE> 3.889000 27.664000 -11.319000
c<B>r<4>R<ASP> 0.588000 28.764999 -12.960000
c<B>r<5>R<VAL> -1.196000 25.462999 -12.022000
c<B>r<6>R<GLN> -4.269000 26.302999 -9.929000
c<B>r<7>R<ARG> -4.918000 24.218000 -6.797000
c<B>r<8>R<ASN> -7.846000 21.809999 -7.301000
c<B>r<9>R<GLU> -10.800000 23.799000 -5.824000
c<B>r<10>R<ASN> -12.188000 20.598000 -4.223000
c<B>r<11>R<PHE> -9.155000 20.386999 -1.865000
c<B>r<12>R<GLY> -9.989000 23.980000 -0.750000
c<B>r<14>R<LEU> -11.850000 20.419001 3.026000
c<B>r<16>R<ALA> -9.366000 20.174000 8.270000
c<B>r<17>R<GLY> -6.821000 17.375000 7.914000
c<B>r<18>R<TYR> -8.078000 13.784000 8.054000
c<B>r<19>R<LEU> -9.589000 12.637000 11.416000
c<B>r<20>R<PHE> -7.115000 9.858000 12.360000
c<B>r<21>R<PRO> -3.888000 11.823000 11.528000
c<B>r<24>R<ALA> -2.427000 10.888000 16.215000
c<B>r<44>R<ILE> -7.885000 5.025000 15.901000
c<B>r<45>R<GLY> -7.874000 1.230000 16.545000
c<B>r<46>R<ASP> -4.118000 0.922000 15.724000
c<B>r<47>R<THR> -3.388000 -1.151000 18.929001
c<B>r<48>R<THR> -4.608000 -4.556000 17.667000
c<B>r<49>R<GLU> -3.350000 -7.817000 19.282000
c<B>r<50>R<PRO> -0.744000 -9.898000 17.343000
c<B>r<51>R<LEU> -1.827000 -11.541000 14.077000
c<B>r<52>R<PRO> -3.033000 -15.206000 14.204000
c<B>r<53>R<LYS> 0.109000 -17.398001 14.027000
c<B>r<54>R<TYR> -1.189000 -19.579000 11.145000
c<B>r<55>R<ILE> -1.700000 -16.406000 9.039000
c<B>r<56>R<ALA> 1.690000 -14.870000 10.008000
c<B>r<57>R<ASP> 3.485000 -18.194000 9.196000
c<B>r<58>R<ALA> 1.785000 -18.379999 5.742000
c<B>r<59>R<MET> 2.926000 -14.807000 4.966000
c<B>r<60>R<ALA> 6.466000 -15.513000 6.291000
c<B>r<61>R<LYS> 6.624000 -18.670000 4.087000
c<B>r<62>R<ALA> 5.389000 -16.664000 1.059000
c<B>r<63>R<ALA> 8.010000 -13.927000 1.768000
c<B>r<64>R<ALA> 10.882000 -16.466000 2.210000
c<B>r<65>R<GLY> 9.706000 -18.313999 -0.962000
c<B>r<66>R<LEU> 10.504000 -15.148000 -3.010000
c<B>r<67>R<ALA> 14.229000 -16.153000 -2.713000
c<B>r<68>R<THR> 13.560000 -19.341000 -4.803000
c<B>r<69>R<ARG> 12.767000 -19.785000 -8.545000
c<B>r<70>R<GLU> 9.675000 -21.893999 -7.715000
c<B>r<71>R<GLY> 8.332000 -19.503000 -5.019000
c<B>r<72>R<TYR> 9.101000 -16.238001 -6.867000
c<B>r<73>R<SER> 6.052000 -14.791000 -8.616000
c<B>r<74>R<GLY> 6.330000 -11.510000 -10.512000
c<B>r<75>R<TYR> 3.204000 -9.380000 -11.182000
c<B>r<76>R<GLY> 0.245000 -10.898000 -9.298000
c<B>r<77>R<ALA> -3.126000 -11.128000 -11.070000
c<B>r<78>R<GLU> -4.368000 -7.468000 -10.992000
c<B>r<107>R<ASP> -4.450000 -3.288000 -0.739000
c<B>r<108>R<GLY> -7.511000 -2.255000 1.368000
c<B>r<109>R<SER> -11.039000 -0.810000 1.470000
c<B>r<110>R<LYS> -9.941000 2.911000 1.754000
c<B>r<111>R<CYS> -7.878000 2.609000 -1.420000
c<B>r<112>R<ASP> -10.904000 0.943000 -3.112000
c<B>r<113>R<ILE> -13.344000 3.691000 -1.954000
c<B>r<114>R<ALA> -11.062000 6.367000 -3.513000
c<B>r<115>R<ARG> -10.861000 4.241000 -6.737000
c<B>r<117>R<GLN> -15.105000 7.573000 -6.451000
c<B>r<118>R<MET> -12.670000 8.051000 -9.388000
c<B>r<119>R<MET> -14.837000 5.526000 -11.370000
c<B>r<120>R<PHE> -18.014999 7.544000 -10.562000
c<B>r<121>R<GLY> -16.419001 10.948000 -11.389000
c<B>r<122>R<SER> -17.802000 14.359000 -10.282000
c<B>r<123>R<LYS> -21.375999 14.222000 -11.742000
c<B>r<124>R<PRO> -23.184999 11.723000 -9.406000
c<B>r<125>R<THR> -25.030001 12.999000 -6.299000
c<B>r<134>R<PRO> -15.190000 10.098000 7.081000
c<B>r<135>R<VAL> -13.622000 8.587000 3.881000
c<B>r<136>R<TYR> -17.000999 8.624000 2.023000
c<B>r<138>R<ASP> -13.884000 13.431000 2.121000
c<B>r<139>R<THR> -13.415000 11.442000 -1.148000
c<B>r<142>R<MET> -12.096000 15.545000 -3.432000
c<B>r<143>R<MET> -13.850000 14.158000 -6.579000
c<B>r<144>R<GLY> -16.080999 17.296000 -6.784000
c<B>r<178>R<THR> -29.231001 10.403000 -4.949000
c<B>r<179>R<ASP> -27.167999 8.520000 -7.578000
c<B>r<180>R<ILE> -24.794001 6.912000 -5.012000
c<B>r<204>R<ASN> -35.810001 -1.623000 -2.127000
c<B>r<206>R<ALA> -31.943001 1.932000 -3.943000
c<B>r<207>R<ARG> -33.865002 -0.167000 -6.567000
c<B>r<208>R<LYS> -36.830002 2.293000 -6.542000
c<B>r<209>R<ASN> -34.495998 5.298000 -6.938000
c<B>r<210>R<GLY> -32.125000 3.710000 -9.513000
c<B>r<211>R<SER> -29.222000 4.334000 -7.045000
c<B>r<212>R<ILE> -25.902000 2.443000 -6.791000
c<B>r<237>R<GLY> -32.097000 -8.026000 -5.845000
c<B>r<240>R<GLU> -28.552999 -5.279000 -9.449000
c<B>r<241>R<VAL> -27.674000 -2.247000 -7.197000
c<B>r<249>R<SER> -7.238000 -5.367000 8.137000
c<B>r<253>R<GLY> -6.237000 -8.084000 12.526000
c<B>r<254>R<PHE> -4.166000 -7.533000 9.302000
c<B>r<255>R<THR> -3.315000 -4.041000 10.675000
c<B>r<256>R<GLY> 0.061000 -3.154000 9.078000
c<B>r<257>R<VAL> -0.338000 -5.857000 6.350000
c<B>r<258>R<ARG> -2.972000 -4.211000 4.001000
c<B>r<259>R<LEU> -5.602000 -6.454000 2.327000
c<B>r<268>R<LEU> -24.853001 -4.265000 -11.905000
c<B>r<269>R<LYS> -25.246000 -1.986000 -14.977000
c<B>r<270>R<TYR> -25.348000 1.784000 -15.560000
c<B>r<271>R<ALA> -28.483000 3.498000 -16.992001
c<B>r<272>R<ASN> -27.245001 2.806000 -20.591000
c<B>r<273>R<GLY> -26.709999 -0.971000 -19.872000
c<B>r<274>R<GLU> -22.863001 -0.825000 -19.650999
c<B>r<275>R<PRO> -21.568001 -3.193000 -16.886000
c<B>r<276>R<VAL> -20.077000 -1.434000 -13.802000
c<B>r<278>R<ALA> -15.960000 -3.529000 -16.789000
c<B>r<279>R<ASP> -15.193000 0.048000 -15.607000
c<B>r<281>R<ASN> -11.780000 -3.801000 -13.842000
c<B>r<282>R<ARG> -10.390000 -0.877000 -15.944000
c<B>r<283>R<VAL> -9.758000 1.116000 -12.699000
c<B>r<284>R<MET> -8.115000 -1.898000 -10.951000
c<B>r<285>R<THR> -5.869000 -2.597000 -14.006000
c<B>r<286>R<THR> -4.898000 1.122000 -14.577000
c<B>r<287>R<CYS> -4.808000 2.816000 -11.139000
c<B>r<288>R<PHE> -3.768000 -0.243000 -9.094000
c<B>r<289>R<ASN> -0.899000 -2.724000 -9.441000
c<B>r<290>R<GLY> -2.301000 -5.872000 -7.719000
c<B>r<291>R<ALA> -2.230000 -6.781000 -4.000000
c<B>r<292>R<SER> 1.121000 -8.194000 -2.720000
c<B>r<293>R<ASN> 1.435000 -12.005000 -3.134000
c<B>r<294>R<ILE> 2.695000 -12.134000 0.532000
c<B>r<295>R<VAL> -0.544000 -10.586000 1.870000
c<B>r<298>R<GLY> -2.092000 -14.541000 4.515000
c<B>r<390>R<SER> -4.569000 -5.681000 24.971001
