c<A>r<148>R<ALA> -30.416000 1.065000 5.313000
c<A>r<149>R<GLU> -28.229000 3.446000 3.274000
c<A>r<150>R<ILE> -24.549000 2.330000 3.380000
c<A>r<151>R<HIS> -23.579000 5.252000 5.600000
c<A>r<152>R<ASP> -26.052000 4.163000 8.365000
c<A>r<153>R<TRP> -24.254000 0.779000 8.601000
c<D>r<110>R<ARG> -18.027000 12.105000 5.386000
c<D>r<111>R<GLN> -21.718000 12.622000 6.065000
c<D>r<112>R<VAL> -23.433001 9.572000 7.544000
c<D>r<113>R<GLY> -27.216999 9.982000 7.683000
c<D>r<114>R<ARG> -27.844000 13.267000 9.603000
c<D>r<115>R<TYR> -24.318001 13.531000 11.120000
c<D>r<117>R<THR> -17.840000 11.255000 10.547000
