c<A>r<109>R<GLU> -25.659000 3.972000 -6.430000
c<A>r<161>R<LEU> -7.281000 13.551000 0.461000
c<A>r<162>R<LEU> -7.503000 13.263000 -3.361000
c<A>r<163>R<GLY> -9.775000 16.365999 -3.589000
c<A>r<164>R<VAL> -12.332000 14.405000 -5.691000
c<A>r<165>R<ASP> -16.139000 14.266000 -5.545000
c<A>r<168>R<LYS> -16.243999 8.267000 -5.752000
c<A>r<169>R<PHE> -16.849001 6.882000 -2.187000
c<A>r<170>R<TRP> -17.304001 3.223000 -3.314000
c<A>r<171>R<SER> -14.152000 3.229000 -5.543000
c<A>r<172>R<PHE> -11.744000 2.369000 -2.650000
c<A>r<173>R<GLY> -11.170000 -1.052000 -0.985000
c<A>r<174>R<CYS> -11.249000 -1.208000 2.846000
c<A>r<175>R<ASP> -10.732000 -4.652000 4.502000
c<A>r<180>R<SER> -3.196000 2.424000 3.681000
c<A>r<181>R<VAL> -0.131000 4.705000 3.413000
c<A>r<182>R<ILE> -0.709000 8.322000 2.388000
c<A>r<183>R<HIS> 1.924000 11.033000 2.031000
c<A>r<187>R<ARG> 1.060000 20.434999 -2.837000
c<A>r<188>R<ARG> -0.994000 17.191999 -2.755000
c<A>r<189>R<ASN> -1.793000 13.963000 -0.976000
c<A>r<190>R<VAL> -0.421000 10.716000 -2.486000
c<A>r<191>R<ILE> -2.069000 7.343000 -1.811000
c<A>r<192>R<LEU> 1.202000 5.381000 -1.861000
c<A>r<193>R<LYS> -0.491000 2.147000 -0.687000
c<A>r<194>R<LEU> -4.223000 1.268000 -0.521000
c<A>r<195>R<ASN> -5.748000 -1.567000 1.547000
c<A>r<196>R<ILE> -2.605000 -3.580000 2.475000
c<A>r<197>R<THR> -3.628000 -6.928000 4.079000
c<A>r<198>R<CYS> -0.504000 -9.106000 3.563000
c<A>r<199>R<HIS> 0.244000 -9.261000 7.346000
c<A>r<206>R<GLU> -12.573000 -9.761000 2.013000
c<B>r<108>R<VAL> 5.691000 18.113001 -11.220000
c<B>r<109>R<GLU> 3.051000 20.864000 -10.700000
c<B>r<161>R<LEU> -10.565000 3.938000 -13.706000
c<B>r<162>R<LEU> -11.633000 6.523000 -11.059000
c<B>r<163>R<GLY> -13.032000 8.858000 -13.785000
c<B>r<164>R<VAL> -10.942000 11.803000 -12.448000
c<B>r<165>R<ASP> -8.800000 14.471000 -14.153000
c<B>r<168>R<LYS> -4.473000 13.618000 -9.945000
c<B>r<169>R<PHE> -1.698000 11.761000 -11.878000
c<B>r<170>R<TRP> 0.924000 12.089000 -9.051000
c<B>r<171>R<SER> -1.640000 11.083000 -6.336000
c<B>r<172>R<PHE> -1.054000 7.296000 -6.819000
c<B>r<173>R<GLY> 1.816000 5.004000 -5.737000
c<B>r<174>R<CYS> 3.338000 2.754000 -8.435000
c<B>r<175>R<ASP> 6.568000 0.933000 -7.308000
c<B>r<180>R<SER> -2.849000 -3.232000 -7.921000
c<B>r<181>R<VAL> -6.235000 -5.044000 -7.923000
c<B>r<182>R<ILE> -9.241000 -3.339000 -9.535000
c<B>r<183>R<HIS> -12.790000 -4.644000 -9.937000
c<B>r<187>R<ARG> -21.414000 0.858000 -13.367000
c<B>r<188>R<ARG> -18.115000 1.654000 -11.546000
c<B>r<189>R<ASN> -14.530000 0.688000 -10.854000
c<B>r<190>R<VAL> -13.267000 -0.263000 -7.385000
c<B>r<191>R<ILE> -9.532000 -0.006000 -6.669000
c<B>r<192>R<LEU> -9.464000 -2.812000 -4.083000
c<B>r<193>R<LYS> -5.664000 -2.744000 -3.634000
c<B>r<194>R<LEU> -3.077000 -0.184000 -4.804000
c<B>r<195>R<ASN> 0.702000 -0.629000 -5.168000
c<B>r<196>R<ILE> 1.118000 -3.952000 -3.225000
c<B>r<197>R<THR> 4.834000 -4.791000 -2.583000
c<B>r<198>R<CYS> 4.701000 -7.274000 0.364000
c<B>r<199>R<HIS> 6.047000 -10.172000 -1.800000
