c<I>r<1>R<SER> -20.610001 15.605000 1.043000
c<I>r<2>R<SER> -21.468000 12.775000 3.461000
c<I>r<3>R<LEU> -20.811001 9.359000 1.858000
c<I>r<4>R<ILE> -23.242001 8.129000 4.569000
c<I>r<5>R<LEU> -25.759001 6.237000 2.486000
c<I>r<6>R<LEU> -28.931999 7.907000 3.741000
c<I>r<7>R<SER> -31.379999 5.106000 4.548000
c<I>r<84>R<GLN> -25.877001 18.950001 -3.220000
c<P>r<10>R<ASP> -16.721001 8.542000 11.107000
c<P>r<13>R<LEU> -14.656000 7.298000 6.529000
c<P>r<14>R<HIS> -14.299000 11.045000 5.719000
c<P>r<17>R<ALA> -12.206000 13.569000 1.169000
c<P>r<18>R<ARG> -12.126000 14.893000 -2.442000
c<P>r<19>R<GLY> -14.438000 16.431999 -5.103000
c<P>r<20>R<GLY> -16.129999 19.082001 -2.894000
c<P>r<21>R<ASP> -16.757000 22.688000 -4.088000
c<P>r<379>R<GLY> -23.673000 3.492000 12.638000
c<P>r<380>R<ASP> -26.969000 2.317000 11.023000
c<P>r<381>R<ILE> -29.613001 -0.391000 11.770000
c<P>r<382>R<ALA> -29.195999 -1.732000 8.173000
