c<C>r<1>R<ALA> 11.226000 13.899000 7.765000
c<C>r<2>R<VAL> 9.494000 12.643000 4.610000
c<C>r<3>R<THR> 6.753000 15.107000 3.418000
c<C>r<4>R<TYR> 3.226000 13.954000 2.575000
c<C>r<5>R<GLU> 3.879000 15.092000 -0.976000
c<C>r<6>R<LYS> 6.783000 12.691000 -1.286000
c<C>r<7>R<THR> 5.023000 9.738000 0.284000
c<C>r<8>R<PHE> 1.933000 10.334000 -1.881000
c<C>r<9>R<GLU> 4.151000 10.335000 -5.044000
c<C>r<10>R<ILE> 5.842000 7.132000 -3.889000
c<C>r<11>R<GLU> 2.441000 5.518000 -3.357000
c<C>r<12>R<ILE> 1.344000 6.448000 -6.879000
c<C>r<13>R<ILE> 4.627000 5.104000 -8.326000
c<C>r<14>R<ASN> 4.261000 1.878000 -6.385000
c<C>r<15>R<GLU> 0.669000 1.383000 -7.664000
c<C>r<16>R<LEU> 1.625000 2.058000 -11.279000
c<C>r<17>R<SER> 4.846000 0.023000 -11.164000
c<C>r<18>R<ALA> 3.005000 -2.947000 -9.651000
c<C>r<19>R<SER> 0.352000 -2.791000 -12.388000
c<C>r<20>R<VAL> 2.936000 -2.632000 -15.233000
c<C>r<21>R<TYR> 5.148000 -5.296000 -13.705000
c<C>r<22>R<ASN> 2.296000 -7.703000 -13.028000
c<C>r<23>R<ARG> 0.911000 -7.295000 -16.566999
c<C>r<24>R<VAL> 4.223000 -8.382000 -18.110001
c<C>r<25>R<LEU> 4.755000 -11.093000 -15.532000
c<C>r<26>R<ASN> 1.337000 -12.618000 -16.198999
c<C>r<27>R<TYR> 2.011000 -12.571000 -19.914000
c<C>r<29>R<LEU> 4.078000 -16.930000 -17.232000
c<C>r<30>R<ASN> 0.779000 -17.611000 -19.083000
c<C>r<50>R<LYS> 12.408000 -5.988000 -12.058000
c<C>r<51>R<LEU> 15.496000 -3.855000 -11.899000
c<C>r<53>R<LYS> 11.351000 -1.830000 -9.000000
c<C>r<54>R<ARG> 14.398000 -2.509000 -6.823000
c<C>r<56>R<ASN> 14.496000 2.679000 -2.824000
c<C>r<57>R<LEU> 12.244000 5.564000 -3.640000
c<C>r<58>R<PHE> 12.722000 7.161000 -0.220000
c<C>r<69>R<HIS> 6.846000 8.343000 -12.281000
c<C>r<70>R<GLU> 7.268000 9.360000 -15.999000
c<C>r<72>R<TRP> 6.621000 4.005000 -15.397000
c<C>r<73>R<ARG> 4.058000 5.925000 -17.434000
c<C>r<74>R<SER> 6.090000 5.173000 -20.485001
c<C>r<76>R<ASN> 2.810000 1.296000 -19.014999
c<C>r<77>R<ARG> 2.183000 2.332000 -22.625000
c<D>r<10>R<GLN> 0.158000 -21.455000 -11.978000
c<D>r<13>R<ASN> 5.108000 -20.297001 -10.365000
c<D>r<14>R<ARG> 3.940000 -16.896999 -9.305000
c<D>r<17>R<ASP> 8.732000 -15.474000 -8.619000
c<D>r<21>R<GLU> 12.036000 -10.812000 -6.022000
c<D>r<22>R<LEU> 11.034000 -9.914000 -2.380000
c<D>r<24>R<GLN> 16.540001 -9.417000 -3.209000
c<D>r<25>R<GLY> 18.982000 -7.353000 -1.073000
c<D>r<42>R<GLY> -5.873000 7.293000 1.848000
c<D>r<43>R<SER> -4.269000 7.885000 5.197000
c<D>r<44>R<GLY> -0.756000 7.684000 3.754000
c<D>r<45>R<LYS> 0.460000 4.339000 5.128000
c<D>r<46>R<THR> 3.467000 4.797000 2.938000
c<D>r<47>R<SER> 4.763000 7.223000 5.606000
c<D>r<48>R<LEU> 4.845000 4.330000 8.007000
c<D>r<49>R<ARG> 7.047000 2.453000 5.600000
c<D>r<50>R<SER> 9.513000 5.257000 5.755000
c<D>r<51>R<ALA> 9.770000 5.119000 9.538000
c<D>r<53>R<PHE> 12.803000 1.567000 6.738000
c<D>r<54>R<GLU> 14.779000 3.894000 8.896000
c<D>r<58>R<GLY> 16.145000 -0.930000 4.816000
c<D>r<66>R<ASP> -3.301000 -5.341000 -3.244000
c<D>r<67>R<THR> -0.108000 -5.756000 -5.391000
c<D>r<68>R<PHE> -0.856000 -9.469000 -5.887000
c<D>r<69>R<LYS> -4.444000 -9.054000 -7.254000
c<D>r<70>R<GLN> -3.270000 -8.454000 -10.825000
c<D>r<71>R<GLN> -1.166000 -11.580000 -10.697000
c<D>r<72>R<HIS> -4.224000 -13.776000 -10.967000
c<D>r<73>R<PRO> -3.530000 -15.981000 -14.039000
c<D>r<74>R<ASN> -6.912000 -14.919000 -15.561000
c<D>r<75>R<PHE> -6.899000 -11.311000 -14.504000
c<D>r<76>R<ASP> -7.458000 -9.804000 -17.957001
c<D>r<153>R<GLY> -6.494000 11.310000 -0.317000
c<D>r<156>R<GLU> -6.769000 12.295000 -5.209000
c<D>r<157>R<ARG> -5.201000 8.836000 -5.613000
c<D>r<158>R<TYR> -7.952000 7.738000 -7.941000
c<D>r<160>R<THR> -4.055000 10.683000 -10.349000
c<D>r<161>R<MET> -4.129000 7.024000 -11.381000
c<D>r<164>R<ASP> -2.087000 7.554000 -15.900000
c<D>r<165>R<ASP> -4.394000 4.690000 -16.944000
c<D>r<168>R<THR> -6.364000 0.451000 -13.917000
c<D>r<169>R<ALA> -7.550000 3.278000 -11.726000
c<D>r<204>R<ASN> 0.708000 11.522000 11.371000
c<D>r<205>R<ARG> 1.298000 12.096000 7.664000
c<D>r<206>R<GLU> 4.477000 14.018000 8.293000
c<D>r<207>R<GLY> 5.915000 11.018000 10.004000
c<D>r<208>R<VAL> 5.636000 12.457000 13.473000
