1762616512699 0.04799234867095947 3059
1762616523538 0.045625053346157074 3093
1762616534822 0.04113580659031868 3127
1762616546666 0.04753537476062775 3161
1762616559877 0.04907439649105072 3195
1762616572681 0.049056585878133774 3229
1762616586044 0.04672200232744217 3263
1762616599462 0.04449838772416115 3297
1762616613274 0.045659806579351425 3331
1762616626187 0.04876235872507095 3365
1762616640501 0.046316977590322495 3399
1762616654346 0.03949353098869324 3433
1762616668101 0.044020876288414 3467
1762616681234 0.043971266597509384 3501
1762616694826 0.04381297901272774 3535
1762616707823 0.051473814994096756 3569
1762616721325 0.042537394911050797 3603
1762616735907 0.048944488167762756 3637
1762616749970 0.04913529008626938 3671
1762616763302 0.049459848552942276 3705
1762616777236 0.050724972039461136 3739
1762616790141 0.05225042626261711 3773
1762616804708 0.04557006061077118 3807
1762616818458 0.04575560241937637 3841
1762616832726 0.04234377294778824 3875
1762616846218 0.04403886944055557 3909
1762616859765 0.044468626379966736 3943
1762616874020 0.04966578632593155 3977
1762616887693 0.054605092853307724 4011
1762616901427 0.04619404673576355 4045
1762616915908 0.05106442794203758 4079
1762616930096 0.045107513666152954 4113
1762616944019 0.04544641822576523 4147
1762616958159 0.04937424138188362 4181
1762616972776 0.04273005202412605 4215
1762616986414 0.04820849746465683 4249
1762616999855 0.046035341918468475 4283
1762617013683 0.04913891851902008 4317
1762617028225 0.04126081243157387 4351
1762617041752 0.04805372282862663 4385
1762617055559 0.048423878848552704 4419
1762617069257 0.04724854603409767 4453
1762617082967 0.04867006838321686 4487
1762617096980 0.04658251628279686 4521
1762617110610 0.05667116492986679 4555
