c<A>r<61>R<GLY> -8.194000 17.374001 28.716999
c<A>r<95>R<HIS> -7.114000 18.958000 18.231001
c<A>r<96>R<PRO> -5.119000 21.844000 16.507000
c<A>r<97>R<VAL> -1.814000 20.238001 17.660999
c<A>r<98>R<PHE> -2.378000 17.517000 14.971000
c<A>r<99>R<LYS> -2.820000 20.096001 12.109000
c<A>r<100>R<ASP> 0.162000 18.504999 10.205000
c<A>r<103>R<PHE> 2.457000 10.086000 13.390000
c<A>r<104>R<THR> 3.780000 12.058000 10.309000
c<A>r<105>R<ALA> 3.767000 15.604000 11.761000
c<A>r<106>R<ASN> 7.130000 17.306000 10.991000
c<A>r<107>R<ASP> 7.153000 18.226000 14.744000
c<A>r<108>R<ARG> 8.967000 15.283000 16.504000
c<A>r<109>R<ASP> 7.370000 16.134001 19.900000
c<A>r<110>R<VAL> 3.828000 15.961000 18.355000
c<A>r<111>R<ARG> 4.807000 12.458000 17.041000
c<A>r<112>R<ARG> 5.828000 11.378000 20.622000
c<A>r<113>R<TYR> 2.504000 12.818000 21.941000
c<A>r<114>R<ALA> 0.420000 11.027000 19.224001
c<A>r<115>R<LEU> 1.990000 7.649000 20.207001
c<A>r<116>R<ARG> 1.368000 8.261000 23.965000
c<A>r<117>R<LYS> -2.303000 9.327000 23.306999
c<A>r<119>R<ILE> -1.118000 3.774000 23.830999
c<A>r<120>R<ARG> -3.279000 5.213000 26.716999
c<A>r<141>R<GLY> -0.648000 14.313000 4.419000
c<A>r<142>R<ALA> 0.025000 17.620001 2.582000
c<A>r<143>R<GLU> -1.378000 20.643000 0.610000
c<A>r<144>R<SER> 1.980000 21.339001 -1.184000
c<A>r<145>R<GLY> 4.676000 18.872000 -2.376000
c<A>r<146>R<GLY> 7.360000 20.892000 -0.507000
c<A>r<147>R<ALA> 5.669000 20.443001 2.947000
c<A>r<148>R<LYS> 6.380000 16.667999 3.426000
c<A>r<149>R<ASP> 9.075000 14.208000 2.348000
c<A>r<150>R<VAL> 6.783000 11.191000 1.858000
c<A>r<151>R<ARG> 9.709000 8.719000 2.444000
c<A>r<152>R<ASP> 10.612000 10.256000 5.832000
c<A>r<153>R<ALA> 6.832000 10.306000 6.560000
c<A>r<154>R<LEU> 6.520000 6.547000 5.667000
c<A>r<155>R<ASP> 9.580000 5.836000 7.911000
c<A>r<156>R<ARG> 7.841000 7.786000 10.785000
c<A>r<157>R<MET> 4.573000 5.886000 10.040000
c<A>r<159>R<GLU> 8.273000 3.549000 13.358000
c<A>r<160>R<ALA> 4.908000 4.539000 14.918000
c<A>r<162>R<ASP> 6.083000 -1.003000 14.948000
c<A>r<163>R<LEU> 6.252000 0.629000 18.452000
c<A>r<164>R<LEU> 2.465000 0.001000 18.937000
c<A>r<166>R<GLU> 5.948000 -3.903000 20.271999
c<A>r<167>R<TYR> 3.650000 -2.455000 23.010000
c<A>r<183>R<PRO> -7.484000 9.718000 -0.504000
c<A>r<184>R<ASN> -8.182000 13.315000 0.691000
c<A>r<188>R<GLY> -5.276000 18.139999 0.453000
c<A>r<189>R<ASP> -3.652000 14.719000 -0.170000
c<A>r<190>R<ILE> -3.504000 11.895000 2.474000
c<A>r<191>R<LEU> -0.770000 9.227000 2.989000
c<A>r<192>R<LEU> -1.721000 5.594000 2.162000
c<A>r<193>R<PRO> -4.630000 7.018000 0.051000
c<A>r<194>R<THR> -6.335000 3.674000 -0.962000
c<A>r<195>R<VAL> -6.699000 -0.010000 0.202000
c<A>r<196>R<GLY> -3.755000 -1.092000 -2.002000
c<A>r<197>R<HIS> -1.469000 1.691000 -0.641000
c<A>r<198>R<ALA> -2.262000 0.648000 2.978000
c<A>r<199>R<LEU> -1.772000 -3.100000 2.132000
c<A>r<200>R<ALA> 1.611000 -2.332000 0.431000
c<A>r<201>R<PHE> 2.768000 -0.434000 3.585000
c<A>r<202>R<ILE> 1.546000 -3.215000 5.967000
c<A>r<203>R<GLU> 3.939000 -5.782000 4.325000
c<A>r<204>R<ARG> 6.866000 -3.500000 5.512000
c<A>r<220>R<GLU> -12.395000 4.354000 -2.375000
c<A>r<221>R<GLN> -15.428000 6.006000 -4.128000
c<A>r<222>R<MET> -13.811000 9.462000 -3.429000
c<A>r<223>R<ALA> -10.966000 8.129000 -5.685000
c<A>r<224>R<GLY> -13.639000 6.752000 -8.130000
c<A>r<225>R<LEU> -12.548000 3.109000 -7.451000
c<A>r<226>R<ASN> -14.610000 -0.124000 -7.341000
c<A>r<228>R<PRO> -15.962000 -4.495000 -4.113000
c<A>r<229>R<HIS> -12.680000 -5.041000 -6.105000
c<A>r<230>R<GLY> -10.558000 -3.414000 -3.311000
c<A>r<231>R<ILE> -12.420000 -5.549000 -0.692000
c<A>r<232>R<ALA> -11.779000 -8.675000 -2.826000
c<A>r<233>R<GLN> -7.996000 -7.866000 -2.910000
c<A>r<234>R<ALA> -8.108000 -7.265000 0.916000
c<A>r<235>R<LEU> -9.902000 -10.678000 1.304000
c<A>r<236>R<TRP> -7.420000 -12.457000 -1.084000
c<A>r<237>R<ALA> -4.613000 -10.813000 0.950000
c<A>r<251>R<ILE> -15.642000 11.797000 -6.490000
c<A>r<265>R<ARG> -24.891001 -1.714000 -7.226000
c<A>r<266>R<ALA> -21.510000 -1.470000 -5.449000
c<A>r<268>R<PHE> -25.190001 -5.121000 -3.663000
c<A>r<269>R<TRP> -21.943001 -6.718000 -4.972000
c<A>r<270>R<LEU> -20.219999 -5.885000 -1.630000
c<A>r<272>R<ASP> -22.767000 -10.731000 -2.046000
c<A>r<273>R<LEU> -18.917000 -10.757000 -1.679000
c<A>r<277>R<ALA> -16.525000 -15.028000 1.448000
c<A>r<325>R<VAL> -28.188000 -17.360001 -12.578000
c<A>r<328>R<ALA> -25.649000 -17.757000 -16.723000
c<A>r<329>R<LEU> -22.504999 -18.018999 -14.463000
c<A>r<332>R<SER> -20.042000 -16.617001 -18.664000
c<A>r<333>R<ARG> -17.306999 -19.222000 -17.673000
c<A>r<334>R<LEU> -16.929001 -18.149000 -13.988000
c<A>r<335>R<ASP> -16.230000 -21.902000 -13.286000
c<A>r<336>R<GLU> -13.201000 -21.605000 -15.675000
c<A>r<337>R<LEU> -11.639000 -18.552000 -13.904000
c<A>r<338>R<ALA> -11.490000 -20.732000 -10.727000
c<A>r<339>R<ARG> -9.410000 -23.344000 -12.733000
c<A>r<340>R<PRO> -5.563000 -23.080000 -12.840000
c<A>r<341>R<THR> -4.235000 -21.860001 -16.233000
c<A>r<342>R<ALA> -1.234000 -24.254999 -16.077000
c<A>r<343>R<ALA> -1.434000 -26.754999 -13.145000
c<A>r<345>R<GLY> 3.419000 -26.796000 -15.207000
c<A>r<346>R<LEU> 5.533000 -24.337999 -17.297001
c<A>r<347>R<GLN> 7.204000 -27.094000 -19.410000
c<A>r<349>R<LEU> 2.458000 -25.135000 -21.233000
c<A>r<350>R<LEU> 5.564000 -24.747999 -23.524000
c<A>r<352>R<ASP> 1.393000 -27.688999 -25.615000
c<A>r<353>R<ARG> 0.990000 -26.658001 -29.296000
c<A>r<354>R<SER> -2.782000 -26.082001 -28.690001
c<A>r<355>R<ALA> -1.853000 -23.190001 -26.334999
c<A>r<356>R<PHE> -0.068000 -21.290001 -29.205000
c<A>r<357>R<GLU> 1.023000 -22.750999 -32.612999
c<A>r<359>R<PHE> -4.655000 -22.013000 -31.254999
c<A>r<360>R<ASP> -7.634000 -20.650999 -33.285000
c<A>r<361>R<VAL> -7.546000 -16.987000 -32.102001
c<A>r<362>R<ASP> -10.523000 -16.075001 -34.396000
c<A>r<363>R<ALA> -12.809000 -18.910000 -33.172001
c<A>r<364>R<ALA> -11.711000 -17.785999 -29.653000
c<A>r<365>R<ALA> -12.409000 -14.073000 -30.490000
c<A>r<366>R<ALA> -15.904000 -15.173000 -31.728001
c<A>r<367>R<ARG> -16.827000 -16.598000 -28.209999
c<A>r<368>R<GLY> -19.539000 -14.392000 -26.565001
c<A>r<369>R<MET> -19.079000 -13.629000 -22.797001
c<A>r<370>R<ALA> -22.860001 -13.472000 -21.903000
c<A>r<371>R<PHE> -22.179001 -10.913000 -19.027000
c<A>r<372>R<GLU> -25.132000 -8.637000 -20.115999
c<A>r<373>R<ARG> -27.610001 -11.473000 -19.230000
c<A>r<374>R<LEU> -25.839001 -12.181000 -15.901000
c<A>r<375>R<ASP> -25.833000 -8.468000 -14.835000
c<A>r<376>R<GLN> -29.483999 -8.044000 -16.018000
c<A>r<377>R<LEU> -30.294001 -11.154000 -13.868000
c<A>r<378>R<ALA> -28.434000 -9.469000 -10.933000
c<B>r<61>R<GLY> -0.416000 -12.672000 -37.492001
c<B>r<95>R<HIS> -6.525000 -8.399000 -30.686001
c<B>r<96>R<PRO> -10.300000 -9.172000 -30.083000
c<B>r<97>R<VAL> -9.390000 -12.531000 -28.402000
c<B>r<98>R<PHE> -8.178000 -10.576000 -25.288000
c<B>r<99>R<LYS> -11.504000 -8.607000 -24.862000
c<B>r<100>R<ASP> -12.014000 -10.351000 -21.431999
c<B>r<103>R<PHE> -4.149000 -13.356000 -17.768999
c<B>r<104>R<THR> -7.650000 -12.889000 -16.146999
c<B>r<105>R<ALA> -9.812000 -13.999000 -19.105000
c<B>r<106>R<ASN> -12.521000 -16.408001 -17.799999
c<B>r<107>R<ASP> -11.810000 -18.575001 -20.886999
c<B>r<108>R<ARG> -8.812000 -20.822001 -19.886000
c<B>r<109>R<ASP> -7.433000 -21.281000 -23.437000
c<B>r<110>R<VAL> -7.076000 -17.465000 -23.878000
c<B>r<111>R<ARG> -5.001000 -17.365999 -20.613001
c<B>r<112>R<ARG> -2.617000 -20.087999 -21.986000
c<B>r<113>R<TYR> -2.339000 -18.174999 -25.306000
c<B>r<114>R<ALA> -1.623000 -14.881000 -23.440001
c<B>r<115>R<LEU> 1.219000 -16.591000 -21.471001
c<B>r<116>R<ARG> 2.751000 -18.153000 -24.653999
c<B>r<117>R<LYS> 2.548000 -14.780000 -26.548000
c<B>r<119>R<ILE> 7.023000 -15.760000 -23.268999
c<B>r<120>R<ARG> 7.747000 -15.546000 -27.079000
c<B>r<141>R<GLY> -10.964000 -6.371000 -14.907000
c<B>r<142>R<ALA> -14.776000 -6.111000 -15.255000
c<B>r<143>R<GLU> -17.649000 -3.969000 -16.684999
c<B>r<144>R<SER> -20.061001 -5.418000 -14.023000
c<B>r<145>R<GLY> -19.542000 -7.119000 -10.602000
c<B>r<146>R<GLY> -21.000999 -10.443000 -11.915000
c<B>r<147>R<ALA> -18.422001 -10.854000 -14.762000
c<B>r<148>R<LYS> -15.451000 -12.185000 -12.645000
c<B>r<149>R<ASP> -14.673000 -13.285000 -9.119000
c<B>r<150>R<VAL> -11.851000 -10.813000 -8.318000
c<B>r<151>R<ARG> -10.214000 -13.389000 -5.960000
c<B>r<152>R<ASP> -10.009000 -16.025000 -8.745000
c<B>r<153>R<ALA> -8.837000 -13.245000 -11.147000
c<B>r<154>R<LEU> -5.963000 -12.215000 -8.767000
c<B>r<155>R<ASP> -5.207000 -15.967000 -8.333000
c<B>r<156>R<ARG> -4.892000 -16.430000 -12.177000
c<B>r<157>R<MET> -2.863000 -13.168000 -12.410000
c<B>r<159>R<GLU> -0.236000 -17.868000 -11.453000
c<B>r<160>R<ALA> 0.608000 -16.020000 -14.713000
c<B>r<162>R<ASP> 4.891000 -16.740000 -11.119000
c<B>r<163>R<LEU> 5.182000 -18.797001 -14.393000
c<B>r<164>R<LEU> 6.824000 -15.810000 -16.214001
c<B>r<166>R<GLU> 9.888000 -19.346001 -13.556000
c<B>r<167>R<TYR> 10.594000 -18.796000 -17.288000
c<B>r<183>R<PRO> -7.797000 2.591000 -12.800000
c<B>r<184>R<ASN> -9.874000 2.370000 -16.040001
c<B>r<188>R<GLY> -14.557000 -0.089000 -16.775999
c<B>r<189>R<ASP> -12.936000 -1.404000 -13.537000
c<B>r<190>R<ILE> -9.266000 -2.663000 -13.635000
c<B>r<191>R<LEU> -7.947000 -5.182000 -11.001000
c<B>r<192>R<LEU> -4.755000 -3.214000 -10.032000
c<B>r<193>R<PRO> -6.098000 0.381000 -10.244000
c<B>r<194>R<THR> -3.254000 2.275000 -8.408000
c<B>r<195>R<VAL> 0.491000 2.075000 -7.476000
c<B>r<196>R<GLY> -0.499000 0.769000 -4.016000
c<B>r<197>R<HIS> -2.754000 -2.004000 -5.445000
c<B>r<198>R<ALA> 0.077000 -3.193000 -7.770000
c<B>r<199>R<LEU> 2.644000 -3.040000 -4.874000
c<B>r<200>R<ALA> 0.250000 -5.014000 -2.567000
c<B>r<201>R<PHE> -0.094000 -7.701000 -5.308000
c<B>r<202>R<ILE> 3.721000 -7.887000 -5.972000
c<B>r<203>R<GLU> 4.447000 -8.907000 -2.321000
c<B>r<204>R<ARG> 2.306000 -12.101000 -2.936000
c<B>r<220>R<GLU> -3.022000 8.124000 -10.677000
c<B>r<221>R<GLN> -4.559000 11.524000 -11.699000
c<B>r<222>R<MET> -7.551000 9.667000 -13.322000
c<B>r<223>R<ALA> -8.248000 8.355000 -9.753000
c<B>r<224>R<GLY> -7.569000 11.927000 -8.413000
c<B>r<225>R<LEU> -4.388000 10.777000 -6.557000
c<B>r<226>R<ASN> -1.030000 12.498000 -5.889000
c<B>r<228>R<PRO> 4.538000 12.202000 -6.421000
c<B>r<229>R<HIS> 3.192000 10.441000 -3.235000
c<B>r<230>R<GLY> 2.740000 7.158000 -5.223000
c<B>r<231>R<ILE> 6.291000 7.510000 -6.697000
c<B>r<232>R<ALA> 7.675000 8.172000 -3.179000
c<B>r<233>R<GLN> 5.995000 4.960000 -1.827000
c<B>r<234>R<ALA> 7.321000 3.008000 -4.893000
c<B>r<235>R<LEU> 10.855000 4.408000 -4.172000
c<B>r<236>R<TRP> 10.543000 3.681000 -0.383000
c<B>r<237>R<ALA> 9.337000 0.084000 -1.037000
c<B>r<251>R<ILE> -10.068000 13.078000 -13.023000
c<B>r<265>R<ARG> 3.198000 21.884001 -10.168000
c<B>r<266>R<ALA> 2.784000 18.079000 -9.852000
c<B>r<268>R<PHE> 7.792000 19.999001 -10.804000
c<B>r<269>R<TRP> 7.500000 18.035000 -7.505000
c<B>r<270>R<LEU> 7.893000 14.769000 -9.509000
c<B>r<272>R<ASP> 12.448000 17.270000 -7.746000
c<B>r<273>R<LEU> 11.610000 13.834000 -6.175000
c<B>r<277>R<ALA> 16.084000 10.422000 -4.780000
c<B>r<325>R<VAL> 14.364000 27.715000 0.325000
c<B>r<328>R<ALA> 12.066000 27.705000 4.604000
c<B>r<329>R<LEU> 12.777000 23.881001 4.686000
c<B>r<332>R<SER> 9.053000 23.716000 7.907000
c<B>r<333>R<ARG> 10.913000 21.271000 10.290000
c<B>r<334>R<LEU> 11.566000 18.606001 7.595000
c<B>r<335>R<ASP> 14.970000 18.121000 9.308000
c<B>r<336>R<GLU> 12.919000 17.011000 12.411000
c<B>r<337>R<LEU> 10.673000 14.694000 10.222000
c<B>r<338>R<ALA> 13.874000 12.848000 9.117000
c<B>r<339>R<ARG> 14.641000 12.044000 12.847000
c<B>r<340>R<PRO> 13.225000 8.876000 14.534000
c<B>r<341>R<THR> 10.410000 9.705000 17.024000
c<B>r<342>R<ALA> 11.767000 7.150000 19.566000
c<B>r<343>R<ALA> 15.448000 6.358000 18.697001
c<B>r<345>R<GLY> 13.153000 2.913000 22.363001
c<B>r<346>R<LEU> 9.556000 2.177000 23.521000
c<B>r<347>R<GLN> 10.353000 2.172000 27.295000
c<B>r<349>R<LEU> 9.078000 7.002000 25.191999
c<B>r<350>R<LEU> 6.918000 5.677000 28.131001
c<B>r<352>R<ASP> 9.489000 10.373000 29.139000
c<B>r<353>R<ARG> 6.773000 12.439000 30.898001
c<B>r<354>R<SER> 7.571000 15.374000 28.507000
c<B>r<355>R<ALA> 6.042000 13.232000 25.700001
c<B>r<356>R<PHE> 2.598000 13.259000 27.482000
c<B>r<357>R<GLU> 1.987000 14.173000 31.198000
c<B>r<359>R<PHE> 3.466000 18.183001 27.160000
c<B>r<360>R<ASP> 2.140000 21.705000 26.319000
c<B>r<361>R<VAL> -0.485000 20.833000 23.643999
c<B>r<362>R<ASP> -1.539000 24.537001 23.299999
c<B>r<363>R<ALA> 2.019000 25.891001 22.802999
c<B>r<364>R<ALA> 2.503000 23.039000 20.249001
c<B>r<365>R<ALA> -0.884000 23.857000 18.580000
c<B>r<366>R<ALA> 0.229000 27.546000 18.302999
c<B>r<367>R<ARG> 3.384000 26.650999 16.195000
c<B>r<368>R<GLY> 3.260000 27.708000 12.503000
c<B>r<369>R<MET> 4.962000 25.344000 9.976000
c<B>r<370>R<ALA> 6.119000 27.926001 7.296000
c<B>r<371>R<PHE> 4.793000 25.757000 4.313000
c<B>r<372>R<GLU> 3.221000 28.829000 2.538000
c<B>r<373>R<ARG> 6.719000 30.452999 2.223000
c<B>r<374>R<LEU> 8.144000 27.150999 0.892000
c<B>r<375>R<ASP> 5.440000 26.638000 -1.822000
c<B>r<376>R<GLN> 5.579000 30.360001 -2.848000
c<B>r<377>R<LEU> 9.397000 29.926001 -3.230000
c<B>r<378>R<ALA> 8.737000 26.775999 -5.346000
