c<A>r<59>R<ASP> 12.698000 -13.548000 3.987000
c<A>r<63>R<VAL> 13.448000 -17.261000 8.945000
c<A>r<64>R<ARG> 16.444000 -19.587000 8.939000
c<A>r<66>R<LEU> 15.457000 -17.240000 13.751000
c<A>r<67>R<ALA> 14.925000 -20.954000 13.589000
c<A>r<68>R<ARG> 18.482000 -21.739000 14.510000
c<A>r<69>R<ARG> 19.188000 -19.209000 17.191999
c<A>r<70>R<GLN> 17.344000 -17.393000 19.909000
c<A>r<71>R<PRO> 18.889000 -14.027000 19.077000
c<A>r<72>R<ALA> 19.549000 -11.444000 21.759001
c<A>r<73>R<ALA> 17.264999 -8.561000 22.063999
c<A>r<74>R<SER> 19.329000 -6.257000 19.697001
c<A>r<75>R<ASP> 19.844000 -8.972000 17.069000
c<A>r<76>R<LEU> 16.231001 -9.870000 17.079000
c<A>r<77>R<ARG> 15.338000 -6.258000 16.573000
c<A>r<80>R<ILE> 12.761000 -7.926000 12.382000
c<A>r<83>R<SER> 12.233000 -8.231000 7.427000
c<A>r<84>R<LYS> 10.078000 -5.181000 7.535000
c<A>r<87>R<ILE> 8.730000 -5.391000 2.449000
c<A>r<164>R<ARG> -5.071000 20.325001 -7.287000
c<A>r<167>R<VAL> -7.424000 18.707001 -11.688000
c<A>r<168>R<THR> -8.086000 22.294001 -12.415000
c<A>r<170>R<MET> -8.468000 18.833000 -16.514000
c<A>r<171>R<MET> -11.546000 20.943001 -16.048000
c<A>r<172>R<GLU> -10.240000 23.476999 -18.576000
c<A>r<173>R<ASP> -9.209000 21.004000 -21.273001
c<A>r<174>R<PRO> -11.353000 17.794001 -21.122999
c<A>r<175>R<ARG> -9.483000 16.264999 -24.208000
c<A>r<176>R<ALA> -6.396000 16.032000 -22.097000
c<A>r<177>R<ILE> -8.067000 14.149000 -19.225000
c<A>r<178>R<SER> -6.666000 10.684000 -20.122999
c<A>r<181>R<LEU> -4.668000 11.240000 -15.400000
c<B>r<61>R<VAL> 8.701000 -9.817000 19.422001
c<B>r<62>R<ARG> 8.367000 -10.895000 23.035999
c<B>r<64>R<LEU> 10.528000 -14.677000 19.773001
c<B>r<65>R<ALA> 12.832000 -13.285000 22.415001
c<B>r<66>R<ARG> 11.823000 -15.812000 24.999001
c<B>r<67>R<ARG> 11.634000 -18.954000 22.965000
c<B>r<68>R<GLN> 13.280000 -20.481001 19.978001
c<B>r<69>R<PRO> 10.018000 -21.598000 18.407000
c<B>r<70>R<ALA> 9.787000 -24.704000 16.273001
c<B>r<71>R<ALA> 9.718000 -24.329000 12.627000
c<B>r<72>R<SER> 5.806000 -24.379999 12.449000
c<B>r<73>R<ASP> 5.394000 -21.924999 15.342000
c<B>r<74>R<LEU> 7.926000 -19.601999 13.891000
c<B>r<75>R<ARG> 6.091000 -19.667999 10.618000
c<B>r<78>R<ILE> 5.874000 -14.492000 11.128000
c<B>r<81>R<SER> 3.313000 -10.297000 11.961000
c<B>r<82>R<LYS> 2.848000 -9.938000 8.271000
c<B>r<85>R<ILE> 0.591000 -5.199000 8.586000
c<B>r<162>R<ARG> -12.367000 3.430000 -17.969999
c<B>r<165>R<VAL> -12.830000 8.587000 -17.313999
c<B>r<166>R<THR> -14.992000 8.591000 -20.364000
c<B>r<168>R<MET> -15.246000 12.889000 -17.146000
c<B>r<169>R<MET> -14.463000 13.715000 -20.733000
c<B>r<170>R<GLU> -18.170000 14.250000 -21.475000
c<B>r<171>R<ASP> -18.948000 16.392000 -18.438999
c<B>r<172>R<PRO> -15.836000 18.343000 -17.264999
c<B>r<173>R<ARG> -17.874001 20.083000 -14.436000
c<B>r<174>R<ALA> -18.176001 16.746000 -12.725000
c<B>r<175>R<ILE> -14.420000 16.000000 -12.799000
c<B>r<176>R<SER> -13.757000 16.813000 -9.102000
c<B>r<179>R<LEU> -12.325000 11.863000 -9.192000
