c<A>r<74>R<GLU> -9.607000 -0.346000 -14.666000
c<A>r<105>R<GLY> -0.415000 -13.651000 9.049000
c<A>r<106>R<THR> 1.985000 -13.386000 6.139000
c<A>r<107>R<LEU> 2.624000 -17.139999 5.692000
c<A>r<108>R<ASP> -1.192000 -17.739000 5.672000
c<A>r<109>R<THR> -1.983000 -15.138000 3.104000
c<A>r<110>R<PRO> -1.853000 -16.716999 -0.403000
c<A>r<111>R<LYS> -3.444000 -15.174000 -3.565000
c<A>r<113>R<PHE> -3.045000 -10.610000 -0.904000
c<A>r<114>R<ASP> -3.803000 -9.757000 -4.520000
c<A>r<120>R<ALA> -6.286000 0.652000 -1.878000
c<A>r<121>R<ARG> -5.937000 0.067000 -5.688000
c<A>r<124>R<PHE> -7.241000 4.894000 -6.232000
c<A>r<125>R<VAL> -8.547000 3.838000 -9.713000
c<A>r<127>R<ALA> -10.892000 8.203000 -7.601000
c<A>r<128>R<GLN> -8.766000 8.677000 -10.664000
c<A>r<129>R<ALA> -11.777000 7.950000 -12.973000
c<A>r<131>R<LEU> -11.998000 13.147000 -10.174000
c<A>r<132>R<PRO> -12.414000 14.829000 -13.641000
c<A>r<149>R<PRO> -3.857000 5.938000 9.187000
c<A>r<150>R<SER> -1.602000 4.377000 11.861000
c<A>r<151>R<LEU> 1.917000 3.163000 12.077000
c<A>r<152>R<ASN> 1.219000 0.842000 15.048000
c<A>r<153>R<PRO> 3.446000 -2.191000 14.540000
c<A>r<154>R<ALA> 1.037000 -4.412000 16.459000
c<A>r<155>R<TRP> -1.649000 -3.720000 13.933000
c<A>r<156>R<TRP> 0.702000 -4.214000 11.024000
c<A>r<157>R<GLY> 2.180000 -7.413000 12.387000
c<A>r<158>R<ALA> -1.324000 -8.933000 13.022000
c<A>r<159>R<HIS> -2.168000 -9.129000 9.284000
c<A>r<160>R<THR> 0.366000 -7.261000 7.191000
c<A>r<161>R<GLY> -1.526000 -8.020000 3.917000
c<A>r<163>R<THR> -3.459000 -3.716000 6.989000
c<A>r<164>R<LEU> -1.537000 -2.580000 3.814000
c<A>r<165>R<ALA> -4.641000 -2.951000 1.614000
c<A>r<169>R<LEU> -3.204000 6.039000 2.754000
c<A>r<170>R<VAL> -4.738000 6.597000 -0.637000
c<A>r<171>R<THR> -7.198000 8.994000 1.066000
c<A>r<172>R<LEU> -4.324000 10.832000 2.732000
c<A>r<173>R<GLY> -2.614000 11.412000 -0.666000
c<A>r<174>R<LEU> -5.703000 12.278000 -2.612000
c<A>r<175>R<ALA> -6.821000 14.723000 0.072000
c<A>r<176>R<ALA> -3.445000 16.513000 0.064000
c<A>r<177>R<GLU> -3.507000 16.716000 -3.768000
c<A>r<178>R<PHE> -7.124000 17.614000 -4.560000
c<A>r<179>R<GLY> -8.454000 18.903999 -1.201000
c<A>r<225>R<GLY> -7.926000 14.970000 5.009000
c<C>r<73>R<GLU> 4.407000 -15.228000 -7.567000
c<C>r<104>R<GLY> 0.142000 13.040000 -9.468000
c<C>r<105>R<THR> -2.909000 10.811000 -9.417000
c<C>r<106>R<LEU> -4.439000 11.959000 -12.742000
c<C>r<107>R<ASP> -1.016000 11.397000 -14.440000
c<C>r<108>R<THR> -0.482000 7.916000 -13.114000
c<C>r<109>R<PRO> -1.943000 5.381000 -15.608000
c<C>r<110>R<LYS> -1.023000 1.663000 -15.661000
c<C>r<112>R<PHE> 0.265000 2.449000 -10.586000
c<C>r<113>R<ASP> 0.068000 -1.310000 -11.174000
c<C>r<119>R<ALA> 5.272000 -3.408000 -1.684000
c<C>r<120>R<ARG> 3.703000 -6.559000 -3.304000
c<C>r<123>R<PHE> 5.753000 -9.128000 0.485000
c<C>r<124>R<VAL> 5.723000 -12.130000 -1.938000
c<C>r<126>R<ALA> 9.434000 -12.355000 1.967000
c<C>r<127>R<GLN> 6.637000 -14.865000 2.081000
c<C>r<128>R<ALA> 8.615000 -17.283001 -0.191000
c<C>r<130>R<LEU> 10.720000 -16.782000 5.303000
c<C>r<131>R<PRO> 10.432000 -20.622000 5.610000
c<C>r<148>R<PRO> 7.372000 5.088000 7.253000
c<C>r<149>R<SER> 5.741000 8.549000 7.318000
c<C>r<150>R<LEU> 2.268000 9.933000 7.322000
c<C>r<151>R<ASN> 3.346000 13.358000 5.956000
c<C>r<152>R<PRO> 0.506000 14.497000 3.726000
c<C>r<153>R<ALA> 2.857000 16.586000 1.584000
c<C>r<154>R<TRP> 4.775000 13.475000 0.647000
c<C>r<155>R<TRP> 1.607000 11.521000 0.013000
c<C>r<156>R<GLY> -0.014000 14.259000 -2.027000
c<C>r<157>R<ALA> 3.130000 14.697000 -4.242000
c<C>r<158>R<HIS> 2.749000 11.219000 -5.828000
c<C>r<159>R<THR> 0.161000 9.156000 -4.039000
c<C>r<160>R<GLY> 0.803000 6.117000 -6.314000
c<C>r<162>R<THR> 4.383000 6.847000 -2.029000
c<C>r<163>R<LEU> 1.870000 3.954000 -1.430000
c<C>r<164>R<ALA> 4.044000 1.469000 -3.373000
c<C>r<168>R<LEU> 4.881000 -0.612000 5.527000
c<C>r<169>R<VAL> 5.423000 -4.200000 4.513000
c<C>r<170>R<THR> 8.715000 -4.076000 6.469000
c<C>r<171>R<LEU> 6.898000 -2.686000 9.500000
c<C>r<172>R<GLY> 4.423000 -5.630000 9.469000
c<C>r<173>R<LEU> 6.920000 -8.338000 8.736000
c<C>r<174>R<ALA> 9.251000 -7.064000 11.437000
c<C>r<175>R<ALA> 6.461000 -7.066000 14.047000
c<C>r<176>R<GLU> 5.414000 -10.615000 13.022000
c<C>r<177>R<PHE> 8.753000 -12.410000 12.499000
c<C>r<178>R<GLY> 11.258000 -10.138000 14.324000
c<C>r<230>R<GLY> 11.793000 -2.946000 12.879000
