c<A>r<4>R<THR> 70.521004 84.251999 26.275999
c<A>r<5>R<ARG> 68.945999 81.900002 28.827999
c<A>r<6>R<LEU> 65.249001 82.527000 29.424999
c<A>r<7>R<LYS> 64.316002 83.085999 33.058998
c<A>r<8>R<ILE> 61.401001 80.736000 33.747002
c<A>r<25>R<ASP> 75.440002 65.766998 46.855999
c<A>r<26>R<GLY> 73.278000 68.372002 45.136002
c<A>r<27>R<THR> 71.830002 66.119003 42.433998
c<A>r<42>R<VAL> 65.367996 70.307999 36.520000
c<A>r<43>R<ILE> 67.093002 72.411003 39.136002
c<A>r<44>R<CYS> 64.794998 75.168999 40.372002
c<A>r<45>R<THR> 66.023003 77.757004 42.849998
c<A>r<46>R<GLY> 63.591000 79.205002 45.349998
c<A>r<57>R<HIS> 66.202003 80.636002 52.651001
c<A>r<58>R<THR> 66.515999 80.392998 48.868000
c<A>r<59>R<VAL> 68.285004 77.266998 47.625000
c<A>r<60>R<PRO> 68.544998 74.899002 44.634998
c<A>r<61>R<GLN> 65.742996 72.320999 44.647999
c<A>r<62>R<CYS> 64.490997 69.615997 42.269001
c<A>r<81>R<THR> 68.000000 77.525002 26.933001
c<A>r<82>R<TYR> 66.601997 78.361000 30.350000
c<A>r<83>R<GLU> 66.976997 78.652000 34.117001
c<A>r<84>R<VAL> 64.041000 77.897003 36.418999
c<A>r<85>R<HIS> 63.157001 79.541000 39.702000
c<A>r<86>R<LEU> 60.193001 79.367996 42.078999
c<A>r<87>R<VAL> 58.174000 82.566002 42.566002
c<A>r<88>R<ALA> 59.598999 84.383003 45.597000
c<A>r<105>R<GLU> 51.328999 96.450996 41.180000
c<A>r<111>R<GLY> 54.605000 90.615997 39.070999
c<A>r<112>R<GLU> 57.856998 88.814003 38.323002
c<A>r<113>R<LEU> 57.064999 88.540001 34.615002
c<A>r<114>R<LEU> 56.133999 92.233002 34.370998
c<A>r<115>R<SER> 59.247002 93.355003 36.271999
c<A>r<116>R<GLY> 61.646999 91.258003 34.223000
c<A>r<117>R<GLN> 62.549000 88.867996 37.061001
c<A>r<118>R<ALA> 61.061001 86.261002 34.723000
c<A>r<119>R<ASP> 60.743000 86.014999 30.941999
c<A>r<120>R<MET> 58.097000 83.292000 30.837000
c<A>r<255>R<ARG> 55.118999 89.887001 28.337000
c<A>r<256>R<LYS> 53.096001 91.532997 25.583000
c<A>r<257>R<ASP> 54.847000 91.900002 22.229000
c<A>r<258>R<SER> 57.162998 89.016998 23.097000
c<A>r<259>R<PRO> 59.119999 87.208000 20.389999
c<A>r<260>R<TRP> 57.992001 83.834999 21.756001
c<B>r<117>R<ILE> 70.008003 88.551003 36.068001
c<B>r<118>R<ASN> 69.184998 86.945000 39.433998
c<B>r<119>R<GLU> 66.237999 86.802002 41.842999
c<B>r<120>R<GLU> 67.591003 89.237000 44.438000
c<B>r<121>R<ARG> 68.252998 91.888000 41.804001
c<B>r<122>R<SER> 64.913002 91.350998 40.070999
c<B>r<123>R<GLU> 63.167999 92.343002 43.304001
c<B>r<124>R<VAL> 64.531998 95.889999 43.060001
c<B>r<125>R<VAL> 65.101997 96.466003 39.331001
c<B>r<126>R<ASP> 63.438000 95.348999 36.112999
c<B>r<127>R<PHE> 65.513000 93.518997 33.505001
c<B>r<128>R<SER> 65.249001 93.375000 29.732000
c<B>r<129>R<VAL> 65.050003 89.935997 28.153999
c<B>r<130>R<PRO> 68.419998 88.168999 28.400999
c<B>r<131>R<PHE> 70.760002 88.685997 25.448000
c<B>r<132>R<VAL> 73.870003 86.706001 26.493000
c<B>r<133>R<GLU> 73.535004 83.321999 28.171000
c<B>r<134>R<THR> 75.530998 82.675003 31.308001
c<B>r<135>R<GLY> 75.723000 80.875999 34.629002
c<B>r<149>R<LEU> 81.440002 71.568001 40.861000
c<B>r<150>R<SER> 80.072998 68.272003 42.186001
c<B>r<151>R<ASP> 83.509003 66.694000 41.610001
c<B>r<152>R<LYS> 85.077003 65.224998 44.764999
c<B>r<155>R<GLN> 83.242996 68.583000 47.681000
c<B>r<177>R<ASN> 74.917000 81.551003 44.441002
c<B>r<178>R<ILE> 77.560997 79.665001 46.403999
c<B>r<180>R<ASN> 73.394997 81.261002 49.701000
c<B>r<181>R<ASN> 73.397003 77.489998 49.223999
c<B>r<182>R<TYR> 76.686996 75.817001 50.193001
c<B>r<237>R<GLY> 76.430000 71.692001 36.620998
c<B>r<238>R<TYR> 74.709000 74.196999 38.910999
c<B>r<239>R<ILE> 71.694000 74.537003 36.625000
c<B>r<240>R<PHE> 69.820999 76.484001 39.306999
c<B>r<241>R<ALA> 72.325996 79.260002 38.516998
c<B>r<242>R<THR> 71.762001 79.308998 34.737999
c<B>r<243>R<THR> 70.612000 82.738998 33.610001
c<B>r<244>R<GLY> 71.750000 85.522003 31.304001
c<B>r<245>R<TYR> 72.919998 89.111000 31.016001
c<B>r<246>R<GLY> 70.181999 91.697998 30.909000
c<B>r<247>R<ILE> 69.867996 95.463997 30.797001
c<B>r<248>R<ALA> 68.647003 96.752998 34.154999
c<B>r<249>R<LEU> 65.982002 99.453003 34.306000
c<B>r<250>R<GLN> 64.123001 101.112999 37.155998
c<B>r<251>R<LYS> 61.409000 98.994003 38.761002
c<B>r<252>R<GLY> 58.265999 99.583000 36.703999
c<B>r<253>R<SER> 60.230000 101.408997 33.997002
c<B>r<256>R<LYS> 61.528999 97.889999 29.257999
c<B>r<257>R<ARG> 58.895000 97.293999 26.573999
c<B>r<258>R<GLN> 60.749001 99.240997 23.893000
c<B>r<260>R<ASP> 62.882999 94.387001 24.643000
c<B>r<261>R<LEU> 61.307999 94.950996 21.215000
c<B>r<263>R<LEU> 66.628998 93.334999 21.295000
c<B>r<264>R<LEU> 64.107002 90.921997 19.774000
c<B>r<265>R<GLN> 64.392998 92.755997 16.452000
c<B>r<267>R<VAL> 67.994003 88.676003 17.333000
c<B>r<268>R<GLY> 65.488998 87.986000 14.575000
