c<A>r<4>R<THR> 70.521004 84.251999 26.275999
c<A>r<5>R<ARG> 68.945999 81.900002 28.827999
c<A>r<7>R<LYS> 64.316002 83.085999 33.058998
c<A>r<21>R<PRO> 65.091003 68.867996 48.122002
c<A>r<22>R<THR> 68.220001 67.860001 46.256001
c<A>r<23>R<MET> 70.170998 64.887001 47.589001
c<A>r<24>R<SER> 73.125000 65.539001 49.882999
c<A>r<25>R<ASP> 75.440002 65.766998 46.855999
c<A>r<26>R<GLY> 73.278000 68.372002 45.136002
c<A>r<27>R<THR> 71.830002 66.119003 42.433998
c<A>r<28>R<CYS> 68.218002 65.012001 41.977001
c<A>r<29>R<LYS> 67.136002 61.511002 42.998001
c<A>r<30>R<GLU> 66.797997 59.103001 40.077999
c<A>r<41>R<LYS> 64.208000 66.707001 36.666000
c<A>r<42>R<VAL> 65.367996 70.307999 36.520000
c<A>r<43>R<ILE> 67.093002 72.411003 39.136002
c<A>r<44>R<CYS> 64.794998 75.168999 40.372002
c<A>r<45>R<THR> 66.023003 77.757004 42.849998
c<A>r<46>R<GLY> 63.591000 79.205002 45.349998
c<A>r<47>R<PRO> 62.506001 79.595001 48.980000
c<A>r<48>R<ASN> 62.629002 76.403000 51.048000
c<A>r<57>R<HIS> 66.202003 80.636002 52.651001
c<A>r<58>R<THR> 66.515999 80.392998 48.868000
c<A>r<59>R<VAL> 68.285004 77.266998 47.625000
c<A>r<60>R<PRO> 68.544998 74.899002 44.634998
c<A>r<61>R<GLN> 65.742996 72.320999 44.647999
c<A>r<62>R<CYS> 64.490997 69.615997 42.269001
c<A>r<81>R<THR> 68.000000 77.525002 26.933001
c<A>r<83>R<GLU> 66.976997 78.652000 34.117001
c<A>r<84>R<VAL> 64.041000 77.897003 36.418999
c<A>r<85>R<HIS> 63.157001 79.541000 39.702000
c<A>r<87>R<VAL> 58.174000 82.566002 42.566002
c<A>r<88>R<ALA> 59.598999 84.383003 45.597000
c<A>r<89>R<ASP> 56.307999 85.236000 47.289001
c<A>r<90>R<GLY> 54.776001 81.852997 46.438999
c<A>r<91>R<LYS> 51.702000 83.346001 44.733002
c<A>r<92>R<PHE> 50.138000 83.109001 41.275002
c<A>r<93>R<GLY> 49.250000 86.785004 40.985001
c<A>r<94>R<THR> 46.681000 89.539001 41.515999
c<A>r<95>R<GLN> 46.904999 93.337997 41.187000
c<A>r<96>R<GLU> 46.883999 95.223999 44.485001
c<A>r<97>R<ARG> 47.713001 98.595001 45.980000
c<A>r<98>R<VAL> 51.216000 98.625999 47.439999
c<A>r<99>R<ASN> 53.146000 100.502998 50.105000
c<A>r<100>R<ASN> 49.962002 101.902000 51.652000
c<A>r<101>R<SER> 49.471001 104.068001 48.562000
c<A>r<103>R<LYS> 49.853001 102.724998 43.247002
c<A>r<104>R<LYS> 48.924999 99.249001 42.013000
c<A>r<105>R<GLU> 51.328999 96.450996 41.180000
c<A>r<106>R<TRP> 51.008999 92.766998 40.444000
c<A>r<107>R<ASN> 52.299999 90.219002 42.938000
c<A>r<108>R<GLY> 53.212002 86.553001 42.384998
c<A>r<109>R<MET> 54.411999 85.211998 39.042000
c<A>r<110>R<MET> 52.514000 87.997002 37.269001
c<A>r<111>R<GLY> 54.605000 90.615997 39.070999
c<A>r<112>R<GLU> 57.856998 88.814003 38.323002
c<A>r<177>R<LYS> 45.202000 84.160004 48.463001
c<A>r<178>R<GLN> 46.304001 86.258003 45.473000
c<A>r<204>R<GLU> 48.811001 80.967003 51.403000
c<B>r<13>R<THR> 71.932999 83.031998 58.682999
c<B>r<14>R<LEU> 71.411003 81.820000 55.106998
c<B>r<15>R<GLU> 70.720001 78.364998 53.731998
c<B>r<16>R<GLU> 73.619003 76.644997 51.939999
c<B>r<17>R<ALA> 74.141998 72.916000 52.523998
c<B>r<18>R<PRO> 75.961998 71.448997 54.363998
c<B>r<20>R<VAL> 73.094002 75.621002 56.945999
c<B>r<21>R<ILE> 70.121002 73.421997 56.073002
c<B>r<22>R<VAL> 66.525002 74.563004 56.527000
c<B>r<23>R<GLU> 63.466000 72.413002 57.222000
c<B>r<24>R<ASP> 59.787998 73.083000 57.884998
c<B>r<40>R<ARG> 62.466000 82.156998 61.595001
c<B>r<41>R<LYS> 62.021000 83.904999 58.271000
c<B>r<43>R<VAL> 57.778000 85.892998 54.398998
c<B>r<44>R<LYS> 55.693001 88.332001 52.324001
c<B>r<45>R<ILE> 51.926998 87.900002 51.904999
c<B>r<46>R<ASN> 52.146999 88.765999 48.209000
c<B>r<47>R<ASN> 54.509998 90.216003 45.619999
c<B>r<48>R<SER> 53.057999 93.725998 45.886002
c<B>r<49>R<THR> 53.410000 95.052002 49.451000
c<B>r<50>R<ASN> 55.810001 94.944000 52.397999
c<B>r<51>R<GLU> 53.250000 92.991997 54.397999
c<B>r<52>R<GLY> 54.471001 89.696999 55.750000
c<B>r<57>R<LYS> 61.313999 76.858002 60.647999
c<B>r<81>R<TYR> 66.566002 84.332001 61.576000
c<B>r<82>R<LEU> 67.026001 83.856003 57.827000
c<B>r<83>R<VAL> 67.998001 86.697998 55.491001
c<B>r<84>R<THR> 65.195000 87.886002 53.188999
c<B>r<85>R<ASN> 66.867996 90.339996 50.803001
c<B>r<86>R<GLY> 69.990997 89.126999 49.057999
c<B>r<87>R<LYS> 72.189003 86.206001 50.033001
c<B>r<190>R<THR> 77.698997 86.389999 32.755001
c<B>r<191>R<ARG> 76.458000 84.585999 29.629999
c<B>r<192>R<PHE> 76.505997 81.459000 31.797001
c<B>r<193>R<ASN> 75.237000 82.782997 35.143002
c<B>r<194>R<GLN> 73.749001 79.995003 37.278000
c<B>r<195>R<ARG> 70.730003 80.487000 39.555000
c<B>r<196>R<GLY> 72.245003 78.213997 42.178001
c<B>r<197>R<VAL> 74.656998 75.378998 42.933998
c<B>r<198>R<GLU> 72.202003 72.552002 42.207001
c<B>r<199>R<ASP> 71.322998 74.110001 38.837002
c<B>r<200>R<ALA> 75.023003 74.248001 37.914001
c<B>r<201>R<LEU> 75.750000 70.650002 38.924000
c<B>r<202>R<VAL> 72.957001 69.386002 36.666000
c<B>r<203>R<SER> 74.303001 71.448997 33.762001
c<B>r<205>R<LYS> 76.639999 66.205002 34.485001
c<B>r<208>R<LYS> 75.366997 71.598999 29.114000
c<B>r<219>R<LEU> 82.582001 72.598000 45.592999
c<B>r<221>R<TYR> 81.925003 69.061996 49.500000
c<B>r<222>R<LYS> 79.693001 68.514000 46.470001
c<B>r<223>R<ALA> 82.355003 66.606003 44.546001
c<B>r<224>R<GLY> 82.971001 64.456001 47.609001
c<B>r<225>R<ARG> 79.519997 62.888000 47.619999
c<B>r<226>R<ASP> 78.100998 63.369999 44.138000
c<B>r<227>R<GLU> 75.739998 60.546001 43.223000
c<B>r<228>R<GLY> 77.905998 58.431000 40.952000
c<B>r<229>R<CYS> 81.012001 60.515999 41.674999
c<B>r<282>R<GLY> 83.694000 63.028999 51.328999
