c<A>r<125>R<LEU> 48.466999 79.639999 35.303001
c<A>r<126>R<THR> 44.848000 80.553001 34.680000
c<A>r<127>R<ILE> 44.008999 82.611000 31.611000
c<A>r<128>R<ASN> 41.653000 85.427002 32.657001
c<A>r<129>R<ASN> 40.719002 88.889999 31.372000
c<A>r<130>R<GLU> 42.368000 90.837997 34.188000
c<A>r<131>R<ARG> 45.777000 89.295998 33.495998
c<A>r<132>R<ALA> 45.358002 89.488998 29.715000
c<A>r<133>R<GLN> 45.180000 93.282997 30.042999
c<A>r<134>R<TYR> 48.827000 93.223000 31.173000
c<A>r<135>R<ILE> 50.446999 90.110001 29.684000
c<A>r<136>R<GLU> 50.060001 87.735001 26.757000
c<A>r<137>R<PHE> 48.937000 84.121002 27.070000
c<A>r<138>R<SER> 49.514999 81.195000 24.756001
c<A>r<139>R<LYS> 46.466000 79.222000 23.676001
c<A>r<140>R<PRO> 45.502998 76.866997 26.542000
c<A>r<143>R<TYR> 41.321999 72.824997 29.625000
c<A>r<144>R<GLN> 39.835999 72.717003 33.124001
c<A>r<145>R<GLY> 37.735001 74.742996 35.555000
c<A>r<160>R<ASN> 25.052000 76.867996 45.123001
c<A>r<184>R<TYR> 36.820999 85.331001 40.299000
c<A>r<185>R<PHE> 34.904999 85.913002 43.533001
c<A>r<186>R<ARG> 36.108002 89.481003 44.134998
c<A>r<187>R<ARG> 34.950001 90.796997 40.757999
c<A>r<188>R<GLN> 31.372999 89.513000 41.009998
c<A>r<189>R<VAL> 28.747999 91.414001 43.014000
c<A>r<190>R<GLU> 26.541000 88.317001 43.198002
c<A>r<191>R<LEU> 29.358000 86.518997 45.021999
c<A>r<192>R<SER> 29.982000 89.324997 47.539001
c<A>r<193>R<THR> 28.704000 87.344002 50.527000
c<A>r<196>R<ARG> 33.556000 88.348000 52.323002
c<A>r<244>R<LEU> 32.749001 72.132004 37.367001
c<A>r<245>R<PHE> 30.943001 75.424004 38.021999
c<A>r<246>R<PHE> 33.208000 77.428001 35.723000
c<A>r<247>R<ARG> 35.551998 76.573997 32.855999
c<A>r<248>R<SER> 38.959999 78.080002 32.201000
c<A>r<249>R<GLY> 42.282001 77.121002 30.712999
c<A>r<250>R<PHE> 45.914001 77.170998 31.788000
c<A>r<251>R<GLY> 48.318001 78.997002 29.510000
c<A>r<252>R<ILE> 51.980000 79.968002 29.232000
c<A>r<253>R<GLY> 52.499001 83.608002 30.197001
c<A>r<254>R<MET> 54.791000 86.095001 28.443001
c<A>r<256>R<LYS> 53.096001 91.532997 25.583000
c<A>r<257>R<ASP> 54.847000 91.900002 22.229000
c<A>r<261>R<LYS> 54.171001 84.032997 21.618000
c<A>r<262>R<GLN> 53.563999 82.680000 18.105000
c<A>r<265>R<SER> 51.249001 78.524002 20.688000
c<B>r<116>R<THR> 26.136999 93.761002 35.304001
c<B>r<117>R<ILE> 26.546000 90.698997 37.505001
c<B>r<118>R<ASN> 24.840000 91.047997 40.903000
c<B>r<119>R<GLU> 23.478001 88.752998 43.622002
c<B>r<120>R<GLU> 19.780001 89.156998 42.814999
c<B>r<121>R<ARG> 20.341000 88.279999 39.165001
c<B>r<122>R<SER> 22.639999 85.361000 39.964001
c<B>r<123>R<GLU> 19.767000 83.719002 41.845001
c<B>r<126>R<ASP> 23.912001 81.842003 35.512001
c<B>r<127>R<PHE> 26.681000 84.217003 34.438000
c<B>r<128>R<SER> 29.879000 83.636002 32.500000
c<B>r<129>R<VAL> 33.099998 84.815002 34.106998
c<B>r<130>R<PRO> 33.280998 88.623001 34.071999
c<B>r<131>R<PHE> 34.985001 90.153000 31.035999
c<B>r<132>R<VAL> 34.680000 93.912003 31.715000
c<B>r<133>R<GLU> 35.243999 95.301003 35.198002
c<B>r<134>R<THR> 32.695000 97.704002 36.601002
c<B>r<135>R<GLY> 30.952999 99.036003 39.681999
c<B>r<173>R<SER> 22.166000 97.727997 39.111000
c<B>r<177>R<ASN> 22.733000 99.085999 45.141998
c<B>r<239>R<ILE> 33.544998 98.487000 46.987000
c<B>r<240>R<PHE> 30.615000 96.248001 47.935001
c<B>r<241>R<ALA> 29.281000 97.155998 44.472000
c<B>r<242>R<THR> 32.430000 96.221001 42.520000
c<B>r<243>R<THR> 31.656000 93.552002 39.944000
c<B>r<244>R<GLY> 31.792999 93.075996 36.187000
c<B>r<245>R<TYR> 29.834999 92.491997 33.000000
c<B>r<246>R<GLY> 28.976000 88.894997 32.271000
c<B>r<252>R<GLY> 22.003000 75.426003 35.047001
c<B>r<256>R<LYS> 28.424999 78.269997 30.617001
c<B>r<257>R<ARG> 31.406000 75.900002 30.618000
c<B>r<258>R<GLN> 32.183998 76.391998 26.934000
c<B>r<259>R<ILE> 31.496000 80.128998 26.938999
c<B>r<260>R<ASP> 33.880001 80.528000 29.882999
c<B>r<261>R<LEU> 36.638000 78.503998 28.194000
c<B>r<262>R<ALA> 36.384998 80.739998 25.124001
c<B>r<263>R<LEU> 36.526001 83.961998 27.132999
c<B>r<264>R<LEU> 39.544998 82.626999 29.031000
c<B>r<265>R<GLN> 41.183998 81.705002 25.723000
c<B>r<266>R<PHE> 40.653000 85.262001 24.424999
c<B>r<267>R<VAL> 42.087002 86.816002 27.580999
c<B>r<268>R<GLY> 45.157001 84.594002 27.551001
c<B>r<269>R<ASP> 45.935001 85.043999 23.848000
c<B>r<270>R<GLY> 45.611000 88.818001 23.909000
c<B>r<271>R<GLU> 42.455002 88.889000 21.801001
c<B>r<272>R<MET> 40.580002 90.598999 24.628000
c<B>r<273>R<GLU> 43.395000 93.163002 24.889000
c<B>r<274>R<GLU> 42.985001 93.962997 21.191999
c<B>r<276>R<GLU> 39.688000 96.792999 24.527000
c<B>r<277>R<THR> 42.102001 98.862999 22.445999
