c<A>r<7>R<LYS> 64.316002 83.085999 33.058998
c<A>r<45>R<THR> 66.023003 77.757004 42.849998
c<A>r<46>R<GLY> 63.591000 79.205002 45.349998
c<A>r<47>R<PRO> 62.506001 79.595001 48.980000
c<A>r<48>R<ASN> 62.629002 76.403000 51.048000
c<A>r<57>R<HIS> 66.202003 80.636002 52.651001
c<A>r<58>R<THR> 66.515999 80.392998 48.868000
c<A>r<59>R<VAL> 68.285004 77.266998 47.625000
c<A>r<60>R<PRO> 68.544998 74.899002 44.634998
c<A>r<83>R<GLU> 66.976997 78.652000 34.117001
c<A>r<84>R<VAL> 64.041000 77.897003 36.418999
c<A>r<85>R<HIS> 63.157001 79.541000 39.702000
c<A>r<86>R<LEU> 60.193001 79.367996 42.078999
c<A>r<87>R<VAL> 58.174000 82.566002 42.566002
c<A>r<88>R<ALA> 59.598999 84.383003 45.597000
c<A>r<89>R<ASP> 56.307999 85.236000 47.289001
c<A>r<90>R<GLY> 54.776001 81.852997 46.438999
c<A>r<95>R<GLN> 46.904999 93.337997 41.187000
c<A>r<96>R<GLU> 46.883999 95.223999 44.485001
c<A>r<97>R<ARG> 47.713001 98.595001 45.980000
c<A>r<98>R<VAL> 51.216000 98.625999 47.439999
c<A>r<99>R<ASN> 53.146000 100.502998 50.105000
c<A>r<100>R<ASN> 49.962002 101.902000 51.652000
c<A>r<101>R<SER> 49.471001 104.068001 48.562000
c<A>r<102>R<ASN> 47.145000 104.100998 45.549999
c<A>r<103>R<LYS> 49.853001 102.724998 43.247002
c<A>r<104>R<LYS> 48.924999 99.249001 42.013000
c<A>r<105>R<GLU> 51.328999 96.450996 41.180000
c<A>r<106>R<TRP> 51.008999 92.766998 40.444000
c<A>r<107>R<ASN> 52.299999 90.219002 42.938000
c<A>r<108>R<GLY> 53.212002 86.553001 42.384998
c<A>r<111>R<GLY> 54.605000 90.615997 39.070999
c<A>r<112>R<GLU> 57.856998 88.814003 38.323002
c<A>r<113>R<LEU> 57.064999 88.540001 34.615002
c<A>r<114>R<LEU> 56.133999 92.233002 34.370998
c<A>r<115>R<SER> 59.247002 93.355003 36.271999
c<A>r<116>R<GLY> 61.646999 91.258003 34.223000
c<A>r<117>R<GLN> 62.549000 88.867996 37.061001
c<A>r<118>R<ALA> 61.061001 86.261002 34.723000
c<A>r<129>R<ASN> 40.719002 88.889999 31.372000
c<A>r<130>R<GLU> 42.368000 90.837997 34.188000
c<A>r<134>R<TYR> 48.827000 93.223000 31.173000
c<A>r<135>R<ILE> 50.446999 90.110001 29.684000
c<A>r<136>R<GLU> 50.060001 87.735001 26.757000
c<A>r<183>R<ILE> 39.678001 87.406998 41.707001
c<A>r<184>R<TYR> 36.820999 85.331001 40.299000
c<A>r<185>R<PHE> 34.904999 85.913002 43.533001
c<A>r<186>R<ARG> 36.108002 89.481003 44.134998
c<A>r<187>R<ARG> 34.950001 90.796997 40.757999
c<A>r<188>R<GLN> 31.372999 89.513000 41.009998
c<A>r<189>R<VAL> 28.747999 91.414001 43.014000
c<A>r<254>R<MET> 54.791000 86.095001 28.443001
c<A>r<255>R<ARG> 55.118999 89.887001 28.337000
c<A>r<256>R<LYS> 53.096001 91.532997 25.583000
c<A>r<257>R<ASP> 54.847000 91.900002 22.229000
c<A>r<258>R<SER> 57.162998 89.016998 23.097000
c<B>r<13>R<THR> 51.896999 111.708000 43.257000
c<B>r<14>R<LEU> 52.339001 108.408997 45.115002
c<B>r<15>R<GLU> 52.235001 107.607002 48.810001
c<B>r<16>R<GLU> 55.590000 106.882004 50.479000
c<B>r<17>R<ALA> 56.206001 108.276001 53.971001
c<B>r<20>R<VAL> 53.939999 111.740997 50.680000
c<B>r<21>R<ILE> 51.421001 110.662003 53.312000
c<B>r<22>R<VAL> 47.754002 110.065002 52.516998
c<B>r<40>R<ARG> 42.089001 112.525002 44.662998
c<B>r<41>R<LYS> 42.344002 108.913002 43.571999
c<B>r<42>R<PHE> 40.337002 106.996002 40.985001
c<B>r<43>R<VAL> 39.040001 103.875999 42.761002
c<B>r<45>R<ILE> 33.845001 99.788002 41.873001
c<B>r<46>R<ASN> 34.895000 96.140999 41.634998
c<B>r<47>R<ASN> 37.709999 93.920998 40.397999
c<B>r<48>R<SER> 36.005001 93.170998 37.077999
c<B>r<49>R<THR> 35.393002 96.399002 35.129002
c<B>r<81>R<TYR> 45.915001 113.011002 42.082001
c<B>r<82>R<LEU> 47.299999 109.625999 43.140999
c<B>r<83>R<VAL> 48.615002 107.066002 40.652000
c<B>r<84>R<THR> 46.379002 104.007004 40.195000
c<B>r<85>R<ASN> 48.410000 101.630997 38.016998
c<B>r<86>R<GLY> 51.937000 100.902000 39.158001
c<B>r<87>R<LYS> 54.025002 102.892998 41.605999
c<B>r<88>R<HIS> 56.999001 105.148003 40.873001
c<B>r<89>R<GLY> 57.438999 103.974998 37.301998
c<B>r<90>R<LYS> 58.340000 100.942001 35.223000
c<B>r<91>R<LYS> 58.171001 100.028999 31.552999
c<B>r<92>R<VAL> 55.952999 96.934998 31.466000
c<B>r<93>R<ASN> 55.294998 95.240997 28.124001
c<B>r<94>R<ASN> 56.789001 98.307999 26.441000
c<B>r<95>R<VAL> 54.398998 100.653000 28.260000
c<B>r<97>R<ASN> 53.151001 102.761002 34.313999
c<B>r<98>R<GLY> 53.275002 104.571999 37.666000
c<B>r<99>R<MET> 54.071999 108.271004 38.023998
c<B>r<157>R<PRO> 74.880997 83.827003 49.860001
c<B>r<158>R<HIS> 74.911003 80.022003 49.675999
c<B>r<161>R<SER> 74.170998 78.211998 56.688000
c<B>r<162>R<PRO> 71.417999 79.223999 56.282001
c<B>r<163>R<PRO> 71.824997 81.032997 52.929001
c<B>r<164>R<PHE> 71.966003 84.807999 53.418999
c<B>r<165>R<ARG> 68.449997 86.195999 53.002998
c<B>r<166>R<PHE> 68.143997 89.542000 51.235001
c<B>r<167>R<GLY> 65.657997 91.274002 48.953999
c<B>r<169>R<VAL> 60.577999 95.817001 46.813999
c<B>r<170>R<PRO> 60.304001 95.044998 43.088001
c<B>r<171>R<ASN> 59.613998 97.280998 40.091000
c<B>r<172>R<GLY> 61.520000 100.365997 41.217999
c<B>r<175>R<GLU> 65.598000 96.503998 41.303001
c<B>r<176>R<ARG> 66.389999 98.025002 37.898998
c<B>r<179>R<ARG> 68.683998 93.432999 37.305000
c<B>r<180>R<ASN> 70.512001 95.427002 34.603001
c<B>r<183>R<PRO> 71.857002 88.802002 36.896999
c<B>r<186>R<HIS> 68.837997 89.707001 40.929001
c<B>r<187>R<GLN> 67.500000 86.182999 40.429001
c<B>r<188>R<TYR> 68.678001 85.148003 43.890999
c<B>r<189>R<MET> 66.917999 88.183998 45.384998
c<B>r<190>R<THR> 63.526001 87.598000 43.779999
c<B>r<191>R<ARG> 63.202999 84.682999 46.220001
c<B>r<192>R<PHE> 62.935001 87.365997 48.903999
c<B>r<193>R<ASN> 60.807999 90.019997 47.174999
c<B>r<194>R<GLN> 59.037998 92.262001 49.702000
c<B>r<195>R<ARG> 55.532001 93.661003 49.165001
c<B>r<196>R<GLY> 56.516998 96.946999 50.771999
c<B>r<197>R<VAL> 58.859001 98.758003 53.150002
c<B>r<198>R<GLU> 56.848999 98.056999 56.313999
c<B>r<199>R<ASP> 56.709000 94.339996 55.464001
c<B>r<208>R<LYS> 63.144001 86.450996 59.143002
c<B>r<209>R<LEU> 65.214996 88.527000 56.708000
