c<A>r<14>R<GLU> 51.226002 69.016998 42.221001
c<A>r<19>R<VAL> 59.347000 70.504997 44.363998
c<A>r<20>R<LYS> 61.755001 68.371002 46.400002
c<A>r<21>R<PRO> 65.091003 68.867996 48.122002
c<A>r<22>R<THR> 68.220001 67.860001 46.256001
c<A>r<23>R<MET> 70.170998 64.887001 47.589001
c<A>r<24>R<SER> 73.125000 65.539001 49.882999
c<A>r<25>R<ASP> 75.440002 65.766998 46.855999
c<A>r<26>R<GLY> 73.278000 68.372002 45.136002
c<A>r<27>R<THR> 71.830002 66.119003 42.433998
c<A>r<29>R<LYS> 67.136002 61.511002 42.998001
c<A>r<45>R<THR> 66.023003 77.757004 42.849998
c<A>r<46>R<GLY> 63.591000 79.205002 45.349998
c<A>r<47>R<PRO> 62.506001 79.595001 48.980000
c<A>r<48>R<ASN> 62.629002 76.403000 51.048000
c<A>r<57>R<HIS> 66.202003 80.636002 52.651001
c<A>r<58>R<THR> 66.515999 80.392998 48.868000
c<A>r<59>R<VAL> 68.285004 77.266998 47.625000
c<A>r<60>R<PRO> 68.544998 74.899002 44.634998
c<A>r<61>R<GLN> 65.742996 72.320999 44.647999
c<A>r<62>R<CYS> 64.490997 69.615997 42.269001
c<A>r<86>R<LEU> 60.193001 79.367996 42.078999
c<A>r<87>R<VAL> 58.174000 82.566002 42.566002
c<A>r<88>R<ALA> 59.598999 84.383003 45.597000
c<A>r<89>R<ASP> 56.307999 85.236000 47.289001
c<A>r<90>R<GLY> 54.776001 81.852997 46.438999
c<A>r<91>R<LYS> 51.702000 83.346001 44.733002
c<A>r<93>R<GLY> 49.250000 86.785004 40.985001
c<A>r<94>R<THR> 46.681000 89.539001 41.515999
c<A>r<95>R<GLN> 46.904999 93.337997 41.187000
c<A>r<96>R<GLU> 46.883999 95.223999 44.485001
c<A>r<97>R<ARG> 47.713001 98.595001 45.980000
c<A>r<98>R<VAL> 51.216000 98.625999 47.439999
c<A>r<99>R<ASN> 53.146000 100.502998 50.105000
c<A>r<100>R<ASN> 49.962002 101.902000 51.652000
c<A>r<101>R<SER> 49.471001 104.068001 48.562000
c<A>r<103>R<LYS> 49.853001 102.724998 43.247002
c<A>r<104>R<LYS> 48.924999 99.249001 42.013000
c<A>r<105>R<GLU> 51.328999 96.450996 41.180000
c<A>r<106>R<TRP> 51.008999 92.766998 40.444000
c<A>r<107>R<ASN> 52.299999 90.219002 42.938000
c<A>r<108>R<GLY> 53.212002 86.553001 42.384998
c<A>r<109>R<MET> 54.411999 85.211998 39.042000
c<A>r<110>R<MET> 52.514000 87.997002 37.269001
c<A>r<111>R<GLY> 54.605000 90.615997 39.070999
c<A>r<112>R<GLU> 57.856998 88.814003 38.323002
c<A>r<113>R<LEU> 57.064999 88.540001 34.615002
c<A>r<114>R<LEU> 56.133999 92.233002 34.370998
c<A>r<115>R<SER> 59.247002 93.355003 36.271999
c<A>r<116>R<GLY> 61.646999 91.258003 34.223000
c<A>r<117>R<GLN> 62.549000 88.867996 37.061001
c<A>r<177>R<LYS> 45.202000 84.160004 48.463001
c<A>r<178>R<GLN> 46.304001 86.258003 45.473000
c<A>r<200>R<LYS> 38.846001 85.835999 56.410000
c<A>r<201>R<HIS> 40.009998 82.272003 55.764000
c<A>r<203>R<TYR> 45.303001 80.120003 52.610001
c<A>r<204>R<GLU> 48.811001 80.967003 51.403000
c<A>r<205>R<SER> 49.054001 77.864998 49.194000
c<A>r<206>R<ALA> 46.918999 75.091003 47.762001
c<A>r<207>R<ALA> 48.859001 72.407997 49.632999
c<A>r<208>R<GLU> 48.116001 74.037003 52.974998
c<A>r<209>R<ALA> 44.403999 74.339996 52.167999
c<A>r<210>R<ILE> 44.208000 70.696999 51.066002
c<A>r<211>R<GLN> 45.945000 69.582001 54.258999
c<A>r<212>R<ALA> 43.495998 71.703003 56.282001
c<A>r<213>R<VAL> 40.522999 69.918999 54.686001
c<A>r<214>R<ARG> 42.144001 66.573997 55.507000
c<A>r<215>R<ASP> 42.678001 67.707001 59.125000
c<A>r<217>R<LYS> 40.261002 72.583000 59.928001
c<A>r<218>R<LEU> 38.764000 73.748001 56.619999
c<B>r<18>R<PRO> 70.087997 84.058998 59.397999
c<B>r<19>R<PHE> 66.648003 85.601997 59.853001
c<B>r<62>R<PHE> 66.964996 88.832001 56.676998
c<B>r<70>R<LEU> 58.582001 98.103996 55.935001
c<B>r<72>R<ARG> 60.710999 103.012001 55.445999
c<B>r<73>R<THR> 57.884998 102.210999 53.040001
c<B>r<74>R<VAL> 54.903999 102.226997 55.417999
c<B>r<75>R<LYS> 56.481998 105.158997 57.286999
c<B>r<117>R<ILE> 52.104000 80.260002 59.578999
c<B>r<118>R<ASN> 49.839001 77.408997 60.729000
c<B>r<119>R<GLU> 46.130001 76.847000 61.390999
c<B>r<120>R<GLU> 46.275002 76.963997 65.194000
c<B>r<122>R<SER> 45.852001 81.778999 62.480999
c<B>r<123>R<GLU> 42.893002 81.316002 64.829002
c<B>r<126>R<ASP> 46.383999 87.504997 61.618000
c<B>r<127>R<PHE> 49.340000 86.874001 59.312000
c<B>r<128>R<SER> 50.757000 88.883003 56.435001
c<B>r<129>R<VAL> 51.172001 87.086998 53.125000
c<B>r<130>R<PRO> 54.036999 84.579002 53.328999
c<B>r<131>R<PHE> 57.451000 85.906998 52.306999
c<B>r<132>R<VAL> 59.726002 82.874001 52.865002
c<B>r<133>R<GLU> 58.590000 79.394997 51.875999
c<B>r<134>R<THR> 58.983002 76.602997 54.383999
c<B>r<135>R<GLY> 57.644001 73.328003 55.717999
c<B>r<136>R<ILE> 59.220001 70.210999 57.198002
c<B>r<137>R<SER> 62.558998 68.938004 55.958000
c<B>r<138>R<VAL> 65.009003 66.232002 56.993000
c<B>r<139>R<MET> 68.726997 66.806000 57.446999
c<B>r<140>R<VAL> 71.251999 63.958000 57.382999
c<B>r<141>R<SER> 75.012001 63.507999 57.061001
c<B>r<142>R<ARG> 76.092003 63.598999 53.421001
c<B>r<143>R<GLY> 76.019997 59.995998 52.256001
c<B>r<144>R<THR> 73.053001 58.828999 54.328999
c<B>r<145>R<GLN> 70.115997 57.625000 52.227001
c<B>r<146>R<VAL> 66.497002 58.535000 53.050999
c<B>r<147>R<THR> 63.574001 59.235001 50.703999
c<B>r<148>R<GLY> 61.782001 61.492001 53.161999
c<B>r<180>R<ASN> 48.938999 66.134003 65.975998
c<B>r<181>R<ASN> 49.041000 63.421001 63.317001
c<B>r<215>R<ASP> 61.958000 73.931000 59.563000
c<B>r<216>R<ALA> 62.824001 73.684998 55.866001
c<B>r<217>R<ALA> 64.003998 77.283997 55.443001
c<B>r<218>R<VAL> 66.567001 76.966003 58.214001
c<B>r<219>R<LEU> 67.734001 73.487999 57.209000
c<B>r<220>R<ASN> 68.147003 74.547997 53.577000
c<B>r<221>R<TYR> 70.245003 77.473999 54.758999
c<B>r<222>R<LYS> 72.420998 75.442001 57.125000
c<B>r<223>R<ALA> 73.155998 72.758003 54.541000
c<B>r<224>R<GLY> 74.049004 75.466003 52.041000
c<B>r<229>R<CYS> 79.581001 70.718002 53.237000
c<B>r<230>R<LYS> 78.939003 67.578003 55.285000
c<B>r<231>R<LEU> 75.153999 68.026001 55.505001
c<B>r<232>R<VAL> 72.300003 67.189003 53.138000
c<B>r<233>R<THR> 68.690002 68.337997 53.405998
c<B>r<234>R<ILE> 65.723000 66.693001 51.705002
c<B>r<235>R<GLY> 62.013000 67.441002 51.820999
c<B>r<236>R<SER> 59.903000 65.408997 54.240002
c<B>r<237>R<GLY> 57.134998 64.804001 51.730999
c<B>r<238>R<TYR> 54.655998 66.037003 54.341999
c<B>r<239>R<ILE> 52.964001 68.422997 51.917999
c<B>r<240>R<PHE> 50.160999 69.047997 54.416000
c<B>r<241>R<ALA> 52.838001 70.933998 56.384998
c<B>r<242>R<THR> 53.993999 73.186996 53.523998
c<B>r<243>R<THR> 53.557999 76.836998 54.444000
c<B>r<244>R<GLY> 55.674000 79.949997 54.881001
c<B>r<246>R<GLY> 54.618999 85.487999 57.876999
c<B>r<252>R<GLY> 41.605000 92.028000 62.935001
c<B>r<255>R<TRP> 47.838001 97.141998 59.426998
c<B>r<257>R<ARG> 46.555000 95.533997 54.483002
c<B>r<258>R<GLN> 49.455002 97.984001 54.373001
c<B>r<259>R<ILE> 52.081001 95.444000 55.417000
c<B>r<260>R<ASP> 50.898998 93.129997 52.632000
c<B>r<261>R<LEU> 51.008999 95.892998 50.002998
c<B>r<262>R<ALA> 54.608002 96.662003 50.978001
c<B>r<263>R<LEU> 55.703999 93.027000 50.826000
c<B>r<264>R<LEU> 54.037998 92.683998 47.418999
c<B>r<265>R<GLN> 55.807999 95.847000 46.263000
c<B>r<266>R<PHE> 59.178001 94.403999 47.348999
c<B>r<267>R<VAL> 58.535999 91.106003 45.576000
c<B>r<268>R<GLY> 57.479000 92.788002 42.348999
c<B>r<269>R<ASP> 60.360001 95.279999 42.238998
c<B>r<270>R<GLY> 63.043999 92.694000 42.918999
c<B>r<272>R<MET> 62.969002 90.682999 47.914001
c<B>r<273>R<GLU> 65.206001 88.938004 45.361000
c<B>r<276>R<GLU> 67.440002 86.569000 49.417000
c<B>r<277>R<THR> 70.761002 86.869003 47.595001
c<B>r<279>R<TRP> 71.222000 86.527000 53.291000
c<B>r<280>R<LEU> 69.933998 83.139000 52.147999
c<B>r<281>R<THR> 72.085999 81.883003 49.258999
c<B>r<282>R<GLY> 74.139000 78.731003 49.646999
c<B>r<283>R<ILE> 77.402000 77.455002 48.198002
c<B>r<284>R<CYS> 77.390999 73.720001 48.952000
c<B>r<285>R<HIS> 76.113998 71.612999 46.057999
