c<A>r<6>R<LEU> 65.249001 82.527000 29.424999
c<A>r<102>R<ASN> 47.145000 104.100998 45.549999
c<A>r<103>R<LYS> 49.853001 102.724998 43.247002
c<A>r<104>R<LYS> 48.924999 99.249001 42.013000
c<A>r<105>R<GLU> 51.328999 96.450996 41.180000
c<A>r<106>R<TRP> 51.008999 92.766998 40.444000
c<A>r<107>R<ASN> 52.299999 90.219002 42.938000
c<A>r<111>R<GLY> 54.605000 90.615997 39.070999
c<A>r<112>R<GLU> 57.856998 88.814003 38.323002
c<A>r<113>R<LEU> 57.064999 88.540001 34.615002
c<A>r<114>R<LEU> 56.133999 92.233002 34.370998
c<A>r<115>R<SER> 59.247002 93.355003 36.271999
c<A>r<116>R<GLY> 61.646999 91.258003 34.223000
c<A>r<117>R<GLN> 62.549000 88.867996 37.061001
c<A>r<118>R<ALA> 61.061001 86.261002 34.723000
c<A>r<119>R<ASP> 60.743000 86.014999 30.941999
c<A>r<127>R<ILE> 44.008999 82.611000 31.611000
c<A>r<128>R<ASN> 41.653000 85.427002 32.657001
c<A>r<129>R<ASN> 40.719002 88.889999 31.372000
c<A>r<131>R<ARG> 45.777000 89.295998 33.495998
c<A>r<132>R<ALA> 45.358002 89.488998 29.715000
c<A>r<133>R<GLN> 45.180000 93.282997 30.042999
c<A>r<134>R<TYR> 48.827000 93.223000 31.173000
c<A>r<135>R<ILE> 50.446999 90.110001 29.684000
c<A>r<136>R<GLU> 50.060001 87.735001 26.757000
c<A>r<137>R<PHE> 48.937000 84.121002 27.070000
c<A>r<138>R<SER> 49.514999 81.195000 24.756001
c<A>r<139>R<LYS> 46.466000 79.222000 23.676001
c<A>r<140>R<PRO> 45.502998 76.866997 26.542000
c<A>r<143>R<TYR> 41.321999 72.824997 29.625000
c<A>r<144>R<GLN> 39.835999 72.717003 33.124001
c<A>r<145>R<GLY> 37.735001 74.742996 35.555000
c<A>r<244>R<LEU> 32.749001 72.132004 37.367001
c<A>r<245>R<PHE> 30.943001 75.424004 38.021999
c<A>r<246>R<PHE> 33.208000 77.428001 35.723000
c<A>r<247>R<ARG> 35.551998 76.573997 32.855999
c<A>r<248>R<SER> 38.959999 78.080002 32.201000
c<A>r<249>R<GLY> 42.282001 77.121002 30.712999
c<A>r<250>R<PHE> 45.914001 77.170998 31.788000
c<A>r<251>R<GLY> 48.318001 78.997002 29.510000
c<A>r<254>R<MET> 54.791000 86.095001 28.443001
c<A>r<255>R<ARG> 55.118999 89.887001 28.337000
c<A>r<256>R<LYS> 53.096001 91.532997 25.583000
c<A>r<257>R<ASP> 54.847000 91.900002 22.229000
c<A>r<258>R<SER> 57.162998 89.016998 23.097000
c<A>r<259>R<PRO> 59.119999 87.208000 20.389999
c<A>r<260>R<TRP> 57.992001 83.834999 21.756001
c<A>r<261>R<LYS> 54.171001 84.032997 21.618000
c<A>r<262>R<GLN> 53.563999 82.680000 18.105000
c<A>r<263>R<ASN> 56.014000 79.796997 18.483000
c<A>r<265>R<SER> 51.249001 78.524002 20.688000
c<A>r<266>R<LEU> 52.437000 76.580002 17.618999
c<A>r<267>R<SER> 54.161999 74.093002 19.933001
c<A>r<269>R<LEU> 48.912998 73.231003 19.034000
c<A>r<270>R<LYS> 51.209000 70.429001 17.857000
c<A>r<272>R<HIS> 47.292000 68.821999 21.340000
c<A>r<273>R<GLU> 47.327999 67.328003 17.806000
c<A>r<274>R<ASN> 49.823002 64.488998 18.198999
c<B>r<14>R<LEU> 47.348000 92.447998 15.806000
c<B>r<15>R<GLU> 48.108002 91.998001 19.483000
c<B>r<16>R<GLU> 49.995998 94.847000 21.181999
c<B>r<17>R<ALA> 48.955002 95.851997 24.707001
c<B>r<18>R<PRO> 47.175999 98.026001 25.688999
c<B>r<19>R<PHE> 45.735001 98.652000 22.231001
c<B>r<20>R<VAL> 44.869999 95.021004 21.452000
c<B>r<21>R<ILE> 45.020000 92.234001 24.031000
c<B>r<22>R<VAL> 44.270000 88.609001 23.177000
c<B>r<23>R<GLU> 42.877998 85.913002 25.469999
c<B>r<24>R<ASP> 41.842999 82.282997 25.052999
c<B>r<25>R<ILE> 38.112999 81.689003 24.818001
c<B>r<26>R<ASP> 36.249001 79.903000 27.614000
c<B>r<27>R<PRO> 35.984001 76.182999 26.658001
c<B>r<28>R<LEU> 32.660999 75.861000 28.492001
c<B>r<30>R<GLU> 32.625000 79.129997 24.209000
c<B>r<33>R<VAL> 32.130001 88.165001 27.603001
c<B>r<34>R<ARG> 32.819000 91.282997 29.664000
c<B>r<35>R<ASN> 34.665001 93.897003 27.587999
c<B>r<36>R<THR> 35.964001 91.422997 24.997000
c<B>r<43>R<VAL> 46.847000 78.450996 13.197000
c<B>r<44>R<LYS> 48.960999 75.878998 11.322000
c<B>r<45>R<ILE> 48.817001 72.163002 12.168000
c<B>r<46>R<ASN> 52.596001 71.858002 11.876000
c<B>r<47>R<ASN> 55.653999 73.727997 10.634000
c<B>r<55>R<VAL> 40.986000 79.125999 16.382999
c<B>r<56>R<LYS> 38.421001 81.205002 18.275999
c<B>r<57>R<LYS> 39.875999 83.681000 20.764999
c<B>r<58>R<CYS> 38.731998 86.876999 22.488001
c<B>r<59>R<CYS> 40.032001 90.411003 22.041000
c<B>r<60>R<LYS> 39.992001 93.603996 24.131001
c<B>r<61>R<GLY> 41.887001 96.875000 24.419001
c<B>r<84>R<THR> 49.291000 85.406998 10.729000
c<B>r<169>R<VAL> 62.063000 95.663002 17.377001
c<B>r<194>R<GLN> 64.878998 92.911003 20.180000
c<B>r<195>R<ARG> 62.320999 90.138000 19.622999
c<B>r<196>R<GLY> 59.618000 92.191002 21.302999
c<B>r<197>R<VAL> 58.784000 94.978996 23.743999
c<B>r<198>R<GLU> 58.768002 92.792000 26.868999
c<B>r<199>R<ASP> 62.183998 91.361000 25.948999
c<B>r<200>R<ALA> 63.591999 94.890999 25.610001
c<B>r<201>R<LEU> 62.179001 96.130997 28.919001
c<B>r<202>R<VAL> 63.846001 93.258003 30.780001
c<B>r<203>R<SER> 67.167999 94.019997 29.080999
c<B>r<204>R<LEU> 66.964996 97.634003 30.275999
c<B>r<205>R<LYS> 66.008003 97.000999 33.903000
c<B>r<206>R<THR> 68.776001 94.414001 34.293999
c<B>r<225>R<ARG> 53.022999 101.727997 34.828999
c<B>r<226>R<ASP> 56.321999 99.873001 35.035000
c<B>r<227>R<GLU> 56.504002 97.757004 38.178001
c<B>r<228>R<GLY> 58.709000 99.873001 40.410000
c<B>r<229>R<CYS> 58.707001 102.786003 37.953999
c<B>r<230>R<LYS> 62.249001 101.983002 36.826000
c<B>r<279>R<TRP> 43.271000 102.373001 28.933001
c<B>r<283>R<ILE> 50.879002 106.518997 37.381001
c<B>r<284>R<CYS> 54.682999 106.742996 37.393002
