c<A>r<7>R<LYS> 64.316002 83.085999 33.058998
c<A>r<45>R<THR> 66.023003 77.757004 42.849998
c<A>r<46>R<GLY> 63.591000 79.205002 45.349998
c<A>r<47>R<PRO> 62.506001 79.595001 48.980000
c<A>r<57>R<HIS> 66.202003 80.636002 52.651001
c<A>r<58>R<THR> 66.515999 80.392998 48.868000
c<A>r<59>R<VAL> 68.285004 77.266998 47.625000
c<A>r<85>R<HIS> 63.157001 79.541000 39.702000
c<A>r<86>R<LEU> 60.193001 79.367996 42.078999
c<A>r<87>R<VAL> 58.174000 82.566002 42.566002
c<A>r<88>R<ALA> 59.598999 84.383003 45.597000
c<A>r<89>R<ASP> 56.307999 85.236000 47.289001
c<A>r<94>R<THR> 46.681000 89.539001 41.515999
c<A>r<95>R<GLN> 46.904999 93.337997 41.187000
c<A>r<96>R<GLU> 46.883999 95.223999 44.485001
c<A>r<97>R<ARG> 47.713001 98.595001 45.980000
c<A>r<98>R<VAL> 51.216000 98.625999 47.439999
c<A>r<99>R<ASN> 53.146000 100.502998 50.105000
c<A>r<100>R<ASN> 49.962002 101.902000 51.652000
c<A>r<101>R<SER> 49.471001 104.068001 48.562000
c<A>r<102>R<ASN> 47.145000 104.100998 45.549999
c<A>r<103>R<LYS> 49.853001 102.724998 43.247002
c<A>r<104>R<LYS> 48.924999 99.249001 42.013000
c<A>r<105>R<GLU> 51.328999 96.450996 41.180000
c<A>r<106>R<TRP> 51.008999 92.766998 40.444000
c<A>r<107>R<ASN> 52.299999 90.219002 42.938000
c<A>r<111>R<GLY> 54.605000 90.615997 39.070999
c<A>r<112>R<GLU> 57.856998 88.814003 38.323002
c<A>r<113>R<LEU> 57.064999 88.540001 34.615002
c<A>r<114>R<LEU> 56.133999 92.233002 34.370998
c<A>r<115>R<SER> 59.247002 93.355003 36.271999
c<A>r<116>R<GLY> 61.646999 91.258003 34.223000
c<A>r<117>R<GLN> 62.549000 88.867996 37.061001
c<A>r<118>R<ALA> 61.061001 86.261002 34.723000
c<A>r<128>R<ASN> 41.653000 85.427002 32.657001
c<A>r<129>R<ASN> 40.719002 88.889999 31.372000
c<A>r<130>R<GLU> 42.368000 90.837997 34.188000
c<A>r<134>R<TYR> 48.827000 93.223000 31.173000
c<A>r<135>R<ILE> 50.446999 90.110001 29.684000
c<A>r<136>R<GLU> 50.060001 87.735001 26.757000
c<A>r<182>R<ASP> 40.286999 84.977997 44.591999
c<A>r<183>R<ILE> 39.678001 87.406998 41.707001
c<A>r<184>R<TYR> 36.820999 85.331001 40.299000
c<A>r<185>R<PHE> 34.904999 85.913002 43.533001
c<A>r<186>R<ARG> 36.108002 89.481003 44.134998
c<A>r<187>R<ARG> 34.950001 90.796997 40.757999
c<A>r<188>R<GLN> 31.372999 89.513000 41.009998
c<A>r<189>R<VAL> 28.747999 91.414001 43.014000
c<A>r<192>R<SER> 29.982000 89.324997 47.539001
c<A>r<254>R<MET> 54.791000 86.095001 28.443001
c<A>r<255>R<ARG> 55.118999 89.887001 28.337000
c<A>r<256>R<LYS> 53.096001 91.532997 25.583000
c<A>r<257>R<ASP> 54.847000 91.900002 22.229000
c<A>r<258>R<SER> 57.162998 89.016998 23.097000
c<B>r<13>R<THR> 50.286999 112.003998 42.430000
c<B>r<14>R<LEU> 51.004002 108.825996 44.409000
c<B>r<15>R<GLU> 50.949001 108.153000 48.130001
c<B>r<16>R<GLU> 54.344002 107.783997 49.834999
c<B>r<17>R<ALA> 54.814999 109.352997 53.273998
c<B>r<20>R<VAL> 52.275002 112.485001 49.853001
c<B>r<21>R<ILE> 49.844002 111.286003 52.515999
c<B>r<22>R<VAL> 46.248001 110.342003 51.733002
c<B>r<41>R<LYS> 41.012001 108.397003 42.821999
c<B>r<42>R<PHE> 39.195999 106.220001 40.300999
c<B>r<43>R<VAL> 38.166000 103.064003 42.186001
c<B>r<44>R<LYS> 36.757999 99.943001 40.490002
c<B>r<45>R<ILE> 33.353001 98.509003 41.435001
c<B>r<46>R<ASN> 34.717999 94.960999 41.333000
c<B>r<47>R<ASN> 37.723999 92.952003 40.186001
c<B>r<48>R<SER> 36.111000 91.935997 36.890999
c<B>r<49>R<THR> 35.230999 95.025002 34.823002
c<B>r<50>R<ASN> 36.551998 98.503998 34.039001
c<B>r<82>R<LEU> 45.889000 109.525002 42.377998
c<B>r<83>R<VAL> 47.437000 107.000999 39.988998
c<B>r<84>R<THR> 45.480000 103.744003 39.637001
c<B>r<85>R<ASN> 47.723999 101.476997 37.553001
c<B>r<86>R<GLY> 51.293999 101.101997 38.730000
c<B>r<87>R<LYS> 53.186001 103.355003 41.109001
c<B>r<88>R<HIS> 55.955002 105.834000 40.301998
c<B>r<89>R<GLY> 56.518002 104.574997 36.778000
c<B>r<90>R<LYS> 57.693001 101.558998 34.813000
c<B>r<91>R<LYS> 57.625999 100.501999 31.179001
c<B>r<92>R<VAL> 55.686001 97.224998 31.198999
c<B>r<93>R<ASN> 55.198002 95.360001 27.920000
c<B>r<94>R<ASN> 56.430000 98.482002 26.129999
c<B>r<95>R<VAL> 53.833000 100.674004 27.855000
c<B>r<97>R<ASN> 52.369999 102.883003 33.825001
c<B>r<98>R<GLY> 52.316002 104.818001 37.109001
c<B>r<99>R<MET> 52.784000 108.583000 37.333000
c<B>r<158>R<HIS> 75.941002 82.706001 50.068001
c<B>r<162>R<PRO> 72.491997 81.846001 56.689999
c<B>r<163>R<PRO> 72.759003 83.559998 53.273998
c<B>r<164>R<PHE> 72.567001 87.348000 53.625000
c<B>r<165>R<ARG> 68.945999 88.406998 53.148998
c<B>r<169>R<VAL> 60.300999 97.072998 46.590000
c<B>r<170>R<PRO> 60.117001 96.144997 42.894001
c<B>r<171>R<ASN> 59.252998 98.202003 39.816002
c<B>r<172>R<GLY> 60.875000 101.481003 40.834000
c<B>r<175>R<GLU> 65.274002 97.996002 41.071999
c<B>r<176>R<ARG> 65.950996 99.456001 37.617001
c<B>r<179>R<ARG> 68.639999 95.064003 37.198002
c<B>r<183>R<PRO> 72.208000 90.717003 36.969002
c<B>r<186>R<HIS> 69.098000 91.499001 40.956001
c<B>r<187>R<GLN> 68.074997 87.856003 40.582001
c<B>r<188>R<TYR> 69.318001 87.054001 44.083000
c<B>r<189>R<MET> 67.291000 89.976997 45.459999
c<B>r<190>R<THR> 63.973000 89.039001 43.868000
c<B>r<191>R<ARG> 63.890999 86.195999 46.412998
c<B>r<192>R<PHE> 63.374001 88.942001 48.994999
c<B>r<193>R<ASN> 61.034000 91.334999 47.164001
c<B>r<194>R<GLN> 59.060001 93.502998 49.603001
c<B>r<195>R<ARG> 55.449001 94.570000 49.005001
c<B>r<196>R<GLY> 56.132999 97.985001 50.493000
c<B>r<197>R<VAL> 58.293999 100.080002 52.810001
c<B>r<198>R<GLU> 56.334000 99.320000 55.992001
c<B>r<199>R<ASP> 56.523998 95.577003 55.278999
c<B>r<200>R<ALA> 60.313000 95.820999 54.904999
