c<A>r<12>R<HIS> 54.808998 74.413002 43.558998
c<A>r<13>R<GLN> 51.535999 72.792000 42.473999
c<A>r<18>R<TYR> 56.620998 68.880997 42.259998
c<A>r<19>R<VAL> 59.347000 70.504997 44.363998
c<A>r<20>R<LYS> 61.755001 68.371002 46.400002
c<A>r<21>R<PRO> 65.091003 68.867996 48.122002
c<A>r<22>R<THR> 68.220001 67.860001 46.256001
c<A>r<23>R<MET> 70.170998 64.887001 47.589001
c<A>r<24>R<SER> 73.125000 65.539001 49.882999
c<A>r<28>R<CYS> 68.218002 65.012001 41.977001
c<A>r<29>R<LYS> 67.136002 61.511002 42.998001
c<A>r<30>R<GLU> 66.797997 59.103001 40.077999
c<A>r<47>R<PRO> 62.506001 79.595001 48.980000
c<A>r<48>R<ASN> 62.629002 76.403000 51.048000
c<A>r<57>R<HIS> 66.202003 80.636002 52.651001
c<A>r<58>R<THR> 66.515999 80.392998 48.868000
c<A>r<59>R<VAL> 68.285004 77.266998 47.625000
c<A>r<60>R<PRO> 68.544998 74.899002 44.634998
c<A>r<61>R<GLN> 65.742996 72.320999 44.647999
c<A>r<62>R<CYS> 64.490997 69.615997 42.269001
c<A>r<63>R<CYS> 61.424000 70.227997 40.104000
c<A>r<90>R<GLY> 54.776001 81.852997 46.438999
c<A>r<152>R<LYS> 34.591000 62.289001 52.368000
c<A>r<170>R<LYS> 29.927999 76.569000 61.435001
c<A>r<172>R<ILE> 34.351002 77.348999 56.831001
c<A>r<203>R<TYR> 45.303001 80.120003 52.610001
c<A>r<204>R<GLU> 48.811001 80.967003 51.403000
c<A>r<205>R<SER> 49.054001 77.864998 49.194000
c<A>r<207>R<ALA> 48.859001 72.407997 49.632999
c<A>r<208>R<GLU> 48.116001 74.037003 52.974998
c<A>r<209>R<ALA> 44.403999 74.339996 52.167999
c<A>r<211>R<GLN> 45.945000 69.582001 54.258999
c<A>r<212>R<ALA> 43.495998 71.703003 56.282001
c<A>r<214>R<ARG> 42.144001 66.573997 55.507000
c<A>r<215>R<ASP> 42.678001 67.707001 59.125000
c<A>r<216>R<ASN> 39.098999 68.976997 59.498001
c<A>r<217>R<LYS> 40.261002 72.583000 59.928001
c<A>r<218>R<LEU> 38.764000 73.748001 56.619999
c<A>r<219>R<HIS> 35.414001 72.364998 55.495998
c<A>r<233>R<SER> 41.827000 60.749001 43.277000
c<A>r<234>R<GLN> 45.090000 60.116001 45.137001
c<A>r<235>R<LYS> 43.611000 60.457001 48.655998
c<A>r<236>R<CYS> 40.574001 58.346001 49.396999
c<A>r<237>R<ASP> 39.533001 60.557999 52.344002
c<A>r<238>R<LEU> 39.075001 63.537998 49.994999
c<A>r<288>R<GLN> 46.777000 54.641998 39.590000
c<A>r<289>R<GLU> 44.313999 54.285999 42.462002
c<A>r<290>R<CYS> 44.442001 56.283001 45.699001
c<A>r<291>R<ASP> 47.354000 55.548000 48.018002
c<A>r<292>R<SER> 48.209000 58.783001 49.841999
c<B>r<118>R<ASN> 63.356998 60.639000 52.351002
c<B>r<119>R<GLU> 66.200996 60.466000 49.824001
c<B>r<120>R<GLU> 68.944000 59.375999 52.227001
c<B>r<122>R<SER> 65.723999 55.433998 50.033001
c<B>r<123>R<GLU> 69.367996 54.833000 49.115002
c<B>r<129>R<VAL> 53.980000 53.597000 48.382000
c<B>r<130>R<PRO> 53.193001 56.348000 50.902000
c<B>r<131>R<PHE> 50.025002 55.841999 52.943001
c<B>r<132>R<VAL> 50.007000 58.917000 55.230000
c<B>r<133>R<GLU> 50.959999 62.332001 53.888000
c<B>r<134>R<THR> 53.445000 64.393997 55.841999
c<B>r<137>R<SER> 54.799999 71.806999 59.991001
c<B>r<147>R<THR> 53.120998 82.592003 58.074001
c<B>r<148>R<GLY> 55.356998 79.532997 58.027000
c<B>r<149>R<LEU> 59.102001 78.925003 58.368000
c<B>r<150>R<SER> 59.932999 81.835999 56.061001
c<B>r<155>R<GLN> 64.653999 84.029999 59.699001
c<B>r<177>R<ASN> 65.905998 68.709999 56.271999
c<B>r<178>R<ILE> 66.877998 71.793999 58.258999
c<B>r<180>R<ASN> 71.176003 69.886002 55.317001
c<B>r<181>R<ASN> 69.917999 73.188004 53.918999
c<B>r<182>R<TYR> 69.859001 76.021004 56.474998
c<B>r<185>R<MET> 68.517998 77.964996 61.466000
c<B>r<216>R<ALA> 53.168999 67.341003 59.928001
c<B>r<217>R<ALA> 51.091000 64.189003 60.448002
c<B>r<220>R<ASN> 48.063000 67.887001 62.745998
c<B>r<221>R<TYR> 46.853001 65.087997 64.996002
c<B>r<223>R<ALA> 46.375000 70.064003 67.399002
c<B>r<224>R<GLY> 43.165001 68.265999 66.476997
c<B>r<232>R<VAL> 47.471001 75.621002 66.125999
c<B>r<233>R<THR> 49.453999 73.933998 63.360001
c<B>r<234>R<ILE> 50.403000 75.523003 60.047001
c<B>r<235>R<GLY> 52.449001 74.244003 57.129002
c<B>r<236>R<SER> 56.112000 75.242996 57.000999
c<B>r<237>R<GLY> 56.028000 76.081001 53.312000
c<B>r<238>R<TYR> 59.084999 73.861000 52.855999
c<B>r<239>R<ILE> 57.547001 71.976997 49.937000
c<B>r<240>R<PHE> 60.890999 70.320000 49.182999
c<B>r<241>R<ALA> 60.242001 68.389000 52.416000
c<B>r<242>R<THR> 56.740002 67.158997 51.507000
c<B>r<243>R<THR> 56.608002 63.372002 51.548000
c<B>r<244>R<GLY> 54.771999 60.592999 53.353001
c<B>r<245>R<TYR> 55.034000 57.627998 55.693001
c<B>r<246>R<GLY> 56.007000 54.369999 54.067001
c<B>r<260>R<ASP> 51.979000 47.922001 47.590000
c<B>r<261>R<LEU> 49.116001 45.992001 45.966000
c<B>r<263>R<LEU> 47.827000 49.187000 50.331001
c<B>r<264>R<LEU> 46.341999 50.169998 46.966000
c<B>r<265>R<GLN> 43.493999 47.710999 47.533001
c<B>r<266>R<PHE> 42.759998 49.287998 50.937000
c<B>r<267>R<VAL> 42.778999 52.807999 49.507000
c<B>r<268>R<GLY> 40.471001 51.898998 46.641998
c<B>r<269>R<ASP> 37.958000 49.966000 48.755001
c<B>r<270>R<GLY> 37.659000 52.640999 51.422001
c<B>r<271>R<GLU> 39.366001 50.581001 54.115002
c<B>r<272>R<MET> 42.060001 53.236000 54.467999
c<B>r<273>R<GLU> 39.341000 55.894001 54.789001
c<B>r<274>R<GLU> 37.799000 53.944000 57.668999
c<B>r<276>R<GLU> 41.784000 57.410000 59.122002
c<B>r<277>R<THR> 38.372002 58.082001 60.653999
c<B>r<280>R<LEU> 43.390999 60.324001 62.912998
c<B>r<281>R<THR> 40.323002 62.591000 62.942001
c<B>r<282>R<GLY> 40.342999 65.792999 64.955002
c<B>r<283>R<ILE> 37.712002 67.861000 66.737999
c<B>r<284>R<CYS> 39.393002 71.224998 67.356003
c<B>r<285>R<HIS> 38.589001 73.810997 64.689003
