c<A>r<12>R<HIS> 54.808998 74.413002 43.558998
c<A>r<14>R<GLU> 51.226002 69.016998 42.221001
c<A>r<18>R<TYR> 56.620998 68.880997 42.259998
c<A>r<19>R<VAL> 59.347000 70.504997 44.363998
c<A>r<20>R<LYS> 61.755001 68.371002 46.400002
c<A>r<21>R<PRO> 65.091003 68.867996 48.122002
c<A>r<22>R<THR> 68.220001 67.860001 46.256001
c<A>r<23>R<MET> 70.170998 64.887001 47.589001
c<A>r<24>R<SER> 73.125000 65.539001 49.882999
c<A>r<25>R<ASP> 75.440002 65.766998 46.855999
c<A>r<26>R<GLY> 73.278000 68.372002 45.136002
c<A>r<28>R<CYS> 68.218002 65.012001 41.977001
c<A>r<29>R<LYS> 67.136002 61.511002 42.998001
c<A>r<30>R<GLU> 66.797997 59.103001 40.077999
c<A>r<31>R<GLU> 63.141998 58.118000 39.715000
c<A>r<47>R<PRO> 62.506001 79.595001 48.980000
c<A>r<48>R<ASN> 62.629002 76.403000 51.048000
c<A>r<57>R<HIS> 66.202003 80.636002 52.651001
c<A>r<58>R<THR> 66.515999 80.392998 48.868000
c<A>r<59>R<VAL> 68.285004 77.266998 47.625000
c<A>r<60>R<PRO> 68.544998 74.899002 44.634998
c<A>r<61>R<GLN> 65.742996 72.320999 44.647999
c<A>r<150>R<VAL> 35.743000 68.396004 50.858002
c<A>r<151>R<LYS> 36.397999 65.521004 53.243000
c<A>r<152>R<LYS> 34.591000 62.289001 52.368000
c<A>r<153>R<GLY> 31.302000 62.446999 54.250000
c<A>r<154>R<THR> 30.827000 66.212997 54.043999
c<A>r<155>R<ARG> 27.572001 66.842003 52.172001
c<A>r<169>R<ASP> 31.261999 80.130997 61.219002
c<A>r<170>R<LYS> 29.927999 76.569000 61.435001
c<A>r<171>R<PHE> 31.089001 75.726997 57.908001
c<A>r<172>R<ILE> 34.351002 77.348999 56.831001
c<A>r<207>R<ALA> 48.859001 72.407997 49.632999
c<A>r<208>R<GLU> 48.116001 74.037003 52.974998
c<A>r<210>R<ILE> 44.208000 70.696999 51.066002
c<A>r<211>R<GLN> 45.945000 69.582001 54.258999
c<A>r<212>R<ALA> 43.495998 71.703003 56.282001
c<A>r<213>R<VAL> 40.522999 69.918999 54.686001
c<A>r<214>R<ARG> 42.144001 66.573997 55.507000
c<A>r<215>R<ASP> 42.678001 67.707001 59.125000
c<A>r<216>R<ASN> 39.098999 68.976997 59.498001
c<A>r<217>R<LYS> 40.261002 72.583000 59.928001
c<A>r<218>R<LEU> 38.764000 73.748001 56.619999
c<A>r<219>R<HIS> 35.414001 72.364998 55.495998
c<A>r<234>R<GLN> 45.090000 60.116001 45.137001
c<A>r<235>R<LYS> 43.611000 60.457001 48.655998
c<A>r<236>R<CYS> 40.574001 58.346001 49.396999
c<A>r<237>R<ASP> 39.533001 60.557999 52.344002
c<A>r<238>R<LEU> 39.075001 63.537998 49.994999
c<A>r<290>R<CYS> 44.442001 56.283001 45.699001
c<A>r<291>R<ASP> 47.354000 55.548000 48.018002
c<A>r<292>R<SER> 48.209000 58.783001 49.841999
c<B>r<117>R<ILE> 49.270000 58.784000 57.451000
c<B>r<118>R<ASN> 51.683998 57.686001 54.702999
c<B>r<119>R<GLU> 51.528999 55.768002 51.416000
c<B>r<120>R<GLU> 53.007999 52.493999 52.674000
c<B>r<121>R<ARG> 50.522999 52.312000 55.535999
c<B>r<122>R<SER> 47.567001 53.293999 53.356998
c<B>r<123>R<GLU> 48.195999 50.188999 51.248001
c<B>r<124>R<VAL> 47.327000 47.911999 54.173000
c<B>r<126>R<ASP> 42.312000 52.613998 55.756001
c<B>r<127>R<PHE> 42.661999 55.995998 57.458000
c<B>r<128>R<SER> 40.076000 58.490002 58.646999
c<B>r<129>R<VAL> 40.411999 62.046001 57.383999
c<B>r<130>R<PRO> 43.410000 63.750999 59.009998
c<B>r<131>R<PHE> 42.673000 65.641998 62.227001
c<B>r<132>R<VAL> 46.130001 66.949997 63.235001
c<B>r<133>R<GLU> 48.505001 68.347000 60.630001
c<B>r<134>R<THR> 52.077999 67.133003 60.631001
c<B>r<146>R<VAL> 69.283997 76.525002 59.993000
c<B>r<147>R<THR> 66.988998 77.176003 57.018002
c<B>r<148>R<GLY> 65.560997 73.667000 57.000999
c<B>r<149>R<LEU> 66.834999 70.240997 55.929001
c<B>r<150>R<SER> 68.305000 71.634003 52.706001
c<B>r<151>R<ASP> 70.720001 73.737000 54.798000
c<B>r<152>R<LYS> 74.401001 73.057999 54.049999
c<B>r<154>R<PHE> 72.577003 68.901001 56.777000
c<B>r<155>R<GLN> 73.736000 68.374001 53.180000
c<B>r<156>R<ARG> 77.473999 68.427002 53.987000
c<B>r<157>R<PRO> 77.767998 67.804001 57.750999
c<B>r<181>R<ASN> 64.837997 59.132999 49.423000
c<B>r<182>R<TYR> 68.222000 60.290001 50.752998
c<B>r<183>R<PRO> 70.516998 57.313999 51.479000
c<B>r<184>R<TYR> 73.543999 59.332001 52.617001
c<B>r<185>R<MET> 71.560997 61.526001 54.973999
c<B>r<235>R<GLY> 59.841999 73.216003 59.082001
c<B>r<236>R<SER> 62.090000 70.845001 57.144001
c<B>r<237>R<GLY> 60.915001 72.072998 53.763000
c<B>r<238>R<TYR> 60.278000 68.447998 52.796001
c<B>r<239>R<ILE> 56.775002 69.180000 51.522999
c<B>r<240>R<PHE> 56.547001 65.695000 50.006001
c<B>r<241>R<ALA> 56.353001 64.530998 53.640999
c<B>r<242>R<THR> 53.494999 66.835999 54.696999
c<B>r<243>R<THR> 50.551998 64.811996 55.964001
c<B>r<244>R<GLY> 48.516998 64.397003 59.132999
c<B>r<245>R<TYR> 47.481998 62.087002 61.946999
c<B>r<246>R<GLY> 44.605999 59.779999 61.166000
c<B>r<256>R<LYS> 35.516998 54.819000 58.215000
c<B>r<257>R<ARG> 32.391998 56.569000 56.921001
c<B>r<258>R<GLN> 30.913000 57.137001 60.372002
c<B>r<259>R<ILE> 34.222000 58.026001 62.014999
c<B>r<260>R<ASP> 34.830002 60.627998 59.300999
c<B>r<261>R<LEU> 31.358999 62.160000 59.696999
c<B>r<262>R<ALA> 31.971001 62.553001 63.433998
c<B>r<263>R<LEU> 35.376999 64.174004 62.973000
c<B>r<264>R<LEU> 33.880001 66.553001 60.404999
c<B>r<265>R<GLN> 31.066999 67.364998 62.834999
c<B>r<266>R<PHE> 33.612999 68.204002 65.560997
c<B>r<267>R<VAL> 35.632000 70.430000 63.236000
c<B>r<268>R<GLY> 32.578999 72.318001 62.023998
c<B>r<269>R<ASP> 31.056999 72.866997 65.473999
c<B>r<270>R<GLY> 34.272999 74.107002 67.047997
c<B>r<272>R<MET> 38.054001 70.320000 67.642998
c<B>r<273>R<GLU> 39.104000 73.943001 68.219002
