c<A>r<4>R<THR> 70.521004 84.251999 26.275999
c<A>r<5>R<ARG> 68.945999 81.900002 28.827999
c<A>r<6>R<LEU> 65.249001 82.527000 29.424999
c<A>r<7>R<LYS> 64.316002 83.085999 33.058998
c<A>r<8>R<ILE> 61.401001 80.736000 33.747002
c<A>r<9>R<VAL> 59.280998 81.232002 36.844002
c<A>r<19>R<VAL> 59.347000 70.504997 44.363998
c<A>r<20>R<LYS> 61.755001 68.371002 46.400002
c<A>r<21>R<PRO> 65.091003 68.867996 48.122002
c<A>r<22>R<THR> 68.220001 67.860001 46.256001
c<A>r<23>R<MET> 70.170998 64.887001 47.589001
c<A>r<24>R<SER> 73.125000 65.539001 49.882999
c<A>r<25>R<ASP> 75.440002 65.766998 46.855999
c<A>r<26>R<GLY> 73.278000 68.372002 45.136002
c<A>r<27>R<THR> 71.830002 66.119003 42.433998
c<A>r<28>R<CYS> 68.218002 65.012001 41.977001
c<A>r<29>R<LYS> 67.136002 61.511002 42.998001
c<A>r<43>R<ILE> 67.093002 72.411003 39.136002
c<A>r<46>R<GLY> 63.591000 79.205002 45.349998
c<A>r<47>R<PRO> 62.506001 79.595001 48.980000
c<A>r<48>R<ASN> 62.629002 76.403000 51.048000
c<A>r<57>R<HIS> 66.202003 80.636002 52.651001
c<A>r<58>R<THR> 66.515999 80.392998 48.868000
c<A>r<59>R<VAL> 68.285004 77.266998 47.625000
c<A>r<60>R<PRO> 68.544998 74.899002 44.634998
c<A>r<61>R<GLN> 65.742996 72.320999 44.647999
c<A>r<82>R<TYR> 66.601997 78.361000 30.350000
c<A>r<83>R<GLU> 66.976997 78.652000 34.117001
c<A>r<85>R<HIS> 63.157001 79.541000 39.702000
c<A>r<87>R<VAL> 58.174000 82.566002 42.566002
c<A>r<88>R<ALA> 59.598999 84.383003 45.597000
c<A>r<90>R<GLY> 54.776001 81.852997 46.438999
c<A>r<105>R<GLU> 51.328999 96.450996 41.180000
c<A>r<111>R<GLY> 54.605000 90.615997 39.070999
c<A>r<112>R<GLU> 57.856998 88.814003 38.323002
c<A>r<113>R<LEU> 57.064999 88.540001 34.615002
c<A>r<114>R<LEU> 56.133999 92.233002 34.370998
c<A>r<115>R<SER> 59.247002 93.355003 36.271999
c<A>r<116>R<GLY> 61.646999 91.258003 34.223000
c<A>r<117>R<GLN> 62.549000 88.867996 37.061001
c<A>r<118>R<ALA> 61.061001 86.261002 34.723000
c<A>r<119>R<ASP> 60.743000 86.014999 30.941999
c<A>r<120>R<MET> 58.097000 83.292000 30.837000
c<A>r<208>R<GLU> 48.116001 74.037003 52.974998
c<A>r<255>R<ARG> 55.118999 89.887001 28.337000
c<A>r<256>R<LYS> 53.096001 91.532997 25.583000
c<A>r<257>R<ASP> 54.847000 91.900002 22.229000
c<A>r<258>R<SER> 57.162998 89.016998 23.097000
c<A>r<259>R<PRO> 59.119999 87.208000 20.389999
c<A>r<260>R<TRP> 57.992001 83.834999 21.756001
c<B>r<22>R<VAL> 78.087997 75.705002 41.334999
c<B>r<23>R<GLU> 77.657997 72.112999 40.160999
c<B>r<24>R<ASP> 76.113998 68.962997 41.615002
c<B>r<25>R<ILE> 78.582001 66.463997 43.026001
c<B>r<26>R<ASP> 79.137001 63.105999 41.324001
c<B>r<27>R<PRO> 76.894997 60.515999 43.081001
c<B>r<30>R<GLU> 81.120003 61.625999 45.705002
c<B>r<31>R<THR> 84.191002 63.813000 45.224998
c<B>r<39>R<CYS> 81.163002 73.478996 48.846001
c<B>r<40>R<ARG> 78.042000 72.703003 50.863998
c<B>r<41>R<LYS> 74.637001 74.320000 51.172001
c<B>r<42>R<PHE> 72.001999 73.966003 53.879002
c<B>r<43>R<VAL> 68.762001 73.054001 52.077000
c<B>r<44>R<LYS> 65.336998 72.997002 53.771000
c<B>r<45>R<ILE> 63.168999 69.859001 53.808998
c<B>r<46>R<ASN> 60.046001 71.898003 53.067001
c<B>r<47>R<ASN> 58.769001 75.468002 52.958000
c<B>r<48>R<SER> 57.282001 75.315002 56.459000
c<B>r<49>R<THR> 59.997002 74.551003 59.034000
c<B>r<50>R<ASN> 63.659000 75.289001 59.743000
c<B>r<51>R<GLU> 64.491997 71.633003 59.194000
c<B>r<52>R<GLY> 67.115997 70.981003 56.574001
c<B>r<53>R<MET> 70.247002 69.073997 55.674999
c<B>r<54>R<ASN> 73.577003 70.180000 54.252998
c<B>r<55>R<VAL> 73.982002 69.102997 50.632000
c<B>r<56>R<LYS> 77.442001 68.529999 49.154999
c<B>r<57>R<LYS> 78.120003 70.349998 45.889000
c<B>r<58>R<CYS> 81.181999 71.480003 43.926998
c<B>r<82>R<LEU> 76.875000 78.704002 50.157001
c<B>r<83>R<VAL> 74.707001 81.464996 51.624001
c<B>r<84>R<THR> 71.067001 80.478996 52.213001
c<B>r<85>R<ASN> 69.325996 83.720001 53.199001
c<B>r<86>R<GLY> 69.850998 86.678001 50.908001
c<B>r<87>R<LYS> 72.572998 87.132004 48.320000
c<B>r<165>R<ARG> 62.238998 100.695000 30.263000
c<B>r<166>R<PHE> 65.177002 100.108002 32.595001
c<B>r<167>R<GLY> 65.855003 98.200996 35.801998
c<B>r<168>R<THR> 68.303001 96.223999 37.945000
c<B>r<169>R<VAL> 68.362000 93.140999 40.178001
c<B>r<170>R<PRO> 67.285004 94.416000 43.609001
c<B>r<189>R<MET> 63.092999 101.438004 38.203999
c<B>r<190>R<THR> 61.338001 99.130997 40.655998
c<B>r<191>R<ARG> 58.650002 98.800003 37.967999
c<B>r<192>R<PHE> 61.285000 96.873001 36.013000
c<B>r<193>R<ASN> 62.987000 94.835999 38.755001
c<B>r<194>R<GLN> 64.709999 91.744003 37.337002
c<B>r<195>R<ARG> 64.865997 88.406998 39.174999
c<B>r<196>R<GLY> 68.397003 87.807999 37.943001
c<B>r<197>R<VAL> 71.027000 88.565002 35.308998
c<B>r<198>R<GLU> 69.938004 85.855003 32.855999
c<B>r<199>R<ASP> 66.323997 87.063004 33.042999
c<B>r<200>R<ALA> 67.447998 90.612999 32.210999
c<B>r<201>R<LEU> 69.621002 89.587997 29.257999
c<B>r<202>R<VAL> 66.690002 87.765999 27.652000
c<B>r<203>R<SER> 64.466003 90.820000 28.129000
c<B>r<204>R<LEU> 67.021004 92.983002 26.304001
c<B>r<205>R<LYS> 67.685997 90.716003 23.323000
c<B>r<206>R<THR> 63.956001 90.242996 22.714001
c<B>r<207>R<GLY> 63.264000 93.959999 23.032000
c<B>r<208>R<LYS> 61.200001 93.728996 26.224001
c<B>r<209>R<LEU> 63.658001 95.855003 28.216999
c<B>r<222>R<LYS> 78.366997 89.000000 29.747000
c<B>r<226>R<ASP> 77.050003 86.914001 24.423000
c<B>r<227>R<GLU> 75.855003 84.362999 21.882000
c<B>r<228>R<GLY> 75.706001 86.433998 18.716999
c<B>r<230>R<LYS> 73.997002 91.264000 20.608999
