c<A>r<4>R<THR> 70.521004 84.251999 26.275999
c<A>r<5>R<ARG> 68.945999 81.900002 28.827999
c<A>r<6>R<LEU> 65.249001 82.527000 29.424999
c<A>r<7>R<LYS> 64.316002 83.085999 33.058998
c<A>r<8>R<ILE> 61.401001 80.736000 33.747002
c<A>r<9>R<VAL> 59.280998 81.232002 36.844002
c<A>r<26>R<GLY> 73.278000 68.372002 45.136002
c<A>r<27>R<THR> 71.830002 66.119003 42.433998
c<A>r<42>R<VAL> 65.367996 70.307999 36.520000
c<A>r<43>R<ILE> 67.093002 72.411003 39.136002
c<A>r<44>R<CYS> 64.794998 75.168999 40.372002
c<A>r<45>R<THR> 66.023003 77.757004 42.849998
c<A>r<46>R<GLY> 63.591000 79.205002 45.349998
c<A>r<47>R<PRO> 62.506001 79.595001 48.980000
c<A>r<58>R<THR> 66.515999 80.392998 48.868000
c<A>r<60>R<PRO> 68.544998 74.899002 44.634998
c<A>r<61>R<GLN> 65.742996 72.320999 44.647999
c<A>r<81>R<THR> 68.000000 77.525002 26.933001
c<A>r<82>R<TYR> 66.601997 78.361000 30.350000
c<A>r<83>R<GLU> 66.976997 78.652000 34.117001
c<A>r<84>R<VAL> 64.041000 77.897003 36.418999
c<A>r<85>R<HIS> 63.157001 79.541000 39.702000
c<A>r<86>R<LEU> 60.193001 79.367996 42.078999
c<A>r<87>R<VAL> 58.174000 82.566002 42.566002
c<A>r<88>R<ALA> 59.598999 84.383003 45.597000
c<A>r<89>R<ASP> 56.307999 85.236000 47.289001
c<A>r<97>R<ARG> 47.713001 98.595001 45.980000
c<A>r<98>R<VAL> 51.216000 98.625999 47.439999
c<A>r<99>R<ASN> 53.146000 100.502998 50.105000
c<A>r<100>R<ASN> 49.962002 101.902000 51.652000
c<A>r<101>R<SER> 49.471001 104.068001 48.562000
c<A>r<102>R<ASN> 47.145000 104.100998 45.549999
c<A>r<103>R<LYS> 49.853001 102.724998 43.247002
c<A>r<104>R<LYS> 48.924999 99.249001 42.013000
c<A>r<105>R<GLU> 51.328999 96.450996 41.180000
c<A>r<106>R<TRP> 51.008999 92.766998 40.444000
c<A>r<110>R<MET> 52.514000 87.997002 37.269001
c<A>r<111>R<GLY> 54.605000 90.615997 39.070999
c<A>r<112>R<GLU> 57.856998 88.814003 38.323002
c<A>r<113>R<LEU> 57.064999 88.540001 34.615002
c<A>r<114>R<LEU> 56.133999 92.233002 34.370998
c<A>r<115>R<SER> 59.247002 93.355003 36.271999
c<A>r<116>R<GLY> 61.646999 91.258003 34.223000
c<A>r<117>R<GLN> 62.549000 88.867996 37.061001
c<A>r<118>R<ALA> 61.061001 86.261002 34.723000
c<A>r<119>R<ASP> 60.743000 86.014999 30.941999
c<A>r<120>R<MET> 58.097000 83.292000 30.837000
c<A>r<133>R<GLN> 45.180000 93.282997 30.042999
c<A>r<134>R<TYR> 48.827000 93.223000 31.173000
c<A>r<135>R<ILE> 50.446999 90.110001 29.684000
c<A>r<136>R<GLU> 50.060001 87.735001 26.757000
c<A>r<254>R<MET> 54.791000 86.095001 28.443001
c<A>r<255>R<ARG> 55.118999 89.887001 28.337000
c<A>r<256>R<LYS> 53.096001 91.532997 25.583000
c<A>r<257>R<ASP> 54.847000 91.900002 22.229000
c<A>r<258>R<SER> 57.162998 89.016998 23.097000
c<A>r<259>R<PRO> 59.119999 87.208000 20.389999
c<A>r<260>R<TRP> 57.992001 83.834999 21.756001
c<A>r<261>R<LYS> 54.171001 84.032997 21.618000
c<B>r<7>R<ASN> 58.612999 92.417000 19.226999
c<B>r<8>R<HIS> 61.372002 91.355003 21.638000
c<B>r<9>R<LEU> 63.334999 94.528999 22.438000
c<B>r<25>R<ILE> 74.320999 82.486000 36.464001
c<B>r<26>R<ASP> 73.744003 79.276001 38.423000
c<B>r<27>R<PRO> 75.378998 76.394997 36.462002
c<B>r<28>R<LEU> 72.762001 73.933998 37.730000
c<B>r<30>R<GLU> 70.890999 77.846001 34.532001
c<B>r<31>R<THR> 68.181999 80.364998 35.400002
c<B>r<32>R<CYS> 68.163002 83.771004 37.084000
c<B>r<33>R<VAL> 65.986000 83.959999 40.185001
c<B>r<34>R<ARG> 65.066002 86.236000 43.087002
c<B>r<35>R<ASN> 65.234001 89.899002 42.039001
c<B>r<36>R<THR> 67.510002 89.295998 39.042999
c<B>r<37>R<VAL> 66.785004 89.100998 35.314999
c<B>r<38>R<PRO> 68.705002 87.478996 32.431999
c<B>r<39>R<CYS> 71.467003 89.503998 30.775999
c<B>r<40>R<ARG> 74.097000 88.321999 28.306000
c<B>r<41>R<LYS> 77.538002 89.554001 27.334999
c<B>r<54>R<ASN> 77.632004 85.207001 24.358999
c<B>r<55>R<VAL> 77.762001 84.321999 28.051001
c<B>r<56>R<LYS> 74.572998 84.179001 30.122999
c<B>r<57>R<LYS> 74.656998 86.186996 33.348000
c<B>r<58>R<CYS> 72.110001 87.711998 35.731998
c<B>r<59>R<CYS> 71.403000 91.372002 36.425999
c<B>r<60>R<LYS> 69.820999 93.336998 39.290001
c<B>r<64>R<ILE> 66.942001 96.822998 36.514999
c<B>r<65>R<ASP> 63.900002 97.192001 38.765999
c<B>r<66>R<ILE> 62.912998 100.227997 36.696999
c<B>r<67>R<LEU> 63.243000 98.050003 33.583000
c<B>r<68>R<LYS> 61.122002 95.308998 35.167000
c<B>r<69>R<LYS> 58.410000 97.879997 35.930000
c<B>r<70>R<LEU> 58.542000 99.380997 32.417999
c<B>r<71>R<SER> 58.331001 95.898003 30.892000
c<B>r<72>R<ARG> 55.273998 95.163002 33.049000
c<B>r<73>R<THR> 53.547001 98.502998 32.519001
c<B>r<74>R<VAL> 54.312000 99.121002 28.834999
c<B>r<75>R<LYS> 53.847000 95.389000 28.170000
c<B>r<76>R<PHE> 56.959000 94.450996 26.223000
c<B>r<77>R<THR> 59.507999 91.661003 26.546000
c<B>r<78>R<TYR> 63.234001 92.200996 26.198000
c<B>r<79>R<ASP> 66.677002 90.735001 25.586000
c<B>r<80>R<LEU> 69.099998 92.514999 27.919001
c<B>r<81>R<TYR> 72.802002 92.595001 27.040001
c<B>r<265>R<GLN> 53.132000 107.101997 36.597000
c<B>r<266>R<PHE> 55.742001 105.529999 38.907001
c<B>r<267>R<VAL> 56.771999 108.901001 40.326000
c<B>r<268>R<GLY> 53.195999 109.971001 40.981998
c<B>r<269>R<ASP> 52.094002 106.699997 42.596001
c<B>r<270>R<GLY> 55.076000 106.470001 44.921001
c<B>r<271>R<GLU> 56.591000 103.455002 43.181000
c<B>r<273>R<GLU> 59.905998 106.470001 46.113998
c<B>r<274>R<GLU> 59.813000 102.805000 47.129002
