c<A>r<3>R<ILE> -14.231000 -1.980000 -3.502000
c<A>r<7>R<THR> -17.152000 -4.392000 -14.923000
c<A>r<26>R<SER> -11.893000 -0.436000 8.097000
c<A>r<27>R<GLY> -9.950000 2.889000 7.551000
c<A>r<28>R<PHE> -8.584000 4.994000 4.745000
c<A>r<29>R<ASN> -4.971000 5.834000 3.883000
c<A>r<30>R<GLY> -5.363000 6.813000 0.225000
c<A>r<31>R<LEU> -6.952000 5.776000 -3.064000
c<A>r<32>R<PHE> -4.965000 4.735000 -6.236000
c<A>r<33>R<TRP> -6.008000 4.456000 -9.921000
c<A>r<34>R<TYR> -4.007000 2.107000 -12.241000
c<A>r<38>R<ALA> -4.363000 -6.367000 -22.075001
c<A>r<39>R<GLY> -1.504000 -8.689000 -21.191999
c<A>r<40>R<GLU> 0.538000 -5.817000 -19.750000
c<A>r<41>R<ALA> 1.474000 -4.689000 -16.153999
c<A>r<42>R<PRO> -0.633000 -2.140000 -14.295000
c<A>r<43>R<THR> 0.798000 1.325000 -14.431000
c<A>r<44>R<PHE> 0.243000 4.119000 -11.832000
c<A>r<45>R<LEU> -2.262000 6.876000 -12.886000
c<A>r<46>R<SER> -3.338000 8.865000 -9.816000
c<A>r<47>R<TYR> -3.329000 9.042000 -5.922000
c<A>r<48>R<ASN> -6.045000 10.761000 -3.804000
c<A>r<49>R<VAL> -6.091000 10.923000 0.024000
c<A>r<50>R<LEU> -7.911000 14.300000 0.623000
c<A>r<51>R<ASP> -11.308000 15.386000 -0.619000
c<A>r<65>R<ARG> -13.922000 10.506000 1.885000
c<A>r<86>R<LEU> -8.066000 -0.560000 -11.489000
c<A>r<87>R<CYS> -9.253000 1.184000 -8.269000
c<A>r<88>R<ALA> -7.242000 0.413000 -5.070000
c<A>r<90>R<LYS> -5.121000 1.459000 1.455000
c<A>r<91>R<ASP> -6.911000 0.486000 4.737000
c<A>r<92>R<SER> -5.980000 1.278000 8.487000
c<A>r<93>R<ASN> -3.518000 -1.592000 8.425000
c<A>r<94>R<TYR> -1.875000 -0.241000 5.216000
c<A>r<95>R<GLN> -3.189000 -3.121000 3.244000
c<A>r<96>R<LEU> -3.897000 -2.338000 -0.441000
c<A>r<97>R<ILE> -7.372000 -3.497000 -1.345000
c<A>r<98>R<TRP> -7.978000 -3.874000 -5.166000
c<A>r<99>R<GLY> -11.202000 -3.594000 -7.131000
c<A>r<100>R<ALA> -12.055000 -6.087000 -9.878000
c<A>r<101>R<GLY> -11.208000 -3.381000 -12.519000
c<A>r<102>R<THR> -13.298000 -1.597000 -15.249000
c<A>r<114>R<ASP> -18.184999 0.839000 -46.335999
c<A>r<116>R<ALA> -18.197001 -5.577000 -47.035000
c<A>r<117>R<VAL> -17.562000 -9.343000 -46.653000
c<A>r<118>R<TYR> -14.577000 -10.631000 -48.641998
c<A>r<119>R<GLN> -13.333000 -14.151000 -49.376999
c<A>r<120>R<LEU> -9.536000 -14.282000 -48.785000
c<A>r<121>R<ARG> -7.338000 -16.360001 -51.120998
c<A>r<122>R<ASP> -6.855000 -20.004000 -49.914001
c<A>r<123>R<SER> -3.582000 -20.929001 -48.422001
c<A>r<124>R<LYS> -1.726000 -23.903000 -49.826000
c<A>r<125>R<SER> -0.775000 -24.760000 -46.264000
c<A>r<126>R<SER> -4.341000 -24.737000 -44.870998
c<A>r<127>R<ASP> -7.628000 -26.554001 -45.604000
c<A>r<128>R<LYS> -9.603000 -23.558001 -44.196999
c<A>r<129>R<SER> -11.615000 -20.931999 -46.043999
c<A>r<130>R<VAL> -11.430000 -17.473000 -44.521000
c<A>r<131>R<CYS> -14.006000 -14.678000 -44.710999
c<A>r<132>R<LEU> -13.266000 -11.040000 -43.828999
c<A>r<134>R<THR> -14.594000 -5.197000 -42.688000
c<A>r<135>R<ASP> -15.095000 -1.352000 -42.908001
c<A>r<148>R<SER> -19.395000 -25.820000 -33.785999
c<A>r<149>R<ASP> -17.174000 -26.017000 -36.931000
c<A>r<150>R<VAL> -17.427000 -22.343000 -37.931000
c<A>r<151>R<TYR> -15.267000 -19.927000 -36.040001
c<A>r<152>R<ILE> -16.016001 -16.236000 -35.807999
c<A>r<153>R<THR> -13.806000 -13.672000 -33.931000
c<A>r<154>R<ASP> -15.079000 -10.509000 -32.175999
c<A>r<155>R<LYS> -14.547000 -7.129000 -33.960999
c<A>r<156>R<CYS> -11.002000 -5.646000 -34.016998
c<A>r<157>R<VAL> -10.034000 -2.002000 -34.814999
c<A>r<158>R<LEU> -7.143000 -1.333000 -37.167000
c<A>r<159>R<ASP> -5.397000 2.054000 -37.445000
c<A>r<160>R<MET> -3.524000 2.792000 -40.831001
c<A>r<161>R<MET> -1.827000 6.467000 -39.759998
c<A>r<162>R<ASP> -5.332000 8.143000 -39.707001
c<A>r<163>R<PHE> -7.663000 5.677000 -41.335999
c<A>r<164>R<LYS> -9.396000 3.452000 -38.672001
c<A>r<165>R<SER> -11.502000 0.412000 -39.691002
c<A>r<166>R<ASN> -13.461000 -2.374000 -37.933998
c<A>r<167>R<SER> -12.972000 -5.941000 -39.014999
c<A>r<168>R<ALA> -14.047000 -9.523000 -37.970001
c<A>r<169>R<VAL> -12.755000 -12.859000 -39.299999
c<A>r<170>R<ALA> -14.733000 -16.075001 -39.984001
c<A>r<171>R<TRP> -13.223000 -19.466999 -41.118000
c<A>r<193>R<PHE> -21.275999 -5.306000 -50.098999
c<A>r<194>R<PHE> -20.958000 -9.073000 -51.099998
c<A>r<195>R<PRO> -18.715000 -9.410000 -54.214001
c<A>r<196>R<SER> -19.652000 -12.157000 -56.674000
c<A>r<197>R<PRO> -17.690001 -15.145000 -55.909000
c<B>r<29>R<ASN> 12.817000 -0.873000 0.319000
c<B>r<30>R<SER> 9.444000 -2.769000 -0.218000
c<B>r<36>R<GLN> -4.399000 -11.817000 -10.945000
c<B>r<37>R<ASP> -7.066000 -14.493000 -11.682000
c<B>r<38>R<PRO> -9.353000 -14.070000 -14.732000
c<B>r<39>R<GLY> -12.082000 -11.600000 -14.006000
c<B>r<40>R<MET> -10.678000 -10.815000 -10.532000
c<B>r<41>R<GLY> -8.518000 -7.861000 -9.226000
c<B>r<42>R<LEU> -4.990000 -8.191000 -7.932000
c<B>r<43>R<ARG> -4.598000 -10.280000 -4.778000
c<B>r<44>R<LEU> -1.568000 -9.969000 -2.518000
c<B>r<48>R<SER> 8.500000 -7.665000 2.178000
c<B>r<49>R<ALA> 9.019000 -4.331000 3.896000
c<B>r<50>R<SER> 12.882000 -4.757000 4.060000
c<B>r<51>R<GLU> 15.406000 -7.211000 3.285000
c<B>r<53>R<THR> 11.419000 -9.626000 6.355000
c<B>r<54>R<THR> 8.427000 -11.327000 4.702000
c<B>r<55>R<ASP> 4.741000 -11.105000 5.549000
c<B>r<56>R<LYS> 1.733000 -13.056000 4.250000
c<B>r<57>R<GLY> -0.887000 -11.396000 2.014000
c<B>r<58>R<GLU> -4.512000 -12.472000 1.347000
c<B>r<87>R<VAL> -0.789000 -14.306000 -13.945000
c<B>r<88>R<TYR> 1.804000 -13.330000 -11.279000
c<B>r<89>R<PHE> 3.056000 -9.732000 -10.800000
c<B>r<90>R<CYS> 6.169000 -8.682000 -8.920000
c<B>r<91>R<ALA> 6.050000 -5.026000 -7.604000
c<B>r<95>R<TRP> 7.997000 2.960000 1.691000
c<B>r<96>R<THR> 8.628000 6.297000 3.189000
c<B>r<97>R<GLY> 7.189000 5.152000 6.541000
c<B>r<98>R<GLU> 3.703000 6.377000 6.313000
c<B>r<99>R<GLY> 1.364000 5.701000 3.378000
c<B>r<100>R<SER> 1.914000 6.715000 -0.150000
c<B>r<101>R<GLY> 4.044000 4.973000 -2.528000
c<B>r<102>R<GLU> 3.018000 3.957000 -6.029000
c<B>r<103>R<LEU> 3.582000 0.351000 -6.845000
c<B>r<104>R<PHE> 5.984000 -0.288000 -9.724000
c<B>r<105>R<PHE> 5.005000 -3.656000 -11.367000
c<B>r<106>R<GLY> 7.085000 -6.174000 -13.419000
c<B>r<107>R<GLU> 5.925000 -7.411000 -16.809999
c<B>r<108>R<GLY> 4.057000 -10.377000 -15.230000
c<B>r<110>R<ARG> 1.759000 -16.427999 -16.733999
c<B>r<124>R<GLU> -0.787000 -24.333000 -36.984001
c<B>r<125>R<VAL> -0.018000 -21.063000 -38.660000
c<B>r<126>R<ALA> -1.219000 -19.934999 -42.141998
c<B>r<127>R<VAL> -1.280000 -16.556999 -43.937000
c<B>r<128>R<PHE> -4.300000 -15.825000 -46.181999
c<B>r<129>R<GLU> -3.683000 -13.364000 -49.055000
c<B>r<130>R<PRO> -6.023000 -10.330000 -49.698002
c<B>r<131>R<SER> -9.193000 -10.658000 -51.735001
c<B>r<132>R<GLU> -8.973000 -9.328000 -55.369999
c<B>r<133>R<ALA> -12.374000 -7.925000 -54.854000
c<B>r<134>R<GLU> -11.275000 -5.923000 -51.817001
c<B>r<137>R<HIS> -13.096000 -1.977000 -54.433998
c<B>r<138>R<THR> -11.078000 -0.167000 -51.733002
c<B>r<142>R<THR> -5.817000 -7.005000 -45.924999
c<B>r<143>R<LEU> -3.736000 -10.082000 -44.967999
c<B>r<144>R<VAL> -5.009000 -12.453000 -42.319000
c<B>r<146>R<LEU> -4.424000 -17.558001 -38.512001
c<B>r<167>R<HIS> 2.682000 -2.321000 -35.530998
c<B>r<168>R<SER> 0.810000 0.179000 -37.698002
c<B>r<169>R<GLY> -2.232000 -1.279000 -39.581001
c<B>r<170>R<VAL> -2.101000 -4.405000 -37.435001
c<B>r<171>R<CYS> -4.943000 -5.738000 -35.285999
c<B>r<172>R<THR> -4.774000 -8.986000 -33.300999
c<B>r<173>R<ASP> -7.726000 -10.476000 -31.454000
c<B>r<174>R<PRO> -7.856000 -9.264000 -27.825001
c<B>r<175>R<GLN> -8.104000 -12.821000 -26.476999
c<B>r<176>R<PRO> -7.575000 -16.275999 -28.181999
c<B>r<177>R<LEU> -10.815000 -17.948000 -29.212999
c<B>r<178>R<LYS> -11.727000 -21.361000 -27.586000
c<B>r<179>R<GLU> -12.450000 -23.836000 -30.478001
c<B>r<180>R<GLN> -14.616000 -25.959000 -28.146000
c<B>r<181>R<PRO> -15.852000 -23.718000 -25.283001
c<B>r<189>R<ALA> -7.297000 -20.020000 -32.154999
c<B>r<190>R<LEU> -5.926000 -16.500999 -32.683998
c<B>r<191>R<SER> -6.282000 -14.247000 -35.761002
c<B>r<192>R<SER> -4.281000 -11.151000 -36.692001
c<B>r<193>R<ARG> -4.967000 -8.784000 -39.645000
c<B>r<194>R<LEU> -2.419000 -6.603000 -41.505001
c<B>r<195>R<ARG> -3.923000 -3.955000 -43.812000
c<B>r<196>R<VAL> -1.621000 -2.218000 -46.390999
c<B>r<197>R<SER> -2.165000 -0.126000 -49.540001
c<B>r<237>R<ALA> 3.881000 -18.297001 -42.348999
c<B>r<239>R<ALA> 3.330000 -14.297000 -48.242001
c<C>r<153>R<HIS> -2.022000 -7.030000 14.135000
c<C>r<155>R<GLU> 3.019000 -9.203000 13.644000
c<C>r<156>R<ARG> 2.153000 -6.781000 10.907000
c<C>r<157>R<TYR> 3.103000 -3.649000 12.813000
c<C>r<159>R<GLN> 7.266000 -5.682000 10.357000
c<C>r<160>R<LEU> 6.222000 -2.051000 9.589000
c<C>r<161>R<LEU> 8.318000 -0.825000 12.529000
c<C>r<162>R<ARG> 11.365000 -2.678000 11.283000
c<C>r<163>R<GLY> 11.045000 -0.730000 8.143000
c<C>r<164>R<TRP> 10.620000 2.552000 10.011000
c<C>r<165>R<GLN> 13.530000 1.591000 12.135000
c<C>r<166>R<GLN> 15.743000 1.348000 9.024000
c<C>r<167>R<ALA> 14.337000 4.614000 7.648000
c<C>r<168>R<PHE> 15.001000 6.386000 10.926000
c<C>r<241>R<ASN> 6.386000 15.380000 -1.844000
c<C>r<243>R<HIS> 1.202000 13.347000 -1.610000
c<C>r<244>R<GLU> 3.069000 12.640000 1.616000
c<C>r<245>R<LEU> 1.971000 15.953000 3.096000
c<C>r<246>R<GLN> -1.622000 15.213000 2.194000
c<C>r<247>R<TYR> -1.314000 11.801000 3.664000
c<C>r<248>R<GLN> -0.018000 13.139000 6.971000
c<C>r<249>R<LYS> -2.979000 15.497000 7.219000
c<C>r<250>R<ASN> -5.449000 12.688000 6.572000
c<C>r<251>R<TRP> -3.771000 10.442000 9.154000
c<C>r<254>R<GLU> -9.086000 11.030000 10.559000
c<C>r<255>R<GLU> -7.015000 7.826000 11.114000
c<C>r<256>R<CYS> -5.368000 8.997000 14.407000
c<C>r<258>R<ALA> -10.365000 6.785000 14.795000
c<C>r<259>R<TRP> -7.696000 4.777000 16.534000
