1763156154502 0.0 22
1763156154517 0.0 22
1763156172078 1.0 45
1763156172094 1.0 45
1763156189815 2.0 68
1763156189832 2.0 68
1763156208120 3.0 91
1763156208130 3.0 91
1763156226043 4.0 114
1763156226046 4.0 114
1763156244521 5.0 137
1763156244523 5.0 137
1763156263807 6.0 160
1763156263817 6.0 160
1763156285029 7.0 183
1763156285038 7.0 183
1763156306894 8.0 206
1763156306904 8.0 206
1763156326673 9.0 229
1763156326685 9.0 229
1763156347020 10.0 252
1763156347031 10.0 252
1763156366048 11.0 275
1763156366063 11.0 275
1763156386500 12.0 298
1763156386514 12.0 298
1763156405760 13.0 321
1763156405776 13.0 321
1763156425141 14.0 344
1763156425144 14.0 344
1763156446688 15.0 367
1763156446692 15.0 367
1763156468177 16.0 390
1763156468188 16.0 390
1763156487205 17.0 413
1763156487220 17.0 413
1763156508449 18.0 436
1763156508464 18.0 436
1763156529203 19.0 459
1763156529221 19.0 459
1763156553092 20.0 482
1763156553109 20.0 482
1763156576652 21.0 505
1763156576655 21.0 505
1763156617270 22.0 528
1763156617343 22.0 528
1763156673779 23.0 551
1763156673789 23.0 551
1763156693270 24.0 574
1763156693284 24.0 574
1763156712517 25.0 597
1763156712533 25.0 597
1763156731766 26.0 620
1763156731783 26.0 620
1763156750935 27.0 643
1763156750953 27.0 643
1763156772886 28.0 666
1763156772889 28.0 666
1763156795199 29.0 689
1763156795220 29.0 689
1763156818184 30.0 712
1763156818235 30.0 712
1763156840944 31.0 735
1763156840960 31.0 735
1763156862857 32.0 758
1763156862860 32.0 758
1763156883910 33.0 781
1763156883930 33.0 781
1763156907860 34.0 804
1763156907880 34.0 804
1763156932568 35.0 827
1763156932572 35.0 827
1763156955445 36.0 850
1763156955456 36.0 850
1763156978319 37.0 873
1763156978335 37.0 873
1763157000101 38.0 896
1763157000104 38.0 896
1763157021334 39.0 919
1763157021352 39.0 919
1763157044148 40.0 942
1763157044152 40.0 942
1763157065135 41.0 965
1763157065146 41.0 965
1763157087272 42.0 988
1763157087283 42.0 988
1763157109840 43.0 1011
1763157109858 43.0 1011
1763157132000 44.0 1034
1763157132020 44.0 1034
1763157154646 45.0 1057
1763157154666 45.0 1057
1763157174456 46.0 1080
1763157174459 46.0 1080
1763157194988 47.0 1103
1763157194991 47.0 1103
1763157217332 48.0 1126
1763157217341 48.0 1126
1763157236965 49.0 1149
1763157236968 49.0 1149
1763157257788 50.0 1172
1763157257792 50.0 1172
1763157291147 51.0 1195
1763157291151 51.0 1195
1763157376389 52.0 1218
1763157376400 52.0 1218
1763157560562 53.0 1241
1763157560565 53.0 1241
1763157775643 54.0 1264
1763157775646 54.0 1264
1763158042727 55.0 1287
1763158042740 55.0 1287
1763158178413 56.0 1310
1763158178423 56.0 1310
1763158301225 57.0 1333
1763158301237 57.0 1333
1763158444652 58.0 1356
1763158444655 58.0 1356
1763158731382 59.0 1379
1763158731386 59.0 1379
1763159033110 60.0 1402
1763159033134 60.0 1402
1763159351574 61.0 1425
1763159351587 61.0 1425
1763159664963 62.0 1448
1763159664967 62.0 1448
1763159828991 63.0 1471
1763159828994 63.0 1471
1763159921716 64.0 1494
1763159921719 64.0 1494
