c<A>r<6>R<ARG> 25.855 -24.502 15.484
c<A>r<7>R<TYR> 25.423 -22.339 18.593
c<A>r<8>R<PHE> 25.699 -18.556 18.673
c<A>r<9>R<PHE> 26.205 -16.588 21.896
c<A>r<10>R<THR> 26.209 -12.852 22.382
c<A>r<11>R<SER> 26.849 -10.992 25.65
c<A>r<12>R<VAL> 26.656 -7.205 25.89
c<A>r<13>R<SER> 27.798 -5.342 28.982
c<A>r<14>R<ARG> 25.636 -2.759 30.616
c<A>r<15>R<PRO> 27.972 -0.287 32.231
c<A>r<20>R<PRO> 25.269 -8.352 30.675
c<A>r<21>R<ARG> 22.43 -9.01 28.241
c<A>r<22>R<PHE> 22.954 -12.588 27.017
c<A>r<23>R<ILE> 21.311 -14.238 24.001
c<A>r<24>R<ALA> 21.995 -17.783 22.845
c<A>r<25>R<VAL> 20.575 -19.414 19.725
c<A>r<26>R<GLY> 21.022 -22.893 18.304
c<A>r<27>R<TYR> 20.725 -23.928 14.666
c<A>r<28>R<VAL> 20.723 -27.029 12.578
c<A>r<29>R<ASP> 21.841 -25.787 9.167
c<A>r<30>R<ASP> 19.734 -22.656 8.522
c<A>r<31>R<THR> 17.001 -23.665 10.98
c<A>r<32>R<GLN> 16.913 -22.081 14.488
c<A>r<33>R<PHE> 15.709 -24.63 17.021
c<A>r<34>R<VAL> 16.376 -23.265 20.501
c<A>r<35>R<ARG> 16.967 -19.954 22.258
c<A>r<36>R<PHE> 17.871 -18.438 25.591
c<A>r<37>R<ASP> 17.427 -14.761 26.341
c<A>r<38>R<SER> 18.486 -13.35 29.745
c<A>r<39>R<ASP> 15.811 -10.674 29.34
c<A>r<40>R<ALA> 12.983 -13.281 29.141
c<A>r<45>R<MET> 16.331 -22.681 27.175
c<A>r<46>R<GLU> 13.221 -22.636 24.984
c<A>r<47>R<PRO> 12.136 -24.514 21.884
c<A>r<48>R<ARG> 11.943 -22.725 18.506
c<A>r<49>R<ALA> 11.239 -25.72 16.186
c<A>r<81>R<LEU> 38.808 -8.188 28.511
c<A>r<82>R<ARG> 38.135 -4.671 29.785
c<A>r<85>R<TYR> 42.51 -3.761 26.735
c<A>r<86>R<ASN> 42.851 -1.08 29.452
c<A>r<87>R<GLN> 39.293 0.138 28.807
c<A>r<88>R<SER> 37.047 2.361 30.964
c<A>r<90>R<ALA> 31.897 3.494 31.161
c<A>r<91>R<GLY> 31.424 1.81 27.797
c<A>r<92>R<SER> 29.342 -1.133 26.633
c<A>r<93>R<HIS> 31.301 -3.998 25.078
c<A>r<94>R<THR> 30.387 -7.236 23.339
c<A>r<95>R<VAL> 31.603 -10.808 23.408
c<A>r<96>R<GLN> 30.46 -13.251 20.697
c<A>r<97>R<ARG> 31.115 -16.972 20.509
c<A>r<98>R<MET> 30.138 -19.514 17.843
c<A>r<99>R<TYR> 30.885 -23.217 17.875
c<A>r<100>R<GLY> 29.556 -26.24 16.143
c<A>r<101>R<CYS> 30.075 -29.502 14.351
c<A>r<102>R<ASP> 29.347 -30.899 10.911
c<A>r<110>R<LEU> 33.323 -34.098 9.362
c<A>r<111>R<ARG> 34.596 -30.951 11.036
c<A>r<112>R<GLY> 34.344 -28.814 14.159
c<A>r<113>R<TYR> 34.905 -25.148 14.935
c<A>r<114>R<HIS> 34.998 -22.655 17.802
c<A>r<115>R<GLN> 35.361 -18.922 17.31
c<A>r<116>R<TYR> 35.397 -16.014 19.791
c<A>r<117>R<ALA> 35.197 -12.22 19.139
c<A>r<118>R<TYR> 35.499 -9.135 21.299
c<A>r<119>R<ASP> 33.873 -5.866 20.091
c<A>r<120>R<GLY> 33.143 -7.466 16.701
c<A>r<121>R<LYS> 36.707 -8.463 15.946
c<A>r<122>R<ASP> 38.41 -11.817 16
c<A>r<123>R<TYR> 39.876 -12.635 19.387
c<A>r<124>R<ILE> 40.699 -16.352 19.574
c<A>r<125>R<ALA> 39.663 -19.456 17.552
c<A>r<126>R<LEU> 40.381 -23.133 17.415
c<A>r<127>R<LYS> 42.448 -24.184 14.41
c<A>r<128>R<GLU> 40.958 -26.673 11.915
c<A>r<129>R<ASP> 42.524 -29.707 13.663
c<A>r<130>R<LEU> 40.878 -28.761 16.958
c<A>r<131>R<ARG> 44.199 -29.074 18.757
c<A>r<132>R<SER> 45.599 -25.521 18.834
c<A>r<133>R<TRP> 44.55 -21.892 18.866
c<A>r<134>R<THR> 44.75 -18.801 16.624
c<A>r<135>R<ALA> 45.139 -15.632 18.732
c<A>r<136>R<ALA> 44.491 -12.411 16.81
c<A>r<137>R<ASP> 46.525 -10.03 19.004
c<A>r<138>R<MET> 48.774 -9.951 22.062
c<A>r<139>R<ALA> 45.85 -9.885 24.507
c<A>r<140>R<ALA> 44.599 -13.14 23.069
c<A>r<141>R<GLN> 48.04 -14.665 23.516
c<A>r<142>R<THR> 47.357 -14.621 27.29
c<A>r<143>R<THR> 44.21 -16.565 26.707
c<A>r<144>R<LYS> 45.936 -18.972 24.336
c<A>r<185>R<PRO> 13.532 -22.391 -5.388
c<A>r<186>R<LYS> 10.261 -21.553 -7.059
c<A>r<187>R<THR> 11.457 -19.42 -9.922
c<A>r<188>R<HIS> 9.883 -16.947 -12.3
c<A>r<189>R<MET> 10.726 -13.936 -14.367
c<A>r<190>R<THR> 8.987 -10.584 -14.626
c<A>r<191>R<HIS> 9.258 -7.961 -17.33
c<A>r<192>R<HIS> 8.49 -4.291 -17.206
c<A>r<193>R<ALA> 9.293 -1.389 -19.46
c<A>r<194>R<VAL> 11.547 1.366 -18.1
c<A>r<195>R<SER> 11.131 3.415 -21.334
c<A>r<197>R<HIS> 13.148 1.205 -25.682
c<A>r<198>R<GLU> 14.375 -0.648 -22.58
c<A>r<200>R<THR> 13.929 -4.728 -16.883
c<A>r<201>R<LEU> 13.949 -8.457 -16.502
c<A>r<202>R<ARG> 13.846 -9.678 -12.906
c<A>r<203>R<CYS> 14.556 -13.316 -12.008
c<A>r<204>R<TRP> 12.986 -14.407 -8.708
c<A>r<205>R<ALA> 13.908 -17.338 -6.509
c<A>r<206>R<LEU> 11.403 -17.921 -3.746
c<A>r<207>R<SER> 10.61 -20.296 -0.932
c<A>r<208>R<PHE> 13.952 -22.1 -0.984
c<A>r<211>R<ALA> 19.804 -20.364 2.024
c<A>r<212>R<GLU> 22.854 -20.91 -0.215
c<A>r<213>R<ILE> 21.936 -20.061 -3.806
c<A>r<214>R<THR> 23.465 -18.556 -6.998
c<A>r<215>R<LEU> 21.599 -16.449 -9.524
c<A>r<216>R<THR> 23.517 -15.488 -12.68
c<A>r<217>R<TRP> 22.445 -13.675 -15.839
c<A>r<218>R<GLN> 23.87 -14.579 -19.262
c<A>r<219>R<ARG> 23.627 -12.873 -22.637
c<A>r<220>R<ASP> 23.958 -15.183 -25.615
c<A>r<221>R<GLY> 25.459 -17.83 -23.324
c<A>r<222>R<GLU> 28.154 -15.806 -21.426
c<A>r<223>R<ASP> 27.998 -14.277 -17.912
c<A>r<224>R<GLN> 26.607 -10.737 -17.784
c<A>r<225>R<THR> 27.343 -8.714 -14.664
c<A>r<226>R<GLN> 27.062 -5.23 -16.223
c<A>r<227>R<ASP> 23.666 -3.573 -16.141
c<A>r<228>R<THR> 22.499 -6.028 -13.44
c<A>r<229>R<GLU> 21.143 -5.432 -9.879
c<A>r<230>R<LEU> 20.196 -7.75 -7.05
c<A>r<231>R<VAL> 19.243 -8.14 -3.471
c<A>r<232>R<GLU> 20.944 -10.064 -0.746
c<A>r<233>R<THR> 19.317 -13.364 0.23
c<A>r<234>R<ARG> 16.622 -12.67 2.802
c<A>r<235>R<PRO> 14.361 -14.715 5.049
c<A>r<236>R<ALA> 10.718 -15.123 4.051
c<A>r<237>R<GLY> 9.738 -15.567 7.711
c<A>r<238>R<ASP> 8.406 -19.091 7.327
c<A>r<239>R<GLY> 11.797 -20.734 7.371
c<A>r<240>R<THR> 12.569 -20.331 3.679
c<A>r<241>R<PHE> 14.551 -17.712 1.812
c<A>r<242>R<GLN> 14.161 -15.304 -1.146
c<A>r<243>R<LYS> 16.442 -13.626 -3.693
c<A>r<244>R<TRP> 16.191 -11.831 -7.014
c<A>r<245>R<ALA> 18.547 -10.571 -9.734
c<A>r<246>R<ALA> 17.6 -8.119 -12.509
c<A>r<247>R<VAL> 19.109 -6.831 -15.805
c<A>r<248>R<VAL> 18.133 -3.906 -18.035
c<A>r<249>R<VAL> 17.974 -4.818 -21.719
c<A>r<250>R<PRO> 16.975 -3.291 -25.042
c<A>r<251>R<SER> 13.284 -3.935 -25.697
c<A>r<252>R<GLY> 12.918 -6.675 -28.252
c<A>r<253>R<GLN> 16.127 -8.395 -27.255
c<A>r<254>R<GLU> 14.85 -10.21 -24.229
c<A>r<255>R<GLN> 15.323 -13.651 -25.712
c<A>r<256>R<ARG> 19.107 -13.243 -25.645
c<A>r<257>R<TYR> 19.117 -13.218 -21.873
c<A>r<258>R<THR> 18.941 -16.179 -19.52
c<A>r<259>R<CYS> 18.847 -16.425 -15.704
c<A>r<260>R<HIS> 20.681 -19.413 -14.266
c<A>r<261>R<VAL> 19.752 -20.732 -10.826
c<A>r<262>R<GLN> 21.959 -23.114 -8.808
c<A>r<263>R<HIS> 20.673 -24.588 -5.565
c<A>r<264>R<GLU> 21.216 -27.9 -3.764
c<A>r<266>R<LEU> 17.918 -28.706 -7.907
c<A>r<267>R<PRO> 19.287 -31.896 -9.554
c<A>r<268>R<LYS> 20.491 -29.631 -12.346
c<A>r<269>R<PRO> 20.604 -25.817 -12.512
c<A>r<270>R<LEU> 17.632 -24.067 -13.975
c<A>r<271>R<THR> 17.68 -21.742 -16.943
c<A>r<272>R<LEU> 14.957 -19.197 -17.324
c<A>r<273>R<ARG> 14.172 -17.061 -20.367
c<B>r<0>R<MET> 35.233 0.186 18.777
c<B>r<1>R<ILE> 34.031 -1.034 15.374
c<B>r<2>R<GLN> 30.634 0.343 14.291
c<B>r<3>R<ARG> 28.76 -0.887 11.247
c<B>r<4>R<THR> 25.575 0.6 9.973
c<B>r<5>R<PRO> 22.559 -1.614 9.273
c<B>r<6>R<LYS> 21.552 -2.768 5.796
c<B>r<7>R<ILE> 17.747 -2.738 5.503
c<B>r<8>R<GLN> 15.286 -4.628 3.292
c<B>r<9>R<VAL> 11.529 -4.136 3.543
c<B>r<10>R<TYR> 9.363 -6.664 1.703
c<B>r<11>R<SER> 6.364 -8.943 1.93
c<B>r<12>R<ARG> 6.51 -12.676 2.387
c<B>r<13>R<HIS> 4.162 -13.242 -0.602
c<B>r<14>R<PRO> 3.103 -11.086 -3.608
c<B>r<15>R<ALA> 0.977 -8.252 -2.551
c<B>r<21>R<ASN> 0.189 -11.341 4.019
c<B>r<22>R<PHE> 3.305 -10.67 6.108
c<B>r<23>R<LEU> 5.467 -7.509 6.134
c<B>r<24>R<ASN> 9.125 -8.023 6.834
c<B>r<25>R<CYS> 11.942 -5.705 7.734
c<B>r<26>R<TYR> 15.321 -7.505 7.569
c<B>r<27>R<VAL> 18.172 -5.614 9.207
c<B>r<28>R<SER> 21.718 -6.961 8.839
c<B>r<29>R<GLY> 25.369 -6.108 8.853
c<B>r<30>R<PHE> 25.267 -3.945 11.93
c<B>r<31>R<HIS> 27.419 -3.663 15.085
c<B>r<32>R<PRO> 26.877 -3.106 17.991
c<B>r<33>R<SER> 23.684 -5.111 18.5
c<B>r<34>R<ASP> 21.423 -2.486 20.085
c<B>r<35>R<ILE> 18.924 -1.365 17.472
c<B>r<49>R<VAL> 5.349 -6.63 15.452
c<B>r<50>R<GLU> 7.57 -9.519 16.42
c<B>r<51>R<HIS> 11.219 -10.234 15.852
c<B>r<52>R<SER> 13.709 -13.012 15.553
c<B>r<53>R<ASP> 16.365 -13.904 18.095
c<B>r<54>R<LEU> 19.69 -12.085 17.664
c<B>r<55>R<SER> 22.253 -13.899 15.577
c<B>r<56>R<PHE> 25.351 -13.005 13.592
c<B>r<57>R<SER> 27.312 -13.596 10.438
c<B>r<58>R<LYS> 30.84 -14.589 9.481
c<B>r<59>R<ASP> 32.122 -11.087 9.894
c<B>r<60>R<TRP> 30.526 -10.934 13.368
c<B>r<61>R<SER> 27.853 -8.463 12.255
c<B>r<62>R<PHE> 24.36 -8.945 13.566
c<B>r<63>R<TYR> 21.046 -9.633 11.849
c<B>r<64>R<LEU> 17.378 -9.584 12.824
c<B>r<65>R<LEU> 14.008 -10.044 11.13
c<B>r<66>R<TYR> 11.034 -7.927 12.318
c<B>r<67>R<TYR> 7.597 -8.968 10.976
c<B>r<68>R<THR> 3.88 -8.655 11.227
c<B>r<69>R<GLU> 0.773 -10.002 9.59
c<B>r<70>R<PHE> -0.926 -7.356 7.472
c<B>r<79>R<ALA> 7.654 1.411 5.928
c<B>r<80>R<CYS> 10.325 0.316 8.373
c<B>r<81>R<ARG> 11.901 2.756 10.775
c<B>r<82>R<VAL> 15.375 1.899 12.147
c<B>r<83>R<ASN> 17.551 3.581 14.696
c<B>r<84>R<HIS> 21.118 2.623 15.588
c<B>r<85>R<VAL> 24.106 4.448 17.063
c<B>r<86>R<THR> 25.549 4.81 13.573
c<B>r<87>R<LEU> 22.512 6.94 12.465
c<B>r<88>R<SER> 21.936 10.707 13.156
c<B>r<89>R<GLN> 18.196 10.234 13.128
c<B>r<90>R<PRO> 15.803 7.315 12.483
c<B>r<91>R<LYS> 16.09 5.916 8.963
c<B>r<92>R<ILE> 12.798 5.166 7.241
c<B>r<93>R<VAL> 12.618 2.823 4.286
c<B>r<94>R<LYS> 9.344 2.603 2.316
c<B>r<95>R<TRP> 7.862 -0.713 1.286
c<B>r<96>R<ASP> 7.814 -1.041 -2.555
c<B>r<97>R<ARG> 5.693 -4.029 -3.544
c<B>r<98>R<ASP> 7.805 -4.952 -6.62
c<B>r<99>R<MET> 11.024 -5.777 -4.832
c<D>r<2>R<GLN> 46.53 -21.111 -36.606
c<D>r<3>R<GLU> 47.161 -17.581 -35.331
c<D>r<4>R<VAL> 44.636 -14.835 -34.605
c<D>r<5>R<THR> 45.683 -11.189 -34.71
c<D>r<6>R<GLN> 43.524 -8.271 -33.602
c<D>r<7>R<ILE> 44.358 -4.654 -34.371
c<D>r<8>R<PRO> 44.422 -2.036 -33.085
c<D>r<9>R<ALA> 45.415 -3.566 -29.742
c<D>r<10>R<ALA> 43.933 -0.471 -28.111
c<D>r<29>R<ALA> 40.013 -23.416 -42.948
c<D>r<30>R<ILE> 37.616 -22.321 -40.198
c<D>r<31>R<TYR> 34.197 -23.571 -39.089
c<D>r<32>R<ASN> 33.09 -20.159 -37.82
c<D>r<33>R<LEU> 34.164 -16.873 -36.23
c<D>r<34>R<GLN> 32.752 -15.437 -33.017
c<D>r<35>R<TRP> 33.103 -11.976 -31.489
c<D>r<36>R<PHE> 32.855 -11.409 -27.737
c<D>r<37>R<ARG> 32.874 -8.497 -25.323
c<D>r<38>R<GLN> 34.586 -8.661 -21.926
c<D>r<39>R<ASP> 34.278 -6.109 -19.119
c<D>r<40>R<PRO> 37.137 -5.803 -16.586
c<D>r<41>R<GLY> 36.95 -8.658 -14.092
c<D>r<42>R<LYS> 33.892 -10.198 -15.747
c<D>r<43>R<GLY> 33.118 -12.946 -18.255
c<D>r<44>R<LEU> 32.713 -13.131 -22.031
c<D>r<45>R<THR> 29.471 -11.989 -23.621
c<D>r<46>R<SER> 28.843 -13.243 -27.139
c<D>r<47>R<LEU> 28.155 -10.47 -29.637
c<D>r<48>R<LEU> 28.046 -12.083 -33.077
c<D>r<49>R<LEU> 28.59 -15.486 -34.644
c<D>r<50>R<ILE> 29.542 -15.871 -38.302
c<D>r<51>R<GLN> 29.382 -19.341 -39.833
c<D>r<52>R<SER> 31.787 -20.324 -42.621
c<D>r<53>R<SER> 28.844 -20.066 -45.028
c<D>r<54>R<GLN> 28.107 -16.464 -44.051
c<D>r<57>R<GLN> 26.092 -10.708 -39.32
c<D>r<58>R<THR> 24.351 -7.831 -37.549
c<D>r<59>R<SER> 22.949 -6.909 -34.137
c<D>r<60>R<GLY> 21.945 -3.342 -33.358
c<D>r<61>R<ARG> 24.824 -0.92 -33.887
c<D>r<62>R<LEU> 27.081 -3.959 -34.293
c<D>r<82>R<PRO> 30.884 5.314 -23.653
c<D>r<83>R<GLY> 29.061 2.123 -22.71
c<D>r<84>R<ASP> 30.757 0.334 -25.601
c<D>r<85>R<SER> 34.051 0.565 -23.692
c<D>r<86>R<ALA> 35.342 -2.96 -23.081
c<D>r<87>R<THR> 37.717 -5.508 -24.557
c<D>r<88>R<TYR> 36.567 -7.133 -27.806
c<D>r<89>R<LEU> 37.748 -10.666 -28.528
c<D>r<90>R<CYS> 37.722 -12.605 -31.773
c<D>r<91>R<ALA> 37.851 -16.393 -32
c<D>r<92>R<VAL> 37.797 -18.936 -34.815
c<D>r<93>R<ARG> 37.206 -22.683 -34.734
c<D>r<94>R<PRO> 38.766 -25.329 -37.032
c<D>r<95>R<THR> 36.817 -27.268 -39.648
c<D>r<96>R<SER> 37.11 -30.784 -41.067
c<D>r<97>R<GLY> 38.202 -32.58 -37.91
c<D>r<98>R<GLY> 40.535 -29.869 -36.675
c<D>r<99>R<SER> 40.494 -30.838 -33.003
c<D>r<100>R<TYR> 37.53 -28.455 -32.707
c<D>r<101>R<ILE> 40.16 -26.392 -30.863
c<D>r<102>R<PRO> 39.362 -22.658 -31.075
c<D>r<103>R<THR> 42.002 -19.94 -31.302
c<D>r<104>R<PHE> 41.482 -16.586 -29.573
c<D>r<105>R<GLY> 43.055 -13.251 -30.402
c<D>r<106>R<ARG> 44.55 -11.071 -27.662
c<D>r<107>R<GLY> 41.691 -8.623 -28.144
c<D>r<108>R<THR> 41.166 -4.909 -28.689
c<D>r<109>R<SER> 40.756 -2.681 -25.646
c<D>r<110>R<LEU> 38.252 0.025 -26.535
c<D>r<111>R<ILE> 37.595 3.277 -24.717
c<D>r<112>R<VAL> 34.855 5.563 -26.022
c<D>r<113>R<HIS> 35.165 8.983 -24.345
c<D>r<114>R<PRO> 32.121 11.046 -23.346
c<D>r<118>R<ASN> 30.751 22.417 -20.723
c<D>r<119>R<PRO> 34.213 21.592 -19.336
c<D>r<120>R<ASP> 34.775 23.062 -15.878
c<D>r<121>R<PRO> 38.143 21.593 -14.773
c<D>r<122>R<ALA> 38.824 21.793 -11.076
c<D>r<123>R<VAL> 40.719 20.057 -8.301
c<D>r<124>R<TYR> 38.975 19.763 -4.926
c<D>r<125>R<GLN> 40.217 18.471 -1.588
c<D>r<126>R<LEU> 37.822 16.14 0.244
c<D>r<127>R<ARG> 38.188 15.905 4.001
c<D>r<128>R<ARG> 37.862 13.22 6.643
c<D>r<129>R<SER> 37.236 9.492 6.694
c<D>r<130>R<LYS> 36.198 10.302 10.249
c<D>r<131>R<SER> 39.524 12.109 10.637
c<D>r<132>R<SER> 43.064 10.727 10.845
c<D>r<133>R<ASP> 43.354 8.679 7.649
c<D>r<134>R<LYS> 44.482 10.096 4.292
c<D>r<135>R<SER> 44.475 13.237 2.13
c<D>r<136>R<VAL> 42.157 12.875 -0.884
c<D>r<137>R<CYS> 41.765 15.142 -3.921
c<D>r<138>R<LEU> 39.425 15.012 -6.871
c<D>r<139>R<PHE> 40.285 16.318 -10.344
c<D>r<140>R<THR> 36.917 16.633 -12.059
c<D>r<141>R<ASP> 34.818 18.068 -14.881
c<D>r<142>R<PHE> 37.648 18.175 -17.388
c<D>r<148>R<VAL> 45.89 12.28 -16.175
c<D>r<149>R<SER> 49.469 11.103 -15.675
c<D>r<150>R<GLN> 51.196 9.523 -12.682
c<D>r<151>R<SER> 52.87 11.605 -9.981
c<D>r<152>R<LYS> 56.634 11.689 -9.48
c<D>r<153>R<ASP> 56.199 11.189 -5.742
c<D>r<154>R<SER> 56.602 7.963 -3.777
c<D>r<155>R<ASP> 53.73 8.477 -1.322
c<D>r<156>R<VAL> 51.272 9.777 -3.914
c<D>r<157>R<TYR> 48.717 7.854 -5.952
c<D>r<158>R<ILE> 46.628 8.933 -8.911
c<D>r<159>R<THR> 43.853 6.769 -10.303
c<D>r<160>R<ASP> 42.763 6.328 -13.888
c<D>r<161>R<LYS> 39.869 8.505 -14.982
c<D>r<162>R<CYS> 36.256 7.385 -15.056
c<D>r<163>R<VAL> 33.047 8.884 -16.287
c<D>r<164>R<LEU> 29.937 9.092 -14.153
c<D>r<165>R<ASP> 26.461 9.911 -15.39
c<D>r<166>R<MET> 23.958 11.869 -13.355
c<D>r<167>R<ARG> 20.931 10.493 -15.188
c<D>r<168>R<SER> 18.231 12.846 -13.887
c<D>r<169>R<MET> 20.226 15.831 -15.152
c<D>r<170>R<ASP> 21.53 14.204 -18.342
c<D>r<171>R<PHE> 24.954 15.268 -17.079
c<D>r<172>R<LYS> 28.212 13.355 -17.475
c<D>r<173>R<SER> 31.562 14.146 -15.886
c<D>r<174>R<ASN> 35.108 12.808 -15.845
c<D>r<175>R<SER> 37.213 12.523 -12.722
c<D>r<176>R<ALA> 40.424 11.125 -11.316
c<D>r<177>R<VAL> 41.367 10.71 -7.66
c<D>r<178>R<ALA> 44.708 11.442 -6.008
c<D>r<179>R<TRP> 45.815 10.891 -2.432
c<D>r<180>R<SER> 48.807 10.663 -0.114
c<D>r<181>R<ASN> 49.378 10.004 3.585
c<D>r<182>R<LYS> 48.001 12.7 5.929
c<D>r<187>R<CYS> 47.142 16.441 -2.674
c<D>r<188>R<ALA> 46.237 19.247 -5.085
c<D>r<200>R<THR> 41.808 24.729 -13.915
c<D>r<201>R<PHE> 40.184 25.817 -10.648
c<D>r<202>R<PHE> 42.337 25.135 -7.56
c<D>r<203>R<PRO> 40.36 26.37 -4.512
c<D>r<204>R<SER> 42.139 26.139 -1.156
c<E>r<2>R<GLY> 23.708 -21.557 -19.103
c<E>r<3>R<VAL> 27.274 -22.282 -18.026
c<E>r<4>R<THR> 28.009 -22.188 -14.308
c<E>r<5>R<GLN> 31.481 -22.469 -12.837
c<E>r<6>R<THR> 32.481 -22.435 -9.179
c<E>r<7>R<PRO> 34.068 -21.111 -7.183
c<E>r<8>R<LYS> 34.112 -17.586 -8.624
c<E>r<9>R<PHE> 37.094 -16.638 -6.445
c<E>r<21>R<GLN> 33.689 -26.965 -11.35
c<E>r<22>R<CYS> 31.84 -26.378 -14.601
c<E>r<23>R<ALA> 28.23 -27.316 -15.278
c<E>r<24>R<GLN> 25.972 -26.545 -18.237
c<E>r<25>R<ASP> 22.304 -27.433 -18.757
c<E>r<26>R<MET> 22.183 -27.084 -22.539
c<E>r<27>R<ASN> 23.007 -30.707 -23.358
c<E>r<28>R<HIS> 26.207 -29.432 -24.974
c<E>r<29>R<GLU> 28.522 -32.269 -25.978
c<E>r<30>R<TYR> 31.656 -30.114 -26.173
c<E>r<31>R<MET> 33.272 -28.56 -23.101
c<E>r<32>R<SER> 36.598 -26.826 -22.554
c<E>r<33>R<TRP> 38.769 -24.935 -20.075
c<E>r<34>R<TYR> 40.871 -21.841 -20.73
c<E>r<35>R<ARG> 43.162 -19.701 -18.643
c<E>r<36>R<GLN> 43.424 -15.974 -19.317
c<E>r<37>R<ASP> 46.58 -14.101 -18.349
c<E>r<38>R<PRO> 47.603 -10.441 -18.942
c<E>r<39>R<GLY> 48.525 -9.902 -22.584
c<E>r<40>R<MET> 48.672 -13.69 -22.818
c<E>r<41>R<GLY> 45.16 -14.02 -24.23
c<E>r<42>R<LEU> 42.94 -17.083 -23.759
c<E>r<43>R<ARG> 44.872 -20.364 -23.734
c<E>r<44>R<LEU> 43.124 -23.734 -23.991
c<E>r<45>R<ILE> 44.081 -26.095 -21.152
c<E>r<46>R<HIS> 41.866 -29.138 -21.744
c<E>r<47>R<TYR> 38.791 -30.038 -23.768
c<E>r<48>R<SER> 36.233 -32.814 -24.069
c<E>r<49>R<VAL> 34.458 -33.576 -27.343
c<E>r<50>R<GLY> 32.101 -35.861 -25.448
c<E>r<53>R<ILE> 36.371 -38.524 -23.853
c<E>r<54>R<THR> 39.116 -36.103 -22.813
c<E>r<55>R<ASP> 42.176 -34.517 -24.425
c<E>r<56>R<GLN> 44.918 -32.118 -23.343
c<E>r<57>R<GLY> 45.245 -28.628 -24.777
c<E>r<58>R<GLU> 48.037 -26.071 -25.054
c<E>r<59>R<VAL> 48.857 -25.779 -21.352
c<E>r<60>R<PRO> 47.603 -29.09 -19.861
c<E>r<69>R<THR> 29.003 -37.024 -17.515
c<E>r<70>R<THR> 27.779 -34.642 -20.228
c<E>r<71>R<GLU> 26.867 -31.814 -17.846
c<E>r<72>R<ASP> 30.171 -31.645 -15.936
c<E>r<86>R<SER> 45.039 -16.918 -13.386
c<E>r<87>R<VAL> 41.432 -16.432 -14.474
c<E>r<88>R<TYR> 39.872 -19.716 -15.588
c<E>r<89>R<PHE> 37.039 -19.933 -18.084
c<E>r<90>R<CYS> 34.861 -22.856 -19.015
c<E>r<91>R<ALA> 33.106 -22.834 -22.382
c<E>r<92>R<SER> 30.746 -25.26 -24.064
c<E>r<93>R<SER> 28.95 -25.786 -27.355
c<E>r<94>R<TYR> 26.876 -28.306 -29.269
c<E>r<95>R<VAL> 29.037 -30.825 -31.147
c<E>r<96>R<GLY> 28.531 -29.505 -34.675
c<E>r<97>R<ASN> 25.692 -27.041 -35.155
c<E>r<98>R<THR> 26.826 -23.405 -35.413
c<E>r<99>R<GLY> 29.949 -23.828 -33.317
c<E>r<100>R<GLU> 28.753 -21.109 -30.945
c<E>r<101>R<LEU> 30.708 -21.121 -27.704
c<E>r<102>R<PHE> 29.057 -20.345 -24.368
c<E>r<103>R<PHE> 31.33 -19.089 -21.594
c<E>r<104>R<GLY> 31.069 -19.306 -17.837
c<E>r<105>R<GLU> 31.631 -16.202 -15.695
c<E>r<106>R<GLY> 35.193 -17.165 -14.818
c<E>r<107>R<SER> 37.037 -18.291 -11.709
c<E>r<108>R<ARG> 39.753 -16.02 -10.314
c<E>r<109>R<LEU> 42.442 -18.078 -8.599
c<E>r<110>R<THR> 45.457 -16.816 -6.665
c<E>r<116>R<LYS> 50.352 -13.955 5.165
c<E>r<120>R<PRO> 41.489 -7.333 3.42
c<E>r<121>R<PRO> 40.745 -3.785 2.273
c<E>r<122>R<GLU> 40.561 -0.797 4.58
c<E>r<123>R<VAL> 37.646 1.349 3.399
c<E>r<124>R<ALA> 37.018 5.05 3.896
c<E>r<125>R<VAL> 34.505 7.574 2.576
c<E>r<126>R<PHE> 35.573 11.153 1.964
c<E>r<127>R<GLU> 32.892 13.819 2.109
c<E>r<128>R<PRO> 32.154 16.435 -0.584
c<E>r<129>R<SER> 34.293 19.54 -0.905
c<E>r<130>R<GLU> 32.493 22.751 0.06
c<E>r<131>R<ALA> 34.274 24.413 -2.869
c<E>r<132>R<GLU> 32.773 21.894 -5.311
c<E>r<133>R<ILE> 29.324 22.536 -3.855
c<E>r<134>R<SER> 29.634 26.297 -4.209
c<E>r<135>R<HIS> 31.137 26.082 -7.713
c<E>r<136>R<THR> 28.91 23.38 -9.256
c<E>r<137>R<GLN> 25.886 22.797 -7.001
c<E>r<138>R<LYS> 26.989 19.151 -7.088
c<E>r<139>R<ALA> 28.66 17.049 -4.406
c<E>r<140>R<THR> 31.048 14.18 -5.036
c<E>r<141>R<LEU> 31.758 11.565 -2.378
c<E>r<142>R<VAL> 34.813 9.365 -2.797
c<E>r<143>R<CYS> 35.212 5.839 -1.501
c<E>r<144>R<LEU> 38.747 4.529 -1.115
c<E>r<145>R<ALA> 39.577 0.85 -0.597
c<E>r<146>R<THR> 43.252 0.285 0.147
c<E>r<147>R<GLY> 45.822 -2.323 1.108
c<E>r<150>R<PRO> 44.542 -10.349 -3.955
c<E>r<151>R<ASP> 42.508 -8.109 -6.232
c<E>r<152>R<HIS> 39.285 -10.042 -5.586
c<E>r<153>R<VAL> 36.83 -7.277 -4.626
c<E>r<154>R<GLU> 33.417 -5.814 -5.495
c<E>r<155>R<LEU> 32.594 -2.218 -4.562
c<E>r<156>R<SER> 29.05 -0.847 -4.401
c<E>r<157>R<TRP> 27.28 2.309 -3.167
c<E>r<158>R<TRP> 24.041 2.273 -1.198
c<E>r<159>R<VAL> 21.995 5.398 -0.515
c<E>r<160>R<ASN> 19.327 5.04 2.178
c<E>r<161>R<GLY> 19.599 1.281 1.74
c<E>r<162>R<LYS> 19.171 1.297 -2.04
c<E>r<163>R<GLU> 22.021 0.215 -4.317
c<E>r<164>R<VAL> 22.799 3.037 -6.736
c<E>r<165>R<HIS> 24.291 3.204 -10.199
c<E>r<166>R<SER> 23.332 6.744 -11.183
c<E>r<167>R<GLY> 26.129 9.247 -10.626
c<E>r<168>R<VAL> 28.688 6.556 -9.854
c<E>r<169>R<CYS> 31.895 5.337 -11.37
c<E>r<170>R<THR> 34.572 3.038 -10.069
c<E>r<171>R<ASP> 38.127 2.689 -11.343
c<E>r<172>R<PRO> 38.107 0.04 -14.107
c<E>r<173>R<GLN> 41.152 -1.536 -12.49
c<E>r<174>R<PRO> 42.761 -1.241 -9.042
c<E>r<175>R<LEU> 46.217 0.281 -8.783
c<E>r<176>R<LYS> 49.291 -1.257 -7.193
c<E>r<177>R<GLU> 50.514 0.418 -4.024
c<E>r<178>R<GLN> 53.978 -1.126 -4.594
c<E>r<179>R<PRO> 54.292 -1.193 -8.445
c<E>r<180>R<ALA> 57.388 -3.386 -8.753
c<E>r<185>R<ARG> 48.651 -4.725 -2.253
c<E>r<186>R<TYR> 46.004 -2.777 -4.175
c<E>r<187>R<ALA> 43.911 0.363 -3.97
c<E>r<188>R<LEU> 40.581 1.067 -5.658
c<E>r<189>R<SER> 38.541 4.269 -5.698
c<E>r<190>R<SER> 34.96 5.104 -6.588
c<E>r<191>R<ARG> 32.938 8.296 -6.87
c<E>r<192>R<LEU> 29.269 8.982 -6.135
c<E>r<193>R<ARG> 28.015 12.386 -7.249
c<E>r<194>R<VAL> 24.708 13.835 -6.072
c<E>r<195>R<SER> 23.136 17.27 -6.127
c<E>r<196>R<ALA> 24.319 19.599 -3.385
c<E>r<197>R<THR> 20.758 19.728 -2.034
c<E>r<198>R<PHE> 20.68 15.952 -1.631
c<E>r<199>R<TRP> 24.014 15.95 0.208
c<E>r<200>R<GLN> 22.778 18.791 2.415
c<E>r<201>R<ASP> 19.861 16.726 3.764
c<E>r<202>R<PRO> 21.029 15.216 7.106
c<E>r<203>R<ARG> 18.521 12.388 6.652
c<E>r<204>R<ASN> 20.411 10.955 3.68
c<E>r<205>R<HIS> 22.696 8.016 4.487
c<E>r<206>R<PHE> 25.553 7.067 2.151
c<E>r<207>R<ARG> 27.301 3.696 2.364
c<E>r<208>R<CYS> 30.235 2.358 0.404
c<E>r<209>R<GLN> 30.87 -1.337 0.793
c<E>r<210>R<VAL> 33.546 -3.594 -0.542
c<E>r<211>R<GLN> 33.167 -7.333 -0.672
c<E>r<212>R<PHE> 36.566 -8.993 -0.423
c<E>r<213>R<TYR> 37.044 -12.643 -1.355
c<E>r<214>R<GLY> 39.762 -14.159 0.789
c<E>r<215>R<LEU> 40.544 -17.236 2.853
c<E>r<216>R<SER> 38.1 -19.913 3.951
c<E>r<217>R<GLU> 37.296 -20.298 7.648
c<E>r<218>R<ASN> 39.292 -23.533 7.603
c<E>r<219>R<ASP> 42.708 -22.33 6.432
c<E>r<220>R<GLU> 45.558 -22.258 8.942
c<E>r<221>R<TRP> 46.221 -18.744 10.229
c<E>r<222>R<THR> 49.026 -18.045 12.697
c<E>r<223>R<GLN> 49.206 -14.246 12.494
c<E>r<224>R<ASP> 48.547 -11.781 15.308
c<E>r<225>R<ARG> 45.77 -10.298 13.169
c<E>r<226>R<ALA> 42.266 -11.353 12.141
c<E>r<227>R<LYS> 42.192 -14.097 9.513
c<E>r<228>R<PRO> 41.546 -12.368 6.144
c<E>r<229>R<VAL> 38.436 -14.373 5.285
c<E>r<230>R<THR> 35.812 -13.385 2.729
c<E>r<231>R<GLN> 34.005 -10.375 4.143
c<E>r<232>R<ILE> 32.405 -7.01 3.523
c<E>r<233>R<VAL> 34.219 -3.899 4.756
c<E>r<234>R<SER> 32.16 -0.696 4.676
c<E>r<235>R<ALA> 32.313 3.016 5.431
c<E>r<236>R<GLU> 29.504 5.546 5.625
c<E>r<237>R<ALA> 28.536 9.177 5.849
c<E>r<238>R<TRP> 25.433 11.241 6.445
c<E>r<239>R<GLY> 24.467 14.409 4.66
c<E>r<240>R<ARG> 24.983 17.748 6.389
c<E>r<241>R<ALA> 23.35 21.165 6.04
c<E>r<242>R<ASP> 26.837 22.677 6.14
