c<A>r<6>R<ARG> 25.855 -24.502 15.484
c<A>r<7>R<TYR> 25.423 -22.339 18.593
c<A>r<8>R<PHE> 25.699 -18.556 18.673
c<A>r<9>R<PHE> 26.205 -16.588 21.896
c<A>r<10>R<THR> 26.209 -12.852 22.382
c<A>r<11>R<SER> 26.849 -10.992 25.65
c<A>r<12>R<VAL> 26.656 -7.205 25.89
c<A>r<13>R<SER> 27.798 -5.342 28.982
c<A>r<14>R<ARG> 25.636 -2.759 30.616
c<A>r<15>R<PRO> 27.972 -0.287 32.231
c<A>r<20>R<PRO> 25.269 -8.352 30.675
c<A>r<21>R<ARG> 22.43 -9.01 28.241
c<A>r<22>R<PHE> 22.954 -12.588 27.017
c<A>r<23>R<ILE> 21.311 -14.238 24.001
c<A>r<24>R<ALA> 21.995 -17.783 22.845
c<A>r<25>R<VAL> 20.575 -19.414 19.725
c<A>r<26>R<GLY> 21.022 -22.893 18.304
c<A>r<27>R<TYR> 20.725 -23.928 14.666
c<A>r<28>R<VAL> 20.723 -27.029 12.578
c<A>r<29>R<ASP> 21.841 -25.787 9.167
c<A>r<30>R<ASP> 19.734 -22.656 8.522
c<A>r<31>R<THR> 17.001 -23.665 10.98
c<A>r<32>R<GLN> 16.913 -22.081 14.488
c<A>r<33>R<PHE> 15.709 -24.63 17.021
c<A>r<34>R<VAL> 16.376 -23.265 20.501
c<A>r<35>R<ARG> 16.967 -19.954 22.258
c<A>r<36>R<PHE> 17.871 -18.438 25.591
c<A>r<37>R<ASP> 17.427 -14.761 26.341
c<A>r<38>R<SER> 18.486 -13.35 29.745
c<A>r<39>R<ASP> 15.811 -10.674 29.34
c<A>r<40>R<ALA> 12.983 -13.281 29.141
c<A>r<45>R<MET> 16.331 -22.681 27.175
c<A>r<46>R<GLU> 13.221 -22.636 24.984
c<A>r<47>R<PRO> 12.136 -24.514 21.884
c<A>r<48>R<ARG> 11.943 -22.725 18.506
c<A>r<49>R<ALA> 11.239 -25.72 16.186
c<A>r<77>R<ASP> 35.177 -12.536 30.153
c<A>r<78>R<LEU> 33.746 -9.061 29.624
c<A>r<79>R<GLY> 35.36 -7.96 32.877
c<A>r<80>R<THR> 38.664 -9.616 32.026
c<A>r<81>R<LEU> 38.808 -8.188 28.511
c<A>r<82>R<ARG> 38.135 -4.671 29.785
c<A>r<83>R<GLY> 41.346 -5.087 31.799
c<A>r<84>R<TYR> 43.335 -6.661 28.994
c<A>r<85>R<TYR> 42.51 -3.761 26.735
c<A>r<86>R<ASN> 42.851 -1.08 29.452
c<A>r<87>R<GLN> 39.293 0.138 28.807
c<A>r<88>R<SER> 37.047 2.361 30.964
c<A>r<89>R<GLU> 34.114 1.026 32.942
c<A>r<90>R<ALA> 31.897 3.494 31.161
c<A>r<91>R<GLY> 31.424 1.81 27.797
c<A>r<92>R<SER> 29.342 -1.133 26.633
c<A>r<93>R<HIS> 31.301 -3.998 25.078
c<A>r<94>R<THR> 30.387 -7.236 23.339
c<A>r<95>R<VAL> 31.603 -10.808 23.408
c<A>r<96>R<GLN> 30.46 -13.251 20.697
c<A>r<97>R<ARG> 31.115 -16.972 20.509
c<A>r<98>R<MET> 30.138 -19.514 17.843
c<A>r<99>R<TYR> 30.885 -23.217 17.875
c<A>r<100>R<GLY> 29.556 -26.24 16.143
c<A>r<111>R<ARG> 34.596 -30.951 11.036
c<A>r<112>R<GLY> 34.344 -28.814 14.159
c<A>r<113>R<TYR> 34.905 -25.148 14.935
c<A>r<114>R<HIS> 34.998 -22.655 17.802
c<A>r<115>R<GLN> 35.361 -18.922 17.31
c<A>r<116>R<TYR> 35.397 -16.014 19.791
c<A>r<117>R<ALA> 35.197 -12.22 19.139
c<A>r<118>R<TYR> 35.499 -9.135 21.299
c<A>r<119>R<ASP> 33.873 -5.866 20.091
c<A>r<120>R<GLY> 33.143 -7.466 16.701
c<A>r<121>R<LYS> 36.707 -8.463 15.946
c<A>r<122>R<ASP> 38.41 -11.817 16
c<A>r<123>R<TYR> 39.876 -12.635 19.387
c<A>r<124>R<ILE> 40.699 -16.352 19.574
c<A>r<125>R<ALA> 39.663 -19.456 17.552
c<A>r<126>R<LEU> 40.381 -23.133 17.415
c<A>r<127>R<LYS> 42.448 -24.184 14.41
c<A>r<128>R<GLU> 40.958 -26.673 11.915
c<A>r<129>R<ASP> 42.524 -29.707 13.663
c<A>r<130>R<LEU> 40.878 -28.761 16.958
c<A>r<131>R<ARG> 44.199 -29.074 18.757
c<A>r<132>R<SER> 45.599 -25.521 18.834
c<A>r<133>R<TRP> 44.55 -21.892 18.866
c<A>r<134>R<THR> 44.75 -18.801 16.624
c<A>r<135>R<ALA> 45.139 -15.632 18.732
c<A>r<136>R<ALA> 44.491 -12.411 16.81
c<A>r<137>R<ASP> 46.525 -10.03 19.004
c<A>r<138>R<MET> 48.774 -9.951 22.062
c<A>r<139>R<ALA> 45.85 -9.885 24.507
c<A>r<140>R<ALA> 44.599 -13.14 23.069
c<A>r<141>R<GLN> 48.04 -14.665 23.516
c<A>r<142>R<THR> 47.357 -14.621 27.29
c<A>r<143>R<THR> 44.21 -16.565 26.707
c<A>r<144>R<LYS> 45.936 -18.972 24.336
c<A>r<145>R<HIS> 48.624 -19.775 26.907
c<A>r<146>R<LYS> 46.055 -20.142 29.727
c<A>r<147>R<TRP> 43.982 -22.469 27.552
c<A>r<148>R<GLU> 46.95 -24.519 26.457
c<A>r<149>R<ALA> 47.932 -25.067 30.126
c<A>r<150>R<ALA> 44.433 -26.158 31.033
c<A>r<151>R<HIS> 44.032 -28.435 27.996
c<A>r<152>R<VAL> 40.949 -26.632 26.84
c<A>r<153>R<ALA> 41.241 -27.648 23.207
c<A>r<154>R<GLU> 41.104 -31.365 24.125
c<A>r<185>R<PRO> 13.532 -22.391 -5.388
c<A>r<186>R<LYS> 10.261 -21.553 -7.059
c<A>r<187>R<THR> 11.457 -19.42 -9.922
c<A>r<188>R<HIS> 9.883 -16.947 -12.3
c<A>r<189>R<MET> 10.726 -13.936 -14.367
c<A>r<190>R<THR> 8.987 -10.584 -14.626
c<A>r<191>R<HIS> 9.258 -7.961 -17.33
c<A>r<192>R<HIS> 8.49 -4.291 -17.206
c<A>r<193>R<ALA> 9.293 -1.389 -19.46
c<A>r<194>R<VAL> 11.547 1.366 -18.1
c<A>r<200>R<THR> 13.929 -4.728 -16.883
c<A>r<201>R<LEU> 13.949 -8.457 -16.502
c<A>r<202>R<ARG> 13.846 -9.678 -12.906
c<A>r<203>R<CYS> 14.556 -13.316 -12.008
c<A>r<204>R<TRP> 12.986 -14.407 -8.708
c<A>r<205>R<ALA> 13.908 -17.338 -6.509
c<A>r<206>R<LEU> 11.403 -17.921 -3.746
c<A>r<207>R<SER> 10.61 -20.296 -0.932
c<A>r<208>R<PHE> 13.952 -22.1 -0.984
c<A>r<211>R<ALA> 19.804 -20.364 2.024
c<A>r<212>R<GLU> 22.854 -20.91 -0.215
c<A>r<213>R<ILE> 21.936 -20.061 -3.806
c<A>r<214>R<THR> 23.465 -18.556 -6.998
c<A>r<215>R<LEU> 21.599 -16.449 -9.524
c<A>r<216>R<THR> 23.517 -15.488 -12.68
c<A>r<217>R<TRP> 22.445 -13.675 -15.839
c<A>r<218>R<GLN> 23.87 -14.579 -19.262
c<A>r<222>R<GLU> 28.154 -15.806 -21.426
c<A>r<223>R<ASP> 27.998 -14.277 -17.912
c<A>r<224>R<GLN> 26.607 -10.737 -17.784
c<A>r<225>R<THR> 27.343 -8.714 -14.664
c<A>r<226>R<GLN> 27.062 -5.23 -16.223
c<A>r<227>R<ASP> 23.666 -3.573 -16.141
c<A>r<228>R<THR> 22.499 -6.028 -13.44
c<A>r<229>R<GLU> 21.143 -5.432 -9.879
c<A>r<230>R<LEU> 20.196 -7.75 -7.05
c<A>r<231>R<VAL> 19.243 -8.14 -3.471
c<A>r<232>R<GLU> 20.944 -10.064 -0.746
c<A>r<233>R<THR> 19.317 -13.364 0.23
c<A>r<234>R<ARG> 16.622 -12.67 2.802
c<A>r<235>R<PRO> 14.361 -14.715 5.049
c<A>r<236>R<ALA> 10.718 -15.123 4.051
c<A>r<237>R<GLY> 9.738 -15.567 7.711
c<A>r<238>R<ASP> 8.406 -19.091 7.327
c<A>r<239>R<GLY> 11.797 -20.734 7.371
c<A>r<240>R<THR> 12.569 -20.331 3.679
c<A>r<241>R<PHE> 14.551 -17.712 1.812
c<A>r<242>R<GLN> 14.161 -15.304 -1.146
c<A>r<243>R<LYS> 16.442 -13.626 -3.693
c<A>r<244>R<TRP> 16.191 -11.831 -7.014
c<A>r<245>R<ALA> 18.547 -10.571 -9.734
c<A>r<246>R<ALA> 17.6 -8.119 -12.509
c<A>r<247>R<VAL> 19.109 -6.831 -15.805
c<A>r<248>R<VAL> 18.133 -3.906 -18.035
c<A>r<259>R<CYS> 18.847 -16.425 -15.704
c<A>r<260>R<HIS> 20.681 -19.413 -14.266
c<A>r<261>R<VAL> 19.752 -20.732 -10.826
c<A>r<262>R<GLN> 21.959 -23.114 -8.808
c<A>r<263>R<HIS> 20.673 -24.588 -5.565
c<A>r<264>R<GLU> 21.216 -27.9 -3.764
c<A>r<269>R<PRO> 20.604 -25.817 -12.512
c<A>r<270>R<LEU> 17.632 -24.067 -13.975
c<B>r<0>R<MET> 35.233 0.186 18.777
c<B>r<1>R<ILE> 34.031 -1.034 15.374
c<B>r<2>R<GLN> 30.634 0.343 14.291
c<B>r<3>R<ARG> 28.76 -0.887 11.247
c<B>r<4>R<THR> 25.575 0.6 9.973
c<B>r<5>R<PRO> 22.559 -1.614 9.273
c<B>r<6>R<LYS> 21.552 -2.768 5.796
c<B>r<7>R<ILE> 17.747 -2.738 5.503
c<B>r<8>R<GLN> 15.286 -4.628 3.292
c<B>r<9>R<VAL> 11.529 -4.136 3.543
c<B>r<10>R<TYR> 9.363 -6.664 1.703
c<B>r<11>R<SER> 6.364 -8.943 1.93
c<B>r<12>R<ARG> 6.51 -12.676 2.387
c<B>r<13>R<HIS> 4.162 -13.242 -0.602
c<B>r<14>R<PRO> 3.103 -11.086 -3.608
c<B>r<15>R<ALA> 0.977 -8.252 -2.551
c<B>r<21>R<ASN> 0.189 -11.341 4.019
c<B>r<22>R<PHE> 3.305 -10.67 6.108
c<B>r<23>R<LEU> 5.467 -7.509 6.134
c<B>r<24>R<ASN> 9.125 -8.023 6.834
c<B>r<25>R<CYS> 11.942 -5.705 7.734
c<B>r<26>R<TYR> 15.321 -7.505 7.569
c<B>r<27>R<VAL> 18.172 -5.614 9.207
c<B>r<28>R<SER> 21.718 -6.961 8.839
c<B>r<29>R<GLY> 25.369 -6.108 8.853
c<B>r<30>R<PHE> 25.267 -3.945 11.93
c<B>r<31>R<HIS> 27.419 -3.663 15.085
c<B>r<32>R<PRO> 26.877 -3.106 17.991
c<B>r<33>R<SER> 23.684 -5.111 18.5
c<B>r<34>R<ASP> 21.423 -2.486 20.085
c<B>r<35>R<ILE> 18.924 -1.365 17.472
c<B>r<49>R<VAL> 5.349 -6.63 15.452
c<B>r<50>R<GLU> 7.57 -9.519 16.42
c<B>r<51>R<HIS> 11.219 -10.234 15.852
c<B>r<52>R<SER> 13.709 -13.012 15.553
c<B>r<53>R<ASP> 16.365 -13.904 18.095
c<B>r<54>R<LEU> 19.69 -12.085 17.664
c<B>r<55>R<SER> 22.253 -13.899 15.577
c<B>r<56>R<PHE> 25.351 -13.005 13.592
c<B>r<57>R<SER> 27.312 -13.596 10.438
c<B>r<58>R<LYS> 30.84 -14.589 9.481
c<B>r<59>R<ASP> 32.122 -11.087 9.894
c<B>r<60>R<TRP> 30.526 -10.934 13.368
c<B>r<61>R<SER> 27.853 -8.463 12.255
c<B>r<62>R<PHE> 24.36 -8.945 13.566
c<B>r<63>R<TYR> 21.046 -9.633 11.849
c<B>r<64>R<LEU> 17.378 -9.584 12.824
c<B>r<65>R<LEU> 14.008 -10.044 11.13
c<B>r<66>R<TYR> 11.034 -7.927 12.318
c<B>r<67>R<TYR> 7.597 -8.968 10.976
c<B>r<68>R<THR> 3.88 -8.655 11.227
c<B>r<69>R<GLU> 0.773 -10.002 9.59
c<B>r<70>R<PHE> -0.926 -7.356 7.472
c<B>r<85>R<VAL> 24.106 4.448 17.063
c<B>r<86>R<THR> 25.549 4.81 13.573
c<B>r<96>R<ASP> 7.814 -1.041 -2.555
c<B>r<97>R<ARG> 5.693 -4.029 -3.544
c<B>r<98>R<ASP> 7.805 -4.952 -6.62
c<B>r<99>R<MET> 11.024 -5.777 -4.832
c<D>r<2>R<GLN> 30.103 -6.662 -0.725
c<D>r<3>R<GLU> 31.532 -8.791 2.087
c<D>r<4>R<VAL> 34.616 -11.011 2.049
c<D>r<5>R<THR> 34.906 -13.933 4.452
c<D>r<6>R<GLN> 38.025 -16.036 4.957
c<D>r<7>R<ILE> 38.036 -19.327 6.838
c<D>r<8>R<PRO> 39.598 -20.775 8.83
c<D>r<9>R<ALA> 40.558 -17.547 10.606
c<D>r<10>R<ALA> 43.581 -19.415 11.947
c<D>r<11>R<LEU> 45.178 -22.648 10.79
c<D>r<12>R<SER> 47.853 -24.751 12.478
c<D>r<13>R<VAL> 49.355 -27.736 10.668
c<D>r<14>R<PRO> 52.445 -29.978 10.687
c<D>r<15>R<GLU> 54.85 -29.308 7.828
c<D>r<17>R<GLU> 50.655 -31.351 4.737
c<D>r<18>R<ASN> 48.832 -29.862 1.767
c<D>r<19>R<LEU> 46.712 -26.882 2.86
c<D>r<20>R<VAL> 43.342 -25.384 1.887
c<D>r<21>R<LEU> 42.384 -21.728 2.482
c<D>r<22>R<ASN> 38.949 -20.42 1.556
c<D>r<23>R<CYS> 37.72 -17.013 0.464
c<D>r<24>R<SER> 34.061 -16.121 0.046
c<D>r<25>R<PHE> 32.352 -12.989 -1.219
c<D>r<26>R<THR> 28.673 -12.057 -1.278
c<D>r<27>R<ASP> 28.775 -10.058 -4.517
c<D>r<28>R<SER> 29.581 -12.202 -7.559
c<D>r<29>R<ALA> 30.002 -9.132 -9.775
c<D>r<30>R<ILE> 33.784 -8.865 -9.41
c<D>r<31>R<TYR> 36.54 -7.701 -11.762
c<D>r<32>R<ASN> 39.164 -9.978 -10.209
c<D>r<33>R<LEU> 40.404 -11.671 -7.036
c<D>r<34>R<GLN> 43.884 -11.295 -5.576
c<D>r<35>R<TRP> 45.651 -13.268 -2.852
c<D>r<36>R<PHE> 48.385 -11.718 -0.71
c<D>r<37>R<ARG> 50.786 -12.8 2.005
c<D>r<38>R<GLN> 51.681 -10.569 4.958
c<D>r<39>R<ASP> 54.455 -11.183 7.49
c<D>r<40>R<PRO> 54.128 -9.653 10.988
c<D>r<41>R<GLY> 54.985 -5.958 10.856
c<D>r<42>R<LYS> 55.639 -6.016 7.11
c<D>r<43>R<GLY> 53.765 -5.227 3.9
c<D>r<44>R<LEU> 51.594 -7.196 1.477
c<D>r<45>R<THR> 53.231 -9.458 -1.082
c<D>r<46>R<SER> 51.061 -10.434 -4.028
c<D>r<47>R<LEU> 50.798 -14.186 -4.541
c<D>r<48>R<LEU> 48.2 -14.751 -7.258
c<D>r<49>R<LEU> 45.79 -12.723 -9.358
c<D>r<50>R<ILE> 42.672 -14.273 -10.875
c<D>r<51>R<GLN> 40.763 -12.268 -13.474
c<D>r<52>R<SER> 36.986 -12.648 -13.8
c<D>r<53>R<SER> 37.623 -14.586 -17.019
c<D>r<54>R<GLN> 39.855 -17.128 -15.279
c<D>r<55>R<ARG> 39.139 -20.193 -13.149
c<D>r<57>R<GLN> 46.033 -19.572 -11.35
c<D>r<67>R<ASP> 34.012 -19.726 -8.837
c<D>r<68>R<LYS> 32.38 -16.331 -9.322
c<D>r<69>R<SER> 28.817 -17.673 -9.424
c<D>r<70>R<SER> 29.142 -19.273 -5.983
c<D>r<71>R<GLY> 31.238 -16.41 -4.648
c<D>r<72>R<ARG> 34.198 -18.611 -3.765
c<D>r<82>R<PRO> 57.43 -23.564 8.125
c<D>r<83>R<GLY> 58.362 -20.667 5.859
c<D>r<84>R<ASP> 54.779 -20.536 4.603
c<D>r<85>R<SER> 53.723 -19.225 8.026
c<D>r<86>R<ALA> 52.13 -15.802 7.569
c<D>r<87>R<THR> 48.736 -14.176 7.19
c<D>r<88>R<TYR> 46.996 -14.771 3.853
c<D>r<89>R<LEU> 44.631 -12.085 2.59
c<D>r<90>R<CYS> 42.001 -12.263 -0.118
c<D>r<91>R<ALA> 40.621 -9.242 -1.959
c<D>r<92>R<VAL> 38.101 -8.69 -4.741
c<D>r<93>R<ARG> 37.441 -5.634 -6.891
c<D>r<94>R<PRO> 34.073 -4.49 -8.327
c<D>r<95>R<THR> 33.208 -4.591 -12.021
c<D>r<96>R<SER> 31.036 -2.423 -14.267
c<D>r<97>R<GLY> 31.726 0.937 -12.651
c<D>r<98>R<GLY> 31.672 -0.301 -9.076
c<D>r<99>R<SER> 33.745 2.502 -7.568
c<D>r<100>R<TYR> 36.758 0.285 -8.316
c<D>r<101>R<ILE> 36.685 -0.044 -4.514
c<D>r<102>R<PRO> 38.244 -3.354 -3.399
c<D>r<103>R<THR> 37.046 -5.356 -0.405
c<D>r<104>R<PHE> 39.527 -7.251 1.776
c<D>r<105>R<GLY> 38.89 -10.24 4
c<D>r<106>R<ARG> 40.229 -10.333 7.564
c<D>r<107>R<GLY> 42.692 -13.014 6.495
c<D>r<108>R<THR> 43.839 -16.452 7.606
c<D>r<109>R<SER> 46.739 -16.684 10.042
c<D>r<110>R<LEU> 48.768 -19.752 9.121
c<D>r<111>R<ILE> 51.373 -21.533 11.207
c<D>r<112>R<VAL> 53.18 -24.514 9.695
c<D>r<113>R<HIS> 55.058 -26.378 12.452
c<D>r<114>R<PRO> 58.478 -27.957 11.879
c<D>r<118>R<ASN> 64.552 -36.1 17.783
c<D>r<119>R<PRO> 62.727 -34.18 20.534
c<D>r<120>R<ASP> 64.97 -33.424 23.506
c<D>r<121>R<PRO> 62.837 -31.139 25.731
c<D>r<122>R<ALA> 64.766 -29.188 28.309
c<D>r<123>R<VAL> 64.66 -25.973 30.3
c<D>r<124>R<TYR> 67.957 -24.127 30.793
c<D>r<125>R<GLN> 68.808 -21.061 32.852
c<D>r<126>R<LEU> 70.97 -18.467 31.085
c<D>r<127>R<ARG> 73.028 -16.168 33.271
c<D>r<128>R<ARG> 74.13 -12.552 33.204
c<D>r<129>R<SER> 73.481 -9.533 31.022
c<D>r<130>R<LYS> 76.724 -8.402 32.627
c<D>r<131>R<SER> 75.154 -9.219 35.995
c<D>r<132>R<SER> 72.355 -7.473 37.893
c<D>r<133>R<ASP> 69.498 -7.49 35.377
c<D>r<134>R<LYS> 66.989 -10.34 35.004
c<D>r<135>R<SER> 66.568 -14.116 35.319
c<D>r<136>R<VAL> 66.188 -15.788 31.906
c<D>r<137>R<CYS> 65.22 -19.375 31.063
c<D>r<138>R<LEU> 64.966 -21.206 27.78
c<D>r<139>R<PHE> 62.541 -24.064 27.105
c<D>r<140>R<THR> 63.937 -25.73 23.997
c<D>r<141>R<ASP> 64.066 -28.749 21.696
c<D>r<142>R<PHE> 60.494 -29.816 22.336
c<D>r<143>R<ASP> 58.222 -31.427 19.727
c<D>r<144>R<SER> 55.909 -29.088 17.81
c<D>r<145>R<GLN> 52.832 -30.592 19.47
c<D>r<146>R<THR> 53.952 -29.086 22.771
c<D>r<147>R<ASN> 52.193 -25.85 23.646
c<D>r<148>R<VAL> 53.632 -23.141 25.874
c<D>r<149>R<SER> 51.053 -21.4 28.055
c<D>r<150>R<GLN> 51.253 -18.218 30.124
c<D>r<151>R<SER> 52.411 -18.227 33.742
c<D>r<152>R<LYS> 50.081 -17.5 36.652
c<D>r<153>R<ASP> 52.617 -15.103 38.149
c<D>r<154>R<SER> 52.607 -11.309 37.959
c<D>r<155>R<ASP> 56.362 -10.79 37.559
c<D>r<156>R<VAL> 56.852 -13.622 35.07
c<D>r<157>R<TYR> 56.79 -13.503 31.281
c<D>r<158>R<ILE> 56.718 -16.303 28.743
c<D>r<159>R<THR> 57.15 -15.663 25.038
c<D>r<160>R<ASP> 55.51 -17.411 22.124
c<D>r<161>R<LYS> 57.527 -20.208 20.569
c<D>r<162>R<CYS> 59.708 -19.826 17.5
c<D>r<163>R<VAL> 61.657 -22.182 15.33
c<D>r<164>R<LEU> 65.286 -21.619 14.445
c<D>r<165>R<ASP> 67.215 -23.454 11.763
c<D>r<166>R<MET> 70.878 -24.305 12.077
c<D>r<167>R<ARG> 71.446 -24.592 8.334
c<D>r<168>R<SER> 74.902 -26.197 8.3
c<D>r<169>R<MET> 73.581 -29.077 10.412
c<D>r<170>R<ASP> 70.136 -29.297 8.799
c<D>r<171>R<PHE> 68.829 -29.01 12.357
c<D>r<172>R<LYS> 65.685 -27.194 13.478
c<D>r<173>R<SER> 64.556 -26.514 17.032
c<D>r<174>R<ASN> 61.66 -24.894 18.864
c<D>r<175>R<SER> 62.064 -22.658 21.881
c<D>r<176>R<ALA> 60.256 -20.289 24.197
c<D>r<177>R<VAL> 61.786 -17.816 26.64
c<D>r<178>R<ALA> 60.685 -17.053 30.194
c<D>r<179>R<TRP> 62.007 -14.488 32.642
c<D>r<180>R<SER> 61.287 -12.616 35.86
c<D>r<181>R<ASN> 63.035 -9.971 37.953
c<D>r<182>R<LYS> 66.318 -11.105 39.565
c<D>r<187>R<CYS> 62.586 -19.019 36.072
c<D>r<188>R<ALA> 62.543 -22.779 35.473
c<D>r<189>R<ASN> 59.337 -22.721 37.52
c<D>r<190>R<ALA> 57.711 -20.365 35.017
c<D>r<191>R<PHE> 56.631 -23.112 32.601
c<D>r<192>R<ASN> 54.866 -25.25 35.223
c<D>r<193>R<ASN> 51.54 -23.971 33.87
c<D>r<194>R<SER> 51.679 -25.637 30.463
c<D>r<195>R<ILE> 51.594 -29.272 29.379
c<D>r<196>R<ILE> 55.152 -30.502 28.858
c<D>r<197>R<PRO> 56.833 -33.93 28.532
c<D>r<200>R<THR> 61.727 -32.75 30.223
c<D>r<201>R<PHE> 65.287 -32.086 31.399
c<D>r<202>R<PHE> 65.516 -29.535 34.241
c<D>r<203>R<PRO> 69.232 -29.162 35.124
c<D>r<204>R<SER> 70.032 -26.889 38.069
c<E>r<2>R<GLY> 57.308 0.112 -7.161
c<E>r<3>R<VAL> 55.242 1.794 -4.459
c<E>r<4>R<THR> 57.113 3.852 -1.883
c<E>r<5>R<GLN> 55.497 5.371 1.18
c<E>r<6>R<THR> 57.124 7.483 3.878
c<E>r<7>R<PRO> 57.666 7.702 6.691
c<E>r<8>R<LYS> 57.783 4.009 7.618
c<E>r<9>R<PHE> 57.337 4.833 11.314
c<E>r<22>R<CYS> 52.941 7.683 -1.396
c<E>r<28>R<HIS> 49.422 3.748 -12.387
c<E>r<29>R<GLU> 46.283 5.863 -12.688
c<E>r<30>R<TYR> 44.584 4.413 -9.604
c<E>r<31>R<MET> 45.859 5.034 -6.075
c<E>r<32>R<SER> 44.368 4.364 -2.656
c<E>r<33>R<TRP> 44.974 4.46 1.094
c<E>r<34>R<TYR> 43.999 1.839 3.663
c<E>r<35>R<ARG> 44.345 1.532 7.401
c<E>r<36>R<GLN> 44.856 -1.878 8.992
c<E>r<37>R<ASP> 43.795 -2.456 12.59
c<E>r<38>R<PRO> 43.797 -5.66 14.718
c<E>r<39>R<GLY> 40.988 -7.968 13.629
c<E>r<40>R<MET> 39.591 -4.95 11.797
c<E>r<41>R<GLY> 41.088 -5.937 8.447
c<E>r<42>R<LEU> 42.039 -3.459 5.71
c<E>r<43>R<ARG> 39.692 -0.468 5.493
c<E>r<44>R<LEU> 39.753 1.931 2.54
c<E>r<45>R<ILE> 40.167 5.566 3.621
c<E>r<46>R<HIS> 40.444 7.447 0.319
c<E>r<47>R<TYR> 41.069 6.656 -3.334
c<E>r<48>R<SER> 41.856 8.427 -6.586
c<E>r<49>R<VAL> 40.804 7.019 -9.957
c<E>r<50>R<GLY> 42.994 9.615 -11.642
c<E>r<53>R<ILE> 40.171 13.279 -9.096
c<E>r<54>R<THR> 39.614 12.231 -5.481
c<E>r<55>R<ASP> 36.895 10.464 -3.491
c<E>r<56>R<GLN> 36.36 9.457 0.134
c<E>r<57>R<GLY> 36.27 5.835 1.243
c<E>r<58>R<GLU> 34.882 3.961 4.238
c<E>r<59>R<VAL> 36.742 5.859 6.959
c<E>r<60>R<PRO> 37.582 9.233 5.327
c<E>r<61>R<ASN> 36.766 11.008 8.593
c<E>r<82>R<PRO> 44.82 8.851 19.143
c<E>r<83>R<SER> 42.203 6.883 17.192
c<E>r<84>R<GLN> 44.367 7.384 14.098
c<E>r<85>R<THR> 47.033 5.087 15.553
c<E>r<86>R<SER> 47.196 2.37 12.885
c<E>r<87>R<VAL> 49.212 0.873 10.035
c<E>r<88>R<TYR> 48.62 2.759 6.787
c<E>r<89>R<PHE> 48.98 1.179 3.369
c<E>r<90>R<CYS> 49.051 2.781 -0.035
c<E>r<91>R<ALA> 48.163 0.677 -3.069
c<E>r<92>R<SER> 48.037 1.432 -6.77
c<E>r<93>R<SER> 47.061 -0.183 -10.052
c<E>r<94>R<TYR> 46.556 0.563 -13.727
c<E>r<95>R<VAL> 43.065 1.915 -14.458
c<E>r<96>R<GLY> 41.579 -1.174 -16.099
c<E>r<97>R<ASN> 44.035 -3.865 -17.144
c<E>r<98>R<THR> 44.163 -6.85 -14.769
c<E>r<99>R<GLY> 43.151 -4.922 -11.675
c<E>r<100>R<GLU> 46.329 -6.035 -9.913
c<E>r<101>R<LEU> 46.999 -3.98 -6.804
c<E>r<102>R<PHE> 50.526 -3.026 -5.758
c<E>r<103>R<PHE> 51.056 -2.23 -2.08
c<E>r<104>R<GLY> 53.565 -0.032 -0.319
c<E>r<105>R<GLU> 55.466 -1.345 2.715
c<E>r<106>R<GLY> 53.203 0.425 5.192
c<E>r<107>R<SER> 53.531 3.31 7.621
c<E>r<108>R<ARG> 53.174 2.576 11.338
c<E>r<109>R<LEU> 51.734 5.586 13.146
c<E>r<110>R<THR> 51.204 6.021 16.881
c<E>r<121>R<PRO> 64.169 -0.503 24.707
c<E>r<122>R<GLU> 66.669 -1.734 27.261
c<E>r<123>R<VAL> 68.636 -4.556 25.629
c<E>r<124>R<ALA> 70.515 -7.426 27.231
c<E>r<125>R<VAL> 72.223 -10.581 25.981
c<E>r<126>R<PHE> 72.155 -13.723 28.091
c<E>r<127>R<GLU> 74.956 -16.216 27.591
c<E>r<128>R<PRO> 74.558 -19.951 26.863
c<E>r<129>R<SER> 73.772 -22.393 29.645
c<E>r<130>R<GLU> 76.634 -24.766 30.459
c<E>r<131>R<ALA> 74.008 -27.493 30.886
c<E>r<132>R<GLU> 72.76 -26.957 27.32
c<E>r<133>R<ILE> 76.33 -27.17 26.038
c<E>r<134>R<SER> 77.02 -30.425 27.851
c<E>r<135>R<HIS> 73.658 -31.956 26.879
c<E>r<136>R<THR> 73.443 -30.878 23.213
c<E>r<137>R<GLN> 76.849 -29.583 22.077
c<E>r<138>R<LYS> 74.91 -26.468 21.052
c<E>r<139>R<ALA> 74.794 -23.034 22.664
c<E>r<140>R<THR> 71.831 -20.678 22.6
c<E>r<141>R<LEU> 72.227 -16.967 23.291
c<E>r<142>R<VAL> 69.127 -14.955 24.123
c<E>r<143>R<CYS> 68.604 -11.28 23.423
c<E>r<144>R<LEU> 65.943 -9.497 25.447
c<E>r<145>R<ALA> 64.572 -6.062 24.549
c<E>r<146>R<THR> 62.265 -4.678 27.221
c<E>r<147>R<GLY> 60.263 -1.642 28.274
c<E>r<150>R<PRO> 55.529 2.037 20.808
c<E>r<151>R<ASP> 56.202 -1.34 19.233
c<E>r<152>R<HIS> 58.319 0.161 16.439
c<E>r<153>R<VAL> 61.507 -1.937 16.585
c<E>r<154>R<GLU> 63.821 -4.094 14.454
c<E>r<155>R<LEU> 66.084 -6.667 16.108
c<E>r<156>R<SER> 69.118 -8.202 14.403
c<E>r<157>R<TRP> 72.112 -10.379 15.358
c<E>r<164>R<VAL> 73.244 -13.555 10.669
c<E>r<165>R<HIS> 70.033 -15.379 9.893
c<E>r<166>R<SER> 71.156 -18.973 10.384
c<E>r<167>R<GLY> 70.28 -20.346 13.811
c<E>r<168>R<VAL> 68.141 -17.347 14.714
c<E>r<169>R<CYS> 64.532 -16.725 15.522
c<E>r<170>R<THR> 62.764 -13.743 16.981
c<E>r<171>R<ASP> 59.323 -13.659 18.574
c<E>r<172>R<PRO> 56.78 -12.986 15.793
c<E>r<173>R<GLN> 55.17 -10.378 18.024
c<E>r<174>R<PRO> 56.31 -8.512 21.152
c<E>r<175>R<LEU> 54.479 -9.147 24.403
c<E>r<176>R<LYS> 52.842 -6.581 26.658
c<E>r<177>R<GLU> 54.495 -6.061 30.026
c<E>r<178>R<GLN> 51.206 -4.617 31.369
c<E>r<179>R<PRO> 48.514 -6.624 29.458
c<E>r<180>R<ALA> 45.457 -4.553 30.381
c<E>r<181>R<LEU> 46.944 -1.252 29.144
c<E>r<182>R<ASN> 46.451 0.102 25.63
c<E>r<183>R<ASP> 49.84 1.818 25.867
c<E>r<184>R<SER> 51.647 -0.961 27.694
c<E>r<185>R<ARG> 55.392 -1.105 27.251
c<E>r<186>R<TYR> 56.638 -4.132 25.308
c<E>r<187>R<ALA> 59.202 -6.902 25.471
c<E>r<188>R<LEU> 60.706 -8.869 22.591
c<E>r<189>R<SER> 63.096 -11.818 22.686
c<E>r<190>R<SER> 65.325 -13.491 20.128
c<E>r<191>R<ARG> 67.547 -16.562 20.102
c<E>r<192>R<LEU> 70.826 -17.235 18.296
c<E>r<193>R<ARG> 72.036 -20.828 18.447
c<E>r<194>R<VAL> 75.57 -21.841 17.497
c<E>r<195>R<SER> 77.689 -24.924 18.019
c<E>r<196>R<ALA> 79.296 -25.183 21.439
c<E>r<197>R<THR> 82.724 -25.045 19.778
c<E>r<198>R<PHE> 81.895 -21.718 18.144
c<E>r<199>R<TRP> 80.696 -20.248 21.445
c<E>r<206>R<PHE> 78.157 -11.638 19.329
c<E>r<207>R<ARG> 76.033 -8.495 19.045
c<E>r<208>R<CYS> 72.299 -8.056 19.365
c<E>r<209>R<GLN> 70.98 -4.705 18.253
c<E>r<212>R<PHE> 63.849 1.742 17.873
c<E>r<213>R<TYR> 61.816 4.312 15.955
c<E>r<233>R<VAL> 70.348 0.043 21.501
c<E>r<234>R<SER> 72.727 -2.931 21.563
c<E>r<235>R<ALA> 74.219 -5.561 23.85
c<E>r<236>R<GLU> 77.101 -7.933 23.223
c<E>r<237>R<ALA> 79.027 -10.943 24.408
c<E>r<238>R<TRP> 82.233 -12.752 23.574
c<E>r<239>R<GLY> 82.741 -16.478 23.446
c<E>r<240>R<ARG> 84.482 -18.217 26.336
c<E>r<242>R<ASP> 84.495 -22.165 29.829
