c<A>r<1>R<GLY> 24.291 -34.509 2.251
c<A>r<2>R<SER> 26.29 -32.781 5.061
c<A>r<3>R<HIS> 24.697 -31.06 7.983
c<A>r<4>R<SER> 25.745 -28.77 10.809
c<A>r<5>R<MET> 24.778 -27.922 14.348
c<A>r<6>R<ARG> 25.855 -24.502 15.484
c<A>r<7>R<TYR> 25.423 -22.339 18.593
c<A>r<8>R<PHE> 25.699 -18.556 18.673
c<A>r<9>R<PHE> 26.205 -16.588 21.896
c<A>r<10>R<THR> 26.209 -12.852 22.382
c<A>r<11>R<SER> 26.849 -10.992 25.65
c<A>r<12>R<VAL> 26.656 -7.205 25.89
c<A>r<13>R<SER> 27.798 -5.342 28.982
c<A>r<14>R<ARG> 25.636 -2.759 30.616
c<A>r<15>R<PRO> 27.972 -0.287 32.231
c<A>r<20>R<PRO> 25.269 -8.352 30.675
c<A>r<21>R<ARG> 22.43 -9.01 28.241
c<A>r<22>R<PHE> 22.954 -12.588 27.017
c<A>r<23>R<ILE> 21.311 -14.238 24.001
c<A>r<24>R<ALA> 21.995 -17.783 22.845
c<A>r<25>R<VAL> 20.575 -19.414 19.725
c<A>r<26>R<GLY> 21.022 -22.893 18.304
c<A>r<27>R<TYR> 20.725 -23.928 14.666
c<A>r<28>R<VAL> 20.723 -27.029 12.578
c<A>r<29>R<ASP> 21.841 -25.787 9.167
c<A>r<30>R<ASP> 19.734 -22.656 8.522
c<A>r<31>R<THR> 17.001 -23.665 10.98
c<A>r<32>R<GLN> 16.913 -22.081 14.488
c<A>r<33>R<PHE> 15.709 -24.63 17.021
c<A>r<34>R<VAL> 16.376 -23.265 20.501
c<A>r<35>R<ARG> 16.967 -19.954 22.258
c<A>r<36>R<PHE> 17.871 -18.438 25.591
c<A>r<37>R<ASP> 17.427 -14.761 26.341
c<A>r<38>R<SER> 18.486 -13.35 29.745
c<A>r<39>R<ASP> 15.811 -10.674 29.34
c<A>r<40>R<ALA> 12.983 -13.281 29.141
c<A>r<45>R<MET> 16.331 -22.681 27.175
c<A>r<46>R<GLU> 13.221 -22.636 24.984
c<A>r<47>R<PRO> 12.136 -24.514 21.884
c<A>r<48>R<ARG> 11.943 -22.725 18.506
c<A>r<49>R<ALA> 11.239 -25.72 16.186
c<A>r<81>R<LEU> 38.808 -8.188 28.511
c<A>r<82>R<ARG> 38.135 -4.671 29.785
c<A>r<85>R<TYR> 42.51 -3.761 26.735
c<A>r<86>R<ASN> 42.851 -1.08 29.452
c<A>r<87>R<GLN> 39.293 0.138 28.807
c<A>r<88>R<SER> 37.047 2.361 30.964
c<A>r<90>R<ALA> 31.897 3.494 31.161
c<A>r<91>R<GLY> 31.424 1.81 27.797
c<A>r<92>R<SER> 29.342 -1.133 26.633
c<A>r<93>R<HIS> 31.301 -3.998 25.078
c<A>r<94>R<THR> 30.387 -7.236 23.339
c<A>r<95>R<VAL> 31.603 -10.808 23.408
c<A>r<96>R<GLN> 30.46 -13.251 20.697
c<A>r<97>R<ARG> 31.115 -16.972 20.509
c<A>r<98>R<MET> 30.138 -19.514 17.843
c<A>r<99>R<TYR> 30.885 -23.217 17.875
c<A>r<100>R<GLY> 29.556 -26.24 16.143
c<A>r<101>R<CYS> 30.075 -29.502 14.351
c<A>r<102>R<ASP> 29.347 -30.899 10.911
c<A>r<103>R<VAL> 28.552 -34.432 9.836
c<A>r<104>R<GLY> 28.986 -35.684 6.331
c<A>r<105>R<SER> 26.753 -37.781 4.202
c<A>r<106>R<ASP> 28.002 -40.8 6.008
c<A>r<107>R<TRP> 26.54 -39.281 9.227
c<A>r<108>R<ARG> 30.031 -39.252 10.774
c<A>r<109>R<PHE> 32.023 -36.332 12.142
c<A>r<110>R<LEU> 33.323 -34.098 9.362
c<A>r<111>R<ARG> 34.596 -30.951 11.036
c<A>r<112>R<GLY> 34.344 -28.814 14.159
c<A>r<113>R<TYR> 34.905 -25.148 14.935
c<A>r<114>R<HIS> 34.998 -22.655 17.802
c<A>r<115>R<GLN> 35.361 -18.922 17.31
c<A>r<116>R<TYR> 35.397 -16.014 19.791
c<A>r<117>R<ALA> 35.197 -12.22 19.139
c<A>r<118>R<TYR> 35.499 -9.135 21.299
c<A>r<119>R<ASP> 33.873 -5.866 20.091
c<A>r<120>R<GLY> 33.143 -7.466 16.701
c<A>r<121>R<LYS> 36.707 -8.463 15.946
c<A>r<122>R<ASP> 38.41 -11.817 16
c<A>r<123>R<TYR> 39.876 -12.635 19.387
c<A>r<124>R<ILE> 40.699 -16.352 19.574
c<A>r<125>R<ALA> 39.663 -19.456 17.552
c<A>r<126>R<LEU> 40.381 -23.133 17.415
c<A>r<127>R<LYS> 42.448 -24.184 14.41
c<A>r<128>R<GLU> 40.958 -26.673 11.915
c<A>r<129>R<ASP> 42.524 -29.707 13.663
c<A>r<130>R<LEU> 40.878 -28.761 16.958
c<A>r<131>R<ARG> 44.199 -29.074 18.757
c<A>r<132>R<SER> 45.599 -25.521 18.834
c<A>r<133>R<TRP> 44.55 -21.892 18.866
c<A>r<134>R<THR> 44.75 -18.801 16.624
c<A>r<135>R<ALA> 45.139 -15.632 18.732
c<A>r<136>R<ALA> 44.491 -12.411 16.81
c<A>r<137>R<ASP> 46.525 -10.03 19.004
c<A>r<144>R<LYS> 45.936 -18.972 24.336
c<A>r<148>R<GLU> 46.95 -24.519 26.457
c<A>r<153>R<ALA> 41.241 -27.648 23.207
c<A>r<154>R<GLU> 41.104 -31.365 24.125
c<A>r<156>R<LEU> 36.28 -28.908 23.354
c<A>r<157>R<ARG> 37.378 -31.503 20.8
c<A>r<160>R<LEU> 32.8 -31.493 18.974
c<A>r<161>R<GLU> 33.797 -34.99 17.833
c<A>r<165>R<VAL> 27.729 -35.193 16.554
c<A>r<168>R<LEU> 23.089 -33.607 15.548
c<A>r<172>R<LEU> 18.333 -34.885 12.039
c<A>r<179>R<LEU> 15.825 -30.734 8.35
c<A>r<180>R<GLN> 16.585 -33.343 5.665
c<A>r<181>R<ARG> 14.246 -31.97 2.998
c<A>r<182>R<THR> 15.541 -29.424 0.485
c<A>r<183>R<ASP> 13.134 -26.864 -0.876
c<A>r<184>R<ALA> 14.139 -26.004 -4.409
c<A>r<185>R<PRO> 13.532 -22.391 -5.388
c<A>r<186>R<LYS> 10.261 -21.553 -7.059
c<A>r<187>R<THR> 11.457 -19.42 -9.922
c<A>r<188>R<HIS> 9.883 -16.947 -12.3
c<A>r<189>R<MET> 10.726 -13.936 -14.367
c<A>r<190>R<THR> 8.987 -10.584 -14.626
c<A>r<191>R<HIS> 9.258 -7.961 -17.33
c<A>r<192>R<HIS> 8.49 -4.291 -17.206
c<A>r<193>R<ALA> 9.293 -1.389 -19.46
c<A>r<194>R<VAL> 11.547 1.366 -18.1
c<A>r<195>R<SER> 11.131 3.415 -21.334
c<A>r<196>R<ASP> 9.839 2.898 -24.802
c<A>r<197>R<HIS> 13.148 1.205 -25.682
c<A>r<198>R<GLU> 14.375 -0.648 -22.58
c<A>r<199>R<ALA> 12.964 -3.13 -20.176
c<A>r<200>R<THR> 13.929 -4.728 -16.883
c<A>r<201>R<LEU> 13.949 -8.457 -16.502
c<A>r<202>R<ARG> 13.846 -9.678 -12.906
c<A>r<203>R<CYS> 14.556 -13.316 -12.008
c<A>r<204>R<TRP> 12.986 -14.407 -8.708
c<A>r<205>R<ALA> 13.908 -17.338 -6.509
c<A>r<206>R<LEU> 11.403 -17.921 -3.746
c<A>r<207>R<SER> 10.61 -20.296 -0.932
c<A>r<208>R<PHE> 13.952 -22.1 -0.984
c<A>r<209>R<TYR> 15.944 -23.923 1.712
c<A>r<210>R<PRO> 18.784 -23.965 2.557
c<A>r<211>R<ALA> 19.804 -20.364 2.024
c<A>r<212>R<GLU> 22.854 -20.91 -0.215
c<A>r<213>R<ILE> 21.936 -20.061 -3.806
c<A>r<214>R<THR> 23.465 -18.556 -6.998
c<A>r<215>R<LEU> 21.599 -16.449 -9.524
c<A>r<216>R<THR> 23.517 -15.488 -12.68
c<A>r<217>R<TRP> 22.445 -13.675 -15.839
c<A>r<218>R<GLN> 23.87 -14.579 -19.262
c<A>r<219>R<ARG> 23.627 -12.873 -22.637
c<A>r<220>R<ASP> 23.958 -15.183 -25.615
c<A>r<221>R<GLY> 25.459 -17.83 -23.324
c<A>r<222>R<GLU> 28.154 -15.806 -21.426
c<A>r<223>R<ASP> 27.998 -14.277 -17.912
c<A>r<224>R<GLN> 26.607 -10.737 -17.784
c<A>r<225>R<THR> 27.343 -8.714 -14.664
c<A>r<226>R<GLN> 27.062 -5.23 -16.223
c<A>r<227>R<ASP> 23.666 -3.573 -16.141
c<A>r<228>R<THR> 22.499 -6.028 -13.44
c<A>r<229>R<GLU> 21.143 -5.432 -9.879
c<A>r<230>R<LEU> 20.196 -7.75 -7.05
c<A>r<231>R<VAL> 19.243 -8.14 -3.471
c<A>r<232>R<GLU> 20.944 -10.064 -0.746
c<A>r<233>R<THR> 19.317 -13.364 0.23
c<A>r<234>R<ARG> 16.622 -12.67 2.802
c<A>r<235>R<PRO> 14.361 -14.715 5.049
c<A>r<236>R<ALA> 10.718 -15.123 4.051
c<A>r<237>R<GLY> 9.738 -15.567 7.711
c<A>r<238>R<ASP> 8.406 -19.091 7.327
c<A>r<239>R<GLY> 11.797 -20.734 7.371
c<A>r<240>R<THR> 12.569 -20.331 3.679
c<A>r<241>R<PHE> 14.551 -17.712 1.812
c<A>r<242>R<GLN> 14.161 -15.304 -1.146
c<A>r<243>R<LYS> 16.442 -13.626 -3.693
c<A>r<244>R<TRP> 16.191 -11.831 -7.014
c<A>r<245>R<ALA> 18.547 -10.571 -9.734
c<A>r<246>R<ALA> 17.6 -8.119 -12.509
c<A>r<247>R<VAL> 19.109 -6.831 -15.805
c<A>r<248>R<VAL> 18.133 -3.906 -18.035
c<A>r<249>R<VAL> 17.974 -4.818 -21.719
c<A>r<250>R<PRO> 16.975 -3.291 -25.042
c<A>r<251>R<SER> 13.284 -3.935 -25.697
c<A>r<252>R<GLY> 12.918 -6.675 -28.252
c<A>r<253>R<GLN> 16.127 -8.395 -27.255
c<A>r<254>R<GLU> 14.85 -10.21 -24.229
c<A>r<255>R<GLN> 15.323 -13.651 -25.712
c<A>r<256>R<ARG> 19.107 -13.243 -25.645
c<A>r<257>R<TYR> 19.117 -13.218 -21.873
c<A>r<258>R<THR> 18.941 -16.179 -19.52
c<A>r<260>R<HIS> 20.681 -19.413 -14.266
c<A>r<261>R<VAL> 19.752 -20.732 -10.826
c<A>r<262>R<GLN> 21.959 -23.114 -8.808
c<A>r<263>R<HIS> 20.673 -24.588 -5.565
c<A>r<264>R<GLU> 21.216 -27.9 -3.764
c<A>r<265>R<GLY> 17.53 -28.754 -4.137
c<A>r<266>R<LEU> 17.918 -28.706 -7.907
c<A>r<267>R<PRO> 19.287 -31.896 -9.554
c<A>r<268>R<LYS> 20.491 -29.631 -12.346
c<A>r<269>R<PRO> 20.604 -25.817 -12.512
c<A>r<270>R<LEU> 17.632 -24.067 -13.975
c<A>r<271>R<THR> 17.68 -21.742 -16.943
c<B>r<0>R<MET> 35.233 0.186 18.777
c<B>r<1>R<ILE> 34.031 -1.034 15.374
c<B>r<2>R<GLN> 30.634 0.343 14.291
c<B>r<3>R<ARG> 28.76 -0.887 11.247
c<B>r<4>R<THR> 25.575 0.6 9.973
c<B>r<5>R<PRO> 22.559 -1.614 9.273
c<B>r<6>R<LYS> 21.552 -2.768 5.796
c<B>r<7>R<ILE> 17.747 -2.738 5.503
c<B>r<8>R<GLN> 15.286 -4.628 3.292
c<B>r<9>R<VAL> 11.529 -4.136 3.543
c<B>r<10>R<TYR> 9.363 -6.664 1.703
c<B>r<11>R<SER> 6.364 -8.943 1.93
c<B>r<12>R<ARG> 6.51 -12.676 2.387
c<B>r<13>R<HIS> 4.162 -13.242 -0.602
c<B>r<14>R<PRO> 3.103 -11.086 -3.608
c<B>r<15>R<ALA> 0.977 -8.252 -2.551
c<B>r<21>R<ASN> 0.189 -11.341 4.019
c<B>r<22>R<PHE> 3.305 -10.67 6.108
c<B>r<23>R<LEU> 5.467 -7.509 6.134
c<B>r<24>R<ASN> 9.125 -8.023 6.834
c<B>r<25>R<CYS> 11.942 -5.705 7.734
c<B>r<26>R<TYR> 15.321 -7.505 7.569
c<B>r<27>R<VAL> 18.172 -5.614 9.207
c<B>r<28>R<SER> 21.718 -6.961 8.839
c<B>r<29>R<GLY> 25.369 -6.108 8.853
c<B>r<30>R<PHE> 25.267 -3.945 11.93
c<B>r<31>R<HIS> 27.419 -3.663 15.085
c<B>r<32>R<PRO> 26.877 -3.106 17.991
c<B>r<33>R<SER> 23.684 -5.111 18.5
c<B>r<34>R<ASP> 21.423 -2.486 20.085
c<B>r<35>R<ILE> 18.924 -1.365 17.472
c<B>r<49>R<VAL> 5.349 -6.63 15.452
c<B>r<50>R<GLU> 7.57 -9.519 16.42
c<B>r<51>R<HIS> 11.219 -10.234 15.852
c<B>r<52>R<SER> 13.709 -13.012 15.553
c<B>r<53>R<ASP> 16.365 -13.904 18.095
c<B>r<54>R<LEU> 19.69 -12.085 17.664
c<B>r<55>R<SER> 22.253 -13.899 15.577
c<B>r<56>R<PHE> 25.351 -13.005 13.592
c<B>r<57>R<SER> 27.312 -13.596 10.438
c<B>r<58>R<LYS> 30.84 -14.589 9.481
c<B>r<59>R<ASP> 32.122 -11.087 9.894
c<B>r<60>R<TRP> 30.526 -10.934 13.368
c<B>r<61>R<SER> 27.853 -8.463 12.255
c<B>r<62>R<PHE> 24.36 -8.945 13.566
c<B>r<63>R<TYR> 21.046 -9.633 11.849
c<B>r<64>R<LEU> 17.378 -9.584 12.824
c<B>r<65>R<LEU> 14.008 -10.044 11.13
c<B>r<66>R<TYR> 11.034 -7.927 12.318
c<B>r<67>R<TYR> 7.597 -8.968 10.976
c<B>r<68>R<THR> 3.88 -8.655 11.227
c<B>r<69>R<GLU> 0.773 -10.002 9.59
c<B>r<70>R<PHE> -0.926 -7.356 7.472
c<B>r<85>R<VAL> 24.106 4.448 17.063
c<B>r<86>R<THR> 25.549 4.81 13.573
c<B>r<93>R<VAL> 12.618 2.823 4.286
c<B>r<96>R<ASP> 7.814 -1.041 -2.555
c<B>r<97>R<ARG> 5.693 -4.029 -3.544
c<B>r<98>R<ASP> 7.805 -4.952 -6.62
c<B>r<99>R<MET> 11.024 -5.777 -4.832
c<D>r<2>R<GLN> 42.267 14.403 -17.871
c<D>r<3>R<GLU> 43.801 11.854 -15.497
c<D>r<4>R<VAL> 42.043 9.312 -13.287
c<D>r<5>R<THR> 43.738 7.988 -10.161
c<D>r<6>R<GLN> 42.438 5.137 -8.02
c<D>r<7>R<ILE> 43.796 4.333 -4.573
c<D>r<8>R<PRO> 44.611 2.05 -2.951
c<D>r<9>R<ALA> 45.903 0.182 -6.007
c<D>r<10>R<ALA> 45.388 -3.016 -4.024
c<D>r<13>R<VAL> 40.736 -6.98 4.153
c<D>r<14>R<PRO> 39.022 -9.556 6.389
c<D>r<15>R<GLU> 35.401 -10.228 5.467
c<D>r<16>R<GLY> 32.81 -8.245 7.376
c<D>r<17>R<GLU> 34.699 -4.96 7.222
c<D>r<18>R<ASN> 33.179 -1.962 5.472
c<D>r<19>R<LEU> 35.418 -0.816 2.6
c<D>r<20>R<VAL> 36.396 2.514 1.019
c<D>r<29>R<ALA> 34.344 19.146 -16.222
c<D>r<30>R<ILE> 32.772 15.685 -16.452
c<D>r<31>R<TYR> 29.448 14.432 -17.821
c<D>r<32>R<ASN> 29.286 11.491 -15.412
c<D>r<33>R<LEU> 31.259 8.904 -13.44
c<D>r<34>R<GLN> 30.79 5.149 -13.682
c<D>r<35>R<TRP> 32.09 2.346 -11.472
c<D>r<36>R<PHE> 32.673 -1.162 -12.821
c<D>r<37>R<ARG> 33.715 -4.55 -11.499
c<D>r<38>R<GLN> 35.975 -6.907 -13.456
c<D>r<39>R<ASP> 36.707 -10.546 -12.616
c<D>r<40>R<PRO> 39.999 -12.09 -13.826
c<D>r<41>R<GLY> 39.738 -12.932 -17.518
c<D>r<42>R<LYS> 36.182 -11.614 -17.795
c<D>r<43>R<GLY> 34.427 -8.42 -18.87
c<D>r<44>R<LEU> 33.285 -5.239 -17.127
c<D>r<45>R<THR> 30.084 -5.263 -15.103
c<D>r<46>R<SER> 28.569 -1.866 -14.396
c<D>r<47>R<LEU> 27.972 -1.209 -10.706
c<D>r<48>R<LEU> 26.9 2.424 -10.388
c<D>r<49>R<LEU> 26.465 5.467 -12.598
c<D>r<50>R<ILE> 26.613 8.993 -11.192
c<D>r<51>R<GLN> 25.494 11.854 -13.423
c<D>r<52>R<SER> 27.089 15.297 -13.076
c<D>r<53>R<SER> 23.85 16.452 -11.434
c<D>r<54>R<GLN> 24.025 13.767 -8.745
c<D>r<57>R<GLN> 24.102 6.571 -5.955
c<D>r<58>R<THR> 23.321 3.285 -4.21
c<D>r<59>R<SER> 22.799 -0.397 -4.995
c<D>r<60>R<GLY> 22.673 -2.969 -2.218
c<D>r<61>R<ARG> 25.814 -2.89 -0.081
c<D>r<62>R<LEU> 27.318 -0.553 -2.683
c<D>r<63>R<ASN> 27.065 3.225 -2.537
c<D>r<76>R<TYR> 31.731 2.327 -0.202
c<D>r<77>R<ILE> 31.187 -1.419 0.164
c<D>r<78>R<ALA> 29.348 -2.418 3.343
c<D>r<79>R<ALA> 30.075 -5.637 5.263
c<D>r<80>R<SER> 32.414 -6.944 2.583
c<D>r<81>R<GLN> 32.272 -10.573 1.495
c<D>r<82>R<PRO> 34.798 -12.868 -0.225
c<D>r<83>R<GLY> 32.604 -12.667 -3.313
c<D>r<84>R<ASP> 33.339 -8.948 -3.559
c<D>r<85>R<SER> 36.917 -9.815 -4.558
c<D>r<86>R<ALA> 37.591 -8.367 -8.01
c<D>r<87>R<THR> 39.102 -5.319 -9.665
c<D>r<88>R<TYR> 37.063 -2.114 -9.373
c<D>r<89>R<LEU> 37.376 0.44 -12.162
c<D>r<90>R<CYS> 36.359 4.079 -12.23
c<D>r<91>R<ALA> 35.704 6.057 -15.404
c<D>r<92>R<VAL> 34.624 9.605 -16.205
c<D>r<93>R<ARG> 33.343 11.114 -19.442
c<D>r<94>R<PRO> 33.895 14.692 -20.712
c<D>r<95>R<THR> 31.146 17.298 -20.943
c<D>r<96>R<SER> 30.476 20.203 -23.305
c<D>r<97>R<GLY> 31.778 18.641 -26.507
c<D>r<98>R<GLY> 34.783 16.95 -24.953
c<D>r<99>R<SER> 35.253 14.274 -27.608
c<D>r<100>R<TYR> 32.919 12.149 -25.465
c<D>r<101>R<ILE> 36.2 10.318 -24.797
c<D>r<102>R<PRO> 36.118 8.563 -21.399
c<D>r<103>R<THR> 39.143 8.186 -19.138
c<D>r<104>R<PHE> 39.622 5.035 -17.053
c<D>r<105>R<GLY> 41.626 4.605 -13.878
c<D>r<106>R<ARG> 44.009 1.664 -13.464
c<D>r<107>R<GLY> 41.641 0.196 -10.888
c<D>r<108>R<THR> 41.753 -1.195 -7.364
c<D>r<109>R<SER> 42.369 -4.912 -6.913
c<D>r<110>R<LEU> 40.316 -6.062 -3.939
c<D>r<111>R<ILE> 40.66 -9.277 -1.976
c<D>r<112>R<VAL> 38.219 -9.942 0.859
c<D>r<113>R<HIS> 39.5 -12.863 2.964
c<D>r<114>R<PRO> 37.16 -15.457 4.486
c<D>r<115>R<TYR> 36.919 -15.802 8.242
c<D>r<116>R<ILE> 38.139 -19.273 9.138
c<D>r<117>R<GLN> 36.392 -20.259 12.365
c<D>r<118>R<ASN> 38.548 -23.294 13.13
c<D>r<119>R<PRO> 41.983 -23.187 11.463
c<D>r<120>R<ASP> 43.466 -26.651 10.978
c<D>r<121>R<PRO> 46.632 -26.031 8.901
c<D>r<122>R<ALA> 48.028 -29.08 7.19
c<D>r<123>R<VAL> 50.041 -30.136 4.167
c<D>r<124>R<TYR> 48.946 -33.315 2.374
c<D>r<125>R<GLN> 50.524 -35.223 -0.494
c<D>r<126>R<LEU> 48.114 -36.322 -3.235
c<D>r<127>R<ARG> 49.134 -39.302 -5.327
c<D>r<128>R<ARG> 48.8 -40.385 -8.935
c<D>r<129>R<SER> 47.483 -38.867 -12.137
c<D>r<130>R<LYS> 47.316 -42.526 -13.118
c<D>r<131>R<SER> 50.941 -42.824 -12.003
c<D>r<132>R<SER> 54.12 -41.44 -13.574
c<D>r<133>R<ASP> 53.395 -37.708 -13.784
c<D>r<134>R<LYS> 54.118 -35.224 -10.981
c<D>r<135>R<SER> 54.311 -34.845 -7.192
c<D>r<136>R<VAL> 51.438 -32.727 -5.833
c<D>r<137>R<CYS> 50.924 -31.303 -2.336
c<D>r<138>R<LEU> 48.087 -29.352 -0.807
c<D>r<139>R<PHE> 48.509 -26.789 1.977
c<D>r<140>R<THR> 45.004 -26.357 3.358
c<D>r<141>R<ASP> 42.726 -25.176 6.159
c<D>r<142>R<PHE> 44.995 -22.364 7.278
c<D>r<143>R<ASP> 43.772 -19.018 8.646
c<D>r<144>R<SER> 43.47 -16.164 6.143
c<D>r<145>R<GLN> 46.333 -14.271 7.788
c<D>r<146>R<THR> 48.723 -16.965 6.585
c<D>r<148>R<VAL> 52.013 -18.519 0.942
c<D>r<149>R<SER> 55.323 -17.467 -0.598
c<D>r<150>R<GLN> 57.247 -18.824 -3.582
c<D>r<151>R<SER> 59.775 -21.64 -3.247
c<D>r<152>R<LYS> 63.509 -21.122 -3.712
c<D>r<153>R<ASP> 63.702 -24.173 -5.964
c<D>r<154>R<SER> 63.837 -24.242 -9.76
c<D>r<155>R<ASP> 61.639 -27.309 -10.311
c<D>r<156>R<VAL> 59.033 -26.353 -7.713
c<D>r<157>R<TYR> 55.815 -24.401 -8.17
c<D>r<158>R<ILE> 53.452 -22.937 -5.609
c<D>r<159>R<THR> 50.097 -21.479 -6.579
c<D>r<160>R<ASP> 48.282 -18.52 -5.1
c<D>r<161>R<LYS> 45.712 -19.353 -2.452
c<D>r<162>R<CYS> 42.003 -19.714 -3.107
c<D>r<163>R<VAL> 38.972 -20.199 -0.953
c<D>r<164>R<LEU> 36.424 -22.914 -1.591
c<D>r<165>R<ASP> 33.003 -23.149 -0.003
c<D>r<166>R<MET> 31.36 -26.432 0.875
c<D>r<167>R<ARG> 27.832 -25.03 0.825
c<D>r<168>R<SER> 25.937 -27.924 2.424
c<D>r<169>R<MET> 28.197 -27.712 5.48
c<D>r<170>R<ASP> 28.53 -23.917 5.552
c<D>r<171>R<PHE> 32.272 -24.587 5.585
c<D>r<172>R<LYS> 34.961 -22.519 3.875
c<D>r<173>R<SER> 38.64 -23.359 3.515
c<D>r<174>R<ASN> 41.801 -21.852 2.065
c<D>r<175>R<SER> 44.365 -23.818 0.109
c<D>r<176>R<ALA> 47.45 -23.528 -2.045
c<D>r<177>R<VAL> 48.972 -26.189 -4.288
c<D>r<178>R<ALA> 52.642 -27.057 -4.73
c<D>r<179>R<TRP> 54.279 -29.545 -7.065
c<D>r<180>R<SER> 57.555 -30.625 -8.64
c<D>r<181>R<ASN> 58.678 -33.307 -11.087
c<D>r<182>R<LYS> 58.322 -36.899 -9.81
c<D>r<187>R<CYS> 56.588 -31.561 -2.244
c<D>r<188>R<ALA> 55.804 -31.051 1.448
c<D>r<196>R<ILE> 53.245 -20.993 8.542
c<D>r<197>R<PRO> 51.853 -22.124 11.927
c<D>r<198>R<GLU> 54.361 -24.111 13.974
c<D>r<199>R<ASP> 51.599 -26.647 14.611
c<D>r<200>R<THR> 50.931 -27.254 10.907
c<D>r<201>R<PHE> 50.199 -30.949 10.354
c<D>r<202>R<PHE> 52.725 -32.69 8.068
c<D>r<203>R<PRO> 51.64 -36.36 7.778
c<D>r<204>R<SER> 53.945 -38.634 5.779
c<E>r<2>R<GLY> 23.538 -6.17 -25.176
c<E>r<3>R<VAL> 27.033 -5.819 -26.611
c<E>r<4>R<THR> 28.464 -8.822 -28.429
c<E>r<5>R<GLN> 32.031 -9.035 -29.668
c<E>r<6>R<THR> 33.694 -11.891 -31.529
c<E>r<7>R<PRO> 35.857 -13.782 -31.494
c<E>r<8>R<LYS> 36.311 -14.179 -27.733
c<E>r<9>R<PHE> 39.779 -15.687 -28.222
c<E>r<22>R<CYS> 31.282 -5.639 -32.204
c<E>r<23>R<ALA> 27.497 -5.572 -32.402
c<E>r<24>R<GLN> 24.912 -4.008 -30.095
c<E>r<25>R<ASP> 21.111 -4.113 -30.324
c<E>r<26>R<MET> 20.344 -1.1 -28.138
c<E>r<27>R<ASN> 20.279 1.484 -30.931
c<E>r<28>R<HIS> 23.299 3.098 -29.272
c<E>r<29>R<GLU> 24.786 5.863 -31.407
c<E>r<30>R<TYR> 28.183 5.848 -29.688
c<E>r<31>R<MET> 30.624 2.947 -29.989
c<E>r<32>R<SER> 34.265 2.548 -29.016
c<E>r<33>R<TRP> 37.192 0.138 -28.775
c<E>r<34>R<TYR> 39.691 -0.19 -25.935
c<E>r<35>R<ARG> 42.708 -2.351 -25.294
c<E>r<36>R<GLN> 43.556 -3.435 -21.755
c<E>r<37>R<ASP> 47.142 -4.3 -20.857
c<E>r<38>R<PRO> 48.724 -5.223 -17.475
c<E>r<39>R<GLY> 49.025 -2.145 -15.275
c<E>r<40>R<MET> 48.386 -0.157 -18.447
c<E>r<41>R<GLY> 44.675 0.278 -17.763
c<E>r<42>R<LEU> 42.032 0.717 -20.476
c<E>r<43>R<ARG> 43.259 2.716 -23.476
c<E>r<44>R<LEU> 40.873 4.036 -26.13
c<E>r<45>R<ILE> 41.875 2.97 -29.653
c<E>r<46>R<HIS> 39.04 4.302 -31.822
c<E>r<47>R<TYR> 35.521 5.633 -31.361
c<E>r<48>R<SER> 32.464 6.506 -33.417
c<E>r<49>R<VAL> 29.986 9.171 -32.317
c<E>r<50>R<GLY> 27.633 8.007 -35.052
c<E>r<53>R<ILE> 31.528 8.999 -38.475
c<E>r<54>R<THR> 34.838 7.712 -37.107
c<E>r<55>R<ASP> 37.785 9.143 -35.171
c<E>r<56>R<GLN> 41.095 7.83 -33.843
c<E>r<57>R<GLY> 41.815 7.517 -30.137
c<E>r<58>R<GLU> 44.946 7.297 -28.002
c<E>r<59>R<VAL> 46.495 4.238 -29.648
c<E>r<60>R<PRO> 44.928 4.178 -33.154
c<E>r<71>R<GLU> 24.825 -1.671 -34.916
c<E>r<86>R<SER> 46.053 -7.606 -25.635
c<E>r<87>R<VAL> 42.469 -7.847 -24.398
c<E>r<88>R<TYR> 40.119 -5.791 -26.568
c<E>r<89>R<PHE> 36.876 -4.313 -25.301
c<E>r<90>R<CYS> 34.036 -2.739 -27.201
c<E>r<91>R<ALA> 31.712 -0.353 -25.379
c<E>r<92>R<SER> 28.65 1.58 -26.462
c<E>r<93>R<SER> 26.195 4.145 -25.149
c<E>r<94>R<TYR> 23.346 6.392 -26.222
c<E>r<95>R<VAL> 24.581 9.712 -27.636
c<E>r<96>R<GLY> 23.681 11.96 -24.707
c<E>r<97>R<ASN> 21.336 10.487 -22.119
c<E>r<98>R<THR> 23.084 9.32 -18.933
c<E>r<99>R<GLY> 26.405 8.553 -20.577
c<E>r<100>R<GLU> 26.232 4.974 -19.308
c<E>r<101>R<LEU> 28.727 2.741 -21.075
c<E>r<102>R<PHE> 27.922 -0.874 -21.93
c<E>r<103>R<PHE> 30.88 -3.215 -22.393
c<E>r<104>R<GLY> 31.299 -6.367 -24.422
c<E>r<105>R<GLU> 32.849 -9.471 -22.842
c<E>r<106>R<GLY> 36.257 -8.841 -24.383
c<E>r<107>R<SER> 38.403 -10.476 -27.039
c<E>r<108>R<ARG> 41.724 -12.001 -25.975
c<E>r<109>R<LEU> 44.237 -11.803 -28.811
c<E>r<110>R<THR> 47.751 -13.24 -28.91
c<E>r<121>R<PRO> 47.442 -28.068 -21.703
c<E>r<122>R<GLU> 48.284 -31.453 -20.247
c<E>r<123>R<VAL> 45.671 -32.203 -17.581
c<E>r<124>R<ALA> 45.88 -34.499 -14.577
c<E>r<125>R<VAL> 43.701 -35.202 -11.547
c<E>r<126>R<PHE> 45.307 -36.06 -8.228
c<E>r<127>R<GLU> 43.272 -38.113 -5.788
c<E>r<128>R<PRO> 42.559 -37.233 -2.133
c<E>r<129>R<SER> 45.16 -37.839 0.548
c<E>r<130>R<GLU> 44.234 -40.611 2.986
c<E>r<131>R<ALA> 45.715 -38.433 5.739
c<E>r<132>R<GLU> 43.318 -35.589 4.884
c<E>r<133>R<ILE> 40.399 -38.018 4.984
c<E>r<134>R<SER> 41.36 -39.376 8.389
c<E>r<135>R<HIS> 42.101 -35.915 9.824
c<E>r<136>R<THR> 39.139 -33.938 8.422
c<E>r<137>R<GLN> 36.544 -36.368 7.032
c<E>r<138>R<LYS> 36.881 -34.321 3.836
c<E>r<139>R<ALA> 38.59 -35.187 0.561
c<E>r<140>R<THR> 40.211 -32.705 -1.794
c<E>r<141>R<LEU> 40.892 -33.563 -5.428
c<E>r<142>R<VAL> 43.325 -31.396 -7.358
c<E>r<143>R<CYS> 43.27 -30.76 -11.081
c<E>r<144>R<LEU> 46.491 -29.561 -12.678
c<E>r<145>R<ALA> 46.674 -28.082 -16.181
c<E>r<146>R<THR> 50.242 -27.495 -17.321
c<E>r<147>R<GLY> 52.392 -26.434 -20.251
c<E>r<150>R<PRO> 48.641 -18.765 -24.588
c<E>r<151>R<ASP> 46.686 -18.4 -21.365
c<E>r<152>R<HIS> 43.331 -18.895 -23.11
c<E>r<153>R<VAL> 41.687 -21.625 -21.005
c<E>r<154>R<GLU> 38.521 -22.455 -19.046
c<E>r<155>R<LEU> 38.605 -25.122 -16.334
c<E>r<156>R<SER> 35.491 -26.816 -14.956
c<E>r<157>R<TRP> 34.634 -29.782 -12.7
c<E>r<158>R<TRP> 31.884 -32.278 -13.459
c<E>r<159>R<VAL> 30.651 -34.834 -10.936
c<E>r<160>R<ASN> 28.525 -37.646 -12.375
c<E>r<161>R<GLY> 27.974 -35.465 -15.431
c<E>r<162>R<LYS> 26.847 -32.381 -13.51
c<E>r<163>R<GLU> 28.948 -29.208 -13.537
c<E>r<164>R<VAL> 29.786 -28.26 -9.957
c<E>r<165>R<HIS> 30.597 -25.013 -8.211
c<E>r<166>R<SER> 30.175 -26.066 -4.587
c<E>r<167>R<GLY> 33.458 -26.967 -2.913
c<E>r<168>R<VAL> 35.545 -25.711 -5.82
c<E>r<169>R<CYS> 38.108 -23.027 -6.37
c<E>r<170>R<THR> 40.484 -22.37 -9.21
c<E>r<171>R<ASP> 43.596 -20.202 -9.153
c<E>r<172>R<PRO> 42.538 -16.64 -10.074
c<E>r<173>R<GLN> 45.47 -16.489 -12.473
c<E>r<174>R<PRO> 47.729 -19.129 -14.049
c<E>r<175>R<LEU> 51.4 -19.152 -13.127
c<E>r<176>R<LYS> 54.362 -18.988 -15.481
c<E>r<177>R<GLU> 56.466 -22.13 -15.697
c<E>r<178>R<GLN> 59.392 -20.03 -17.017
c<E>r<179>R<PRO> 58.95 -16.654 -15.19
c<E>r<180>R<ALA> 61.445 -14.572 -17.172
c<E>r<185>R<ARG> 54.01 -21.738 -20.881
c<E>r<186>R<TYR> 51.476 -21.7 -18.04
c<E>r<187>R<ALA> 50.111 -23.87 -15.264
c<E>r<188>R<LEU> 46.722 -23.632 -13.562
c<E>r<189>R<SER> 45.372 -25.609 -10.616
c<E>r<190>R<SER> 41.919 -26.174 -9.177
c<E>r<191>R<ARG> 40.54 -27.938 -6.12
c<E>r<192>R<LEU> 37.281 -29.833 -5.609
c<E>r<193>R<ARG> 36.524 -30.789 -2.016
c<E>r<194>R<VAL> 33.847 -33.318 -1.091
c<E>r<195>R<SER> 32.99 -35.269 2.029
c<E>r<196>R<ALA> 35.101 -38.362 2.594
c<E>r<197>R<THR> 31.955 -40.495 2.31
c<E>r<198>R<PHE> 31.224 -39.11 -1.151
c<E>r<199>R<TRP> 34.781 -39.799 -2.32
c<E>r<200>R<GLN> 34.562 -43.306 -0.861
c<E>r<201>R<ASP> 31.61 -44.254 -3.091
c<E>r<204>R<ASN> 31.002 -41.371 -8.085
c<E>r<206>R<PHE> 34.905 -36.938 -11.086
c<E>r<207>R<ARG> 35.974 -35.105 -14.243
c<E>r<208>R<CYS> 38.166 -32.061 -14.654
c<E>r<209>R<GLN> 38.133 -30.517 -18.093
c<E>r<212>R<PHE> 41.898 -24.463 -24.552
c<E>r<213>R<TYR> 41.472 -21.862 -27.285
c<E>r<233>R<VAL> 41.611 -31.819 -22.531
c<E>r<234>R<SER> 40.236 -33.769 -19.561
c<E>r<235>R<ALA> 41.248 -36.085 -16.736
c<E>r<236>R<GLU> 39.072 -38.151 -14.428
c<E>r<237>R<ALA> 38.889 -40.272 -11.323
c<E>r<238>R<TRP> 36.416 -42.539 -9.594
c<E>r<239>R<GLY> 35.762 -42.743 -5.894
c<E>r<240>R<ARG> 37.235 -45.618 -3.902
c<E>r<241>R<ALA> 36.261 -47.328 -0.647
c<E>r<242>R<ASP> 39.929 -47.202 0.343
