c<A>r<1>R<GLY> -16.605000 -7.636000 8.163000
c<A>r<2>R<VAL> -16.997999 -4.229000 7.134000
c<A>r<3>R<HIS> -17.975000 -3.683000 3.501000
c<A>r<4>R<TYR> -17.768999 -0.218000 1.929000
c<A>r<45>R<ASP> 11.317000 2.103000 -10.353000
c<A>r<46>R<GLY> 7.644000 1.782000 -9.321000
c<A>r<47>R<VAL> 6.559000 -1.233000 -7.268000
c<A>r<48>R<LEU> 3.218000 -3.006000 -7.771000
c<A>r<49>R<LEU> 1.800000 -5.410000 -5.222000
c<A>r<50>R<PRO> -1.266000 -6.433000 -7.320000
c<A>r<51>R<THR> -4.547000 -8.239000 -6.547000
c<A>r<52>R<VAL> -4.667000 -11.834000 -7.769000
c<A>r<53>R<SER> -0.831000 -12.339000 -7.862000
c<A>r<54>R<ASN> 1.647000 -12.958000 -5.005000
c<A>r<55>R<GLU> 4.554000 -11.839000 -7.172000
c<A>r<56>R<VAL> 5.733000 -8.318000 -6.461000
c<A>r<57>R<ARG> 6.277000 -6.385000 -9.737000
c<A>r<58>R<ALA> 9.243000 -3.954000 -9.505000
c<A>r<80>R<TYR> -13.580000 5.249000 0.644000
c<A>r<81>R<ARG> -10.587000 7.555000 0.251000
c<A>r<82>R<THR> -7.822000 9.106000 2.334000
c<A>r<83>R<VAL> -5.325000 11.451000 0.736000
c<A>r<84>R<ARG> -2.164000 12.336000 2.598000
c<A>r<85>R<LEU> 0.114000 15.011000 1.179000
c<A>r<86>R<LEU> 3.739000 14.387000 2.068000
c<A>r<87>R<ASP> 5.070000 17.476000 0.382000
c<A>r<89>R<ASP> 5.888000 16.395000 -4.916000
c<A>r<90>R<SER> 4.737000 13.259000 -3.103000
c<A>r<91>R<ALA> 1.299000 11.998000 -1.884000
c<A>r<92>R<VAL> -0.521000 8.877000 -0.758000
c<A>r<93>R<ASP> -4.039000 7.905000 -1.925000
c<A>r<94>R<ALA> -5.342000 4.972000 0.061000
c<A>r<95>R<GLY> -8.728000 3.385000 0.806000
c<A>r<96>R<VAL> -11.200000 0.964000 -0.754000
c<A>r<113>R<ALA> -10.347000 -4.281000 -2.812000
c<A>r<114>R<ARG> -8.151000 -2.162000 -0.500000
c<A>r<115>R<TYR> -5.593000 0.136000 -2.347000
c<A>r<116>R<THR> -2.625000 2.280000 -1.712000
c<A>r<118>R<VAL> 1.964000 6.485000 -3.613000
c<A>r<119>R<TYR> 2.733000 9.235000 -6.097000
c<A>r<120>R<GLU> 5.898000 11.117000 -6.785000
c<A>r<121>R<LYS> 6.076000 14.150000 -9.043000
c<A>r<122>R<ARG> 9.124000 13.943000 -11.355000
c<A>r<129>R<ILE> 6.012000 4.873000 -7.207000
c<A>r<130>R<ASN> 3.892000 2.243000 -5.194000
c<A>r<131>R<HIS> 0.629000 0.553000 -5.821000
c<A>r<132>R<HIS> -0.637000 -2.061000 -3.385000
c<A>r<133>R<SER> -3.993000 -3.652000 -4.107000
c<A>r<134>R<SER> -5.550000 -6.569000 -2.023000
c<A>r<135>R<ALA> -8.768000 -8.429000 -1.582000
c<A>r<136>R<PRO> -10.919000 -7.628000 1.423000
c<A>r<137>R<GLU> -9.587000 -9.084000 4.666000
c<A>r<138>R<VAL> -11.797000 -11.036000 7.059000
c<A>r<139>R<ASP> -11.853000 -10.575000 10.852000
c<B>r<1>R<VAL> 4.961000 -17.438000 -5.701000
c<B>r<2>R<HIS> 6.071000 -17.783001 -2.120000
c<B>r<3>R<TYR> 8.998000 -15.842000 -0.732000
c<B>r<44>R<ASP> -3.108000 11.177000 10.455000
c<B>r<45>R<GLY> -1.575000 7.785000 9.562000
c<B>r<46>R<VAL> -3.710000 5.237000 7.701000
c<B>r<47>R<LEU> -3.561000 1.493000 8.393000
c<B>r<48>R<LEU> -5.034000 -1.067000 6.031000
c<B>r<49>R<PRO> -4.330000 -4.120000 8.270000
c<B>r<50>R<THR> -4.381000 -7.877000 7.722000
c<B>r<51>R<VAL> -7.416000 -9.755000 9.071000
c<B>r<52>R<SER> -9.657000 -6.639000 9.127000
c<B>r<53>R<ASN> -11.498000 -4.943000 6.233000
c<B>r<54>R<GLU> -11.927000 -1.744000 8.249000
c<B>r<55>R<VAL> -9.468000 0.970000 7.295000
c<B>r<56>R<ARG> -7.968000 2.564000 10.442000
c<B>r<57>R<ALA> -7.349000 6.336000 9.956000
c<B>r<79>R<TYR> 11.664000 -9.438000 0.130000
c<B>r<80>R<ARG> 12.195000 -5.683000 0.295000
c<B>r<81>R<THR> 12.109000 -2.635000 -1.958000
c<B>r<82>R<VAL> 12.946000 0.800000 -0.577000
c<B>r<83>R<ARG> 12.084000 3.880000 -2.575000
c<B>r<84>R<LEU> 13.319000 7.262000 -1.382000
c<B>r<85>R<LEU> 10.940000 10.062000 -2.353000
c<B>r<86>R<ASP> 12.997000 12.827000 -0.857000
c<B>r<88>R<ASP> 11.806000 13.268000 4.465000
c<B>r<89>R<SER> 9.612000 10.618000 2.819000
c<B>r<90>R<ALA> 10.202000 6.947000 1.789000
c<B>r<91>R<VAL> 8.374000 3.764000 0.894000
c<B>r<92>R<ASP> 9.310000 0.297000 2.218000
c<B>r<93>R<ALA> 7.355000 -2.406000 0.431000
c<B>r<94>R<GLY> 7.654000 -6.170000 -0.103000
c<B>r<95>R<VAL> 6.820000 -9.426000 1.654000
c<B>r<112>R<ALA> 1.908000 -11.174000 3.955000
c<B>r<113>R<ARG> 2.585000 -8.333000 1.478000
c<B>r<114>R<TYR> 3.357000 -4.889000 3.104000
c<B>r<115>R<THR> 3.725000 -1.279000 2.282000
c<B>r<117>R<VAL> 5.147000 4.877000 3.802000
c<B>r<118>R<TYR> 7.222000 7.057000 6.114000
c<B>r<119>R<GLU> 7.289000 10.769000 6.591000
c<B>r<120>R<LYS> 9.902000 12.543000 8.669000
c<B>r<121>R<ARG> 8.285000 15.235000 10.876000
c<B>r<128>R<ILE> 1.853000 7.780000 7.345000
c<B>r<129>R<ASN> 0.565000 4.529000 5.535000
c<B>r<130>R<HIS> 0.742000 0.897000 6.367000
c<B>r<131>R<HIS> -0.978000 -1.626000 4.103000
c<B>r<132>R<SER> -0.693000 -5.282000 5.013000
c<B>r<133>R<SER> -2.476000 -8.188000 3.139000
c<B>r<134>R<ALA> -2.516000 -11.911000 2.897000
c<B>r<135>R<PRO> -0.848000 -13.550000 -0.089000
c<B>r<136>R<GLU> -2.862000 -13.192000 -3.259000
c<B>r<137>R<VAL> -3.634000 -16.132999 -5.629000
