c<A>r<9>R<LEU> -1.886000 2.177000 -10.493000
c<A>r<10>R<ASN> -4.002000 4.289000 -12.836000
c<A>r<11>R<SER> -6.991000 2.084000 -12.337000
c<A>r<12>R<ASP> -9.747000 1.822000 -9.857000
c<A>r<13>R<LEU> -7.754000 0.397000 -6.973000
c<A>r<14>R<ALA> -10.875000 -0.521000 -5.000000
c<A>r<15>R<ASN> -11.668000 -3.028000 -7.690000
c<A>r<16>R<LEU> -8.206000 -4.105000 -8.613000
c<A>r<17>R<GLY> -9.123000 -7.628000 -9.601000
c<A>r<18>R<ALA> -11.820000 -6.542000 -12.069000
c<A>r<19>R<GLU> -9.495000 -3.908000 -13.528000
c<A>r<20>R<CYS> -6.768000 -6.412000 -14.096000
c<A>r<35>R<VAL> 5.016000 -0.785000 -5.460000
c<A>r<36>R<MET> 5.947000 2.359000 -3.486000
c<A>r<37>R<ASP> 6.955000 2.528000 0.172000
c<A>r<38>R<GLY> 6.920000 6.314000 0.789000
c<A>r<39>R<HIS> 10.672000 6.403000 1.316000
c<A>r<42>R<PRO> 7.158000 10.129000 -1.711000
c<A>r<43>R<ASN> 4.108000 7.836000 -2.333000
c<A>r<44>R<ILE> 2.607000 4.684000 -0.882000
c<A>r<45>R<THR> 0.673000 2.488000 -3.253000
c<A>r<46>R<PHE> 0.343000 -1.237000 -2.298000
c<A>r<47>R<GLY> 2.431000 -4.173000 -1.170000
c<A>r<48>R<HIS> 2.672000 -7.907000 -1.369000
c<A>r<49>R<PRO> -0.647000 -8.615000 0.406000
c<A>r<50>R<VAL> -2.428000 -6.982000 -2.456000
c<A>r<51>R<VAL> -0.325000 -8.908000 -4.965000
c<A>r<52>R<GLU> -1.135000 -12.114000 -3.269000
c<A>r<53>R<SER> -4.833000 -11.399000 -3.452000
c<A>r<54>R<LEU> -4.587000 -10.572000 -7.081000
c<A>r<55>R<ARG> -2.727000 -13.792000 -7.821000
c<A>r<56>R<LYS> -5.389000 -15.804000 -6.086000
c<A>r<57>R<GLN> -8.086000 -14.124000 -8.121000
c<A>r<58>R<LEU> -6.410000 -14.022000 -11.545000
c<A>r<70>R<VAL> 11.101000 0.822000 -2.321000
c<A>r<71>R<SER> 13.928000 1.401000 0.021000
c<A>r<72>R<LYS> 15.834000 -1.913000 0.602000
c<A>r<75>R<GLN> 13.518000 -7.185000 1.959000
c<A>r<76>R<TRP> 10.721000 -7.852000 -0.410000
c<A>r<79>R<PRO> 7.426000 -11.931000 0.073000
c<B>r<9>R<LEU> -6.476000 -6.007000 5.715000
c<B>r<10>R<ASN> -7.853000 -9.482000 6.422000
c<B>r<11>R<SER> -10.116000 -9.345000 3.424000
c<B>r<12>R<ASP> -9.809000 -9.997000 -0.223000
c<B>r<13>R<LEU> -7.691000 -6.992000 -1.140000
c<B>r<14>R<ALA> -8.251000 -7.491000 -4.877000
c<B>r<15>R<ASN> -11.890000 -6.699000 -4.302000
c<B>r<16>R<LEU> -11.558000 -4.166000 -1.573000
c<B>r<17>R<GLY> -14.634000 -2.172000 -2.476000
c<B>r<18>R<ALA> -16.951000 -5.193000 -2.408000
c<B>r<19>R<GLU> -15.434000 -6.348000 0.872000
c<B>r<20>R<CYS> -15.992000 -3.007000 2.482000
c<B>r<35>R<VAL> -1.519000 1.558000 6.332000
c<B>r<36>R<MET> 2.043000 0.161000 6.503000
c<B>r<37>R<ASP> 5.131000 1.579000 4.801000
c<B>r<38>R<GLY> 7.679000 -1.230000 5.384000
c<B>r<39>R<HIS> 9.789000 0.958000 7.635000
c<B>r<42>R<PRO> 8.194000 -4.763000 8.245000
c<B>r<43>R<ASN> 5.088000 -4.840000 5.937000
c<B>r<44>R<ILE> 3.641000 -2.832000 3.078000
c<B>r<45>R<THR> -0.112000 -2.835000 2.719000
c<B>r<46>R<PHE> -1.704000 0.144000 0.856000
c<B>r<47>R<GLY> -1.636000 3.903000 0.774000
c<B>r<48>R<HIS> -3.758000 6.925000 0.068000
c<B>r<49>R<PRO> -4.437000 6.068000 -3.620000
c<B>r<50>R<VAL> -6.306000 3.018000 -2.490000
c<B>r<51>R<VAL> -8.168000 5.030000 0.131000
c<B>r<52>R<GLU> -9.169000 7.529000 -2.430000
c<B>r<53>R<SER> -10.560000 4.826000 -4.667000
c<B>r<54>R<LEU> -12.492000 3.364000 -1.846000
c<B>r<55>R<ARG> -13.989000 6.730000 -0.926000
c<B>r<56>R<LYS> -15.123000 7.258000 -4.471000
c<B>r<57>R<GLN> -16.806000 3.878000 -4.513000
c<B>r<58>R<LEU> -18.364000 3.841000 -1.036000
c<B>r<70>R<VAL> 4.300000 4.571000 8.890000
c<B>r<71>R<SER> 7.509000 6.327000 9.441000
c<B>r<72>R<LYS> 6.958000 10.166000 9.498000
c<B>r<75>R<GLN> 3.864000 13.359000 5.565000
c<B>r<76>R<TRP> 0.589000 11.672000 5.035000
c<B>r<79>R<PRO> -2.871000 13.128000 1.324000
