c<A>r<32>R<SER> 1.254000 16.438000 3.956000
c<A>r<33>R<TYR> -1.777000 15.760000 1.735000
c<A>r<34>R<ILE> -1.376000 12.263000 0.251000
c<A>r<35>R<SER> -4.349000 11.242000 -1.921000
c<A>r<37>R<ILE> -5.145000 5.282000 -3.388000
c<A>r<38>R<GLY> -8.117000 2.870000 -3.149000
c<A>r<39>R<VAL> -9.593000 2.252000 0.355000
c<A>r<40>R<ASP> -7.713000 2.292000 3.720000
c<A>r<41>R<PHE> -8.582000 -0.011000 6.644000
c<A>r<42>R<LYS> -8.000000 0.191000 10.410000
c<A>r<56>R<GLN> -13.537000 -1.951000 11.578000
c<A>r<58>R<TRP> -12.967000 1.746000 6.095000
c<A>r<63>R<GLN> -13.372000 9.440000 -6.053000
c<A>r<65>R<ARG> -16.914000 7.892000 -10.319000
c<A>r<69>R<ILE> -16.319000 -0.750000 -6.743000
c<A>r<72>R<SER> -19.403999 -3.823000 -1.959000
c<A>r<73>R<TYR> -18.059999 -1.507000 0.818000
c<B>r<40>R<ASN> -3.634000 -4.277000 -8.018000
c<B>r<43>R<HIS> -4.537000 -6.106000 -3.376000
c<B>r<44>R<LYS> -7.969000 -4.358000 -3.754000
c<B>r<47>R<LYS> -8.333000 -5.310000 1.265000
c<B>r<48>R<GLU> -12.125000 -5.380000 0.518000
c<B>r<49>R<LYS> -12.410000 -8.899000 2.085000
c<B>r<50>R<ASN> -10.177000 -7.953000 5.086000
c<B>r<94>R<THR> 4.900000 14.349000 -4.050000
c<B>r<95>R<VAL> 2.490000 12.929000 -6.688000
c<B>r<98>R<GLY> 4.078000 8.665000 -4.455000
c<B>r<99>R<LEU> 2.472000 6.898000 -7.470000
c<B>r<102>R<ALA> 2.713000 2.620000 -4.544000
c<B>r<145>R<VAL> -4.967000 3.816000 -12.658000
c<B>r<146>R<ALA> -4.478000 7.627000 -12.367000
c<B>r<147>R<ASP> -7.608000 9.800000 -11.968000
c<B>r<150>R<SER> -4.797000 13.918000 -11.458000
