c<A>r<11>R<GLY> 0.824000 -2.448000 -15.583000
c<A>r<12>R<HIS> 3.724000 -4.607000 -14.568000
c<A>r<13>R<VAL> 6.052000 -3.347000 -11.827000
c<A>r<14>R<ASP> 8.521000 -0.806000 -13.234000
c<A>r<16>R<GLY> 6.622000 3.382000 -15.840000
c<A>r<18>R<SER> 4.133000 6.399000 -11.811000
c<A>r<19>R<THR> 6.305000 8.290000 -14.255000
c<A>r<39>R<PHE> 9.430000 22.872000 -8.162000
c<A>r<42>R<GLU> 14.119000 24.384001 -7.192000
c<A>r<43>R<ALA> 15.055000 22.627001 -10.380000
c<A>r<45>R<GLU> 19.037001 25.559999 -8.902000
c<A>r<46>R<MET> 19.798000 22.160999 -10.270000
c<A>r<47>R<LYS> 21.367001 22.007999 -13.672000
c<A>r<48>R<GLY> 18.725000 22.511000 -15.884000
c<A>r<49>R<SER> 18.141001 19.705999 -17.917000
c<A>r<50>R<PHE> 16.181000 17.792999 -16.070000
c<A>r<51>R<LYS> 13.511000 20.094999 -15.421000
c<A>r<52>R<TYR> 10.564000 17.857000 -16.160000
c<A>r<53>R<ALA> 12.119000 14.778000 -14.832000
c<A>r<54>R<TRP> 12.799000 16.695999 -11.766000
c<A>r<55>R<VAL> 9.293000 17.761999 -11.399000
c<A>r<56>R<LEU> 8.130000 14.291000 -11.948000
c<A>r<57>R<ASP> 10.454000 13.001000 -9.534000
c<A>r<58>R<LYS> 9.159000 15.424000 -7.029000
c<A>r<59>R<LEU> 5.649000 14.371000 -7.762000
c<A>r<60>R<LYS> 6.533000 10.839000 -7.327000
c<A>r<61>R<ALA> 8.094000 11.439000 -4.127000
c<A>r<62>R<GLU> 5.100000 13.440000 -2.953000
c<A>r<63>R<ARG> 2.883000 10.714000 -3.902000
c<A>r<64>R<GLU> 4.903000 8.202000 -2.171000
c<A>r<65>R<ARG> 4.862000 10.334000 0.930000
c<A>r<66>R<GLY> 1.333000 10.092000 1.056000
c<A>r<67>R<ILE> 1.124000 13.512000 1.062000
c<A>r<68>R<THR> -1.654000 13.615000 -0.001000
c<A>r<69>R<ILE> -0.992000 15.181000 -2.698000
c<A>r<70>R<ASP> -4.136000 16.025000 -2.436000
c<A>r<88>R<ALA> -2.491000 2.036000 -7.308000
c<A>r<89>R<PRO> 0.919000 2.017000 -5.498000
c<A>r<90>R<GLY> 1.032000 -1.434000 -5.017000
c<A>r<91>R<HIS> -0.725000 -4.262000 -6.122000
c<A>r<92>R<ARG> -2.397000 -4.838000 -2.944000
c<A>r<93>R<ASP> -3.785000 -1.647000 -2.224000
c<A>r<94>R<PHE> -4.630000 -1.372000 -5.786000
c<A>r<95>R<ILE> -7.018000 -4.096000 -5.935000
c<A>r<116>R<VAL> 13.928000 -5.846000 -24.278000
c<A>r<117>R<GLY> 13.235000 -8.220000 -21.513000
c<A>r<118>R<GLU> 10.804000 -5.850000 -19.658001
c<A>r<120>R<GLU> 8.460000 -10.317000 -21.958000
c<A>r<121>R<ALA> 8.597000 -10.325000 -18.153000
c<A>r<122>R<GLY> 5.397000 -8.233000 -17.927999
c<A>r<123>R<ILE> 3.419000 -10.296000 -20.388000
c<A>r<124>R<SER> 4.680000 -13.737000 -19.069000
c<A>r<125>R<LYS> 2.311000 -16.045000 -17.033001
c<A>r<126>R<ASN> 3.769000 -14.516000 -13.927000
c<A>r<127>R<GLY> 3.795000 -11.030000 -15.097000
c<A>r<128>R<GLN> 1.372000 -8.377000 -13.851000
c<A>r<129>R<THR> 0.398000 -7.094000 -17.285999
c<A>r<131>R<GLU> -3.094000 -10.204000 -14.491000
c<A>r<132>R<HIS> -3.846000 -6.436000 -14.168000
c<A>r<341>R<LEU> -5.995000 -13.534000 -2.936000
c<A>r<342>R<ASN> -3.841000 -14.061000 0.119000
c<A>r<343>R<HIS> -5.524000 -16.237000 2.709000
c<A>r<390>R<SER> -5.124000 -18.712000 -2.222000
c<A>r<391>R<GLY> -5.097000 -18.298000 -5.884000
c<B>r<11>R<GLY> 15.051000 5.747000 -0.759000
c<B>r<12>R<HIS> 13.467000 8.124000 -3.186000
c<B>r<13>R<VAL> 10.861000 6.823000 -5.609000
c<B>r<14>R<ASP> 12.511000 5.027000 -8.517000
c<B>r<16>R<GLY> 15.963000 1.147000 -7.475000
c<B>r<18>R<SER> 12.737000 -2.966000 -5.413000
c<B>r<19>R<THR> 15.341000 -3.955000 -7.975000
c<B>r<39>R<PHE> 11.385000 -18.606001 -13.504000
c<B>r<42>R<GLU> 9.899000 -19.444000 -18.222000
c<B>r<43>R<ALA> 12.570000 -16.941000 -19.296000
c<B>r<45>R<GLU> 10.630000 -20.218000 -23.125999
c<B>r<46>R<MET> 10.163000 -16.579000 -23.684999
c<B>r<47>R<GLY> 13.484000 -16.238001 -25.472000
c<B>r<48>R<LYS> 14.868000 -14.209000 -22.506001
c<B>r<49>R<GLY> 17.423000 -16.156000 -21.393999
c<B>r<50>R<SER> 19.729000 -13.465000 -21.353001
c<B>r<51>R<PHE> 18.319000 -11.755000 -18.915001
c<B>r<52>R<LYS> 17.951000 -14.292000 -16.502001
c<B>r<54>R<ALA> 16.393999 -9.288000 -14.594000
c<B>r<55>R<TRP> 13.753000 -11.633000 -15.379000
c<B>r<56>R<VAL> 13.745000 -13.173000 -12.054000
c<B>r<57>R<LEU> 13.758000 -9.822000 -10.518000
c<B>r<58>R<ASP> 11.001000 -8.663000 -12.483000
c<B>r<59>R<LYS> 9.005000 -11.649000 -11.498000
c<B>r<60>R<LEU> 9.775000 -11.060000 -7.898000
c<B>r<61>R<LYS> 8.692000 -7.544000 -8.175000
c<B>r<62>R<ALA> 5.556000 -8.436000 -9.734000
c<B>r<63>R<GLU> 4.922000 -11.037000 -7.083000
c<B>r<64>R<ARG> 5.492000 -8.528000 -4.489000
c<B>r<65>R<GLU> 3.217000 -6.113000 -6.024000
c<B>r<66>R<ARG> 0.554000 -8.791000 -6.251000
c<B>r<67>R<GLY> 0.552000 -8.963000 -2.700000
c<B>r<68>R<ILE> 1.424000 -12.306000 -2.756000
c<B>r<69>R<THR> 3.051000 -12.361000 -0.196000
c<B>r<70>R<ILE> 5.724000 -13.759000 -1.236000
c<B>r<71>R<ASP> 5.821000 -15.455000 1.637000
c<B>r<89>R<ALA> 7.927000 -0.899000 1.908000
c<B>r<90>R<PRO> 6.016000 -0.636000 -1.363000
c<B>r<91>R<GLY> 5.060000 2.738000 -0.842000
c<B>r<92>R<HIS> 5.784000 5.487000 1.345000
c<B>r<93>R<ARG> 2.682000 5.147000 3.231000
c<B>r<94>R<ASP> 2.603000 1.609000 3.884000
c<B>r<95>R<PHE> 6.129000 1.942000 4.657000
c<B>r<96>R<ILE> 5.796000 4.238000 7.520000
c<B>r<117>R<VAL> 22.114000 12.860000 -13.309000
c<B>r<118>R<GLY> 19.003000 14.529000 -12.143000
c<B>r<119>R<GLU> 17.797001 11.483000 -10.116000
c<B>r<120>R<PHE> 20.219000 12.049000 -7.262000
c<B>r<121>R<GLU> 19.443001 15.801000 -7.088000
c<B>r<122>R<ALA> 15.708000 15.139000 -7.105000
c<B>r<123>R<GLY> 16.042999 12.530000 -4.339000
c<B>r<125>R<SER> 16.252001 17.923000 -2.656000
c<B>r<126>R<LYS> 14.049000 19.341999 0.170000
c<B>r<127>R<ASN> 11.169000 17.608000 -1.451000
c<B>r<128>R<GLY> 12.876000 14.432000 -2.157000
c<B>r<129>R<GLN> 12.267000 11.231000 -0.176000
c<B>r<130>R<THR> 15.930000 10.463000 0.436000
c<B>r<132>R<GLU> 12.861000 12.379000 4.509000
c<B>r<133>R<HIS> 13.254000 8.543000 4.567000
c<B>r<342>R<LEU> -0.312000 11.975000 8.048000
c<B>r<343>R<ASN> -3.597000 12.132000 6.258000
c<B>r<344>R<HIS> -6.456000 13.401000 8.384000
c<B>r<391>R<SER> -2.278000 16.989000 7.932000
c<B>r<392>R<GLY> 1.366000 17.402000 7.499000
