c<B>r<88>R<PHE> 4.232000 -12.705000 4.544000
c<B>r<89>R<ASP> 6.941000 -13.545000 7.093000
c<B>r<91>R<LEU> 2.136000 -15.901000 8.231000
c<B>r<92>R<VAL> 5.037000 -18.240999 7.511000
c<B>r<95>R<GLY> 0.341000 -19.811001 10.403000
c<B>r<125>R<ASP> 0.863000 -5.254000 -6.846000
c<B>r<127>R<LYS> 0.485000 -8.953000 -2.007000
c<B>r<128>R<ALA> 1.436000 -10.200000 1.459000
c<B>r<129>R<GLU> 5.106000 -9.026000 0.743000
c<B>r<146>R<PHE> 3.354000 -0.788000 -10.369000
c<B>r<157>R<ASP> -3.356000 -1.250000 -20.990999
c<B>r<158>R<THR> -0.375000 -2.514000 -19.066000
c<B>r<159>R<PHE> -0.774000 -6.040000 -17.500999
c<B>r<160>R<CYS> 1.693000 -6.082000 -14.555000
c<B>r<161>R<GLY> 1.366000 -7.896000 -11.243000
c<B>r<162>R<SER> 2.432000 -10.812000 -9.171000
c<B>r<163>R<PRO> 0.864000 -13.914000 -10.701000
c<B>r<164>R<PRO> -1.033000 -15.512000 -7.669000
c<B>r<165>R<TYR> -2.587000 -12.108000 -6.793000
c<B>r<166>R<ALA> -3.228000 -10.977000 -10.361000
c<B>r<167>R<ALA> -6.791000 -10.622000 -11.664000
c<B>r<168>R<PRO> -7.900000 -12.857000 -14.559000
c<B>r<169>R<GLU> -8.235000 -9.921000 -17.039000
c<B>r<170>R<LEU> -4.497000 -9.247000 -16.711000
c<B>r<171>R<PHE> -3.764000 -12.744000 -18.004000
c<B>r<172>R<GLN> -6.287000 -12.313000 -20.728001
c<B>r<173>R<GLY> -4.610000 -9.082000 -22.006001
c<B>r<174>R<LYS> -7.900000 -7.310000 -21.570000
c<B>r<192>R<THR> -4.205000 -15.845000 2.569000
c<B>r<195>R<SER> -5.960000 -19.778000 5.619000
c<B>r<196>R<GLY> -2.181000 -19.153999 5.626000
c<B>r<197>R<SER> -2.117000 -20.379999 1.988000
c<B>r<198>R<LEU> -2.742000 -19.155001 -1.550000
c<B>r<199>R<PRO> -6.092000 -19.850000 -3.340000
c<B>r<200>R<PHE> -4.321000 -20.003000 -6.711000
c<B>r<201>R<ASP> -0.915000 -21.409000 -7.564000
c<B>r<202>R<GLY> 0.766000 -23.962999 -9.832000
c<B>r<205>R<LEU> 2.919000 -19.754000 -14.768000
c<B>r<209>R<ARG> -2.921000 -18.853001 -15.145000
c<B>r<217>R<TYR> -10.635000 -22.141001 -4.866000
c<B>r<218>R<ARG> -10.805000 -24.382999 -1.843000
c<F>r<1>R<PHE> -1.377000 -23.809000 -2.070000
c<F>r<2>R<PRO> 1.399000 -23.308001 0.343000
c<F>r<3>R<LEU> 2.340000 -19.693001 0.793000
c<F>r<4>R<LYS> 5.533000 -18.798000 -1.232000
c<F>r<5>R<ARG> 7.223000 -15.721000 -2.821000
c<F>r<6>R<HIS> 6.548000 -15.106000 -6.511000
c<F>r<7>R<ASP> 8.389000 -12.623000 -8.743000
c<F>r<8>R<LYS> 6.813000 -9.561000 -10.258000
c<F>r<9>R<VAL> 5.813000 -9.785000 -13.847000
c<F>r<10>R<ASP> 5.653000 -6.655000 -16.093000
c<F>r<11>R<ASP> 3.342000 -8.257000 -18.646000
c<F>r<12>R<LEU> 1.125000 -11.198000 -17.589001
c<F>r<13>R<SER> -0.638000 -11.293000 -21.080000
c<F>r<14>R<LYS> 2.407000 -12.749000 -22.434000
