c<A>r<84>R<GLY> 12.363000 16.287001 9.338000
c<A>r<85>R<ALA> 10.524000 18.820999 11.559000
c<A>r<86>R<ARG> 12.195000 21.790001 13.364000
c<A>r<87>R<LEU> 12.078000 20.423000 16.943001
c<A>r<88>R<ALA> 12.399000 23.966999 18.451000
c<A>r<89>R<GLU> 9.020000 24.979000 16.872999
c<A>r<90>R<GLY> 7.438000 21.955999 18.643999
c<A>r<91>R<VAL> 3.765000 21.146000 17.952999
c<A>r<92>R<ARG> 3.488000 24.150000 15.516000
c<A>r<93>R<ALA> 5.979000 22.538000 13.089000
c<A>r<94>R<LEU> 4.182000 19.173000 13.528000
c<A>r<95>R<HIS> 0.844000 20.802000 12.563000
c<A>r<96>R<ALA> 2.481000 22.492001 9.526000
c<A>r<97>R<VAL> 4.037000 19.164000 8.321000
c<A>r<98>R<GLY> 0.484000 17.725000 8.550000
c<A>r<99>R<GLN> -0.815000 20.582001 6.310000
c<A>r<100>R<VAL> 1.859000 19.657000 3.690000
c<A>r<101>R<PHE> 0.482000 16.072001 3.745000
c<A>r<102>R<GLU> -3.122000 17.320000 3.414000
c<A>r<103>R<ALA> -2.045000 19.461000 0.384000
c<A>r<104>R<MET> -0.349000 16.347000 -1.195000
c<A>r<105>R<ILE> -3.569000 14.336000 -0.629000
c<A>r<106>R<ARG> -5.688000 17.108000 -2.296000
c<A>r<108>R<SER> -3.463000 13.091000 -5.504000
c<A>r<123>R<GLY> 10.385000 12.165000 9.625000
c<A>r<124>R<GLY> 8.023000 14.354000 7.542000
c<A>r<126>R<ALA> 10.680000 10.776000 4.315000
c<A>r<127>R<TYR> 6.838000 10.476000 4.523000
c<A>r<128>R<GLY> 6.073000 13.350000 2.070000
c<A>r<129>R<PRO> 7.681000 11.480000 -0.906000
c<A>r<130>R<ALA> 5.580000 8.371000 -0.087000
c<A>r<131>R<LEU> 2.354000 10.430000 -0.639000
c<A>r<132>R<THR> 3.578000 11.445000 -4.162000
c<A>r<142>R<SER> 13.011000 -0.052000 -0.550000
c<A>r<143>R<GLY> 9.621000 -0.316000 -2.411000
c<A>r<144>R<VAL> 9.061000 3.472000 -1.772000
c<A>r<145>R<CYS> 11.675000 4.354000 -4.429000
c<A>r<280>R<TYR> -0.263000 -17.097000 -7.431000
c<A>r<283>R<GLY> 1.165000 -15.424000 1.754000
c<A>r<284>R<GLY> -1.203000 -12.367000 1.985000
c<A>r<285>R<VAL> -1.863000 -12.610000 -1.815000
c<A>r<286>R<VAL> -5.684000 -12.656000 -1.332000
c<A>r<287>R<ARG> -5.912000 -9.030000 0.009000
c<A>r<288>R<ARG> -3.357000 -7.752000 -2.570000
c<A>r<289>R<GLY> -4.906000 -9.691000 -5.482000
c<A>r<290>R<ALA> -8.305000 -8.201000 -4.467000
c<A>r<291>R<LYS> -6.681000 -4.695000 -4.778000
c<A>r<293>R<LEU> -8.925000 -6.948000 -9.248000
c<A>r<294>R<HIS> -10.427000 -3.576000 -8.103000
c<A>r<295>R<ALA> -7.668000 -1.620000 -9.888000
c<A>r<296>R<PHE> -8.443000 -3.312000 -13.257000
c<A>r<297>R<GLY> -12.258000 -3.606000 -12.776000
c<A>r<298>R<GLU> -12.557000 0.170000 -12.064000
c<A>r<312>R<TYR> -3.943000 -19.716000 -15.446000
c<A>r<313>R<GLY> -6.768000 -19.653000 -12.895000
c<A>r<314>R<GLY> -7.463000 -16.535000 -10.779000
c<A>r<315>R<ALA> -4.137000 -15.026000 -12.019000
c<A>r<316>R<TYR> -5.622000 -14.870000 -15.537000
c<A>r<317>R<ILE> -8.655000 -13.017000 -14.082000
c<A>r<318>R<ALA> -6.478000 -10.417000 -12.264000
c<A>r<321>R<SER> -9.115000 -10.362000 -18.291000
c<A>r<322>R<ARG> -12.160000 -9.712000 -20.558001
c<A>r<323>R<SER> -14.389000 -10.320000 -17.487000
c<A>r<324>R<LEU> -12.820000 -7.198000 -15.883000
c<A>r<325>R<ASN> -13.724000 -5.105000 -19.006001
c<A>r<337>R<VAL> -5.487000 -19.759001 -21.507000
c<A>r<338>R<ALA> -6.775000 -22.322001 -18.958000
c<A>r<339>R<VAL> -8.114000 -22.930000 -15.389000
c<A>r<340>R<MET> -4.902000 -24.837999 -14.588000
c<A>r<344>R<ALA> -5.541000 -31.124001 -15.942000
c<A>r<345>R<ALA> -7.592000 -28.948000 -18.414000
c<A>r<346>R<VAL> -8.424000 -28.990999 -22.171000
c<A>r<347>R<GLY> -7.564000 -25.379999 -23.187000
c<A>r<348>R<GLY> -5.592000 -23.417000 -25.846001
c<A>r<351>R<SER> -10.820000 -22.455999 -27.441000
c<A>r<352>R<ALA> -10.244000 -19.040001 -25.789000
c<A>r<355>R<ILE> -15.367000 -18.479000 -25.889000
c<A>r<356>R<GLY> -14.673000 -14.760000 -26.721001
c<A>r<357>R<VAL> -12.148000 -14.243000 -23.837000
c<B>r<84>R<GLY> -13.298000 -22.542999 -6.696000
c<B>r<85>R<ALA> -13.962000 -22.667000 -10.481000
c<B>r<86>R<ARG> -15.738000 -25.714001 -12.023000
c<B>r<87>R<LEU> -12.812000 -27.343000 -13.897000
c<B>r<88>R<ALA> -15.179000 -29.337000 -16.207001
c<B>r<89>R<GLU> -16.476999 -26.028000 -17.728001
c<B>r<90>R<GLY> -12.874000 -24.813000 -18.323000
c<B>r<91>R<VAL> -12.233000 -21.173000 -19.355000
c<B>r<92>R<ARG> -16.028000 -20.434999 -19.426001
c<B>r<93>R<ALA> -16.179001 -20.969000 -15.634000
c<B>r<94>R<LEU> -13.149000 -18.629999 -15.169000
c<B>r<95>R<HIS> -14.843000 -15.922000 -17.273001
c<B>r<96>R<ALA> -18.065001 -16.329000 -15.231000
c<B>r<97>R<VAL> -16.073000 -16.110001 -11.916000
c<B>r<98>R<GLY> -14.497000 -12.894000 -13.296000
c<B>r<99>R<GLN> -18.021000 -11.488000 -14.015000
c<B>r<100>R<VAL> -18.909000 -12.210000 -10.335000
c<B>r<101>R<PHE> -15.834000 -10.140000 -9.301000
c<B>r<102>R<GLU> -16.816999 -7.331000 -11.716000
c<B>r<103>R<ALA> -20.340000 -7.271000 -10.137000
c<B>r<104>R<MET> -18.740000 -7.194000 -6.611000
c<B>r<105>R<ILE> -16.466999 -4.304000 -7.711000
c<B>r<106>R<ARG> -19.511000 -2.391000 -9.153000
c<B>r<108>R<SER> -18.069000 -1.743000 -3.714000
c<B>r<123>R<GLY> -9.391000 -20.174999 -5.892000
c<B>r<124>R<GLY> -12.004000 -17.658001 -7.110000
c<B>r<125>R<ALA> -14.162000 -18.212999 -3.973000
c<B>r<126>R<ALA> -11.244000 -16.961000 -1.787000
c<B>r<127>R<TYR> -11.192000 -13.625000 -3.718000
c<B>r<128>R<GLY> -15.012000 -13.167000 -3.478000
c<B>r<129>R<PRO> -14.954000 -12.566000 0.343000
c<B>r<130>R<ALA> -11.791000 -10.432000 0.028000
c<B>r<131>R<LEU> -13.578000 -8.043000 -2.438000
c<B>r<132>R<THR> -16.451000 -7.538000 0.086000
c<B>r<141>R<SER> -4.151000 -15.088000 10.628000
c<B>r<142>R<SER> -4.196000 -13.587000 7.056000
c<B>r<143>R<GLY> -6.187000 -10.388000 7.915000
c<B>r<144>R<VAL> -9.009000 -11.298000 5.420000
c<B>r<284>R<GLY> 9.112000 -0.174000 5.923000
c<B>r<285>R<VAL> 6.263000 1.721000 7.700000
c<B>r<286>R<VAL> 6.566000 4.820000 5.413000
c<B>r<287>R<ARG> 4.629000 3.293000 2.413000
c<B>r<288>R<ARG> 1.853000 1.690000 4.541000
c<B>r<289>R<GLY> 1.629000 4.643000 7.001000
c<B>r<290>R<ALA> 1.086000 6.933000 3.963000
c<B>r<291>R<LYS> -2.152000 4.919000 3.252000
c<B>r<293>R<LEU> -2.669000 9.618000 5.913000
c<B>r<294>R<HIS> -4.577000 9.322000 2.564000
c<B>r<295>R<ALA> -7.532000 7.535000 4.204000
c<B>r<296>R<PHE> -7.957000 10.382000 6.746000
c<B>r<297>R<GLY> -7.135000 13.247000 4.289000
c<B>r<298>R<GLU> -9.856000 11.951000 1.861000
c<B>r<312>R<TYR> 4.230000 11.889000 19.466000
c<B>r<313>R<GLY> 5.683000 13.103000 16.150000
c<B>r<314>R<GLY> 4.308000 11.941000 12.759000
c<B>r<316>R<TYR> -0.027000 12.334000 15.905000
c<B>r<317>R<ILE> -0.560000 13.470000 12.273000
c<B>r<318>R<ALA> -1.541000 9.951000 11.090000
c<B>r<320>R<ASN> -6.561000 12.049000 12.627000
c<B>r<321>R<SER> -4.898000 15.352000 13.646000
c<B>r<322>R<ARG> -6.446000 18.823000 13.197000
c<B>r<323>R<SER> -4.107000 19.186001 10.136000
c<B>r<324>R<LEU> -5.978000 16.296000 8.409000
c<B>r<325>R<ASN> -9.369000 18.080000 8.849000
c<B>r<337>R<VAL> 1.111000 16.051001 22.730000
c<B>r<338>R<ALA> 4.723000 16.500999 21.531000
c<B>r<339>R<VAL> 7.178000 16.164000 18.570000
c<B>r<340>R<MET> 9.136000 13.509000 20.555000
c<B>r<344>R<ALA> 13.423000 16.107000 24.197001
c<B>r<345>R<ALA> 10.332000 18.436001 23.917999
c<B>r<346>R<VAL> 8.642000 20.941999 26.309000
c<B>r<347>R<GLY> 4.855000 20.552000 25.709999
c<B>r<348>R<GLY> 1.616000 19.316000 27.377001
c<B>r<351>R<SER> 0.530000 24.204000 24.660000
c<B>r<352>R<ALA> -1.531000 22.146000 22.158001
c<B>r<355>R<ILE> -1.778000 26.438999 19.110001
c<B>r<356>R<GLY> -5.361000 25.232000 18.273001
c<B>r<357>R<VAL> -4.284000 21.618999 17.448999
