c<A>r<9>R<ASP> 7.560000 -21.302999 -4.439000
c<A>r<10>R<PHE> 9.764000 -18.580999 -5.988000
c<A>r<11>R<SER> 12.845000 -19.386000 -3.773000
c<A>r<12>R<LYS> 12.698000 -23.229000 -4.251000
c<A>r<13>R<LYS> 11.414000 -22.827999 -7.900000
c<A>r<25>R<ASN> -1.624000 -13.469000 4.335000
c<A>r<28>R<GLU> -0.636000 -7.537000 3.985000
c<A>r<29>R<ALA> -3.294000 -8.090000 1.304000
c<A>r<30>R<TRP> -4.708000 -4.881000 -0.281000
c<A>r<31>R<ARG> -8.184000 -6.415000 0.631000
c<A>r<32>R<ASP> -8.954000 -8.112000 4.020000
c<A>r<33>R<ARG> -11.456000 -10.458000 2.069000
c<A>r<34>R<TYR> -14.107000 -11.069000 4.837000
c<A>r<35>R<LYS> -16.754000 -9.055000 6.746000
c<A>r<118>R<VAL> -37.657001 3.797000 11.494000
c<A>r<119>R<ARG> -34.584999 6.141000 11.578000
c<A>r<156>R<VAL> -20.355000 -13.127000 -4.116000
c<A>r<157>R<PHE> -18.325001 -10.182000 -2.638000
c<A>r<158>R<HIS> -17.056999 -10.560000 0.969000
c<A>r<159>R<THR> -16.917000 -13.826000 2.931000
c<A>r<268>R<GLU> 5.900000 -4.130000 10.918000
c<A>r<318>R<ARG> 8.085000 0.349000 11.621000
c<B>r<2>R<ALA> 7.583000 -2.582000 2.845000
c<B>r<3>R<ASP> 5.093000 -4.425000 0.545000
c<B>r<4>R<VAL> 5.477000 -8.264000 0.307000
c<B>r<5>R<GLY> 5.209000 -8.918000 -3.471000
c<B>r<6>R<CYS> 6.491000 -11.540000 -5.985000
c<B>r<7>R<SER> 7.800000 -10.737000 -9.517000
c<B>r<8>R<VAL> 9.838000 -11.567000 -12.636000
c<B>r<15>R<THR> 12.405000 -14.159000 -10.355000
c<B>r<16>R<ARG> 11.694000 -14.094000 -6.556000
c<B>r<17>R<CYS> 9.653000 -12.324000 -3.839000
c<B>r<115>R<SER> -31.834000 11.653000 5.433000
c<B>r<116>R<TYR> -34.651001 8.958000 5.331000
c<B>r<117>R<PHE> -34.193001 6.730000 2.126000
c<B>r<152>R<HIS> -8.154000 3.609000 0.585000
c<B>r<153>R<GLY> -10.872000 1.504000 2.358000
c<B>r<154>R<PHE> -11.717000 -2.153000 1.604000
c<B>r<155>R<GLY> -14.322000 -3.586000 -0.807000
c<B>r<156>R<VAL> -13.911000 -6.906000 -2.757000
c<B>r<157>R<PHE> -15.117000 -5.668000 -6.210000
c<B>r<158>R<HIS> -13.239000 -2.330000 -5.919000
c<B>r<159>R<THR> -11.044000 -0.706000 -3.241000
