c<A>r<78>R<THR> -9.572000 -31.931000 38.395000
c<A>r<79>R<ALA> -10.989000 -29.316000 36.085999
c<A>r<80>R<PHE> -8.500000 -29.110001 33.055000
c<A>r<81>R<VAL> -11.013000 -27.580000 30.635000
c<A>r<82>R<GLU> -9.997000 -24.079000 31.573000
c<A>r<84>R<PHE> -6.776000 -26.301001 27.719000
c<A>r<85>R<VAL> -9.084000 -23.716999 26.228001
c<A>r<86>R<ILE> -6.547000 -21.014000 27.132000
c<A>r<87>R<LEU> -3.746000 -22.917999 25.464001
c<A>r<88>R<LEU> -5.747000 -23.528999 22.391001
c<A>r<89>R<ILE> -6.374000 -19.844000 21.934000
c<A>r<91>R<ILE> -1.809000 -21.375999 19.737000
c<A>r<92>R<ALA> -4.414000 -19.959999 17.385000
c<A>r<93>R<ASN> -3.221000 -16.408001 17.879999
c<A>r<94>R<ALA> 0.352000 -17.487000 17.184999
c<A>r<95>R<ILE> -0.644000 -19.124001 13.908000
c<A>r<96>R<VAL> -2.468000 -16.075001 12.762000
c<A>r<97>R<GLY> 0.456000 -13.796000 13.737000
c<A>r<99>R<TRP> 0.795000 -15.958000 8.771000
c<A>r<100>R<GLN> 0.558000 -12.153000 8.827000
c<A>r<293>R<GLY> -9.725000 -11.619000 19.729000
c<A>r<295>R<PRO> -5.377000 -9.356000 16.830000
c<A>r<296>R<ALA> -7.535000 -11.797000 14.853000
c<A>r<297>R<VAL> -10.112000 -9.115000 14.005000
c<A>r<298>R<ILE> -7.378000 -6.631000 12.988000
c<A>r<299>R<THR> -5.750000 -9.131000 10.721000
c<A>r<300>R<THR> -9.102000 -10.132000 9.095000
c<A>r<301>R<CYS> -10.078000 -6.482000 8.585000
c<A>r<302>R<LEU> -6.709000 -5.609000 7.109000
c<A>r<303>R<ALA> -6.912000 -8.725000 4.815000
c<A>r<304>R<LEU> -10.371000 -7.838000 3.555000
c<A>r<777>R<TRP> -16.120001 -17.638000 24.681999
c<A>r<780>R<LEU> -13.302000 -14.877000 21.058001
c<A>r<781>R<VAL> -16.746000 -15.883000 19.573000
c<A>r<784>R<GLY> -15.211000 -11.612000 17.660000
c<A>r<785>R<LEU> -17.955000 -11.961000 14.923000
c<A>r<788>R<THR> -15.024000 -8.432000 12.316000
c<A>r<930>R<ILE> -24.396999 -23.143000 24.548000
c<A>r<934>R<ASP> -26.202999 -30.718000 25.829000
c<A>r<935>R<PRO> -23.346001 -31.128000 27.028000
c<A>r<936>R<LEU> -22.448000 -27.410000 26.296000
c<A>r<938>R<MET> -22.438000 -28.362000 31.621000
c<A>r<939>R<ILE> -19.077999 -27.306999 30.129999
c<A>r<940>R<PHE> -19.895000 -23.681000 30.472000
c<B>r<1>R<PRO> -15.905000 -39.189999 35.713001
c<B>r<3>R<GLN> -19.798000 -37.646000 32.604000
c<B>r<4>R<ALA> -16.712999 -35.785000 33.063999
c<B>r<6>R<GLN> -17.947001 -37.159000 28.235001
c<B>r<7>R<ALA> -18.073999 -33.755001 29.339001
c<B>r<8>R<LEU> -14.511000 -33.535000 28.691999
c<B>r<9>R<GLN> -14.934000 -35.193001 25.478001
c<B>r<10>R<CYS> -17.627001 -32.852001 24.712000
c<B>r<11>R<LEU> -15.733000 -30.007999 26.031000
c<B>r<12>R<PHE> -12.802000 -31.136999 24.096001
c<B>r<14>R<ASN> -16.556999 -28.271000 21.778999
c<B>r<15>R<PHE> -13.283000 -26.774000 22.566000
c<B>r<16>R<CYS> -11.870000 -28.198000 19.521999
c<B>r<18>R<ILE> -14.591000 -23.625000 19.311001
c<B>r<19>R<LEU> -10.965000 -23.840000 18.757999
c<B>r<20>R<ILE> -11.712000 -24.923000 15.356000
c<B>r<21>R<CYS> -14.141000 -22.136000 15.067000
c<B>r<22>R<LEU> -11.837000 -19.816000 16.679001
c<B>r<23>R<LEU> -9.124000 -21.108999 14.718000
c<B>r<24>R<LEU> -11.370000 -20.771999 11.764000
c<B>r<25>R<ILE> -12.210000 -17.360001 12.856000
c<B>r<26>R<CYS> -8.562000 -16.733999 13.430000
c<B>r<27>R<ILE> -7.756000 -18.504000 10.283000
c<B>r<28>R<ILE> -10.400000 -16.853001 8.508000
c<B>r<29>R<GLY> -9.201000 -13.647000 10.138000
