c<A>r<259>R<TYR> -5.214000 10.974000 1.851000
c<A>r<343>R<TRP> -4.971000 22.992001 5.049000
c<A>r<421>R<ASP> -16.518999 1.919000 -3.681000
c<A>r<424>R<ALA> -17.431000 6.500000 -2.178000
c<A>r<428>R<ASP> -14.229000 11.622000 -0.858000
c<A>r<431>R<GLU> -15.821000 16.486000 0.499000
c<A>r<432>R<VAL> -12.189000 17.659000 -0.045000
c<K>r<258>R<SER> -9.994000 16.253000 10.360000
c<K>r<259>R<THR> -12.627000 17.275000 7.779000
c<K>r<260>R<TYR> -12.838000 13.661000 6.536000
c<K>r<261>R<VAL> -13.424000 10.883000 9.082000
c<K>r<262>R<PRO> -13.027000 7.327000 7.605000
c<K>r<264>R<ARG> -16.680000 3.596000 5.968000
