c<A>r<30>R<ALA> -7.220000 0.810000 0.051000
c<A>r<31>R<ILE> -8.234000 4.302000 -1.150000
c<A>r<32>R<GLY> -11.461000 3.911000 -3.170000
c<A>r<33>R<SER> -12.259000 0.347000 -1.923000
c<A>r<34>R<GLY> -15.716000 1.617000 -0.761000
c<A>r<58>R<ASP> -7.965000 10.272000 6.831000
c<A>r<59>R<VAL> -5.183000 12.739000 5.827000
c<A>r<60>R<ILE> -8.182000 15.115000 5.460000
c<A>r<61>R<ALA> -11.074000 13.447000 7.349000
c<A>r<62>R<LYS> -13.650000 16.242001 6.711000
c<A>r<63>R<PHE> -14.996000 14.749000 3.433000
c<A>r<64>R<ASP> -15.822000 11.271000 4.854000
c<A>r<81>R<GLY> -1.925000 14.798000 8.363000
c<A>r<82>R<LYS> 1.031000 12.571000 7.257000
c<A>r<83>R<GLU> 0.342000 9.264000 9.065000
c<A>r<84>R<CYS> -0.667000 6.290000 6.846000
c<A>r<85>R<HIS> -2.907000 4.723000 9.590000
c<A>r<111>R<VAL> -6.816000 5.597000 6.465000
c<A>r<112>R<GLY> -6.929000 4.200000 2.886000
c<A>r<113>R<ASN> -3.998000 1.714000 3.086000
c<A>r<114>R<LEU> -3.426000 -2.105000 2.973000
c<A>r<115>R<ILE> -0.033000 -2.074000 4.787000
c<A>r<116>R<CYS> 0.329000 0.215000 7.860000
c<A>r<118>R<ALA> -2.469000 -4.175000 9.914000
c<A>r<119>R<ASP> 0.142000 -3.636000 12.703000
c<A>r<131>R<ILE> -10.912000 -4.655000 -1.166000
c<A>r<132>R<SER> -12.424000 -3.643000 -4.533000
c<A>r<133>R<THR> -12.230000 -5.511000 -7.878000
c<A>r<134>R<THR> -10.870000 -2.163000 -9.234000
c<A>r<135>R<GLU> -7.649000 -2.775000 -7.180000
c<A>r<136>R<GLY> -6.723000 -5.972000 -9.155000
c<A>r<137>R<ASP> -7.321000 -9.722000 -8.483000
c<A>r<138>R<ASP> -3.725000 -10.121000 -7.122000
c<A>r<139>R<THR> -4.290000 -7.419000 -4.392000
c<A>r<141>R<GLU> -2.286000 -12.201000 -2.368000
c<A>r<142>R<LYS> 0.060000 -9.147000 -2.375000
c<A>r<143>R<HIS> -1.241000 -7.946000 1.046000
c<A>r<144>R<PRO> -1.432000 -11.128000 3.232000
c<A>r<145>R<GLY> -0.547000 -9.140000 6.421000
c<A>r<157>R<LYS> -17.476000 -3.585000 -6.659000
c<A>r<159>R<ASP> -20.400000 -5.210000 -10.654000
c<A>r<160>R<LEU> -17.134001 -3.740000 -12.127000
c<A>r<163>R<ALA> -15.018000 -3.941000 -16.801001
c<A>r<164>R<VAL> -11.526000 -4.196000 -15.147000
c<A>r<190>R<LYS> -24.305000 -0.484000 -6.347000
c<B>r<30>R<ALA> -2.939000 4.252000 -5.106000
c<B>r<31>R<ILE> -3.476000 0.462000 -5.389000
c<B>r<32>R<GLY> -5.329000 -0.298000 -8.653000
c<B>r<33>R<SER> -4.752000 3.222000 -10.129000
c<B>r<34>R<GLY> -3.185000 1.546000 -13.233000
c<B>r<58>R<ASP> 5.641000 -3.780000 -3.871000
c<B>r<59>R<VAL> 4.991000 -5.856000 -0.689000
c<B>r<60>R<ILE> 5.273000 -8.799000 -3.140000
c<B>r<61>R<ALA> 6.977000 -7.327000 -6.245000
c<B>r<62>R<LYS> 6.932000 -10.613000 -8.258000
c<B>r<63>R<PHE> 3.411000 -9.963000 -9.661000
c<B>r<64>R<ASP> 4.229000 -6.533000 -11.225000
c<B>r<81>R<GLY> 7.611000 -6.674000 2.945000
c<B>r<82>R<LYS> 6.001000 -4.281000 5.510000
c<B>r<83>R<GLU> 7.196000 -0.938000 4.081000
c<B>r<84>R<CYS> 4.568000 1.266000 2.352000
c<B>r<85>R<HIS> 7.083000 2.857000 -0.124000
c<B>r<111>R<VAL> 4.249000 0.763000 -3.723000
c<B>r<112>R<GLY> 0.504000 1.496000 -4.115000
c<B>r<113>R<ASN> 0.105000 4.397000 -1.613000
c<B>r<114>R<LEU> -0.573000 8.195000 -1.765000
c<B>r<115>R<ILE> 1.019000 9.044000 1.653000
c<B>r<116>R<CYS> 4.440000 7.434000 2.369000
c<B>r<118>R<ALA> 5.508000 11.600000 -1.120000
c<B>r<119>R<ASP> 8.342000 12.175000 1.434000
c<B>r<131>R<ILE> -4.748000 8.106000 -9.554000
c<B>r<132>R<SER> -8.042000 6.681000 -10.867000
c<B>r<133>R<THR> -11.680000 7.849000 -11.030000
c<B>r<134>R<THR> -12.459000 4.600000 -9.096000
c<B>r<135>R<GLU> -10.702000 6.124000 -6.012000
c<B>r<136>R<GLY> -13.187000 9.065000 -5.682000
c<B>r<137>R<ASP> -13.133000 12.687000 -6.997000
c<B>r<138>R<ASP> -11.996000 13.981000 -3.536000
c<B>r<139>R<THR> -8.799000 11.788000 -3.634000
c<B>r<141>R<GLU> -7.771000 17.170000 -2.481000
c<B>r<142>R<LYS> -7.278000 14.659000 0.393000
c<B>r<143>R<HIS> -3.661000 13.907000 -0.707000
c<B>r<144>R<PRO> -2.097000 17.351999 -1.491000
c<B>r<145>R<GLY> 1.377000 16.187000 -0.280000
c<B>r<157>R<LYS> -9.936000 5.150000 -15.819000
c<B>r<159>R<ASP> -14.059000 5.449000 -18.981001
c<B>r<160>R<LEU> -15.354000 4.354000 -15.505000
c<B>r<163>R<ALA> -20.066000 4.117000 -13.371000
c<B>r<164>R<VAL> -18.599001 5.320000 -9.993000
c<B>r<190>R<LYS> -8.731000 0.914000 -21.877001
