c<F>r<1>R<TYR> 21.311001 2.679000 -3.031000
c<F>r<2>R<PRO> 21.431999 5.854000 -4.042000
c<F>r<3>R<ILE> 19.514000 7.570000 -1.725000
c<F>r<5>R<THR> 16.601999 4.998000 -5.299000
c<F>r<6>R<VAL> 15.779000 4.281000 -1.649000
c<F>r<7>R<ARG> 13.559000 7.430000 -1.407000
c<F>r<9>R<VAL> 10.893000 2.979000 -3.555000
c<F>r<10>R<ALA> 10.193000 3.981000 -0.107000
c<F>r<11>R<VAL> 7.665000 6.604000 -1.395000
c<F>r<12>R<HIS> 5.961000 4.170000 -3.623000
c<F>r<13>R<THR> 5.579000 1.642000 -1.002000
c<F>r<14>R<LEU> 4.157000 4.142000 1.427000
c<F>r<15>R<ALA> 2.088000 5.927000 -1.181000
c<F>r<16>R<VAL> 0.142000 2.925000 -2.337000
c<F>r<17>R<PRO> -1.542000 2.246000 1.069000
c<F>r<18>R<THR> -1.778000 5.923000 1.724000
c<F>r<19>R<ILE> -3.781000 6.539000 -1.484000
c<F>r<20>R<PHE> -5.991000 3.571000 -1.009000
c<F>r<21>R<PHE> -6.715000 4.501000 2.649000
c<F>r<24>R<ALA> -11.742000 4.414000 1.236000
c<F>r<28>R<MET> -17.172001 5.900000 3.488000
c<F>r<31>R<ILE> -20.921000 6.806000 1.062000
c<F>r<32>R<GLN> -21.877001 7.187000 4.317000
c<J>r<1>R<GLY> -23.917999 -0.779000 6.325000
c<J>r<4>R<ILE> -17.139999 -3.151000 3.214000
c<J>r<8>R<ILE> -11.778000 -2.939000 -0.148000
c<J>r<9>R<VAL> -10.262000 -4.911000 2.627000
c<J>r<11>R<THR> -7.089000 -3.760000 -1.648000
c<J>r<12>R<VAL> -6.069000 -2.120000 1.635000
c<J>r<13>R<ALA> -4.288000 -5.241000 2.842000
c<J>r<14>R<GLY> -2.699000 -5.768000 -0.547000
c<J>r<15>R<MET> -1.378000 -2.288000 -0.691000
c<J>r<16>R<GLY> -0.048000 -2.602000 2.884000
c<J>r<17>R<VAL> 1.722000 -5.797000 2.147000
c<J>r<18>R<ILE> 3.374000 -4.269000 -0.896000
c<J>r<19>R<VAL> 4.603000 -1.364000 1.155000
c<J>r<20>R<ILE> 5.859000 -3.639000 3.951000
c<J>r<21>R<VAL> 7.471000 -6.023000 1.614000
c<J>r<22>R<GLY> 8.955000 -3.235000 -0.347000
c<J>r<23>R<LEU> 10.425000 -1.534000 2.699000
c<J>r<24>R<PHE> 11.628000 -4.837000 3.943000
c<J>r<25>R<PHE> 13.447000 -5.682000 0.667000
c<J>r<26>R<TYR> 14.665000 -2.233000 0.215000
c<J>r<27>R<GLY> 16.441000 -2.352000 3.767000
c<J>r<29>R<TYR> 19.191999 -5.188000 -0.212000
c<J>r<30>R<ALA> 20.605000 -1.821000 0.801000
c<J>r<31>R<GLY> 22.191999 -3.306000 3.959000
c<J>r<33>R<GLY> 24.645000 -4.996000 -0.575000
c<J>r<34>R<SER> 25.806999 -2.194000 1.184000
