1763955477843 165.0 2673
1763955477855 165.0 2673
1763955491833 166.0 2707
1763955491846 166.0 2707
1763955504767 167.0 2741
1763955504774 167.0 2741
1763955518343 168.0 2775
1763955518350 168.0 2775
1763955532251 169.0 2809
1763955532254 169.0 2809
1763955545465 170.0 2843
1763955545467 170.0 2843
1763955558303 171.0 2877
1763955558311 171.0 2877
1763955572184 172.0 2911
1763955572186 172.0 2911
1763955585418 173.0 2945
1763955585425 173.0 2945
1763955598771 174.0 2979
1763955598783 174.0 2979
1763955611999 175.0 3013
1763955612011 175.0 3013
1763955625178 176.0 3047
1763955625180 176.0 3047
1763955638729 177.0 3081
1763955638736 177.0 3081
1763955651710 178.0 3115
1763955651717 178.0 3115
1763955665228 179.0 3149
1763955665239 179.0 3149
1763955677995 180.0 3183
1763955678006 180.0 3183
1763955690077 181.0 3217
1763955690078 181.0 3217
1763955703964 182.0 3251
1763955703971 182.0 3251
1763955717618 183.0 3285
1763955717620 183.0 3285
1763955730687 184.0 3319
1763955730689 184.0 3319
1763955743869 185.0 3353
1763955743871 185.0 3353
1763955756599 186.0 3387
1763955756601 186.0 3387
1763955768837 187.0 3421
1763955768839 187.0 3421
1763955781157 188.0 3455
1763955781164 188.0 3455
1763955794858 189.0 3489
1763955794860 189.0 3489
1763955807855 190.0 3523
1763955807857 190.0 3523
1763955821194 191.0 3557
1763955821196 191.0 3557
1763955834988 192.0 3591
1763955834990 192.0 3591
1763955847784 193.0 3625
1763955847786 193.0 3625
1763955859986 194.0 3659
1763955859988 194.0 3659
1763955872572 195.0 3693
1763955872574 195.0 3693
1763955886113 196.0 3727
1763955886121 196.0 3727
1763955899363 197.0 3761
1763955899372 197.0 3761
1763955912560 198.0 3795
1763955912567 198.0 3795
1763955926826 199.0 3829
1763955926829 199.0 3829
1763955940660 200.0 3863
1763955940662 200.0 3863
1763955954258 201.0 3897
1763955954259 201.0 3897
1763955967669 202.0 3931
1763955967671 202.0 3931
1763955980946 203.0 3965
1763955980948 203.0 3965
1763955994956 204.0 3999
1763955994958 204.0 3999
1763956008727 205.0 4033
1763956008730 205.0 4033
1763956022198 206.0 4067
1763956022205 206.0 4067
1763956036380 207.0 4101
1763956036393 207.0 4101
1763956050278 208.0 4135
1763956050285 208.0 4135
1763956064199 209.0 4169
1763956064201 209.0 4169
1763956077107 210.0 4203
1763956077109 210.0 4203
1763956090169 211.0 4237
1763956090171 211.0 4237
1763956103470 212.0 4271
1763956103472 212.0 4271
1763956116741 213.0 4305
1763956116744 213.0 4305
1763956130016 214.0 4339
1763956130018 214.0 4339
1763956143363 215.0 4373
1763956143365 215.0 4373
1763956156625 216.0 4407
1763956156627 216.0 4407
1763956169958 217.0 4441
1763956169960 217.0 4441
1763956182986 218.0 4475
1763956182988 218.0 4475
1763956195743 219.0 4509
1763956195745 219.0 4509
1763956208981 220.0 4543
1763956208983 220.0 4543
1763956223164 221.0 4577
1763956223166 221.0 4577
1763956237263 222.0 4611
1763956237265 222.0 4611
1763956251295 223.0 4645
1763956251303 223.0 4645
1763956265487 224.0 4679
1763956265490 224.0 4679
1763956278774 225.0 4713
1763956278776 225.0 4713
1763956291941 226.0 4747
1763956291944 226.0 4747
1763956305277 227.0 4781
1763956305279 227.0 4781
1763956319072 228.0 4815
1763956319074 228.0 4815
1763956332706 229.0 4849
1763956332708 229.0 4849
1763956335162 230.0 4850
