c<A>r<1>R<SER> 0.063000 22.120001 25.270000
c<A>r<2>R<ALA> -2.415000 19.580999 23.865999
c<A>r<3>R<SER> -3.072000 21.785999 20.763000
c<A>r<4>R<ASP> 0.528000 21.539000 19.677999
c<A>r<5>R<LYS> 0.476000 17.789000 20.028000
c<A>r<6>R<TYR> -2.750000 17.193001 17.976999
c<A>r<7>R<GLN> -2.395000 18.579000 14.439000
c<A>r<8>R<LYS> -4.701000 18.924999 11.458000
c<A>r<9>R<ILE> -2.930000 19.127001 8.011000
c<A>r<10>R<SER> -4.176000 19.666000 4.387000
c<A>r<11>R<GLN> -4.203000 16.870001 1.861000
c<A>r<13>R<GLU> 0.715000 18.878000 3.196000
c<A>r<14>R<HIS> -0.037000 15.222000 3.961000
c<A>r<17>R<LYS> 4.899000 14.824000 4.663000
c<A>r<18>R<ARG> 3.863000 11.159000 4.122000
c<A>r<19>R<PRO> 4.796000 10.184000 0.456000
c<A>r<20>R<ASP> 5.146000 6.357000 0.950000
c<A>r<21>R<THR> 1.480000 5.608000 0.457000
c<A>r<22>R<TYR> 1.119000 7.900000 -2.542000
c<A>r<23>R<ILE> 4.337000 7.455000 -4.675000
c<A>r<24>R<GLY> 6.317000 4.949000 -2.555000
c<A>r<25>R<SER> 9.477000 5.653000 -0.506000
c<A>r<27>R<GLU> 14.480000 7.212000 0.492000
c<A>r<28>R<THR> 17.261999 5.479000 -1.544000
c<A>r<29>R<GLN> 16.600000 1.732000 -1.724000
c<A>r<30>R<GLU> 18.830999 -1.117000 -2.966000
c<A>r<96>R<ILE> -7.476000 16.958000 -23.694000
c<A>r<97>R<PRO> -10.614000 19.136000 -24.374001
c<A>r<98>R<ILE> -9.767000 22.801001 -24.204000
c<A>r<99>R<GLU> -13.028000 24.034000 -22.695999
c<A>r<100>R<ILE> -14.354000 25.496000 -19.461000
c<A>r<101>R<HIS> -15.786000 22.791000 -17.097000
c<A>r<102>R<ASN> -19.396000 23.618999 -16.513000
c<A>r<103>R<LYS> -19.254000 22.808001 -12.807000
c<A>r<104>R<GLU> -15.667000 23.715000 -11.713000
c<A>r<105>R<ASN> -15.544000 26.858000 -13.905000
c<A>r<107>R<TYR> -10.376000 24.927000 -18.176001
c<A>r<108>R<ILE> -10.585000 21.139999 -18.188999
c<A>r<109>R<PRO> -6.720000 20.708000 -18.601999
c<A>r<111>R<ILE> -7.610000 19.590000 -13.647000
c<A>r<114>R<HIS> -6.415000 19.669001 -8.657000
c<A>r<115>R<LEU> -6.304000 16.483999 -6.606000
c<A>r<116>R<LEU> -9.028000 13.875000 -6.912000
c<A>r<117>R<THR> -9.934000 14.814000 -10.496000
c<A>r<118>R<SER> -10.297000 12.032000 -13.112000
c<A>r<119>R<SER> -12.180000 10.795000 -16.212000
c<A>r<120>R<ASN> -12.146000 7.255000 -14.621000
c<A>r<121>R<TYR> -14.624000 7.740000 -11.651000
c<A>r<122>R<ASP> -17.608999 6.303000 -13.655000
c<A>r<123>R<ASP> -17.153999 2.564000 -13.225000
c<A>r<132>R<ARG> -8.337000 4.883000 -11.427000
c<A>r<133>R<ASN> -7.939000 7.193000 -8.401000
c<A>r<134>R<GLY> -7.348000 10.745000 -9.930000
c<A>r<268>R<ILE> 15.977000 -19.990999 -9.001000
c<A>r<269>R<SER> 12.718000 -19.113001 -7.282000
c<A>r<308>R<PHE> 5.945000 -25.438999 -5.188000
c<A>r<325>R<ALA> -8.349000 -2.394000 -7.842000
c<A>r<326>R<PHE> -4.940000 -2.395000 -6.084000
c<A>r<327>R<THR> -3.569000 -2.454000 -2.530000
c<A>r<328>R<SER> -2.071000 1.020000 -2.762000
c<A>r<329>R<GLN> -1.917000 3.994000 -5.096000
c<A>r<330>R<THR> 1.447000 2.709000 -6.469000
c<A>r<331>R<LYS> -0.729000 -0.214000 -7.937000
c<A>r<332>R<GLU> 2.013000 -2.950000 -7.447000
c<A>r<335>R<THR> -6.682000 -7.179000 -5.700000
c<A>r<336>R<THR> -9.592000 -7.455000 -8.196000
c<A>r<337>R<ARG> -11.385000 -10.863000 -7.803000
c<B>r<1>R<ALA> -16.573999 16.686001 -21.573000
c<B>r<2>R<SER> -17.606001 18.131001 -18.124001
c<B>r<3>R<ASP> -19.530001 15.041000 -17.290001
c<B>r<4>R<LYS> -16.582001 12.835000 -18.172001
c<B>r<5>R<TYR> -14.018000 14.720000 -15.991000
c<B>r<6>R<GLN> -15.084000 14.727000 -12.331000
c<B>r<7>R<LYS> -13.746000 16.339001 -9.167000
c<B>r<8>R<ILE> -14.711000 14.563000 -5.882000
c<B>r<9>R<SER> -14.111000 15.319000 -2.141000
c<B>r<10>R<GLN> -11.693000 13.312000 -0.068000
c<B>r<12>R<GLU> -16.341000 10.797000 -1.456000
c<B>r<13>R<HIS> -13.032000 9.343000 -2.696000
c<B>r<16>R<LYS> -15.757000 5.302000 -3.796000
c<B>r<17>R<ARG> -12.188000 3.875000 -3.730000
c<B>r<18>R<PRO> -11.692000 2.028000 -0.329000
c<B>r<19>R<ASP> -8.905000 -0.424000 -1.432000
c<B>r<20>R<THR> -6.050000 1.970000 -0.780000
c<B>r<21>R<TYR> -7.442000 3.164000 2.555000
c<B>r<22>R<ILE> -8.881000 0.030000 4.361000
c<B>r<23>R<GLY> -8.245000 -2.698000 1.735000
c<B>r<24>R<SER> -10.864000 -4.490000 -0.402000
c<B>r<26>R<GLU> -15.193000 -7.398000 -1.527000
c<B>r<27>R<THR> -15.358000 -10.919000 0.021000
c<B>r<28>R<GLN> -11.970000 -12.637000 -0.300000
c<B>r<29>R<GLU> -10.986000 -16.275000 0.322000
c<B>r<95>R<ILE> -7.905000 12.164000 25.368999
c<B>r<96>R<PRO> -7.680000 15.829000 26.594000
c<B>r<97>R<ILE> -11.118000 17.362000 26.906000
c<B>r<98>R<GLU> -10.214000 20.882000 25.846001
c<B>r<99>R<ILE> -10.846000 23.289000 22.962000
c<B>r<100>R<HIS> -7.998000 23.209999 20.349001
c<B>r<101>R<ASN> -6.537000 26.659000 20.152000
c<B>r<102>R<LYS> -6.259000 26.610001 16.357000
c<B>r<103>R<GLU> -9.208000 24.445999 15.175000
c<B>r<104>R<ASN> -11.634000 25.868000 17.787001
c<B>r<106>R<TYR> -12.869000 19.971001 21.311001
c<B>r<107>R<ILE> -9.740000 17.922001 20.777000
c<B>r<108>R<PRO> -11.714000 14.521000 20.848000
c<B>r<110>R<ILE> -10.660000 15.258000 15.881000
c<B>r<113>R<HIS> -11.796000 15.161000 10.876000
c<B>r<114>R<LEU> -9.470000 13.507000 8.379000
c<B>r<115>R<LEU> -5.747000 14.084000 8.500000
c<B>r<116>R<THR> -5.696000 14.789000 12.257000
c<B>r<117>R<SER> -3.073000 13.063000 14.446000
c<B>r<118>R<SER> -0.728000 13.383000 17.441999
c<B>r<119>R<ASN> 1.938000 11.504000 15.364000
c<B>r<120>R<TYR> 2.854000 14.213000 12.698000
c<B>r<121>R<ASP> 5.947000 15.424000 14.673000
c<B>r<122>R<ASP> 8.584000 12.939000 13.637000
c<B>r<131>R<ARG> 1.285000 7.597000 11.583000
c<B>r<132>R<ASN> -0.986000 9.076000 8.889000
c<B>r<133>R<GLY> -4.054000 10.453000 10.890000
c<B>r<268>R<ILE> 6.344000 -26.082001 3.706000
c<B>r<269>R<SER> 7.377000 -22.708000 2.380000
c<B>r<307>R<LYS> 20.766001 -23.291000 -0.873000
c<B>r<309>R<PHE> 16.138000 -20.471001 -0.208000
c<B>r<326>R<ALA> 6.792000 3.838000 6.969000
c<B>r<327>R<PHE> 4.603000 1.397000 4.986000
c<B>r<328>R<THR> 3.556000 0.788000 1.370000
c<B>r<329>R<SER> -0.082000 1.624000 2.002000
c<B>r<330>R<GLN> -2.349000 2.900000 4.761000
c<B>r<331>R<THR> -3.254000 -0.759000 5.646000
c<B>r<332>R<LYS> 0.492000 -0.967000 6.821000
c<B>r<333>R<GLU> 0.967000 -4.672000 5.720000
c<B>r<336>R<THR> 9.437000 0.017000 4.001000
c<B>r<337>R<THR> 11.603000 1.791000 6.628000
c<B>r<338>R<ARG> 15.346000 1.235000 5.874000
