c<A>r<89>R<ILE> 24.495 -10.349 33.131
c<A>r<90>R<THR> 24.449 -9.278 29.489
c<A>r<91>R<HIS> 21.493 -10.276 27.317
c<A>r<92>R<PRO> 22.36 -13.68 25.763
c<A>r<93>R<ASN> 21.479 -12.388 22.275
c<A>r<94>R<PHE> 23.373 -9.081 22.444
c<A>r<95>R<ASN> 25.054 -8.504 19.121
c<A>r<96>R<GLY> 27.974 -6.049 19.267
c<A>r<97>R<ASN> 27.698 -5.217 15.536
c<A>r<98>R<THR> 24.013 -4.464 15.18
c<A>r<99>R<LEU> 23.609 -3.538 18.857
c<A>r<100>R<ASP> 20.407 -5.6 18.948
c<A>r<101>R<ASN> 19.482 -6.578 22.505
c<A>r<102>R<ASP> 21.715 -3.922 24.038
c<A>r<103>R<ILE> 20.693 -4.607 27.628
c<A>r<104>R<MET> 22.477 -5.777 30.749
c<A>r<105>R<LEU> 21.445 -6.409 34.364
c<A>r<123>R<LEU> 9.226 -1.105 33.897
c<A>r<124>R<PRO> 6.843 -0.496 30.987
c<A>r<125>R<ARG> 3.229 -1.589 31.161
c<A>r<127>R<SER> 3.051 -1.225 27.338
c<A>r<128>R<CYS> 5.197 0.196 24.606
c<A>r<129>R<ALA> 4.963 3.959 24.161
c<A>r<130>R<ALA> 3.054 5.754 21.39
c<A>r<132>R<ALA> 4.966 7.876 18.891
c<A>r<133>R<GLY> 5.165 11.405 20.178
c<A>r<134>R<THR> 5.241 10.428 23.858
c<A>r<135>R<GLU> 7.304 12.842 25.868
c<A>r<136>R<CYS> 10.272 11.383 27.782
c<A>r<161>R<PRO> 9.753 12.632 22.272
c<A>r<162>R<VAL> 9.548 9.11 20.933
c<A>r<163>R<LEU> 10.037 9.498 17.187
c<A>r<164>R<SER> 7.819 8.252 14.371
c<A>r<165>R<ASP> 8.669 4.886 12.84
c<A>r<166>R<SER> 9.334 6.711 9.562
c<A>r<167>R<SER> 11.626 9.324 11.218
c<A>r<168>R<CYS> 13.625 6.569 13.031
c<A>r<169>R<LYS> 14.03 3.968 10.3
c<A>r<170>R<SER> 14.676 6.579 7.589
c<A>r<171>R<SER> 17.584 7.911 9.671
c<A>r<172>R<TYR> 19.334 4.551 9.867
c<A>r<173>R<PRO> 18.252 2.501 6.8
c<A>r<174>R<GLY> 18.125 -1.191 7.54
c<A>r<175>R<GLN> 19.579 -0.795 11.084
c<A>r<176>R<ILE> 16.519 -0.332 13.365
c<A>r<177>R<THR> 15.374 -3.676 14.694
c<A>r<178>R<GLY> 12.089 -4.354 16.521
c<A>r<179>R<ASN> 14.1 -3.977 19.789
c<A>r<180>R<MET> 15.021 -0.324 19.14
c<A>r<181>R<ILE> 13.293 3.046 19.249
c<A>r<182>R<CYS> 14.455 6.526 18.399
c<A>r<183>R<VAL> 13.898 9.348 20.883
c<A>r<184>i<A>R<GLY> 15.02 12.871 20.183
c<A>r<199>R<VAL> 14.66 7.158 28.962
c<A>r<200>R<VAL> 11.547 7.506 31.147
c<A>r<201>R<CYS> 8.184 8.362 29.62
c<A>r<202>R<ASN> 4.983 8.685 31.721
c<A>r<204>R<GLN> 7.949 4.043 32.747
c<A>r<209>R<LEU> 11.478 3.126 31.661
c<A>r<210>R<GLN> 10.927 2.821 27.871
c<A>r<211>R<GLY> 14.517 3.224 26.66
c<A>r<212>R<ILE> 18.145 2.564 27.493
c<A>r<226>R<GLY> 19.582 8.656 19.424
c<A>r<227>R<VAL> 18.652 4.975 19.223
c<A>r<228>R<TYR> 17.547 3.286 22.41
c<A>r<229>R<THR> 16.948 -0.276 23.534
c<A>r<230>R<LYS> 13.137 -0.793 23.539
c<A>r<231>R<VAL> 12.606 -1.82 27.14
c<A>r<232>R<CYS> 8.936 -2.847 26.626
c<A>r<233>R<ASN> 10.246 -5.982 24.809
c<A>r<234>R<TYR> 12.39 -7.046 27.798
c<A>r<235>R<VAL> 10.124 -7.102 30.848
c<A>r<236>R<ASN> 9.958 -10.915 30.821
c<A>r<237>R<TRP> 13.696 -11.282 30.425
c<A>r<238>R<ILE> 14.31 -8.809 33.237
c<A>r<239>R<GLN> 11.802 -10.425 35.624
c<A>r<240>R<GLN> 13.031 -13.946 34.823
c<A>r<241>R<THR> 16.707 -12.944 35.448
c<A>r<242>R<ILE> 15.843 -11.275 38.699
c<A>r<243>R<ALA> 13.822 -14.338 39.882
c<A>r<244>R<ALA> 16.67 -16.741 38.967
c<A>r<245>R<ASN> 19.605 -14.87 40.566
c<B>r<6>R<ASN> 12.549 -8.232 -2.921
c<B>r<20>R<LEU> 12.739 -11.932 5.796
c<B>r<21>R<SER> 14.181 -9.27 8.133
c<B>r<22>R<ASP> 16.584 -6.323 7.512
c<B>r<23>R<ILE> 18.94 -7.081 10.447
c<B>r<24>R<THR> 21.27 -9.694 8.89
c<B>r<25>R<ALA> 21.912 -10.919 12.43
c<B>r<26>R<PHE> 18.433 -12.411 11.965
c<B>r<27>R<GLY> 16.305 -14.884 10.093
c<B>r<28>R<GLY> 12.753 -15.481 8.991
c<B>r<29>R<ILE> 9.47 -15.603 10.875
c<B>r<34>R<THR> 6.867 -20.332 24.563
c<B>r<35>R<GLY> 6.396 -20.972 28.214
c<B>r<43>R<VAL> 5.104 -16.277 16.133
c<B>r<44>R<VAL> 8.87 -15.736 16.416
c<B>r<45>R<GLN> 11.69 -14.282 14.303
c<B>r<46>R<SER> 14.552 -16.76 13.793
c<B>r<47>R<ARG> 17.962 -15.921 15.335
c<B>r<48>R<ASN> 19.681 -18.038 12.698
c<B>r<49>R<GLU> 20.347 -15.637 9.864
c<B>r<97>R<GLU> -4.586 -9.546 24.614
c<B>r<98>R<ASP> -4.504 -9.816 28.426
c<B>r<99>R<LEU> -0.957 -11.183 28.299
c<B>r<100>R<PRO> 2.184 -10.249 30.155
c<B>r<101>R<GLU> 4.298 -9.681 27.03
c<B>r<102>R<GLY> 1.87 -7.127 25.716
c<B>r<103>R<PRO> -0.53 -7.979 22.83
c<B>r<104>R<ALA> 1.063 -11.083 21.379
c<B>r<105>R<VAL> 0.847 -12.537 17.902
c<B>r<120>R<LEU> 1.407 -3.301 5.442
c<B>r<121>R<GLU> 3.164 0.061 5.599
c<B>r<122>R<ARG> 6.267 1.119 3.658
c<B>r<123>R<VAL> 9.493 2.077 5.374
c<B>r<124>R<SER> 11.92 1.805 2.429
c<B>r<127>R<GLU> 18.173 -3.329 0.546
c<B>r<128>R<PHE> 15.221 -0.903 0.316
c<B>r<129>R<ASN> 12.019 -2.901 -0.223
c<B>r<130>R<ASN> 11.26 -2.65 3.482
c<B>r<131>R<TYR> 7.835 -2.635 5.155
c<B>r<132>R<LYS> 6.407 -2.906 8.618
c<B>r<133>R<LEU> 3.304 -4.778 9.747
c<B>r<134>R<VAL> 0.556 -3.036 11.771
c<B>r<135>R<PHE> -2.486 -4.356 13.58
c<B>r<144>R<LYS> -5.112 3.646 15.027
c<B>r<145>R<CYS> -2.992 0.513 14.543
c<B>r<146>R<GLY> -0.081 -0.705 16.679
c<B>r<147>R<ASP> 3.356 -1.575 15.255
c<B>r<148>R<ILE> 4.362 -5.197 15.377
c<B>r<149>R<GLY> 7.779 -5.228 17.074
c<B>r<150>R<ILE> 9.93 -7.764 18.971
c<B>r<151>R<SER> 9.789 -8.94 22.608
c<B>r<152>R<ILE> 12.716 -11.002 23.847
c<B>r<153>R<ASP> 12.124 -13.902 26.256
c<B>r<154>R<HIS> 13.564 -15.523 29.389
c<B>r<155>R<ASP> 15.407 -18.838 29.635
c<B>r<156>R<ASP> 14.987 -18.631 25.848
c<B>r<157>R<GLY> 16.216 -15.426 24.344
c<B>r<158>R<THR> 13.254 -15.702 21.965
c<B>r<159>R<ARG> 12.338 -12.647 19.895
c<B>r<160>R<ARG> 8.567 -12.924 19.866
c<B>r<161>R<LEU> 6.322 -10.681 17.798
c<B>r<162>R<VAL> 4.114 -8.446 19.975
c<B>r<163>R<VAL> 2.259 -5.239 19.232
c<B>r<164>R<SER> 4.849 -2.623 20.126
c<B>r<165>R<LYS> 4.209 1.13 20.085
c<B>r<166>R<ASN> 7.958 1.848 19.755
c<B>r<167>R<LYS> 8.152 -1.298 17.712
c<B>r<168>R<PRO> 8.784 -1.853 14.569
c<B>r<169>R<LEU> 10.169 -4.952 12.917
c<B>r<170>R<VAL> 11.326 -4.035 9.436
c<B>r<171>R<VAL> 10.769 -6.872 7.058
c<B>r<172>R<GLN> 10.848 -7.846 3.447
