c<A>r<16>R<ILE> 23.594 14.913 27.146
c<A>r<17>R<VAL> 23.99 17.558 24.424
c<A>r<32>R<SER> 26.407 6.145 37.723
c<A>r<33>R<LEU> 28.468 3.045 36.895
c<A>r<34>R<ASN> 32.055 3.513 38.044
c<A>r<37>R<SER> 35.231 1.54 37.208
c<A>r<38>R<GLY> 37.653 4.114 38.696
c<A>r<39>R<SER> 35.681 6.948 36.978
c<A>r<40>R<HIS> 32.118 7.253 35.722
c<A>r<41>R<PHE> 31.693 5.348 32.448
c<A>r<42>R<CYS> 27.975 4.615 31.964
c<A>r<43>R<GLY> 24.508 5.233 33.353
c<A>r<54>R<SER> 21.975 -0.767 31.732
c<A>r<55>R<ALA> 23.336 -1.37 28.198
c<A>r<56>R<ALA> 25.392 -4.438 27.225
c<A>r<57>R<HIS> 27.918 -2.291 25.431
c<A>r<58>R<CYS> 28.746 -0.85 28.871
c<A>r<59>R<TYR> 29.949 -4.26 30.166
c<A>r<60>R<LYS> 32.964 -4.273 32.429
c<A>r<61>R<SER> 33.903 -7.246 34.611
c<A>r<62>R<ARG> 33.933 -5.136 37.805
c<A>r<63>R<ILE> 31.486 -2.244 38.417
c<A>r<64>R<GLN> 30.693 -0.081 41.406
c<A>r<65>R<VAL> 27.158 1.284 41.282
c<A>r<66>R<ARG> 26.755 4.855 42.613
c<A>r<70>R<GLU> 24.341 11.076 43.018
c<A>r<72>R<ASN> 27.624 15.782 41.634
c<A>r<73>R<ILE> 29.639 12.664 40.771
c<A>r<74>R<ASP> 32.869 14.504 41.724
c<A>r<75>R<VAL> 31.786 15.509 45.252
c<A>r<84>R<ASN> 29.59 -3.002 44.221
c<A>r<85>R<ALA> 28.062 -5.248 41.547
c<A>r<86>R<ALA> 27.722 -8.884 42.622
c<A>r<87>R<LYS> 26.575 -10.191 39.2
c<A>r<88>R<ILE> 26.71 -8.661 35.726
c<A>r<89>R<ILE> 24.495 -10.349 33.131
c<A>r<90>R<THR> 24.449 -9.278 29.489
c<A>r<91>R<HIS> 21.493 -10.276 27.317
c<A>r<92>R<PRO> 22.36 -13.68 25.763
c<A>r<93>R<ASN> 21.479 -12.388 22.275
c<A>r<94>R<PHE> 23.373 -9.081 22.444
c<A>r<95>R<ASN> 25.054 -8.504 19.121
c<A>r<96>R<GLY> 27.974 -6.049 19.267
c<A>r<97>R<ASN> 27.698 -5.217 15.536
c<A>r<98>R<THR> 24.013 -4.464 15.18
c<A>r<99>R<LEU> 23.609 -3.538 18.857
c<A>r<100>R<ASP> 20.407 -5.6 18.948
c<A>r<101>R<ASN> 19.482 -6.578 22.505
c<A>r<102>R<ASP> 21.715 -3.922 24.038
c<A>r<103>R<ILE> 20.693 -4.607 27.628
c<A>r<104>R<MET> 22.477 -5.777 30.749
c<A>r<105>R<LEU> 21.445 -6.409 34.364
c<A>r<140>R<GLY> 23.134 11.173 32.304
c<A>r<141>R<TRP> 26.712 12.396 32.979
c<A>r<142>R<GLY> 27.857 11.997 29.4
c<A>r<143>R<ASN> 29.422 14.475 26.99
c<A>r<144>R<THR> 27.609 17.815 26.817
c<A>r<145>R<LYS> 29.361 19.272 23.754
c<A>r<146>R<SER> 28.412 18.743 20.066
c<A>r<147>R<SER> 32.018 19.605 19.08
c<A>r<148>R<GLY> 34.683 18.554 21.528
c<A>r<149>R<SER> 34.305 17.049 24.916
c<A>r<150>R<SER> 33.03 18.19 28.259
c<A>r<151>R<TYR> 31.982 15.796 31.008
c<A>r<152>R<PRO> 29.766 17.389 33.649
c<A>r<153>R<SER> 29.903 17.001 37.381
c<A>r<154>R<LEU> 26.118 17.479 37.67
c<A>r<155>R<LEU> 23.487 15.209 36.185
c<A>r<172>R<TYR> 19.334 4.551 9.867
c<A>r<173>R<PRO> 18.252 2.501 6.8
c<A>r<174>R<GLY> 18.125 -1.191 7.54
c<A>r<175>R<GLN> 19.579 -0.795 11.084
c<A>r<187>R<GLY> 20.319 18.12 15.876
c<A>r<188>i<A>R<GLY> 21.59 19.913 18.963
c<A>r<189>R<ASP> 20.731 14.079 22.15
c<A>r<190>R<SER> 22.38 11.636 24.463
c<A>r<191>R<CYS> 26.125 11.022 23.937
c<A>r<192>R<GLN> 29.136 9.002 25.096
c<A>r<193>R<GLY> 29.007 8.438 28.848
c<A>r<194>R<ASP> 25.205 8.529 28.813
c<A>r<195>R<SER> 25.23 4.9 27.549
c<A>r<196>R<GLY> 23.124 2.569 29.625
c<A>r<197>R<GLY> 21.052 5.331 31.225
c<A>r<212>R<ILE> 18.145 2.564 27.493
c<A>r<213>R<VAL> 20.783 4.86 25.943
c<A>r<214>R<SER> 22.311 2.624 23.23
c<A>r<215>R<TRP> 23.719 3.975 19.979
c<A>r<216>R<GLY> 23.518 6.417 17.072
c<A>r<217>R<TYR> 25.926 8.235 14.719
c<A>r<219>R<GLY> 27.897 10.723 16.713
c<A>r<220>R<CYS> 25.653 12.805 18.929
c<A>r<221>i<A>R<ALA> 23.187 15.583 18.242
c<A>r<221>R<GLN> 23.877 15.567 14.479
c<A>r<222>R<LYS> 21.049 16.346 12.089
c<A>r<223>R<ASN> 18.904 13.323 10.968
c<A>r<224>R<LYS> 20.809 11.027 13.379
c<A>r<225>R<PRO> 18.655 10.816 16.474
c<A>r<226>R<GLY> 19.582 8.656 19.424
c<A>r<228>R<TYR> 17.547 3.286 22.41
c<A>r<229>R<THR> 16.948 -0.276 23.534
c<B>r<20>R<LEU> 39.943 6.969 11.894
c<B>r<21>R<SER> 36.422 6.605 13.34
c<B>r<22>R<ASP> 32.934 6.791 11.712
c<B>r<23>R<ILE> 31.402 9.196 14.284
c<B>r<24>R<THR> 32.546 12.589 12.92
c<B>r<25>R<ALA> 32.182 13.898 16.47
c<B>r<26>R<PHE> 35.436 11.963 16.939
c<B>r<27>R<GLY> 39.071 11.672 16.02
c<B>r<28>R<GLY> 41.84 9.137 15.702
c<B>r<33>R<PRO> 47.707 8.793 30.729
c<B>r<34>R<THR> 44.739 7.55 32.724
c<B>r<35>R<GLY> 44.518 7.617 36.453
c<B>r<36>R<ASN> 47.757 6.949 38.159
c<B>r<37>R<GLU> 49.947 6.358 35.127
c<B>r<42>R<THR> 46.066 3.97 27.629
c<B>r<44>R<VAL> 42.225 6.296 23.58
c<B>r<45>R<GLN> 40.07 7.673 20.753
c<B>r<46>R<SER> 40.524 11.436 20.276
c<B>r<47>R<ARG> 37.528 13.721 20.992
c<B>r<48>R<ASN> 38.922 16.307 18.593
c<B>r<49>R<GLU> 37.439 15.372 15.251
c<B>r<50>R<LEU> 40.331 17.196 13.558
c<B>r<51>R<ASP> 42.845 14.803 15.143
c<B>r<95>R<VAL> 44.759 -6.311 26.581
c<B>r<96>R<VAL> 45.315 -6.431 30.312
c<B>r<97>R<GLU> 42.778 -8.059 32.535
c<B>r<98>R<ASP> 41.913 -7.761 36.246
c<B>r<99>R<LEU> 41.011 -4.094 35.788
c<B>r<100>R<PRO> 38.008 -2.077 36.834
c<B>r<101>R<GLU> 37.216 -0.766 33.339
c<B>r<102>R<GLY> 36.949 -4.258 31.968
c<B>r<103>R<PRO> 39.749 -5.746 29.785
c<B>r<104>R<ALA> 41.662 -2.656 28.754
c<B>r<105>R<VAL> 43.857 -2.037 25.746
c<B>r<120>R<LEU> 39.705 -7.276 11.741
c<B>r<121>R<GLU> 36.048 -7.842 10.888
c<B>r<122>R<ARG> 33.996 -6 8.26
c<B>r<123>R<VAL> 30.964 -3.931 9.15
c<B>r<124>R<SER> 30.601 -1.868 5.949
c<B>r<127>R<GLU> 31.584 6.173 4.11
c<B>r<128>R<PHE> 31.42 2.355 3.9
c<B>r<130>R<ASN> 34.164 0.251 8
c<B>r<131>R<TYR> 35.633 -2.49 10.205
c<B>r<132>R<LYS> 35.716 -3.416 13.843
c<B>r<133>R<LEU> 38.623 -4.792 15.86
c<B>r<134>R<VAL> 38.269 -7.999 17.926
c<B>r<135>R<PHE> 40.527 -9.64 20.472
c<B>r<144>R<LYS> 35.377 -16.456 20.664
c<B>r<145>R<CYS> 36.754 -12.905 20.478
c<B>r<146>R<GLY> 35.484 -9.797 22.279
c<B>r<147>R<ASP> 34.607 -6.537 20.489
c<B>r<148>R<ILE> 36.831 -3.584 21.182
c<B>r<149>R<GLY> 34.467 -0.777 22.225
c<B>r<150>R<ILE> 34.719 2.492 24.202
c<B>r<151>R<SER> 34.732 3.142 27.972
c<B>r<152>R<ILE> 34.353 6.745 29.081
c<B>r<153>R<ASP> 36.3 8.026 32.104
c<B>r<154>R<HIS> 35.904 10.205 35.205
c<B>r<155>R<ASP> 37.383 13.653 35.807
c<B>r<156>R<ASP> 38.481 13.121 32.192
c<B>r<157>R<GLY> 35.694 12.191 29.866
c<B>r<158>R<THR> 38.224 9.919 28.15
c<B>r<159>R<ARG> 36.918 7.336 25.683
c<B>r<160>R<ARG> 39.271 4.457 26.371
c<B>r<161>R<LEU> 39.347 1.282 24.307
c<B>r<162>R<VAL> 38.263 -1.778 26.325
c<B>r<163>R<VAL> 37.01 -5.183 25.268
c<B>r<164>R<SER> 33.265 -4.621 25.135
c<B>r<165>R<LYS> 30.711 -7.354 24.429
c<B>r<166>R<ASN> 28.123 -4.76 23.309
c<B>r<167>R<LYS> 31.019 -2.784 21.96
c<B>r<168>R<PRO> 31.944 -2.007 18.939
c<B>r<169>R<LEU> 34.026 0.909 17.75
c<B>r<170>R<VAL> 33.598 1.235 14.008
c<B>r<171>R<VAL> 36.767 2.416 12.403
