c<A>r<16>R<ILE> 23.594 14.913 27.146
c<A>r<17>R<VAL> 23.99 17.558 24.424
c<A>r<32>R<SER> 26.407 6.145 37.723
c<A>r<33>R<LEU> 28.468 3.045 36.895
c<A>r<34>R<ASN> 32.055 3.513 38.044
c<A>r<37>R<SER> 35.231 1.54 37.208
c<A>r<38>R<GLY> 37.653 4.114 38.696
c<A>r<39>R<SER> 35.681 6.948 36.978
c<A>r<40>R<HIS> 32.118 7.253 35.722
c<A>r<41>R<PHE> 31.693 5.348 32.448
c<A>r<42>R<CYS> 27.975 4.615 31.964
c<A>r<43>R<GLY> 24.508 5.233 33.353
c<A>r<44>R<GLY> 21.922 2.797 34.52
c<A>r<54>R<SER> 21.975 -0.767 31.732
c<A>r<55>R<ALA> 23.336 -1.37 28.198
c<A>r<56>R<ALA> 25.392 -4.438 27.225
c<A>r<57>R<HIS> 27.918 -2.291 25.431
c<A>r<58>R<CYS> 28.746 -0.85 28.871
c<A>r<59>R<TYR> 29.949 -4.26 30.166
c<A>r<60>R<LYS> 32.964 -4.273 32.429
c<A>r<61>R<SER> 33.903 -7.246 34.611
c<A>r<62>R<ARG> 33.933 -5.136 37.805
c<A>r<63>R<ILE> 31.486 -2.244 38.417
c<A>r<64>R<GLN> 30.693 -0.081 41.406
c<A>r<85>R<ALA> 28.062 -5.248 41.547
c<A>r<87>R<LYS> 26.575 -10.191 39.2
c<A>r<88>R<ILE> 26.71 -8.661 35.726
c<A>r<89>R<ILE> 24.495 -10.349 33.131
c<A>r<90>R<THR> 24.449 -9.278 29.489
c<A>r<91>R<HIS> 21.493 -10.276 27.317
c<A>r<94>R<PHE> 23.373 -9.081 22.444
c<A>r<95>R<ASN> 25.054 -8.504 19.121
c<A>r<96>R<GLY> 27.974 -6.049 19.267
c<A>r<97>R<ASN> 27.698 -5.217 15.536
c<A>r<98>R<THR> 24.013 -4.464 15.18
c<A>r<99>R<LEU> 23.609 -3.538 18.857
c<A>r<100>R<ASP> 20.407 -5.6 18.948
c<A>r<101>R<ASN> 19.482 -6.578 22.505
c<A>r<102>R<ASP> 21.715 -3.922 24.038
c<A>r<103>R<ILE> 20.693 -4.607 27.628
c<A>r<104>R<MET> 22.477 -5.777 30.749
c<A>r<139>R<SER> 19.469 11.793 31.694
c<A>r<140>R<GLY> 23.134 11.173 32.304
c<A>r<141>R<TRP> 26.712 12.396 32.979
c<A>r<142>R<GLY> 27.857 11.997 29.4
c<A>r<143>R<ASN> 29.422 14.475 26.99
c<A>r<144>R<THR> 27.609 17.815 26.817
c<A>r<145>R<LYS> 29.361 19.272 23.754
c<A>r<146>R<SER> 28.412 18.743 20.066
c<A>r<147>R<SER> 32.018 19.605 19.08
c<A>r<148>R<GLY> 34.683 18.554 21.528
c<A>r<149>R<SER> 34.305 17.049 24.916
c<A>r<150>R<SER> 33.03 18.19 28.259
c<A>r<151>R<TYR> 31.982 15.796 31.008
c<A>r<152>R<PRO> 29.766 17.389 33.649
c<A>r<153>R<SER> 29.903 17.001 37.381
c<A>r<155>R<LEU> 23.487 15.209 36.185
c<A>r<156>R<GLN> 22.08 16.485 32.909
c<A>r<171>R<SER> 17.584 7.911 9.671
c<A>r<172>R<TYR> 19.334 4.551 9.867
c<A>r<173>R<PRO> 18.252 2.501 6.8
c<A>r<174>R<GLY> 18.125 -1.191 7.54
c<A>r<175>R<GLN> 19.579 -0.795 11.084
c<A>r<176>R<ILE> 16.519 -0.332 13.365
c<A>r<187>R<GLY> 20.319 18.12 15.876
c<A>r<188>i<A>R<GLY> 21.59 19.913 18.963
c<A>r<189>R<ASP> 20.731 14.079 22.15
c<A>r<190>R<SER> 22.38 11.636 24.463
c<A>r<191>R<CYS> 26.125 11.022 23.937
c<A>r<192>R<GLN> 29.136 9.002 25.096
c<A>r<193>R<GLY> 29.007 8.438 28.848
c<A>r<194>R<ASP> 25.205 8.529 28.813
c<A>r<195>R<SER> 25.23 4.9 27.549
c<A>r<196>R<GLY> 23.124 2.569 29.625
c<A>r<197>R<GLY> 21.052 5.331 31.225
c<A>r<213>R<VAL> 20.783 4.86 25.943
c<A>r<214>R<SER> 22.311 2.624 23.23
c<A>r<215>R<TRP> 23.719 3.975 19.979
c<A>r<216>R<GLY> 23.518 6.417 17.072
c<A>r<217>R<TYR> 25.926 8.235 14.719
c<A>r<219>R<GLY> 27.897 10.723 16.713
c<A>r<220>R<CYS> 25.653 12.805 18.929
c<A>r<221>i<A>R<ALA> 23.187 15.583 18.242
c<A>r<221>R<GLN> 23.877 15.567 14.479
c<A>r<222>R<LYS> 21.049 16.346 12.089
c<A>r<223>R<ASN> 18.904 13.323 10.968
c<A>r<224>R<LYS> 20.809 11.027 13.379
c<A>r<225>R<PRO> 18.655 10.816 16.474
c<A>r<226>R<GLY> 19.582 8.656 19.424
c<A>r<227>R<VAL> 18.652 4.975 19.223
c<A>r<228>R<TYR> 17.547 3.286 22.41
c<A>r<229>R<THR> 16.948 -0.276 23.534
c<B>r<1>R<ASP> 31.324 8.051 27.43
c<B>r<2>R<PHE> 32.012 4.988 25.227
c<B>r<3>R<VAL> 34.24 5.224 22.179
c<B>r<4>R<LEU> 32.303 4.401 18.994
c<B>r<5>R<ASP> 33.267 2.786 15.671
c<B>r<6>R<ASN> 32.058 4.7 12.598
c<B>r<7>R<GLU> 29.083 2.356 12.702
c<B>r<8>R<GLY> 28.09 3.848 16.063
c<B>r<9>R<ASN> 29.038 0.648 17.863
c<B>r<10>R<PRO> 31.319 0.95 20.913
c<B>r<11>R<LEU> 34.921 -0.351 20.609
c<B>r<12>R<GLU> 35.321 -3.909 21.907
c<B>r<13>R<ASN> 38.234 -4.257 24.329
c<B>r<14>R<GLY> 40.743 -6.393 22.459
c<B>r<15>R<GLY> 39.266 -5.926 19.029
c<B>r<16>R<THR> 40.82 -4.927 15.717
c<B>r<17>R<TYR> 40.009 -1.634 14.08
c<B>r<22>R<ASP> 39.198 12.737 8.965
c<B>r<59>R<SER> 43.11 -3.107 24.64
c<B>r<60>R<SER> 42.611 -1.715 28.148
c<B>r<61>R<PRO> 44.109 -3.39 31.193
c<B>r<62>R<TYR> 40.728 -3.133 33.04
c<B>r<63>R<ARG> 38.118 -5.831 32.719
c<B>r<64>R<ILE> 35.802 -3.463 30.857
c<B>r<65>R<ARG> 34.324 -5.011 27.713
c<B>r<66>R<PHE> 33.879 -1.606 26.107
c<B>r<67>R<ILE> 36.481 1.095 25.772
c<B>r<68>R<ALA> 35.118 4.31 27.322
c<B>r<69>R<GLU> 37.129 7.519 27.004
c<B>r<70>R<GLY> 39.951 8.163 29.426
c<B>r<71>R<HIS> 40.529 4.463 30
c<B>r<72>R<PRO> 44.182 3.461 29.664
c<B>r<119>R<ARG> 43.822 7.257 26.257
c<B>r<120>R<LEU> 41.084 8.167 23.774
c<B>r<121>R<GLU> 39.427 11.581 23.903
c<B>r<122>R<ARG> 36.359 12.714 21.951
c<B>r<123>R<VAL> 36.484 15.551 19.46
c<B>r<124>R<SER> 33.241 14.896 17.539
c<B>r<127>R<GLU> 31.503 12.418 9.803
c<B>r<128>R<PHE> 31.344 13.059 13.573
c<B>r<129>R<ASN> 32.623 9.97 15.406
c<B>r<130>R<ASN> 36.009 11.626 15.797
c<B>r<131>R<TYR> 38.551 11.084 18.586
c<B>r<132>R<LYS> 42.131 11.951 19.322
c<B>r<133>R<LEU> 44.79 9.791 20.957
c<B>r<134>R<VAL> 46.789 11.042 23.977
c<B>r<143>R<ASP> 46.936 13.548 34.324
c<B>r<168>R<PRO> 46.193 16.537 17.166
c<B>r<169>R<LEU> 45.451 13.857 14.613
c<B>r<170>R<VAL> 41.704 13.384 14.432
c<B>r<171>R<VAL> 40.845 9.803 13.76
c<B>r<172>R<GLN> 38.021 7.354 13.589
c<B>r<173>R<PHE> 37.821 3.637 13.87
c<B>r<174>R<GLN> 36.502 0.983 11.528
c<B>r<175>R<LYS> 35.916 -2.536 12.804
c<B>r<176>R<LEU> 37.833 -5.358 11.191
c<B>r<177>R<ASP> 35.553 -8.144 10.007
