c<A>r<16>R<ILE> 23.594 14.913 27.146
c<A>r<17>R<VAL> 23.99 17.558 24.424
c<A>r<18>R<GLY> 21.519 20.431 24.411
c<A>r<30>R<GLN> 19.539 7.249 37.842
c<A>r<31>R<VAL> 22.824 5.568 38.728
c<A>r<32>R<SER> 26.407 6.145 37.723
c<A>r<33>R<LEU> 28.468 3.045 36.895
c<A>r<34>R<ASN> 32.055 3.513 38.044
c<A>r<37>R<SER> 35.231 1.54 37.208
c<A>r<38>R<GLY> 37.653 4.114 38.696
c<A>r<39>R<SER> 35.681 6.948 36.978
c<A>r<40>R<HIS> 32.118 7.253 35.722
c<A>r<41>R<PHE> 31.693 5.348 32.448
c<A>r<42>R<CYS> 27.975 4.615 31.964
c<A>r<43>R<GLY> 24.508 5.233 33.353
c<A>r<44>R<GLY> 21.922 2.797 34.52
c<A>r<54>R<SER> 21.975 -0.767 31.732
c<A>r<55>R<ALA> 23.336 -1.37 28.198
c<A>r<56>R<ALA> 25.392 -4.438 27.225
c<A>r<57>R<HIS> 27.918 -2.291 25.431
c<A>r<58>R<CYS> 28.746 -0.85 28.871
c<A>r<59>R<TYR> 29.949 -4.26 30.166
c<A>r<60>R<LYS> 32.964 -4.273 32.429
c<A>r<61>R<SER> 33.903 -7.246 34.611
c<A>r<62>R<ARG> 33.933 -5.136 37.805
c<A>r<63>R<ILE> 31.486 -2.244 38.417
c<A>r<64>R<GLN> 30.693 -0.081 41.406
c<A>r<65>R<VAL> 27.158 1.284 41.282
c<A>r<66>R<ARG> 26.755 4.855 42.613
c<A>r<70>R<GLU> 24.341 11.076 43.018
c<A>r<72>R<ASN> 27.624 15.782 41.634
c<A>r<73>R<ILE> 29.639 12.664 40.771
c<A>r<74>R<ASP> 32.869 14.504 41.724
c<A>r<84>R<ASN> 29.59 -3.002 44.221
c<A>r<87>R<LYS> 26.575 -10.191 39.2
c<A>r<88>R<ILE> 26.71 -8.661 35.726
c<A>r<89>R<ILE> 24.495 -10.349 33.131
c<A>r<90>R<THR> 24.449 -9.278 29.489
c<A>r<91>R<HIS> 21.493 -10.276 27.317
c<A>r<92>R<PRO> 22.36 -13.68 25.763
c<A>r<93>R<ASN> 21.479 -12.388 22.275
c<A>r<94>R<PHE> 23.373 -9.081 22.444
c<A>r<95>R<ASN> 25.054 -8.504 19.121
c<A>r<96>R<GLY> 27.974 -6.049 19.267
c<A>r<97>R<ASN> 27.698 -5.217 15.536
c<A>r<98>R<THR> 24.013 -4.464 15.18
c<A>r<99>R<LEU> 23.609 -3.538 18.857
c<A>r<100>R<ASP> 20.407 -5.6 18.948
c<A>r<101>R<ASN> 19.482 -6.578 22.505
c<A>r<102>R<ASP> 21.715 -3.922 24.038
c<A>r<103>R<ILE> 20.693 -4.607 27.628
c<A>r<104>R<MET> 22.477 -5.777 30.749
c<A>r<139>R<SER> 19.469 11.793 31.694
c<A>r<140>R<GLY> 23.134 11.173 32.304
c<A>r<141>R<TRP> 26.712 12.396 32.979
c<A>r<142>R<GLY> 27.857 11.997 29.4
c<A>r<143>R<ASN> 29.422 14.475 26.99
c<A>r<144>R<THR> 27.609 17.815 26.817
c<A>r<145>R<LYS> 29.361 19.272 23.754
c<A>r<146>R<SER> 28.412 18.743 20.066
c<A>r<147>R<SER> 32.018 19.605 19.08
c<A>r<148>R<GLY> 34.683 18.554 21.528
c<A>r<149>R<SER> 34.305 17.049 24.916
c<A>r<150>R<SER> 33.03 18.19 28.259
c<A>r<151>R<TYR> 31.982 15.796 31.008
c<A>r<152>R<PRO> 29.766 17.389 33.649
c<A>r<153>R<SER> 29.903 17.001 37.381
c<A>r<154>R<LEU> 26.118 17.479 37.67
c<A>r<155>R<LEU> 23.487 15.209 36.185
c<A>r<156>R<GLN> 22.08 16.485 32.909
c<A>r<167>R<SER> 11.626 9.324 11.218
c<A>r<168>R<CYS> 13.625 6.569 13.031
c<A>r<169>R<LYS> 14.03 3.968 10.3
c<A>r<170>R<SER> 14.676 6.579 7.589
c<A>r<171>R<SER> 17.584 7.911 9.671
c<A>r<172>R<TYR> 19.334 4.551 9.867
c<A>r<173>R<PRO> 18.252 2.501 6.8
c<A>r<174>R<GLY> 18.125 -1.191 7.54
c<A>r<175>R<GLN> 19.579 -0.795 11.084
c<A>r<176>R<ILE> 16.519 -0.332 13.365
c<A>r<177>R<THR> 15.374 -3.676 14.694
c<A>r<179>R<ASN> 14.1 -3.977 19.789
c<A>r<180>R<MET> 15.021 -0.324 19.14
c<A>r<181>R<ILE> 13.293 3.046 19.249
c<A>r<182>R<CYS> 14.455 6.526 18.399
c<A>r<185>R<LEU> 15.821 15.243 13.667
c<A>r<186>R<GLU> 17.136 18.813 13.821
c<A>r<187>R<GLY> 20.319 18.12 15.876
c<A>r<188>i<A>R<GLY> 21.59 19.913 18.963
c<A>r<188>R<LYS> 19.623 17.683 21.431
c<A>r<189>R<ASP> 20.731 14.079 22.15
c<A>r<190>R<SER> 22.38 11.636 24.463
c<A>r<191>R<CYS> 26.125 11.022 23.937
c<A>r<192>R<GLN> 29.136 9.002 25.096
c<A>r<193>R<GLY> 29.007 8.438 28.848
c<A>r<194>R<ASP> 25.205 8.529 28.813
c<A>r<195>R<SER> 25.23 4.9 27.549
c<A>r<196>R<GLY> 23.124 2.569 29.625
c<A>r<197>R<GLY> 21.052 5.331 31.225
c<A>r<198>R<PRO> 17.356 5.918 31.257
c<A>r<212>R<ILE> 18.145 2.564 27.493
c<A>r<213>R<VAL> 20.783 4.86 25.943
c<A>r<214>R<SER> 22.311 2.624 23.23
c<A>r<215>R<TRP> 23.719 3.975 19.979
c<A>r<216>R<GLY> 23.518 6.417 17.072
c<A>r<217>R<TYR> 25.926 8.235 14.719
c<A>r<219>R<GLY> 27.897 10.723 16.713
c<A>r<220>R<CYS> 25.653 12.805 18.929
c<A>r<221>i<A>R<ALA> 23.187 15.583 18.242
c<A>r<221>R<GLN> 23.877 15.567 14.479
c<A>r<222>R<LYS> 21.049 16.346 12.089
c<A>r<223>R<ASN> 18.904 13.323 10.968
c<A>r<224>R<LYS> 20.809 11.027 13.379
c<A>r<225>R<PRO> 18.655 10.816 16.474
c<A>r<226>R<GLY> 19.582 8.656 19.424
c<A>r<227>R<VAL> 18.652 4.975 19.223
c<A>r<228>R<TYR> 17.547 3.286 22.41
c<A>r<229>R<THR> 16.948 -0.276 23.534
c<B>r<20>R<LEU> 42.102 -7.123 23.85
c<B>r<21>R<SER> 38.84 -6.276 25.658
c<B>r<22>R<ASP> 37.218 -7.696 28.851
c<B>r<23>R<ILE> 33.723 -8.217 27.348
c<B>r<24>R<THR> 34.125 -11.64 25.673
c<B>r<25>R<ALA> 31.293 -10.602 23.361
c<B>r<26>R<PHE> 34.063 -8.496 21.8
c<B>r<27>R<GLY> 37.333 -8.495 19.942
c<B>r<28>R<GLY> 40.435 -6.421 19.431
c<B>r<29>R<ILE> 40.97 -2.831 18.35
c<B>r<32>R<ALA> 37.456 0.777 9.823
c<B>r<33>R<PRO> 35.919 3.314 7.381
c<B>r<34>R<THR> 33.05 5.237 8.933
c<B>r<35>R<GLY> 30.664 7.386 7.022
c<B>r<36>R<ASN> 32.235 9.217 4.187
c<B>r<42>R<THR> 38.312 5.177 12.516
c<B>r<43>R<VAL> 39.677 3.272 15.478
c<B>r<44>R<VAL> 37.09 0.574 16.242
c<B>r<45>R<GLN> 36.707 -2.396 18.601
c<B>r<46>R<SER> 35.953 -5.646 16.739
c<B>r<47>R<ARG> 32.542 -7.304 17.31
c<B>r<48>R<ASN> 34.027 -10.677 16.415
c<B>r<49>R<GLU> 35.269 -12.05 19.703
c<B>r<50>R<LEU> 37.694 -14.264 17.761
c<B>r<51>R<ASP> 39.438 -11.191 16.321
c<B>r<69>R<GLU> 50.833 4.085 34.572
c<B>r<94>R<SER> 44.69 11.189 16.982
c<B>r<95>R<VAL> 41.713 12.648 18.928
c<B>r<96>R<VAL> 39.954 15.015 16.572
c<B>r<97>R<GLU> 37.402 17.419 17.888
c<B>r<98>R<ASP> 34.478 19.317 16.318
c<B>r<99>R<LEU> 32.77 16.038 15.425
c<B>r<100>R<PRO> 29.256 14.79 15.949
c<B>r<101>R<GLU> 30.274 11.593 17.766
c<B>r<102>R<GLY> 32.156 13.541 20.375
c<B>r<103>R<PRO> 36.002 13.671 20.355
c<B>r<104>R<ALA> 36.872 10.756 18.116
c<B>r<105>R<VAL> 40.007 8.66 17.947
c<B>r<106>R<LYS> 41.177 8.636 14.321
c<B>r<111>R<LYS> 42.586 18.751 10.624
c<B>r<112>R<ASP> 41.153 19.198 14.124
c<B>r<113>R<ALA> 43.511 16.722 15.854
c<B>r<114>R<MET> 43.635 17.754 19.492
c<B>r<115>R<ASP> 47.107 18.074 20.94
c<B>r<116>R<GLY> 47.669 15.922 23.975
c<B>r<120>R<LEU> 47.18 4.141 30.946
c<B>r<121>R<GLU> 45.251 3.768 34.196
c<B>r<122>R<ARG> 44.656 0.553 36.152
c<B>r<123>R<VAL> 41.194 -0.832 36.756
c<B>r<124>R<SER> 42.075 -4.417 37.756
c<B>r<127>R<GLU> 40.958 -11.848 34.216
c<B>r<128>R<PHE> 42.347 -8.939 36.279
c<B>r<129>R<ASN> 45.124 -7.235 34.298
c<B>r<130>R<ASN> 42.666 -4.578 33.172
c<B>r<131>R<TYR> 43.417 -0.949 32.28
c<B>r<132>R<LYS> 41.663 1.965 30.687
c<B>r<133>R<LEU> 43.067 4.517 28.253
c<B>r<134>R<VAL> 42.754 8.278 28.913
c<B>r<135>R<PHE> 43.473 11.3 26.764
c<B>r<136>R<CYS> 45.09 14.347 28.354
c<B>r<137>R<PRO> 44.706 17.417 26.157
c<B>r<138>R<GLN> 46.765 20.17 25.027
c<B>r<144>R<LYS> 42.115 16.412 33.475
c<B>r<145>R<CYS> 41.932 13.585 30.923
c<B>r<146>R<GLY> 38.826 12.065 29.321
c<B>r<147>R<ASP> 38.07 8.32 29.331
c<B>r<148>R<ILE> 38.195 6.567 26.005
c<B>r<149>R<GLY> 34.858 4.743 25.712
c<B>r<150>R<ILE> 32.687 3.331 22.891
c<B>r<151>R<SER> 30.236 5.059 20.517
c<B>r<152>R<ILE> 28.003 2.811 18.441
c<B>r<153>R<ASP> 27.157 3.757 14.842
c<B>r<154>R<HIS> 24.252 3.83 12.377
c<B>r<155>R<ASP> 23.713 1.563 9.375
c<B>r<156>R<ASP> 26.833 -0.07 10.845
c<B>r<157>R<GLY> 26.533 -0.955 14.474
c<B>r<158>R<THR> 30.195 0.057 14.762
c<B>r<159>R<ARG> 31.644 0.536 18.245
c<B>r<160>R<ARG> 33.978 3.449 17.637
c<B>r<161>R<LEU> 36.402 4.761 20.235
c<B>r<162>R<VAL> 35.537 8.313 21.353
c<B>r<163>R<VAL> 36.491 10.294 24.426
c<B>r<164>R<SER> 33.665 9.442 26.802
c<B>r<165>R<LYS> 33.23 10.982 30.256
c<B>r<166>R<ASN> 31.085 8.019 31.397
c<B>r<167>R<LYS> 33.254 5.889 29.191
c<B>r<168>R<PRO> 35.424 3.549 29.827
c<B>r<169>R<LEU> 36.571 0.692 27.641
c<B>r<170>R<VAL> 38.354 -1.835 29.817
c<B>r<171>R<VAL> 41.16 -3.459 27.945
c<B>r<172>R<GLN> 44.114 -5.727 28.298
