c<A>r<127>R<GLN> -6.632000 14.388000 -8.536000
c<A>r<128>R<ASP> -7.956000 13.630000 -5.174000
c<A>r<130>R<GLY> -11.616000 15.951000 -2.636000
c<A>r<131>R<LYS> -10.135000 13.547000 -0.294000
c<A>r<166>R<ASP> 10.793000 5.408000 28.591000
c<A>r<167>R<MET> 12.354000 4.043000 25.488001
c<A>r<168>R<GLY> 11.478000 0.456000 24.732000
c<A>r<169>R<PRO> 14.228000 -2.019000 23.559000
c<A>r<170>R<GLN> 15.757000 -1.380000 20.142000
c<A>r<171>R<PRO> 13.388000 -2.405000 17.379999
c<A>r<172>R<ARG> 15.088000 -5.528000 15.752000
c<A>r<173>R<ALA> 13.590000 -7.650000 12.872000
c<A>r<174>R<GLU> 15.202000 -10.978000 11.528000
c<A>r<175>R<ALA> 13.771000 -12.626000 8.321000
c<A>r<176>R<SER> 14.921000 -15.865000 6.606000
c<A>r<177>R<TRP> 13.518000 -16.773001 3.140000
c<A>r<178>R<GLN> 13.999000 -20.146000 1.373000
c<A>r<179>R<PHE> 13.405000 -19.582001 -2.426000
c<A>r<180>R<PHE> 12.565000 -21.945000 -5.210000
c<A>r<181>R<MET> 15.548000 -24.233999 -5.867000
c<A>r<182>R<SER> 17.629000 -23.302000 -2.858000
c<A>r<183>R<ASP> 17.853001 -25.577000 0.257000
c<A>r<184>R<LYS> 19.841999 -22.943001 2.016000
c<A>r<185>R<PRO> 18.216999 -19.792999 3.565000
c<A>r<186>R<LEU> 18.584000 -16.107000 2.950000
c<A>r<187>R<ARG> 18.806000 -14.463000 6.312000
c<A>r<188>R<LEU> 18.128000 -10.736000 6.844000
c<A>r<189>R<ALA> 18.715000 -9.009000 10.246000
c<A>r<195>R<GLU> 12.797000 3.144000 18.902000
c<A>r<237>R<TYR> -5.006000 3.282000 3.933000
c<A>r<238>R<TYR> -1.956000 5.066000 2.613000
c<A>r<239>R<ILE> 1.639000 3.746000 2.608000
c<A>r<240>R<LYS> 4.105000 6.304000 1.319000
c<A>r<293>R<THR> -0.049000 8.460000 16.604000
c<A>r<294>R<ILE> -0.105000 7.523000 20.297001
c<A>r<295>R<ILE> -3.294000 5.772000 21.455000
c<A>r<296>R<LYS> -3.958000 5.558000 25.249001
c<A>r<297>R<GLU> -5.549000 2.463000 26.577999
c<A>r<298>R<GLY> -9.392000 2.351000 26.266001
c<A>r<299>R<ILE> -9.735000 5.141000 23.737000
c<A>r<300>R<ASP> -11.645000 4.472000 20.558001
c<A>r<301>R<LYS> -9.294000 4.682000 17.544001
c<A>r<319>R<SER> 18.170000 -12.955000 -8.722000
c<A>r<320>R<GLY> 15.790000 -15.684000 -10.098000
c<A>r<321>R<LEU> 15.849000 -18.039000 -13.121000
c<A>r<322>R<LEU> 13.423000 -15.924000 -15.028000
c<A>r<323>R<THR> 12.397000 -13.125000 -12.451000
c<A>r<324>R<SER> 13.863000 -11.450000 -9.455000
c<A>r<325>R<SER> 12.148000 -12.067000 -6.326000
c<A>r<326>R<GLU> 11.683000 -9.316000 -3.786000
c<A>r<327>R<VAL> 11.717000 -10.130000 -0.137000
c<A>r<328>R<ALA> 11.132000 -7.519000 2.605000
c<A>r<329>R<THR> 11.134000 -7.138000 6.297000
c<A>r<330>R<GLU> 9.597000 -4.223000 8.328000
c<A>r<331>R<VAL> 10.682000 -2.700000 11.578000
c<A>r<332>R<PRO> 8.225000 -0.214000 13.311000
c<B>r<26>R<VAL> 6.173000 -19.242001 -19.679001
c<B>r<128>R<GLN> -14.612000 7.570000 -6.748000
c<B>r<129>R<ASP> -11.757000 6.786000 -8.938000
c<B>r<131>R<GLY> -11.100000 7.771000 -13.847000
c<B>r<132>R<LYS> -8.285000 5.696000 -12.842000
c<B>r<169>R<ASP> 8.064000 -26.698000 -9.718000
c<B>r<170>R<MET> 8.121000 -27.473000 -6.196000
c<B>r<171>R<GLY> 10.718000 -25.171000 -5.169000
c<B>r<172>R<PRO> 11.430000 -25.025999 -1.348000
c<B>r<173>R<GLN> 8.410000 -24.063000 0.588000
c<B>r<174>R<PRO> 8.218000 -20.311001 1.034000
c<B>r<175>R<ARG> 9.169000 -19.851999 4.776000
c<B>r<176>R<ALA> 9.430000 -16.489000 6.687000
c<B>r<177>R<GLU> 10.771000 -16.188999 10.338000
c<B>r<178>R<ALA> 10.547000 -12.844000 12.248000
c<B>r<179>R<SER> 11.672000 -11.982000 15.805000
c<B>r<180>R<TRP> 10.670000 -8.661000 17.457001
c<B>r<181>R<GLN> 11.992000 -7.178000 20.792999
c<B>r<182>R<PHE> 9.442000 -4.644000 22.157000
c<B>r<183>R<PHE> 9.650000 -1.781000 24.575001
c<B>r<184>R<MET> 10.403000 -3.182000 27.993000
c<B>r<185>R<SER> 10.978000 -6.839000 27.046000
c<B>r<186>R<ASP> 14.520000 -8.377000 26.914000
c<B>r<187>R<LYS> 13.094000 -11.550000 25.458000
c<B>r<188>R<PRO> 11.993000 -11.874000 21.757999
c<B>r<189>R<LEU> 8.739000 -12.635000 20.034000
c<B>r<190>R<ARG> 9.420000 -15.153000 17.337000
c<B>r<191>R<LEU> 7.075000 -15.733000 14.361000
c<B>r<192>R<ALA> 7.629000 -18.549999 11.796000
c<B>r<194>R<SER> 5.471000 -21.475000 6.079000
c<B>r<197>R<LYS> 3.675000 -24.464001 -2.062000
c<B>r<198>R<GLU> 5.094000 -21.541000 -3.864000
c<B>r<240>R<TYR> 0.641000 1.226000 -5.793000
c<B>r<241>R<TYR> -2.311000 -0.729000 -4.506000
c<B>r<242>R<ILE> -2.254000 -3.301000 -1.658000
c<B>r<243>R<LYS> -5.597000 -4.986000 -1.218000
c<B>r<296>R<THR> 3.100000 -11.166000 -13.083000
c<B>r<297>R<ILE> 6.059000 -13.136000 -14.420000
c<B>r<298>R<ILE> 8.985000 -10.923000 -15.502000
c<B>r<299>R<LYS> 11.684000 -12.622000 -17.632999
c<B>r<300>R<GLU> 15.185000 -11.486000 -17.065001
c<B>r<301>R<GLY> 16.148001 -8.337000 -19.039000
c<B>r<302>R<ILE> 12.665000 -7.193000 -19.836000
c<B>r<314>R<GLN> 1.951000 -12.234000 -0.367000
c<B>r<323>R<GLY> 0.902000 -2.677000 25.048000
c<B>r<324>R<LEU> 1.645000 -1.215000 28.566999
c<B>r<325>R<LEU> -1.385000 0.810000 28.323000
c<B>r<326>R<GLY> -3.800000 -1.564000 26.691000
c<B>r<327>R<GLU> -5.054000 -1.841000 23.247000
c<B>r<328>R<LEU> -3.914000 1.695000 22.858000
c<B>r<329>R<THR> -0.282000 0.785000 22.848000
c<B>r<330>R<SER> -0.630000 -2.496000 21.038000
c<B>r<331>R<SER> 2.081000 -3.068000 18.711000
c<B>r<332>R<GLU> 1.360000 -4.764000 15.424000
c<B>r<333>R<VAL> 4.090000 -6.781000 14.006000
c<B>r<334>R<ALA> 3.870000 -8.479000 10.601000
c<B>r<335>R<THR> 5.788000 -10.746000 8.422000
c<B>r<336>R<GLU> 5.173000 -11.370000 4.677000
c<B>r<337>R<VAL> 5.690000 -14.456000 2.587000
c<B>r<338>R<PRO> 5.496000 -14.017000 -1.277000
c<B>r<339>R<PHE> 3.851000 -16.695999 -3.406000
