c<A>r<137>R<MET> 11.698000 11.709000 -5.689000
c<A>r<138>R<ASN> 10.587000 10.481000 -9.168000
c<A>r<139>R<THR> 7.003000 10.770000 -10.319000
c<A>r<140>R<ILE> 5.450000 7.711000 -11.901000
c<A>r<141>R<GLU> 5.870000 9.548000 -15.232000
c<A>r<164>R<GLY> 9.093000 3.963000 -1.700000
c<A>r<165>R<ILE> 9.312000 7.834000 -2.213000
c<A>r<166>R<ARG> 10.689000 10.558000 0.005000
c<A>r<167>R<THR> 8.000000 12.316000 2.189000
c<A>r<168>R<PHE> 7.704000 14.253000 5.458000
c<A>r<169>R<GLU> 6.868000 10.961000 7.330000
c<A>r<170>R<LYS> 9.516000 9.952000 9.851000
c<A>r<171>R<ALA> 8.077000 6.653000 11.062000
c<A>r<172>R<THR> 9.368000 4.976000 7.813000
c<A>r<174>R<ASN> 10.493000 5.985000 2.658000
c<A>r<175>R<THR> 6.770000 6.015000 2.015000
c<A>r<176>R<LEU> 5.713000 2.973000 0.051000
c<A>r<177>R<ASP> 3.573000 4.382000 -2.772000
c<A>r<178>R<ILE> 1.338000 1.278000 -3.079000
c<A>r<179>R<SER> -0.901000 3.049000 -5.715000
c<A>r<180>R<ALA> 2.071000 3.069000 -8.098000
c<A>r<181>R<VAL> 1.508000 -0.646000 -8.819000
c<A>r<182>R<PRO> -2.038000 -0.551000 -10.305000
c<A>r<183>R<ILE> -1.216000 2.746000 -12.125000
c<A>r<186>R<LYS> -2.615000 0.211000 -16.416000
c<A>r<196>R<PRO> 9.102000 -3.903000 1.011000
c<A>r<199>R<SER> 10.462000 1.293000 1.431000
c<A>r<200>R<GLY> 9.611000 0.914000 5.113000
c<A>r<204>R<ASP> 8.383000 -5.440000 11.265000
c<A>r<205>R<LEU> 6.921000 -3.838000 8.111000
c<A>r<206>R<VAL> 8.360000 -6.285000 5.518000
c<A>r<207>R<ILE> 5.635000 -8.985000 5.800000
c<A>r<208>R<PRO> 2.616000 -6.518000 6.031000
c<A>r<209>R<LEU> 3.925000 -4.479000 3.057000
c<A>r<210>R<SER> 4.470000 -7.730000 1.102000
c<A>r<211>R<ARG> 0.847000 -8.703000 1.727000
c<A>r<212>R<ALA> -0.204000 -5.311000 0.442000
c<A>r<213>R<ALA> 2.070000 -5.737000 -2.632000
c<A>r<214>R<ILE> 0.566000 -9.073000 -3.739000
c<A>r<215>R<ALA> -3.004000 -7.853000 -3.005000
c<A>r<216>R<VAL> -2.687000 -4.579000 -4.981000
c<A>r<217>R<GLY> -1.443000 -6.680000 -8.010000
c<A>r<251>R<GLU> 1.700000 -15.831000 3.627000
c<A>r<254>R<LYS> -1.828000 -18.285000 0.895000
c<A>r<255>R<LEU> -2.738000 -14.950000 -0.689000
c<A>r<256>R<ALA> -1.628000 -16.086000 -4.155000
c<A>r<257>R<ASP> -4.163000 -18.924999 -3.948000
c<A>r<258>R<ALA> -6.960000 -16.511999 -3.170000
c<A>r<259>R<LEU> -5.853000 -13.982000 -5.847000
c<B>r<134>R<MET> 0.518000 16.679001 5.863000
c<B>r<135>R<ASN> 0.351000 15.031000 9.337000
c<B>r<136>R<THR> 2.967000 12.581000 10.484000
c<B>r<137>R<ILE> 1.736000 9.381000 12.070000
c<B>r<138>R<GLU> 2.828000 10.928000 15.404000
c<B>r<161>R<GLY> -3.477000 9.549000 1.872000
c<B>r<162>R<ILE> -0.761000 12.311000 2.380000
c<B>r<163>R<ARG> 0.353000 15.152000 0.170000
c<B>r<164>R<THR> 3.451000 14.335000 -2.028000
c<B>r<165>R<PHE> 5.083000 15.415000 -5.303000
c<B>r<166>R<GLU> 3.198000 12.578000 -7.172000
c<B>r<167>R<LYS> 0.676000 13.877000 -9.682000
c<B>r<168>R<ALA> -0.810000 10.588000 -10.888000
c<B>r<169>R<THR> -2.925000 10.428000 -7.642000
c<B>r<171>R<ASN> -2.927000 11.938000 -2.492000
c<B>r<172>R<THR> -0.398000 9.202000 -1.844000
c<B>r<173>R<LEU> -1.951000 6.386000 0.126000
c<B>r<174>R<ASP> 0.531000 5.744000 2.942000
c<B>r<175>R<ILE> -0.286000 2.006000 3.259000
c<B>r<176>R<SER> 2.539000 1.534000 5.884000
c<B>r<177>R<ALA> 0.570000 3.754000 8.276000
c<B>r<178>R<VAL> -1.810000 0.848000 9.001000
c<B>r<179>R<PRO> 0.641000 -1.722000 10.486000
c<B>r<180>R<ILE> 2.541000 1.099000 12.303000
c<B>r<183>R<LYS> 1.589000 -1.633000 16.591000
c<B>r<193>R<PRO> -9.327000 4.286000 -0.833000
c<B>r<196>R<SER> -6.377000 8.786000 -1.257000
c<B>r<197>R<GLY> -6.082000 7.886000 -4.934000
c<B>r<201>R<ASP> -9.989000 2.720000 -11.091000
c<B>r<202>R<LEU> -7.818000 2.703000 -7.931000
c<B>r<203>R<VAL> -10.598000 2.133000 -5.333000
c<B>r<204>R<ILE> -10.769000 -1.698000 -5.608000
c<B>r<205>R<PRO> -6.922000 -2.280000 -5.846000
c<B>r<206>R<LEU> -6.280000 0.062000 -2.875000
c<B>r<207>R<SER> -9.057000 -1.709000 -0.914000
c<B>r<208>R<ARG> -7.356000 -5.056000 -1.543000
c<B>r<209>R<ALA> -4.129000 -3.561000 -0.256000
c<B>r<210>R<ALA> -5.966000 -2.155000 2.813000
c<B>r<211>R<ILE> -7.434000 -5.502000 3.927000
c<B>r<212>R<ALA> -4.142000 -7.334000 3.194000
c<B>r<213>R<VAL> -1.917000 -4.906000 5.160000
c<B>r<214>R<GLY> -4.310000 -5.387000 8.192000
c<B>r<248>R<GLU> -13.205000 -9.183000 -3.428000
c<B>r<251>R<LYS> -12.664000 -13.449000 -0.696000
c<B>r<252>R<LEU> -9.578000 -11.887000 0.888000
c<B>r<253>R<ALA> -11.168000 -11.826000 4.354000
c<B>r<254>R<ASP> -11.576000 -15.606000 4.146000
c<B>r<255>R<ALA> -7.907000 -16.070999 3.367000
c<B>r<256>R<LEU> -6.768000 -13.560000 6.041000
