c<A>r<1>R<VAL> -13.611000 5.395000 -5.364000
c<A>r<2>R<PRO> -14.375000 1.647000 -5.904000
c<A>r<3>R<PHE> -11.453000 0.259000 -3.911000
c<A>r<4>R<ASP> -12.197000 2.595000 -0.989000
c<A>r<5>R<SER> -15.621000 0.955000 -0.764000
c<A>r<6>R<GLU> -13.921000 -2.424000 -0.402000
c<A>r<7>R<LEU> -11.797000 -1.053000 2.381000
c<A>r<26>R<ARG> -12.833000 -5.990000 9.784000
c<A>r<27>R<PRO> -11.683000 -9.643000 9.554000
c<A>r<28>R<LYS> -11.489000 -9.337000 5.745000
c<A>r<29>R<LEU> -8.738000 -6.698000 6.166000
c<A>r<30>R<LEU> -6.438000 -8.850000 8.320000
c<A>r<31>R<GLN> -3.239000 -10.981000 7.353000
c<A>r<32>R<LEU> -2.178000 -14.578000 8.103000
c<A>r<33>R<THR> -1.408000 -13.824000 11.839000
c<A>r<34>R<GLY> -4.667000 -11.893000 12.588000
c<A>r<35>R<VAL> -3.335000 -8.329000 12.524000
c<A>r<36>R<VAL> -4.227000 -5.661000 9.992000
c<A>r<37>R<HIS> -2.668000 -6.255000 6.567000
c<A>r<38>R<GLY> 0.054000 -3.544000 5.935000
c<A>r<39>R<GLY> -1.436000 -3.132000 2.419000
c<A>r<40>R<VAL> -4.583000 -1.791000 4.036000
c<A>r<41>R<TYR> -2.668000 1.110000 5.618000
c<A>r<42>R<CYS> -0.803000 1.709000 2.322000
c<A>r<43>R<ALA> -4.182000 1.934000 0.527000
c<A>r<44>R<MET> -5.664000 4.296000 3.149000
c<A>r<45>R<ILE> -2.579000 6.558000 2.978000
c<A>r<46>R<GLU> -2.802000 6.568000 -0.833000
c<A>r<47>R<SER> -6.543000 7.471000 -0.928000
c<A>r<51>R<MET> -8.000000 13.294000 -2.450000
c<A>r<63>R<SER> -5.955000 15.976000 -11.867000
c<A>r<64>R<VAL> -3.301000 14.112000 -9.856000
c<A>r<65>R<VAL> -1.652000 10.744000 -10.294000
c<A>r<66>R<GLY> 0.427000 8.890000 -7.597000
c<A>r<67>R<VAL> 4.102000 8.172000 -8.452000
c<A>r<68>R<ASN> 5.379000 6.891000 -5.001000
c<A>r<69>R<ASN> 3.892000 5.560000 -1.730000
c<A>r<70>R<ASN> 6.354000 5.120000 1.162000
c<A>r<71>R<THR> 4.655000 3.699000 4.301000
c<A>r<72>R<ASP> 6.094000 2.772000 7.710000
c<A>r<73>R<PHE> 4.249000 0.174000 9.883000
c<A>r<74>R<VAL> 4.459000 1.209000 13.522000
c<A>r<75>R<ARG> 2.045000 -0.925000 15.453000
c<A>r<76>R<SER> 0.030000 -4.092000 14.849000
c<A>r<111>R<ALA> 1.155000 3.515000 10.315000
c<A>r<112>R<ARG> 2.570000 6.620000 8.747000
c<A>r<113>R<GLY> 3.387000 7.349000 5.091000
c<A>r<114>R<GLN> 4.286000 9.950000 2.436000
c<A>r<115>R<VAL> 2.662000 10.012000 -0.987000
c<A>r<116>R<ARG> 4.315000 11.790000 -3.972000
c<A>r<117>R<LEU> 1.846000 12.823000 -6.746000
c<B>r<1>R<VAL> -4.595000 -14.425000 4.000000
c<B>r<2>R<PRO> -8.054000 -12.701000 4.301000
c<B>r<3>R<PHE> -7.155000 -9.451000 2.540000
c<B>r<4>R<ASP> -5.495000 -11.347000 -0.322000
c<B>r<5>R<SER> -8.862000 -12.988000 -0.973000
c<B>r<6>R<GLU> -10.412000 -9.537000 -1.331000
c<B>r<7>R<LEU> -7.751000 -8.593000 -3.808000
c<B>r<26>R<ARG> -11.499000 -5.979000 -11.522000
c<B>r<27>R<PRO> -13.662000 -2.813000 -11.352000
c<B>r<28>R<LYS> -13.698000 -3.045000 -7.532000
c<B>r<29>R<LEU> -9.902000 -2.513000 -7.541000
c<B>r<30>R<LEU> -9.952000 0.731000 -9.543000
c<B>r<31>R<GLN> -9.752000 4.505000 -8.360000
c<B>r<32>R<LEU> -11.799000 7.617000 -9.177000
c<B>r<33>R<THR> -10.355000 7.929000 -12.777000
c<B>r<34>R<GLY> -10.795000 4.220000 -13.755000
c<B>r<35>R<VAL> -7.205000 3.024000 -13.377000
c<B>r<36>R<VAL> -5.925000 0.543000 -10.831000
c<B>r<37>R<HIS> -5.773000 1.964000 -7.299000
c<B>r<38>R<GLY> -2.048000 2.372000 -6.265000
c<B>r<39>R<GLY> -2.994000 0.781000 -2.903000
c<B>r<40>R<VAL> -3.720000 -2.431000 -4.764000
c<B>r<41>R<TYR> -0.112000 -2.671000 -5.994000
c<B>r<42>R<CYS> 1.159000 -1.748000 -2.500000
c<B>r<43>R<ALA> -0.920000 -4.606000 -1.052000
c<B>r<44>R<MET> 0.278000 -7.109000 -3.696000
c<B>r<45>R<ILE> 3.928000 -6.119000 -3.102000
c<B>r<46>R<GLU> 3.415000 -6.483000 0.666000
c<B>r<47>R<SER> 1.809000 -9.964000 0.423000
c<B>r<51>R<MET> 5.301000 -14.814000 2.074000
c<B>r<63>R<SER> 7.685000 -15.345000 11.770000
c<B>r<64>R<VAL> 8.072000 -12.012000 9.952000
c<B>r<65>R<VAL> 6.416000 -8.646000 10.382000
c<B>r<66>R<GLY> 6.525000 -5.736000 7.830000
c<B>r<67>R<VAL> 8.146000 -2.469000 9.012000
c<B>r<68>R<ASN> 8.279000 -0.502000 5.647000
c<B>r<69>R<ASN> 6.663000 -0.672000 2.184000
c<B>r<70>R<ASN> 8.133000 1.660000 -0.464000
c<B>r<71>R<THR> 6.277000 1.374000 -3.813000
c<B>r<72>R<ASP> 6.787000 3.243000 -7.098000
c<B>r<73>R<PHE> 3.841000 3.528000 -9.566000
c<B>r<74>R<VAL> 5.147000 3.230000 -13.112000
c<B>r<75>R<ARG> 2.197000 2.762000 -15.385000
c<B>r<76>R<SER> -1.579000 3.134000 -15.135000
c<B>r<111>R<ALA> 4.596000 -0.955000 -10.168000
c<B>r<112>R<ARG> 7.738000 -1.855000 -8.304000
c<B>r<113>R<GLY> 8.440000 -1.859000 -4.551000
c<B>r<114>R<GLN> 10.767000 -2.895000 -1.700000
c<B>r<115>R<VAL> 9.463000 -4.365000 1.538000
c<B>r<116>R<ARG> 11.560000 -4.335000 4.762000
c<B>r<117>R<LEU> 10.558000 -7.039000 7.323000
