c<A>r<11>R<GLY> -0.296000 7.050000 -18.714001
c<A>r<12>R<ASN> -3.948000 6.316000 -17.784000
c<A>r<13>R<THR> -4.858000 9.928000 -16.665001
c<A>r<64>R<SER> 2.075000 3.246000 -23.025000
c<A>r<65>R<VAL> -0.402000 1.789000 -20.535000
c<A>r<66>R<VAL> -3.362000 2.896000 -22.783001
c<A>r<67>R<PRO> -3.405000 0.548000 -25.865999
c<A>r<68>R<THR> -6.166000 2.530000 -27.722000
c<A>r<97>R<TRP> 12.751000 -10.164000 -16.316999
c<A>r<98>R<ASN> 12.180000 -12.710000 -13.484000
c<A>r<99>R<VAL> 8.335000 -12.769000 -13.650000
c<A>r<100>R<LYS> 5.744000 -15.356000 -14.905000
c<A>r<101>R<ASN> 5.041000 -13.236000 -18.021000
c<A>r<102>R<PRO> 7.319000 -10.256000 -18.962000
c<A>r<104>R<GLU> 2.242000 -7.987000 -19.131001
c<A>r<105>R<VAL> 4.702000 -5.594000 -17.393000
c<A>r<106>R<GLY> 3.666000 -1.928000 -17.752001
c<A>r<131>R<THR> -2.599000 6.830000 -11.714000
c<A>r<132>R<ALA> -1.949000 3.605000 -9.809000
c<A>r<133>R<THR> 1.049000 3.439000 -7.405000
c<A>r<134>R<THR> 3.706000 0.753000 -8.212000
c<A>r<135>R<VAL> 6.532000 -0.899000 -6.281000
c<A>r<136>R<ASP> 9.252000 -2.376000 -8.545000
c<A>r<137>R<LEU> 12.194000 -4.526000 -7.272000
c<A>r<143>R<TYR> 13.684000 -7.323000 -12.268000
c<A>r<144>R<GLU> 11.952000 -9.416000 -9.573000
c<A>r<145>R<GLY> 8.358000 -8.011000 -9.711000
c<A>r<146>R<GLY> 6.695000 -6.086000 -6.845000
c<A>r<147>R<ALA> 3.271000 -4.508000 -6.082000
c<A>r<148>R<ILE> 0.388000 -2.361000 -7.471000
c<A>r<149>R<LEU> -1.699000 -0.104000 -5.172000
c<A>r<150>R<PRO> -4.424000 2.469000 -6.083000
c<A>r<151>R<GLY> -3.000000 6.019000 -6.463000
c<A>r<154>R<MET> -8.086000 6.950000 -7.149000
c<A>r<155>R<MET> -8.625000 6.130000 -3.405000
c<A>r<156>R<VAL> -10.513000 9.375000 -2.434000
c<A>r<157>R<HIS> -12.478000 9.103000 -5.718000
c<A>r<158>R<SER> -13.349000 5.420000 -4.915000
c<A>r<159>R<LEU> -14.622000 6.439000 -1.408000
c<A>r<160>R<PHE> -16.698000 9.313000 -2.926000
c<A>r<161>R<ARG> -18.056999 7.074000 -5.783000
c<A>r<162>R<GLY> -18.566999 3.880000 -3.667000
c<A>r<163>R<THR> -20.448000 5.323000 -0.608000
c<A>r<164>R<ALA> -23.622999 7.373000 0.110000
c<A>r<165>R<LYS> -21.973000 9.756000 2.713000
c<A>r<166>R<LEU> -18.243999 10.470000 1.964000
c<A>r<174>R<ALA> -2.656000 14.021000 7.915000
c<A>r<176>R<PHE> -2.520000 14.256000 13.347000
c<A>r<177>R<VAL> -2.839000 10.671000 14.785000
c<A>r<178>R<VAL> -6.702000 10.487000 14.587000
c<A>r<179>R<GLY> -9.057000 12.609000 12.428000
c<A>r<180>R<LYS> -11.744000 14.814000 14.099000
c<A>r<181>R<ASP> -14.073000 15.019000 11.019000
c<A>r<182>R<THR> -14.839000 12.944000 7.853000
c<A>r<183>R<GLU> -12.148000 14.697000 5.726000
c<A>r<184>R<GLU> -9.398000 14.334000 8.377000
c<A>r<185>R<ASN> -10.342000 10.621000 8.744000
c<A>r<186>R<ILE> -9.970000 10.192000 4.914000
c<A>r<187>R<ARG> -6.652000 12.201000 4.771000
c<A>r<188>R<LEU> -5.161000 9.903000 7.466000
c<A>r<189>R<GLY> -6.483000 6.619000 5.991000
c<A>r<190>R<VAL> -5.686000 7.393000 2.298000
c<A>r<191>R<VAL> -2.431000 9.426000 2.458000
c<A>r<192>R<ASN> -0.589000 8.335000 5.644000
c<A>r<193>R<GLY> -2.153000 4.815000 5.403000
c<A>r<194>R<SER> -0.653000 4.426000 1.866000
c<A>r<195>R<VAL> 2.755000 5.667000 3.167000
c<A>r<196>R<TYR> 2.592000 2.831000 5.780000
c<A>r<197>R<ALA> 1.374000 0.364000 3.069000
c<A>r<198>R<LEU> 4.547000 1.225000 1.072000
c<A>r<199>R<GLU> 6.961000 1.236000 4.081000
c<A>r<200>R<GLY> 5.537000 -2.204000 5.090000
c<A>r<201>R<ILE> 6.065000 -3.649000 1.543000
c<A>r<202>R<ILE> 9.592000 -2.059000 1.462000
c<A>r<203>R<GLY> 10.260000 -3.635000 4.923000
c<A>r<204>R<ARG> 9.154000 -7.147000 3.744000
c<A>r<205>R<ILE> 11.469000 -6.696000 0.699000
c<A>r<206>R<LYS> 14.500000 -5.413000 2.746000
c<A>r<207>R<GLU> 14.132000 -8.377000 5.203000
c<A>r<208>R<VAL> 14.652000 -10.861000 2.290000
c<A>r<209>R<TYR> 16.812000 -9.036000 -0.329000
c<B>r<11>R<GLY> -23.891001 -0.685000 4.629000
c<B>r<12>R<ASN> -23.004999 0.804000 1.215000
c<B>r<13>R<THR> -22.677999 -2.501000 -0.805000
c<B>r<65>R<VAL> -25.056999 4.919000 6.083000
c<B>r<66>R<VAL> -27.294001 4.891000 2.915000
c<B>r<67>R<PRO> -29.988001 7.622000 3.409000
c<B>r<68>R<THR> -32.181999 6.536000 0.399000
c<B>r<98>R<ASN> -15.092000 14.069000 20.920000
c<B>r<99>R<VAL> -15.109000 15.011000 17.184000
c<B>r<100>R<LYS> -16.014999 18.341000 15.434000
c<B>r<101>R<ASN> -19.402000 17.229000 14.014000
c<B>r<102>R<PRO> -20.750000 14.046000 15.790000
c<B>r<103>R<SER> -23.662001 14.032000 13.236000
c<B>r<104>R<GLU> -21.158001 13.196000 10.413000
c<B>r<105>R<VAL> -20.263000 9.818000 12.030000
c<B>r<106>R<GLY> -21.524000 6.604000 10.368000
c<B>r<131>R<THR> -17.242001 -1.069000 1.979000
c<B>r<132>R<ALA> -14.805000 1.508000 3.276000
c<B>r<133>R<THR> -12.452000 0.161000 6.009000
c<B>r<134>R<THR> -12.644000 2.251000 9.250000
c<B>r<135>R<VAL> -10.414000 2.830000 12.259000
c<B>r<136>R<ASP> -12.186000 4.088000 15.422000
c<B>r<137>R<LEU> -10.408000 5.164000 18.673000
c<B>r<143>R<TYR> -14.898000 8.409000 20.916000
c<B>r<144>R<GLU> -11.734000 10.240000 19.795000
c<B>r<145>R<GLY> -12.028000 9.857000 15.957000
c<B>r<146>R<GLY> -9.828000 7.731000 13.643000
c<B>r<147>R<ALA> -9.302000 6.874000 9.919000
c<B>r<148>R<ILE> -11.233000 5.896000 6.707000
c<B>r<149>R<LEU> -9.646000 3.739000 3.927000
c<B>r<150>R<PRO> -11.192000 2.142000 0.761000
c<B>r<151>R<GLY> -12.165000 -1.575000 1.228000
c<B>r<154>R<MET> -13.320000 -0.980000 -3.732000
c<B>r<155>R<MET> -9.513000 -0.869000 -4.417000
c<B>r<156>R<VAL> -9.444000 -3.805000 -6.913000
c<B>r<157>R<HIS> -12.506000 -2.304000 -8.693000
c<B>r<158>R<SER> -10.941000 1.223000 -8.788000
c<B>r<159>R<LEU> -7.711000 -0.232000 -10.347000
c<B>r<160>R<PHE> -9.854000 -2.207000 -12.894000
c<B>r<161>R<ARG> -11.971000 0.949000 -13.717000
c<B>r<162>R<GLY> -9.141000 3.572000 -13.555000
c<B>r<163>R<THR> -6.609000 1.832000 -15.895000
c<B>r<164>R<ALA> -6.606000 0.484000 -19.495001
c<B>r<165>R<LYS> -4.643000 -2.767000 -18.627001
c<B>r<166>R<LEU> -5.290000 -4.110000 -15.065000
c<B>r<176>R<PHE> 4.959000 -14.041000 -1.445000
c<B>r<177>R<VAL> 7.305000 -11.024000 -0.862000
c<B>r<178>R<VAL> 6.989000 -9.662000 -4.470000
c<B>r<179>R<GLY> 4.291000 -10.471000 -7.060000
c<B>r<180>R<LYS> 5.459000 -12.435000 -10.157000
c<B>r<181>R<ASP> 2.345000 -11.678000 -12.322000
c<B>r<182>R<THR> -0.246000 -8.847000 -12.712000
c<B>r<183>R<GLU> -2.715000 -10.420000 -10.206000
c<B>r<184>R<GLU> 0.008000 -11.038000 -7.587000
c<B>r<185>R<ASN> 1.216000 -7.406000 -7.834000
c<B>r<186>R<ILE> -2.367000 -6.122000 -7.167000
c<B>r<187>R<ARG> -2.959000 -8.840000 -4.479000
c<B>r<188>R<LEU> 0.189000 -7.875000 -2.489000
c<B>r<189>R<GLY> -0.431000 -4.095000 -2.864000
c<B>r<190>R<VAL> -4.201000 -4.152000 -2.050000
c<B>r<191>R<VAL> -4.389000 -6.982000 0.569000
c<B>r<192>R<ASN> -1.051000 -6.989000 2.465000
c<B>r<193>R<GLY> -0.610000 -3.215000 1.822000
c<B>r<194>R<SER> -3.946000 -2.671000 3.697000
c<B>r<195>R<VAL> -2.612000 -4.786000 6.626000
c<B>r<196>R<TYR> 0.519000 -2.545000 6.813000
c<B>r<197>R<ALA> -1.668000 0.608000 6.393000
c<B>r<198>R<LEU> -3.661000 -0.575000 9.461000
c<B>r<199>R<GLU> -0.524000 -1.680000 11.449000
c<B>r<200>R<GLY> 0.998000 1.794000 10.784000
c<B>r<201>R<ILE> -2.215000 3.579000 11.973000
c<B>r<202>R<ILE> -2.465000 1.214000 15.042000
c<B>r<203>R<GLY> 1.253000 1.968000 15.751000
c<B>r<204>R<ARG> 0.744000 5.785000 15.442000
c<B>r<205>R<ILE> -2.201000 5.458000 17.906000
c<B>r<206>R<LYS> -0.451000 3.100000 20.438999
c<B>r<207>R<GLU> 2.599000 5.483000 20.493000
c<B>r<208>R<VAL> 0.398000 8.446000 21.683001
c<B>r<209>R<TYR> -2.417000 6.732000 23.687000
