c<A>r<1>R<SER> -7.621000 16.375000 14.225000
c<A>r<2>R<ASN> -9.702000 13.990000 16.049999
c<A>r<3>R<THR> -12.226000 13.946000 13.304000
c<A>r<4>R<GLN> -11.983000 11.990000 9.994000
c<A>r<5>R<THR> -13.156000 13.195000 6.566000
c<A>r<6>R<VAL> -14.584000 10.955000 3.884000
c<A>r<7>R<LEU> -13.141000 11.657000 0.441000
c<A>r<8>R<PRO> -15.723000 12.297000 -2.192000
c<A>r<9>R<PHE> -14.879000 9.265000 -4.428000
c<A>r<10>R<THR> -17.923000 7.765000 -6.082000
c<A>r<11>R<GLY> -18.753000 4.215000 -6.986000
c<A>r<12>R<LEU> -15.891000 2.549000 -5.221000
c<A>r<13>R<ASN> -16.059999 -1.259000 -4.752000
c<A>r<14>R<THR> -13.697000 -2.779000 -2.243000
c<A>r<15>R<PRO> -10.901000 -0.199000 -2.618000
c<A>r<16>R<ASN> -7.528000 -1.586000 -1.476000
c<A>r<17>R<GLY> -4.481000 0.646000 -2.134000
c<A>r<18>R<VAL> -4.022000 4.445000 -1.563000
c<A>r<19>R<ALA> -1.322000 6.870000 -2.496000
c<A>r<20>R<VAL> -0.966000 10.639000 -2.270000
c<A>r<21>R<ASP> 1.283000 12.890000 -4.285000
c<A>r<22>R<SER> 2.986000 16.231001 -3.225000
c<A>r<23>R<ALA> 0.111000 18.215000 -4.778000
c<A>r<24>R<GLY> -2.390000 16.422001 -2.543000
c<A>r<25>R<THR> -3.844000 14.248000 -5.284000
c<A>r<26>R<VAL> -5.121000 10.925000 -3.940000
c<A>r<27>R<TYR> -4.833000 7.661000 -5.969000
c<A>r<28>R<VAL> -6.913000 4.611000 -5.149000
c<A>r<29>R<THR> -7.027000 1.052000 -6.525000
c<A>r<30>R<ASP> -10.739000 0.307000 -6.939000
c<A>r<31>R<HIS> -10.246000 -3.442000 -6.688000
c<A>r<32>R<GLY> -13.857000 -4.499000 -7.378000
c<A>r<58>R<ASN> -4.369000 -3.928000 -5.261000
c<A>r<59>R<GLY> -1.416000 -1.601000 -4.511000
c<A>r<60>R<VAL> -0.711000 1.957000 -5.872000
c<A>r<61>R<ALA> 2.246000 4.252000 -5.701000
c<A>r<91>R<LEU> 7.551000 -3.400000 -15.584000
c<A>r<92>R<PRO> 9.956000 -6.199000 -16.288000
c<A>r<93>R<PHE> 9.516000 -8.105000 -12.998000
c<A>r<94>R<THR> 9.746000 -11.848000 -13.458000
c<A>r<98>R<THR> -0.254000 -12.389000 -6.914000
c<A>r<99>R<PRO> 1.748000 -9.208000 -6.137000
c<A>r<100>R<ASN> -0.036000 -6.944000 -3.652000
c<A>r<101>R<GLY> 1.891000 -3.825000 -2.481000
c<A>r<102>R<VAL> 4.066000 -1.305000 -4.467000
c<A>r<103>R<ALA> 6.373000 1.491000 -3.458000
c<A>r<104>R<VAL> 8.748000 3.768000 -5.341000
c<A>r<105>R<ASP> 11.709000 5.633000 -3.967000
c<A>r<106>R<SER> 13.164000 9.064000 -5.056000
c<A>r<107>R<ALA> 15.667000 7.310000 -7.342000
c<A>r<109>R<THR> 13.429000 2.155000 -7.718000
c<A>r<110>R<VAL> 10.195000 0.129000 -7.488000
c<A>r<111>R<TYR> 9.494000 -2.259000 -4.561000
c<A>r<112>R<VAL> 6.846000 -4.962000 -4.746000
c<A>r<113>R<THR> 5.432000 -7.441000 -2.217000
c<A>r<114>R<ASP> 5.245000 -10.727000 -4.140000
c<A>r<115>R<HIS> 2.521000 -12.163000 -1.910000
c<A>r<116>R<GLY> 2.347000 -15.647000 -3.519000
c<A>r<117>R<ASN> 6.085000 -16.277000 -3.322000
c<A>r<118>R<ASN> 6.691000 -14.796000 0.149000
c<A>r<119>R<ARG> 9.208000 -12.220000 -1.039000
c<A>r<120>R<VAL> 9.840000 -8.556000 -1.681000
c<A>r<121>R<VAL> 11.459000 -7.657000 -5.027000
c<A>r<122>R<LYS> 12.845000 -4.396000 -6.283000
c<A>r<123>R<LEU> 13.540000 -3.041000 -9.727000
c<A>r<124>R<ALA> 15.939000 -0.174000 -10.272000
c<A>r<125>R<ALA> 14.821000 2.621000 -12.546000
c<B>r<1>R<SER> 17.493999 -2.175000 -14.964000
c<B>r<2>R<ASN> 15.874000 -5.029000 -16.556000
c<B>r<3>R<THR> 16.822001 -7.265000 -13.726000
c<B>r<4>R<GLN> 15.013000 -7.550000 -10.344000
c<B>r<5>R<THR> 16.656000 -8.060000 -6.944000
c<B>r<6>R<VAL> 15.133000 -10.037000 -4.107000
c<B>r<7>R<LEU> 15.409000 -8.273000 -0.768000
c<B>r<8>R<PRO> 16.999001 -10.341000 1.918000
c<B>r<9>R<PHE> 13.950000 -10.472000 4.271000
c<B>r<10>R<THR> 13.669000 -13.754000 6.124000
c<B>r<11>R<GLY> 10.664000 -15.733000 7.222000
c<B>r<12>R<LEU> 8.039000 -13.726000 5.434000
c<B>r<13>R<ASN> 4.514000 -15.224000 5.175000
c<B>r<14>R<THR> 2.196000 -13.667000 2.655000
c<B>r<15>R<PRO> 3.652000 -10.135000 2.807000
c<B>r<16>R<ASN> 1.144000 -7.505000 1.620000
c<B>r<17>R<GLY> 2.192000 -3.841000 2.053000
c<B>r<18>R<VAL> 5.565000 -2.124000 1.283000
c<B>r<19>R<ALA> 6.939000 1.293000 1.999000
c<B>r<20>R<VAL> 10.336000 2.917000 1.566000
c<B>r<21>R<ASP> 11.739000 5.908000 3.385000
c<B>r<22>R<SER> 14.245000 8.604000 2.112000
c<B>r<23>R<ALA> 17.153000 6.663000 3.654000
c<B>r<24>R<GLY> 16.249001 3.588000 1.611000
c<B>r<25>R<THR> 14.822000 1.611000 4.503000
c<B>r<26>R<VAL> 12.099000 -0.789000 3.363000
c<B>r<27>R<TYR> 9.019000 -1.549000 5.544000
c<B>r<28>R<VAL> 6.848000 -4.594000 4.951000
c<B>r<29>R<THR> 3.608000 -5.872000 6.505000
c<B>r<30>R<ASP> 4.224000 -9.582000 7.085000
c<B>r<31>R<HIS> 0.528000 -10.424000 7.002000
c<B>r<32>R<GLY> 0.821000 -14.139000 7.868000
c<B>r<58>R<ASN> -2.035000 -5.171000 5.410000
c<B>r<59>R<GLY> -0.898000 -1.640000 4.444000
c<B>r<60>R<VAL> 2.239000 0.321000 5.599000
c<B>r<61>R<ALA> 3.357000 3.881000 5.207000
c<B>r<91>R<LEU> -5.319000 6.709000 15.267000
c<B>r<92>R<PRO> -8.754000 8.019000 16.025999
c<B>r<93>R<PHE> -10.490000 6.782000 12.840000
c<B>r<94>R<THR> -14.070000 5.741000 13.487000
c<B>r<98>R<THR> -11.328000 -4.143000 7.330000
c<B>r<99>R<PRO> -9.068000 -1.215000 6.339000
c<B>r<100>R<ASN> -6.418000 -2.230000 3.804000
c<B>r<101>R<GLY> -4.206000 0.595000 2.404000
c<B>r<102>R<VAL> -2.532000 3.601000 4.192000
c<B>r<103>R<ALA> -0.756000 6.679000 2.954000
c<B>r<104>R<VAL> 0.624000 9.782000 4.637000
c<B>r<105>R<ASP> 1.299000 13.127000 3.072000
c<B>r<106>R<SER> 4.039000 15.736000 3.928000
c<B>r<107>R<ALA> 1.605000 17.587999 6.209000
c<B>r<109>R<THR> -2.427000 13.730000 6.930000
c<B>r<110>R<VAL> -3.212000 9.996000 6.918000
c<B>r<111>R<TYR> -5.303000 8.359000 4.140000
c<B>r<112>R<VAL> -6.911000 4.955000 4.548000
c<B>r<113>R<THR> -8.830000 2.645000 2.195000
c<B>r<114>R<ASP> -11.778000 1.433000 4.287000
c<B>r<115>R<HIS> -12.269000 -1.729000 2.230000
c<B>r<116>R<GLY> -15.415000 -3.001000 4.010000
c<B>r<117>R<ASN> -17.306000 0.273000 3.707000
c<B>r<118>R<ASN> -16.230000 1.174000 0.157000
c<B>r<119>R<ARG> -14.656000 4.484000 1.121000
c<B>r<120>R<VAL> -11.422000 6.374000 1.558000
c<B>r<121>R<VAL> -11.033000 8.363000 4.802000
c<B>r<122>R<LYS> -8.414000 10.847000 5.843000
c<B>r<123>R<LEU> -7.276000 12.139000 9.186000
c<B>r<124>R<ALA> -5.406000 15.411000 9.488000
c<B>r<125>R<ALA> -2.318000 15.463000 11.667000
