c<A>r<14>R<PHE> 12.062000 -8.328000 9.872000
c<A>r<15>R<GLY> 11.311000 -4.536000 10.065000
c<A>r<16>R<PRO> 10.245000 -2.574000 6.981000
c<A>r<17>R<ARG> 13.750000 -1.403000 5.678000
c<A>r<18>R<GLU> 15.516000 -4.737000 6.290000
c<A>r<20>R<VAL> 12.850000 -4.451000 1.541000
c<A>r<39>R<HIS> -0.212000 -9.670000 8.642000
c<A>r<40>R<PHE> -1.555000 -6.850000 10.919000
c<A>r<41>R<GLN> -0.261000 -8.588000 14.086000
c<A>r<42>R<PRO> 3.223000 -10.025000 14.548000
c<A>r<45>R<HIS> 5.315000 -10.076000 20.799000
c<A>r<46>R<GLU> 9.046000 -10.214000 21.306000
c<A>r<47>R<GLY> 11.040000 -9.485000 18.205999
c<A>r<48>R<GLY> 7.960000 -9.712000 15.902000
c<A>r<49>R<HIS> 7.339000 -7.363000 12.972000
c<A>r<50>R<ALA> 4.468000 -6.786000 10.516000
c<A>r<51>R<PRO> 5.496000 -4.317000 7.794000
c<A>r<52>R<PHE> 2.579000 -3.361000 5.492000
c<A>r<53>R<SER> 2.848000 -5.841000 2.596000
c<A>r<54>R<LEU> 1.769000 -3.381000 -0.186000
c<A>r<55>R<ALA> 4.458000 -0.857000 0.863000
c<A>r<56>R<TRP> 7.075000 -3.696000 0.773000
c<A>r<57>R<MET> 5.904000 -4.814000 -2.735000
c<A>r<58>R<THR> 6.003000 -1.279000 -4.087000
c<A>r<59>R<ALA> 9.416000 -0.431000 -2.582000
c<A>r<60>R<VAL> 11.039000 -3.699000 -3.800000
c<A>r<61>R<GLY> 9.348000 -3.181000 -7.181000
c<A>r<62>R<GLU> 10.894000 0.264000 -7.549000
c<A>r<63>R<ARG> 14.333000 -1.235000 -6.801000
c<A>r<78>R<PHE> -12.534000 -8.513000 6.193000
c<A>r<79>R<ARG> -10.198000 -5.682000 7.249000
c<A>r<80>R<TYR> -9.679000 -4.832000 3.555000
c<A>r<81>R<ASN> -12.251000 -3.461000 1.033000
c<A>r<82>R<PRO> -11.827000 -5.717000 -2.069000
c<A>r<83>R<ALA> -12.452000 -2.720000 -4.452000
c<A>r<84>R<VAL> -9.550000 -0.858000 -2.826000
c<A>r<85>R<VAL> -7.430000 -4.105000 -2.992000
c<A>r<86>R<ALA> -8.268000 -4.200000 -6.737000
c<A>r<87>R<GLN> -7.105000 -0.530000 -7.155000
c<A>r<88>R<ALA> -3.869000 -1.163000 -5.159000
c<A>r<89>R<PHE> -2.758000 -4.227000 -7.170000
c<A>r<90>R<ALA> -3.836000 -2.601000 -10.497000
c<A>r<91>R<THR> -1.672000 0.426000 -9.713000
c<A>r<92>R<MET> 1.311000 -1.804000 -8.787000
c<A>r<93>R<GLY> 0.754000 -3.829000 -11.960000
c<A>r<94>R<CYS> 1.083000 -0.606000 -13.955000
c<A>r<95>R<LEU> 4.228000 0.369000 -12.042000
c<A>r<96>R<TYR> 5.878000 -3.030000 -12.347000
c<A>r<110>R<LEU> -5.872000 -13.400000 14.733000
c<A>r<111>R<ASN> -5.428000 -10.477000 12.302000
c<A>r<112>R<GLU> -9.086000 -9.752000 11.739000
c<A>r<113>R<ILE> -10.243000 -9.747000 15.356000
c<A>r<114>R<ALA> -7.345000 -7.481000 16.299999
c<A>r<115>R<THR> -8.439000 -4.976000 13.603000
c<A>r<116>R<GLY> -12.041000 -4.780000 14.780000
c<A>r<117>R<PHE> -13.972000 -7.724000 13.133000
c<A>r<118>R<ALA> -17.260000 -7.866000 14.917000
c<A>r<145>R<ASP> -15.832000 -0.089000 -17.304001
c<A>r<146>R<ARG> -18.296000 1.092000 -14.708000
c<A>r<147>R<VAL> -19.009001 -1.889000 -12.521000
c<A>r<148>R<ASP> -22.254000 -2.380000 -10.485000
c<A>r<149>R<PHE> -21.448999 -5.398000 -8.381000
c<A>r<150>R<GLU> -23.965000 -6.734000 -5.803000
c<A>r<153>R<TYR> -20.891001 -9.615000 1.061000
c<A>r<154>R<TYR> -19.497999 -6.883000 -1.234000
c<A>r<155>R<LYS> -20.899000 -4.149000 -3.432000
c<A>r<156>R<THR> -19.688999 -1.514000 -5.956000
c<A>r<157>R<VAL> -21.739000 1.147000 -7.630000
c<A>r<158>R<GLY> -20.525999 2.506000 -11.009000
c<A>r<159>R<ALA> -16.955000 1.811000 -9.889000
c<A>r<160>R<SER> -14.066000 1.983000 -12.334000
c<A>r<161>R<ILE> -10.371000 1.079000 -12.373000
c<A>r<162>R<TYR> -8.767000 2.523000 -15.550000
c<A>r<163>R<ASP> -5.094000 2.242000 -14.515000
c<A>r<164>R<VAL> -4.772000 -1.554000 -14.881000
c<B>r<14>R<PHE> -1.860000 11.197000 -14.478000
c<B>r<15>R<GLY> -1.367000 7.361000 -14.557000
c<B>r<16>R<PRO> 0.706000 5.576000 -11.916000
c<B>r<17>R<ARG> 4.241000 5.697000 -13.615000
c<B>r<18>R<GLU> 3.950000 9.307000 -14.841000
c<B>r<20>R<VAL> 5.632000 8.833000 -9.679000
c<B>r<39>R<HIS> -9.353000 8.868000 -4.810000
c<B>r<40>R<PHE> -10.949000 5.490000 -5.828000
c<B>r<41>R<GLN> -12.904000 7.011000 -8.748000
c<B>r<42>R<PRO> -11.310000 9.063000 -11.489000
c<B>r<45>R<HIS> -14.448000 9.160000 -17.259001
c<B>r<46>R<GLU> -12.356000 10.363000 -20.164000
c<B>r<47>R<GLY> -8.681000 10.774000 -19.440001
c<B>r<48>R<GLY> -9.155000 10.388000 -15.640000
c<B>r<49>R<HIS> -6.783000 8.415000 -13.458000
c<B>r<50>R<ALA> -6.759000 7.321000 -9.792000
c<B>r<51>R<PRO> -3.451000 5.673000 -8.917000
c<B>r<52>R<PHE> -3.432000 4.174000 -5.389000
c<B>r<53>R<SER> -1.977000 6.966000 -3.209000
c<B>r<54>R<LEU> 0.017000 4.664000 -0.831000
c<B>r<55>R<ALA> 1.780000 2.982000 -3.789000
c<B>r<56>R<TRP> 2.668000 6.476000 -5.193000
c<B>r<57>R<MET> 4.033000 7.618000 -1.751000
c<B>r<58>R<THR> 6.105000 4.479000 -1.331000
c<B>r<59>R<ALA> 7.522000 4.524000 -4.889000
c<B>r<60>R<VAL> 8.432000 8.261000 -4.749000
c<B>r<61>R<GLY> 9.871000 7.699000 -1.258000
c<B>r<62>R<GLU> 12.146000 4.951000 -2.517000
c<B>r<63>R<ARG> 13.396000 7.299000 -5.282000
c<B>r<78>R<PHE> -15.248000 4.364000 5.385000
c<B>r<79>R<ARG> -13.622000 2.285000 2.650000
c<B>r<80>R<TYR> -10.441000 2.091000 4.783000
c<B>r<81>R<ASN> -9.920000 0.339000 8.165000
c<B>r<82>R<PRO> -8.155000 2.999000 10.336000
c<B>r<83>R<ALA> -5.989000 0.288000 12.057000
c<B>r<84>R<VAL> -4.679000 -0.801000 8.642000
c<B>r<85>R<VAL> -4.171000 2.926000 7.695000
c<B>r<86>R<ALA> -2.122000 3.239000 10.917000
c<B>r<87>R<GLN> 0.036000 0.177000 9.907000
c<B>r<88>R<ALA> 0.529000 1.507000 6.325000
c<B>r<89>R<PHE> 1.727000 4.999000 7.358000
c<B>r<90>R<ALA> 3.850000 3.560000 10.229000
c<B>r<91>R<THR> 5.619000 1.261000 7.764000
c<B>r<92>R<MET> 6.224000 4.150000 5.320000
c<B>r<93>R<GLY> 7.473000 6.298000 8.199000
c<B>r<94>R<CYS> 10.056000 3.609000 8.941000
c<B>r<95>R<LEU> 11.041000 3.395000 5.270000
c<B>r<96>R<TYR> 11.298000 7.142000 4.775000
c<B>r<110>R<LEU> -18.451000 9.852000 -4.600000
c<B>r<111>R<ASN> -15.555000 7.571000 -3.630000
c<B>r<112>R<GLU> -17.280001 5.856000 -0.759000
c<B>r<113>R<ILE> -20.556000 5.036000 -2.479000
c<B>r<114>R<ALA> -18.652000 3.646000 -5.458000
c<B>r<115>R<THR> -16.712000 1.296000 -3.121000
c<B>r<116>R<GLY> -19.802000 -0.120000 -1.433000
c<B>r<117>R<PHE> -20.789000 2.302000 1.431000
c<B>r<118>R<ALA> -24.216000 1.224000 2.493000
c<B>r<145>R<ASP> 1.588000 -1.525000 23.099001
c<B>r<146>R<ARG> -1.444000 -3.786000 22.862000
c<B>r<147>R<VAL> -4.336000 -1.447000 22.202999
c<B>r<148>R<ASP> -8.008000 -2.232000 23.108999
c<B>r<149>R<PHE> -9.856000 0.601000 21.459000
c<B>r<150>R<GLU> -13.689000 0.771000 21.597000
c<B>r<153>R<TYR> -17.368000 3.534000 14.989000
c<B>r<154>R<TYR> -14.039000 1.676000 15.274000
c<B>r<155>R<LYS> -12.589000 -1.039000 17.444000
c<B>r<156>R<THR> -9.245000 -2.851000 18.037001
c<B>r<157>R<VAL> -8.595000 -5.783000 20.299000
c<B>r<158>R<GLY> -5.032000 -6.249000 21.646000
c<B>r<159>R<ALA> -3.706000 -4.646000 18.455000
c<B>r<160>R<SER> -0.093000 -3.598000 18.118000
c<B>r<161>R<ILE> 2.040000 -1.647000 15.639000
c<B>r<162>R<TYR> 5.734000 -2.228000 16.507000
c<B>r<163>R<ASP> 7.310000 -0.884000 13.297000
c<B>r<164>R<VAL> 6.625000 2.843000 13.836000
