c<A>r<351>R<TYR> -28.313000 -7.882000 23.201000
c<A>r<352>R<ALA> -28.410000 -4.903000 25.613001
c<A>r<355>R<ILE> -27.240999 -7.852000 29.815001
c<A>r<356>R<ARG> -29.766001 -5.704000 31.771999
c<A>r<358>R<ALA> -29.163000 -10.967000 33.778999
c<A>r<359>R<LEU> -27.777000 -8.511000 36.412998
c<A>r<360>R<GLU> -31.186001 -7.439000 37.883999
c<A>r<362>R<MET> -28.947001 -10.568000 41.523998
c<A>r<363>R<SER> -30.589001 -7.659000 43.493999
c<A>r<368>R<ALA> -34.730000 2.835000 41.458000
c<A>r<369>R<VAL> -32.493999 -0.117000 40.323002
c<A>r<371>R<ASP> -34.625999 2.956000 36.327999
c<A>r<372>R<LEU> -30.781000 2.981000 36.780998
c<A>r<373>R<SER> -30.221001 -0.163000 34.636002
c<A>r<374>R<ARG> -32.450001 1.211000 31.801001
c<A>r<375>R<GLY> -30.806999 4.666000 32.131001
c<A>r<376>R<ILE> -27.297001 3.183000 31.601000
c<A>r<377>R<VAL> -28.437000 0.943000 28.672001
c<A>r<379>R<ARG> -27.607000 6.279000 27.176001
c<A>r<380>R<PHE> -25.000999 3.733000 26.021000
c<A>r<381>R<LEU> -27.159000 2.603000 23.028999
c<A>r<383>R<GLY> -24.757999 6.790000 20.149000
c<A>r<384>R<PRO> -24.577999 3.501000 18.110001
c<A>r<387>R<HIS> -25.009001 6.298000 13.645000
c<A>r<392>R<GLU> -22.212999 5.730000 7.192000
c<A>r<393>R<THR> -24.565001 2.783000 7.846000
c<A>r<395>R<GLU> -19.208000 -0.012000 8.187000
c<A>r<396>R<ASN> -20.833000 0.842000 11.548000
c<A>r<397>R<MET> -23.259001 -2.100000 11.066000
c<A>r<398>R<HIS> -20.334000 -4.511000 10.358000
c<A>r<399>R<ALA> -18.266001 -3.184000 13.309000
c<A>r<400>R<LEU> -21.290001 -3.530000 15.675000
c<A>r<402>R<ARG> -18.392000 -8.024000 15.126000
c<A>r<403>R<MET> -18.299999 -6.314000 18.575001
c<A>r<404>R<TYR> -21.705999 -7.631000 19.840000
c<A>r<405>R<GLY> -22.457001 -10.711000 17.601000
c<B>r<351>R<TYR> -17.351999 8.011000 28.166000
c<B>r<352>R<ALA> -18.764999 4.885000 29.872999
c<B>r<355>R<ILE> -22.669001 7.651000 31.975000
c<B>r<356>R<ARG> -22.212000 5.330000 35.006001
c<B>r<357>R<VAL> -21.556000 8.192000 37.483002
c<B>r<358>R<ALA> -24.384001 10.389000 36.089001
c<B>r<359>R<GLU> -26.952000 7.539000 36.470001
c<B>r<360>R<LEU> -25.552999 6.417000 39.877998
c<B>r<361>R<GLU> -25.930000 10.024000 41.242001
c<B>r<362>R<LYS> -29.738001 9.640000 40.699001
c<B>r<363>R<CYS> -29.773001 6.630000 43.118999
c<B>r<364>R<SER> -29.259001 6.639000 46.925999
c<B>r<368>R<ALA> -24.667999 -3.022000 45.993999
c<B>r<369>R<VAL> -25.804001 -0.410000 43.375000
c<B>r<372>R<LEU> -24.243000 -3.479000 39.653000
c<B>r<373>R<SER> -23.408001 -0.256000 37.723000
c<B>r<375>R<GLY> -21.033001 -4.915000 36.164001
c<B>r<376>R<ILE> -23.304001 -3.439000 33.419998
c<B>r<377>R<VAL> -20.521000 -1.121000 32.101002
c<B>r<379>R<ARG> -19.997000 -6.376000 30.263000
c<B>r<380>R<PHE> -20.987000 -3.719000 27.695000
c<B>r<381>R<LEU> -17.334000 -2.603000 27.176001
c<B>r<382>R<HIS> -15.905000 -6.176000 27.006001
c<B>r<383>R<GLY> -16.850000 -6.775000 23.311001
c<B>r<384>R<PRO> -15.505000 -3.421000 21.930000
c<B>r<385>R<MET> -12.358000 -3.565000 24.163000
c<B>r<386>R<GLN> -11.422000 -7.096000 22.996000
c<B>r<387>R<HIS> -11.867000 -6.077000 19.306999
c<B>r<388>R<LEU> -9.608000 -2.986000 19.778999
c<B>r<391>R<SER> -8.553000 -8.185000 16.295000
c<B>r<396>R<GLU> -10.852000 -4.658000 11.342000
c<B>r<397>R<THR> -9.124000 -2.881000 14.312000
c<B>r<398>R<LEU> -9.171000 0.499000 12.509000
c<B>r<399>R<GLU> -12.805000 0.040000 11.291000
c<B>r<400>R<ASN> -13.738000 -0.814000 14.915000
c<B>r<401>R<MET> -11.864000 2.317000 16.163000
c<B>r<402>R<HIS> -13.604000 4.522000 13.527000
c<B>r<403>R<ALA> -17.066999 3.127000 14.437000
c<B>r<404>R<LEU> -16.429001 3.991000 18.165001
