c<A>r<1>R<SER> -1.626000 16.056999 -0.674000
c<A>r<2>R<LEU> -5.274000 15.325000 -1.598000
c<A>r<3>R<ILE> -7.899000 14.140000 0.954000
c<A>r<4>R<LEU> -10.866000 12.202000 -0.437000
c<A>r<5>R<THR> -13.815000 10.449000 1.209000
c<A>r<6>R<ARG> -14.640000 7.109000 -0.494000
c<A>r<7>R<ARG> -17.542000 4.738000 0.254000
c<A>r<8>R<VAL> -17.205000 0.943000 0.219000
c<A>r<9>R<GLY> -17.386999 0.013000 -3.505000
c<A>r<10>R<GLU> -15.984000 3.410000 -4.669000
c<A>r<11>R<THR> -12.834000 3.747000 -6.785000
c<A>r<12>R<LEU> -10.182000 6.485000 -6.980000
c<A>r<13>R<ILE> -8.447000 6.649000 -10.379000
c<A>r<14>R<GLY> -4.993000 8.168000 -10.586000
c<A>r<15>R<ASP> -3.333000 8.464000 -14.034000
c<A>r<16>R<GLU> -1.558000 5.081000 -13.483000
c<A>r<17>R<VAL> -2.790000 3.875000 -10.031000
c<A>r<18>R<THR> -6.377000 2.799000 -9.250000
c<A>r<19>R<VAL> -7.424000 2.618000 -5.549000
c<A>r<20>R<THR> -10.715000 0.788000 -4.752000
c<A>r<21>R<VAL> -12.348000 0.570000 -1.297000
c<A>r<22>R<LEU> -13.383000 -3.117000 -1.260000
c<A>r<23>R<GLY> -14.729000 -3.155000 2.327000
c<A>r<24>R<VAL> -14.604000 -1.860000 5.904000
c<A>r<25>R<LYS> -14.516000 -4.057000 9.049000
c<A>r<26>R<GLY> -14.350000 -1.980000 12.254000
c<A>r<27>R<ASN> -11.037000 -0.060000 11.985000
c<A>r<28>R<GLN> -9.802000 -2.237000 9.049000
c<A>r<29>R<VAL> -10.224000 -1.060000 5.434000
c<A>r<30>R<ARG> -9.757000 -3.422000 2.487000
c<A>r<31>R<ILE> -8.121000 -1.405000 -0.292000
c<A>r<32>R<GLY> -7.571000 -2.825000 -3.783000
c<A>r<33>R<VAL> -4.642000 -1.045000 -5.482000
c<A>r<34>R<ASN> -4.139000 -1.646000 -9.208000
c<A>r<35>R<ALA> -0.880000 -0.277000 -10.633000
c<A>r<36>R<PRO> 1.037000 -1.097000 -13.876000
c<A>r<37>R<LYS> 4.285000 -3.163000 -13.700000
c<A>r<38>R<GLU> 6.238000 0.132000 -13.920000
c<A>r<39>R<VAL> 4.704000 1.356000 -10.593000
c<A>r<40>R<SER> 5.773000 -0.700000 -7.555000
c<A>r<41>R<VAL> 3.279000 -0.625000 -4.655000
c<A>r<42>R<HIS> 4.723000 -1.511000 -1.266000
c<A>r<43>R<ARG> 3.629000 -1.388000 2.367000
c<A>r<44>R<GLU> 5.480000 1.460000 4.176000
c<A>r<45>R<GLU> 7.378000 -1.080000 6.344000
c<A>r<46>R<ILE> 8.511000 -2.958000 3.169000
c<A>r<47>R<TYR> 9.240000 0.178000 1.066000
c<A>r<48>R<GLN> 11.563000 1.587000 3.775000
c<A>r<51>R<GLN> 14.771000 1.780000 -0.314000
c<B>r<1>R<SER> -3.551000 -5.867000 -8.569000
c<B>r<2>R<LEU> -2.800000 -5.868000 -4.809000
c<B>r<3>R<ILE> -5.510000 -6.344000 -2.173000
c<B>r<4>R<LEU> -4.257000 -4.769000 1.044000
c<B>r<5>R<THR> -5.888000 -4.370000 4.474000
c<B>r<6>R<ARG> -5.092000 -0.992000 6.113000
c<B>r<7>R<ARG> -6.106000 0.372000 9.552000
c<B>r<8>R<VAL> -6.956000 3.986000 10.407000
c<B>r<9>R<GLY> -3.523000 5.697000 10.641000
c<B>r<10>R<GLU> -1.780000 3.163000 8.314000
c<B>r<11>R<THR> -0.090000 4.197000 5.048000
c<B>r<12>R<LEU> 0.665000 2.391000 1.771000
c<B>r<13>R<ILE> 3.676000 3.663000 -0.219000
c<B>r<14>R<GLY> 3.943000 3.242000 -3.955000
c<B>r<15>R<ASP> 7.101000 4.584000 -5.683000
c<B>r<16>R<GLU> 5.393000 8.003000 -6.160000
c<B>r<17>R<VAL> 1.907000 7.618000 -4.548000
c<B>r<18>R<THR> 1.261000 7.353000 -0.788000
c<B>r<19>R<VAL> -2.201000 6.215000 0.391000
c<B>r<20>R<THR> -3.039000 6.900000 4.072000
c<B>r<21>R<VAL> -6.277000 5.850000 5.797000
c<B>r<22>R<LEU> -7.089000 9.044000 7.758000
c<B>r<23>R<GLY> -10.372000 7.711000 9.220000
c<B>r<24>R<VAL> -13.506000 5.569000 8.895000
c<B>r<25>R<LYS> -17.112000 6.732000 9.545000
c<B>r<26>R<GLY> -19.674000 3.957000 8.939000
c<B>r<27>R<ASN> -19.252001 3.061000 5.227000
c<B>r<28>R<GLN> -17.167999 6.228000 4.500000
c<B>r<29>R<VAL> -13.349000 5.998000 4.417000
c<B>r<30>R<ARG> -11.200000 9.150000 4.508000
c<B>r<31>R<ILE> -8.197000 8.435000 2.274000
c<B>r<32>R<GLY> -5.235000 10.806000 2.100000
c<B>r<33>R<VAL> -3.450000 10.409000 -1.249000
c<B>r<34>R<ASN> -0.064000 12.070000 -1.727000
c<B>r<35>R<ALA> 1.024000 11.979000 -5.376000
c<B>r<36>R<PRO> 3.500000 14.215000 -7.303000
c<B>r<37>R<LYS> 2.010000 17.009001 -9.487000
c<B>r<38>R<GLU> 2.509000 14.693000 -12.512000
c<B>r<39>R<VAL> 0.017000 12.128000 -11.066000
c<B>r<40>R<SER> -3.559000 13.432000 -11.307000
c<B>r<41>R<VAL> -5.845000 11.699000 -8.761000
c<B>r<42>R<HIS> -9.519000 11.814000 -9.766000
c<B>r<43>R<ARG> -12.793000 10.186000 -8.683000
c<B>r<44>R<GLU> -13.735000 7.470000 -11.252000
c<B>r<45>R<GLU> -16.938999 9.433000 -12.164000
c<B>r<46>R<ILE> -14.708000 12.442000 -13.128000
c<B>r<47>R<TYR> -11.949000 10.459000 -14.933000
c<B>r<48>R<GLN> -14.537000 8.834000 -17.268000
