c<A>r<21>R<SER> -8.722000 12.825000 -8.709000
c<A>r<51>R<ARG> -7.184000 16.174999 -16.482000
c<A>r<52>R<TYR> -4.026000 14.104000 -16.388000
c<A>r<53>R<ARG> -5.143000 10.469000 -16.865000
c<A>r<54>R<TYR> -7.314000 10.196000 -13.611000
c<A>r<55>R<LEU> -5.543000 13.078000 -11.682000
c<A>r<84>R<GLY> -9.636000 9.342000 -4.927000
c<A>r<85>R<TYR> -5.823000 9.378000 -5.440000
c<A>r<86>R<GLY> -3.182000 11.923000 -5.849000
c<A>r<88>R<GLY> 0.262000 12.859000 -1.526000
c<A>r<89>R<GLN> 2.162000 13.665000 -4.773000
c<A>r<181>R<THR> -5.778000 2.302000 2.552000
c<A>r<182>R<ALA> -4.797000 5.901000 1.676000
c<A>r<184>R<ALA> -1.048000 2.897000 4.602000
c<A>r<185>R<CYS> 0.013000 3.875000 1.057000
c<A>r<186>R<MET> 2.069000 6.723000 2.536000
c<A>r<187>R<ALA> 4.041000 4.598000 5.041000
c<A>r<188>R<GLY> 7.870000 5.000000 4.672000
c<A>r<189>R<THR> 7.454000 8.337000 2.740000
c<A>r<190>R<LEU> 7.730000 11.972000 3.751000
c<A>r<191>R<GLY> 3.889000 11.858000 3.892000
c<A>r<192>R<GLY> 3.542000 9.086000 6.457000
c<A>r<210>R<TYR> -10.725000 -8.334000 4.305000
c<A>r<211>R<TYR> -7.115000 -9.557000 3.433000
c<A>r<212>R<ARG> -6.398000 -6.118000 1.742000
c<A>r<214>R<GLU> -5.621000 -6.535000 7.122000
c<A>r<215>R<ARG> -2.519000 -5.941000 4.858000
c<A>r<216>R<SER> -3.110000 -2.089000 5.085000
c<A>r<217>R<LEU> -3.792000 -2.284000 8.868000
c<A>r<218>R<TRP> -0.615000 -4.319000 9.603000
c<A>r<219>R<GLN> 1.566000 -1.889000 7.454000
c<A>r<220>R<LEU> 0.058000 1.231000 9.034000
c<A>r<221>R<LEU> 0.478000 0.030000 12.679000
c<A>r<222>R<GLU> 4.016000 -1.286000 12.059000
c<A>r<223>R<SER> 5.049000 2.018000 10.463000
c<A>r<224>R<ILE> 3.965000 4.204000 13.479000
c<A>r<244>R<GLU> -16.914000 -16.299999 3.301000
c<A>r<245>R<VAL> -14.000000 -15.121000 5.423000
c<A>r<246>R<ALA> -14.194000 -17.041000 8.610000
c<A>r<247>R<HIS> -13.313000 -14.046000 10.923000
c<A>r<248>R<SER> -15.537000 -10.905000 11.172000
c<A>r<252>R<ILE> -9.728000 -8.958000 12.858000
c<B>r<19>R<SER> -2.398000 -17.694000 2.129000
c<B>r<49>R<ARG> -6.464000 -22.155001 8.256000
c<B>r<50>R<TYR> -6.762000 -18.820999 10.019000
c<B>r<51>R<ARG> -9.390000 -16.827999 8.057000
c<B>r<52>R<TYR> -7.435000 -16.646999 4.662000
c<B>r<53>R<LEU> -3.908000 -17.202999 6.186000
c<B>r<82>R<GLY> -1.447000 -14.195000 -1.634000
c<B>r<83>R<TYR> -0.942000 -12.331000 1.696000
c<B>r<84>R<GLY> 0.740000 -12.970000 4.926000
c<B>r<86>R<GLY> 5.550000 -10.300000 5.977000
c<B>r<87>R<GLN> 3.806000 -11.014000 9.334000
c<B>r<181>R<THR> 1.674000 -4.089000 -4.558000
c<B>r<182>R<ALA> 3.149000 -6.611000 -2.082000
c<B>r<184>R<ALA> 4.772000 -1.253000 -1.513000
c<B>r<185>R<CYS> 2.687000 -2.682000 1.372000
c<B>r<186>R<MET> 5.919000 -3.199000 3.334000
c<B>r<187>R<ALA> 7.253000 0.374000 2.975000
c<B>r<188>R<GLY> 8.087000 2.005000 6.381000
c<B>r<189>R<THR> 8.230000 -1.441000 8.140000
c<B>r<190>R<LEU> 11.088000 -3.709000 9.165000
c<B>r<191>R<GLY> 10.235000 -5.666000 5.959000
c<B>r<192>R<GLY> 10.707000 -2.824000 3.487000
c<B>r<210>R<TYR> -3.877000 1.940000 -13.155000
c<B>r<211>R<TYR> -4.380000 4.528000 -10.268000
c<B>r<212>R<ARG> -3.706000 1.704000 -7.665000
c<B>r<214>R<GLU> 0.594000 4.341000 -9.735000
c<B>r<215>R<ARG> -0.176000 4.761000 -5.950000
c<B>r<216>R<SER> 1.958000 1.593000 -5.174000
c<B>r<217>R<LEU> 4.737000 2.713000 -7.590000
c<B>r<218>R<TRP> 4.979000 6.248000 -6.099000
c<B>r<219>R<GLN> 5.088000 4.821000 -2.463000
c<B>r<220>R<LEU> 7.696000 2.181000 -3.325000
c<B>r<221>R<LEU> 10.077000 4.615000 -5.143000
c<B>r<222>R<GLU> 9.707000 7.317000 -2.461000
c<B>r<223>R<SER> 10.459000 4.787000 0.301000
c<B>r<224>R<ILE> 13.817000 3.603000 -1.241000
c<B>r<244>R<GLU> -10.490000 4.287000 -20.462999
c<B>r<245>R<VAL> -7.443000 5.717000 -18.712000
c<B>r<246>R<ALA> -5.962000 8.199000 -21.054001
c<B>r<247>R<HIS> -2.260000 7.216000 -20.396999
c<B>r<248>R<SER> -0.889000 3.711000 -21.188000
c<B>r<252>R<ILE> 2.911000 5.971000 -16.634001
