c<A>r<5>R<VAL> -1.644000 -8.739000 -1.305000
c<A>r<6>R<GLN> 0.107000 -11.269000 -3.608000
c<A>r<8>R<ALA> -2.149000 -6.759000 -5.956000
c<A>r<9>R<LYS> 1.704000 -7.065000 -6.018000
c<A>r<10>R<ALA> 1.855000 -9.386000 -9.079000
c<A>r<11>R<ARG> -0.845000 -7.411000 -11.003000
c<A>r<12>R<PHE> -0.042000 -3.926000 -9.571000
c<A>r<13>R<SER> -0.500000 -2.330000 -13.027000
c<A>r<16>R<LEU> -3.855000 0.667000 -10.240000
c<A>r<17>R<ASP> -5.684000 0.787000 -13.627000
c<A>r<19>R<CYS> -8.484000 1.904000 -9.275000
c<A>r<20>R<ILE> -8.483000 4.729000 -11.850000
c<A>r<23>R<GLY> -12.901000 3.383000 -8.463000
c<A>r<24>R<PRO> -11.538000 2.257000 -5.039000
c<A>r<25>R<GLN> -9.656000 -1.116000 -4.865000
c<A>r<26>R<ILE> -9.217000 -2.924000 -1.513000
c<A>r<27>R<VAL> -5.984000 -4.808000 -0.641000
c<A>r<28>R<SER> -6.245000 -7.765000 1.758000
c<A>r<29>R<ARG> -3.348000 -9.395000 3.699000
c<A>r<32>R<ALA> -8.084000 -9.152000 6.393000
c<A>r<33>R<GLU> -8.736000 -5.903000 4.467000
c<A>r<34>R<GLU> -5.704000 -3.686000 5.269000
c<A>r<35>R<ALA> -5.716000 -0.809000 2.779000
c<A>r<36>R<VAL> -7.655000 0.649000 -0.169000
c<A>r<37>R<LEU> -6.210000 2.269000 -3.276000
c<A>r<38>R<VAL> -8.313000 5.355000 -4.101000
c<A>r<39>R<PRO> -8.110000 7.746000 -7.117000
c<A>r<40>R<ILE> -6.379000 10.982000 -5.985000
c<A>r<41>R<GLY> -9.412000 13.066000 -7.122000
c<A>r<42>R<GLU> -11.824000 10.981000 -4.973000
c<A>r<43>R<TRP> -9.444000 11.142000 -1.970000
c<A>r<44>R<ARG> -9.164000 14.978000 -2.190000
c<A>r<45>R<ARG> -12.988000 15.212000 -2.488000
c<A>r<46>R<LEU> -13.590000 13.058000 0.642000
c<A>r<47>R<GLN> -10.978000 14.975000 2.680000
c<A>r<48>R<ALA> -12.673000 18.267000 1.683000
c<A>r<49>R<ALA> -16.101000 16.799000 2.687000
c<A>r<50>R<ALA> -14.948000 15.304000 6.055000
c<B>r<5>R<VAL> 4.552000 3.628000 -9.913000
c<B>r<6>R<GLN> 7.747000 1.615000 -10.599000
c<B>r<8>R<ALA> 5.479000 1.281000 -5.496000
c<B>r<9>R<LYS> 5.439000 -1.887000 -7.704000
c<B>r<10>R<ALA> 9.039000 -2.960000 -6.887000
c<B>r<11>R<ARG> 8.659000 -2.139000 -3.137000
c<B>r<12>R<PHE> 4.906000 -2.968000 -2.784000
c<B>r<13>R<SER> 5.537000 -4.627000 0.614000
c<B>r<16>R<LEU> 1.734000 -1.190000 1.996000
c<B>r<17>R<ASP> 3.643000 -1.306000 5.341000
c<B>r<19>R<CYS> 0.561000 2.891000 4.427000
c<B>r<20>R<ILE> -0.403000 1.004000 7.613000
c<B>r<23>R<GLY> -0.729000 6.656000 7.001000
c<B>r<24>R<PRO> -1.837000 7.382000 3.388000
c<B>r<25>R<GLN> 0.800000 6.764000 0.613000
c<B>r<26>R<ILE> 0.557000 8.478000 -2.808000
c<B>r<27>R<VAL> 1.304000 6.676000 -6.114000
c<B>r<28>R<SER> 2.520000 8.802000 -9.025000
c<B>r<29>R<ARG> 2.637000 7.696000 -12.693000
c<B>r<32>R<ALA> 1.282000 12.903000 -11.883000
c<B>r<33>R<GLU> -0.321000 11.767000 -8.590000
c<B>r<34>R<GLU> -2.838000 9.119000 -9.784000
c<B>r<35>R<ALA> -3.901000 7.236000 -6.635000
c<B>r<36>R<VAL> -3.401000 7.055000 -2.850000
c<B>r<37>R<LEU> -3.215000 3.914000 -0.722000
c<B>r<38>R<VAL> -5.200000 4.551000 2.491000
c<B>r<39>R<PRO> -5.516000 2.314000 5.617000
c<B>r<40>R<ILE> -8.966000 0.623000 5.507000
c<B>r<41>R<GLY> -9.813000 2.055000 8.976000
c<B>r<42>R<GLU> -9.051000 5.639000 7.824000
c<B>r<43>R<TRP> -10.961000 5.133000 4.548000
c<B>r<44>R<ARG> -14.043000 3.862000 6.468000
c<B>r<45>R<ARG> -13.797000 6.869000 8.842000
c<B>r<46>R<LEU> -13.659000 9.400000 5.952000
c<B>r<47>R<GLN> -16.535999 7.632000 4.118000
c<B>r<48>R<ALA> -18.625999 7.879000 7.337000
c<B>r<49>R<ALA> -17.770000 11.632000 7.716000
c<B>r<50>R<ALA> -18.436001 12.676000 4.049000
