c<A>r<113>R<PHE> -17.143000 -0.104000 -18.296000
c<A>r<124>R<LEU> -15.950000 -5.350000 0.022000
c<A>r<125>R<SER> -15.747000 -8.731000 -1.733000
c<A>r<126>R<MET> -13.067000 -11.345000 -0.936000
c<A>r<127>R<THR> -13.136000 -12.137000 -4.725000
c<A>r<128>R<THR> -12.467000 -8.513000 -5.902000
c<A>r<129>R<GLY> -9.521000 -8.570000 -8.355000
c<A>r<130>R<TRP> -7.370000 -6.100000 -10.315000
c<A>r<131>R<SER> -9.810000 -6.627000 -13.270000
c<A>r<132>R<ASP> -12.797000 -5.244000 -11.270000
c<A>r<133>R<LEU> -10.708000 -2.217000 -10.175000
c<A>r<134>R<ALA> -9.712000 -1.713000 -13.866000
c<A>r<135>R<GLU> -13.401000 -1.489000 -14.996000
c<A>r<136>R<ALA> -14.139000 0.877000 -12.051000
c<A>r<137>R<ALA> -11.078000 3.118000 -12.790000
c<A>r<138>R<LEU> -12.262000 3.538000 -16.434999
c<A>r<141>R<ARG> -12.208000 8.584000 -15.256000
c<A>r<142>R<ALA> -15.199000 8.818000 -17.667000
c<A>r<152>R<ASP> -12.628000 1.222000 6.653000
c<A>r<153>R<PRO> -8.868000 0.499000 6.160000
c<A>r<154>R<THR> -9.035000 -3.034000 7.686000
c<A>r<155>R<LEU> -11.309000 -6.062000 8.200000
c<A>r<159>R<ARG> -6.222000 -14.434000 11.013000
c<A>r<160>R<GLY> -5.618000 -10.757000 12.004000
c<A>r<161>R<LEU> -6.337000 -7.364000 10.354000
c<A>r<162>R<LEU> -6.937000 -7.965000 6.594000
c<A>r<163>R<PRO> -7.489000 -5.232000 3.886000
c<A>r<164>R<GLY> -10.915000 -3.525000 4.344000
c<A>r<165>R<ASN> -13.041000 -1.725000 1.698000
c<A>r<166>R<GLY> -11.024000 1.493000 2.408000
c<A>r<167>R<SER> -7.879000 -0.302000 1.124000
c<A>r<168>R<MET> -9.662000 -1.209000 -2.163000
c<A>r<169>R<VAL> -10.887000 2.453000 -2.294000
c<A>r<170>R<ALA> -7.250000 3.653000 -1.761000
c<A>r<171>R<ALA> -6.237000 1.688000 -4.904000
c<A>r<172>R<LEU> -8.960000 3.486000 -6.959000
c<A>r<173>R<ARG> -8.030000 6.908000 -5.396000
c<A>r<174>R<THR> -4.409000 6.310000 -6.495000
c<A>r<175>R<ALA> -5.492000 5.071000 -9.982000
c<A>r<176>R<THR> -7.978000 7.959000 -10.662000
c<A>r<177>R<GLY> -7.037000 11.047000 -8.560000
c<B>r<113>R<PHE> 1.569000 -15.983000 5.217000
c<B>r<124>R<LEU> 1.760000 -5.989000 -10.918000
c<B>r<125>R<SER> -0.349000 -8.987000 -11.974000
c<B>r<126>R<MET> -3.707000 -8.638000 -13.784000
c<B>r<127>R<THR> -4.795000 -11.671000 -11.643000
c<B>r<128>R<THR> -3.901000 -10.082000 -8.233000
c<B>r<129>R<GLY> -6.910000 -10.556000 -5.910000
c<B>r<130>R<TRP> -7.996000 -9.291000 -2.472000
c<B>r<131>R<SER> -6.775000 -12.747000 -1.236000
c<B>r<132>R<ASP> -3.143000 -12.026000 -2.281000
c<B>r<133>R<LEU> -3.271000 -8.595000 -0.575000
c<B>r<134>R<ALA> -4.669000 -10.361000 2.555000
c<B>r<135>R<GLU> -1.639000 -12.756000 2.746000
c<B>r<136>R<ALA> 0.721000 -9.766000 2.155000
c<B>r<137>R<ALA> -1.014000 -7.575000 4.825000
c<B>r<138>R<LEU> -0.543000 -10.395000 7.409000
c<B>r<141>R<ARG> 2.001000 -6.764000 10.077000
c<B>r<142>R<ALA> 4.222000 -9.669000 11.281000
c<B>r<152>R<ASP> 3.384000 3.835000 -10.502000
c<B>r<153>R<PRO> -0.271000 4.884000 -9.854000
c<B>r<154>R<THR> -1.501000 3.872000 -13.363000
c<B>r<155>R<LEU> -0.867000 1.396000 -16.201000
c<B>r<159>R<ARG> -8.524000 1.008000 -22.899000
c<B>r<160>R<GLY> -7.138000 4.038000 -20.959999
c<B>r<161>R<LEU> -5.293000 4.478000 -17.622000
c<B>r<162>R<LEU> -5.838000 1.312000 -15.492000
c<B>r<163>R<PRO> -4.625000 0.740000 -11.845000
c<B>r<164>R<GLY> -0.789000 0.414000 -11.753000
c<B>r<165>R<ASN> 1.340000 -1.382000 -9.106000
c<B>r<166>R<GLY> 1.336000 1.855000 -6.992000
c<B>r<167>R<SER> -2.476000 1.517000 -6.672000
c<B>r<168>R<MET> -2.133000 -2.101000 -5.399000
c<B>r<169>R<VAL> 0.647000 -0.794000 -3.064000
c<B>r<170>R<ALA> -1.781000 1.961000 -1.848000
c<B>r<171>R<ALA> -4.268000 -0.756000 -0.746000
c<B>r<172>R<LEU> -1.506000 -2.399000 1.383000
c<B>r<173>R<ARG> -0.324000 1.035000 2.728000
c<B>r<174>R<THR> -3.927000 1.698000 3.909000
c<B>r<175>R<ALA> -4.317000 -1.909000 5.248000
c<B>r<176>R<THR> -0.993000 -1.906000 7.226000
c<B>r<177>R<GLY> 0.109000 1.708000 7.992000
