c<C>r<37>R<LYS> 2.151000 -4.431000 -11.191000
c<C>r<38>R<ILE> 0.468000 -5.262000 -7.883000
c<C>r<39>R<TYR> 2.445000 -4.014000 -4.844000
c<C>r<40>R<GLY> 4.824000 -6.745000 -3.537000
c<C>r<41>R<GLN> 5.153000 -8.397000 -6.992000
c<C>r<42>R<ARG> 8.659000 -8.479000 -8.574000
c<C>r<43>R<GLN> 7.563000 -8.894000 -12.202000
c<C>r<68>R<GLN> -8.215000 -3.610000 -2.168000
c<C>r<69>R<GLU> -4.833000 -4.212000 -3.837000
c<C>r<70>R<PRO> -2.310000 -1.358000 -4.194000
c<C>r<71>R<TYR> -0.813000 -0.939000 -7.701000
c<C>r<72>R<TYR> 2.053000 0.750000 -9.508000
c<C>r<89>R<THR> 3.472000 6.408000 -10.204000
c<C>r<90>R<PRO> 3.130000 6.742000 -6.446000
c<C>r<91>R<ARG> 1.408000 3.663000 -4.909000
c<C>r<92>R<PHE> -2.234000 3.685000 -6.150000
c<C>r<93>R<THR> -5.097000 2.171000 -4.071000
c<C>r<96>R<TRP> -9.064000 5.017000 -1.424000
c<C>r<166>R<GLN> -19.129000 7.397000 1.419000
c<C>r<167>R<PRO> -19.375999 7.303000 5.266000
c<C>r<168>R<MET> -15.905000 5.729000 5.851000
c<C>r<169>R<LEU> -14.075000 8.452000 3.844000
c<C>r<170>R<ASP> -16.499001 11.390000 4.469000
c<C>r<171>R<ARG> -16.573999 11.819000 0.672000
c<D>r<5>R<SER> -17.832001 2.403000 14.855000
c<D>r<7>R<PHE> -13.575000 2.068000 11.632000
c<D>r<8>R<GLN> -16.480000 4.455000 10.764000
c<D>r<9>R<GLN> -14.314000 7.461000 11.819000
c<D>r<10>R<PRO> -13.611000 9.155000 8.468000
c<D>r<11>R<TYR> -11.144000 11.720000 9.798000
c<D>r<12>R<ILE> -8.814000 9.109000 11.358000
c<D>r<13>R<THR> -9.288000 6.734000 8.363000
c<D>r<14>R<ASN> -8.107000 9.488000 5.962000
c<D>r<17>R<PHE> -4.148000 6.448000 4.658000
c<D>r<20>R<ALA> 0.731000 5.327000 4.709000
c<D>r<21>R<LYS> 0.888000 7.309000 1.402000
c<D>r<22>R<GLU> 3.616000 9.695000 2.727000
c<D>r<24>R<SER> 5.243000 4.833000 0.847000
c<D>r<25>R<LEU> 6.874000 7.751000 -1.086000
c<D>r<27>R<ASP> 9.855000 3.347000 0.373000
c<D>r<29>R<ASN> 11.258000 -1.243000 -2.387000
c<D>r<30>R<THR> 8.061000 -2.034000 -4.357000
c<D>r<31>R<ASP> 8.920000 -5.814000 -4.535000
c<D>r<32>R<VAL> 8.558000 -6.622000 -0.792000
c<D>r<33>R<ARG> 5.171000 -6.517000 0.965000
c<D>r<34>R<LEU> 4.824000 -7.138000 4.739000
c<D>r<35>R<ILE> 0.984000 -7.417000 5.029000
c<D>r<36>R<GLY> -0.515000 -9.702000 2.339000
c<D>r<116>R<GLY> 3.850000 2.724000 4.396000
c<D>r<117>R<GLU> 1.557000 -0.369000 4.857000
c<D>r<119>R<ASP> -3.488000 1.340000 5.070000
c<D>r<120>R<LEU> -3.172000 -2.471000 4.593000
c<D>r<123>R<MET> -8.093000 -2.618000 6.356000
