c<A>r<39>R<PRO> 11.029000 9.947000 9.799000
c<A>r<40>R<GLU> 12.294000 8.498000 13.080000
c<A>r<41>R<HIS> 9.066000 7.063000 14.262000
c<A>r<42>R<ALA> 8.662000 5.050000 10.984000
c<A>r<43>R<LEU> 11.857000 3.236000 11.946000
c<A>r<44>R<ARG> 10.533000 1.942000 15.315000
c<A>r<46>R<GLY> 6.104000 -0.604000 16.938000
c<A>r<47>R<PHE> 5.413000 1.132000 13.685000
c<A>r<48>R<LEU> 6.972000 -1.593000 11.412000
c<A>r<49>R<SER> 5.088000 -4.440000 13.116000
c<A>r<50>R<THR> 1.652000 -3.057000 11.939000
c<A>r<51>R<PHE> 2.391000 -4.550000 8.604000
c<A>r<53>R<LEU> -1.316000 -7.671000 10.840000
c<A>r<54>R<ALA> -2.173000 -5.996000 7.529000
c<A>r<55>R<THR> -0.414000 -8.747000 5.553000
c<A>r<56>R<ASP> -2.286000 -11.445000 7.424000
c<A>r<57>R<GLN> -5.580000 -9.716000 6.731000
c<A>r<58>R<GLY> -4.627000 -9.034000 3.110000
c<A>r<59>R<SER> -4.087000 -12.757000 2.617000
c<A>r<60>R<LYS> -7.788000 -13.216000 3.500000
c<A>r<61>R<LEU> -9.073000 -10.951000 0.634000
c<A>r<62>R<GLY> -9.651000 -13.914000 -1.688000
c<A>r<63>R<LEU> -6.433000 -13.055000 -3.730000
c<A>r<64>R<SER> -4.179000 -15.647000 -2.224000
c<A>r<65>R<LYS> -1.129000 -14.651000 -0.215000
c<A>r<66>R<ASN> -0.258000 -10.964000 0.313000
c<A>r<67>R<LYS> 3.249000 -10.154000 -0.993000
c<A>r<68>R<SER> 3.570000 -6.423000 -0.298000
c<A>r<69>R<ILE> 1.695000 -3.430000 1.140000
c<A>r<70>R<ILE> 2.260000 0.175000 0.107000
c<A>r<71>R<CYS> 1.035000 2.890000 2.426000
c<A>r<72>R<TYR> 0.891000 6.427000 1.200000
c<A>r<73>R<TYR> 0.843000 9.151000 3.825000
c<A>r<74>R<ASN> 0.812000 12.986000 3.227000
c<A>r<75>R<THR> 4.618000 13.367000 3.473000
c<A>r<76>R<TYR> 5.969000 9.767000 3.266000
c<A>r<77>R<GLN> 5.320000 6.347000 1.904000
c<A>r<78>R<VAL> 6.082000 2.961000 3.440000
c<A>r<79>R<VAL> 6.629000 -0.003000 1.138000
c<A>r<80>R<GLN> 6.760000 -3.341000 2.925000
c<A>r<81>R<PHE> 7.524000 -6.752000 1.413000
c<A>r<82>R<ASN> 6.491000 -10.052000 2.940000
c<A>r<94>R<SER> 5.259000 10.507000 -0.591000
c<A>r<97>R<ASN> 8.580000 6.797000 -7.522000
c<A>r<98>R<THR> 7.160000 3.612000 -5.920000
c<A>r<99>R<GLY> 7.937000 1.661000 -9.109000
c<B>r<37>R<GLY> -15.866000 -12.527000 -8.327000
c<B>r<38>R<ASP> -16.461000 -15.232000 -5.866000
c<B>r<39>R<THR> -15.486000 -13.294000 -2.934000
c<B>r<40>R<ASP> -18.021999 -12.053000 -0.458000
c<B>r<41>R<ALA> -18.044001 -8.232000 -0.914000
c<B>r<43>R<VAL> -15.949000 -9.710000 3.824000
c<B>r<44>R<THR> -13.815000 -7.617000 1.516000
c<B>r<45>R<ALA> -15.309000 -4.409000 2.963000
c<B>r<46>R<ALA> -14.605000 -5.603000 6.533000
c<B>r<47>R<ILE> -11.078000 -6.532000 5.779000
c<B>r<48>R<ALA> -10.330000 -3.335000 3.803000
c<B>r<50>R<ASN> -9.551000 -3.016000 9.241000
c<B>r<51>R<ILE> -6.428000 -2.608000 7.096000
c<B>r<52>R<TRP> -7.140000 1.071000 6.628000
c<B>r<53>R<ALA> -7.775000 1.597000 10.295000
c<B>r<54>R<ALA> -4.509000 -0.111000 11.309000
c<B>r<55>R<ALA> -2.421000 1.919000 8.827000
c<B>r<56>R<ASP> -4.255000 5.150000 9.608000
c<B>r<57>R<ARG> -3.672000 4.842000 13.404000
c<B>r<58>R<ASN> 0.013000 3.978000 13.031000
c<B>r<59>R<GLY> 0.678000 6.869000 10.680000
c<B>r<60>R<ASN> -0.981000 9.402000 12.883000
c<B>r<61>R<GLN> 1.418000 8.408000 15.637000
c<B>r<62>R<ALA> 4.581000 8.091000 13.556000
c<B>r<63>R<PHE> 4.206000 11.121000 11.184000
c<B>r<64>R<ASN> 3.018000 14.073000 13.271000
c<B>r<65>R<GLU> -0.574000 13.907000 12.055000
c<B>r<66>R<ASP> -0.100000 12.796000 8.707000
c<B>r<67>R<SER> -3.090000 11.232000 7.310000
c<B>r<68>R<LEU> -3.117000 8.044000 5.399000
c<B>r<69>R<LYS> -4.004000 8.786000 1.733000
c<B>r<70>R<PHE> -3.760000 5.495000 -0.126000
c<B>r<71>R<ILE> -3.057000 1.781000 0.288000
c<B>r<72>R<LEU> -1.894000 -0.564000 -2.439000
c<B>r<73>R<MET> -1.694000 -4.279000 -1.840000
c<B>r<74>R<ASP> 0.055000 -6.878000 -3.998000
c<B>r<75>R<CYS> -1.272000 -10.439000 -3.634000
c<B>r<76>R<MET> -0.308000 -13.555000 -5.541000
c<B>r<77>R<GLU> -3.661000 -13.513000 -7.460000
c<B>r<78>R<GLY> -4.512000 -9.825000 -7.536000
c<B>r<79>R<ARG> -4.001000 -6.249000 -6.480000
c<B>r<80>R<VAL> -6.037000 -4.077000 -4.188000
c<B>r<81>R<ALA> -6.434000 -0.322000 -3.821000
c<B>r<82>R<ILE> -7.969000 1.314000 -0.722000
c<B>r<83>R<THR> -8.472000 5.033000 -0.445000
c<B>r<93>R<TYR> -9.793000 -5.216000 -6.880000
c<B>r<94>R<ALA> -7.663000 -5.805000 -9.949000
c<B>r<95>R<LYS> -5.754000 -8.560000 -11.704000
c<B>r<96>R<GLU> -2.164000 -8.951000 -10.795000
c<B>r<99>R<GLY> 0.175000 -1.912000 -12.863000
c<B>r<100>R<PHE> 0.268000 -0.198000 -9.479000
c<B>r<101>R<GLY> 0.306000 3.157000 -11.140000
