c<A>r<47>R<SER> 54.904999 26.622000 29.691000
c<A>r<48>R<THR> 52.770000 28.299000 27.021999
c<A>r<49>R<ASN> 49.192001 29.598000 27.065001
c<A>r<162>R<GLU> 42.868999 41.299000 8.726000
c<A>r<165>R<THR> 38.769001 40.588001 12.008000
c<A>r<166>R<GLN> 38.609001 44.335999 11.410000
c<A>r<167>R<GLY> 42.320000 44.549999 12.211000
c<A>r<168>R<LYS> 42.573002 42.198002 15.198000
c<A>r<169>R<ILE> 44.561001 39.527000 13.350000
c<A>r<170>R<VAL> 47.334000 40.846001 11.092000
c<A>r<171>R<ASP> 50.150002 39.169998 9.167000
c<A>r<172>R<LEU> 48.883999 35.701000 10.103000
c<A>r<173>R<VAL> 50.777000 33.652000 7.508000
c<A>r<174>R<LYS> 54.513000 34.313000 7.814000
c<A>r<199>R<GLU> 32.710999 46.445999 38.030998
c<A>r<200>R<VAL> 35.726002 48.198002 36.487000
c<A>r<201>R<LYS> 36.368999 50.229000 39.645000
c<A>r<202>R<ASP> 36.987999 46.923000 41.435001
c<A>r<203>R<THR> 39.682999 45.730000 39.022999
c<A>r<204>R<GLU> 43.146999 46.077999 40.618000
c<A>r<205>R<GLU> 46.673000 44.660999 40.278999
c<A>r<206>R<GLU> 47.250999 41.306999 41.977001
c<A>r<207>R<ASP> 49.833000 38.515999 42.090000
c<A>r<208>R<PHE> 49.582001 35.470001 39.803001
c<A>r<210>R<VAL> 53.400002 30.972000 37.841999
c<A>r<214>R<THR> 57.250999 32.945999 41.863998
c<A>r<215>R<THR> 54.597000 35.604000 41.276001
c<A>r<216>R<VAL> 53.804001 38.255001 38.678001
c<A>r<217>R<LYS> 51.261002 41.091000 38.745998
c<A>r<218>R<VAL> 48.216999 41.185001 36.476002
c<A>r<219>R<PRO> 44.948002 43.133999 36.305000
c<A>r<220>R<MET> 42.466000 41.201000 38.436001
c<A>r<221>R<MET> 38.702000 41.525002 38.167000
c<A>r<289>R<PRO> 42.051998 37.969002 35.556999
c<A>r<290>R<LYS> 41.293999 40.525002 32.862000
c<A>r<291>R<LEU> 43.252998 39.227001 29.882000
c<A>r<292>R<SER> 43.778999 38.748001 26.194000
c<A>r<293>R<ILE> 45.431999 35.567001 24.955999
c<A>r<294>R<THR> 45.953999 34.087002 21.507999
c<A>r<295>R<GLY> 46.653999 30.653000 20.045000
c<A>r<296>R<THR> 48.284000 30.216000 16.621000
c<A>r<335>R<LYS> 44.384998 31.490000 15.025000
c<A>r<336>R<ALA> 42.061001 31.909000 18.013000
c<A>r<337>R<VAL> 41.817001 35.200001 19.900999
c<A>r<339>R<THR> 39.556000 38.789001 25.261000
c<A>r<340>R<ILE> 38.159000 38.592999 28.815001
c<A>r<341>R<ASP> 37.185001 41.771999 30.693001
c<A>r<342>R<GLU> 34.605000 43.292000 33.066002
c<A>r<343>R<LYS> 31.947001 43.875999 30.424000
c<A>r<344>R<GLY> 32.063000 42.909000 26.743000
c<A>r<345>R<THR> 30.733000 46.367001 25.899000
c<A>r<346>R<GLU> 30.349001 49.939999 27.122999
c<A>r<347>R<ALA> 26.604000 49.428001 26.721001
c<A>r<390>R<ASN> 50.611000 33.344002 32.604000
c<A>r<391>R<PRO> 48.148998 36.132999 31.826000
c<A>r<392>R<THR> 50.869999 38.622002 30.929001
c<A>r<393>R<GLN> 52.169998 36.236000 28.266001
c<A>r<394>R<LYS> 51.372002 37.208000 24.664000
c<B>r<89>R<ILE> 57.431999 42.480999 13.153000
c<B>r<90>R<VAL> 54.070000 43.775002 14.349000
c<B>r<91>R<HIS> 52.354000 41.639000 16.988001
c<B>r<92>R<PRO> 50.133999 39.037998 15.289000
c<B>r<93>R<SER> 47.082001 40.187000 17.212999
c<B>r<94>R<TYR> 47.602001 43.964001 16.951000
c<B>r<95>R<ASN> 44.319000 45.772999 16.427999
c<B>r<96>R<SER> 44.855999 49.339001 15.263000
c<B>r<97>R<ASN> 41.250000 50.275002 16.087000
c<B>r<98>R<THR> 41.411999 49.356998 19.778000
c<B>r<99>R<LEU> 45.203999 49.480000 20.150000
c<B>r<100>R<ASN> 45.075001 46.040001 21.750999
c<B>r<101>R<ASN> 48.519001 44.383999 21.507999
c<B>r<124>R<PRO> 60.360001 41.889000 32.938999
c<B>r<125>R<THR> 60.056000 38.652000 34.853001
c<B>r<127>R<SER> 56.869999 39.754002 36.601002
c<B>r<128>R<CYS> 54.316002 42.389999 35.870998
c<B>r<129>R<ALA> 54.730999 45.638000 37.736000
c<B>r<130>R<SER> 52.582001 46.713001 40.662998
c<B>r<132>R<ALA> 49.987999 49.465000 40.987999
c<B>r<133>R<GLY> 51.557999 52.456001 42.687000
c<B>r<162>R<ILE> 51.077000 52.965000 37.686001
c<B>r<163>R<LEU> 47.351002 53.459000 38.372002
c<B>r<164>R<SER> 44.942001 50.777000 39.569000
c<B>r<165>R<ASP> 43.148998 48.834000 36.845001
c<B>r<166>R<SER> 39.796001 50.056000 38.271999
c<B>r<167>R<SER> 40.981998 53.662998 38.026001
c<B>r<168>R<CYS> 42.174999 53.042000 34.472000
c<B>r<169>R<LYS> 38.907001 51.424000 33.424000
c<B>r<170>R<SER> 36.882999 54.258999 34.960999
c<B>r<171>R<ALA> 38.941002 56.783001 32.981998
c<B>r<172>R<TYR> 38.424999 54.881001 29.697001
c<B>r<173>R<PRO> 35.201000 52.875000 29.971001
c<B>r<174>R<GLY> 34.903999 49.981998 27.594999
c<B>r<175>R<GLN> 38.471001 50.448002 26.229000
c<B>r<176>R<ILE> 41.068001 48.998001 28.617001
c<B>r<177>R<THR> 42.118999 45.431000 27.930000
c<B>r<178>R<SER> 44.297001 43.109001 30.014000
c<B>r<179>R<ASN> 47.152000 44.141998 27.714001
c<B>r<180>R<MET> 47.075001 47.785999 28.843000
c<B>r<181>R<PHE> 47.742001 49.747002 31.979000
c<B>r<230>R<LYS> 51.651001 45.855000 29.176001
c<B>r<231>R<VAL> 55.026001 44.407001 28.158001
c<B>r<232>R<CYS> 55.026001 41.598999 30.722000
c<B>r<233>R<ASN> 52.277000 39.866001 28.688999
c<B>r<234>R<TYR> 54.554001 39.722000 25.625999
c<B>r<235>R<VAL> 57.847000 38.299999 26.936001
c<B>r<236>R<SER> 57.188999 34.826000 25.479000
c<B>r<237>R<TRP> 56.324001 36.255001 22.063999
c<B>r<238>R<ILE> 59.407001 38.491001 22.132000
