c<A>r<40>R<GLN> 48.313000 16.990999 22.253000
c<A>r<41>R<LEU> 49.139999 20.667999 22.691999
c<A>r<42>R<ALA> 49.533001 20.374001 26.464001
c<A>r<43>R<HIS> 52.041000 17.579000 25.877001
c<A>r<44>R<GLN> 54.257000 19.490999 23.440001
c<A>r<45>R<SER> 54.972000 22.028000 26.184999
c<A>r<46>R<ASN> 53.469002 23.097000 29.516001
c<A>r<47>R<SER> 54.904999 26.622000 29.691000
c<A>r<48>R<THR> 52.770000 28.299000 27.021999
c<A>r<49>R<ASN> 49.192001 29.598000 27.065001
c<A>r<50>R<ILE> 46.816002 27.412001 25.047001
c<A>r<51>R<PHE> 43.756001 28.679001 23.209000
c<A>r<52>R<PHE> 41.999001 27.132000 20.223000
c<A>r<149>R<ASP> 53.964001 35.240002 -6.807000
c<A>r<150>R<THR> 54.433998 33.991001 -3.239000
c<A>r<151>R<GLU> 54.685001 37.382999 -1.525000
c<A>r<169>R<ILE> 44.561001 39.527000 13.350000
c<A>r<170>R<VAL> 47.334000 40.846001 11.092000
c<A>r<171>R<ASP> 50.150002 39.169998 9.167000
c<A>r<172>R<LEU> 48.883999 35.701000 10.103000
c<A>r<173>R<VAL> 50.777000 33.652000 7.508000
c<A>r<174>R<LYS> 54.513000 34.313000 7.814000
c<A>r<175>R<GLU> 55.563000 32.150002 4.863000
c<A>r<176>R<LEU> 54.497002 29.764000 2.110000
c<A>r<177>R<ASP> 56.020000 26.610001 0.621000
c<A>r<178>R<ARG> 57.602001 27.021999 -2.820000
c<A>r<179>R<ASP> 55.077999 24.681000 -4.421000
c<A>r<180>R<THR> 52.005001 25.966999 -2.602000
c<A>r<185>R<VAL> 43.157001 29.815001 6.865000
c<A>r<210>R<VAL> 53.400002 30.972000 37.841999
c<A>r<211>R<ASP> 55.567001 28.802000 40.096001
c<A>r<214>R<THR> 57.250999 32.945999 41.863998
c<A>r<215>R<THR> 54.597000 35.604000 41.276001
c<A>r<293>R<ILE> 45.431999 35.567001 24.955999
c<A>r<294>R<THR> 45.953999 34.087002 21.507999
c<A>r<295>R<GLY> 46.653999 30.653000 20.045000
c<A>r<296>R<THR> 48.284000 30.216000 16.621000
c<A>r<297>R<TYR> 48.734001 26.702000 15.257000
c<A>r<298>R<ASP> 50.084000 24.938000 12.197000
c<A>r<299>R<LEU> 47.271000 22.455000 11.519000
c<A>r<300>R<LYS> 49.417999 20.329000 9.191000
c<A>r<301>R<SER> 51.692001 19.608999 12.141000
c<A>r<313>R<SER> 50.750999 14.922000 1.046000
c<A>r<314>R<ASN> 51.442001 14.161000 -2.607000
c<A>r<330>R<SER> 50.431999 22.601999 1.754000
c<A>r<331>R<LYS> 49.333000 25.250000 4.242000
c<A>r<332>R<ALA> 46.741001 25.212999 7.024000
c<A>r<333>R<VAL> 46.703999 27.749001 9.853000
c<A>r<334>R<HIS> 44.396000 28.429001 12.781000
c<A>r<335>R<LYS> 44.384998 31.490000 15.025000
c<A>r<336>R<ALA> 42.061001 31.909000 18.013000
c<A>r<386>R<GLY> 42.387001 26.679001 26.587000
c<A>r<387>R<LYS> 44.882999 27.000999 29.396000
c<A>r<388>R<VAL> 46.206001 30.166000 31.025999
c<A>r<389>R<VAL> 49.749001 29.645000 32.311001
c<A>r<390>R<ASN> 50.611000 33.344002 32.604000
c<A>r<392>R<THR> 50.869999 38.622002 30.929001
c<A>r<393>R<GLN> 52.169998 36.236000 28.266001
c<A>r<394>R<LYS> 51.372002 37.208000 24.664000
c<B>r<34>R<ASN> 56.091000 28.843000 21.091000
c<B>r<37>R<SER> 52.526001 28.615000 19.754000
c<B>r<38>R<GLY> 50.955002 27.594999 23.018999
c<B>r<39>R<TYR> 53.723000 25.021999 23.408001
c<B>r<40>R<HIS> 57.339001 24.709000 22.318001
c<B>r<41>R<PHE> 57.483002 23.483000 18.740000
c<B>r<56>R<ALA> 61.101002 27.049000 6.980000
c<B>r<57>R<HIS> 59.445000 23.774000 7.920000
c<B>r<58>R<CYS> 58.828999 25.395000 11.339000
c<B>r<59>R<TYR> 56.631001 28.091999 9.794000
c<B>r<60>R<LYS> 53.257000 28.795000 11.334000
c<B>r<61>R<SER> 51.262001 31.834000 12.275000
c<B>r<62>R<GLY> 51.077999 33.066002 15.843000
c<B>r<63>R<ILE> 54.688000 32.578999 16.906000
c<B>r<64>R<GLN> 56.002998 33.862000 20.209000
c<B>r<65>R<VAL> 59.786999 33.890999 20.445999
c<B>r<72>R<ASN> 63.803001 25.226999 31.614000
c<B>r<73>R<ILE> 61.028000 25.909000 29.049999
c<B>r<74>R<ASN> 58.314999 24.878000 31.562000
c<B>r<75>R<VAL> 59.305000 27.177000 34.436001
c<B>r<76>R<VAL> 59.745998 30.934000 34.493999
c<B>r<77>R<GLU> 63.306999 31.202000 36.000000
c<B>r<78>R<GLY> 63.823002 34.963001 35.674999
c<B>r<82>R<PHE> 58.905998 36.597000 25.500000
c<B>r<83>R<ILE> 58.382999 38.598999 22.319000
c<B>r<84>R<SER> 55.758999 37.995998 19.663000
c<B>r<85>R<ALA> 56.763000 37.737999 16.041000
c<B>r<86>R<SER> 55.557999 40.535000 13.733000
c<B>r<87>R<LYS> 56.395000 38.755001 10.478000
c<B>r<88>R<SER> 57.924999 35.566002 9.224000
c<B>r<89>R<ILE> 59.707001 35.234001 5.845000
c<B>r<90>R<VAL> 60.176998 31.761000 4.389000
c<B>r<91>R<HIS> 62.978001 31.437000 1.835000
c<B>r<92>R<PRO> 61.611000 32.125000 -1.663000
c<B>r<93>R<SER> 62.855000 28.789000 -2.953000
c<B>r<94>R<TYR> 61.863998 26.597000 0.015000
c<B>r<95>R<ASN> 60.568001 23.230000 -1.133000
c<B>r<96>R<SER> 58.745998 21.410000 1.647000
c<B>r<97>R<ASN> 58.902000 18.106001 -0.255000
c<B>r<99>R<LEU> 63.497002 20.386000 2.289000
c<B>r<100>R<ASN> 65.763000 22.294001 -0.084000
c<B>r<101>R<ASN> 66.304001 25.846001 1.239000
c<B>r<102>R<ASP> 64.883003 25.009001 4.692000
c<B>r<104>R<MET> 63.115002 31.261000 7.435000
c<B>r<105>R<LEU> 63.549999 34.612000 9.146000
c<B>r<106>R<ILE> 61.318001 35.728001 12.038000
c<B>r<107>R<LYS> 61.096001 39.415001 13.027000
c<B>r<142>R<GLY> 63.643002 18.052000 21.267000
c<B>r<151>R<TYR> 61.022999 15.626000 26.101000
c<B>r<152>R<PRO> 63.443001 17.504000 28.326000
c<B>r<153>R<ASP> 62.727001 20.613001 30.188000
c<B>r<193>R<GLY> 61.497002 19.341999 18.427000
