c<A>r<28>R<PRO> 30.237000 13.804000 21.801001
c<A>r<29>R<ASN> 32.664001 13.582000 18.875999
c<A>r<32>R<GLU> 36.504002 14.002000 22.134001
c<A>r<33>R<PHE> 38.296001 15.974000 19.407000
c<A>r<34>R<ALA> 38.698002 18.997000 21.673000
c<A>r<35>R<PHE> 40.375999 16.768999 24.271999
c<A>r<36>R<SER> 42.720001 14.820000 21.983000
c<A>r<37>R<LEU> 43.752998 18.183001 20.514000
c<A>r<38>R<TYR> 44.131001 19.787001 23.936001
c<A>r<39>R<ARG> 46.180000 16.926001 25.386000
c<A>r<40>R<GLN> 48.313000 16.990999 22.253000
c<A>r<41>R<LEU> 49.139999 20.667999 22.691999
c<A>r<42>R<ALA> 49.533001 20.374001 26.464001
c<A>r<43>R<HIS> 52.041000 17.579000 25.877001
c<A>r<70>R<ALA> 38.852001 7.171000 0.057000
c<A>r<71>R<ASP> 41.652000 6.936000 2.601000
c<A>r<72>R<THR> 42.372002 10.674000 2.321000
c<A>r<73>R<HIS> 38.748001 11.347000 3.215000
c<A>r<74>R<ASP> 38.506001 8.689000 5.902000
c<A>r<75>R<GLU> 41.659000 9.902000 7.661000
c<A>r<76>R<ILE> 40.130001 13.364000 8.048000
c<A>r<77>R<LEU> 36.852001 12.228000 9.614000
c<A>r<78>R<GLU> 38.594002 9.735000 11.911000
c<A>r<79>R<GLY> 41.117001 12.388000 12.953000
c<A>r<80>R<LEU> 38.078999 14.458000 13.955000
c<A>r<81>R<ASN> 37.098999 11.603000 16.253000
c<A>r<82>R<PHE> 34.257000 10.190000 14.148000
c<A>r<83>R<ASN> 33.966999 6.389000 13.923000
c<A>r<84>R<LEU> 32.783001 5.769000 10.363000
c<A>r<85>R<THR> 31.750999 2.203000 11.195000
c<A>r<86>R<GLU> 29.167000 3.596000 13.609000
c<A>r<232>R<CYS> 35.048000 19.040001 42.806000
c<A>r<233>R<LYS> 36.716999 16.165001 44.630001
c<A>r<234>R<LYS> 37.366001 14.119000 41.486000
c<A>r<235>R<LEU> 38.939999 16.950001 39.494999
c<A>r<236>R<SER> 40.730000 18.274000 42.576000
c<A>r<261>R<GLN> 47.993999 17.507999 35.362000
c<A>r<262>R<HIS> 45.419998 15.465000 37.282001
c<A>r<263>R<LEU> 42.735001 17.945000 36.238998
c<A>r<264>R<GLU> 43.759998 17.634001 32.591999
c<A>r<265>R<ASN> 43.701000 13.824000 32.652000
c<A>r<266>R<GLU> 40.403000 13.505000 34.521000
c<A>r<267>R<LEU> 38.306999 15.803000 32.311001
c<A>r<268>R<THR> 35.606998 14.071000 30.263000
c<A>r<269>R<HIS> 32.486000 15.005000 28.298000
c<A>r<270>R<ASP> 30.205999 13.326000 30.856001
c<A>r<271>R<ILE> 31.745001 15.339000 33.698002
c<A>r<301>R<SER> 51.692001 19.608999 12.141000
c<A>r<302>R<VAL> 49.039001 19.422001 14.858000
c<A>r<303>R<LEU> 46.398998 17.438999 12.956000
c<A>r<304>R<GLY> 49.284000 15.352000 11.625000
c<A>r<305>R<GLN> 49.810001 14.070000 15.170000
c<A>r<306>R<LEU> 46.112999 13.155000 15.156000
c<A>r<307>R<GLY> 46.493999 10.985000 12.059000
c<A>r<308>R<ILE> 45.473000 13.502000 9.370000
c<A>r<309>R<THR> 48.401001 13.266000 6.961000
c<A>r<310>R<LYS> 47.310001 12.306000 3.427000
c<B>r<16>R<ILE> 41.616001 5.831000 27.294001
c<B>r<17>R<VAL> 39.566002 8.376000 29.260000
c<B>r<18>R<GLY> 41.029999 11.803000 29.983999
c<B>r<19>R<GLY> 44.110001 11.305000 27.808001
c<B>r<20>R<TYR> 45.491001 12.869000 24.660999
c<B>r<21>R<THR> 46.089001 11.993000 21.004999
c<B>r<22>R<CYS> 49.491001 10.328000 20.958000
c<B>r<23>R<GLY> 50.516998 11.395000 17.466000
c<B>r<24>R<ALA> 50.952999 8.947000 14.613000
c<B>r<25>R<ASN> 53.465000 6.184000 15.246000
c<B>r<26>R<THR> 54.856998 7.806000 18.398001
c<B>r<70>R<GLU> 48.654999 1.746000 13.206000
c<B>r<71>R<ASP> 47.433998 5.200000 14.018000
c<B>r<72>R<ASN> 43.889999 5.467000 12.617000
c<B>r<73>R<ILE> 42.639000 1.852000 12.947000
c<B>r<74>R<ASN> 39.803001 2.500000 10.441000
c<B>r<75>R<VAL> 41.895000 3.879000 7.569000
c<B>r<76>R<VAL> 44.863998 2.359000 5.782000
c<B>r<77>R<GLU> 47.424999 5.251000 6.087000
c<B>r<78>R<GLY> 50.480000 3.514000 4.614000
c<B>r<144>R<THR> 37.169998 7.532000 25.792000
c<B>r<145>R<LYS> 34.138000 8.047000 28.113001
c<B>r<146>R<SER> 33.777000 7.258000 31.837000
c<B>r<147>R<SER> 29.992001 7.348000 31.370001
c<B>r<148>R<GLY> 28.782000 6.020000 28.090000
c<B>r<149>R<THR> 30.632999 5.014000 25.013000
c<B>r<150>R<SER> 32.778999 6.570000 22.283001
c<B>r<151>R<TYR> 35.581001 4.821000 20.417000
c<B>r<152>R<PRO> 38.428001 6.776000 18.865000
c<B>r<153>R<ASP> 39.980000 6.124000 15.577000
c<B>r<154>R<VAL> 43.504002 7.327000 16.371000
c<B>r<155>R<LEU> 45.701000 6.056000 19.184999
c<B>r<156>R<LYS> 45.181999 7.698000 22.577999
c<B>r<157>R<CYS> 47.743000 8.131000 25.334999
c<B>r<158>R<LEU> 47.678001 8.744000 29.097000
c<B>r<159>R<LYS> 50.470001 9.630000 31.516001
c<B>r<160>R<ALA> 49.662998 8.040000 34.859001
c<B>r<184>R<TYR> 44.261002 8.882000 39.630001
c<B>r<184>i<A>R<GLY> 46.148998 6.319000 37.636002
c<B>r<185>R<LEU> 42.112000 8.273000 42.723999
c<B>r<186>R<GLU> 40.105000 11.406000 41.935001
c<B>r<187>R<GLY> 38.859001 9.864000 38.750000
c<B>r<188>R<LYS> 41.824001 9.620000 33.750000
c<B>r<188>i<A>R<GLY> 38.707001 11.225000 35.235001
c<B>r<189>R<ASP> 42.150002 5.875000 33.117001
c<B>r<221>R<GLN> 35.722000 6.308000 38.521999
c<B>r<221>i<A>R<ALA> 37.993999 6.739000 35.542000
c<B>r<222>R<LYS> 36.702000 7.819000 41.842999
c<B>r<223>R<ASN> 38.723000 5.518000 44.048000
