c<A>r<36>R<SER> 42.720001 14.820000 21.983000
c<A>r<37>R<LEU> 43.752998 18.183001 20.514000
c<A>r<38>R<TYR> 44.131001 19.787001 23.936001
c<A>r<39>R<ARG> 46.180000 16.926001 25.386000
c<A>r<40>R<GLN> 48.313000 16.990999 22.253000
c<A>r<41>R<LEU> 49.139999 20.667999 22.691999
c<A>r<42>R<ALA> 49.533001 20.374001 26.464001
c<A>r<43>R<HIS> 52.041000 17.579000 25.877001
c<A>r<44>R<GLN> 54.257000 19.490999 23.440001
c<A>r<45>R<SER> 54.972000 22.028000 26.184999
c<A>r<46>R<ASN> 53.469002 23.097000 29.516001
c<A>r<47>R<SER> 54.904999 26.622000 29.691000
c<A>r<48>R<THR> 52.770000 28.299000 27.021999
c<A>r<209>R<HIS> 51.571999 32.390999 40.865002
c<A>r<210>R<VAL> 53.400002 30.972000 37.841999
c<A>r<211>R<ASP> 55.567001 28.802000 40.096001
c<A>r<212>R<GLN> 54.971001 27.752001 43.723000
c<A>r<213>R<VAL> 57.632000 30.329000 44.606998
c<A>r<214>R<THR> 57.250999 32.945999 41.863998
c<A>r<215>R<THR> 54.597000 35.604000 41.276001
c<A>r<235>R<LEU> 38.939999 16.950001 39.494999
c<A>r<257>R<GLU> 48.084999 22.693001 44.612000
c<A>r<258>R<GLY> 49.918999 20.365000 42.224998
c<A>r<259>R<LYS> 46.759998 19.042999 40.549999
c<A>r<261>R<GLN> 47.993999 17.507999 35.362000
c<A>r<262>R<HIS> 45.419998 15.465000 37.282001
c<A>r<263>R<LEU> 42.735001 17.945000 36.238998
c<A>r<264>R<GLU> 43.759998 17.634001 32.591999
c<A>r<265>R<ASN> 43.701000 13.824000 32.652000
c<A>r<266>R<GLU> 40.403000 13.505000 34.521000
c<A>r<267>R<LEU> 38.306999 15.803000 32.311001
c<A>r<268>R<THR> 35.606998 14.071000 30.263000
c<A>r<296>R<THR> 48.284000 30.216000 16.621000
c<A>r<297>R<TYR> 48.734001 26.702000 15.257000
c<A>r<298>R<ASP> 50.084000 24.938000 12.197000
c<A>r<300>R<LYS> 49.417999 20.329000 9.191000
c<A>r<301>R<SER> 51.692001 19.608999 12.141000
c<A>r<302>R<VAL> 49.039001 19.422001 14.858000
c<A>r<303>R<LEU> 46.398998 17.438999 12.956000
c<A>r<304>R<GLY> 49.284000 15.352000 11.625000
c<A>r<305>R<GLN> 49.810001 14.070000 15.170000
c<A>r<306>R<LEU> 46.112999 13.155000 15.156000
c<A>r<307>R<GLY> 46.493999 10.985000 12.059000
c<A>r<308>R<ILE> 45.473000 13.502000 9.370000
c<A>r<309>R<THR> 48.401001 13.266000 6.961000
c<A>r<310>R<LYS> 47.310001 12.306000 3.427000
c<A>r<312>R<PHE> 48.671001 17.271999 3.210000
c<A>r<313>R<SER> 50.750999 14.922000 1.046000
c<B>r<34>R<ASN> 60.408001 21.892000 41.505001
c<B>r<37>R<SER> 58.619999 25.260000 41.416000
c<B>r<38>R<GLY> 56.512001 24.657000 44.476002
c<B>r<39>R<TYR> 55.638000 21.243999 43.051998
c<B>r<40>R<HIS> 57.325001 18.707001 40.798000
c<B>r<41>R<PHE> 56.842999 19.708000 37.179001
c<B>r<42>R<CYS> 59.578999 18.061001 35.060001
c<B>r<55>R<ALA> 63.701000 19.870001 27.948000
c<B>r<56>R<ALA> 63.326000 23.476000 26.792999
c<B>r<57>R<HIS> 59.567001 23.089001 27.073000
c<B>r<58>R<CYS> 60.174999 22.695000 30.837000
c<B>r<59>R<TYR> 61.598999 26.216000 31.094000
c<B>r<60>R<LYS> 60.305000 28.511999 33.797001
c<B>r<61>R<SER> 61.778999 30.893000 36.299000
c<B>r<62>R<GLY> 62.248001 29.931000 39.923000
c<B>r<63>R<ILE> 63.485001 26.367001 39.515999
c<B>r<64>R<GLN> 64.780998 24.341999 42.431999
c<B>r<96>R<SER> 58.064999 25.521000 20.969000
c<B>r<97>R<ASN> 55.578999 24.941000 18.132999
c<B>r<98>R<THR> 57.396999 21.976999 16.583000
c<B>r<99>R<LEU> 59.469002 21.018000 19.636000
c<B>r<102>R<ASP> 63.784000 20.659000 22.850000
c<B>r<142>R<GLY> 54.919998 11.488000 35.577000
c<B>r<143>R<ASN> 51.442001 10.083000 35.115002
c<B>r<145>R<LYS> 47.821999 6.058000 33.341000
c<B>r<146>R<SER> 47.196999 6.058000 29.569000
c<B>r<147>R<SER> 43.573002 7.005000 30.287001
c<B>r<148>R<GLY> 43.095001 9.288000 33.209999
c<B>r<149>R<THR> 45.480999 10.471000 35.819000
c<B>r<150>R<SER> 47.542000 9.089000 38.703999
c<B>r<151>R<TYR> 50.868000 10.469000 39.897999
c<B>r<170>R<SER> 55.160999 6.999000 9.820000
c<B>r<171>R<ALA> 53.744999 7.427000 13.333000
c<B>r<172>R<TYR> 54.081001 11.240000 13.184000
c<B>r<173>R<PRO> 53.987000 12.308000 9.532000
c<B>r<174>R<GLY> 55.473999 15.679000 8.806000
c<B>r<175>R<GLN> 56.679001 16.174999 12.427000
c<B>r<176>R<ILE> 59.893002 14.233000 13.093000
c<B>r<191>R<CYS> 53.769001 10.644000 30.072001
c<B>r<192>R<GLN> 52.925999 14.078000 31.433001
c<B>r<193>R<GLY> 55.345001 14.990000 34.202000
c<B>r<195>R<SER> 59.146999 15.668000 30.424999
c<B>r<214>R<SER> 59.970001 15.570000 24.804001
c<B>r<215>R<TRP> 56.523998 14.883000 23.287001
c<B>r<216>R<GLY> 54.049000 12.462000 21.771999
c<B>r<217>R<SER> 50.293999 12.161000 21.289000
c<B>r<219>R<GLY> 48.970001 11.198000 24.643000
c<B>r<220>R<CYS> 50.728001 8.361000 26.518000
c<B>r<223>R<ASN> 50.890999 3.754000 17.014000
c<B>r<224>R<LYS> 51.969002 6.882000 18.948999
