c<A>r<28>R<PRO> 30.237000 13.804000 21.801001
c<A>r<29>R<ASN> 32.664001 13.582000 18.875999
c<A>r<30>R<LEU> 33.615002 17.270000 18.992001
c<A>r<31>R<ALA> 34.237000 16.990999 22.750999
c<A>r<32>R<GLU> 36.504002 14.002000 22.134001
c<A>r<33>R<PHE> 38.296001 15.974000 19.407000
c<A>r<34>R<ALA> 38.698002 18.997000 21.673000
c<A>r<35>R<PHE> 40.375999 16.768999 24.271999
c<A>r<36>R<SER> 42.720001 14.820000 21.983000
c<A>r<37>R<LEU> 43.752998 18.183001 20.514000
c<A>r<38>R<TYR> 44.131001 19.787001 23.936001
c<A>r<39>R<ARG> 46.180000 16.926001 25.386000
c<A>r<40>R<GLN> 48.313000 16.990999 22.253000
c<A>r<41>R<LEU> 49.139999 20.667999 22.691999
c<A>r<42>R<ALA> 49.533001 20.374001 26.464001
c<A>r<43>R<HIS> 52.041000 17.579000 25.877001
c<A>r<44>R<GLN> 54.257000 19.490999 23.440001
c<A>r<45>R<SER> 54.972000 22.028000 26.184999
c<A>r<46>R<ASN> 53.469002 23.097000 29.516001
c<A>r<71>R<ASP> 41.652000 6.936000 2.601000
c<A>r<72>R<THR> 42.372002 10.674000 2.321000
c<A>r<74>R<ASP> 38.506001 8.689000 5.902000
c<A>r<75>R<GLU> 41.659000 9.902000 7.661000
c<A>r<76>R<ILE> 40.130001 13.364000 8.048000
c<A>r<77>R<LEU> 36.852001 12.228000 9.614000
c<A>r<78>R<GLU> 38.594002 9.735000 11.911000
c<A>r<79>R<GLY> 41.117001 12.388000 12.953000
c<A>r<80>R<LEU> 38.078999 14.458000 13.955000
c<A>r<81>R<ASN> 37.098999 11.603000 16.253000
c<A>r<82>R<PHE> 34.257000 10.190000 14.148000
c<A>r<83>R<ASN> 33.966999 6.389000 13.923000
c<A>r<84>R<LEU> 32.783001 5.769000 10.363000
c<A>r<85>R<THR> 31.750999 2.203000 11.195000
c<A>r<86>R<GLU> 29.167000 3.596000 13.609000
c<A>r<262>R<HIS> 45.419998 15.465000 37.282001
c<A>r<263>R<LEU> 42.735001 17.945000 36.238998
c<A>r<264>R<GLU> 43.759998 17.634001 32.591999
c<A>r<265>R<ASN> 43.701000 13.824000 32.652000
c<A>r<266>R<GLU> 40.403000 13.505000 34.521000
c<A>r<267>R<LEU> 38.306999 15.803000 32.311001
c<A>r<268>R<THR> 35.606998 14.071000 30.263000
c<A>r<269>R<HIS> 32.486000 15.005000 28.298000
c<A>r<300>R<LYS> 49.417999 20.329000 9.191000
c<A>r<301>R<SER> 51.692001 19.608999 12.141000
c<A>r<302>R<VAL> 49.039001 19.422001 14.858000
c<A>r<303>R<LEU> 46.398998 17.438999 12.956000
c<A>r<304>R<GLY> 49.284000 15.352000 11.625000
c<A>r<305>R<GLN> 49.810001 14.070000 15.170000
c<A>r<306>R<LEU> 46.112999 13.155000 15.156000
c<A>r<307>R<GLY> 46.493999 10.985000 12.059000
c<A>r<308>R<ILE> 45.473000 13.502000 9.370000
c<A>r<309>R<THR> 48.401001 13.266000 6.961000
c<A>r<310>R<LYS> 47.310001 12.306000 3.427000
c<A>r<311>R<VAL> 45.370998 15.478000 2.608000
c<A>r<312>R<PHE> 48.671001 17.271999 3.210000
c<A>r<313>R<SER> 50.750999 14.922000 1.046000
c<A>r<314>R<ASN> 51.442001 14.161000 -2.607000
c<A>r<315>R<GLY> 49.112000 11.161000 -2.350000
c<A>r<316>R<ALA> 46.174999 13.426000 -1.512000
c<B>r<25>R<ASN> 43.289001 5.461000 32.917999
c<B>r<26>R<THR> 46.180000 7.432000 34.422001
c<B>r<27>R<VAL> 48.311001 6.396000 31.407000
c<B>r<28>R<PRO> 45.729000 7.271000 28.737000
c<B>r<46>R<LEU> 48.721001 6.236000 20.966000
c<B>r<47>R<ILE> 50.462002 9.148000 19.159000
c<B>r<48>R<ASN> 47.331001 10.631000 17.483000
c<B>r<49>R<SER> 43.764999 9.494000 16.882999
c<B>r<50>R<GLN> 44.768002 7.088000 14.084000
c<B>r<51>R<TRP> 48.250999 5.784000 14.940000
c<B>r<52>R<VAL> 50.013000 3.639000 17.524000
c<B>r<83>R<ILE> 39.598000 -0.780000 17.014999
c<B>r<107>R<LYS> 47.136002 2.424000 11.792000
c<B>r<108>R<LEU> 43.646999 2.181000 13.230000
c<B>r<109>R<LYS> 40.780998 1.363000 10.858000
c<B>r<110>R<SER> 38.800999 4.268000 12.376000
c<B>r<111>R<ALA> 39.956001 7.187000 14.468000
c<B>r<112>R<ALA> 39.861000 6.828000 18.215000
c<B>r<113>R<SER> 37.606998 9.225000 20.160000
c<B>r<114>R<LEU> 40.008999 11.212000 22.260000
c<B>r<115>R<ASN> 38.806999 11.921000 25.823999
c<B>r<116>R<SER> 40.191002 12.022000 29.327999
c<B>r<117>R<ARG> 40.792999 8.261000 29.278000
c<B>r<118>R<VAL> 42.075001 7.935000 25.694000
c<B>r<119>R<ALA> 44.726002 10.485000 24.813000
c<B>r<120>R<SER> 47.756001 10.773000 22.628000
c<B>r<121>R<ILE> 51.368000 11.152000 23.836000
c<B>r<122>R<SER> 53.686001 13.667000 22.181999
c<B>r<123>R<LEU> 56.723999 12.660000 20.198999
c<B>r<124>R<PRO> 60.018002 14.086000 21.417000
c<B>r<125>R<THR> 61.756001 17.166000 20.101999
c<B>r<202>R<SER> 59.148998 14.697000 30.688999
c<B>r<203>R<GLY> 55.783001 14.040000 29.004000
c<B>r<204>R<LYS> 57.254002 12.727000 25.736000
c<B>r<238>R<ILE> 57.221001 8.547000 11.891000
c<B>r<239>R<LYS> 56.154999 11.927000 10.561000
c<B>r<240>R<GLN> 56.876999 11.069000 6.947000
c<B>r<241>R<THR> 55.137001 7.707000 7.238000
c<B>r<242>R<ILE> 51.956001 9.043000 8.797000
c<B>r<243>R<ALA> 51.862999 11.832000 6.151000
c<B>r<244>R<SER> 51.589001 9.188000 3.397000
c<B>r<245>R<ASN> 49.588001 6.344000 4.909000
