c<A>r<25>R<LYS> 24.530001 14.008000 17.472000
c<A>r<26>R<ILE> 28.103001 15.139000 16.823999
c<A>r<27>R<THR> 28.653000 16.858000 20.180000
c<A>r<28>R<PRO> 30.237000 13.804000 21.801001
c<A>r<29>R<ASN> 32.664001 13.582000 18.875999
c<A>r<30>R<LEU> 33.615002 17.270000 18.992001
c<A>r<31>R<ALA> 34.237000 16.990999 22.750999
c<A>r<32>R<GLU> 36.504002 14.002000 22.134001
c<A>r<33>R<PHE> 38.296001 15.974000 19.407000
c<A>r<34>R<ALA> 38.698002 18.997000 21.673000
c<A>r<35>R<PHE> 40.375999 16.768999 24.271999
c<A>r<36>R<SER> 42.720001 14.820000 21.983000
c<A>r<38>R<TYR> 44.131001 19.787001 23.936001
c<A>r<39>R<ARG> 46.180000 16.926001 25.386000
c<A>r<40>R<GLN> 48.313000 16.990999 22.253000
c<A>r<42>R<ALA> 49.533001 20.374001 26.464001
c<A>r<43>R<HIS> 52.041000 17.579000 25.877001
c<A>r<74>R<ASP> 38.506001 8.689000 5.902000
c<A>r<75>R<GLU> 41.659000 9.902000 7.661000
c<A>r<76>R<ILE> 40.130001 13.364000 8.048000
c<A>r<77>R<LEU> 36.852001 12.228000 9.614000
c<A>r<78>R<GLU> 38.594002 9.735000 11.911000
c<A>r<79>R<GLY> 41.117001 12.388000 12.953000
c<A>r<80>R<LEU> 38.078999 14.458000 13.955000
c<A>r<81>R<ASN> 37.098999 11.603000 16.253000
c<A>r<82>R<PHE> 34.257000 10.190000 14.148000
c<A>r<83>R<ASN> 33.966999 6.389000 13.923000
c<A>r<84>R<LEU> 32.783001 5.769000 10.363000
c<A>r<85>R<THR> 31.750999 2.203000 11.195000
c<A>r<86>R<GLU> 29.167000 3.596000 13.609000
c<A>r<87>R<ILE> 27.999001 7.003000 12.361000
c<A>r<88>R<PRO> 26.802000 7.645000 8.808000
c<A>r<92>R<ILE> 28.097000 14.086000 10.352000
c<A>r<234>R<LYS> 37.366001 14.119000 41.486000
c<A>r<261>R<GLN> 47.993999 17.507999 35.362000
c<A>r<262>R<HIS> 45.419998 15.465000 37.282001
c<A>r<264>R<GLU> 43.759998 17.634001 32.591999
c<A>r<265>R<ASN> 43.701000 13.824000 32.652000
c<A>r<266>R<GLU> 40.403000 13.505000 34.521000
c<A>r<267>R<LEU> 38.306999 15.803000 32.311001
c<A>r<268>R<THR> 35.606998 14.071000 30.263000
c<A>r<269>R<HIS> 32.486000 15.005000 28.298000
c<A>r<270>R<ASP> 30.205999 13.326000 30.856001
c<A>r<271>R<ILE> 31.745001 15.339000 33.698002
c<A>r<305>R<GLN> 49.810001 14.070000 15.170000
c<A>r<306>R<LEU> 46.112999 13.155000 15.156000
c<A>r<307>R<GLY> 46.493999 10.985000 12.059000
c<A>r<308>R<ILE> 45.473000 13.502000 9.370000
c<A>r<309>R<THR> 48.401001 13.266000 6.961000
c<B>r<18>R<GLY> 41.587002 5.995000 37.056000
c<B>r<19>R<GLY> 37.880001 5.212000 37.405998
c<B>r<20>R<TYR> 35.337002 5.312000 40.193001
c<B>r<124>R<PRO> 23.226999 -2.081000 19.098000
c<B>r<125>R<THR> 21.259001 -1.178000 16.007999
c<B>r<127>R<SER> 23.985001 1.123000 14.703000
c<B>r<128>R<CYS> 27.639999 1.452000 15.434000
c<B>r<129>R<ALA> 28.584000 4.134000 17.906000
c<B>r<130>R<SER> 30.165001 7.445000 16.969000
c<B>r<132>R<ALA> 33.653000 8.816000 17.575001
c<B>r<133>R<GLY> 33.568001 11.152000 20.548000
c<B>r<134>R<THR> 30.684000 9.393000 22.315001
c<B>r<135>R<GLN> 31.260000 8.898000 26.046000
c<B>r<136>R<CYS> 30.826000 5.274000 27.042999
c<B>r<137>R<LEU> 30.735001 3.370000 30.339001
c<B>r<159>R<LYS> 33.601002 7.045000 31.461000
c<B>r<160>R<ALA> 35.702000 7.149000 28.311001
c<B>r<161>R<PRO> 35.166000 8.503000 24.771000
c<B>r<162>R<ILE> 35.473999 6.591000 21.584000
c<B>r<163>R<LEU> 38.571999 7.757000 19.677000
c<B>r<164>R<SER> 38.778000 8.349000 15.931000
c<B>r<165>R<ASP> 39.860001 5.367000 13.845000
c<B>r<166>R<SER> 42.863998 7.413000 12.596000
c<B>r<167>R<SER> 43.903999 8.117000 16.188000
c<B>r<168>R<CYS> 43.493000 4.437000 17.042000
c<B>r<169>R<LYS> 45.521000 3.290000 14.047000
c<B>r<170>R<SER> 48.292000 5.781000 14.830000
c<B>r<171>R<ALA> 48.479000 4.434000 18.389999
c<B>r<178>R<SER> 37.562000 -2.919000 11.232000
c<B>r<179>R<ASN> 36.386002 -5.086000 14.135000
c<B>r<180>R<MET> 38.123001 -2.939000 16.768000
c<B>r<181>R<PHE> 37.856998 0.551000 18.136000
c<B>r<182>R<CYS> 39.844002 2.534000 20.676001
c<B>r<183>R<ALA> 38.353001 4.345000 23.653999
c<B>r<184>R<TYR> 42.596001 8.958000 26.945999
c<B>r<184>i<A>R<GLY> 40.035999 6.253000 26.457001
c<B>r<185>R<LEU> 45.825001 9.465000 24.976000
c<B>r<186>R<GLU> 47.348999 11.269000 27.955999
c<B>r<187>R<GLY> 47.161999 8.135000 30.010000
c<B>r<188>R<LYS> 42.400002 6.166000 32.710999
c<B>r<188>i<A>R<GLY> 45.862000 7.538000 33.500999
c<B>r<210>R<GLN> 29.037001 -1.345000 21.743000
c<B>r<230>R<LYS> 33.313000 -3.640000 17.847000
c<B>r<232>R<CYS> 27.924000 -3.748000 16.163000
c<B>r<233>R<ASN> 29.716999 -5.917000 13.560000
