c<A>r<199>R<GLU> 32.710999 46.445999 38.030998
c<A>r<201>R<LYS> 36.368999 50.229000 39.645000
c<A>r<202>R<ASP> 36.987999 46.923000 41.435001
c<A>r<222>R<LYS> 36.761002 40.881001 41.362000
c<A>r<223>R<ARG> 33.191002 40.606998 42.566002
c<A>r<224>R<LEU> 31.139999 39.401001 45.507000
c<A>r<225>R<GLY> 27.945000 37.651001 44.410999
c<A>r<226>R<MET> 26.077000 34.403000 43.838001
c<A>r<280>R<ASP> 22.950001 26.014000 41.936001
c<A>r<281>R<ARG> 24.591000 29.229000 43.084000
c<A>r<283>R<SER> 28.090000 33.354000 47.511002
c<A>r<284>R<ALA> 31.790001 33.796001 46.834000
c<A>r<285>R<SER> 34.402000 36.522999 46.403999
c<A>r<353>R<LEU> 19.851999 42.231998 42.297001
c<A>r<354>R<GLU> 21.360001 39.073002 43.796001
c<A>r<355>R<ALA> 20.535999 38.040001 47.374001
c<A>r<356>R<ILE> 23.895000 37.507999 49.078999
c<A>r<357>R<PRO> 23.910000 35.879002 52.513000
c<A>r<358>R<MET> 25.719000 37.370998 55.500000
c<A>r<359>R<SER> 27.976999 34.337002 55.993000
c<A>r<360>R<ILE> 31.679001 34.345001 55.125000
c<A>r<361>R<PRO> 31.955000 33.737999 51.383999
c<A>r<362>R<PRO> 34.834999 31.656000 50.060001
c<A>r<363>R<GLU> 37.583000 33.602001 48.290001
c<B>r<16>R<ILE> 29.767000 43.750999 59.117001
c<B>r<33>R<LEU> 35.118999 28.632000 62.443001
c<B>r<39>R<TYR> 40.914001 30.068001 56.919998
c<B>r<40>R<HIS> 38.068001 31.837999 58.687000
c<B>r<41>R<PHE> 34.797001 30.999001 56.976002
c<B>r<42>R<CYS> 31.920000 31.577000 59.443001
c<B>r<43>R<GLY> 31.080000 32.734001 62.919998
c<B>r<55>R<ALA> 24.257000 28.347000 60.738998
c<B>r<57>R<HIS> 24.743999 26.716000 55.708000
c<B>r<58>R<CYS> 28.188999 26.945000 57.373001
c<B>r<97>R<ASN> 17.271999 26.181000 49.141998
c<B>r<99>R<LEU> 17.374001 28.566999 54.345001
c<B>r<140>R<GLY> 31.676001 39.015999 62.993000
c<B>r<141>R<TRP> 34.750000 39.067001 60.779999
c<B>r<142>R<GLY> 32.848999 39.352001 57.480000
c<B>r<143>R<ASN> 33.091000 41.851002 54.654999
c<B>r<146>R<SER> 28.337000 46.986000 50.653999
c<B>r<147>R<SER> 30.000999 47.345001 47.240002
c<B>r<148>R<GLY> 33.175999 45.411999 46.828999
c<B>r<149>R<THR> 35.244999 43.532001 49.297001
c<B>r<151>R<TYR> 37.884998 41.768002 55.259998
c<B>r<172>R<TYR> 11.416000 39.483002 50.936001
c<B>r<189>R<ASP> 24.202000 45.105999 57.936001
c<B>r<190>R<SER> 25.902000 41.758999 58.320000
c<B>r<191>R<CYS> 27.724001 40.443001 55.266998
c<B>r<192>R<GLN> 29.601999 37.527000 53.742001
c<B>r<193>R<GLY> 31.788000 35.891998 56.368999
c<B>r<194>R<ASP> 29.532000 36.922001 59.265999
c<B>r<195>R<SER> 27.301001 33.893002 58.615002
c<B>r<196>R<GLY> 26.665001 31.707001 61.594002
c<B>r<197>R<GLY> 27.496000 34.431999 64.082001
c<B>r<212>R<ILE> 22.066000 33.566002 63.792999
c<B>r<213>R<VAL> 23.455000 35.450001 60.771999
c<B>r<214>R<SER> 21.667999 33.606998 57.923000
c<B>r<215>R<TRP> 20.961000 35.401001 54.617001
c<B>r<216>R<GLY> 19.839001 38.493999 52.757999
c<B>r<217>R<SER> 20.243999 40.049999 49.318001
c<B>r<219>R<GLY> 23.698000 41.465000 49.305000
c<B>r<220>R<CYS> 24.785999 43.563999 52.316002
c<B>r<221>R<GLN> 21.330000 47.442001 50.384998
c<B>r<224>R<LYS> 17.028999 44.398998 51.943001
c<B>r<226>R<GLY> 19.556999 40.997002 57.060001
c<B>r<227>R<VAL> 17.587999 37.810001 57.714001
c<B>r<228>R<TYR> 18.407000 35.799000 60.841000
