c<A>r<23>R<PHE> 22.424000 18.346001 22.546000
c<A>r<225>R<GLY> 27.945000 37.651001 44.410999
c<A>r<226>R<MET> 26.077000 34.403000 43.838001
c<A>r<227>R<PHE> 28.098000 32.230000 41.485001
c<A>r<228>R<ASN> 27.625999 28.792000 40.009998
c<A>r<229>R<ILE> 30.850000 27.610001 41.562000
c<A>r<230>R<GLN> 31.934000 24.542999 43.492001
c<A>r<231>R<HIS> 34.901001 22.437000 44.536999
c<A>r<232>R<CYS> 35.048000 19.040001 42.806000
c<A>r<233>R<LYS> 36.716999 16.165001 44.630001
c<A>r<234>R<LYS> 37.366001 14.119000 41.486000
c<A>r<269>R<HIS> 32.486000 15.005000 28.298000
c<A>r<270>R<ASP> 30.205999 13.326000 30.856001
c<A>r<271>R<ILE> 31.745001 15.339000 33.698002
c<A>r<272>R<ILE> 31.259001 18.575001 31.740999
c<A>r<273>R<THR> 27.645000 17.775999 30.823999
c<A>r<274>R<LYS> 26.931999 17.284000 34.525002
c<A>r<275>R<PHE> 28.386000 20.687000 35.382000
c<A>r<276>R<LEU> 26.231001 22.360001 32.737999
c<A>r<277>R<GLU> 23.139000 20.695999 34.214001
c<A>r<278>R<ASN> 23.771999 22.191999 37.667000
c<A>r<279>R<GLU> 22.195999 25.603001 38.236000
c<A>r<280>R<ASP> 22.950001 26.014000 41.936001
c<A>r<281>R<ARG> 24.591000 29.229000 43.084000
c<A>r<282>R<ARG> 26.427000 30.169001 46.276001
c<A>r<283>R<SER> 28.090000 33.354000 47.511002
c<A>r<284>R<ALA> 31.790001 33.796001 46.834000
c<A>r<285>R<SER> 34.402000 36.522999 46.403999
c<A>r<354>R<GLU> 21.360001 39.073002 43.796001
c<A>r<355>R<ALA> 20.535999 38.040001 47.374001
c<A>r<356>R<ILE> 23.895000 37.507999 49.078999
c<A>r<357>R<PRO> 23.910000 35.879002 52.513000
c<A>r<358>R<MET> 25.719000 37.370998 55.500000
c<A>r<359>R<SER> 27.976999 34.337002 55.993000
c<A>r<360>R<ILE> 31.679001 34.345001 55.125000
c<A>r<361>R<PRO> 31.955000 33.737999 51.383999
c<A>r<362>R<PRO> 34.834999 31.656000 50.060001
c<A>r<363>R<GLU> 37.583000 33.602001 48.290001
c<A>r<364>R<VAL> 38.148998 31.853001 44.935001
c<A>r<377>R<GLN> 24.264999 26.330999 25.086000
c<A>r<378>R<ASN> 21.969000 24.825001 22.438000
c<B>r<37>R<SER> 31.636999 7.802000 40.400002
c<B>r<38>R<GLY> 34.897999 7.527000 42.261002
c<B>r<39>R<TYR> 33.606998 10.169000 44.667000
c<B>r<40>R<HIS> 30.221001 11.262000 45.969002
c<B>r<41>R<PHE> 28.580999 13.569000 43.453999
c<B>r<55>R<ALA> 17.893000 14.599000 39.334000
c<B>r<56>R<ALA> 18.507999 14.404000 35.584999
c<B>r<57>R<HIS> 21.261000 16.976000 35.984001
c<B>r<58>R<CYS> 23.084000 14.290000 38.022999
c<B>r<59>R<TYR> 23.275999 11.969000 35.009998
c<B>r<60>R<LYS> 26.593000 10.396000 34.132000
c<B>r<61>R<SER> 27.826000 6.991000 33.139000
c<B>r<62>R<GLY> 29.490999 4.677000 35.620998
c<B>r<95>R<ASN> 15.776000 20.500999 29.580999
c<B>r<96>R<SER> 19.211000 21.101999 31.065001
c<B>r<97>R<ASN> 19.028000 24.830000 30.277000
c<B>r<98>R<THR> 15.864000 25.525999 32.275002
c<B>r<99>R<LEU> 16.021000 22.455999 34.530998
c<B>r<102>R<ASP> 14.852000 17.521000 36.362000
c<B>r<143>R<ASN> 28.275000 21.827999 51.054001
c<B>r<145>R<LYS> 28.548000 26.811001 53.801998
c<B>r<146>R<SER> 26.615000 29.645000 52.113998
c<B>r<147>R<SER> 29.945999 31.405001 51.516998
c<B>r<148>R<GLY> 32.813999 29.125999 50.762001
c<B>r<149>R<THR> 33.104000 25.410999 50.908001
c<B>r<150>R<SER> 33.036999 22.596001 53.466999
c<B>r<151>R<TYR> 31.820000 19.061001 52.825001
c<B>r<171>R<ALA> 12.089000 34.945999 43.792000
c<B>r<185>R<LEU> 13.500000 33.768002 52.297001
c<B>r<186>R<GLU> 15.689000 35.238998 55.035999
c<B>r<187>R<GLY> 18.523001 32.987000 54.049000
c<B>r<188>i<A>R<GLY> 20.764999 30.775999 56.125999
c<B>r<190>R<SER> 20.302000 22.691999 50.155998
c<B>r<191>R<CYS> 23.594000 23.226000 48.353001
c<B>r<192>R<GLN> 26.080999 21.813999 45.868000
c<B>r<193>R<GLY> 26.368000 18.063999 46.327999
c<B>r<195>R<SER> 21.464001 17.589001 44.112999
c<B>r<213>R<VAL> 17.044001 18.778999 45.070999
c<B>r<214>R<SER> 17.298000 20.621000 41.716999
c<B>r<215>R<TRP> 18.605000 24.216999 41.592999
c<B>r<216>R<GLY> 18.698000 27.705999 43.041000
c<B>r<217>R<SER> 20.993000 30.732000 43.025002
c<B>r<219>R<GLY> 23.771000 29.841999 45.354000
c<B>r<220>R<CYS> 22.848000 28.360001 48.761002
c<B>r<221>R<GLN> 21.068001 33.443001 50.068001
c<B>r<221>i<A>R<ALA> 21.009001 30.014999 51.644001
c<B>r<222>R<LYS> 18.368000 35.937000 50.938999
c<B>r<223>R<ASN> 15.360000 35.810001 48.664001
c<B>r<224>R<LYS> 16.742001 32.793999 46.743000
c<B>r<225>R<PRO> 15.219000 29.620001 48.237999
c<B>r<226>R<GLY> 15.900000 26.205000 46.883999
c<B>r<227>R<VAL> 14.000000 24.985001 43.823002
