c<A>r<8>R<GLU> -4.538000 10.993000 -21.392000
c<A>r<9>R<PRO> -7.189000 8.222000 -20.853001
c<A>r<10>R<CYS> -8.481000 6.777000 -24.143999
c<A>r<11>R<LEU> -12.127000 5.832000 -23.250000
c<A>r<12>R<ASP> -14.658000 4.825000 -25.971001
c<A>r<15>R<ASP> -16.097000 1.476000 -21.799000
c<A>r<16>R<LYS> -18.999001 3.829000 -20.906000
c<A>r<17>R<LYS> -21.587999 1.080000 -21.531000
c<A>r<19>R<VAL> -19.520000 1.106000 -16.417000
c<A>r<20>R<LEU> -23.291000 1.894000 -16.760000
c<A>r<21>R<GLU> -23.943001 -1.923000 -16.781000
c<A>r<22>R<VAL> -22.238001 -2.045000 -13.303000
c<A>r<23>R<LEU> -24.365000 0.888000 -11.988000
c<A>r<24>R<ASN> -27.466999 -1.217000 -12.927000
c<A>r<25>R<SER> -26.209000 -4.048000 -10.593000
c<A>r<26>R<LYS> -26.490999 -4.485000 -6.794000
c<A>r<27>R<GLN> -22.863001 -5.762000 -6.763000
c<A>r<28>R<LEU> -20.572001 -2.689000 -7.062000
c<A>r<29>R<THR> -17.482000 -4.400000 -5.459000
c<A>r<30>R<GLN> -16.412001 -8.032000 -4.672000
c<A>r<54>R<ASN> -7.161000 -0.080000 -6.342000
c<A>r<55>R<SER> -3.609000 1.178000 -7.214000
c<A>r<56>R<ALA> -0.205000 -0.134000 -8.384000
c<A>r<57>R<THR> 1.105000 1.314000 -5.040000
c<A>r<58>R<SER> -1.083000 -1.162000 -3.091000
c<A>r<61>R<LEU> 3.171000 -3.080000 -1.078000
c<A>r<84>R<PHE> 8.075000 6.929000 -9.898000
c<A>r<85>R<VAL> 8.809000 7.100000 -6.116000
c<A>r<86>R<ALA> 6.123000 4.474000 -5.194000
c<A>r<88>R<ALA> 10.899000 2.415000 -3.591000
c<A>r<89>R<ASN> 8.441000 4.069000 -1.111000
c<A>r<90>R<MET> 6.627000 0.721000 -0.585000
c<A>r<91>R<LEU> 10.045000 -0.955000 0.079000
c<A>r<92>R<LEU> 10.378000 1.371000 3.141000
c<A>r<93>R<GLU> 6.730000 0.551000 4.198000
c<A>r<180>R<HIS> -3.903000 4.815000 -13.282000
c<A>r<181>R<ALA> -5.557000 7.329000 -15.766000
c<A>r<182>R<ILE> -2.543000 7.635000 -18.254000
c<A>r<186>R<THR> -6.862000 2.445000 -17.422001
c<A>r<187>R<THR> -9.374000 1.658000 -14.640000
c<A>r<188>R<ALA> -9.296000 5.377000 -13.547000
c<A>r<189>R<GLU> -7.197000 4.282000 -10.526000
c<A>r<190>R<GLY> -5.666000 0.787000 -10.407000
c<A>r<209>R<SER> -8.762000 -8.019000 1.684000
c<A>r<210>R<HIS> -8.420000 -7.939000 5.510000
c<A>r<211>R<GLY> -6.648000 -11.348000 5.909000
c<A>r<212>R<MET> -10.263000 -12.664000 5.934000
c<A>r<217>R<PHE> -21.930000 -17.000999 4.749000
c<A>r<218>R<PHE> -21.754999 -15.943000 8.469000
c<A>r<219>R<GLU> -18.393000 -16.905001 10.094000
c<A>r<220>R<GLY> -14.820000 -16.003000 9.014000
c<A>r<221>R<GLU> -11.198000 -16.232000 10.196000
c<A>r<222>R<VAL> -8.200000 -13.846000 10.307000
c<A>r<223>R<LYS> -4.730000 -15.477000 10.525000
c<A>r<224>R<SER> -2.644000 -12.469000 9.326000
c<A>r<225>R<ILE> -3.307000 -8.715000 8.850000
c<A>r<226>R<GLY> -4.704000 -7.197000 5.642000
c<A>r<227>R<HIS> -6.053000 -3.912000 4.219000
c<A>r<228>R<ASN> -8.854000 -2.983000 1.796000
c<A>r<229>R<PHE> -6.893000 -2.691000 -1.477000
c<A>r<230>R<ARG> -9.505000 -4.364000 -3.802000
c<A>r<231>R<LEU> -10.441000 -3.133000 -7.271000
c<A>r<232>R<ASN> -14.258000 -2.617000 -7.461000
c<A>r<233>R<GLU> -16.724001 -3.873000 -10.171000
c<A>r<234>R<ILE> -16.980000 -0.373000 -11.814000
c<A>r<235>R<GLN> -13.193000 -0.082000 -12.265000
c<A>r<299>R<LYS> 13.464000 24.298000 -17.396000
c<A>r<302>R<LEU> 10.097000 22.646999 -20.868999
c<A>r<303>R<GLU> 8.522000 26.141001 -20.478001
c<A>r<311>R<LEU> 2.547000 19.754999 -21.577000
c<A>r<312>R<ALA> 5.712000 17.600000 -21.584999
c<A>r<313>R<GLN> 7.084000 16.073000 -18.337999
c<A>r<314>R<VAL> 10.272000 14.516000 -16.798000
c<A>r<315>R<HIS> 10.426000 10.793000 -15.856000
c<A>r<316>R<TYR> 12.117000 10.874000 -13.311000
c<A>r<317>R<LYS> 13.936000 12.829000 -10.580000
c<A>r<319>R<ILE> 14.664000 8.748000 -6.144000
c<A>r<321>R<GLN> 17.475000 13.113000 -4.410000
c<A>r<322>R<TYR> 14.030000 13.250000 -2.693000
c<A>r<323>R<GLN> 14.244000 14.890000 0.784000
c<A>r<324>R<LEU> 13.200000 11.593000 2.534000
c<A>r<325>R<TYR> 15.991000 9.496000 0.903000
c<A>r<327>R<GLN> 17.662001 12.135000 5.138000
c<B>r<5>R<ALA> -30.226000 -8.628000 0.829000
c<B>r<7>R<SER> -28.400999 -3.871000 2.626000
c<B>r<8>R<GLU> -28.195999 -2.637000 -1.010000
c<B>r<9>R<PRO> -26.966000 0.461000 -2.916000
c<B>r<10>R<CYS> -29.691999 2.852000 -4.223000
c<B>r<11>R<LEU> -28.570999 3.998000 -7.738000
c<B>r<12>R<ASP> -30.794001 6.288000 -9.898000
c<B>r<13>R<LYS> -30.424000 8.335000 -13.168000
c<B>r<15>R<ASP> -25.795000 8.817000 -10.106000
c<B>r<16>R<LYS> -25.323999 7.325000 -13.622000
c<B>r<17>R<LYS> -25.202999 10.819000 -15.212000
c<B>r<19>R<VAL> -20.392000 9.099000 -13.488000
c<B>r<20>R<LEU> -20.958000 9.565000 -17.282000
c<B>r<23>R<LEU> -16.205999 9.380000 -18.358000
c<B>r<24>R<ASN> -16.757000 12.277000 -20.858000
c<B>r<25>R<SER> -14.370000 14.844000 -19.187000
c<B>r<26>R<LYS> -11.406000 12.325000 -19.289000
c<B>r<27>R<GLN> -10.334000 13.634000 -15.813000
c<B>r<28>R<LEU> -10.574000 10.204000 -14.088000
c<B>r<29>R<THR> -8.325000 11.082000 -11.037000
c<B>r<30>R<GLN> -6.753000 14.250000 -9.452000
c<B>r<54>R<ASN> -10.063000 4.618000 -1.818000
c<B>r<55>R<SER> -11.288000 2.748000 1.346000
c<B>r<56>R<ALA> -12.243000 3.355000 5.009000
c<B>r<57>R<THR> -9.378000 0.883000 5.860000
c<B>r<58>R<SER> -6.849000 3.199000 4.143000
c<B>r<60>R<LEU> -8.044000 4.231000 9.346000
c<B>r<61>R<LEU> -4.363000 3.492000 8.474000
c<B>r<84>R<PHE> -15.081000 -4.975000 11.548000
c<B>r<85>R<VAL> -11.480000 -6.325000 11.770000
c<B>r<86>R<ALA> -10.276000 -3.303000 9.683000
c<B>r<88>R<ALA> -7.915000 -3.334000 14.647000
c<B>r<89>R<ASN> -5.800000 -4.650000 11.666000
c<B>r<90>R<MET> -4.757000 -1.022000 10.972000
c<B>r<92>R<LEU> -1.304000 -3.477000 14.319000
c<B>r<93>R<GLU> -0.130000 -2.102000 10.891000
c<B>r<180>R<HIS> -18.673000 0.675000 0.651000
c<B>r<181>R<ALA> -21.521000 -0.853000 -1.504000
c<B>r<182>R<ILE> -23.665001 -1.600000 1.662000
c<B>r<186>R<THR> -21.815001 4.574000 -1.565000
c<B>r<187>R<THR> -18.768000 5.038000 -3.832000
c<B>r<188>R<ALA> -18.683001 1.197000 -4.392000
c<B>r<189>R<GLU> -15.434000 1.144000 -2.358000
c<B>r<190>R<GLY> -14.394000 4.163000 -0.251000
c<B>r<210>R<HIS> 3.058000 9.525000 -1.730000
c<B>r<211>R<GLY> 4.340000 11.981000 0.965000
c<B>r<212>R<MET> 4.751000 14.275000 -2.082000
c<B>r<217>R<PHE> 4.444000 21.238001 -12.799000
c<B>r<218>R<PHE> 7.822000 19.392000 -13.109000
c<B>r<219>R<GLU> 9.285000 19.238001 -9.580000
c<B>r<220>R<GLY> 7.758000 17.077000 -6.851000
c<B>r<221>R<GLU> 9.373000 16.778000 -3.380000
c<B>r<222>R<VAL> 8.844000 13.742000 -1.066000
c<B>r<223>R<LYS> 9.022000 14.395000 2.715000
c<B>r<224>R<SER> 7.460000 11.185000 4.162000
c<B>r<225>R<ILE> 6.476000 7.639000 3.274000
c<B>r<226>R<GLY> 3.008000 7.659000 1.606000
c<B>r<227>R<HIS> 0.522000 5.716000 -0.525000
c<B>r<228>R<ASN> -1.917000 6.130000 -3.406000
c<B>r<229>R<PHE> -5.056000 6.087000 -1.201000
c<B>r<230>R<ARG> -6.888000 8.754000 -3.307000
c<B>r<231>R<LEU> -10.571000 8.347000 -4.226000
c<B>r<232>R<ASN> -10.942000 8.601000 -8.052000
c<B>r<233>R<GLU> -13.166000 11.191000 -9.886000
c<B>r<234>R<ILE> -15.798000 8.553000 -10.985000
c<B>r<235>R<GLN> -16.215000 7.359000 -7.372000
c<B>r<238>R<LEU> -20.989000 9.001000 -7.452000
c<B>r<299>R<LYS> -27.336000 -20.940001 12.651000
c<B>r<302>R<LEU> -30.247999 -17.676001 10.129000
c<B>r<303>R<GLU> -30.520000 -20.559999 7.601000
c<B>r<311>R<LEU> -30.344000 -12.779000 3.662000
c<B>r<312>R<ALA> -29.957001 -11.645000 7.320000
c<B>r<313>R<GLN> -26.466000 -11.344000 8.914000
c<B>r<314>R<VAL> -24.292000 -11.632000 11.972000
c<B>r<315>R<HIS> -21.870001 -8.694000 11.610000
c<B>r<316>R<TYR> -18.978001 -9.046000 14.094000
c<B>r<317>R<LYS> -17.344000 -12.048000 15.695000
c<B>r<319>R<ILE> -12.027000 -9.343000 17.167000
c<B>r<321>R<GLN> -11.573000 -14.523000 18.733000
c<B>r<322>R<TYR> -9.779000 -14.383000 15.342000
c<B>r<323>R<GLN> -6.733000 -16.737000 15.220000
c<B>r<324>R<LEU> -4.313000 -13.750000 14.783000
c<B>r<325>R<TYR> -5.478000 -11.977000 17.990000
c<B>r<326>R<GLN> -5.413000 -15.094000 20.225000
c<B>r<327>R<GLN> -1.850000 -15.812000 18.910999
