c<A>r<169>R<GLU> -20.868999 -8.268000 -10.094000
c<A>r<170>R<GLY> -18.339001 -6.165000 -8.078000
c<A>r<171>R<LEU> -14.641000 -6.354000 -7.071000
c<A>r<172>R<MET> -13.825000 -4.073000 -4.123000
c<A>r<173>R<THR> -10.486000 -2.570000 -3.016000
c<A>r<175>R<VAL> -6.985000 1.978000 0.601000
c<A>r<176>R<HIS> -6.883000 1.894000 4.370000
c<A>r<177>R<ALA> -5.388000 3.811000 7.319000
c<A>r<192>R<ASP> -0.781000 -12.438000 8.158000
c<A>r<193>R<TRP> 2.988000 -11.924000 7.533000
c<A>r<194>R<ARG> 2.301000 -8.676000 5.543000
c<A>r<195>R<GLY> 0.706000 -7.189000 8.723000
c<A>r<196>R<GLY> 4.092000 -8.043000 10.375000
c<A>r<197>R<ARG> 5.795000 -5.294000 8.244000
c<A>r<198>R<GLY> 6.654000 -1.650000 9.143000
c<A>r<199>R<ALA> 3.438000 0.339000 8.535000
c<A>r<200>R<ALA> 5.238000 3.735000 8.808000
c<A>r<201>R<GLN> 6.961000 2.922000 5.431000
c<A>r<202>R<ASN> 4.600000 0.598000 3.507000
c<A>r<203>R<ILE> 1.676000 -0.179000 1.261000
c<A>r<204>R<ILE> 0.601000 -3.536000 2.838000
c<A>r<205>R<PRO> -1.808000 -5.928000 0.989000
c<A>r<206>R<SER> -4.138000 -7.843000 3.380000
c<A>r<207>R<ALA> -7.089000 -10.140000 2.563000
c<A>r<223>R<GLY> -21.820000 -14.168000 -4.203000
c<A>r<224>R<ARG> -21.997000 -10.863000 -6.277000
c<A>r<225>R<LEU> -19.259001 -9.119000 -4.144000
c<A>r<226>R<THR> -15.595000 -9.894000 -3.201000
c<A>r<227>R<GLY> -12.418000 -7.794000 -2.575000
c<A>r<228>R<MET> -9.081000 -6.833000 -0.914000
c<A>r<229>R<ALA> -7.362000 -4.127000 1.223000
c<A>r<230>R<PHE> -4.138000 -2.066000 0.885000
c<A>r<231>R<ARG> -3.080000 -0.656000 4.318000
c<A>r<232>R<VAL> -0.975000 2.575000 4.087000
c<A>r<233>R<PRO> 0.965000 4.936000 6.491000
c<A>r<234>R<THR> -2.040000 7.311000 7.164000
c<A>r<235>R<PRO> -3.110000 7.665000 10.868000
c<A>r<236>R<ASN> -6.915000 7.498000 10.181000
c<A>r<237>R<VAL> -9.574000 7.717000 7.358000
c<A>r<238>R<SER> -9.921000 5.109000 4.608000
c<A>r<239>R<VAL> -11.473000 4.859000 1.101000
c<A>r<241>R<ASP> -13.118000 1.433000 -4.603000
c<A>r<243>R<THR> -15.559000 -1.362000 -9.268000
c<A>r<244>R<ALA> -18.827999 -2.967000 -10.459000
c<A>r<245>R<ARG> -20.843000 -4.021000 -13.563000
c<A>r<276>R<ASP> -15.286000 18.829000 -3.880000
c<A>r<277>R<GLU> -11.428000 18.426001 -3.720000
c<A>r<278>R<VAL> -11.102000 16.205000 -0.605000
c<A>r<279>R<VAL> -8.290000 13.975000 0.769000
c<A>r<280>R<SER> -8.172000 11.636000 3.855000
c<A>r<281>R<THR> -7.453000 14.454000 6.430000
c<A>r<282>R<ASP> -10.764000 16.139999 5.591000
c<A>r<293>R<ASP> -16.655001 11.170000 -4.057000
c<A>r<295>R<LYS> -14.456000 13.253000 -8.799000
c<A>r<296>R<ALA> -12.497000 10.246000 -7.482000
c<A>r<297>R<GLY> -15.151000 7.983000 -9.149000
c<A>r<298>R<ILE> -14.916000 7.148000 -12.893000
c<A>r<299>R<SER> -16.934999 5.146000 -15.488000
c<A>r<300>R<LEU> -15.760000 3.181000 -18.558001
c<A>r<301>R<ASN> -19.305000 2.835000 -20.004000
c<A>r<304>R<PHE> -19.184999 -0.648000 -15.955000
c<A>r<305>R<VAL> -18.237000 1.829000 -13.224000
c<A>r<306>R<LYS> -15.726000 2.611000 -10.404000
c<A>r<308>R<ILE> -15.413000 5.832000 -4.697000
c<B>r<169>R<GLU> -13.449000 -4.019000 -20.136999
c<B>r<170>R<GLY> -11.137000 -2.870000 -17.273001
c<B>r<171>R<LEU> -11.203000 -0.154000 -14.556000
c<B>r<172>R<MET> -7.703000 0.468000 -13.166000
c<B>r<173>R<THR> -6.698000 1.932000 -9.782000
c<B>r<175>R<VAL> -2.001000 2.977000 -5.009000
c<B>r<176>R<HIS> 1.005000 5.167000 -5.651000
c<B>r<177>R<ALA> 4.135000 6.378000 -3.820000
c<B>r<192>R<ASP> -5.014000 19.236000 -9.196000
c<B>r<193>R<TRP> -6.137000 20.792000 -5.849000
c<B>r<194>R<ARG> -5.860000 17.354000 -4.108000
c<B>r<195>R<GLY> -2.136000 17.245001 -5.139000
c<B>r<196>R<GLY> -1.819000 20.576000 -3.205000
c<B>r<197>R<ARG> -2.391000 18.646999 0.103000
c<B>r<198>R<GLY> 0.204000 17.357000 2.637000
c<B>r<199>R<ALA> 1.561000 14.054000 1.239000
c<B>r<200>R<ALA> 3.145000 13.021000 4.595000
c<B>r<201>R<GLN> -0.415000 12.605000 6.076000
c<B>r<202>R<ASN> -2.756000 11.732000 3.174000
c<B>r<203>R<ILE> -4.403000 9.373000 0.722000
c<B>r<204>R<ILE> -4.726000 11.748000 -2.305000
c<B>r<205>R<PRO> -7.026000 10.969000 -5.316000
c<B>r<206>R<SER> -5.456000 12.285000 -8.576000
c<B>r<207>R<ALA> -6.588000 11.787000 -12.209000
c<B>r<223>R<GLY> -11.862000 2.178000 -25.429001
c<B>r<224>R<ARG> -11.610000 -1.057000 -23.268000
c<B>r<225>R<LEU> -9.506000 0.582000 -20.434999
c<B>r<226>R<THR> -9.688000 3.574000 -18.024000
c<B>r<227>R<GLY> -8.674000 4.320000 -14.372000
c<B>r<228>R<MET> -7.454000 6.496000 -11.440000
c<B>r<229>R<ALA> -4.646000 6.948000 -8.840000
c<B>r<230>R<PHE> -4.498000 7.296000 -5.024000
c<B>r<231>R<ARG> -1.129000 8.849000 -3.947000
c<B>r<232>R<VAL> -0.037000 7.800000 -0.390000
c<B>r<233>R<PRO> 2.792000 8.663000 2.133000
c<B>r<234>R<THR> 5.269000 5.930000 0.897000
c<B>r<235>R<PRO> 8.690000 7.198000 -0.393000
c<B>r<236>R<ASN> 8.793000 4.846000 -3.462000
c<B>r<237>R<VAL> 7.127000 1.686000 -4.996000
c<B>r<238>R<SER> 3.542000 1.602000 -6.275000
c<B>r<239>R<VAL> 0.875000 -1.040000 -7.126000
c<B>r<241>R<ASP> -5.293000 -2.892000 -9.416000
c<B>r<243>R<THR> -10.132000 -5.032000 -12.127000
c<B>r<244>R<ALA> -11.274000 -6.475000 -15.479000
c<B>r<245>R<ARG> -13.927000 -8.637000 -17.233000
c<B>r<276>R<ASP> 5.054000 -14.676000 -1.300000
c<B>r<277>R<GLU> 4.200000 -12.176000 1.538000
c<B>r<278>R<VAL> 5.560000 -8.903000 0.047000
c<B>r<279>R<VAL> 4.944000 -5.186000 0.791000
c<B>r<280>R<SER> 6.161000 -1.989000 -1.029000
c<B>r<281>R<THR> 9.662000 -1.919000 0.652000
c<B>r<282>R<ASP> 10.532000 -5.280000 -0.919000
c<B>r<293>R<ASP> 1.140000 -10.562000 -6.489000
c<B>r<295>R<LYS> -2.343000 -13.359000 -2.930000
c<B>r<296>R<ALA> -3.175000 -9.630000 -3.168000
c<B>r<297>R<GLY> -5.474000 -10.234000 -6.211000
c<B>r<298>R<ILE> -8.793000 -12.160000 -6.278000
c<B>r<299>R<SER> -11.554000 -13.600000 -8.554000
c<B>r<300>R<LEU> -15.300000 -13.169000 -8.243000
c<B>r<301>R<ASN> -15.944000 -15.671000 -11.091000
c<B>r<304>R<PHE> -14.321000 -11.259000 -13.629000
c<B>r<305>R<VAL> -11.040000 -10.710000 -11.726000
c<B>r<306>R<LYS> -8.920000 -8.215000 -9.748000
c<B>r<308>R<ILE> -2.572000 -7.037000 -8.816000
