c<A>r<2>R<TYR> 9.919000 24.101000 -15.062000
c<A>r<4>R<PRO> 10.674000 28.059000 -10.448000
c<A>r<5>R<LEU> 9.550000 25.794001 -7.529000
c<A>r<6>R<GLY> 8.332000 28.958000 -5.679000
c<A>r<7>R<GLU> 6.196000 29.940001 -8.766000
c<A>r<8>R<GLU> 4.408000 26.525999 -9.181000
c<A>r<9>R<ILE> 3.983000 26.861000 -5.407000
c<A>r<10>R<GLU> 2.576000 30.420000 -6.039000
c<A>r<11>R<ARG> 0.356000 29.231001 -9.014000
c<A>r<12>R<ILE> -1.489000 26.502001 -7.089000
c<A>r<13>R<ARG> -1.930000 29.177000 -4.402000
c<A>r<14>R<LYS> -4.475000 31.351000 -6.328000
c<A>r<15>R<GLY> -6.345000 28.190001 -7.508000
c<A>r<16>R<LYS> -7.223000 27.125999 -3.878000
c<A>r<17>R<ASN> -7.906000 30.639000 -2.312000
c<A>r<18>R<ILE> -5.981000 30.889999 1.057000
c<A>r<19>R<PRO> -4.190000 34.381001 1.018000
c<A>r<20>R<LEU> -2.127000 36.689999 3.648000
c<A>r<21>R<ARG> -2.295000 35.209000 7.449000
c<A>r<22>R<VAL> -0.543000 31.476000 7.578000
c<A>r<23>R<PHE> 2.627000 30.228001 6.369000
c<A>r<24>R<ASP> 4.504000 30.663000 9.679000
c<A>r<25>R<GLU> 1.346000 28.729000 10.811000
c<A>r<26>R<ASN> 3.449000 25.752001 10.558000
c<A>r<27>R<GLY> 6.993000 27.193001 11.198000
c<A>r<28>R<VAL> 7.582000 27.669001 7.394000
c<A>r<29>R<SER> 7.854000 31.413000 8.125000
c<A>r<30>R<SER> 6.107000 33.738998 5.609000
c<A>r<31>R<ARG> 9.219000 35.974998 5.406000
c<A>r<33>R<TYR> 7.989000 31.462999 2.039000
c<A>r<34>R<GLN> 7.200000 34.811001 0.282000
c<A>r<37>R<VAL> 8.076000 32.414001 -4.023000
c<A>r<46>R<SER> 12.383000 20.634001 7.232000
c<A>r<47>R<ASP> 10.176000 23.256001 5.557000
c<A>r<48>R<LEU> 9.773000 21.118999 2.368000
c<A>r<49>R<ALA> 8.681000 18.070000 4.469000
c<A>r<50>R<ILE> 6.356000 20.344999 6.496000
c<A>r<51>R<ILE> 5.287000 21.775000 3.022000
c<A>r<52>R<VAL> 3.441000 18.420000 2.366000
c<A>r<53>R<GLU> 0.820000 18.309000 5.142000
c<A>r<54>R<ILE> -1.374000 21.500999 4.924000
c<A>r<55>R<LEU> -0.968000 20.775999 1.180000
c<A>r<56>R<SER> -2.784000 17.362000 1.409000
c<A>r<57>R<ILE> -0.311000 16.224001 -1.354000
c<A>r<58>R<SER> 1.324000 12.965000 -2.105000
c<A>r<59>R<PRO> 3.949000 14.211000 -4.725000
c<A>r<60>R<GLU> 2.193000 12.101000 -7.376000
c<A>r<61>R<THR> -1.561000 12.941000 -7.673000
c<A>r<62>R<GLU> -1.271000 16.747999 -7.947000
c<A>r<63>R<LYS> 0.046000 17.396000 -11.540000
c<A>r<64>R<LEU> 3.114000 19.672001 -11.231000
c<A>r<65>R<THR> 4.135000 21.386999 -14.515000
c<A>r<66>R<PRO> 6.035000 18.280001 -15.683000
c<A>r<184>R<ILE> 9.090000 -0.108000 2.101000
c<A>r<185>R<ILE> 7.348000 3.218000 3.012000
c<A>r<186>R<ASP> 5.817000 3.947000 -0.455000
c<A>r<187>R<ILE> 2.556000 2.327000 -1.659000
c<A>r<188>R<ARG> 3.548000 2.849000 -5.360000
c<A>r<191>R<GLU> 2.250000 -1.784000 -6.543000
c<A>r<221>R<GLU> 4.289000 -9.980000 4.409000
c<A>r<223>R<GLU> 1.287000 -4.821000 6.975000
c<A>r<225>R<GLY> -3.688000 -1.728000 3.594000
c<A>r<226>R<GLU> -6.737000 -3.844000 4.533000
c<A>r<227>R<ASN> -6.503000 -6.734000 1.998000
c<A>r<228>R<ASN> -3.050000 -7.920000 0.835000
c<A>r<229>R<TRP> -3.047000 -9.360000 -2.760000
c<A>r<230>R<ARG> 0.479000 -10.640000 -1.955000
c<A>r<231>R<ILE> -1.232000 -13.356000 0.201000
c<A>r<232>R<LEU> -3.163000 -14.645000 -2.870000
c<A>r<233>R<TRP> 0.087000 -14.738000 -4.946000
c<A>r<234>R<LYS> 1.850000 -16.475000 -2.009000
c<A>r<235>R<LYS> -1.047000 -19.034000 -1.783000
c<A>r<236>R<ILE> -0.743000 -19.552999 -5.587000
c<A>r<258>R<GLN> -12.372000 -19.754999 -5.439000
c<A>r<259>R<ILE> -9.896000 -17.063999 -6.669000
c<A>r<260>R<LEU> -12.139000 -15.975000 -9.617000
c<A>r<261>R<LEU> -15.161000 -15.767000 -7.226000
c<A>r<262>R<SER> -13.074000 -13.650000 -4.786000
c<A>r<263>R<ILE> -11.897000 -11.356000 -7.624000
c<A>r<264>R<THR> -15.569000 -10.920000 -8.743000
c<A>r<265>R<LEU> -16.319000 -9.900000 -5.079000
c<A>r<266>R<PHE> -13.343000 -7.474000 -4.536000
c<A>r<267>R<LEU> -11.748000 -6.000000 -7.721000
c<A>r<268>R<PRO> -12.984000 -3.284000 -10.158000
c<A>r<271>R<LYS> -8.553000 -5.589000 -12.830000
c<D>r<1>R<GLU> 9.272000 18.938999 -6.787000
c<D>r<2>R<TYR> 6.204000 20.391001 -4.793000
c<D>r<3>R<ARG> 3.209000 22.884001 -4.428000
c<D>r<4>R<PRO> 2.245000 25.473000 -1.620000
c<D>r<5>R<LEU> 1.746000 24.294001 2.066000
c<D>r<6>R<GLY> -1.021000 26.566000 3.474000
c<D>r<7>R<GLU> -2.911000 26.796000 0.134000
c<D>r<8>R<GLU> -4.529000 23.462999 -0.422000
c<D>r<9>R<ILE> -6.178000 22.663000 2.974000
c<D>r<10>R<GLU> -8.981000 25.190001 2.123000
c<D>r<11>R<ARG> -9.548000 23.589001 -1.307000
c<D>r<12>R<ILE> -9.970000 20.552999 0.984000
c<D>r<13>R<ARG> -12.108000 22.813999 3.315000
c<D>r<14>R<LYS> -14.299000 23.952000 0.311000
c<D>r<15>R<GLY> -14.363000 20.582001 -1.576000
c<D>r<31>R<ARG> -8.383000 32.812000 15.011000
c<D>r<32>R<SER> -5.430000 30.308001 14.755000
c<D>r<33>R<TYR> -7.329000 28.771999 11.744000
c<D>r<34>R<GLN> -8.024000 32.021999 9.891000
c<D>r<35>R<ARG> -4.288000 32.448002 10.808000
c<D>r<36>R<PHE> -3.986000 28.982000 9.496000
c<D>r<37>R<VAL> -5.547000 29.135000 5.946000
c<D>r<38>R<GLN> -5.503000 32.751999 4.939000
c<D>r<39>R<GLY> -1.477000 33.383999 4.322000
c<D>r<40>R<ASN> 1.347000 34.799999 7.069000
c<D>r<41>R<SER> 1.436000 34.604000 11.178000
c<D>r<42>R<GLU> 2.725000 32.001999 14.017000
c<D>r<43>R<LEU> 1.913000 28.045000 14.299000
c<D>r<44>R<ARG> 3.397000 24.657000 15.611000
c<D>r<45>R<ILE> 3.661000 20.952000 14.426000
c<D>r<46>R<SER> 1.453000 19.952000 17.445999
c<D>r<47>R<ASP> -1.382000 21.575001 15.487000
c<D>r<48>R<LEU> -0.307000 20.226999 12.022000
c<D>r<49>R<ALA> -1.264000 16.598000 12.753000
c<D>r<51>R<ILE> -5.500000 19.798000 11.241000
c<D>r<52>R<VAL> -4.477000 16.827999 9.006000
c<D>r<55>R<LEU> -9.465000 17.927000 7.047000
c<D>r<56>R<SER> -8.959000 14.170000 6.396000
c<D>r<57>R<ILE> -5.401000 13.841000 4.947000
c<D>r<58>R<SER> -2.982000 10.842000 4.553000
c<D>r<59>R<PRO> 0.781000 11.658000 5.141000
c<D>r<60>R<GLU> 2.980000 8.666000 4.125000
c<D>r<61>R<THR> 6.871000 8.587000 4.426000
c<D>r<62>R<GLU> 9.687000 9.964000 6.617000
c<D>r<63>R<LYS> 10.121000 11.081000 10.111000
c<D>r<64>R<LEU> 7.665000 13.900000 11.035000
c<D>r<65>R<THR> 7.937000 14.935000 14.749000
c<D>r<185>R<ILE> -8.154000 11.889000 -2.571000
c<D>r<186>R<ASP> -6.249000 10.400000 0.340000
c<D>r<187>R<ILE> -5.847000 6.777000 1.513000
c<D>r<188>R<ARG> -6.154000 6.802000 5.363000
c<D>r<191>R<GLU> -10.024000 3.575000 4.805000
c<D>r<221>R<GLU> -17.214001 4.566000 -6.161000
c<D>r<222>R<TYR> -13.538000 5.665000 -5.831000
c<D>r<223>R<GLU> -10.323000 3.909000 -7.033000
c<D>r<225>R<GLY> -5.573000 1.578000 -5.452000
c<D>r<226>R<GLU> -5.730000 -2.213000 -4.763000
c<D>r<227>R<ASN> -7.971000 -1.859000 -1.630000
c<D>r<228>R<ASN> -11.811000 -1.658000 -1.858000
c<D>r<229>R<TRP> -13.987000 -3.196000 0.933000
c<D>r<230>R<ARG> -16.533001 -0.646000 -0.498000
c<D>r<231>R<ILE> -17.077000 -3.047000 -3.478000
c<D>r<232>R<LEU> -17.916000 -5.932000 -1.040000
c<D>r<233>R<TRP> -20.084000 -3.753000 1.294000
c<D>r<234>R<LYS> -21.870001 -2.381000 -1.809000
c<D>r<235>R<LYS> -22.511999 -6.037000 -2.958000
c<D>r<236>R<ILE> -23.802000 -6.775000 0.601000
c<D>r<258>R<GLN> -18.972000 -17.127001 -0.978000
c<D>r<259>R<ILE> -17.648001 -14.155000 1.105000
c<D>r<260>R<LEU> -16.386000 -16.424000 3.966000
c<D>r<261>R<LEU> -14.406000 -18.584000 1.472000
c<D>r<262>R<SER> -13.038000 -15.460000 -0.300000
c<D>r<263>R<ILE> -11.756000 -13.582000 2.830000
c<D>r<264>R<THR> -9.474000 -16.587999 3.689000
c<D>r<265>R<LEU> -7.274000 -15.785000 0.617000
c<D>r<266>R<PHE> -6.424000 -12.051000 1.311000
c<D>r<267>R<LEU> -6.612000 -11.542000 5.121000
c<D>r<268>R<PRO> -4.493000 -12.373000 8.184000
c<D>r<271>R<LYS> -9.304000 -9.988000 10.311000
