c<A>r<36>R<GLY> -3.161000 45.025002 71.370003
c<A>r<37>R<MET> -4.875000 44.087002 74.632004
c<A>r<38>R<GLU> -2.050000 45.342999 76.841003
c<A>r<39>R<LYS> -2.202000 49.077999 76.202003
c<A>r<40>R<GLY> 1.200000 50.539001 77.045998
c<A>r<41>R<GLY> 2.907000 47.147999 77.032997
c<A>r<42>R<GLN> 4.967000 45.382999 79.724998
c<A>r<43>R<LEU> 6.129000 48.603001 81.420998
c<A>r<44>R<THR> 2.599000 49.189999 82.723999
c<A>r<45>R<THR> 3.232000 46.123001 84.968002
c<A>r<46>R<THR> 6.142000 47.634998 86.883003
c<A>r<47>R<THR> 6.558000 50.556999 89.272003
c<A>r<48>R<GLU> 9.815000 52.620998 89.390999
c<A>r<49>R<VAL> 11.942000 52.799000 86.273003
c<A>r<58>R<ASP> 10.394000 59.860001 89.778000
c<A>r<59>R<LEU> 9.617000 57.748001 86.646004
c<A>r<60>R<THR> 7.350000 54.824001 86.704002
c<A>r<61>R<GLY> 6.520000 52.421001 83.829002
c<A>r<62>R<PRO> 2.901000 53.744999 83.484001
c<A>r<63>R<LEU> 4.012000 57.417999 83.350998
c<A>r<64>R<LEU> 6.653000 56.737000 80.675003
c<A>r<65>R<MET> 4.045000 54.956001 78.542000
c<A>r<66>R<GLU> 1.514000 57.823002 79.095001
c<A>r<81>R<PHE> -7.667000 49.577000 70.320000
c<A>r<82>R<ASP> -7.791000 46.113998 68.724998
c<A>r<122>R<PRO> -1.331000 34.945999 95.296997
c<A>r<123>R<SER> 1.475000 36.040001 97.739998
c<A>r<124>R<GLU> 3.749000 36.646000 94.681999
c<A>r<125>R<GLU> 0.924000 38.688999 93.106003
c<A>r<126>R<ALA> 0.588000 40.682999 96.320999
c<A>r<127>R<PHE> 4.213000 41.764999 96.212997
c<A>r<128>R<LYS> 4.553000 42.512001 92.431000
c<A>r<129>R<GLY> 6.419000 45.779999 92.185997
c<A>r<130>R<ARG> 7.351000 45.786999 95.903000
c<A>r<214>R<GLN> 3.742000 46.598000 104.501999
c<C>r<29>R<ALA> -1.672000 53.472000 92.476997
c<C>r<30>R<GLU> 0.389000 55.570000 90.141998
c<C>r<31>R<TRP> 3.518000 53.469002 90.564003
c<C>r<32>R<CYS> 1.574000 50.354000 89.485001
c<C>r<33>R<GLY> 2.403000 49.457001 85.907997
c<C>r<34>R<PRO> -0.294000 46.820000 85.344002
c<C>r<35>R<CYS> -2.816000 49.233002 86.887001
c<C>r<36>R<LYS> -2.029000 51.811001 84.220001
c<C>r<37>R<MET> -2.280000 49.105999 81.537003
c<C>r<38>R<ILE> -5.930000 48.340000 82.386002
c<C>r<39>R<ALA> -7.036000 51.985001 82.768997
c<C>r<40>R<PRO> -8.167000 52.307999 79.130997
c<C>r<41>R<ILE> -10.027000 49.023998 79.302002
c<C>r<44>R<GLU> -14.228000 51.169998 77.405998
c<C>r<72>R<ILE> -6.532000 43.390999 99.406998
c<C>r<73>R<ARG> -2.932000 42.256001 99.134003
c<C>r<74>R<GLY> -1.875000 43.412998 95.643997
c<C>r<75>R<ILE> -2.982000 45.785000 92.851997
c<C>r<76>R<PRO> -4.713000 46.041000 90.556999
c<C>r<77>R<THR> -7.601000 44.366001 92.339996
c<C>r<91>R<VAL> -6.755000 40.200001 91.123001
c<C>r<92>R<GLY> -4.218000 41.240002 88.478996
c<C>r<93>R<ALA> -4.363000 42.662998 84.991997
c<C>r<94>R<LEU> -6.646000 41.131001 82.371002
c<C>r<95>R<SER> -7.780000 41.827000 78.811996
c<C>r<96>R<LYS> -11.013000 43.505001 77.806999
c<C>r<97>R<GLY> -12.472000 40.144001 76.694000
