c<A>r<15>R<PRO> 8.046000 51.540001 73.717003
c<A>r<19>R<THR> 8.701000 55.181000 69.071999
c<A>r<20>R<ALA> 8.060000 53.719002 65.656998
c<A>r<22>R<VAL> 6.527000 59.036999 66.510002
c<A>r<23>R<TYR> 9.332000 58.464001 63.855000
c<A>r<50>R<GLU> 15.465000 54.257999 86.796997
c<A>r<51>R<ASN> 17.305000 53.265999 83.656998
c<A>r<52>R<TRP> 15.295000 55.210999 81.095001
c<A>r<53>R<PRO> 18.177000 57.625999 80.197998
c<A>r<54>R<GLY> 17.511999 61.223000 80.984001
c<A>r<55>R<ASP> 14.798000 60.509998 83.639000
c<A>r<56>R<PRO> 16.924999 60.390999 86.837997
c<A>r<57>R<ASN> 14.060000 60.547001 89.247002
c<A>r<64>R<LEU> 6.653000 56.737000 80.675003
c<A>r<67>R<ARG> 4.207000 60.209999 77.867996
c<A>r<68>R<MET> 4.832000 58.014000 74.838997
c<A>r<136>R<ALA> 17.139999 41.689999 87.195999
c<A>r<137>R<THR> 18.764999 44.198002 84.820999
c<A>r<138>R<SER> 16.023001 46.655998 85.505997
c<A>r<140>R<GLY> 18.738001 44.441002 90.553001
c<A>r<141>R<PHE> 20.347000 47.731998 91.693001
c<A>r<144>R<ARG> 22.606001 46.311001 96.109001
c<A>r<159>R<GLU> 21.804001 34.688000 83.553001
c<A>r<162>R<LEU> 24.868000 35.617001 87.521004
c<A>r<163>R<TYR> 24.061001 39.261002 86.855003
c<A>r<164>R<LEU> 22.681999 39.738998 90.379997
c<A>r<165>R<SER> 25.777000 38.215000 92.097000
c<A>r<166>R<ASN> 27.749001 41.355999 91.258003
c<A>r<167>R<ILE> 25.205999 43.616001 92.954002
c<A>r<186>R<LEU> 26.537001 30.004000 81.882004
c<A>r<189>R<ARG> 30.323999 30.603001 85.615997
c<A>r<267>R<SER> 20.299999 43.035000 61.691002
c<A>r<268>R<GLY> 23.735001 44.235001 60.564999
c<A>r<269>R<ILE> 25.381001 47.594002 60.009998
c<A>r<270>R<HIS> 24.327999 48.321999 56.393002
c<A>r<271>R<GLY> 20.721001 49.279999 57.076000
c<A>r<273>R<ALA> 18.362000 46.032001 60.175999
c<A>r<285>R<GLY> 11.414000 45.588001 70.619003
c<A>r<289>R<ASP> 15.523000 40.643002 71.035004
c<A>r<291>R<ILE> 19.292000 39.389000 74.725998
c<A>r<292>R<TYR> 18.934999 42.929001 76.182999
c<A>r<293>R<ARG> 15.182000 43.340000 76.707001
c<A>r<294>R<GLN> 15.002000 46.884998 77.858002
c<A>r<295>R<ALA> 12.752000 49.806999 77.056999
c<A>r<296>R<ILE> 15.585000 51.847000 75.655998
c<A>r<297>R<THR> 16.739000 49.120998 73.217003
c<A>r<298>R<SER> 13.048000 48.608002 72.240997
c<A>r<299>R<ALA> 12.673000 52.316002 71.563004
c<A>r<300>R<GLY> 15.925000 52.305000 69.546997
c<A>r<301>R<THR> 14.801000 49.373001 67.283997
c<A>r<302>R<GLY> 11.327000 51.000000 67.094002
c<A>r<303>R<CYS> 13.082000 54.022999 65.610001
c<A>r<304>R<MET> 15.088000 51.856998 63.195999
c<C>r<13>R<ASP> 24.440001 54.522999 63.469002
c<C>r<14>R<THR> 27.849001 53.734001 61.974998
c<C>r<15>R<ASP> 29.827999 54.205002 65.183998
c<C>r<16>R<VAL> 27.434000 52.915001 67.834999
c<C>r<17>R<LEU> 24.705999 50.792000 66.324997
c<C>r<18>R<LYS> 27.093000 48.743000 64.197998
c<C>r<19>R<ALA> 29.822001 48.689999 66.851997
c<C>r<27>R<PHE> 25.179001 62.473999 76.699997
c<C>r<67>R<ALA> 18.809000 62.236000 72.705002
c<C>r<68>R<PRO> 15.090000 62.481998 71.874001
c<C>r<69>R<LYS> 15.193000 59.153999 70.070000
c<C>r<70>R<TYR> 16.257000 57.409000 73.290001
c<C>r<71>R<GLY> 13.826000 59.341999 75.474998
c<C>r<72>R<ILE> 16.650000 61.083000 77.347000
c<C>r<73>R<ARG> 15.211000 63.683998 79.690002
c<C>r<74>R<GLY> 18.246000 64.893997 81.681000
c<C>r<75>R<ILE> 22.070999 64.832001 81.571999
c<C>r<76>R<PRO> 24.400000 63.258999 82.231003
c<C>r<77>R<THR> 22.808001 60.069000 80.962997
c<C>r<78>R<LEU> 24.951000 57.000000 80.194000
c<C>r<79>R<LEU> 23.643999 54.473999 77.624001
c<C>r<80>R<LEU> 25.362000 51.061001 77.376999
c<C>r<81>R<PHE> 24.843000 49.567001 73.872002
c<C>r<82>R<LYS> 25.504999 45.974998 72.863998
c<C>r<83>R<ASN> 24.577999 44.491001 69.467003
c<C>r<84>R<GLY> 22.735001 47.609001 68.282997
c<C>r<85>R<GLU> 20.469999 47.981998 71.263000
c<C>r<86>R<VAL> 20.445999 49.632999 74.666000
c<C>r<87>R<ALA> 21.445000 47.048000 77.277000
c<C>r<88>R<ALA> 21.365000 49.349998 80.346001
c<C>r<89>R<THR> 21.179001 53.009998 81.260002
c<C>r<90>R<LYS> 22.191000 55.203999 84.174004
c<C>r<91>R<VAL> 20.955000 58.744999 84.752998
c<C>r<92>R<GLY> 22.896000 61.262001 86.851997
c<C>r<93>R<ALA> 26.408001 61.542999 88.190002
c<C>r<101>R<GLU> 29.733999 48.009998 89.372002
c<C>r<102>R<PHE> 27.215000 49.141998 86.778000
c<C>r<104>R<ASP> 30.471001 44.687000 85.589996
c<C>r<105>R<ALA> 26.749001 43.874001 85.980003
c<C>r<106>R<ASN> 26.325001 44.212002 82.239998
c<C>r<107>R<LEU> 29.547001 43.074001 80.601997
c<C>r<108>R<ALA> 29.308001 39.514000 81.916000
