c<A>r<35>R<THR> -2.575000 48.700001 70.614998
c<A>r<36>R<GLY> -3.161000 45.025002 71.370003
c<A>r<37>R<MET> -4.875000 44.087002 74.632004
c<A>r<38>R<GLU> -2.050000 45.342999 76.841003
c<A>r<39>R<LYS> -2.202000 49.077999 76.202003
c<A>r<40>R<GLY> 1.200000 50.539001 77.045998
c<A>r<41>R<GLY> 2.907000 47.147999 77.032997
c<A>r<43>R<LEU> 6.129000 48.603001 81.420998
c<A>r<44>R<THR> 2.599000 49.189999 82.723999
c<A>r<45>R<THR> 3.232000 46.123001 84.968002
c<A>r<46>R<THR> 6.142000 47.634998 86.883003
c<A>r<47>R<THR> 6.558000 50.556999 89.272003
c<A>r<48>R<GLU> 9.815000 52.620998 89.390999
c<A>r<58>R<ASP> 10.394000 59.860001 89.778000
c<A>r<59>R<LEU> 9.617000 57.748001 86.646004
c<A>r<60>R<THR> 7.350000 54.824001 86.704002
c<A>r<61>R<GLY> 6.520000 52.421001 83.829002
c<A>r<62>R<PRO> 2.901000 53.744999 83.484001
c<A>r<63>R<LEU> 4.012000 57.417999 83.350998
c<A>r<64>R<LEU> 6.653000 56.737000 80.675003
c<A>r<65>R<MET> 4.045000 54.956001 78.542000
c<A>r<66>R<GLU> 1.514000 57.823002 79.095001
c<A>r<67>R<ARG> 4.207000 60.209999 77.867996
c<A>r<69>R<HIS> 1.159000 57.837002 74.003998
c<A>r<81>R<PHE> -7.667000 49.577000 70.320000
c<A>r<82>R<ASP> -7.791000 46.113998 68.724998
c<A>r<125>R<GLU> 0.924000 38.688999 93.106003
c<A>r<126>R<ALA> 0.588000 40.682999 96.320999
c<A>r<127>R<PHE> 4.213000 41.764999 96.212997
c<A>r<128>R<LYS> 4.553000 42.512001 92.431000
c<A>r<129>R<GLY> 6.419000 45.779999 92.185997
c<A>r<130>R<ARG> 7.351000 45.786999 95.903000
c<A>r<213>R<ASP> 5.465000 43.312000 105.345001
c<A>r<214>R<GLN> 3.742000 46.598000 104.501999
c<A>r<215>R<MET> 6.917000 47.694000 102.714996
c<A>r<216>R<GLY> 7.982000 44.549999 100.778000
c<C>r<31>R<TRP> 2.532000 61.465000 92.378998
c<C>r<32>R<CYS> 1.526000 58.070999 90.925003
c<C>r<33>R<GLY> 2.194000 57.979000 87.206001
c<C>r<34>R<PRO> 0.385000 54.723999 86.384003
c<C>r<35>R<CYS> -2.569000 55.976002 88.450996
c<C>r<36>R<LYS> -2.902000 59.007999 86.197998
c<C>r<37>R<MET> -2.606000 56.755001 83.128998
c<C>r<38>R<ILE> -5.733000 54.759998 84.061996
c<C>r<68>R<PRO> -3.902000 49.764000 105.414001
c<C>r<71>R<GLY> -3.624000 45.414001 103.085999
c<C>r<72>R<ILE> -2.938000 47.610001 100.050003
c<C>r<73>R<ARG> 0.784000 47.727001 99.377998
c<C>r<74>R<GLY> 1.051000 49.624001 96.066002
c<C>r<75>R<ILE> -1.024000 51.875999 93.771004
c<C>r<76>R<PRO> -2.990000 51.877998 91.657997
c<C>r<90>R<LYS> -6.465000 44.095001 90.718002
c<C>r<91>R<VAL> -3.078000 45.672001 91.386002
c<C>r<92>R<GLY> -1.284000 47.813999 88.796997
c<C>r<93>R<ALA> -2.235000 49.577000 85.605003
c<C>r<94>R<LEU> -4.213000 47.771000 82.913002
c<C>r<95>R<SER> -5.887000 48.547001 79.591003
c<C>r<96>R<LYS> -9.567000 49.229000 79.071999
c<C>r<97>R<GLY> -10.043000 45.763000 77.514999
c<C>r<98>R<GLN> -8.394000 44.063999 80.522003
