c<A>r<36>R<GLY> -3.161000 45.025002 71.370003
c<A>r<37>R<MET> -4.875000 44.087002 74.632004
c<A>r<38>R<GLU> -2.050000 45.342999 76.841003
c<A>r<39>R<LYS> -2.202000 49.077999 76.202003
c<A>r<41>R<GLY> 2.907000 47.147999 77.032997
c<A>r<42>R<GLN> 4.967000 45.382999 79.724998
c<A>r<45>R<THR> 3.232000 46.123001 84.968002
c<A>r<83>R<HIS> -5.729000 42.882000 68.916000
c<A>r<84>R<ILE> -4.655000 40.881001 65.850998
c<A>r<85>R<ASN> -5.633000 37.215000 65.766998
c<A>r<86>R<LYS> -4.724000 36.081001 62.209999
c<A>r<97>R<ASN> -7.555000 40.296001 61.098000
c<A>r<98>R<GLY> -8.521000 41.838001 64.367996
c<A>r<99>R<ASP> -11.581000 41.571999 66.555000
c<A>r<100>R<ASN> -12.901000 44.910000 65.278000
c<A>r<112>R<THR> 4.332000 42.688999 69.940002
c<A>r<113>R<GLY> 6.685000 42.001999 72.862999
c<A>r<114>R<ALA> 7.727000 38.967999 74.830002
c<A>r<115>R<SER> 5.887000 38.917000 78.170998
c<A>r<116>R<ALA> 7.257000 37.619999 81.428001
c<A>r<117>R<ARG> 5.556000 34.595001 83.039001
c<A>r<118>R<TYR> 4.966000 34.443001 86.791000
c<A>r<119>R<LEU> 4.517000 31.538000 89.239998
c<A>r<120>R<GLY> 0.781000 32.292000 89.740997
c<A>r<121>R<LEU> 0.928000 32.401001 93.547997
c<A>r<122>R<PRO> -1.331000 34.945999 95.296997
c<A>r<124>R<GLU> 3.749000 36.646000 94.681999
c<A>r<125>R<GLU> 0.924000 38.688999 93.106003
c<A>r<126>R<ALA> 0.588000 40.682999 96.320999
c<A>r<128>R<LYS> 4.553000 42.512001 92.431000
c<A>r<134>R<ALA> 10.806000 39.596001 86.584999
c<A>r<152>R<GLY> 13.833000 29.367001 87.498001
c<A>r<153>R<GLY> 15.714000 26.693001 85.745003
c<A>r<176>R<ARG> 12.561000 22.353001 91.356003
c<A>r<206>R<THR> 9.470000 24.740999 95.139000
c<A>r<207>R<LEU> 8.381000 28.162001 96.240997
c<A>r<208>R<GLU> 5.468000 27.841000 98.632004
c<A>r<243>R<ILE> 11.018000 31.270000 84.485001
c<A>r<244>R<GLY> 10.893000 32.658001 80.919998
c<A>r<245>R<HIS> 9.134000 35.000000 78.519997
c<A>r<246>R<SER> 6.451000 34.303001 75.882004
c<A>r<247>R<PRO> 7.242000 36.127998 72.592003
c<A>r<248>R<ASN> 3.905000 37.132000 71.098999
c<A>r<249>R<THR> 4.445000 35.533001 67.765999
c<A>r<250>R<ALA> 2.001000 32.547001 67.558998
c<A>r<251>R<ILE> 0.048000 34.513000 64.844002
c<A>r<252>R<PHE> 3.262000 34.646999 62.756001
c<A>r<253>R<GLU> 4.176000 30.959000 62.863998
c<A>r<261>R<GLY> 9.571000 32.026001 69.003998
c<C>r<9>R<ASP> -9.505000 33.009998 89.919998
c<C>r<10>R<ASP> -10.350000 31.548000 93.337997
c<C>r<12>R<PHE> -6.847000 28.187000 90.472000
c<C>r<13>R<ASP> -4.599000 27.160999 93.347000
c<C>r<16>R<VAL> -4.112000 23.681999 89.071999
c<C>r<17>R<LEU> -1.322000 24.313999 91.529999
c<C>r<31>R<TRP> -14.255000 37.898998 71.517998
c<C>r<32>R<CYS> -11.035000 36.029999 70.627998
c<C>r<33>R<GLY> -11.306000 34.507000 67.180000
c<C>r<34>R<PRO> -8.173000 32.335999 67.269997
c<C>r<35>R<CYS> -9.250000 31.124001 70.724998
c<C>r<65>R<GLY> -6.833000 38.233002 88.189003
c<C>r<66>R<THR> -4.907000 35.188000 87.004997
c<C>r<67>R<ALA> -3.409000 36.117001 83.607002
c<C>r<68>R<PRO> -1.397000 39.051998 84.994003
c<C>r<69>R<LYS> 0.281000 36.801998 87.535004
c<C>r<70>R<TYR> 1.776000 34.698002 84.726997
c<C>r<71>R<GLY> 2.702000 37.696999 82.591003
c<C>r<72>R<ILE> 0.224000 36.720001 79.867996
c<C>r<73>R<ARG> 0.088000 39.436001 77.235001
c<C>r<74>R<GLY> -2.126000 37.938999 74.497002
c<C>r<75>R<ILE> -4.621000 35.092999 73.938004
c<C>r<76>R<PRO> -4.859000 32.287998 73.296997
c<C>r<77>R<THR> -2.001000 31.351999 75.595001
c<C>r<79>R<LEU> 0.293000 27.094999 80.040001
c<C>r<83>R<ASN> 4.077000 20.004999 90.163002
c<C>r<84>R<GLY> 2.768000 23.521000 90.824997
c<C>r<85>R<GLU> 4.907000 25.308001 88.299004
c<C>r<86>R<VAL> 4.825000 26.295000 84.648003
c<C>r<87>R<ALA> 6.756000 23.697001 82.643997
c<C>r<88>R<ALA> 6.159000 25.181000 79.155998
c<C>r<89>R<THR> 4.033000 27.756001 77.390999
c<C>r<90>R<LYS> 2.747000 28.371000 73.884003
c<C>r<91>R<VAL> 1.288000 31.652000 72.654999
c<C>r<92>R<GLY> -1.078000 31.839001 69.676003
c<C>r<93>R<ALA> -3.163000 29.391001 67.709999
c<C>r<94>R<LEU> -1.658000 26.134001 66.461998
