c<A>r<12>R<GLY> 1.977000 47.103001 69.660004
c<A>r<35>R<THR> -2.575000 48.700001 70.614998
c<A>r<36>R<GLY> -3.161000 45.025002 71.370003
c<A>r<37>R<MET> -4.875000 44.087002 74.632004
c<A>r<38>R<GLU> -2.050000 45.342999 76.841003
c<A>r<39>R<LYS> -2.202000 49.077999 76.202003
c<A>r<40>R<GLY> 1.200000 50.539001 77.045998
c<A>r<41>R<GLY> 2.907000 47.147999 77.032997
c<A>r<42>R<GLN> 4.967000 45.382999 79.724998
c<A>r<44>R<THR> 2.599000 49.189999 82.723999
c<A>r<45>R<THR> 3.232000 46.123001 84.968002
c<A>r<82>R<ASP> -7.791000 46.113998 68.724998
c<A>r<83>R<HIS> -5.729000 42.882000 68.916000
c<A>r<84>R<ILE> -4.655000 40.881001 65.850998
c<A>r<85>R<ASN> -5.633000 37.215000 65.766998
c<A>r<86>R<LYS> -4.724000 36.081001 62.209999
c<A>r<97>R<ASN> -7.555000 40.296001 61.098000
c<A>r<98>R<GLY> -8.521000 41.838001 64.367996
c<A>r<99>R<ASP> -11.581000 41.571999 66.555000
c<A>r<100>R<ASN> -12.901000 44.910000 65.278000
c<A>r<101>R<GLY> -12.204000 44.326000 61.549999
c<A>r<112>R<THR> 4.332000 42.688999 69.940002
c<A>r<113>R<GLY> 6.685000 42.001999 72.862999
c<A>r<114>R<ALA> 7.727000 38.967999 74.830002
c<A>r<115>R<SER> 5.887000 38.917000 78.170998
c<A>r<116>R<ALA> 7.257000 37.619999 81.428001
c<A>r<117>R<ARG> 5.556000 34.595001 83.039001
c<A>r<118>R<TYR> 4.966000 34.443001 86.791000
c<A>r<119>R<LEU> 4.517000 31.538000 89.239998
c<A>r<120>R<GLY> 0.781000 32.292000 89.740997
c<A>r<121>R<LEU> 0.928000 32.401001 93.547997
c<A>r<122>R<PRO> -1.331000 34.945999 95.296997
c<A>r<124>R<GLU> 3.749000 36.646000 94.681999
c<A>r<125>R<GLU> 0.924000 38.688999 93.106003
c<A>r<128>R<LYS> 4.553000 42.512001 92.431000
c<A>r<134>R<ALA> 10.806000 39.596001 86.584999
c<A>r<152>R<GLY> 13.833000 29.367001 87.498001
c<A>r<176>R<ARG> 12.561000 22.353001 91.356003
c<A>r<206>R<THR> 9.470000 24.740999 95.139000
c<A>r<207>R<LEU> 8.381000 28.162001 96.240997
c<A>r<243>R<ILE> 11.018000 31.270000 84.485001
c<A>r<244>R<GLY> 10.893000 32.658001 80.919998
c<A>r<245>R<HIS> 9.134000 35.000000 78.519997
c<A>r<246>R<SER> 6.451000 34.303001 75.882004
c<A>r<247>R<PRO> 7.242000 36.127998 72.592003
c<A>r<248>R<ASN> 3.905000 37.132000 71.098999
c<A>r<249>R<THR> 4.445000 35.533001 67.765999
c<A>r<250>R<ALA> 2.001000 32.547001 67.558998
c<A>r<251>R<ILE> 0.048000 34.513000 64.844002
c<A>r<252>R<PHE> 3.262000 34.646999 62.756001
c<A>r<253>R<GLU> 4.176000 30.959000 62.863998
c<A>r<261>R<GLY> 9.571000 32.026001 69.003998
c<C>r<9>R<ASP> -8.540000 34.904999 90.194000
c<C>r<10>R<ASP> -8.998000 33.445999 93.685997
c<C>r<11>R<SER> -9.341000 29.854000 92.581001
c<C>r<12>R<PHE> -6.303000 29.844000 90.288002
c<C>r<13>R<ASP> -3.758000 28.542999 92.778999
c<C>r<14>R<THR> -6.001000 25.759001 94.078003
c<C>r<16>R<VAL> -4.254000 25.139999 88.445000
c<C>r<17>R<LEU> -1.078000 25.448999 90.457001
c<C>r<31>R<TRP> -15.507000 40.660999 72.775002
c<C>r<32>R<CYS> -12.651000 38.522999 71.388000
c<C>r<33>R<GLY> -13.581000 37.116001 68.004997
c<C>r<34>R<PRO> -10.692000 34.660999 67.598000
c<C>r<35>R<CYS> -11.349000 33.471001 71.164001
c<C>r<65>R<GLY> -5.670000 39.897999 88.128998
c<C>r<66>R<THR> -4.244000 36.716000 86.637001
c<C>r<67>R<ALA> -3.191000 37.584000 83.059998
c<C>r<68>R<PRO> -0.722000 40.284000 84.154999
c<C>r<69>R<LYS> 1.096000 37.826000 86.389999
c<C>r<70>R<TYR> 1.944000 35.660999 83.366997
c<C>r<71>R<GLY> 2.822000 38.612000 81.143997
c<C>r<72>R<ILE> -0.119000 37.937000 78.819000
c<C>r<73>R<ARG> -0.388000 40.716999 76.264999
c<C>r<74>R<GLY> -3.120000 39.499001 73.879997
c<C>r<75>R<ILE> -5.933000 36.912998 73.677002
c<C>r<76>R<PRO> -6.531000 34.159000 73.052002
c<C>r<77>R<THR> -3.464000 32.904999 74.879997
c<C>r<79>R<LEU> -0.947000 28.344999 78.884003
c<C>r<83>R<ASN> 3.616000 20.690001 88.245003
c<C>r<84>R<GLY> 2.764000 24.296000 89.132004
c<C>r<85>R<GLU> 4.662000 25.936001 86.328003
c<C>r<86>R<VAL> 4.127000 27.014999 82.742996
c<C>r<87>R<ALA> 5.478000 24.298000 80.443001
c<C>r<88>R<ALA> 4.510000 25.915001 77.100998
c<C>r<89>R<THR> 2.399000 28.719999 75.705002
c<C>r<90>R<LYS> 0.666000 29.537001 72.440002
c<C>r<91>R<VAL> -0.639000 32.967999 71.477997
c<C>r<92>R<GLY> -3.397000 33.446999 68.894997
c<C>r<93>R<ALA> -5.978000 31.252001 67.242996
c<C>r<94>R<LEU> -4.997000 27.900999 65.749001
