c<A>r<20>R<TYR> 19.850000 21.302999 31.166000
c<A>r<21>R<THR> 21.054001 20.472000 34.638000
c<A>r<22>R<CYS> 18.535000 18.327999 36.483002
c<A>r<23>R<ALA> 17.379999 19.400999 39.905998
c<A>r<24>R<ALA> 19.462000 17.517000 42.494999
c<A>r<25>R<ASN> 18.163000 13.993000 43.091000
c<A>r<26>R<SER> 15.117000 14.642000 40.893002
c<A>r<27>R<ILE> 16.018000 11.462000 38.890999
c<A>r<28>R<PRO> 16.261999 9.126000 41.848999
c<A>r<29>R<TYR> 16.476000 5.956000 39.702000
c<A>r<30>R<GLN> 19.539000 7.249000 37.841999
c<A>r<69>R<GLY> 21.851000 8.954000 45.006001
c<A>r<71>R<HIS> 24.025999 14.571000 41.705002
c<A>r<72>R<ASN> 27.624001 15.782000 41.633999
c<A>r<74>R<ASP> 32.868999 14.504000 41.723999
c<A>r<75>R<VAL> 31.785999 15.509000 45.251999
c<A>r<76>R<LEU> 30.485001 13.395000 48.110001
c<A>r<77>R<GLU> 27.285000 15.370000 49.063999
c<A>r<78>R<GLY> 26.129000 12.735000 51.590000
c<A>r<79>R<ASN> 23.098000 11.036000 49.891998
c<A>r<80>R<GLU> 25.177999 8.701000 47.790001
c<A>r<81>R<GLN> 25.100000 4.911000 48.202000
c<A>r<113>R<THR> 18.108999 1.591000 50.476002
c<A>r<114>R<LEU> 15.056000 3.283000 48.967999
c<A>r<115>R<ASN> 14.125000 6.798000 50.014000
c<A>r<116>R<SER> 13.243000 10.099000 48.252998
c<A>r<117>R<ARG> 16.716000 10.304000 46.553001
c<A>r<118>R<VAL> 17.164000 6.626000 45.664001
c<A>r<119>R<ALA> 14.059000 5.034000 44.111000
c<A>r<120>R<THR> 13.093000 2.441000 41.558998
c<A>r<121>R<VAL> 11.539000 3.304000 38.205002
c<A>r<122>R<SER> 8.724000 1.204000 36.839001
c<A>r<135>R<GLU> 7.304000 12.842000 25.868000
c<A>r<136>R<CYS> 10.272000 11.383000 27.782000
c<A>r<137>R<LEU> 13.119000 12.396000 30.023001
c<A>r<138>R<ILE> 16.702000 11.274000 29.166000
c<A>r<139>R<SER> 19.469000 11.793000 31.694000
c<A>r<154>R<LEU> 26.118000 17.479000 37.669998
c<A>r<155>R<LEU> 23.487000 15.209000 36.185001
c<A>r<156>R<GLN> 22.080000 16.485001 32.909000
c<A>r<157>R<CYS> 18.496000 16.089001 31.655001
c<A>r<158>R<LEU> 16.790001 16.326000 28.264000
c<A>r<159>R<LYS> 13.121000 16.292999 27.323999
c<A>r<198>R<PRO> 17.356001 5.918000 31.257000
c<A>r<199>R<VAL> 14.660000 7.158000 28.962000
c<A>r<200>R<VAL> 11.547000 7.506000 31.146999
c<A>r<201>R<CYS> 8.184000 8.362000 29.620001
c<A>r<202>R<ASN> 4.983000 8.685000 31.721001
c<A>r<203>R<GLY> 6.581000 7.038000 34.723000
c<A>r<204>R<GLN> 7.949000 4.043000 32.747002
c<A>r<209>R<LEU> 11.478000 3.126000 31.660999
c<B>r<29>R<ILE> 18.695000 25.985001 47.625999
c<B>r<30>R<ARG> 17.125999 23.129999 45.722000
c<B>r<31>R<ALA> 14.725000 20.162001 46.043999
c<B>r<32>R<ALA> 15.587000 16.594999 47.127998
c<B>r<33>R<PRO> 13.701000 13.400000 48.124001
c<B>r<34>R<THR> 13.854000 12.748000 51.851002
c<B>r<35>R<GLY> 12.832000 9.546000 53.483002
c<B>r<36>R<ASN> 9.901000 7.912000 51.873001
c<B>r<37>R<GLU> 9.163000 10.470000 49.181000
c<B>r<38>R<ARG> 9.947000 9.536000 45.542999
c<B>r<39>R<CYS> 9.491000 12.970000 44.117001
c<B>r<40>R<PRO> 11.939000 15.696000 45.153999
c<B>r<41>R<LEU> 9.696000 17.521999 47.598000
c<B>r<42>R<THR> 12.048000 18.671000 50.370998
c<B>r<44>R<VAL> 17.323000 21.598000 50.782001
c<B>r<46>R<SER> 23.216999 22.183001 48.513000
c<B>r<47>R<ARG> 26.434999 20.909000 50.165001
c<B>r<48>R<ASN> 28.330999 21.492001 46.931999
c<B>r<49>R<GLU> 29.570000 25.045000 47.207001
c<B>r<50>R<LEU> 29.798000 25.166000 43.400002
c<B>r<51>R<ASP> 26.038000 24.590000 43.098999
c<B>r<53>R<GLY> 20.690001 25.556000 43.021999
c<B>r<54>R<ILE> 17.257000 26.070000 41.389999
c<B>r<79>R<SER> 11.159000 24.542000 36.084000
c<B>r<80>R<PHE> 13.738000 21.865000 36.945999
c<B>r<81>R<ALA> 14.441000 18.194000 36.131001
c<B>r<82>R<VAL> 12.355000 15.427000 37.789001
c<B>r<83>R<ILE> 11.752000 11.794000 36.853001
c<B>r<84>R<MET> 8.734000 11.334000 34.519001
c<B>r<85>R<LEU> 6.727000 10.013000 37.470001
c<B>r<86>R<CYS> 6.938000 13.438000 39.098999
c<B>r<87>R<VAL> 6.223000 15.743000 36.181000
c<B>r<153>R<ASP> 19.313000 14.338000 58.136002
c<B>r<154>R<HIS> 20.173000 10.669000 58.707001
c<B>r<155>R<ASP> 21.698000 8.240000 56.214001
c<B>r<156>R<ASP> 21.826000 11.438000 54.134998
c<B>r<157>R<GLY> 23.499001 14.316000 55.855000
c<B>r<158>R<THR> 20.882999 16.514000 54.171001
