c<A>r<19>R<GLY> 20.009001 19.566000 27.789000
c<A>r<121>R<VAL> 11.539000 3.304000 38.205002
c<A>r<122>R<SER> 8.724000 1.204000 36.839001
c<A>r<124>R<PRO> 6.843000 -0.496000 30.987000
c<A>r<125>R<ARG> 3.229000 -1.589000 31.160999
c<A>r<127>R<SER> 3.051000 -1.225000 27.337999
c<A>r<128>R<CYS> 5.197000 0.196000 24.606001
c<A>r<129>R<ALA> 4.963000 3.959000 24.160999
c<A>r<130>R<ALA> 3.054000 5.754000 21.389999
c<A>r<132>R<ALA> 4.966000 7.876000 18.891001
c<A>r<133>R<GLY> 5.165000 11.405000 20.177999
c<A>r<134>R<THR> 5.241000 10.428000 23.858000
c<A>r<135>R<GLU> 7.304000 12.842000 25.868000
c<A>r<136>R<CYS> 10.272000 11.383000 27.782000
c<A>r<137>R<LEU> 13.119000 12.396000 30.023001
c<A>r<158>R<LEU> 16.790001 16.326000 28.264000
c<A>r<159>R<LYS> 13.121000 16.292999 27.323999
c<A>r<160>R<ALA> 12.556000 14.424000 24.089001
c<A>r<161>R<PRO> 9.753000 12.632000 22.271999
c<A>r<162>R<VAL> 9.548000 9.110000 20.933001
c<A>r<163>R<LEU> 10.037000 9.498000 17.187000
c<A>r<164>R<SER> 7.819000 8.252000 14.371000
c<A>r<165>R<ASP> 8.669000 4.886000 12.840000
c<A>r<166>R<SER> 9.334000 6.711000 9.562000
c<A>r<167>R<SER> 11.626000 9.324000 11.218000
c<A>r<168>R<CYS> 13.625000 6.569000 13.031000
c<A>r<170>R<SER> 14.676000 6.579000 7.589000
c<A>r<183>R<VAL> 13.898000 9.348000 20.882999
c<A>r<184>R<PHE> 15.053000 15.336000 17.361000
c<A>r<184>i<A>R<GLY> 15.020000 12.871000 20.183001
c<A>r<185>R<LEU> 15.821000 15.243000 13.667000
c<A>r<188>R<LYS> 19.622999 17.683001 21.431000
c<A>r<200>R<VAL> 11.547000 7.506000 31.146999
c<A>r<201>R<CYS> 8.184000 8.362000 29.620001
c<A>r<202>R<ASN> 4.983000 8.685000 31.721001
c<A>r<203>R<GLY> 6.581000 7.038000 34.723000
c<A>r<204>R<GLN> 7.949000 4.043000 32.747002
c<B>r<57>R<ILE> -5.907000 6.004000 19.688999
c<B>r<58>R<ILE> -6.711000 5.468000 23.340000
c<B>r<59>R<SER> -4.407000 3.194000 25.299999
c<B>r<60>R<SER> -3.740000 2.139000 28.896000
c<B>r<61>R<PRO> -0.472000 0.538000 29.934999
c<B>r<62>R<TYR> -2.390000 -2.210000 31.855000
c<B>r<63>R<ARG> -3.507000 -5.373000 30.138000
c<B>r<72>R<PRO> -3.892000 5.704000 33.235001
c<B>r<73>R<LEU> -4.035000 6.590000 29.549000
c<B>r<74>R<SER> -1.878000 7.652000 26.663000
c<B>r<75>R<LEU> -3.640000 9.259000 23.722000
c<B>r<76>R<LYS> -2.127000 9.656000 20.298000
c<B>r<77>R<PHE> -3.590000 10.923000 17.006001
c<B>r<87>R<VAL> 6.020000 14.362000 8.053000
c<B>r<88>R<GLY> 6.939000 11.858000 10.723000
c<B>r<89>R<ILE> 6.370000 14.051000 13.829000
c<B>r<90>R<PRO> 5.127000 12.264000 17.007000
c<B>r<91>R<THR> 1.351000 12.457000 17.492001
c<B>r<92>R<GLU> 1.178000 11.362000 21.158001
c<B>r<93>R<TRP> -0.190000 14.069000 23.482000
c<B>r<94>R<SER> 2.176000 15.839000 25.910000
c<B>r<95>R<VAL> 1.507000 18.478001 28.624001
c<B>r<96>R<VAL> 4.343000 20.959999 28.423000
c<B>r<106>R<LYS> 0.976000 19.524000 22.605000
c<B>r<107>R<ILE> 2.157000 16.957001 20.145000
c<B>r<108>R<GLY> 5.513000 16.459000 18.458000
c<B>r<109>R<GLU> 8.698000 16.771000 20.499001
c<B>r<110>R<ASN> 8.623000 19.291000 23.306999
c<B>r<111>R<LYS> 11.330000 20.108999 25.830999
c<B>r<112>R<ASP> 9.303000 20.802000 28.980000
c<B>r<113>R<ALA> 6.883000 17.858999 28.565001
c<B>r<114>R<MET> 5.574000 17.077999 32.028000
c<B>r<115>R<ASP> 5.742000 13.436000 33.011002
c<B>r<116>R<GLY> 2.408000 11.993000 33.993000
c<B>r<117>R<TRP> -0.684000 10.120000 32.745998
c<B>r<118>R<PHE> -4.196000 10.916000 31.504999
c<B>r<136>R<CYS> -1.964000 13.377000 36.691002
c<B>r<137>R<PRO> 1.631000 14.572000 36.912998
c<B>r<138>R<GLN> 4.894000 13.132000 37.527000
c<B>r<139>R<GLN> 5.709000 9.522000 36.939999
