c<A>r<91>R<HIS> 21.493000 -10.276000 27.316999
c<A>r<92>R<PRO> 22.360001 -13.680000 25.763000
c<A>r<93>R<ASN> 21.479000 -12.388000 22.275000
c<A>r<94>R<PHE> 23.372999 -9.081000 22.444000
c<A>r<95>R<ASN> 25.054001 -8.504000 19.121000
c<A>r<96>R<GLY> 27.974001 -6.049000 19.267000
c<A>r<97>R<ASN> 27.698000 -5.217000 15.536000
c<A>r<98>R<THR> 24.013000 -4.464000 15.180000
c<A>r<99>R<LEU> 23.608999 -3.538000 18.857000
c<A>r<100>R<ASP> 20.407000 -5.600000 18.948000
c<A>r<101>R<ASN> 19.482000 -6.578000 22.504999
c<A>r<103>R<ILE> 20.693001 -4.607000 27.628000
c<A>r<124>R<PRO> 6.843000 -0.496000 30.987000
c<A>r<125>R<ARG> 3.229000 -1.589000 31.160999
c<A>r<127>R<SER> 3.051000 -1.225000 27.337999
c<A>r<128>R<CYS> 5.197000 0.196000 24.606001
c<A>r<129>R<ALA> 4.963000 3.959000 24.160999
c<A>r<130>R<ALA> 3.054000 5.754000 21.389999
c<A>r<132>R<ALA> 4.966000 7.876000 18.891001
c<A>r<133>R<GLY> 5.165000 11.405000 20.177999
c<A>r<134>R<THR> 5.241000 10.428000 23.858000
c<A>r<162>R<VAL> 9.548000 9.110000 20.933001
c<A>r<163>R<LEU> 10.037000 9.498000 17.187000
c<A>r<164>R<SER> 7.819000 8.252000 14.371000
c<A>r<165>R<ASP> 8.669000 4.886000 12.840000
c<A>r<166>R<SER> 9.334000 6.711000 9.562000
c<A>r<168>R<CYS> 13.625000 6.569000 13.031000
c<A>r<169>R<LYS> 14.030000 3.968000 10.300000
c<A>r<170>R<SER> 14.676000 6.579000 7.589000
c<A>r<173>R<PRO> 18.252001 2.501000 6.800000
c<A>r<174>R<GLY> 18.125000 -1.191000 7.540000
c<A>r<175>R<GLN> 19.579000 -0.795000 11.084000
c<A>r<176>R<ILE> 16.518999 -0.332000 13.365000
c<A>r<177>R<THR> 15.374000 -3.676000 14.694000
c<A>r<178>R<GLY> 12.089000 -4.354000 16.521000
c<A>r<179>R<ASN> 14.100000 -3.977000 19.789000
c<A>r<180>R<MET> 15.021000 -0.324000 19.139999
c<A>r<181>R<ILE> 13.293000 3.046000 19.249001
c<A>r<182>R<CYS> 14.455000 6.526000 18.399000
c<A>r<183>R<VAL> 13.898000 9.348000 20.882999
c<A>r<210>R<GLN> 10.927000 2.821000 27.871000
c<A>r<211>R<GLY> 14.517000 3.224000 26.660000
c<A>r<228>R<TYR> 17.547001 3.286000 22.410000
c<A>r<229>R<THR> 16.948000 -0.276000 23.534000
c<A>r<230>R<LYS> 13.137000 -0.793000 23.539000
c<A>r<231>R<VAL> 12.606000 -1.820000 27.139999
c<A>r<232>R<CYS> 8.936000 -2.847000 26.625999
c<A>r<233>R<ASN> 10.246000 -5.982000 24.809000
c<A>r<234>R<TYR> 12.390000 -7.046000 27.798000
c<A>r<235>R<VAL> 10.124000 -7.102000 30.848000
c<A>r<236>R<ASN> 9.958000 -10.915000 30.820999
c<A>r<237>R<TRP> 13.696000 -11.282000 30.424999
c<A>r<238>R<ILE> 14.310000 -8.809000 33.237000
c<A>r<239>R<GLN> 11.802000 -10.425000 35.624001
c<A>r<240>R<GLN> 13.031000 -13.946000 34.823002
c<A>r<241>R<THR> 16.707001 -12.944000 35.448002
c<A>r<242>R<ILE> 15.843000 -11.275000 38.699001
c<A>r<243>R<ALA> 13.822000 -14.338000 39.882000
c<A>r<244>R<ALA> 16.670000 -16.740999 38.966999
c<B>r<21>R<SER> 14.998000 -10.468000 9.299000
c<B>r<22>R<ASP> 17.500999 -7.668000 8.439000
c<B>r<23>R<ILE> 19.735001 -8.145000 11.526000
c<B>r<24>R<THR> 22.042000 -10.972000 10.358000
c<B>r<25>R<ALA> 22.530001 -11.803000 14.034000
c<B>r<26>R<PHE> 19.028999 -13.255000 13.613000
c<B>r<35>R<GLY> 6.217000 -19.632000 30.268000
c<B>r<47>R<ARG> 18.347000 -16.349001 17.336000
c<B>r<48>R<ASN> 20.094000 -18.791000 15.019000
c<B>r<99>R<LEU> -0.860000 -9.724000 28.982000
c<B>r<100>R<PRO> 2.241000 -8.661000 30.836000
c<B>r<101>R<GLU> 4.474000 -8.501000 27.747000
c<B>r<102>R<GLY> 2.164000 -6.055000 26.066000
c<B>r<103>R<PRO> -0.159000 -7.171000 23.207001
c<B>r<122>R<ARG> 7.530000 -0.468000 3.398000
c<B>r<123>R<VAL> 10.722000 0.602000 5.112000
c<B>r<124>R<SER> 13.239000 -0.060000 2.308000
c<B>r<127>R<GLU> 19.407000 -5.521000 1.244000
c<B>r<128>R<PHE> 16.534000 -3.067000 0.634000
c<B>r<129>R<ASN> 13.297000 -5.037000 0.206000
c<B>r<130>R<ASN> 12.421000 -4.350000 3.829000
c<B>r<131>R<TYR> 8.943000 -4.064000 5.363000
c<B>r<132>R<LYS> 7.391000 -3.907000 8.780000
c<B>r<146>R<GLY> 0.699000 -0.653000 16.299999
c<B>r<147>R<ASP> 4.156000 -1.761000 15.109000
c<B>r<148>R<ILE> 5.056000 -5.369000 15.674000
c<B>r<149>R<GLY> 8.412000 -5.288000 17.488001
c<B>r<150>R<ILE> 10.426000 -7.644000 19.736000
c<B>r<151>R<SER> 10.131000 -8.396000 23.474001
c<B>r<152>R<ILE> 12.955000 -10.374000 25.044001
c<B>r<153>R<ASP> 12.201000 -12.968000 27.739000
c<B>r<154>R<HIS> 13.489000 -14.258000 31.086000
c<B>r<155>R<ASP> 15.230000 -17.566000 31.768999
c<B>r<156>R<ASP> 14.945000 -17.778999 27.969999
c<B>r<157>R<GLY> 16.312000 -14.795000 26.162001
c<B>r<158>R<THR> 13.425000 -15.268000 23.722000
c<B>r<159>R<ARG> 12.666000 -12.446000 21.290001
c<B>r<160>R<ARG> 8.891000 -12.635000 21.153999
c<B>r<161>R<LEU> 6.781000 -10.588000 18.766001
c<B>r<162>R<VAL> 4.563000 -8.069000 20.596001
c<B>r<163>R<VAL> 2.824000 -4.924000 19.429001
c<B>r<164>R<SER> 5.454000 -2.286000 20.118999
c<B>r<165>R<LYS> 4.920000 1.452000 19.632000
c<B>r<166>R<ASN> 8.697000 2.039000 19.362000
c<B>r<167>R<LYS> 8.873000 -1.322000 17.694000
c<B>r<168>R<PRO> 9.594000 -2.243000 14.658000
c<B>r<169>R<LEU> 10.948000 -5.542000 13.417000
c<B>r<170>R<VAL> 12.247000 -5.053000 9.900000
c<B>r<171>R<VAL> 11.692000 -8.126000 7.836000
