c<A>r<16>R<ILE> 23.594000 14.913000 27.146000
c<A>r<32>R<SER> 26.407000 6.145000 37.723000
c<A>r<33>R<LEU> 28.468000 3.045000 36.895000
c<A>r<34>R<ASN> 32.055000 3.513000 38.043999
c<A>r<37>R<SER> 35.230999 1.540000 37.208000
c<A>r<38>R<GLY> 37.653000 4.114000 38.695999
c<A>r<39>R<SER> 35.681000 6.948000 36.978001
c<A>r<40>R<HIS> 32.118000 7.253000 35.722000
c<A>r<41>R<PHE> 31.693001 5.348000 32.448002
c<A>r<42>R<CYS> 27.975000 4.615000 31.964001
c<A>r<43>R<GLY> 24.507999 5.233000 33.353001
c<A>r<44>R<GLY> 21.922001 2.797000 34.520000
c<A>r<55>R<ALA> 23.336000 -1.370000 28.198000
c<A>r<56>R<ALA> 25.392000 -4.438000 27.225000
c<A>r<57>R<HIS> 27.917999 -2.291000 25.431000
c<A>r<58>R<CYS> 28.746000 -0.850000 28.871000
c<A>r<59>R<TYR> 29.948999 -4.260000 30.166000
c<A>r<60>R<LYS> 32.964001 -4.273000 32.429001
c<A>r<61>R<SER> 33.903000 -7.246000 34.611000
c<A>r<62>R<ARG> 33.932999 -5.136000 37.805000
c<A>r<63>R<ILE> 31.486000 -2.244000 38.417000
c<A>r<74>R<ASP> 32.868999 14.504000 41.723999
c<A>r<90>R<THR> 24.448999 -9.278000 29.489000
c<A>r<93>R<ASN> 21.479000 -12.388000 22.275000
c<A>r<94>R<PHE> 23.372999 -9.081000 22.444000
c<A>r<95>R<ASN> 25.054001 -8.504000 19.121000
c<A>r<96>R<GLY> 27.974001 -6.049000 19.267000
c<A>r<97>R<ASN> 27.698000 -5.217000 15.536000
c<A>r<98>R<THR> 24.013000 -4.464000 15.180000
c<A>r<99>R<LEU> 23.608999 -3.538000 18.857000
c<A>r<140>R<GLY> 23.134001 11.173000 32.304001
c<A>r<141>R<TRP> 26.712000 12.396000 32.979000
c<A>r<142>R<GLY> 27.857000 11.997000 29.400000
c<A>r<143>R<ASN> 29.422001 14.475000 26.990000
c<A>r<144>R<THR> 27.608999 17.815001 26.816999
c<A>r<145>R<LYS> 29.361000 19.271999 23.754000
c<A>r<146>R<SER> 28.412001 18.743000 20.066000
c<A>r<147>R<SER> 32.018002 19.605000 19.080000
c<A>r<148>R<GLY> 34.682999 18.554001 21.528000
c<A>r<149>R<SER> 34.305000 17.049000 24.916000
c<A>r<150>R<SER> 33.029999 18.190001 28.259001
c<A>r<151>R<TYR> 31.982000 15.796000 31.007999
c<A>r<152>R<PRO> 29.766001 17.389000 33.648998
c<A>r<171>R<SER> 17.584000 7.911000 9.671000
c<A>r<172>R<TYR> 19.334000 4.551000 9.867000
c<A>r<173>R<PRO> 18.252001 2.501000 6.800000
c<A>r<174>R<GLY> 18.125000 -1.191000 7.540000
c<A>r<175>R<GLN> 19.579000 -0.795000 11.084000
c<A>r<190>R<SER> 22.379999 11.636000 24.462999
c<A>r<191>R<CYS> 26.125000 11.022000 23.937000
c<A>r<192>R<GLN> 29.136000 9.002000 25.096001
c<A>r<193>R<GLY> 29.007000 8.438000 28.848000
c<A>r<194>R<ASP> 25.205000 8.529000 28.813000
c<A>r<195>R<SER> 25.230000 4.900000 27.549000
c<A>r<196>R<GLY> 23.124001 2.569000 29.625000
c<A>r<197>R<GLY> 21.052000 5.331000 31.225000
c<A>r<213>R<VAL> 20.783001 4.860000 25.943001
c<A>r<214>R<SER> 22.311001 2.624000 23.230000
c<A>r<215>R<TRP> 23.719000 3.975000 19.979000
c<A>r<216>R<GLY> 23.518000 6.417000 17.072001
c<A>r<217>R<TYR> 25.926001 8.235000 14.719000
c<A>r<219>R<GLY> 27.896999 10.723000 16.712999
c<A>r<220>R<CYS> 25.653000 12.805000 18.929001
c<A>r<221>R<GLN> 23.877001 15.567000 14.479000
c<A>r<221>i<A>R<ALA> 23.187000 15.583000 18.242001
c<A>r<222>R<LYS> 21.049000 16.346001 12.089000
c<A>r<224>R<LYS> 20.809000 11.027000 13.379000
c<B>r<21>R<SER> 36.852001 -7.103000 22.621000
c<B>r<22>R<ASP> 34.596001 -8.887000 25.184999
c<B>r<23>R<ILE> 31.434999 -8.921000 23.006001
c<B>r<24>R<THR> 32.013000 -12.061000 20.886999
c<B>r<25>R<ALA> 29.716999 -10.480000 18.304001
c<B>r<26>R<PHE> 32.814999 -8.355000 17.643999
c<B>r<27>R<GLY> 36.376999 -8.294000 16.438000
c<B>r<45>R<GLN> 36.258999 -2.031000 16.039000
c<B>r<46>R<SER> 35.747002 -4.890000 13.557000
c<B>r<47>R<ARG> 32.228001 -6.374000 13.214000
c<B>r<48>R<ASN> 33.721001 -9.662000 12.056000
c<B>r<49>R<GLU> 34.257999 -11.614000 15.241000
c<B>r<95>R<VAL> 41.700001 12.391000 19.767000
c<B>r<96>R<VAL> 40.518002 15.213000 17.556999
c<B>r<97>R<GLU> 37.858002 17.555000 18.768000
c<B>r<98>R<ASP> 35.365002 19.874001 17.031000
c<B>r<99>R<LEU> 33.730999 16.903000 15.309000
c<B>r<100>R<PRO> 30.135000 15.836000 14.971000
c<B>r<101>R<GLU> 30.660000 12.332000 16.385000
c<B>r<102>R<GLY> 32.084999 13.714000 19.580000
c<B>r<103>R<PRO> 35.867001 13.576000 20.282000
c<B>r<104>R<ALA> 37.032001 10.992000 17.785000
c<B>r<112>R<ASP> 42.325001 19.632999 16.098000
c<B>r<114>R<MET> 43.679001 17.200001 21.511999
c<B>r<121>R<GLU> 41.907001 1.014000 33.730999
c<B>r<122>R<ARG> 40.823002 -2.416000 34.985001
c<B>r<123>R<VAL> 37.257999 -3.633000 34.709999
c<B>r<124>R<SER> 37.790001 -7.383000 35.243999
c<B>r<127>R<GLU> 37.076000 -14.076000 30.375000
c<B>r<128>R<PHE> 38.160000 -11.627000 33.110001
c<B>r<129>R<ASN> 41.328999 -9.834000 31.978001
c<B>r<130>R<ASN> 39.237999 -6.869000 30.882000
c<B>r<131>R<TYR> 40.287998 -3.207000 30.756001
c<B>r<132>R<LYS> 38.986000 0.036000 29.379000
c<B>r<134>R<VAL> 40.643002 6.456000 28.907000
c<B>r<137>R<PRO> 43.444000 15.754000 28.110001
c<B>r<143>R<ASP> 42.825001 13.698000 36.402000
c<B>r<144>R<LYS> 39.466999 13.804000 34.563999
c<B>r<145>R<CYS> 39.662998 11.429000 31.587000
c<B>r<146>R<GLY> 36.862000 10.398000 29.218000
c<B>r<147>R<ASP> 35.971001 6.760000 28.466999
c<B>r<148>R<ILE> 36.660000 5.542000 24.976000
c<B>r<149>R<GLY> 33.369999 4.024000 23.781000
c<B>r<150>R<ILE> 31.724001 3.225000 20.417999
c<B>r<151>R<SER> 29.841000 5.468000 17.958000
c<B>r<152>R<ILE> 27.958000 3.733000 15.166000
c<B>r<153>R<ASP> 27.853001 5.285000 11.681000
c<B>r<154>R<HIS> 25.476000 5.945000 8.777000
c<B>r<155>R<ASP> 25.431000 4.216000 5.393000
c<B>r<156>R<ASP> 28.146999 2.160000 7.113000
c<B>r<157>R<GLY> 27.125000 0.744000 10.428000
c<B>r<158>R<THR> 30.701000 1.440000 11.541000
c<B>r<159>R<ARG> 31.476999 1.268000 15.260000
c<B>r<160>R<ARG> 33.997002 4.069000 15.580000
c<B>r<162>R<VAL> 35.008999 8.173000 20.273001
c<B>r<163>R<VAL> 35.436001 9.579000 23.754999
c<B>r<164>R<SER> 32.178001 8.567000 25.402000
c<B>r<165>R<LYS> 31.152000 9.577000 28.926001
c<B>r<166>R<ASN> 28.714001 6.629000 29.149000
c<B>r<167>R<LYS> 31.179001 4.723000 27.052000
c<B>r<168>R<PRO> 33.092999 2.166000 27.673000
c<B>r<169>R<LEU> 34.522999 -0.388000 25.289000
c<B>r<170>R<VAL> 35.757000 -3.341000 27.302000
c<B>r<171>R<VAL> 38.801998 -4.846000 25.728001
