c<A>r<40>R<HIS> 32.118000 7.253000 35.722000
c<A>r<41>R<PHE> 31.693001 5.348000 32.448002
c<A>r<42>R<CYS> 27.975000 4.615000 31.964001
c<A>r<55>R<ALA> 23.336000 -1.370000 28.198000
c<A>r<56>R<ALA> 25.392000 -4.438000 27.225000
c<A>r<57>R<HIS> 27.917999 -2.291000 25.431000
c<A>r<58>R<CYS> 28.746000 -0.850000 28.871000
c<A>r<59>R<TYR> 29.948999 -4.260000 30.166000
c<A>r<60>R<LYS> 32.964001 -4.273000 32.429001
c<A>r<95>R<ASN> 25.054001 -8.504000 19.121000
c<A>r<96>R<GLY> 27.974001 -6.049000 19.267000
c<A>r<97>R<ASN> 27.698000 -5.217000 15.536000
c<A>r<98>R<THR> 24.013000 -4.464000 15.180000
c<A>r<99>R<LEU> 23.608999 -3.538000 18.857000
c<A>r<142>R<GLY> 27.857000 11.997000 29.400000
c<A>r<143>R<ASN> 29.422001 14.475000 26.990000
c<A>r<148>R<GLY> 34.682999 18.554001 21.528000
c<A>r<149>R<SER> 34.305000 17.049000 24.916000
c<A>r<172>R<TYR> 19.334000 4.551000 9.867000
c<A>r<173>R<PRO> 18.252001 2.501000 6.800000
c<A>r<174>R<GLY> 18.125000 -1.191000 7.540000
c<A>r<175>R<GLN> 19.579000 -0.795000 11.084000
c<A>r<190>R<SER> 22.379999 11.636000 24.462999
c<A>r<191>R<CYS> 26.125000 11.022000 23.937000
c<A>r<192>R<GLN> 29.136000 9.002000 25.096001
c<A>r<193>R<GLY> 29.007000 8.438000 28.848000
c<A>r<194>R<ASP> 25.205000 8.529000 28.813000
c<A>r<195>R<SER> 25.230000 4.900000 27.549000
c<A>r<196>R<GLY> 23.124001 2.569000 29.625000
c<A>r<197>R<GLY> 21.052000 5.331000 31.225000
c<A>r<212>R<ILE> 18.145000 2.564000 27.493000
c<A>r<213>R<VAL> 20.783001 4.860000 25.943001
c<A>r<214>R<SER> 22.311001 2.624000 23.230000
c<A>r<215>R<TRP> 23.719000 3.975000 19.979000
c<A>r<216>R<GLY> 23.518000 6.417000 17.072001
c<A>r<217>R<TYR> 25.926001 8.235000 14.719000
c<A>r<219>R<GLY> 27.896999 10.723000 16.712999
c<A>r<220>R<CYS> 25.653000 12.805000 18.929001
c<A>r<224>R<LYS> 20.809000 11.027000 13.379000
c<A>r<226>R<GLY> 19.582001 8.656000 19.424000
c<A>r<227>R<VAL> 18.652000 4.975000 19.223000
c<A>r<228>R<TYR> 17.547001 3.286000 22.410000
c<B>r<1>R<ASP> 35.136002 -7.833000 24.551001
c<B>r<2>R<PHE> 36.526001 -4.272000 24.861000
c<B>r<12>R<GLU> 37.453999 5.737000 24.580999
c<B>r<13>R<ASN> 34.747002 6.385000 21.987000
c<B>r<14>R<GLY> 35.846001 9.584000 20.280001
c<B>r<15>R<GLY> 39.419998 9.520000 21.459000
c<B>r<59>R<SER> 34.233002 6.780000 17.011000
c<B>r<60>R<SER> 31.186001 4.499000 17.093000
c<B>r<61>R<PRO> 27.715000 5.772000 16.281000
c<B>r<62>R<TYR> 26.305000 4.031000 19.427000
c<B>r<63>R<ARG> 26.268000 5.770000 22.768999
c<B>r<64>R<ILE> 28.822001 3.319000 24.148001
c<B>r<65>R<ARG> 31.671000 5.037000 25.992001
c<B>r<66>R<PHE> 34.028999 2.158000 25.270000
c<B>r<67>R<ILE> 34.703999 0.572000 21.921000
c<B>r<68>R<ALA> 34.044998 -3.182000 22.187000
c<B>r<69>R<GLU> 34.873001 -5.423000 19.232000
c<B>r<70>R<GLY> 32.395000 -5.716000 16.400000
c<B>r<71>R<HIS> 30.961000 -2.275000 17.073999
c<B>r<72>R<PRO> 30.712999 -0.129000 13.945000
c<B>r<73>R<LEU> 33.397999 2.538000 13.688000
c<B>r<74>R<SER> 34.305000 5.671000 11.825000
c<B>r<117>R<TRP> 31.410999 0.623000 8.561000
c<B>r<119>R<ARG> 34.896999 -2.907000 12.980000
c<B>r<139>R<GLN> 24.749001 0.627000 4.761000
c<B>r<143>R<ASP> 28.167999 -9.657000 8.131000
