c<A>r<8>R<LYS> -14.772000 -0.910000 5.977000
c<A>r<10>R<LEU> -13.977000 2.829000 11.375000
c<A>r<12>R<ILE> -12.455000 6.959000 15.497000
c<A>r<13>R<GLY> -14.421000 9.881000 16.975000
c<A>r<31>R<MET> -14.503000 3.802000 18.593000
c<A>r<32>R<SER> -16.243000 1.061000 16.641001
c<A>r<33>R<GLN> -15.968000 -0.466000 13.134000
c<A>r<34>R<THR> -18.115000 -2.439000 10.749000
c<A>r<35>R<ASP> -17.684000 -6.183000 11.301000
c<A>r<36>R<THR> -16.938000 -6.893000 7.658000
c<A>r<37>R<PHE> -15.840000 -5.161000 4.538000
c<A>r<72>R<THR> -10.922000 1.840000 5.369000
c<A>r<74>R<LEU> -11.978000 6.700000 8.937000
c<A>r<75>R<VAL> -14.588000 8.988000 10.381000
c<A>r<76>R<TRP> -14.380000 11.230000 13.536000
c<A>r<80>R<GLN> -14.002000 15.046000 8.965000
c<A>r<81>R<TYR> -13.013000 11.783000 7.341000
c<A>r<82>R<ARG> -10.075000 10.032000 5.706000
c<A>r<83>R<VAL> -10.018000 7.178000 3.200000
c<A>r<84>R<VAL> -7.127000 4.744000 3.677000
c<A>r<85>R<LYS> -6.283000 2.186000 1.031000
c<A>r<86>R<ASP> -5.664000 -1.178000 2.776000
c<A>r<87>R<GLY> -2.530000 -2.718000 1.489000
c<A>r<88>R<LEU> -3.474000 -6.107000 2.719000
c<A>r<89>R<ASN> -6.495000 -7.358000 0.755000
c<A>r<90>R<GLN> -6.141000 -10.928000 1.860000
c<A>r<91>R<LYS> -3.746000 -13.115000 3.623000
c<A>r<92>R<PRO> -1.824000 -14.679000 0.873000
c<A>r<93>R<GLU> -2.774000 -18.218000 1.036000
c<A>r<94>R<LYS> 0.303000 -20.259001 1.824000
c<A>r<95>R<GLY> 2.523000 -20.077000 -1.175000
c<A>r<96>R<GLU> 0.530000 -17.566999 -3.236000
c<A>r<97>R<ASN> 2.520000 -15.368000 -5.554000
c<A>r<98>R<GLY> 2.302000 -11.501000 -5.511000
c<A>r<100>R<ARG> 1.790000 -6.175000 -9.636000
c<A>r<102>R<VAL> 3.522000 -1.262000 -13.994000
c<A>r<103>R<ASN> 1.931000 0.878000 -16.712000
c<A>r<104>R<THR> 4.414000 2.617000 -19.017000
c<A>r<124>R<HIS> 3.799000 5.487000 -15.531000
c<A>r<125>R<ASN> 2.404000 4.018000 -12.226000
c<A>r<126>R<ALA> 2.224000 0.643000 -10.507000
c<A>r<127>R<SER> -0.782000 -1.300000 -9.276000
c<A>r<128>R<GLY> -0.685000 -2.989000 -5.846000
c<A>r<129>R<TYR> 0.215000 -6.603000 -5.436000
c<A>r<130>R<GLN> -2.488000 -9.178000 -5.751000
c<A>r<162>R<GLY> 5.546000 -17.680000 -2.739000
c<A>r<163>R<SER> 7.180000 -15.383000 -5.224000
c<A>r<164>R<ALA> 6.395000 -11.756000 -6.117000
c<A>r<166>R<THR> 6.333000 -7.029000 -11.347000
c<A>r<168>R<VAL> 5.785000 -4.027000 -16.853001
c<A>r<169>R<ILE> 3.347000 -3.097000 -19.660999
c<A>r<170>R<ARG> 4.887000 -1.281000 -22.662001
c<A>r<180>R<LYS> 8.189000 -7.724000 -19.356001
c<A>r<181>R<GLU> 8.406000 -9.707000 -16.127001
c<A>r<182>R<PHE> 10.658000 -8.846000 -13.185000
c<A>r<183>R<GLU> 11.116000 -11.036000 -10.112000
c<A>r<184>R<ASP> 10.760000 -9.056000 -6.891000
c<A>r<185>R<ILE> 10.916000 -11.952000 -4.453000
c<A>r<188>R<ASN> 10.474000 -20.188999 -1.543000
c<B>r<8>R<LYS> 14.532000 -0.588000 -5.583000
c<B>r<10>R<LEU> 13.245000 0.095000 -12.034000
c<B>r<12>R<ILE> 11.107000 1.524000 -17.482000
c<B>r<13>R<GLY> 12.498000 3.807000 -20.212000
c<B>r<31>R<MET> 13.897000 -2.198000 -18.936001
c<B>r<32>R<SER> 16.066999 -3.354000 -16.049000
c<B>r<33>R<GLN> 15.938000 -3.167000 -12.219000
c<B>r<34>R<THR> 18.334999 -3.397000 -9.322000
c<B>r<35>R<ASP> 18.690001 -6.983000 -8.123000
c<B>r<36>R<THR> 17.952000 -6.110000 -4.519000
c<B>r<37>R<PHE> 16.388000 -3.431000 -2.457000
c<B>r<72>R<THR> 10.190000 1.309000 -6.069000
c<B>r<74>R<LEU> 10.385000 4.159000 -11.485000
c<B>r<75>R<VAL> 12.534000 6.030000 -13.937000
c<B>r<76>R<TRP> 12.014000 6.535000 -17.742001
c<B>r<80>R<GLN> 10.647000 11.816000 -15.361000
c<B>r<81>R<TYR> 10.286000 9.505000 -12.391000
c<B>r<82>R<ARG> 7.683000 8.111000 -9.997000
c<B>r<83>R<VAL> 8.105000 6.745000 -6.477000
c<B>r<84>R<VAL> 5.802000 3.824000 -5.671000
c<B>r<85>R<LYS> 5.365000 2.631000 -2.113000
c<B>r<86>R<ASP> 5.513000 -1.209000 -2.126000
c<B>r<87>R<GLY> 2.699000 -2.560000 -0.101000
c<B>r<88>R<LEU> 4.368000 -5.864000 0.268000
c<B>r<90>R<GLN> 7.921000 -9.105000 3.028000
c<B>r<91>R<LYS> 6.077000 -12.264000 2.532000
c<B>r<92>R<PRO> 4.428000 -12.754000 5.824000
c<B>r<93>R<GLU> 6.090000 -15.717000 7.207000
c<B>r<94>R<LYS> 3.544000 -18.466999 7.585000
c<B>r<95>R<GLY> 1.187000 -17.398001 10.270000
c<B>r<96>R<GLU> 2.525000 -13.876000 10.878000
c<B>r<97>R<ASN> 0.021000 -11.338000 12.050000
c<B>r<98>R<GLY> -0.563000 -7.949000 10.266000
c<B>r<100>R<ARG> -1.369000 -1.361000 11.545000
c<B>r<102>R<VAL> -4.297000 4.514000 13.290000
c<B>r<103>R<ASN> -3.319000 7.922000 14.678000
c<B>r<104>R<THR> -6.219000 9.962000 16.059999
c<B>r<124>R<HIS> -6.033000 11.015000 11.634000
c<B>r<125>R<ASN> -4.192000 8.547000 9.284000
c<B>r<126>R<ALA> -3.235000 4.880000 9.264000
c<B>r<127>R<SER> 0.159000 3.249000 8.892000
c<B>r<128>R<GLY> 0.586000 0.227000 6.599000
c<B>r<129>R<TYR> 0.486000 -3.288000 7.902000
c<B>r<130>R<GLN> 3.641000 -4.822000 9.213000
c<B>r<162>R<GLY> -2.327000 -15.226000 10.702000
c<B>r<163>R<SER> -4.528000 -12.466000 11.968000
c<B>r<164>R<ALA> -4.544000 -8.753000 11.108000
c<B>r<166>R<THR> -5.722000 -2.274000 13.654000
c<B>r<168>R<VAL> -6.093000 2.922000 17.184999
c<B>r<169>R<ILE> -4.054000 5.497000 19.156000
c<B>r<170>R<ARG> -6.077000 8.117000 21.087999
c<B>r<180>R<LYS> -7.833000 0.346000 21.184000
c<B>r<181>R<GLU> -7.462000 -2.874000 19.209999
c<B>r<182>R<PHE> -9.679000 -3.918000 16.299000
c<B>r<183>R<GLU> -9.504000 -7.304000 14.566000
c<B>r<184>R<ASP> -9.400000 -6.944000 10.782000
c<B>r<185>R<ILE> -8.845000 -10.590000 9.908000
c<B>r<188>R<ASN> -6.640000 -18.979000 10.990000
