c<A>r<1>R<MET> 10.874000 -10.647000 -0.669000
c<A>r<2>R<MET> 7.867000 -8.290000 -0.571000
c<A>r<3>R<ASN> 9.024000 -5.774000 -3.198000
c<A>r<4>R<LEU> 6.132000 -3.621000 -4.361000
c<A>r<5>R<LYS> 6.812000 -1.829000 -7.673000
c<A>r<6>R<PRO> 7.157000 2.002000 -7.309000
c<A>r<7>R<GLN> 4.003000 2.291000 -9.489000
c<A>r<8>R<THR> 2.091000 0.102000 -6.961000
c<A>r<9>R<LEU> 3.246000 2.415000 -4.121000
c<A>r<10>R<MET> 2.011000 5.436000 -6.167000
c<A>r<11>R<VAL> -1.453000 3.840000 -6.706000
c<A>r<12>R<ALA> -1.658000 2.794000 -3.014000
c<A>r<13>R<ILE> -0.682000 6.345000 -1.810000
c<A>r<14>R<GLN> -3.228000 7.966000 -4.174000
c<A>r<15>R<CYS> -6.052000 5.583000 -3.113000
c<A>r<16>R<VAL> -5.310000 5.954000 0.647000
c<A>r<17>R<ALA> -5.132000 9.776000 0.309000
c<A>r<18>R<ALA> -8.401000 9.843000 -1.745000
c<A>r<19>R<ARG> -10.247000 7.658000 0.798000
c<A>r<20>R<THR> -8.891000 9.656000 3.807000
c<A>r<41>R<LEU> -10.660000 4.182000 10.942000
c<A>r<44>R<GLY> -5.508000 3.373000 10.826000
c<A>r<45>R<TYR> -5.340000 5.235000 7.472000
c<A>r<46>R<ASP> -2.810000 7.832000 8.773000
c<A>r<47>R<LEU> -0.565000 4.997000 10.072000
c<A>r<48>R<ALA> -0.821000 3.309000 6.630000
c<A>r<49>R<ALA> -0.088000 6.636000 4.827000
c<A>r<50>R<ASP> 3.078000 7.154000 6.968000
c<A>r<51>R<ASP> 4.262000 3.566000 6.221000
c<A>r<52>R<LEU> 3.566000 4.050000 2.455000
c<A>r<54>R<ASN> 8.475000 5.831000 4.162000
c<A>r<55>R<ALA> 8.467000 3.044000 1.500000
c<A>r<56>R<TYR> 8.042000 5.589000 -1.357000
c<A>r<58>R<GLN> 13.128000 4.700000 -0.249000
c<A>r<59>R<ALA> 11.856000 4.123000 -3.835000
c<B>r<1>R<MET> 13.263000 -4.648000 1.220000
c<B>r<2>R<MET> 10.287000 -2.226000 0.898000
c<B>r<3>R<ASN> 8.392000 -4.141000 3.623000
c<B>r<4>R<LEU> 5.036000 -2.528000 4.388000
c<B>r<5>R<LYS> 3.323000 -3.577000 7.640000
c<B>r<6>R<PRO> 0.513000 -6.164000 7.147000
c<B>r<7>R<GLN> -2.010000 -3.526000 8.368000
c<B>r<8>R<THR> -0.721000 -1.056000 5.702000
c<B>r<9>R<LEU> -1.229000 -3.774000 3.036000
c<B>r<10>R<MET> -4.844000 -4.244000 4.281000
c<B>r<11>R<VAL> -5.626000 -0.482000 4.093000
c<B>r<12>R<ALA> -3.925000 -0.200000 0.661000
c<B>r<13>R<ILE> -5.856000 -3.266000 -0.707000
c<B>r<14>R<GLN> -9.181000 -1.884000 0.623000
c<B>r<15>R<CYS> -8.547000 1.611000 -0.840000
c<B>r<16>R<VAL> -7.390000 0.245000 -4.251000
c<B>r<17>R<ALA> -10.377000 -2.167000 -4.424000
c<B>r<18>R<ALA> -12.861000 0.623000 -3.491000
c<B>r<19>R<ARG> -11.356000 2.994000 -6.106000
c<B>r<20>R<THR> -11.279000 0.286000 -8.853000
c<B>r<41>R<LEU> -6.257000 4.024000 -15.361000
c<B>r<44>R<GLY> -2.725000 0.535000 -13.657000
c<B>r<45>R<TYR> -5.032000 -0.244000 -10.693000
c<B>r<46>R<ASP> -5.362000 -3.972000 -11.628000
c<B>r<47>R<LEU> -1.539000 -4.300000 -11.781000
c<B>r<48>R<ALA> -1.304000 -2.575000 -8.356000
c<B>r<49>R<ALA> -4.061000 -4.840000 -6.906000
c<B>r<50>R<ASP> -2.186000 -7.989000 -8.122000
c<B>r<51>R<ASP> 1.092000 -6.724000 -6.575000
c<B>r<52>R<LEU> -0.639000 -5.863000 -3.249000
c<B>r<54>R<ASN> 0.945000 -11.096000 -3.819000
c<B>r<55>R<ALA> 2.555000 -9.045000 -0.982000
c<B>r<56>R<TYR> -0.408000 -9.731000 1.372000
c<B>r<57>R<GLU> -0.408000 -13.509000 0.626000
c<B>r<58>R<GLN> 3.311000 -13.509000 1.590000
c<B>r<59>R<ALA> 2.276000 -11.687000 4.825000
