c<A>r<131>R<ASN> -5.461000 5.956000 -23.659000
c<A>r<132>R<VAL> -5.711000 2.246000 -24.528000
c<A>r<133>R<ALA> -8.125000 -0.076000 -22.787001
c<A>r<138>R<PHE> -6.955000 -5.384000 -15.454000
c<A>r<139>R<HIS> -10.434000 -4.637000 -16.940001
c<A>r<140>R<TYR> -9.990000 -6.883000 -20.054001
c<A>r<141>R<ASN> -11.634000 -9.998000 -18.452999
c<A>r<142>R<GLU> -14.375000 -7.997000 -16.621000
c<A>r<143>R<LEU> -16.208000 -6.234000 -19.551001
c<A>r<144>R<ILE> -20.037001 -6.667000 -19.625000
c<A>r<145>R<GLU> -21.058001 -4.975000 -22.959000
c<A>r<146>R<GLU> -20.663000 -6.798000 -26.320000
c<A>r<150>R<ARG> -12.183000 -5.713000 -27.270000
c<A>r<151>R<GLU> -9.497000 -3.072000 -26.982000
c<A>r<152>R<VAL> -10.461000 0.637000 -27.115999
c<A>r<153>R<VAL> -8.193000 3.542000 -28.049999
c<A>r<154>R<THR> -9.361000 6.933000 -26.671000
c<A>r<155>R<ILE> -7.547000 10.030000 -28.004999
c<A>r<166>R<TRP> -7.560000 19.455000 -17.867001
c<A>r<169>R<ALA> -11.545000 13.151000 -24.802999
c<A>r<172>R<ASN> -12.443000 6.713000 -29.327000
c<A>r<173>R<TYR> -12.258000 3.635000 -31.594000
c<A>r<174>R<ARG> -12.182000 -0.155000 -31.141001
c<A>r<207>R<VAL> -17.047001 10.684000 -25.962999
c<A>r<208>R<LEU> -16.775000 11.658000 -22.232000
c<A>r<209>R<LYS> -18.666000 14.811000 -23.275999
c<A>r<210>R<ASN> -17.885000 17.806000 -21.003000
c<A>r<211>R<ILE> -15.828000 15.690000 -18.528999
c<A>r<212>R<ARG> -12.698000 17.632999 -17.419001
c<A>r<213>R<VAL> -10.011000 15.014000 -16.636999
c<A>r<214>R<PRO> -7.298000 16.681000 -14.425000
c<A>r<215>R<VAL> -3.774000 16.867001 -15.974000
c<A>r<216>R<ARG> -1.015000 15.094000 -13.925000
c<A>r<246>R<TRP> 1.227000 9.878000 -11.371000
c<A>r<271>R<ALA> -0.249000 13.461000 -19.285000
c<A>r<272>R<SER> -2.543000 11.979000 -16.584000
c<A>r<273>R<GLN> -3.322000 8.709000 -14.767000
c<A>r<274>R<GLY> -5.473000 7.463000 -11.859000
c<A>r<275>R<ASP> -4.121000 5.315000 -8.993000
c<A>r<276>R<SER> -4.463000 1.675000 -10.385000
c<A>r<277>R<GLU> -3.947000 2.196000 -14.168000
c<A>r<278>R<CYS> -6.775000 -0.220000 -15.199000
c<A>r<279>R<GLY> -5.424000 -0.156000 -18.865999
c<A>r<280>R<THR> -2.900000 2.595000 -19.743999
c<A>r<281>R<ALA> -2.504000 6.285000 -18.773001
c<A>r<282>R<ILE> -3.051000 9.242000 -21.124001
c<A>r<345>R<SER> 1.284000 -10.505000 -10.024000
c<A>r<346>R<SER> -0.465000 -9.810000 -6.672000
c<A>r<347>R<LEU> -1.551000 -6.734000 -4.658000
c<A>r<348>R<ASP> -1.401000 -8.877000 -1.470000
c<A>r<349>R<LEU> 2.373000 -9.332000 -2.073000
c<A>r<350>R<ALA> 2.819000 -5.663000 -3.143000
c<A>r<351>R<LEU> 1.210000 -4.422000 0.122000
c<A>r<352>R<LYS> 3.539000 -6.789000 2.109000
c<A>r<353>R<ASP> 6.510000 -5.233000 0.283000
c<A>r<355>R<PHE> 4.672000 -2.580000 4.622000
c<A>r<356>R<ARG> 8.321000 -3.845000 4.832000
c<A>r<359>R<HIS> 11.208000 0.476000 7.498000
c<A>r<365>R<ASN> 14.562000 7.397000 14.783000
c<A>r<366>R<LEU> 11.455000 5.230000 15.441000
c<A>r<367>R<THR> 11.395000 1.715000 16.948999
c<A>r<368>R<GLU> 9.524000 -1.052000 15.045000
c<A>r<369>R<ASP> 6.634000 -0.804000 17.615000
c<A>r<370>R<GLU> 6.334000 3.008000 17.073000
c<A>r<371>R<ALA> 6.621000 2.679000 13.290000
c<A>r<372>R<VAL> 3.804000 0.012000 13.225000
c<A>r<373>R<SER> 1.567000 2.285000 15.375000
c<A>r<374>R<LEU> 2.383000 5.266000 13.053000
c<A>r<375>R<SER> 0.725000 3.330000 10.139000
c<A>r<376>R<ILE> -2.501000 5.130000 11.335000
c<A>r<377>R<GLY> -0.918000 8.240000 9.660000
c<A>r<378>R<VAL> 0.202000 6.423000 6.434000
c<A>r<379>R<ASP> -2.160000 6.041000 3.447000
c<A>r<380>R<PHE> -1.653000 3.012000 1.112000
c<A>r<381>R<GLY> -2.785000 3.373000 -2.536000
c<A>r<382>R<ILE> -2.720000 1.115000 -5.621000
c<A>r<383>R<THR> -0.072000 2.399000 -8.084000
c<A>r<384>R<GLN> -0.772000 0.072000 -11.049000
c<A>r<385>R<VAL> -2.113000 -3.465000 -11.797000
c<A>r<392>R<VAL> 1.288000 -0.391000 -4.020000
c<A>r<393>R<HIS> 2.485000 3.019000 -2.761000
c<A>r<394>R<ALA> 2.679000 4.216000 0.881000
c<A>r<395>R<VAL> 2.221000 8.000000 1.449000
c<A>r<396>R<VAL> 3.499000 9.756000 4.596000
c<A>r<397>R<LYS> 3.187000 13.537000 5.172000
c<A>r<399>R<GLY> 4.578000 17.827999 8.378000
c<A>r<400>R<ILE> 3.721000 15.178000 11.054000
c<A>r<401>R<PHE> 7.448000 14.813000 11.989000
c<A>r<402>R<PRO> 9.369000 17.301001 14.240000
c<A>r<403>R<GLY> 12.165000 17.650000 11.577000
c<B>r<131>R<ASN> -4.266000 1.569000 18.861000
c<B>r<132>R<VAL> -3.571000 -2.184000 18.931000
c<B>r<133>R<ALA> -0.927000 -3.827000 16.791000
c<B>r<138>R<PHE> -1.594000 -7.588000 8.531000
c<B>r<139>R<HIS> 1.784000 -6.760000 10.203000
c<B>r<140>R<TYR> 1.634000 -9.666000 12.754000
c<B>r<141>R<ASN> 3.611000 -12.149000 10.549000
c<B>r<142>R<GLU> 6.091000 -9.510000 9.226000
c<B>r<143>R<LEU> 7.747000 -8.196000 12.480000
c<B>r<144>R<ILE> 11.602000 -8.169000 12.482000
c<B>r<145>R<GLU> 12.461000 -7.111000 16.113001
c<B>r<146>R<GLU> 12.302000 -9.625000 19.020000
c<B>r<150>R<ARG> 3.789000 -9.769000 20.076000
c<B>r<151>R<GLU> 0.813000 -7.446000 20.308001
c<B>r<152>R<VAL> 1.350000 -3.754000 21.190001
c<B>r<153>R<VAL> -1.216000 -1.375000 22.688999
c<B>r<154>R<THR> -0.450000 2.334000 22.035000
c<B>r<155>R<ILE> -2.572000 4.873000 23.966999
c<B>r<166>R<TRP> -3.802000 16.146000 16.045000
c<B>r<169>R<ALA> 0.984000 9.031000 21.570000
c<B>r<172>R<ASN> 2.663000 1.930000 24.660000
c<B>r<173>R<TYR> 2.843000 -1.554000 26.237000
c<B>r<174>R<ARG> 3.184000 -5.150000 25.010000
c<B>r<207>R<VAL> 6.759000 7.027000 22.250999
c<B>r<208>R<LEU> 6.326000 8.727000 18.806999
c<B>r<209>R<LYS> 7.876000 11.791000 20.487000
c<B>r<210>R<ASN> 6.720000 15.079000 18.868999
c<B>r<211>R<ILE> 4.866000 13.306000 16.004000
c<B>r<212>R<ARG> 1.507000 15.029000 15.272000
c<B>r<213>R<VAL> -0.883000 12.351000 13.932000
c<B>r<214>R<PRO> -3.786000 14.125000 12.077000
c<B>r<215>R<VAL> -7.288000 13.578000 13.583000
c<B>r<216>R<ARG> -9.834000 11.951000 11.169000
c<B>r<246>R<TRP> -11.511000 7.151000 7.547000
c<B>r<271>R<ALA> -10.289000 9.161000 16.114000
c<B>r<272>R<SER> -7.930000 8.552000 13.141000
c<B>r<273>R<GLN> -6.813000 5.833000 10.697000
c<B>r<274>R<GLY> -4.597000 5.433000 7.603000
c<B>r<275>R<ASP> -5.786000 3.817000 4.336000
c<B>r<276>R<SER> -5.012000 0.011000 4.980000
c<B>r<277>R<GLU> -5.497000 -0.295000 8.785000
c<B>r<278>R<CYS> -2.367000 -2.486000 9.311000
c<B>r<279>R<GLY> -3.594000 -3.296000 12.928000
c<B>r<280>R<THR> -6.456000 -1.164000 14.333000
c<B>r<281>R<ALA> -7.303000 2.571000 14.113000
c<B>r<282>R<ILE> -7.055000 5.008000 17.035999
c<B>r<345>R<SER> -9.314000 -12.375000 1.982000
c<B>r<346>R<SER> -7.699000 -10.805000 -1.135000
c<B>r<347>R<LEU> -6.970000 -7.277000 -2.437000
c<B>r<348>R<ASP> -6.920000 -8.722000 -6.000000
c<B>r<349>R<LEU> -10.616000 -9.701000 -5.547000
c<B>r<350>R<ALA> -11.453000 -6.411000 -3.736000
c<B>r<351>R<LEU> -10.033000 -4.344000 -6.651000
c<B>r<352>R<LYS> -12.113000 -6.481000 -9.116000
c<B>r<353>R<ASP> -15.223000 -5.704000 -7.044000
c<B>r<355>R<PHE> -13.748000 -2.030000 -10.718000
c<B>r<356>R<ARG> -17.224001 -3.649000 -11.257000
c<B>r<359>R<HIS> -20.906000 0.727000 -12.951000
c<B>r<365>R<ASN> -24.788000 8.574000 -18.754000
c<B>r<366>R<LEU> -21.430000 6.986000 -19.747999
c<B>r<367>R<THR> -21.013000 3.894000 -21.962999
c<B>r<368>R<GLU> -18.839001 1.013000 -20.636000
c<B>r<369>R<ASP> -16.021999 2.125000 -23.052999
c<B>r<370>R<GLU> -16.160999 5.759000 -21.761000
c<B>r<371>R<ALA> -16.333000 4.689000 -18.122000
c<B>r<372>R<VAL> -13.254000 2.365000 -18.615000
c<B>r<373>R<SER> -11.296000 5.244000 -20.209000
c<B>r<374>R<LEU> -12.414000 7.557000 -17.319000
c<B>r<375>R<SER> -10.476000 5.296000 -14.833000
c<B>r<376>R<ILE> -7.501000 7.658000 -15.605000
c<B>r<377>R<GLY> -9.416000 10.155000 -13.349000
c<B>r<378>R<VAL> -10.306000 7.603000 -10.581000
c<B>r<379>R<ASP> -7.898000 6.877000 -7.693000
c<B>r<380>R<PHE> -8.047000 3.400000 -6.027000
c<B>r<381>R<GLY> -6.918000 3.112000 -2.374000
c<B>r<382>R<ILE> -6.672000 0.279000 0.178000
c<B>r<383>R<THR> -9.435000 0.680000 2.810000
c<B>r<384>R<GLN> -8.441000 -2.096000 5.249000
c<B>r<385>R<VAL> -6.700000 -5.537000 5.262000
c<B>r<392>R<VAL> -10.513000 -1.311000 -1.776000
c<B>r<393>R<HIS> -12.109000 2.125000 -2.307000
c<B>r<394>R<ALA> -12.461000 4.024000 -5.624000
c<B>r<395>R<VAL> -12.440000 7.868000 -5.379000
c<B>r<396>R<VAL> -13.945000 10.057000 -8.125000
c<B>r<397>R<LYS> -14.056000 13.884000 -7.902000
c<B>r<399>R<GLY> -15.978000 18.573999 -10.132000
c<B>r<400>R<ILE> -14.816000 16.650000 -13.278000
c<B>r<401>R<PHE> -18.464001 16.038000 -14.334000
c<B>r<402>R<PRO> -20.565001 18.782000 -16.066000
c<B>r<403>R<GLY> -23.191999 18.549000 -13.251000
