c<A>r<419>R<GLU> 70.318001 -1.873000 35.403000
c<A>r<420>R<PHE> 67.911003 -2.299000 32.453999
c<A>r<421>R<PRO> 66.172997 0.190000 30.211000
c<A>r<422>R<GLU> 62.813999 1.151000 31.773001
c<A>r<423>R<ILE> 59.421001 0.562000 30.264999
c<A>r<424>R<THR> 57.645000 3.857000 30.848000
c<A>r<425>R<GLU> 53.869999 4.209000 31.361000
c<A>r<426>R<GLU> 53.327999 4.961000 28.045000
c<A>r<427>R<MET> 55.259998 1.963000 26.747999
c<A>r<428>R<GLU> 53.091000 -0.302000 28.985001
c<A>r<429>R<LYS> 50.029999 1.265000 27.450001
c<A>r<431>R<ILE> 51.998001 -3.296000 25.434000
c<A>r<432>R<LYS> 48.659000 -3.803000 27.316000
c<A>r<433>R<ASN> 46.806999 -2.672000 24.225000
c<A>r<434>R<VAL> 48.247002 -5.422000 21.974001
c<A>r<435>R<PHE> 47.632000 -8.213000 24.525000
c<A>r<436>R<ARG> 43.957001 -7.197000 24.271999
c<A>r<437>R<ASN> 41.462002 -9.370000 22.452000
c<A>r<461>R<ASN> 51.905998 -12.993000 27.292999
c<A>r<462>R<HIS> 51.766998 -14.373000 30.849001
c<A>r<463>R<LEU> 53.841999 -17.577000 30.704000
c<A>r<464>R<ASN> 52.801998 -18.608000 27.208000
c<A>r<621>R<PHE> 70.397003 -11.469000 33.749001
c<A>r<622>R<THR> 68.597000 -14.322000 35.596001
c<A>r<623>R<GLN> 65.122002 -15.959000 35.673000
c<A>r<624>R<GLN> 63.573002 -13.067000 37.639000
c<A>r<625>R<HIS> 63.993000 -10.667000 34.679001
c<A>r<626>R<MET> 61.803001 -12.793000 32.441002
c<A>r<627>R<PRO> 58.421001 -11.127000 33.027000
c<A>r<628>R<TYR> 60.146000 -7.851000 32.223999
c<A>r<629>R<PHE> 61.874001 -9.282000 29.098000
c<A>r<630>R<ARG> 58.535999 -10.585000 27.709999
c<A>r<631>R<LYS> 56.922001 -7.178000 28.108000
c<A>r<632>R<ARG> 59.966999 -5.534000 26.542000
c<B>r<17>R<HIS> 65.734001 -12.784000 47.138000
c<B>r<33>R<LYS> 60.157001 -13.828000 46.077999
c<B>r<34>R<ILE> 62.250000 -11.645000 43.770000
c<B>r<35>R<LYS> 65.856003 -10.500000 43.583000
c<B>r<36>R<ARG> 66.414001 -6.834000 44.321999
c<B>r<37>R<HIS> 67.661003 -5.891000 40.846001
c<B>r<38>R<THR> 65.127998 -7.954000 38.844002
c<B>r<39>R<PRO> 62.255001 -6.049000 37.193001
c<B>r<40>R<LEU> 58.945999 -6.217000 39.060001
c<B>r<41>R<SER> 57.243999 -7.071000 35.764000
c<B>r<42>R<LYS> 58.459999 -10.642000 36.543999
c<B>r<43>R<LEU> 56.223999 -10.552000 39.631001
c<B>r<44>R<MET> 53.344002 -8.743000 37.950001
c<B>r<45>R<LYS> 53.166000 -11.265000 35.122002
c<B>r<46>R<ALA> 53.396000 -14.185000 37.587002
c<B>r<47>R<TYR> 50.618999 -12.754000 39.727001
c<B>r<48>R<CYS> 48.375999 -12.387000 36.728001
c<B>r<49>R<GLU> 49.109001 -15.909000 35.501999
c<B>r<50>R<ARG> 48.688999 -17.549999 38.922001
c<B>r<52>R<GLY> 43.838001 -15.863000 36.405998
c<B>r<53>R<LEU> 43.856998 -12.064000 35.955002
c<B>r<54>R<SER> 44.709000 -9.727000 33.147999
c<B>r<55>R<MET> 47.094002 -6.774000 33.007000
c<B>r<56>R<ARG> 44.351002 -5.145000 31.000000
c<B>r<57>R<GLN> 42.248001 -4.917000 34.139000
c<B>r<66>R<PRO> 52.535000 3.027000 39.991001
c<B>r<67>R<ILE> 55.019001 0.269000 39.202000
c<B>r<68>R<ASN> 56.380001 0.371000 35.622002
c<B>r<69>R<GLU> 57.747002 -2.487000 33.499001
c<B>r<70>R<THR> 61.368000 -2.043000 34.356998
c<B>r<71>R<ASP> 61.174000 -0.837000 37.969002
c<B>r<72>R<THR> 63.075001 -3.050000 40.355000
c<B>r<75>R<GLN> 64.827003 1.222000 42.693001
