c<A>r<424>R<THR> 57.645000 3.857000 30.848000
c<A>r<426>R<GLU> 53.327999 4.961000 28.045000
c<A>r<427>R<MET> 55.259998 1.963000 26.747999
c<A>r<429>R<LYS> 50.029999 1.265000 27.450001
c<A>r<430>R<GLU> 51.289001 0.238000 23.959999
c<A>r<431>R<ILE> 51.998001 -3.296000 25.434000
c<A>r<433>R<ASN> 46.806999 -2.672000 24.225000
c<A>r<434>R<VAL> 48.247002 -5.422000 21.974001
c<A>r<436>R<ARG> 43.957001 -7.197000 24.271999
c<A>r<442>R<GLU> 46.035999 -7.876000 12.496000
c<A>r<443>R<VAL> 49.548000 -7.364000 11.225000
c<A>r<444>R<LEU> 51.401001 -5.570000 14.007000
c<A>r<445>R<SER> 54.845001 -5.717000 12.497000
c<A>r<446>R<GLU> 56.006001 -6.846000 9.071000
c<A>r<447>R<ALA> 59.659000 -7.209000 8.237000
c<A>r<448>R<PHE> 62.355000 -9.647000 7.161000
c<A>r<449>R<ARG> 59.827000 -11.702000 5.121000
c<A>r<450>R<LEU> 57.992001 -12.315000 8.342000
c<A>r<451>R<THR> 54.792999 -11.248000 9.940000
c<A>r<454>R<ARG> 48.199001 -10.148000 17.510000
c<A>r<634>R<VAL> 56.493000 -7.219000 22.726000
c<A>r<635>R<TRP> 57.402000 -3.523000 22.771000
c<A>r<636>R<GLU> 60.598000 -3.966000 20.774000
c<A>r<637>R<ILE> 58.925999 -6.108000 18.143999
c<A>r<638>R<LEU> 56.120998 -3.607000 17.660000
c<A>r<639>R<HIS> 58.540001 -0.730000 17.059000
c<A>r<640>R<ARG> 61.223999 -2.891000 15.392000
c<A>r<641>R<LYS> 63.512001 -1.153000 17.938999
c<A>r<642>R<LEU> 65.834999 -3.012000 20.312000
c<A>r<643>R<LEU> 66.296997 -1.043000 23.509001
c<B>r<20>R<LEU> 60.074001 5.221000 9.970000
c<B>r<21>R<LYS> 58.701000 2.379000 7.919000
c<B>r<22>R<VAL> 55.106998 2.252000 6.647000
c<B>r<23>R<ALA> 54.068001 -1.391000 6.164000
c<B>r<24>R<GLY> 51.097000 -2.489000 4.125000
c<B>r<25>R<GLN> 49.230999 -5.732000 4.522000
c<B>r<26>R<ASP> 50.710999 -6.848000 1.183000
c<B>r<27>R<GLY> 54.176998 -6.748000 2.765000
c<B>r<28>R<SER> 55.245998 -3.495000 1.127000
c<B>r<29>R<VAL> 57.515999 -1.340000 3.274000
c<B>r<61>R<ARG> 48.160999 2.628000 13.307000
c<B>r<62>R<PHE> 51.188000 2.424000 15.598000
c<B>r<63>R<ASP> 51.346001 -0.457000 18.031000
c<B>r<64>R<GLY> 47.584000 -0.822000 17.652000
c<B>r<65>R<GLN> 46.637001 2.777000 18.259001
c<B>r<75>R<GLN> 54.097000 11.708000 21.607000
c<B>r<76>R<LEU> 53.653999 8.163000 20.315001
c<B>r<77>R<GLU> 57.084000 7.111000 21.658001
c<B>r<78>R<MET> 58.375999 6.142000 18.246000
c<B>r<79>R<GLU> 62.033001 5.414000 17.638000
c<B>r<80>R<ASP> 64.262001 5.164000 14.597000
c<B>r<81>R<GLU> 63.299999 2.235000 12.372000
c<B>r<82>R<ASP> 59.891998 1.723000 13.946000
c<B>r<83>R<THR> 56.972000 0.612000 11.767000
c<B>r<84>R<ILE> 53.575001 2.190000 11.152000
c<B>r<85>R<ASP> 50.910000 -0.227000 9.915000
c<B>r<86>R<VAL> 48.516998 0.818000 7.143000
c<B>r<87>R<PHE> 45.084999 -0.775000 6.675000
