c<A>r<423>R<ILE> 59.421001 0.562000 30.264999
c<A>r<424>R<THR> 57.645000 3.857000 30.848000
c<A>r<425>R<GLU> 53.869999 4.209000 31.361000
c<A>r<426>R<GLU> 53.327999 4.961000 28.045000
c<A>r<427>R<MET> 55.259998 1.963000 26.747999
c<A>r<428>R<GLU> 53.091000 -0.302000 28.985001
c<A>r<429>R<LYS> 50.029999 1.265000 27.450001
c<A>r<430>R<GLU> 51.289001 0.238000 23.959999
c<A>r<431>R<ILE> 51.998001 -3.296000 25.434000
c<A>r<443>R<VAL> 49.548000 -7.364000 11.225000
c<A>r<444>R<LEU> 51.401001 -5.570000 14.007000
c<A>r<445>R<SER> 54.845001 -5.717000 12.497000
c<A>r<446>R<GLU> 56.006001 -6.846000 9.071000
c<A>r<447>R<ALA> 59.659000 -7.209000 8.237000
c<A>r<448>R<PHE> 62.355000 -9.647000 7.161000
c<A>r<449>R<ARG> 59.827000 -11.702000 5.121000
c<A>r<476>R<ASN> 66.329002 -10.992000 12.626000
c<A>r<477>R<MET> 66.276001 -7.785000 14.722000
c<A>r<478>R<LEU> 69.605003 -8.889000 16.257000
c<A>r<479>R<MET> 70.910004 -9.512000 12.761000
c<A>r<480>R<GLU> 69.661003 -6.064000 11.616000
c<A>r<481>R<ARG> 71.308998 -4.476000 14.711000
c<A>r<482>R<SER> 74.630997 -6.242000 13.976000
c<A>r<483>R<LYS> 75.861000 -4.193000 11.091000
c<A>r<484>R<GLU> 75.688004 -1.021000 13.059000
c<A>r<485>R<LYS> 79.246002 0.154000 13.809000
c<A>r<636>R<GLU> 60.598000 -3.966000 20.774000
c<A>r<637>R<ILE> 58.925999 -6.108000 18.143999
c<A>r<638>R<LEU> 56.120998 -3.607000 17.660000
c<A>r<639>R<HIS> 58.540001 -0.730000 17.059000
c<A>r<640>R<ARG> 61.223999 -2.891000 15.392000
c<A>r<641>R<LYS> 63.512001 -1.153000 17.938999
c<A>r<642>R<LEU> 65.834999 -3.012000 20.312000
c<A>r<643>R<LEU> 66.296997 -1.043000 23.509001
c<B>r<21>R<LYS> 54.022999 4.280000 11.710000
c<B>r<22>R<VAL> 56.131001 6.663000 13.814000
c<B>r<23>R<ALA> 55.919998 5.629000 17.485001
c<B>r<24>R<GLY> 56.893002 7.851000 20.367001
c<B>r<25>R<GLN> 57.924000 6.689000 23.792999
c<B>r<26>R<ASP> 54.612999 8.057000 25.117001
c<B>r<27>R<GLY> 52.777000 5.478000 22.993999
c<B>r<28>R<SER> 51.675999 7.916000 20.302999
c<B>r<29>R<VAL> 51.543999 6.432000 16.813000
c<B>r<61>R<ARG> 65.523003 4.649000 14.503000
c<B>r<62>R<PHE> 64.376999 1.559000 12.609000
c<B>r<63>R<ASP> 65.032997 -1.804000 14.195000
c<B>r<64>R<GLY> 67.733002 -0.149000 16.292999
c<B>r<65>R<GLN> 69.584000 1.587000 13.505000
c<B>r<66>R<PRO> 69.695999 5.361000 13.152000
c<B>r<76>R<LEU> 66.301003 -0.161000 5.221000
c<B>r<77>R<GLU> 64.116997 -3.123000 4.155000
c<B>r<78>R<MET> 60.945999 -1.547000 5.463000
c<B>r<79>R<GLU> 57.540001 -2.956000 4.637000
c<B>r<80>R<ASP> 53.984001 -1.688000 4.808000
c<B>r<81>R<GLU> 52.869999 -1.072000 8.389000
c<B>r<82>R<ASP> 56.368000 -1.122000 9.843000
c<B>r<83>R<THR> 57.217999 1.179000 12.757000
c<B>r<84>R<ILE> 59.900002 3.838000 13.137000
c<B>r<85>R<ASP> 60.808998 4.663000 16.738001
c<B>r<86>R<VAL> 61.354000 8.280000 17.795000
