c<A>r<260>R<VAL> -10.055000 3.570000 -6.240000
c<A>r<261>R<LYS> -10.915000 6.911000 -7.977000
c<A>r<277>R<PRO> 15.333000 10.268000 -8.024000
c<A>r<278>R<GLU> 12.359000 12.666000 -7.610000
c<A>r<279>R<ASN> 12.963000 14.460000 -10.980000
c<A>r<290>R<SER> 16.350000 14.808000 -3.692000
c<A>r<291>R<TYR> 14.644000 11.614000 -2.532000
c<A>r<292>R<VAL> 15.970000 8.409000 -4.224000
c<A>r<293>R<LYS> 13.393000 5.584000 -4.507000
c<A>r<294>R<THR> 14.280000 2.109000 -3.190000
c<A>r<295>R<PRO> 13.899000 -1.030000 -5.406000
c<A>r<296>R<ILE> 10.677000 -2.013000 -3.521000
c<A>r<297>R<GLU> 9.130000 1.460000 -4.168000
c<A>r<298>R<VAL> 9.925000 0.986000 -7.912000
c<A>r<299>R<ILE> 8.481000 -2.596000 -7.918000
c<A>r<300>R<ASP> 5.300000 -1.224000 -6.195000
c<A>r<356>R<LYS> -8.483000 -2.521000 -4.089000
c<A>r<357>R<GLN> -7.268000 -3.900000 -0.708000
c<A>r<358>R<ASP> -4.666000 -2.453000 1.719000
c<A>r<359>R<TRP> -2.223000 -5.427000 1.375000
c<A>r<360>R<GLY> -1.359000 -4.518000 -2.284000
c<A>r<374>R<VAL> 1.366000 -8.332000 -1.422000
c<A>r<375>R<PHE> 3.387000 -5.197000 -0.457000
c<A>r<376>R<ASN> 1.901000 -4.524000 3.022000
c<A>r<377>R<GLN> 2.024000 -7.498000 5.422000
c<A>r<378>R<PRO> -1.074000 -7.457000 7.724000
c<A>r<379>R<TYR> -0.633000 -7.994000 11.502000
c<A>r<380>R<SER> -3.984000 -9.915000 11.296000
c<A>r<381>R<GLU> -2.170000 -12.630000 9.206000
c<A>r<382>R<ARG> -5.217000 -12.353000 6.849000
c<A>r<408>R<VAL> -11.819000 -18.795000 4.616000
c<A>r<409>R<GLU> -15.151000 -17.238001 3.574000
c<A>r<410>R<THR> -15.887000 -14.402000 6.076000
c<A>r<411>R<THR> -19.176001 -13.170000 4.557000
c<A>r<415>R<TYR> -12.647000 -14.139000 1.947000
c<A>r<416>R<ASN> -9.655000 -14.134000 4.263000
c<A>r<425>R<GLY> 10.702000 -11.310000 3.610000
c<A>r<426>R<GLU> 9.894000 -9.285000 0.416000
c<A>r<427>R<PRO> 6.782000 -8.390000 -1.682000
c<A>r<428>R<TYR> 5.286000 -11.742000 -2.802000
c<B>r<260>R<VAL> -11.958000 6.918000 0.558000
c<B>r<261>R<LYS> -15.547000 7.152000 -0.869000
c<B>r<277>R<PRO> -18.892000 -14.369000 15.177000
c<B>r<278>R<GLU> -20.396000 -13.151000 11.890000
c<B>r<279>R<ASN> -24.148001 -12.394000 12.285000
c<B>r<290>R<SER> -19.761999 -18.563000 11.004000
c<B>r<291>R<TYR> -16.444000 -16.733000 10.722000
c<B>r<292>R<VAL> -15.059000 -15.643000 14.149000
c<B>r<293>R<LYS> -13.190000 -12.302000 14.072000
c<B>r<294>R<THR> -9.758000 -12.107000 15.744000
c<B>r<295>R<PRO> -8.788000 -9.409000 18.323999
c<B>r<296>R<ILE> -6.751000 -7.564000 15.620000
c<B>r<297>R<GLU> -9.763000 -7.522000 13.207000
c<B>r<300>R<ASP> -8.958000 -2.524000 13.127000
c<B>r<356>R<LYS> -6.169000 7.024000 3.904000
c<B>r<357>R<GLN> -2.977000 4.972000 3.265000
c<B>r<358>R<ASP> -2.543000 1.182000 2.762000
c<B>r<359>R<TRP> -0.551000 0.798000 6.056000
c<B>r<360>R<GLY> -3.505000 1.865000 8.325000
c<B>r<374>R<VAL> -0.354000 1.005000 11.639000
c<B>r<375>R<PHE> -2.065000 -2.338000 10.760000
c<B>r<376>R<ASN> -0.063000 -3.348000 7.644000
c<B>r<377>R<GLN> 3.757000 -3.367000 7.679000
c<B>r<378>R<PRO> 5.193000 -2.265000 4.269000
c<B>r<379>R<TYR> 8.146000 -4.325000 2.920000
c<B>r<380>R<SER> 9.646000 -0.939000 1.842000
c<B>r<381>R<GLU> 9.953000 -0.114000 5.612000
c<B>r<382>R<ARG> 8.437000 3.314000 4.646000
c<B>r<383>R<LEU> 4.990000 4.512000 5.767000
c<B>r<408>R<VAL> 11.813000 12.384000 4.960000
c<B>r<409>R<GLU> 9.898000 14.693000 2.585000
c<B>r<410>R<THR> 9.783000 12.756000 -0.746000
c<B>r<411>R<THR> 7.927000 15.510000 -2.639000
c<B>r<416>R<ASN> 8.188000 8.752000 4.125000
c<B>r<425>R<GLY> 4.690000 -7.620000 16.754999
c<B>r<426>R<GLU> 1.135000 -6.131000 16.614000
c<B>r<427>R<PRO> -0.671000 -2.963000 15.349000
c<B>r<428>R<TYR> 1.151000 0.099000 16.768000
