c<A>r<3>R<PHE> -11.574000 1.540000 -26.735001
c<A>r<4>R<GLN> -13.543000 -1.103000 -24.804001
c<A>r<5>R<LEU> -13.191000 0.062000 -21.167000
c<A>r<6>R<ARG> -11.766000 -3.113000 -19.514000
c<A>r<7>R<GLY> -10.160000 -2.683000 -16.024000
c<A>r<8>R<VAL> -12.788000 -0.648000 -14.021000
c<A>r<9>R<LEU> -12.292000 -1.539000 -10.343000
c<A>r<10>R<TRP> -15.294000 -3.412000 -8.983000
c<A>r<11>R<GLY> -16.472000 -1.544000 -5.927000
c<A>r<12>R<LYS> -19.339001 -0.393000 -3.791000
c<A>r<13>R<ALA> -19.721001 2.281000 -1.194000
c<A>r<14>R<TYR> -22.337000 1.961000 1.527000
c<A>r<15>R<SER> -23.354000 4.532000 4.085000
c<A>r<16>R<TRP> -25.368000 3.852000 7.273000
c<A>r<17>R<LYS> -26.979000 6.216000 9.797000
c<A>r<18>R<ILE> -26.364000 5.107000 13.409000
c<A>r<57>R<THR> -0.101000 2.233000 9.334000
c<A>r<58>R<GLY> 1.769000 -0.875000 8.034000
c<A>r<80>R<GLU> -2.651000 -4.670000 6.277000
c<A>r<81>R<LEU> -3.638000 -1.280000 7.748000
c<A>r<82>R<ILE> -2.610000 0.939000 4.796000
c<A>r<83>R<HIS> -3.816000 4.281000 6.267000
c<A>r<84>R<MET> -4.878000 5.479000 9.754000
c<A>r<92>R<MET> -8.011000 2.085000 4.975000
c<A>r<108>R<ASN> -6.263000 -6.283000 -4.645000
c<A>r<110>R<VAL> -8.920000 -2.246000 -0.617000
c<A>r<114>R<SER> -14.821000 6.730000 7.582000
c<A>r<116>R<SER> -18.747999 11.561000 10.525000
c<A>r<117>R<SER> -21.134001 13.084000 13.083000
c<A>r<118>R<LEU> -24.559999 14.261000 11.979000
c<A>r<122>R<ASP> -30.382999 16.591999 11.599000
c<A>r<123>R<GLY> -31.351000 14.283000 14.549000
c<A>r<124>R<GLY> -27.694000 13.644000 15.557000
c<A>r<125>R<GLY> -25.820999 10.317000 15.420000
c<A>r<126>R<VAL> -23.084000 8.911000 13.161000
c<A>r<127>R<ILE> -22.635000 8.348000 9.439000
c<A>r<128>R<PHE> -20.760000 5.096000 8.990000
c<A>r<129>R<TYR> -19.139000 4.981000 5.539000
c<A>r<130>R<TRP> -17.761999 1.659000 4.271000
c<A>r<131>R<SER> -16.426001 1.124000 0.743000
c<A>r<132>R<PHE> -14.383000 -1.434000 -1.114000
c<A>r<133>R<THR> -12.566000 -1.696000 -4.432000
c<A>r<134>R<ALA> -11.280000 -4.935000 -5.992000
c<A>r<135>R<GLU> -9.923000 -5.999000 -9.371000
c<A>r<136>R<PRO> -12.069000 -7.976000 -11.816000
c<A>r<172>R<THR> -30.419001 2.362000 8.716000
c<A>r<173>R<LEU> -28.891001 1.783000 5.251000
c<A>r<174>R<LEU> -28.705000 4.955000 3.193000
c<A>r<175>R<ASP> -30.247000 4.419000 -0.240000
c<A>r<176>R<ASP> -27.704000 5.258000 -2.981000
c<B>r<1>R<GLU> -34.849998 10.324000 8.815000
c<B>r<2>R<GLN> -31.516001 11.801000 7.638000
c<B>r<3>R<PHE> -28.398001 10.195000 6.466000
c<B>r<4>R<GLN> -25.266001 11.188000 4.566000
c<B>r<5>R<LEU> -24.561001 9.184000 1.489000
c<B>r<6>R<ARG> -20.893000 9.430000 0.686000
c<B>r<7>R<GLY> -19.936001 9.276000 -2.968000
c<B>r<8>R<VAL> -18.798000 6.121000 -4.728000
c<B>r<9>R<LEU> -15.143000 6.519000 -5.821000
c<B>r<10>R<TRP> -14.056000 6.674000 -9.460000
c<B>r<11>R<GLY> -11.049000 4.462000 -10.254000
c<B>r<12>R<LYS> -9.108000 2.107000 -12.529000
c<B>r<13>R<ALA> -6.453000 -0.609000 -12.177000
c<B>r<14>R<TYR> -3.791000 -1.562000 -14.735000
c<B>r<15>R<SER> -1.276000 -4.417000 -14.794000
c<B>r<57>R<THR> 5.339000 6.256000 5.432000
c<B>r<58>R<GLY> 3.912000 9.784000 6.023000
c<B>r<81>R<LEU> 3.393000 8.400000 0.927000
c<B>r<82>R<ILE> 0.415000 6.981000 2.873000
c<B>r<83>R<HIS> 1.842000 3.394000 2.848000
c<B>r<84>R<MET> 5.293000 1.824000 2.195000
c<B>r<85>R<ASN> 6.232000 -1.863000 2.294000
c<B>r<91>R<TYR> 3.441000 1.461000 -1.760000
c<B>r<92>R<MET> 0.436000 3.808000 -1.745000
c<B>r<93>R<TYR> 0.396000 7.576000 -2.171000
c<B>r<112>R<ASN> -1.314000 2.050000 -5.438000
c<B>r<114>R<SER> 2.680000 -3.190000 -6.343000
c<B>r<129>R<TYR> 0.264000 -3.287000 -10.788000
c<B>r<131>R<SER> -4.249000 1.697000 -9.728000
c<B>r<132>R<PHE> -5.941000 4.922000 -8.723000
c<B>r<133>R<THR> -9.116000 6.097000 -7.004000
c<B>r<142>R<GLU> -14.585000 8.829000 -14.266000
c<B>r<143>R<GLN> -13.807000 8.640000 -18.017000
c<B>r<146>R<ILE> -8.971000 7.602000 -16.885000
c<B>r<174>R<LEU> -2.359000 -7.113000 -19.483999
c<B>r<175>R<ASP> -5.930000 -7.327000 -20.867001
c<B>r<176>R<ASP> -5.053000 -4.752000 -23.624001
