c<E>r<268>R<GLU> -11.595000 11.755000 8.247000
c<E>r<269>R<ARG> -11.376000 8.412000 10.231000
c<E>r<270>R<VAL> -13.895000 6.669000 7.969000
c<E>r<271>R<PRO> -13.174000 2.893000 8.318000
c<E>r<319>R<SER> -18.903999 -20.422001 11.605000
c<E>r<320>R<TYR> -21.061001 -17.223000 11.950000
c<E>r<321>R<THR> -20.035999 -17.049000 15.658000
c<E>r<322>R<THR> -16.208000 -17.172001 15.298000
c<E>r<323>R<GLU> -14.082000 -14.037000 15.790000
c<E>r<326>R<LEU> -16.889000 -11.721000 12.175000
c<E>r<330>R<ARG> -16.312000 -6.707000 8.680000
c<E>r<396>R<ASP> -26.761000 -5.258000 10.772000
c<E>r<399>R<ASN> -26.926001 -1.348000 7.371000
c<E>r<400>R<TYR> -23.285999 -0.733000 8.432000
c<E>r<403>R<MET> -23.646000 3.972000 6.653000
c<E>r<404>R<LEU> -19.973000 3.523000 5.578000
c<E>r<406>R<LEU> -22.642000 7.725000 3.422000
c<E>r<407>R<GLN> -19.660000 8.619000 5.685000
c<E>r<454>R<GLU> -26.561001 15.011000 4.433000
c<E>r<455>R<GLU> -30.222000 13.763000 4.544000
c<E>r<458>R<GLN> -28.552999 9.338000 2.732000
c<F>r<1>R<ASP> -19.349001 -21.976000 20.118999
c<F>r<2>R<GLU> -23.075001 -22.531000 20.740999
c<F>r<3>R<TYR> -24.466000 -19.275999 21.995001
c<F>r<6>R<LEU> -27.548000 -13.091000 20.488001
c<F>r<8>R<LYS> -27.899000 -6.232000 20.173000
c<F>r<38>R<THR> -16.302000 9.111000 17.917999
c<F>r<39>R<ILE> -17.135000 9.761000 14.240000
c<F>r<40>R<GLY> -19.851000 7.254000 13.226000
c<F>r<41>R<VAL> -20.346001 3.995000 15.208000
c<F>r<42>R<GLU> -17.846001 1.545000 16.732000
c<F>r<43>R<PHE> -18.882999 -2.141000 16.830000
c<F>r<44>R<ALA> -17.608999 -4.868000 19.167000
c<F>r<45>R<THR> -18.709999 -8.386000 20.193001
c<F>r<46>R<ARG> -18.278000 -10.187000 23.542999
c<F>r<47>R<SER> -19.607000 -13.534000 24.844999
c<F>r<56>R<LYS> -23.230000 -13.195000 22.599001
c<F>r<58>R<GLN> -23.236000 -7.173000 19.849001
c<F>r<67>R<ARG> -25.378000 16.167999 13.604000
c<F>r<68>R<TYR> -25.610001 12.364000 13.001000
c<F>r<69>R<ARG> -29.261999 11.890000 14.228000
c<F>r<70>R<ALA> -30.483999 10.193000 11.024000
c<F>r<71>R<ILE> -27.641001 7.617000 11.447000
c<F>r<74>R<ALA> -31.000999 2.883000 12.351000
c<F>r<75>R<TYR> -28.959000 1.507000 15.327000
c<F>r<77>R<ARG> -33.808998 -0.976000 15.264000
c<F>r<78>R<GLY> -33.650002 -4.511000 16.750000
