c<A>r<12>R<TYR> -16.528000 -7.892000 -6.233000
c<A>r<13>R<GLU> -17.723000 -10.030000 -3.329000
c<A>r<14>R<SER> -16.316999 -9.157000 0.068000
c<A>r<15>R<GLU> -15.498000 -12.799000 0.914000
c<A>r<16>R<PHE> -12.013000 -14.078000 -0.026000
c<A>r<17>R<SER> -11.653000 -15.946000 -3.318000
c<A>r<18>R<HIS> -8.382000 -17.289000 -4.722000
c<A>r<19>R<ASP> -9.071000 -15.583000 -7.983000
c<A>r<20>R<LYS> -10.313000 -12.191000 -6.715000
c<A>r<21>R<TYR> -7.411000 -10.232000 -8.228000
c<A>r<22>R<ASN> -6.636000 -12.533000 -11.185000
c<A>r<25>R<PHE> -2.978000 -8.730000 -12.642000
c<A>r<44>R<ARG> -13.967000 2.642000 -2.799000
c<A>r<45>R<HIS> -14.948000 1.573000 0.814000
c<A>r<46>R<PHE> -17.594999 -0.665000 2.377000
c<A>r<47>R<HIS> -19.191999 -1.560000 -0.943000
c<A>r<48>R<ALA> -18.900999 -4.342000 -3.570000
c<A>r<50>R<GLY> -14.935000 -0.922000 -6.579000
c<A>r<51>R<GLY> -14.542000 -2.321000 -3.100000
c<A>r<52>R<PHE> -11.701000 -4.690000 -3.995000
c<A>r<53>R<SER> -9.460000 -1.627000 -3.742000
c<A>r<54>R<PRO> -9.984000 0.477000 -0.614000
c<A>r<55>R<ASN> -6.477000 1.983000 -1.035000
c<A>r<56>R<PRO> -5.172000 2.104000 -4.635000
c<A>r<57>R<SER> -1.441000 2.619000 -3.517000
c<A>r<58>R<VAL> -1.483000 -0.830000 -1.876000
c<A>r<59>R<ILE> -2.499000 -2.587000 -5.138000
c<A>r<60>R<ALA> -0.352000 -0.185000 -7.147000
c<A>r<61>R<ALA> 2.759000 -1.301000 -5.207000
c<A>r<62>R<ALA> 2.018000 -4.963000 -6.177000
c<A>r<63>R<ILE> 1.509000 -4.030000 -9.850000
c<A>r<64>R<ALA> 4.702000 -1.948000 -9.828000
c<A>r<65>R<ARG> 6.888000 -5.021000 -9.184000
c<A>r<66>R<GLU> 5.029000 -7.180000 -11.772000
c<A>r<82>R<HIS> -6.709000 11.265000 3.636000
c<A>r<83>R<HIS> -3.914000 13.369000 5.122000
c<A>r<84>R<PRO> -2.007000 14.727000 2.007000
c<A>r<85>R<ILE> 1.326000 13.658000 3.620000
c<A>r<86>R<ARG> 0.171000 10.032000 3.695000
c<A>r<89>R<GLU> 4.454000 9.011000 1.173000
c<A>r<90>R<GLU> 2.548000 5.977000 -0.142000
c<A>r<91>R<TRP> 2.624000 6.950000 -3.815000
c<A>r<92>R<SER> 6.336000 7.994000 -3.519000
c<A>r<93>R<VAL> 7.046000 4.436000 -2.416000
c<A>r<94>R<VAL> 5.068000 3.171000 -5.431000
c<A>r<95>R<ASP> 7.034000 5.629000 -7.610000
c<A>r<96>R<ASN> 10.312000 4.238000 -6.164000
c<A>r<97>R<LEU> 9.243000 0.612000 -6.693000
c<A>r<98>R<SER> 7.981000 1.282000 -10.329000
c<A>r<99>R<GLN> 11.025000 3.509000 -11.128000
c<A>r<100>R<GLY> 8.939000 6.598000 -11.935000
c<A>r<111>R<ASN> -20.563999 8.656000 -1.085000
c<A>r<112>R<PRO> -21.309999 9.954000 2.405000
c<A>r<113>R<ASN> -20.608999 6.476000 3.881000
c<A>r<114>R<ASP> -16.954000 6.567000 2.630000
c<A>r<115>R<PHE> -16.548000 9.649000 4.835000
c<A>r<116>R<ALA> -16.874001 7.475000 7.876000
c<A>r<117>R<LEU> -13.068000 7.709000 7.585000
c<A>r<118>R<ALA> -13.178000 11.549000 7.841000
c<A>r<119>R<PRO> -16.666000 12.746000 8.615000
c<A>r<120>R<GLN> -15.536000 16.337999 9.225000
c<A>r<121>R<SER> -14.440000 16.701000 5.654000
c<A>r<122>R<PHE> -17.879999 15.916000 4.155000
c<A>r<123>R<GLY> -19.478001 19.312000 3.326000
c<A>r<125>R<HIS> -14.947000 18.025999 0.442000
c<A>r<142>R<GLY> 10.173000 17.903000 -1.968000
c<A>r<146>R<GLN> 4.392000 23.372000 8.321000
c<A>r<147>R<VAL> 2.482000 20.912001 10.583000
c<A>r<148>R<GLN> 1.815000 20.556999 14.277000
c<A>r<149>R<ASN> 3.509000 17.587000 15.987000
c<A>r<150>R<GLY> 2.108000 15.453000 18.959000
c<A>r<151>R<VAL> 3.180000 17.900999 21.552000
c<A>r<152>R<GLY> 1.714000 20.875999 19.618999
c<A>r<153>R<LYS> 4.941000 22.202999 18.263000
c<A>r<154>R<SER> 5.035000 23.624001 14.777000
c<A>r<155>R<ILE> 7.542000 21.591999 12.666000
c<A>r<156>R<SER> 8.628000 21.664000 9.019000
c<A>r<157>R<VAL> 8.275000 18.233999 7.294000
c<A>r<158>R<GLN> 8.972000 16.658001 3.906000
c<A>r<159>R<ALA> 7.638000 13.497000 2.536000
c<A>r<160>R<PHE> 9.972000 10.504000 3.012000
c<A>r<161>R<PRO> 11.183000 8.850000 0.721000
c<A>r<162>R<ARG> 11.389000 11.260000 -2.287000
c<A>r<163>R<PRO> 9.915000 10.050000 -5.553000
c<A>r<164>R<MET> 11.850000 9.563000 -8.752000
c<A>r<165>R<GLN> 9.441000 11.821000 -10.765000
c<B>r<12>R<TYR> 18.009001 5.245000 3.990000
c<B>r<13>R<GLU> 18.462999 8.510000 2.083000
c<B>r<14>R<SER> 15.301000 10.366000 1.160000
c<B>r<15>R<GLU> 16.462999 11.003000 -2.441000
c<B>r<16>R<PHE> 15.526000 8.373000 -5.046000
c<B>r<17>R<SER> 18.105000 5.705000 -5.852000
c<B>r<18>R<HIS> 17.573000 2.821000 -8.280000
c<B>r<19>R<ASP> 18.726000 0.407000 -5.667000
c<B>r<20>R<LYS> 16.868999 1.771000 -2.608000
c<B>r<21>R<TYR> 14.712000 -1.358000 -2.152000
c<B>r<22>R<ASN> 17.129999 -3.943000 -3.657000
c<B>r<25>R<PHE> 13.410000 -7.652000 -2.139000
c<B>r<44>R<ARG> 8.511000 5.363000 10.226000
c<B>r<45>R<HIS> 7.869000 8.974000 8.936000
c<B>r<46>R<PHE> 9.999000 12.014000 8.083000
c<B>r<47>R<HIS> 13.256000 10.374000 9.098000
c<B>r<48>R<ALA> 16.080000 8.389000 7.401000
c<B>r<50>R<GLY> 13.158000 3.287000 8.846000
c<B>r<51>R<GLY> 11.924000 6.040000 6.588000
c<B>r<52>R<PHE> 11.946000 3.942000 3.397000
c<B>r<53>R<SER> 8.676000 2.476000 4.673000
c<B>r<54>R<PRO> 6.152000 5.102000 5.808000
c<B>r<55>R<ASN> 3.312000 2.569000 5.279000
c<B>r<56>R<PRO> 4.327000 -1.107000 5.654000
c<B>r<57>R<SER> 1.108000 -2.407000 3.815000
c<B>r<58>R<VAL> 2.262000 -0.684000 0.611000
c<B>r<59>R<ILE> 5.624000 -2.550000 0.607000
c<B>r<60>R<ALA> 3.934000 -5.670000 1.943000
c<B>r<61>R<ALA> 1.611000 -5.766000 -1.097000
c<B>r<62>R<ALA> 4.701000 -5.717000 -3.421000
c<B>r<63>R<ILE> 6.409000 -8.502000 -1.435000
c<B>r<64>R<ALA> 3.194000 -10.556000 -1.431000
c<B>r<65>R<ARG> 3.261000 -10.987000 -5.228000
c<B>r<66>R<GLU> 7.031000 -11.739000 -5.325000
c<B>r<82>R<HIS> -4.369000 5.500000 11.690000
c<B>r<83>R<HIS> -8.112000 4.831000 11.521000
c<B>r<84>R<PRO> -8.442000 1.072000 12.454000
c<B>r<85>R<ILE> -10.765000 0.560000 9.409000
c<B>r<86>R<ARG> -7.993000 1.683000 7.065000
c<B>r<89>R<GLU> -8.742000 -2.705000 4.659000
c<B>r<90>R<GLU> -5.106000 -2.332000 3.553000
c<B>r<91>R<TRP> -3.788000 -5.452000 5.268000
c<B>r<92>R<SER> -6.859000 -7.477000 4.093000
c<B>r<93>R<VAL> -5.823000 -6.610000 0.556000
c<B>r<94>R<VAL> -2.270000 -7.773000 1.372000
c<B>r<95>R<ASP> -3.787000 -10.937000 2.892000
c<B>r<96>R<ASN> -5.791000 -11.500000 -0.335000
c<B>r<97>R<LEU> -2.756000 -10.909000 -2.566000
c<B>r<98>R<SER> -0.440000 -13.206000 -0.402000
c<B>r<99>R<GLN> -3.226000 -15.858000 0.001000
c<B>r<100>R<GLY> -3.271000 -15.653000 3.818000
c<B>r<110>R<TRP> 7.299000 7.040000 20.414000
c<B>r<111>R<ASN> 8.266000 9.941000 18.096001
c<B>r<112>R<PRO> 6.170000 13.051000 18.604000
c<B>r<113>R<ASN> 6.968000 14.218000 15.033000
c<B>r<114>R<ASP> 5.278000 11.094000 13.525000
c<B>r<115>R<PHE> 2.093000 12.300000 15.216000
c<B>r<116>R<ALA> 1.949000 15.181000 12.813000
c<B>r<117>R<LEU> -0.420000 12.715000 11.095000
c<B>r<118>R<ALA> -2.702000 12.587000 14.196000
c<B>r<119>R<PRO> -1.619000 15.103000 16.766001
c<B>r<120>R<GLN> -4.721000 14.541000 18.927000
c<B>r<121>R<SER> -3.723000 10.978000 19.583000
c<B>r<122>R<PHE> -0.337000 11.857000 21.169001
c<B>r<123>R<GLY> -0.875000 11.741000 24.974001
c<B>r<125>R<HIS> -1.433000 6.890000 22.327999
c<B>r<142>R<GLY> -15.806000 -9.509000 9.654000
c<B>r<146>R<GLN> -20.756001 1.558000 14.398000
c<B>r<147>R<VAL> -19.337999 4.750000 12.802000
c<B>r<148>R<GLN> -20.671000 8.163000 11.884000
c<B>r<149>R<ASN> -20.907000 8.898000 8.147000
c<B>r<150>R<GLY> -20.330000 12.322000 6.379000
c<B>r<151>R<VAL> -23.792000 13.514000 7.088000
c<B>r<152>R<GLY> -23.591999 12.507000 10.787000
c<B>r<153>R<LYS> -25.660000 9.404000 10.520000
c<B>r<154>R<SER> -24.714001 6.384000 12.575000
c<B>r<155>R<ILE> -23.980000 3.433000 10.178000
c<B>r<156>R<SER> -22.794001 -0.154000 10.627000
c<B>r<157>R<VAL> -19.695999 -0.976000 8.486000
c<B>r<158>R<GLN> -17.420000 -3.945000 7.750000
c<B>r<159>R<ALA> -14.038000 -3.904000 6.286000
c<B>r<160>R<PHE> -14.013000 -4.565000 2.511000
c<B>r<161>R<PRO> -12.619000 -6.918000 1.117000
c<B>r<162>R<ARG> -12.573000 -9.753000 3.737000
c<B>r<163>R<PRO> -9.219000 -11.421000 4.408000
c<B>r<164>R<MET> -8.473000 -15.077000 3.838000
c<B>r<165>R<GLN> -7.219000 -15.551000 7.461000
