c<A>r<15>R<GLY> 28.823000 52.624001 55.021000
c<A>r<16>R<MET> 25.525000 54.513000 54.828999
c<A>r<18>R<LYS> 21.316999 59.525002 55.691002
c<A>r<20>R<GLY> 16.427999 64.510002 54.779999
c<A>r<23>R<GLY> 12.302000 69.545998 61.104000
c<A>r<24>R<ASP> 11.438000 65.964996 60.175999
c<A>r<25>R<ASP> 11.851000 63.355000 62.908001
c<A>r<26>R<ALA> 13.652000 60.905998 60.618000
c<A>r<27>R<PRO> 15.729000 60.945000 57.428001
c<A>r<28>R<ARG> 13.759000 60.694000 54.187000
c<A>r<29>R<ALA> 16.447001 58.592999 52.487999
c<A>r<30>R<VAL> 19.200001 56.200001 53.557999
c<A>r<31>R<PHE> 21.572001 54.576000 51.071999
c<A>r<32>R<PRO> 24.997999 52.883999 50.805000
c<A>r<54>R<VAL> 25.558001 55.523998 43.272999
c<A>r<55>R<GLY> 23.775999 54.098999 46.304001
c<A>r<56>R<ASP> 21.361000 51.179001 46.082001
c<A>r<57>R<GLU> 21.666000 50.895000 42.299999
c<A>r<58>R<ALA> 25.448000 50.618999 42.573002
c<A>r<59>R<GLN> 24.997999 47.818001 45.105999
c<A>r<60>R<SER> 22.305000 46.224998 42.966999
c<A>r<61>R<LYS> 24.594000 46.117001 39.930000
c<A>r<62>R<ARG> 27.895000 45.601002 41.750999
c<A>r<88>R<HIS> 22.995001 61.787998 43.973000
c<A>r<89>R<THR> 21.652000 62.890999 47.360001
c<A>r<91>R<TYR> 18.893000 65.194000 42.639999
c<A>r<92>R<ASN> 17.936001 61.521999 42.972000
c<A>r<93>R<GLU> 17.160999 60.866001 46.646000
c<A>r<94>R<LEU> 15.670000 64.153999 47.888000
c<A>r<95>R<ARG> 14.718000 65.556000 44.481998
c<A>r<156>R<GLY> 29.259001 52.761002 62.911999
c<A>r<200>R<PHE> 29.844999 32.278000 54.527000
c<A>r<202>R<THR> 31.398001 35.555000 49.402000
c<A>r<203>R<THR> 30.274000 39.151001 48.955002
c<A>r<204>R<GLU> 26.701000 37.910999 48.541000
c<A>r<205>R<GLU> 27.027000 35.917999 51.749001
c<A>r<206>R<ARG> 28.469000 38.917999 53.596001
c<A>r<207>R<GLU> 25.160000 40.710999 53.027000
c<A>r<208>R<ILE> 23.247000 37.735001 54.421001
c<A>r<209>R<VAL> 25.459999 37.564999 57.504002
c<A>r<210>R<ARG> 25.139999 41.313999 58.029999
c<A>r<211>R<ASP> 21.382999 40.698002 58.299000
c<A>r<212>R<ILE> 21.860001 37.799000 60.714001
c<A>r<214>R<GLU> 21.533001 42.889000 62.923000
c<A>r<215>R<LYS> 18.648001 40.511002 63.707001
c<A>r<216>R<LEU> 19.948999 37.862999 66.120003
c<A>r<238>R<LYS> 17.898001 30.900999 67.206001
c<A>r<239>R<SER> 16.900000 29.882999 63.687000
c<A>r<240>R<TYR> 17.464001 31.903999 60.526001
c<A>r<241>R<GLU> 15.846000 31.107000 57.181999
c<A>r<242>R<LEU> 17.898001 31.621000 54.020000
c<A>r<243>R<LYS> 16.322001 32.759998 50.743000
c<A>r<244>R<ASP> 16.441999 29.242001 49.292000
c<A>r<245>R<GLY> 14.553000 28.042000 52.354000
c<A>r<246>R<GLN> 17.372999 26.365999 54.272999
c<A>r<247>R<VAL> 17.112000 27.028999 58.000000
c<A>r<248>R<ILE> 20.396999 27.415001 59.862999
c<A>r<301>R<GLY> 25.507000 54.525002 65.733002
c<A>r<302>R<GLY> 24.266001 51.273998 64.237999
c<A>r<303>R<THR> 26.900000 49.162998 65.961998
c<A>r<305>R<MET> 22.216000 48.709000 68.584999
c<A>r<333>R<PRO> 15.923000 53.691002 71.012001
c<A>r<334>R<GLU> 16.448999 55.879002 67.938004
c<A>r<335>R<ARG> 20.246000 55.973000 68.260002
c<A>r<336>R<LYS> 20.822001 54.358002 64.855003
c<A>r<337>R<TYR> 19.892000 57.748001 63.382000
c<P>r<1>R<ALA> 22.611000 35.393002 49.811001
c<P>r<2>R<GLY> 22.278000 38.101002 47.169998
c<P>r<3>R<TRP> 18.951000 39.223999 48.653999
c<P>r<4>R<ASN> 20.150000 42.772999 49.296001
c<P>r<5>R<ALA> 20.011000 43.332001 45.527000
c<P>r<6>R<TYR> 16.211000 43.382000 45.806000
c<P>r<7>R<ILE> 16.487000 46.006001 48.557999
c<P>r<8>R<ASP> 18.707001 48.105000 46.273998
c<P>r<9>R<ASN> 15.999000 48.042999 43.573002
c<P>r<10>R<LEU> 13.222000 49.028000 45.994999
c<P>r<11>R<MET> 15.367000 51.893002 47.248001
c<P>r<12>R<ALA> 16.441999 53.040001 43.750000
c<P>r<13>R<ASP> 13.840000 55.691002 42.866001
c<P>r<14>R<GLY> 14.316000 57.604000 46.119999
c<P>r<15>R<THR> 10.708000 57.875999 47.263000
c<P>r<16>R<CYS> 10.994000 55.014999 49.742001
c<P>r<17>R<GLN> 12.924000 55.063000 52.997002
c<P>r<18>R<ASP> 12.912000 51.488998 54.233002
c<P>r<21>R<ILE> 12.199000 40.801998 52.665001
c<P>r<22>R<VAL> 11.232000 38.541000 55.556999
c<P>r<23>R<GLY> 10.772000 34.776001 55.367001
c<P>r<24>R<TYR> 7.688000 33.799999 57.353001
c<P>r<25>R<LYS> 7.687000 30.003000 57.061001
c<P>r<26>R<ASP> 9.143000 27.708000 59.701000
c<P>r<27>R<SER> 11.379000 30.084999 61.630001
c<P>r<28>R<PRO> 10.870000 33.734001 60.487000
c<P>r<29>R<SER> 13.876000 35.917000 59.824001
c<P>r<30>R<VAL> 14.849000 38.962002 57.811001
c<P>r<31>R<TRP> 16.474001 37.872002 54.562000
c<P>r<32>R<ALA> 17.388000 41.437000 53.587002
c<P>r<33>R<ALA> 16.656000 44.945999 54.862999
c<P>r<34>R<VAL> 18.104000 48.473000 54.916000
c<P>r<35>R<PRO> 20.818001 48.501999 57.619999
c<P>r<36>R<GLY> 20.284000 51.064999 60.344002
c<P>r<37>R<LYS> 16.559000 51.556000 59.875000
c<P>r<38>R<THR> 13.334000 49.988998 61.196999
c<P>r<39>R<PHE> 12.438000 46.846001 59.243999
c<P>r<40>R<VAL> 15.817000 45.250000 59.895000
c<P>r<41>R<ASN> 14.780000 44.891998 63.543999
c<P>r<42>R<ILE> 11.594000 42.971001 62.792999
c<P>r<43>R<THR> 11.086000 40.026001 65.143997
c<P>r<44>R<PRO> 9.511000 36.571999 64.625999
c<P>r<66>R<GLY> 10.799000 46.551998 64.311996
c<P>r<67>R<GLY> 9.361000 48.035000 67.502998
c<P>r<91>R<SER> 4.119000 58.959000 65.761002
c<P>r<92>R<THR> 4.233000 61.223999 68.788002
c<P>r<93>R<GLY> 5.290000 64.791000 69.421997
c<P>r<94>R<GLY> 5.182000 66.139999 65.894997
c<P>r<95>R<ALA> 7.194000 63.382999 64.207001
c<P>r<96>R<PRO> 6.175000 62.622002 60.609001
c<P>r<97>R<THR> 4.218000 59.426998 59.841000
c<P>r<98>R<PHE> 4.920000 57.182999 56.866001
c<P>r<107>R<LYS> 7.775000 32.285000 51.310001
c<P>r<108>R<THR> 8.128000 35.964001 52.195999
c<P>r<114>R<GLY> 7.626000 55.490002 51.855000
c<P>r<115>R<LYS> 9.276000 58.807999 52.685001
c<P>r<116>R<GLU> 7.123000 61.561001 54.164001
c<P>r<117>R<GLY> 4.347000 62.779999 51.896000
c<P>r<138>R<GLN> 8.520000 30.608999 43.423000
c<P>r<139>R<TYR> 9.504000 32.695000 46.414001
