c<A>r<14>R<SER> 31.535999 55.119999 55.890999
c<A>r<15>R<GLY> 28.823000 52.624001 55.021000
c<A>r<33>R<SER> 28.025000 55.185001 50.546001
c<A>r<34>R<ILE> 29.208000 53.591000 47.326000
c<A>r<56>R<ASP> 21.361000 51.179001 46.082001
c<A>r<57>R<GLU> 21.666000 50.895000 42.299999
c<A>r<58>R<ALA> 25.448000 50.618999 42.573002
c<A>r<59>R<GLN> 24.997999 47.818001 45.105999
c<A>r<60>R<SER> 22.305000 46.224998 42.966999
c<A>r<61>R<LYS> 24.594000 46.117001 39.930000
c<A>r<62>R<ARG> 27.895000 45.601002 41.750999
c<A>r<63>R<GLY> 28.363001 42.522999 39.577999
c<A>r<64>R<ILE> 29.235001 44.625000 36.532001
c<A>r<65>R<LEU> 30.884001 47.478001 38.438000
c<A>r<66>R<THR> 34.098000 48.285000 40.289001
c<A>r<67>R<LEU> 33.015999 49.820000 43.590000
c<A>r<68>R<LYS> 34.622002 52.728001 45.435001
c<A>r<69>R<TYR> 34.023998 53.801998 49.036999
c<A>r<70>R<PRO> 34.613998 57.608002 49.235001
c<A>r<71>R<ILE> 34.562000 57.633999 53.035000
c<A>r<72>R<GLU> 37.084000 55.514000 54.923000
c<A>r<73>R<HIS> 36.874001 55.264999 58.706001
c<A>r<158>R<GLY> 33.912998 51.643002 59.583000
c<A>r<159>R<VAL> 35.028999 53.365002 62.773998
c<A>r<178>R<LEU> 39.162998 52.763000 67.319000
c<A>r<179>R<ASP> 39.317001 51.174999 63.874001
c<A>r<180>R<LEU> 36.928001 48.431999 64.943001
c<A>r<181>R<ALA> 33.278000 48.658001 63.924000
c<A>r<183>R<ARG> 32.242001 45.840000 59.081001
c<A>r<184>R<ASP> 34.806999 44.077999 61.278999
c<A>r<185>R<LEU> 31.992001 42.442001 63.247002
c<A>r<186>R<THR> 30.190001 41.257999 60.115002
c<A>r<187>R<ASP> 33.363998 39.613998 58.785999
c<A>r<188>R<TYR> 34.043999 38.047001 62.188000
c<A>r<189>R<LEU> 30.537001 36.542000 62.250999
c<A>r<190>R<MET> 31.124001 35.143002 58.745998
c<A>r<191>R<LYS> 34.316002 33.583000 60.110001
c<A>r<192>R<ILE> 32.870998 31.923000 63.220001
c<A>r<193>R<LEU> 29.725000 30.731001 61.430000
c<A>r<194>R<THR> 32.042999 29.111000 58.882999
c<A>r<195>R<GLU> 34.032001 27.518999 61.701000
c<A>r<196>R<ARG> 30.716999 26.146000 62.986000
c<A>r<197>R<GLY> 30.389000 24.121000 59.797001
c<A>r<198>R<TYR> 28.549999 26.469999 57.458000
c<A>r<199>R<SER> 30.249001 28.521000 54.770000
c<A>r<200>R<PHE> 29.844999 32.278000 54.527000
c<A>r<201>R<THR> 32.695000 33.750000 52.508999
c<A>r<202>R<THR> 31.398001 35.555000 49.402000
c<A>r<203>R<THR> 30.274000 39.151001 48.955002
c<A>r<204>R<GLU> 26.701000 37.910999 48.541000
c<A>r<205>R<GLU> 27.027000 35.917999 51.749001
c<A>r<206>R<ARG> 28.469000 38.917999 53.596001
c<A>r<207>R<GLU> 25.160000 40.710999 53.027000
c<A>r<208>R<ILE> 23.247000 37.735001 54.421001
c<A>r<264>R<PRO> 39.528999 43.138000 70.250000
c<A>r<265>R<SER> 42.081001 40.334999 70.609001
c<A>r<266>R<PHE> 39.375000 38.049000 69.214996
c<A>r<267>R<LEU> 40.115002 39.907001 65.959999
c<A>r<268>R<GLY> 43.887001 39.903000 66.424004
c<A>r<269>R<MET> 43.849998 43.547001 67.514999
c<A>r<270>R<GLU> 45.842999 44.830002 70.500000
c<A>r<271>R<ALA> 43.548000 47.841000 70.984001
c<P>r<5>R<ALA> 50.660000 34.005001 65.005997
c<P>r<6>R<TYR> 51.502998 35.623001 61.660000
c<P>r<7>R<ILE> 47.804001 35.553001 60.738998
c<P>r<8>R<ASP> 46.993000 37.272999 64.045998
c<P>r<9>R<ASN> 49.411999 40.105000 63.174999
c<P>r<10>R<LEU> 47.981998 40.570999 59.669998
c<P>r<11>R<MET> 44.488998 40.698002 61.140999
c<P>r<12>R<ALA> 45.437000 43.054001 64.013000
c<P>r<13>R<ASP> 44.700001 46.514999 62.580002
c<P>r<14>R<GLY> 41.176998 45.587002 61.484001
c<P>r<15>R<THR> 41.279999 46.741001 57.870998
c<P>r<16>R<CYS> 41.854000 43.251999 56.490002
c<P>r<17>R<GLN> 39.327000 40.436001 56.411999
c<P>r<18>R<ASP> 41.264999 37.366001 55.353001
c<P>r<34>R<VAL> 41.682999 32.592999 59.035999
c<P>r<35>R<PRO> 39.285000 29.735001 59.908001
c<P>r<36>R<GLY> 35.872002 30.016001 58.312000
c<P>r<37>R<LYS> 36.813999 32.334999 55.471001
c<P>r<38>R<THR> 38.082001 32.006001 51.882000
c<P>r<39>R<PHE> 41.860001 31.542000 51.801998
c<P>r<66>R<GLY> 39.483002 29.059000 47.723000
c<P>r<67>R<GLY> 36.848000 28.771000 44.998001
c<P>r<68>R<GLN> 36.365002 32.566002 44.908001
c<P>r<69>R<LYS> 36.547001 34.152000 41.452000
c<P>r<88>R<ARG> 40.230000 41.966999 43.087002
c<P>r<89>R<THR> 37.375000 39.553001 43.790001
c<P>r<90>R<LYS> 34.615002 39.152000 41.195000
c<P>r<91>R<SER> 31.153000 39.362999 42.713001
c<P>r<92>R<THR> 27.603001 38.967999 41.471001
c<P>r<93>R<GLY> 24.257000 40.426998 42.426998
c<P>r<94>R<GLY> 25.398001 43.478001 44.341000
c<P>r<95>R<ALA> 27.924999 41.766998 46.618000
c<P>r<96>R<PRO> 30.941000 43.903000 47.563999
c<P>r<97>R<THR> 34.338001 43.182999 45.960999
c<P>r<98>R<PHE> 37.617001 43.183998 47.865002
c<P>r<115>R<LYS> 37.714001 44.750000 53.917999
c<P>r<116>R<GLU> 35.354000 46.648998 51.632000
c<P>r<117>R<GLY> 36.570999 50.088001 50.619999
c<P>r<118>R<VAL> 40.161999 49.443001 51.664001
c<P>r<119>R<HIS> 42.591000 50.634998 48.948002
