c<A>r<14>R<SER> 31.535999 55.119999 55.890999
c<A>r<15>R<GLY> 28.823000 52.624001 55.021000
c<A>r<32>R<PRO> 24.997999 52.883999 50.805000
c<A>r<33>R<SER> 28.025000 55.185001 50.546001
c<A>r<34>R<ILE> 29.208000 53.591000 47.326000
c<A>r<35>R<VAL> 30.002001 54.799000 43.812000
c<A>r<36>R<GLY> 30.596001 52.355999 40.993999
c<A>r<39>R<ARG> 34.328999 46.952999 34.896999
c<A>r<55>R<GLY> 23.775999 54.098999 46.304001
c<A>r<56>R<ASP> 21.361000 51.179001 46.082001
c<A>r<57>R<GLU> 21.666000 50.895000 42.299999
c<A>r<58>R<ALA> 25.448000 50.618999 42.573002
c<A>r<59>R<GLN> 24.997999 47.818001 45.105999
c<A>r<60>R<SER> 22.305000 46.224998 42.966999
c<A>r<61>R<LYS> 24.594000 46.117001 39.930000
c<A>r<62>R<ARG> 27.895000 45.601002 41.750999
c<A>r<63>R<GLY> 28.363001 42.522999 39.577999
c<A>r<64>R<ILE> 29.235001 44.625000 36.532001
c<A>r<65>R<LEU> 30.884001 47.478001 38.438000
c<A>r<66>R<THR> 34.098000 48.285000 40.289001
c<A>r<67>R<LEU> 33.015999 49.820000 43.590000
c<A>r<68>R<LYS> 34.622002 52.728001 45.435001
c<A>r<69>R<TYR> 34.023998 53.801998 49.036999
c<A>r<70>R<PRO> 34.613998 57.608002 49.235001
c<A>r<71>R<ILE> 34.562000 57.633999 53.035000
c<A>r<72>R<GLU> 37.084000 55.514000 54.923000
c<A>r<73>R<HIS> 36.874001 55.264999 58.706001
c<A>r<77>R<THR> 39.410999 60.110001 50.939999
c<A>r<78>R<ASN> 38.074001 60.313000 47.368000
c<A>r<157>R<ASP> 30.316000 50.528999 60.041000
c<A>r<158>R<GLY> 33.912998 51.643002 59.583000
c<A>r<159>R<VAL> 35.028999 53.365002 62.773998
c<A>r<178>R<LEU> 39.162998 52.763000 67.319000
c<A>r<179>R<ASP> 39.317001 51.174999 63.874001
c<A>r<180>R<LEU> 36.928001 48.431999 64.943001
c<A>r<181>R<ALA> 33.278000 48.658001 63.924000
c<A>r<183>R<ARG> 32.242001 45.840000 59.081001
c<A>r<184>R<ASP> 34.806999 44.077999 61.278999
c<A>r<186>R<THR> 30.190001 41.257999 60.115002
c<A>r<187>R<ASP> 33.363998 39.613998 58.785999
c<A>r<188>R<TYR> 34.043999 38.047001 62.188000
c<A>r<189>R<LEU> 30.537001 36.542000 62.250999
c<A>r<190>R<MET> 31.124001 35.143002 58.745998
c<A>r<191>R<LYS> 34.316002 33.583000 60.110001
c<A>r<192>R<ILE> 32.870998 31.923000 63.220001
c<A>r<193>R<LEU> 29.725000 30.731001 61.430000
c<A>r<194>R<THR> 32.042999 29.111000 58.882999
c<A>r<195>R<GLU> 34.032001 27.518999 61.701000
c<A>r<196>R<ARG> 30.716999 26.146000 62.986000
c<A>r<197>R<GLY> 30.389000 24.121000 59.797001
c<A>r<198>R<TYR> 28.549999 26.469999 57.458000
c<A>r<199>R<SER> 30.249001 28.521000 54.770000
c<A>r<200>R<PHE> 29.844999 32.278000 54.527000
c<A>r<201>R<THR> 32.695000 33.750000 52.508999
c<A>r<202>R<THR> 31.398001 35.555000 49.402000
c<A>r<203>R<THR> 30.274000 39.151001 48.955002
c<A>r<204>R<GLU> 26.701000 37.910999 48.541000
c<A>r<205>R<GLU> 27.027000 35.917999 51.749001
c<A>r<206>R<ARG> 28.469000 38.917999 53.596001
c<A>r<207>R<GLU> 25.160000 40.710999 53.027000
c<A>r<208>R<ILE> 23.247000 37.735001 54.421001
c<A>r<264>R<PRO> 39.528999 43.138000 70.250000
c<A>r<265>R<SER> 42.081001 40.334999 70.609001
c<A>r<267>R<LEU> 40.115002 39.907001 65.959999
c<A>r<268>R<GLY> 43.887001 39.903000 66.424004
c<A>r<269>R<MET> 43.849998 43.547001 67.514999
c<A>r<270>R<GLU> 45.842999 44.830002 70.500000
c<A>r<271>R<ALA> 43.548000 47.841000 70.984001
c<P>r<4>R<ASN> 49.803001 33.640999 62.313000
c<P>r<5>R<ALA> 51.673000 36.467999 64.058998
c<P>r<7>R<ILE> 48.394001 37.789001 60.027000
c<P>r<8>R<ASP> 47.750999 39.498001 63.375999
c<P>r<9>R<ASN> 49.915001 42.459000 62.290001
c<P>r<10>R<LEU> 48.181000 42.796001 58.910000
c<P>r<11>R<MET> 44.817001 42.731998 60.659000
c<P>r<12>R<ALA> 45.849998 45.175999 63.426998
c<P>r<13>R<ASP> 44.792000 48.568001 62.033001
c<P>r<14>R<GLY> 41.254002 47.417999 61.234001
c<P>r<15>R<THR> 40.994999 48.532001 57.616001
c<P>r<16>R<CYS> 41.665001 45.067001 56.217999
c<P>r<17>R<GLN> 39.316002 42.104000 56.368000
c<P>r<18>R<ASP> 41.344002 39.141998 55.178001
c<P>r<34>R<VAL> 42.346001 34.449001 58.849998
c<P>r<35>R<PRO> 40.203999 31.464001 59.935001
c<P>r<36>R<GLY> 36.661999 31.520000 58.619999
c<P>r<37>R<LYS> 37.229000 33.856998 55.695000
c<P>r<38>R<THR> 38.221001 33.558998 52.016998
c<P>r<39>R<PHE> 42.000999 33.320999 51.632999
c<P>r<41>R<ASN> 40.500000 28.278000 51.313000
c<P>r<66>R<GLY> 39.457001 30.650000 47.779999
c<P>r<67>R<GLY> 36.632999 30.172001 45.280998
c<P>r<68>R<GLN> 35.916000 33.930000 45.202000
c<P>r<69>R<LYS> 35.721001 35.480999 41.730999
c<P>r<71>R<SER> 39.039001 40.754002 38.316002
c<P>r<73>R<ILE> 43.383999 45.396999 37.666000
c<P>r<88>R<ARG> 39.044998 43.521000 43.002998
c<P>r<89>R<THR> 36.408001 40.950001 43.952999
c<P>r<90>R<LYS> 33.477001 40.353001 41.594002
c<P>r<91>R<SER> 30.142000 40.375999 43.388000
c<P>r<92>R<THR> 26.533001 39.755001 42.441002
c<P>r<93>R<GLY> 23.193001 41.022999 43.655998
c<P>r<94>R<GLY> 24.299000 44.160000 45.448002
c<P>r<95>R<ALA> 27.100000 42.631001 47.523998
c<P>r<96>R<PRO> 30.048000 44.955002 48.205002
c<P>r<97>R<THR> 33.341999 44.418999 46.337002
c<P>r<98>R<PHE> 36.757999 44.639000 47.967999
c<P>r<99>R<ASN> 40.236000 45.570999 46.825001
c<P>r<115>R<LYS> 37.248001 46.283001 53.980999
c<P>r<116>R<GLU> 34.601002 48.009998 51.880001
c<P>r<117>R<GLY> 35.521999 51.501999 50.747002
c<P>r<118>R<VAL> 39.217999 51.085999 51.500000
c<P>r<119>R<HIS> 41.342999 52.386002 48.587002
c<P>r<120>R<GLY> 43.442001 49.841999 46.703999
