c<A>r<215>R<LYS> 18.648001 40.511002 63.707001
c<A>r<216>R<LEU> 19.948999 37.862999 66.120003
c<A>r<217>R<CYS> 23.136999 39.091999 67.804001
c<A>r<218>R<TYR> 23.327999 40.456001 71.342003
c<A>r<219>R<VAL> 25.863001 41.411999 73.990997
c<A>r<220>R<ALA> 26.166000 38.958000 76.859001
c<A>r<221>R<LEU> 26.275000 40.438000 80.355003
c<A>r<222>R<ASP> 28.747000 37.736000 81.414001
c<A>r<223>R<PHE> 30.684999 36.220001 78.491997
c<A>r<224>R<GLU> 31.895000 33.074001 80.246002
c<A>r<225>R<GLN> 28.527000 32.226002 81.814003
c<A>r<226>R<GLU> 26.874001 32.742001 78.429001
c<A>r<227>R<MET> 29.417999 30.441000 76.765999
c<A>r<228>R<ALA> 28.718000 27.806000 79.432999
c<A>r<229>R<THR> 24.952000 28.031000 78.919998
c<A>r<230>R<ALA> 25.395000 27.632999 75.148003
c<A>r<232>R<SER> 25.268999 22.768000 77.860001
c<A>r<233>R<SER> 21.905001 23.497999 76.244003
c<A>r<234>R<SER> 20.049000 24.863001 73.217003
c<A>r<235>R<SER> 18.297001 27.611000 75.178001
c<A>r<236>R<LEU> 20.177999 30.391001 73.369003
c<A>r<237>R<GLU> 19.910999 29.037001 69.832001
c<A>r<238>R<LYS> 17.898001 30.900999 67.206001
c<A>r<239>R<SER> 16.900000 29.882999 63.687000
c<A>r<240>R<TYR> 17.464001 31.903999 60.526001
c<A>r<241>R<GLU> 15.846000 31.107000 57.181999
c<A>r<251>R<GLY> 24.181999 29.591999 68.875999
c<A>r<252>R<ASN> 27.017000 31.162001 70.845001
c<A>r<254>R<ARG> 25.009001 35.368999 68.613998
c<A>r<255>R<PHE> 26.981001 36.966999 71.442001
c<A>r<298>R<VAL> 25.580999 58.209999 75.408997
c<A>r<299>R<LEU> 25.639999 55.459999 72.778999
c<A>r<304>R<THR> 25.628000 50.217999 69.403000
c<A>r<305>R<MET> 22.216000 48.709000 68.584999
c<A>r<306>R<TYR> 22.938999 45.252998 70.039001
c<A>r<307>R<PRO> 20.455999 44.202999 72.723000
c<A>r<308>R<GLY> 22.191999 44.139000 76.102997
c<A>r<309>R<ILE> 24.976999 46.567001 75.206001
c<A>r<310>R<ALA> 23.868000 49.304001 77.630997
c<A>r<311>R<ASP> 23.848000 47.007999 80.677002
c<A>r<312>R<ARG> 27.200001 45.490002 79.695999
c<A>r<313>R<MET> 28.753000 48.951000 79.320000
c<A>r<314>R<GLN> 27.296000 49.903000 82.709000
c<A>r<315>R<LYS> 28.968000 46.862000 84.286003
c<A>r<318>R<THR> 31.680000 50.612999 86.847000
c<A>r<326>R<LYS> 27.844000 57.561001 89.572998
c<A>r<327>R<ILE> 27.716999 55.727001 86.237999
c<A>r<328>R<LYS> 24.871000 56.205002 83.769997
c<A>r<329>R<ILE> 24.667999 54.778000 80.238998
c<A>r<330>R<ILE> 22.101000 56.334999 77.900002
c<A>r<331>R<ALA> 20.987000 54.251999 74.915001
c<A>r<332>R<PRO> 18.202999 56.049000 72.983002
c<A>r<333>R<PRO> 15.923000 53.691002 71.012001
c<A>r<334>R<GLU> 16.448999 55.879002 67.938004
c<A>r<335>R<ARG> 20.246000 55.973000 68.260002
c<P>r<36>R<GLY> 15.973000 22.030001 80.191002
c<P>r<37>R<LYS> 14.539000 25.511999 79.788002
c<P>r<38>R<THR> 15.830000 29.107000 79.886002
c<P>r<39>R<PHE> 16.042999 30.388000 83.464996
c<P>r<40>R<VAL> 18.212999 27.483000 84.577003
c<P>r<41>R<ASN> 21.018000 28.959999 82.463997
c<P>r<42>R<ILE> 20.938000 32.362000 84.144997
c<P>r<43>R<THR> 24.420000 33.695000 84.891998
c<P>r<44>R<PRO> 25.782000 35.855000 87.747002
c<P>r<45>R<ALA> 26.504999 38.556000 85.153000
c<P>r<46>R<GLU> 22.868999 38.595001 84.088997
c<P>r<47>R<VAL> 21.886000 38.798000 87.742996
c<P>r<48>R<GLY> 24.218000 41.796001 88.209000
c<P>r<49>R<ILE> 22.296000 43.712002 85.522003
c<P>r<50>R<LEU> 18.868000 42.917999 86.968002
c<P>r<52>R<GLY> 22.247999 46.937000 88.885002
c<P>r<53>R<LYS> 22.479000 50.683998 89.499001
c<P>r<54>R<ASP> 21.861000 51.724998 85.899002
c<P>r<55>R<ARG> 18.077000 51.332001 85.647003
c<P>r<56>R<SER> 17.614000 53.244999 82.394997
c<P>r<57>R<SER> 19.875999 51.810001 79.672997
c<P>r<58>R<PHE> 18.061001 48.479000 79.678001
c<P>r<59>R<PHE> 14.899000 50.230999 78.476997
c<P>r<60>R<VAL> 16.841999 50.915001 75.257004
c<P>r<61>R<ASN> 19.261999 47.971001 75.079002
c<P>r<62>R<GLY> 17.066999 45.290001 76.633003
c<P>r<63>R<LEU> 18.716000 42.535999 78.691002
c<P>r<64>R<THR> 19.232000 38.765999 78.635002
c<P>r<65>R<LEU> 18.134001 35.955002 80.970001
c<P>r<66>R<GLY> 19.775000 32.595001 80.357002
c<P>r<67>R<GLY> 21.031000 34.049999 77.077003
c<P>r<68>R<GLN> 17.473000 34.929001 75.974998
c<P>r<69>R<LYS> 16.972000 38.511002 74.786003
c<P>r<70>R<CYS> 14.239000 40.445000 76.598000
c<P>r<71>R<SER> 12.771000 43.942001 76.611000
c<P>r<90>R<LYS> 12.412000 39.338001 72.080002
c<P>r<91>R<SER> 11.993000 36.807999 69.294998
c<P>r<92>R<THR> 12.974000 36.578999 65.649002
c<P>r<93>R<GLY> 11.525000 34.914001 62.589001
c<P>r<94>R<GLY> 7.976000 34.368000 63.762001
c<P>r<95>R<ALA> 8.764000 32.769001 67.125999
