c<A>r<15>R<GLY> 28.823000 52.624001 55.021000
c<A>r<16>R<MET> 25.525000 54.513000 54.828999
c<A>r<18>R<LYS> 21.316999 59.525002 55.691002
c<A>r<19>R<ALA> 19.565001 62.507000 54.129002
c<A>r<24>R<ASP> 11.438000 65.964996 60.175999
c<A>r<25>R<ASP> 11.851000 63.355000 62.908001
c<A>r<26>R<ALA> 13.652000 60.905998 60.618000
c<A>r<27>R<PRO> 15.729000 60.945000 57.428001
c<A>r<28>R<ARG> 13.759000 60.694000 54.187000
c<A>r<29>R<ALA> 16.447001 58.592999 52.487999
c<A>r<30>R<VAL> 19.200001 56.200001 53.557999
c<A>r<31>R<PHE> 21.572001 54.576000 51.071999
c<A>r<32>R<PRO> 24.997999 52.883999 50.805000
c<A>r<33>R<SER> 28.025000 55.185001 50.546001
c<A>r<34>R<ILE> 29.208000 53.591000 47.326000
c<A>r<50>R<LYS> 24.989000 56.367001 32.709000
c<A>r<55>R<GLY> 23.775999 54.098999 46.304001
c<A>r<56>R<ASP> 21.361000 51.179001 46.082001
c<A>r<57>R<GLU> 21.666000 50.895000 42.299999
c<A>r<58>R<ALA> 25.448000 50.618999 42.573002
c<A>r<59>R<GLN> 24.997999 47.818001 45.105999
c<A>r<60>R<SER> 22.305000 46.224998 42.966999
c<A>r<61>R<LYS> 24.594000 46.117001 39.930000
c<A>r<62>R<ARG> 27.895000 45.601002 41.750999
c<A>r<91>R<TYR> 18.893000 65.194000 42.639999
c<A>r<92>R<ASN> 17.936001 61.521999 42.972000
c<A>r<93>R<GLU> 17.160999 60.866001 46.646000
c<A>r<94>R<LEU> 15.670000 64.153999 47.888000
c<A>r<95>R<ARG> 14.718000 65.556000 44.481998
c<A>r<96>R<VAL> 15.673000 69.144997 45.305000
c<A>r<204>R<GLU> 26.701000 37.910999 48.541000
c<A>r<205>R<GLU> 27.027000 35.917999 51.749001
c<A>r<206>R<ARG> 28.469000 38.917999 53.596001
c<A>r<207>R<GLU> 25.160000 40.710999 53.027000
c<A>r<208>R<ILE> 23.247000 37.735001 54.421001
c<A>r<209>R<VAL> 25.459999 37.564999 57.504002
c<A>r<210>R<ARG> 25.139999 41.313999 58.029999
c<A>r<211>R<ASP> 21.382999 40.698002 58.299000
c<A>r<212>R<ILE> 21.860001 37.799000 60.714001
c<A>r<213>R<LYS> 24.086000 40.074001 62.810001
c<A>r<214>R<GLU> 21.533001 42.889000 62.923000
c<A>r<215>R<LYS> 18.648001 40.511002 63.707001
c<A>r<240>R<TYR> 17.464001 31.903999 60.526001
c<A>r<241>R<GLU> 15.846000 31.107000 57.181999
c<A>r<242>R<LEU> 17.898001 31.621000 54.020000
c<A>r<243>R<LYS> 16.322001 32.759998 50.743000
c<P>r<48>R<GLY> 8.172000 37.373001 49.485001
c<P>r<49>R<ILE> 11.004000 39.915001 49.794998
c<P>r<52>R<GLY> 11.103000 38.193001 54.123001
c<P>r<53>R<LYS> 13.456000 37.228001 56.952000
c<P>r<54>R<ASP> 16.493000 39.066002 55.598999
c<P>r<55>R<ARG> 15.699000 42.658001 56.599998
c<P>r<56>R<SER> 19.165001 44.098000 55.998001
c<P>r<57>R<SER> 20.336000 43.310001 52.449001
c<P>r<58>R<PHE> 17.591000 45.414001 50.890999
c<P>r<59>R<PHE> 19.094999 48.521000 52.500999
c<P>r<60>R<VAL> 22.077000 47.930000 50.183998
c<P>r<61>R<ASN> 20.490999 46.203999 47.174000
c<P>r<62>R<GLY> 17.120001 47.952999 47.181999
c<P>r<63>R<LEU> 14.048000 46.021000 46.011002
c<P>r<69>R<LYS> 13.409000 49.695999 41.473999
c<P>r<70>R<CYS> 13.122000 51.201000 44.959000
c<P>r<71>R<SER> 15.389000 52.051998 47.877998
c<P>r<72>R<VAL> 14.353000 51.245998 51.466000
c<P>r<73>R<ILE> 14.395000 54.256001 53.794998
c<P>r<74>R<ARG> 13.106000 52.687000 56.988998
c<P>r<86>R<ASP> 9.082000 53.712002 53.854000
c<P>r<87>R<LEU> 10.639000 53.551998 50.393002
c<P>r<88>R<ARG> 11.487000 55.825001 47.479000
c<P>r<89>R<THR> 11.620000 54.865002 43.799999
c<P>r<90>R<LYS> 14.993000 54.792999 42.032001
c<P>r<91>R<SER> 14.932000 56.617001 38.714001
c<P>r<92>R<THR> 17.363001 57.193001 35.875000
c<P>r<93>R<GLY> 17.927999 59.944000 33.354000
c<P>r<94>R<GLY> 16.118999 62.783001 35.069000
c<P>r<95>R<ALA> 12.864000 60.959000 35.831001
c<P>r<96>R<PRO> 11.123000 62.054001 39.043999
c<P>r<97>R<THR> 11.223000 59.775002 42.113998
c<P>r<98>R<PHE> 8.238000 59.118999 44.358002
c<P>r<99>R<ASN> 7.744000 58.263000 48.005001
c<P>r<116>R<GLU> 6.064000 64.032997 42.794998
c<P>r<117>R<GLY> 6.960000 66.412003 45.599998
c<P>r<119>R<HIS> 6.291000 64.317001 51.473000
c<P>r<120>R<GLY> 6.770000 60.734001 52.639000
c<P>r<121>R<GLY> 5.241000 61.430000 56.055000
