c<A>r<14>R<SER> 31.535999 55.119999 55.890999
c<A>r<15>R<GLY> 28.823000 52.624001 55.021000
c<A>r<32>R<PRO> 24.997999 52.883999 50.805000
c<A>r<33>R<SER> 28.025000 55.185001 50.546001
c<A>r<34>R<ILE> 29.208000 53.591000 47.326000
c<A>r<35>R<VAL> 30.002001 54.799000 43.812000
c<A>r<36>R<GLY> 30.596001 52.355999 40.993999
c<A>r<39>R<ARG> 34.328999 46.952999 34.896999
c<A>r<63>R<GLY> 28.363001 42.522999 39.577999
c<A>r<66>R<THR> 34.098000 48.285000 40.289001
c<A>r<67>R<LEU> 33.015999 49.820000 43.590000
c<A>r<68>R<LYS> 34.622002 52.728001 45.435001
c<A>r<69>R<TYR> 34.023998 53.801998 49.036999
c<A>r<70>R<PRO> 34.613998 57.608002 49.235001
c<A>r<71>R<ILE> 34.562000 57.633999 53.035000
c<A>r<72>R<GLU> 37.084000 55.514000 54.923000
c<A>r<73>R<HIS> 36.874001 55.264999 58.706001
c<A>r<75>R<ILE> 37.047001 60.509998 56.609001
c<A>r<76>R<VAL> 36.502998 61.520000 52.973999
c<A>r<77>R<THR> 39.410999 60.110001 50.939999
c<A>r<78>R<ASN> 38.074001 60.313000 47.368000
c<A>r<79>R<TRP> 36.659000 63.771999 46.675999
c<A>r<81>R<ASP> 33.362999 60.289001 44.154999
c<A>r<109>R<PRO> 35.702999 63.766998 65.028999
c<A>r<110>R<LEU> 39.243999 65.060997 64.397003
c<A>r<111>R<ASN> 38.436001 65.668999 60.729000
c<A>r<112>R<PRO> 41.522999 67.338997 59.138000
c<A>r<157>R<ASP> 30.316000 50.528999 60.041000
c<A>r<158>R<GLY> 33.912998 51.643002 59.583000
c<A>r<159>R<VAL> 35.028999 53.365002 62.773998
c<A>r<160>R<SER> 34.273998 53.930000 66.455002
c<A>r<161>R<HIS> 34.998001 57.073002 68.470001
c<A>r<162>R<THR> 34.775002 58.138000 72.100998
c<A>r<172>R<PRO> 40.084999 67.248001 70.694000
c<A>r<173>R<HIS> 42.900002 66.182999 73.023003
c<A>r<174>R<ALA> 40.650002 63.576000 74.668999
c<A>r<175>R<ILE> 38.993000 62.090000 71.582001
c<A>r<176>R<LEU> 39.973000 58.493000 70.818001
c<A>r<177>R<ARG> 39.547001 56.522999 67.599998
c<A>r<178>R<LEU> 39.162998 52.763000 67.319000
c<A>r<179>R<ASP> 39.317001 51.174999 63.874001
c<A>r<180>R<LEU> 36.928001 48.431999 64.943001
c<A>r<183>R<ARG> 32.242001 45.840000 59.081001
c<A>r<184>R<ASP> 34.806999 44.077999 61.278999
c<A>r<187>R<ASP> 33.363998 39.613998 58.785999
c<A>r<188>R<TYR> 34.043999 38.047001 62.188000
c<A>r<191>R<LYS> 34.316002 33.583000 60.110001
c<A>r<201>R<THR> 32.695000 33.750000 52.508999
c<A>r<202>R<THR> 31.398001 35.555000 49.402000
c<A>r<203>R<THR> 30.274000 39.151001 48.955002
c<A>r<206>R<ARG> 28.469000 38.917999 53.596001
c<A>r<264>R<PRO> 39.528999 43.138000 70.250000
c<A>r<265>R<SER> 42.081001 40.334999 70.609001
c<A>r<266>R<PHE> 39.375000 38.049000 69.214996
c<A>r<267>R<LEU> 40.115002 39.907001 65.959999
c<A>r<268>R<GLY> 43.887001 39.903000 66.424004
c<A>r<269>R<MET> 43.849998 43.547001 67.514999
c<A>r<270>R<GLU> 45.842999 44.830002 70.500000
c<A>r<271>R<ALA> 43.548000 47.841000 70.984001
c<A>r<277>R<THR> 38.514999 53.369999 75.384003
c<A>r<281>R<SER> 38.951000 59.325001 77.022003
c<P>r<1>R<ALA> 36.201000 37.159000 37.561001
c<P>r<4>R<ASN> 37.532001 37.638000 45.228001
c<P>r<5>R<ALA> 38.548000 34.070999 46.110001
c<P>r<7>R<ILE> 40.713001 38.044998 48.987000
c<P>r<8>R<ASP> 38.858002 35.344002 50.939999
c<P>r<9>R<ASN> 42.145000 33.464001 51.477001
c<P>r<11>R<MET> 41.202000 37.335999 55.061001
c<P>r<12>R<ALA> 40.898998 33.731998 56.333000
c<P>r<13>R<ASP> 43.195000 33.689999 59.382999
c<P>r<14>R<GLY> 41.605999 36.778000 60.935001
c<P>r<15>R<THR> 44.709999 38.853001 61.610001
c<P>r<16>R<CYS> 44.243999 41.041000 58.542999
c<P>r<17>R<GLN> 41.557999 43.660000 58.053001
c<P>r<18>R<ASP> 41.806000 44.700001 54.424999
c<P>r<29>R<SER> 41.868999 49.153999 38.462002
c<P>r<30>R<VAL> 40.986000 47.088001 41.498001
c<P>r<31>R<TRP> 40.443001 43.479000 40.466000
c<P>r<32>R<ALA> 39.268002 42.450001 43.938000
c<P>r<33>R<ALA> 39.091999 44.023998 47.396999
c<P>r<34>R<VAL> 37.148998 43.841000 50.672001
c<P>r<35>R<PRO> 33.859001 45.720001 50.102001
c<P>r<36>R<GLY> 33.268002 48.596001 52.480000
c<P>r<37>R<LYS> 36.865002 49.160000 53.520000
c<P>r<38>R<THR> 39.842999 51.226002 52.312000
c<P>r<39>R<PHE> 41.689999 49.451000 49.494999
c<P>r<40>R<VAL> 38.549000 49.105999 47.396999
c<P>r<41>R<ASN> 38.652000 52.880001 46.887001
c<P>r<42>R<ILE> 42.182999 52.925999 45.494999
c<P>r<43>R<THR> 42.521000 55.198002 42.465000
c<P>r<64>R<THR> 47.563000 57.738998 50.203999
c<P>r<65>R<LEU> 45.743999 54.466000 49.471001
c<P>r<66>R<GLY> 41.993000 54.754002 49.013000
c<P>r<67>R<GLY> 42.312000 58.273998 50.412998
c<P>r<68>R<GLN> 43.987000 56.976002 53.599998
c<P>r<69>R<LYS> 47.237999 58.710999 54.556000
c<P>r<91>R<SER> 46.058998 58.467999 62.064999
c<P>r<92>R<THR> 44.819000 61.449001 64.033997
c<P>r<93>R<GLY> 43.091999 61.931000 67.355003
c<P>r<94>R<GLY> 43.893002 58.622002 68.992996
c<P>r<95>R<ALA> 42.839001 56.341000 66.133003
c<P>r<96>R<PRO> 44.855999 53.117001 65.820000
c<P>r<97>R<THR> 47.417000 52.762001 63.001999
c<P>r<98>R<PHE> 47.863998 49.613998 60.936001
c<P>r<114>R<GLY> 46.837002 43.994999 59.303001
c<P>r<115>R<LYS> 44.534000 44.494999 62.280998
c<P>r<116>R<GLU> 45.778000 46.612999 65.174004
c<P>r<117>R<GLY> 48.819000 45.223999 66.949997
c<P>r<118>R<VAL> 49.705002 42.808998 64.157997
