c<A>r<16>R<MET> 25.525000 54.513000 54.828999
c<A>r<17>R<CYS> 24.466000 58.089001 54.113998
c<A>r<18>R<LYS> 21.316999 59.525002 55.691002
c<A>r<19>R<ALA> 19.565001 62.507000 54.129002
c<A>r<20>R<GLY> 16.427999 64.510002 54.779999
c<A>r<24>R<ASP> 11.438000 65.964996 60.175999
c<A>r<25>R<ASP> 11.851000 63.355000 62.908001
c<A>r<26>R<ALA> 13.652000 60.905998 60.618000
c<A>r<27>R<PRO> 15.729000 60.945000 57.428001
c<A>r<28>R<ARG> 13.759000 60.694000 54.187000
c<A>r<29>R<ALA> 16.447001 58.592999 52.487999
c<A>r<30>R<VAL> 19.200001 56.200001 53.557999
c<A>r<31>R<PHE> 21.572001 54.576000 51.071999
c<A>r<32>R<PRO> 24.997999 52.883999 50.805000
c<A>r<33>R<SER> 28.025000 55.185001 50.546001
c<A>r<50>R<LYS> 24.989000 56.367001 32.709000
c<A>r<51>R<ASP> 28.681999 56.105999 33.591000
c<A>r<52>R<SER> 28.632000 56.304001 37.403000
c<A>r<53>R<TYR> 26.250999 54.411999 39.702000
c<A>r<54>R<VAL> 25.558001 55.523998 43.272999
c<A>r<55>R<GLY> 23.775999 54.098999 46.304001
c<A>r<56>R<ASP> 21.361000 51.179001 46.082001
c<A>r<57>R<GLU> 21.666000 50.895000 42.299999
c<A>r<58>R<ALA> 25.448000 50.618999 42.573002
c<A>r<59>R<GLN> 24.997999 47.818001 45.105999
c<A>r<60>R<SER> 22.305000 46.224998 42.966999
c<A>r<61>R<LYS> 24.594000 46.117001 39.930000
c<A>r<88>R<HIS> 22.995001 61.787998 43.973000
c<A>r<89>R<THR> 21.652000 62.890999 47.360001
c<A>r<92>R<ASN> 17.936001 61.521999 42.972000
c<A>r<93>R<GLU> 17.160999 60.866001 46.646000
c<A>r<94>R<LEU> 15.670000 64.153999 47.888000
c<A>r<95>R<ARG> 14.718000 65.556000 44.481998
c<A>r<96>R<VAL> 15.673000 69.144997 45.305000
c<A>r<203>R<THR> 30.274000 39.151001 48.955002
c<A>r<204>R<GLU> 26.701000 37.910999 48.541000
c<A>r<205>R<GLU> 27.027000 35.917999 51.749001
c<A>r<206>R<ARG> 28.469000 38.917999 53.596001
c<A>r<207>R<GLU> 25.160000 40.710999 53.027000
c<A>r<208>R<ILE> 23.247000 37.735001 54.421001
c<A>r<209>R<VAL> 25.459999 37.564999 57.504002
c<A>r<210>R<ARG> 25.139999 41.313999 58.029999
c<A>r<211>R<ASP> 21.382999 40.698002 58.299000
c<A>r<212>R<ILE> 21.860001 37.799000 60.714001
c<A>r<214>R<GLU> 21.533001 42.889000 62.923000
c<A>r<215>R<LYS> 18.648001 40.511002 63.707001
c<A>r<216>R<LEU> 19.948999 37.862999 66.120003
c<A>r<238>R<LYS> 17.898001 30.900999 67.206001
c<A>r<239>R<SER> 16.900000 29.882999 63.687000
c<A>r<240>R<TYR> 17.464001 31.903999 60.526001
c<A>r<241>R<GLU> 15.846000 31.107000 57.181999
c<A>r<242>R<LEU> 17.898001 31.621000 54.020000
c<A>r<243>R<LYS> 16.322001 32.759998 50.743000
c<A>r<244>R<ASP> 16.441999 29.242001 49.292000
c<A>r<245>R<GLY> 14.553000 28.042000 52.354000
c<A>r<246>R<GLN> 17.372999 26.365999 54.272999
c<A>r<247>R<VAL> 17.112000 27.028999 58.000000
c<A>r<333>R<PRO> 15.923000 53.691002 71.012001
c<A>r<334>R<GLU> 16.448999 55.879002 67.938004
c<A>r<335>R<ARG> 20.246000 55.973000 68.260002
c<A>r<336>R<LYS> 20.822001 54.358002 64.855003
c<A>r<337>R<TYR> 19.892000 57.748001 63.382000
c<A>r<340>R<TRP> 20.837999 62.821999 61.618000
c<A>r<341>R<ILE> 18.045000 63.601002 64.091003
c<P>r<1>R<ALA> 11.968000 34.483002 65.319000
c<P>r<2>R<GLY> 10.703000 32.370998 62.426998
c<P>r<3>R<TRP> 9.728000 35.504002 60.487000
c<P>r<4>R<ASN> 11.957000 34.666000 57.523998
c<P>r<5>R<ALA> 9.477000 31.909000 56.639999
c<P>r<6>R<TYR> 7.069000 34.625999 55.480000
c<P>r<7>R<ILE> 9.832000 36.084000 53.293999
c<P>r<8>R<ASP> 10.393000 32.631001 51.773998
c<P>r<9>R<ASN> 6.699000 32.451000 50.800999
c<P>r<11>R<MET> 9.796000 35.011002 47.255001
c<P>r<12>R<ALA> 8.493000 31.563999 46.196999
c<P>r<26>R<ASP> 7.276000 51.787998 69.412003
c<P>r<27>R<SER> 10.762000 51.379002 67.980003
c<P>r<28>R<PRO> 10.643000 50.348000 64.264999
c<P>r<29>R<SER> 12.860000 47.551998 63.034000
c<P>r<30>R<VAL> 13.007000 44.987000 60.264000
c<P>r<31>R<TRP> 11.636000 41.681999 61.519001
c<P>r<32>R<ALA> 12.584000 39.842999 58.321999
c<P>r<33>R<ALA> 13.903000 40.757999 54.872002
c<P>r<34>R<VAL> 15.900000 39.326000 51.957001
c<P>r<35>R<PRO> 19.593000 39.508999 52.964001
c<P>r<36>R<GLY> 21.764000 41.493000 50.591999
c<P>r<37>R<LYS> 19.025999 43.547001 48.973000
c<P>r<38>R<THR> 17.271999 46.882000 49.606998
c<P>r<40>R<VAL> 16.799999 44.966999 54.747002
c<P>r<41>R<ASN> 18.448000 48.386002 55.077999
c<P>r<42>R<ILE> 15.228000 50.224998 55.889999
c<P>r<43>R<THR> 15.654000 52.715000 58.730999
c<P>r<44>R<PRO> 13.278000 53.879002 61.500999
c<P>r<45>R<ALA> 13.377000 57.347000 59.917000
c<P>r<46>R<GLU> 12.167000 55.942001 56.613998
c<P>r<47>R<VAL> 9.440000 54.097000 58.490002
c<P>r<48>R<GLY> 8.377000 57.367001 60.169998
c<P>r<49>R<ILE> 7.731000 58.922001 56.742001
c<P>r<50>R<LEU> 5.716000 55.970001 55.438000
c<P>r<52>R<GLY> 3.672000 59.957001 58.782001
c<P>r<58>R<PHE> 5.912000 62.727001 49.191002
c<P>r<60>R<VAL> 6.277000 65.742996 44.980000
c<P>r<61>R<ASN> 9.490000 64.838997 46.827000
c<P>r<62>R<GLY> 9.248000 61.054001 46.643002
c<P>r<63>R<LEU> 10.666000 58.983002 49.514000
c<P>r<64>R<THR> 13.403000 56.428001 50.192001
c<P>r<65>R<LEU> 13.338000 52.790001 51.340000
c<P>r<66>R<GLY> 16.687000 51.348999 52.373001
c<P>r<67>R<GLY> 18.256001 54.431000 50.796001
c<P>r<68>R<GLN> 16.559999 53.715000 47.441002
c<P>r<69>R<LYS> 14.671000 56.645000 45.910000
c<P>r<70>R<CYS> 11.016000 55.959999 45.095001
c<P>r<90>R<LYS> 13.438000 56.029999 40.723999
c<P>r<91>R<SER> 16.482000 55.043999 38.699001
c<P>r<92>R<THR> 19.219999 56.863998 36.830002
c<P>r<93>R<GLY> 21.350000 56.112999 33.806999
c<P>r<94>R<GLY> 19.271000 53.396999 32.202000
c<P>r<95>R<ALA> 18.759001 51.223000 35.285000
c<P>r<96>R<PRO> 15.428000 49.366001 35.408001
