c<A>r<13>R<GLY> 28.924999 57.691002 56.896999
c<A>r<14>R<SER> 31.535999 55.119999 55.890999
c<A>r<15>R<GLY> 28.823000 52.624001 55.021000
c<A>r<16>R<MET> 25.525000 54.513000 54.828999
c<A>r<32>R<PRO> 24.997999 52.883999 50.805000
c<A>r<33>R<SER> 28.025000 55.185001 50.546001
c<A>r<34>R<ILE> 29.208000 53.591000 47.326000
c<A>r<36>R<GLY> 30.596001 52.355999 40.993999
c<A>r<37>R<ARG> 31.712999 52.391998 37.375000
c<A>r<38>R<PRO> 31.638000 49.634998 34.680000
c<A>r<39>R<ARG> 34.328999 46.952999 34.896999
c<A>r<63>R<GLY> 28.363001 42.522999 39.577999
c<A>r<65>R<LEU> 30.884001 47.478001 38.438000
c<A>r<66>R<THR> 34.098000 48.285000 40.289001
c<A>r<67>R<LEU> 33.015999 49.820000 43.590000
c<A>r<68>R<LYS> 34.622002 52.728001 45.435001
c<A>r<69>R<TYR> 34.023998 53.801998 49.036999
c<A>r<70>R<PRO> 34.613998 57.608002 49.235001
c<A>r<71>R<ILE> 34.562000 57.633999 53.035000
c<A>r<72>R<GLU> 37.084000 55.514000 54.923000
c<A>r<73>R<HIS> 36.874001 55.264999 58.706001
c<A>r<74>R<GLY> 34.644001 58.345001 58.618000
c<A>r<75>R<ILE> 37.047001 60.509998 56.609001
c<A>r<77>R<THR> 39.410999 60.110001 50.939999
c<A>r<78>R<ASN> 38.074001 60.313000 47.368000
c<A>r<80>R<ASP> 35.610001 63.162998 43.080002
c<A>r<81>R<ASP> 33.362999 60.289001 44.154999
c<A>r<156>R<GLY> 29.259001 52.761002 62.911999
c<A>r<157>R<ASP> 30.316000 50.528999 60.041000
c<A>r<158>R<GLY> 33.912998 51.643002 59.583000
c<A>r<159>R<VAL> 35.028999 53.365002 62.773998
c<A>r<179>R<ASP> 39.317001 51.174999 63.874001
c<A>r<180>R<LEU> 36.928001 48.431999 64.943001
c<A>r<181>R<ALA> 33.278000 48.658001 63.924000
c<A>r<182>R<GLY> 30.336000 47.087002 62.118000
c<A>r<183>R<ARG> 32.242001 45.840000 59.081001
c<A>r<184>R<ASP> 34.806999 44.077999 61.278999
c<A>r<185>R<LEU> 31.992001 42.442001 63.247002
c<A>r<186>R<THR> 30.190001 41.257999 60.115002
c<A>r<187>R<ASP> 33.363998 39.613998 58.785999
c<A>r<200>R<PHE> 29.844999 32.278000 54.527000
c<A>r<201>R<THR> 32.695000 33.750000 52.508999
c<A>r<202>R<THR> 31.398001 35.555000 49.402000
c<A>r<203>R<THR> 30.274000 39.151001 48.955002
c<A>r<204>R<GLU> 26.701000 37.910999 48.541000
c<A>r<205>R<GLU> 27.027000 35.917999 51.749001
c<A>r<206>R<ARG> 28.469000 38.917999 53.596001
c<A>r<267>R<LEU> 40.115002 39.907001 65.959999
c<A>r<268>R<GLY> 43.887001 39.903000 66.424004
c<A>r<269>R<MET> 43.849998 43.547001 67.514999
c<A>r<270>R<GLU> 45.842999 44.830002 70.500000
c<P>r<1>R<ALA> 34.014000 51.471001 54.375999
c<P>r<2>R<GLY> 35.467999 49.042000 56.907001
c<P>r<3>R<TRP> 38.578999 48.568001 54.755001
c<P>r<4>R<ASN> 40.951000 49.737999 57.485001
c<P>r<5>R<ALA> 40.247002 46.452000 59.285000
c<P>r<6>R<TYR> 42.372002 44.702999 56.648998
c<P>r<7>R<ILE> 45.181999 47.191002 57.320999
c<P>r<8>R<ASP> 44.931000 46.401001 61.044998
c<P>r<9>R<ASN> 45.431999 42.683998 60.298000
c<P>r<11>R<MET> 49.981998 45.481998 60.737000
c<P>r<12>R<ALA> 49.191002 43.061001 63.603001
c<P>r<13>R<ASP> 52.359001 40.945000 63.853001
c<P>r<23>R<GLY> 41.539001 50.021999 43.761002
c<P>r<24>R<TYR> 43.032001 50.103001 40.271999
c<P>r<25>R<LYS> 39.949001 49.858002 38.050999
c<P>r<26>R<ASP> 38.229000 52.872002 36.528999
c<P>r<27>R<SER> 39.549000 55.682999 38.702999
c<P>r<28>R<PRO> 42.320999 54.438000 41.081001
c<P>r<29>R<SER> 42.247002 55.442001 44.717999
c<P>r<30>R<VAL> 43.483002 54.230999 48.076000
c<P>r<31>R<TRP> 40.723000 52.312000 49.830002
c<P>r<32>R<ALA> 42.735001 51.953999 53.042999
c<P>r<33>R<ALA> 46.293999 52.654999 54.189999
c<P>r<40>R<VAL> 48.598999 56.507000 51.744999
c<P>r<106>R<ALA> 40.452999 41.429001 40.735001
c<P>r<107>R<LYS> 39.841999 44.999001 41.880001
c<P>r<108>R<THR> 42.839001 45.935001 44.021000
c<P>r<133>R<HIS> 41.591999 36.125000 50.768002
c<P>r<134>R<LEU> 40.271000 39.207001 48.974998
c<P>r<135>R<ARG> 40.341000 37.431000 45.611000
c<P>r<136>R<ARG> 38.187000 34.598000 47.013000
c<P>r<137>R<SER> 35.620998 37.191002 48.095001
c<P>r<138>R<GLN> 35.584000 38.666000 44.588001
c<P>r<139>R<TYR> 37.675999 41.728001 45.306999
