c<A>r<34>R<ILE> 29.208000 53.591000 47.326000
c<A>r<35>R<VAL> 30.002001 54.799000 43.812000
c<A>r<36>R<GLY> 30.596001 52.355999 40.993999
c<A>r<37>R<ARG> 31.712999 52.391998 37.375000
c<A>r<38>R<PRO> 31.638000 49.634998 34.680000
c<A>r<39>R<ARG> 34.328999 46.952999 34.896999
c<A>r<52>R<SER> 28.632000 56.304001 37.403000
c<A>r<53>R<TYR> 26.250999 54.411999 39.702000
c<A>r<62>R<ARG> 27.895000 45.601002 41.750999
c<A>r<63>R<GLY> 28.363001 42.522999 39.577999
c<A>r<64>R<ILE> 29.235001 44.625000 36.532001
c<A>r<65>R<LEU> 30.884001 47.478001 38.438000
c<A>r<66>R<THR> 34.098000 48.285000 40.289001
c<A>r<67>R<LEU> 33.015999 49.820000 43.590000
c<A>r<68>R<LYS> 34.622002 52.728001 45.435001
c<A>r<69>R<TYR> 34.023998 53.801998 49.036999
c<A>r<70>R<PRO> 34.613998 57.608002 49.235001
c<A>r<71>R<ILE> 34.562000 57.633999 53.035000
c<A>r<72>R<GLU> 37.084000 55.514000 54.923000
c<A>r<73>R<HIS> 36.874001 55.264999 58.706001
c<A>r<75>R<ILE> 37.047001 60.509998 56.609001
c<A>r<76>R<VAL> 36.502998 61.520000 52.973999
c<A>r<77>R<THR> 39.410999 60.110001 50.939999
c<A>r<78>R<ASN> 38.074001 60.313000 47.368000
c<A>r<79>R<TRP> 36.659000 63.771999 46.675999
c<A>r<80>R<ASP> 35.610001 63.162998 43.080002
c<A>r<81>R<ASP> 33.362999 60.289001 44.154999
c<A>r<82>R<MET> 32.209999 62.112999 47.292000
c<A>r<83>R<GLU> 30.962000 64.870003 44.980000
c<A>r<112>R<PRO> 41.522999 67.338997 59.138000
c<A>r<113>R<LYS> 41.389000 71.112999 58.637001
c<A>r<114>R<ALA> 41.977001 70.806999 54.896000
c<A>r<115>R<ASN> 39.001999 68.450996 54.577000
c<A>r<116>R<ARG> 36.640999 70.898003 56.289001
c<A>r<117>R<GLU> 37.702999 73.628998 53.875000
c<A>r<118>R<LYS> 37.223999 71.313004 50.894001
c<A>r<119>R<MET> 33.668999 70.393997 51.910000
c<A>r<121>R<GLN> 34.352001 75.044998 48.912998
c<A>r<122>R<ILE> 32.476002 72.233002 47.160999
c<A>r<158>R<GLY> 33.912998 51.643002 59.583000
c<A>r<159>R<VAL> 35.028999 53.365002 62.773998
c<A>r<160>R<SER> 34.273998 53.930000 66.455002
c<A>r<177>R<ARG> 39.547001 56.522999 67.599998
c<A>r<178>R<LEU> 39.162998 52.763000 67.319000
c<A>r<179>R<ASP> 39.317001 51.174999 63.874001
c<A>r<180>R<LEU> 36.928001 48.431999 64.943001
c<A>r<183>R<ARG> 32.242001 45.840000 59.081001
c<A>r<184>R<ASP> 34.806999 44.077999 61.278999
c<A>r<187>R<ASP> 33.363998 39.613998 58.785999
c<A>r<203>R<THR> 30.274000 39.151001 48.955002
c<A>r<264>R<PRO> 39.528999 43.138000 70.250000
c<A>r<265>R<SER> 42.081001 40.334999 70.609001
c<A>r<267>R<LEU> 40.115002 39.907001 65.959999
c<A>r<268>R<GLY> 43.887001 39.903000 66.424004
c<A>r<269>R<MET> 43.849998 43.547001 67.514999
c<A>r<270>R<GLU> 45.842999 44.830002 70.500000
c<A>r<271>R<ALA> 43.548000 47.841000 70.984001
c<P>r<15>R<THR> 41.662998 49.070999 34.625999
c<P>r<54>R<ASP> 51.396999 43.881001 64.835999
c<P>r<55>R<ARG> 48.362000 43.257000 62.612999
c<P>r<56>R<SER> 45.911999 45.445999 64.523003
c<P>r<57>R<SER> 47.308998 48.979000 64.915001
c<P>r<58>R<PHE> 47.223000 49.613998 61.175999
c<P>r<59>R<PHE> 43.428001 49.294998 61.236000
c<P>r<60>R<VAL> 43.478001 52.491001 63.334000
c<P>r<61>R<ASN> 46.629002 54.263000 62.113998
c<P>r<62>R<GLY> 46.563000 53.176998 58.476002
c<P>r<69>R<LYS> 48.613998 57.087002 53.008999
c<P>r<70>R<CYS> 46.266998 54.090000 52.949001
c<P>r<71>R<SER> 43.599998 52.530998 55.146999
c<P>r<72>R<VAL> 43.473000 48.751999 55.696999
c<P>r<73>R<ILE> 40.122002 47.176998 54.814999
c<P>r<74>R<ARG> 40.879002 43.522999 55.445000
c<P>r<88>R<ARG> 42.194000 51.931000 49.923000
c<P>r<89>R<THR> 44.213001 55.131001 49.525002
c<P>r<90>R<LYS> 43.474998 58.077999 51.821999
c<P>r<91>R<SER> 43.110001 61.337002 49.930000
c<P>r<92>R<THR> 42.590000 64.972000 50.835999
c<P>r<93>R<GLY> 40.909000 67.924004 49.192001
c<P>r<94>R<GLY> 38.687000 66.121002 46.726002
c<P>r<95>R<ALA> 41.316002 63.810001 45.227001
c<P>r<96>R<PRO> 40.014999 60.397999 44.122002
c<P>r<97>R<THR> 40.832001 57.301998 46.214001
c<P>r<98>R<PHE> 41.855999 53.963001 44.737000
c<P>r<99>R<ASN> 41.525002 50.342999 45.769001
c<P>r<114>R<GLY> 43.028000 50.066002 40.408001
c<P>r<115>R<LYS> 41.955002 53.189999 38.533001
c<P>r<116>R<GLU> 39.171001 55.301998 40.013000
c<P>r<117>R<GLY> 35.830002 53.542000 40.278999
c<P>r<118>R<VAL> 37.294998 50.070000 39.823002
c<P>r<119>R<HIS> 35.847000 47.644001 42.412998
c<P>r<120>R<GLY> 38.257000 46.195000 44.966000
c<P>r<121>R<GLY> 37.133999 42.620998 44.293999
c<P>r<122>R<MET> 38.332001 42.810001 40.702000
c<P>r<123>R<ILE> 41.675999 44.186001 41.910999
