c<D>r<1>R<GLU> -16.797001 14.798000 2.734000
c<D>r<2>R<VAL> -14.394000 11.751000 3.196000
c<D>r<3>R<GLU> -17.218000 9.190000 3.692000
c<D>r<4>R<GLU> -19.193001 10.737000 0.798000
c<D>r<5>R<THR> -16.157000 10.498000 -1.554000
c<D>r<6>R<LEU> -15.470000 6.835000 -0.648000
c<D>r<8>R<ARG> -19.330000 7.734000 -4.458000
c<D>r<9>R<ILE> -16.354000 5.574000 -5.587000
c<D>r<12>R<HIS> -19.497000 3.178000 -9.304000
c<D>r<13>R<LYS> -20.600000 0.153000 -11.384000
c<D>r<14>R<GLY> -17.968000 -2.616000 -11.243000
c<D>r<15>R<VAL> -16.181000 -1.403000 -8.053000
c<D>r<20>R<VAL> -6.904000 3.494000 2.099000
c<D>r<22>R<ASN> -0.748000 4.953000 5.121000
c<D>r<26>R<ILE> -0.837000 -0.248000 6.937000
c<D>r<27>R<PRO> -4.604000 -0.182000 6.101000
c<D>r<28>R<VAL> -6.398000 2.864000 7.617000
c<D>r<29>R<LYS> -9.789000 2.058000 6.003000
c<D>r<65>R<THR> -0.191000 10.487000 -9.666000
c<D>r<66>R<PHE> -2.018000 7.304000 -10.761000
c<D>r<67>R<LEU> -1.395000 3.609000 -11.574000
c<D>r<68>R<ARG> -3.880000 1.196000 -13.267000
c<D>r<70>R<ARG> -5.690000 -4.595000 -15.417000
c<D>r<77>R<MET> -6.529000 1.533000 -9.550000
c<D>r<78>R<VAL> -3.938000 3.172000 -7.256000
c<D>r<79>R<ALA> -3.669000 6.877000 -6.431000
c<D>r<80>R<PRO> -0.511000 7.401000 -4.290000
c<D>r<81>R<ASP> 0.087000 10.702000 -2.420000
c<D>r<82>R<LYS> 2.783000 11.697000 0.176000
c<D>r<83>R<ASP> 1.313000 10.064000 3.306000
c<D>r<84>R<PHE> -1.485000 7.839000 1.913000
c<D>r<85>R<ILE> -2.451000 5.507000 -0.947000
c<D>r<86>R<LEU> -6.000000 4.971000 -2.290000
c<D>r<87>R<ILE> -6.544000 1.517000 -3.823000
c<D>r<88>R<VAL> -9.730000 0.673000 -5.768000
c<D>r<90>R<GLN> -13.059000 -3.276000 -9.813000
c<D>r<93>R<THR> -15.163000 -3.740000 -17.926001
c<X>r<1>R<LEU> -2.850000 0.961000 13.821000
c<X>r<2>R<SER> -5.078000 1.118000 16.938999
c<X>r<3>R<GLU> -8.708000 2.148000 16.285000
c<X>r<5>R<GLN> -4.870000 5.974000 15.727000
c<X>r<6>R<LYS> -7.091000 5.232000 12.673000
c<X>r<7>R<GLN> -9.699000 7.677000 14.052000
c<X>r<9>R<ILE> -5.737000 9.818000 11.001000
c<X>r<10>R<ILE> -9.305000 9.895000 9.531000
c<X>r<11>R<LEU> -10.003000 13.180000 11.416000
c<X>r<14>R<ASN> -3.981000 15.645000 5.602000
c<X>r<15>R<PHE> -6.174000 12.519000 5.262000
c<X>r<16>R<GLN> -9.311000 14.550000 4.382000
c<X>r<17>R<ARG> -7.461000 16.549999 1.647000
c<X>r<18>R<PHE> -5.882000 13.304000 0.379000
c<X>r<19>R<VAL> -9.224000 11.414000 0.008000
c<X>r<20>R<VAL> -10.792000 14.394000 -1.860000
c<X>r<21>R<ARG> -7.786000 14.692000 -4.273000
c<X>r<22>R<ALA> -7.181000 10.958000 -4.844000
c<X>r<23>R<GLY> -10.971000 10.394000 -5.055000
c<X>r<24>R<ARG> -11.285000 12.948000 -7.933000
c<X>r<25>R<VAL> -8.444000 11.151000 -9.826000
c<X>r<26>R<ILE> -10.138000 7.745000 -9.300000
c<X>r<27>R<GLU> -13.661000 9.068000 -10.194000
c<X>r<29>R<ALA> -10.351000 7.162000 -14.239000
c<X>r<30>R<LEU> -13.569000 5.152000 -13.480000
c<X>r<31>R<SER> -15.590000 7.414000 -15.859000
c<X>r<33>R<ASN> -14.339000 3.893000 -20.680000
c<X>r<35>R<ASP> -9.152000 0.985000 -22.950001
c<X>r<37>R<TYR> -4.742000 -0.832000 -24.552999
