c<A>r<25>R<LYS> -4.674000 2.167000 4.583000
c<A>r<26>R<CYS> -3.170000 -1.360000 4.397000
c<A>r<28>R<LEU> -7.515000 -0.514000 0.801000
c<A>r<29>R<LYS> -4.053000 -1.264000 -0.704000
c<A>r<30>R<GLY> -5.007000 -5.017000 -0.728000
c<A>r<31>R<ILE> -3.280000 -6.153000 2.517000
c<A>r<32>R<VAL> -5.917000 -8.434000 4.087000
c<A>r<33>R<GLU> -4.382000 -10.937000 6.500000
c<A>r<138>R<ASN> -14.264000 -7.191000 -3.309000
c<A>r<139>R<ILE> -10.856000 -6.524000 -1.676000
c<A>r<142>R<SER> -9.407000 -11.194000 -3.922000
c<A>r<143>R<ALA> -6.740000 -10.710000 -1.188000
c<A>r<144>R<LEU> -7.753000 -13.892000 0.758000
c<A>r<145>R<GLN> -8.557000 -15.868000 -2.487000
c<A>r<162>R<THR> -27.983000 -5.337000 -6.382000
c<A>r<163>R<PRO> -26.167000 -1.942000 -6.213000
c<A>r<164>R<GLY> -29.583000 -0.478000 -7.253000
c<A>r<215>R<ALA> 2.636000 -10.127000 8.869000
c<A>r<216>R<ILE> 4.160000 -7.611000 6.346000
c<A>r<217>R<GLY> 7.123000 -6.243000 8.407000
c<A>r<218>R<GLU> 7.632000 -2.733000 9.918000
c<A>r<219>R<HIS> 9.349000 -1.344000 6.758000
c<A>r<220>R<THR> 6.431000 -2.279000 4.442000
c<A>r<221>R<PHE> 3.900000 -1.167000 7.084000
c<A>r<222>R<ASP> 5.542000 2.302000 7.269000
c<A>r<223>R<LEU> 5.517000 2.655000 3.422000
c<A>r<224>R<LEU> 1.833000 1.605000 3.120000
c<A>r<225>R<THR> 0.649000 3.831000 6.038000
c<A>r<226>R<ARG> 2.763000 6.997000 5.294000
c<A>r<227>R<GLN> 0.312000 8.711000 2.903000
c<A>r<239>R<MET> -6.429000 17.320000 -8.115000
c<A>r<240>R<VAL> -6.791000 17.141001 -11.929000
c<A>r<241>R<GLY> -7.068000 13.472000 -12.888000
c<A>r<242>R<GLU> -7.568000 13.573000 -16.680000
c<B>r<25>R<LYS> 0.795000 -2.205000 -8.743000
c<B>r<26>R<CYS> 3.303000 -1.934000 -5.832000
c<B>r<28>R<LEU> 0.677000 2.869000 -7.173000
c<B>r<29>R<LYS> 0.137000 1.434000 -3.609000
c<B>r<30>R<GLY> 3.037000 3.651000 -2.350000
c<B>r<31>R<ILE> 5.739000 0.921000 -2.310000
c<B>r<32>R<VAL> 8.628000 2.924000 -3.804000
c<B>r<33>R<GLU> 12.008000 1.551000 -2.765000
c<B>r<131>R<SER> 0.311000 12.845000 -17.698000
c<B>r<132>R<GLY> 0.685000 9.835000 -15.315000
c<B>r<135>R<SER> 1.143000 11.606000 -10.270000
c<B>r<139>R<ILE> 4.127000 9.137000 -4.929000
c<B>r<142>R<SER> 6.329000 11.043000 -0.396000
c<B>r<143>R<ALA> 7.393000 7.341000 -0.384000
c<B>r<144>R<LEU> 11.163000 8.229000 -0.415000
c<B>r<145>R<GLN> 10.751000 11.392000 1.798000
c<B>r<163>R<PRO> -0.564000 21.686001 -14.874000
c<B>r<167>R<ARG> -2.414000 20.395000 -20.672001
c<B>r<215>R<ALA> 12.782000 -5.177000 -0.331000
c<B>r<216>R<ILE> 9.202000 -6.064000 0.888000
c<B>r<217>R<GLY> 9.193000 -9.928000 0.905000
c<B>r<218>R<GLU> 7.356000 -12.415000 -1.399000
c<B>r<219>R<HIS> 4.181000 -12.643000 0.800000
c<B>r<220>R<THR> 3.685000 -8.842000 0.735000
c<B>r<221>R<PHE> 4.523000 -8.680000 -3.000000
c<B>r<222>R<ASP> 1.843000 -11.339000 -3.735000
c<B>r<223>R<LEU> -0.841000 -9.508000 -1.643000
c<B>r<224>R<LEU> -0.045000 -6.186000 -3.388000
c<B>r<225>R<THR> -0.025000 -7.729000 -6.931000
c<B>r<226>R<ARG> -3.126000 -10.070000 -6.764000
c<B>r<227>R<GLN> -5.625000 -7.290000 -7.631000
c<B>r<228>R<ASP> -5.919000 -5.917000 -11.139000
c<B>r<232>R<SER> -6.902000 4.902000 -16.240000
c<B>r<233>R<THR> -7.597000 5.190000 -20.018999
c<B>r<239>R<MET> -20.183001 0.555000 -11.807000
c<B>r<240>R<VAL> -23.292999 2.291000 -12.471000
c<B>r<241>R<GLY> -24.367001 -1.231000 -12.289000
c<B>r<242>R<GLU> -27.673000 -1.335000 -13.840000
