c<A>r<16>R<GLY> -2.978000 -2.696000 -14.609000
c<A>r<17>R<ALA> 0.582000 -4.055000 -15.010000
c<A>r<19>R<THR> 2.198000 -7.653000 -10.037000
c<A>r<20>R<PRO> 5.989000 -8.148000 -9.357000
c<A>r<24>R<LEU> 13.787000 -12.877000 -1.487000
c<A>r<25>R<PRO> 17.625999 -13.208000 -1.058000
c<A>r<26>R<ARG> 17.820000 -12.770000 2.717000
c<A>r<27>R<LEU> 14.908000 -15.103000 3.491000
c<A>r<39>R<ARG> 3.434000 -9.350000 -4.695000
c<A>r<41>R<ASP> -0.259000 -7.251000 -1.708000
c<A>r<42>R<VAL> 0.662000 -4.207000 -3.861000
c<A>r<43>R<THR> -2.451000 -4.208000 -6.124000
c<A>r<44>R<PRO> -3.319000 -0.487000 -6.459000
c<A>r<45>R<ILE> -6.717000 -0.202000 -4.612000
c<A>r<46>R<ALA> -7.228000 0.343000 -0.872000
c<A>r<47>R<MET> -3.834000 -1.044000 0.443000
c<A>r<48>R<GLY> -3.741000 -4.005000 -2.068000
c<A>r<83>R<GLN> -11.527000 -3.961000 -1.238000
c<A>r<84>R<THR> -15.201000 -4.527000 -2.260000
c<A>r<85>R<ALA> -16.111000 -1.277000 -0.390000
c<A>r<86>R<ALA> -13.262000 0.670000 -2.057000
c<A>r<87>R<VAL> -14.264000 -0.562000 -5.548000
c<A>r<88>R<ALA> -17.909000 0.335000 -4.802000
c<A>r<89>R<ALA> -16.802000 3.862000 -3.800000
c<A>r<90>R<LYS> -14.635000 4.226000 -6.936000
c<A>r<91>R<LEU> -17.511000 3.228000 -9.199000
c<A>r<92>R<GLY> -20.225000 5.266000 -7.410000
c<A>r<93>R<LEU> -22.042999 2.073000 -6.235000
c<A>r<108>R<GLU> -12.010000 -1.466000 20.886999
c<A>r<109>R<ASN> -9.103000 -1.150000 18.483000
c<A>r<112>R<THR> -13.158000 0.089000 15.060000
c<A>r<113>R<ASN> -9.624000 0.227000 13.451000
c<A>r<114>R<GLY> -7.914000 -1.440000 10.395000
c<A>r<115>R<ASN> -10.303000 -2.721000 7.693000
c<A>r<117>R<LEU> -12.098000 2.053000 9.882000
c<A>r<118>R<LEU> -11.589000 1.997000 6.126000
c<A>r<119>R<LEU> -15.188000 0.739000 5.577000
c<A>r<120>R<ASP> -16.364000 3.903000 7.400000
c<A>r<121>R<LEU> -14.229000 6.038000 5.070000
c<A>r<122>R<PHE> -15.599000 4.258000 1.995000
c<A>r<123>R<ASN> -19.153999 4.996000 3.269000
c<A>r<124>R<THR> -20.115000 1.352000 3.511000
c<A>r<272>R<VAL> 5.241000 -11.771000 10.265000
c<A>r<273>R<LYS> 8.269000 -10.417000 12.217000
c<A>r<274>R<LEU> 10.795000 -12.562000 10.339000
c<A>r<275>R<LEU> 9.819000 -11.541000 6.801000
c<A>r<276>R<ALA> 9.480000 -7.839000 7.836000
c<A>r<277>R<SER> 12.935000 -7.751000 9.496000
c<A>r<278>R<LEU> 14.688000 -9.690000 6.632000
c<A>r<279>R<GLU> 12.963000 -8.408000 3.546000
c<A>r<280>R<GLY> 10.993000 -5.298000 4.672000
c<A>r<281>R<VAL> 7.788000 -7.129000 3.515000
c<A>r<282>R<LEU> 4.584000 -6.902000 5.626000
c<A>r<318>R<ALA> -1.386000 -5.874000 6.299000
c<A>r<319>R<PRO> -4.094000 -3.397000 7.488000
c<A>r<321>R<LEU> -1.758000 -5.415000 11.831000
c<A>r<322>R<PHE> -3.111000 -2.112000 13.028000
c<A>r<323>R<ALA> -6.417000 -3.510000 14.270000
c<A>r<324>R<TYR> -4.798000 -6.398000 16.143000
c<A>r<325>R<HIS> -2.352000 -4.110000 17.969000
c<A>r<326>R<PRO> -1.721000 -4.250000 20.862000
c<B>r<16>R<GLY> 9.851000 -0.311000 -11.149000
c<B>r<17>R<ALA> 7.107000 0.783000 -13.590000
c<B>r<19>R<THR> 3.278000 5.083000 -10.903000
c<B>r<20>R<PRO> -0.275000 5.506000 -12.405000
c<B>r<24>R<LEU> -10.797000 11.119000 -10.769000
c<B>r<25>R<PRO> -14.261000 11.322000 -12.483000
c<B>r<26>R<ARG> -16.433001 11.522000 -9.373000
c<B>r<27>R<LEU> -14.270000 14.095000 -7.591000
c<B>r<39>R<ARG> -0.500000 7.609000 -7.386000
c<B>r<41>R<ASP> 0.966000 6.226000 -2.604000
c<B>r<42>R<VAL> 1.162000 2.813000 -4.363000
c<B>r<43>R<THR> 5.001000 2.582000 -4.612000
c<B>r<44>R<PRO> 5.737000 -1.094000 -3.795000
c<B>r<45>R<ILE> 7.632000 -0.886000 -0.423000
c<B>r<46>R<ALA> 6.067000 -0.763000 3.050000
c<B>r<47>R<MET> 2.564000 0.665000 2.128000
c<B>r<48>R<GLY> 3.959000 3.136000 -0.516000
c<B>r<83>R<GLN> 10.128000 3.627000 4.271000
c<B>r<84>R<THR> 13.813000 4.192000 5.257000
c<B>r<85>R<ALA> 13.447000 1.355000 7.842000
c<B>r<86>R<ALA> 11.808000 -0.991000 5.286000
c<B>r<87>R<VAL> 14.555000 -0.320000 2.696000
c<B>r<88>R<ALA> 17.209999 -0.896000 5.387000
c<B>r<89>R<ALA> 15.575000 -4.254000 6.239000
c<B>r<90>R<LYS> 15.368000 -5.258000 2.554000
c<B>r<91>R<LEU> 19.052000 -4.514000 2.006000
c<B>r<92>R<GLY> 20.313999 -6.073000 5.265000
c<B>r<93>R<LEU> 21.393999 -2.647000 6.665000
c<B>r<108>R<GLU> -1.229000 4.943000 23.382999
c<B>r<109>R<ASN> -2.436000 4.076000 19.898001
c<B>r<112>R<THR> 2.743000 2.471000 19.405001
c<B>r<113>R<ASN> 0.587000 1.896000 16.221001
c<B>r<114>R<GLY> 0.816000 2.946000 12.491000
c<B>r<115>R<ASN> 4.329000 3.859000 11.285000
c<B>r<117>R<LEU> 4.473000 -0.381000 14.851000
c<B>r<118>R<LEU> 6.021000 -0.985000 11.447000
c<B>r<119>R<LEU> 9.425000 0.337000 12.676000
c<B>r<120>R<ASP> 9.300000 -2.409000 15.347000
c<B>r<121>R<LEU> 8.605000 -5.015000 12.643000
c<B>r<122>R<PHE> 11.480000 -3.720000 10.508000
c<B>r<123>R<ASN> 13.785000 -4.045000 13.564000
c<B>r<124>R<THR> 14.658000 -0.372000 13.654000
c<B>r<272>R<VAL> -9.787000 12.440000 3.703000
c<B>r<273>R<LYS> -13.445000 11.289000 3.968000
c<B>r<274>R<LEU> -14.499000 12.952000 0.713000
c<B>r<275>R<LEU> -11.866000 11.404000 -1.556000
c<B>r<276>R<ALA> -12.296000 7.951000 0.110000
c<B>r<277>R<SER> -16.105000 7.974000 -0.300000
c<B>r<278>R<LEU> -15.997000 9.314000 -3.937000
c<B>r<279>R<GLU> -12.972000 7.615000 -5.388000
c<B>r<280>R<GLY> -12.038000 4.844000 -2.896000
c<B>r<281>R<VAL> -8.618000 6.599000 -2.473000
c<B>r<282>R<LEU> -7.026000 6.889000 1.014000
c<B>r<318>R<ALA> -2.359000 6.284000 4.893000
c<B>r<319>R<PRO> -0.804000 4.177000 7.730000
c<B>r<321>R<LEU> -4.975000 6.798000 9.770000
c<B>r<322>R<PHE> -4.620000 3.816000 12.049000
c<B>r<323>R<ALA> -2.394000 5.560000 14.580000
c<B>r<324>R<TYR> -4.609000 8.640000 14.810000
c<B>r<325>R<HIS> -7.752000 6.572000 15.439000
c<B>r<326>R<PRO> -9.779000 7.178000 17.506001
