c<A>r<1>R<THR> 24.597000 -0.034000 -1.596000
c<A>r<2>R<VAL> 22.167999 -1.271000 -4.203000
c<A>r<3>R<PRO> 18.591000 -1.173000 -2.644000
c<A>r<74>R<GLY> 15.879000 3.230000 -3.399000
c<A>r<75>R<VAL> 13.544000 6.269000 -2.792000
c<A>r<76>R<ARG> 12.784000 8.867000 -0.042000
c<A>r<80>R<GLU> 7.574000 7.514000 -4.280000
c<A>r<81>R<LEU> 8.050000 3.670000 -4.060000
c<A>r<82>R<LEU> 4.419000 2.777000 -5.057000
c<A>r<83>R<THR> 5.077000 4.028000 -8.655000
c<A>r<84>R<LEU> 8.138000 1.764000 -9.260000
c<A>r<85>R<PRO> 8.174000 -1.987000 -10.225000
c<A>r<86>R<HIS> 9.954000 -3.216000 -7.019000
c<A>r<210>R<LEU> -3.828000 -0.749000 -11.613000
c<A>r<211>R<LEU> -0.116000 -1.646000 -10.991000
c<A>r<214>R<GLU> -4.171000 -5.207000 -15.008000
c<A>r<215>R<HIS> -8.040000 -5.023000 -14.902000
c<A>r<217>R<VAL> -9.833000 0.698000 -14.032000
c<A>r<218>R<GLU> -11.706000 3.085000 -16.391001
c<A>r<219>R<VAL> -9.650000 6.356000 -16.281000
c<A>r<220>R<VAL> -6.228000 4.610000 -16.638000
c<A>r<221>R<LEU> -3.949000 7.472000 -17.818001
c<A>r<222>R<ALA> -5.217000 10.169000 -15.349000
c<A>r<224>R<LEU> -0.852000 7.335000 -13.847000
c<A>r<225>R<GLU> -0.410000 11.115000 -14.529000
c<A>r<227>R<ALA> 0.950000 9.198000 -9.719000
c<A>r<228>R<ARG> 3.824000 11.424000 -11.075000
c<A>r<231>R<ALA> 5.738000 10.512000 -6.130000
c<A>r<232>R<HIS> 6.888000 14.187000 -6.269000
c<B>r<1>R<SER> 26.454000 5.261000 -7.559000
c<B>r<4>R<GLN> 24.523001 1.462000 -10.292000
c<B>r<5>R<LEU> 21.344000 3.630000 -10.210000
c<B>r<8>R<PHE> 19.058001 -1.512000 -12.062000
c<B>r<9>R<TYR> 16.749001 1.072000 -13.724000
c<B>r<12>R<GLN> 13.739000 -2.594000 -15.002000
c<B>r<13>R<CYS> 13.476000 -0.612000 -18.278000
c<B>r<15>R<ALA> 11.824000 -6.008000 -17.941999
c<B>r<16>R<ASN> 8.914000 -3.519000 -18.436001
c<B>r<42>R<ALA> -8.041000 -2.902000 -23.733999
c<B>r<45>R<LYS> -4.603000 0.206000 -21.995001
c<B>r<46>R<PHE> -1.880000 -2.526000 -21.677000
c<B>r<48>R<ILE> -0.299000 2.647000 -21.752001
c<B>r<49>R<LEU> 0.123000 0.671000 -18.485001
c<B>r<50>R<SER> 3.422000 -0.990000 -19.580000
c<B>r<52>R<HIS> 4.013000 4.372000 -17.917999
c<B>r<53>R<LYS> 6.056000 1.948000 -15.686000
c<B>r<54>R<LEU> 9.036000 3.405000 -17.708000
c<B>r<55>R<VAL> 7.806000 7.044000 -17.165001
c<B>r<56>R<PHE> 7.958000 6.431000 -13.362000
c<B>r<57>R<ILE> 11.575000 5.153000 -13.777000
c<B>r<59>R<ASP> 10.875000 10.578000 -13.169000
c<B>r<60>R<THR> 12.793000 8.692000 -10.413000
c<B>r<63>R<ARG> 14.934000 13.084000 -8.663000
c<B>r<64>R<GLN> 18.049999 10.963000 -7.818000
c<B>r<82>R<CYS> 4.030000 10.616000 -21.056999
c<B>r<85>R<LEU> 0.699000 8.130000 -24.063000
c<B>r<86>R<ARG> -1.645000 11.213000 -24.132999
c<B>r<89>R<VAL> -5.311000 7.992000 -25.580000
