c<A>r<3>R<SER> 25.033001 2.732000 10.314000
c<A>r<42>R<THR> 24.551001 -10.953000 11.784000
c<A>r<43>R<THR> 24.101000 -7.420000 10.592000
c<A>r<45>R<ARG> 20.972000 -11.175000 7.945000
c<A>r<46>R<GLU> 18.947001 -8.356000 9.549000
c<A>r<47>R<VAL> 19.360001 -6.297000 6.325000
c<A>r<48>R<LEU> 18.393000 -9.285000 4.158000
c<A>r<49>R<GLN> 15.189000 -9.773000 6.228000
c<A>r<50>R<ARG> 14.291000 -6.070000 5.714000
c<A>r<51>R<LEU> 14.884000 -6.290000 1.957000
c<A>r<52>R<ALA> 12.903000 -9.534000 1.740000
c<A>r<53>R<ARG> 9.915000 -7.851000 3.549000
c<A>r<54>R<ASP> 10.070000 -4.886000 1.195000
c<A>r<55>R<GLY> 9.819000 -7.265000 -1.767000
c<A>r<61>R<HIS> 15.316000 -21.850000 3.954000
c<A>r<70>R<PHE> 10.510000 -5.484000 -7.437000
c<A>r<71>R<TRP> 7.838000 -4.091000 -9.790000
c<A>r<72>R<GLU> 6.073000 -7.399000 -9.241000
c<A>r<73>R<THR> 6.682000 -7.930000 -5.591000
c<A>r<74>R<SER> 7.138000 -4.596000 -3.737000
c<A>r<75>R<GLY> 4.343000 -2.361000 -2.421000
c<A>r<76>R<LEU> 4.008000 1.279000 -1.942000
c<A>r<77>R<ASN> 6.867000 1.208000 0.550000
c<A>r<78>R<ILE> 9.398000 1.411000 -2.241000
c<A>r<79>R<LEU> 8.303000 4.864000 -3.417000
c<A>r<92>R<GLN> 7.011000 12.049000 -12.747000
c<A>r<93>R<LEU> 6.789000 9.923000 -9.616000
c<A>r<95>R<ASP> 2.787000 13.485000 -10.481000
c<A>r<96>R<ASN> 1.798000 9.894000 -10.311000
c<A>r<97>R<LEU> 1.434000 9.914000 -6.531000
c<A>r<99>R<SER> -2.819000 11.855000 -9.347000
c<A>r<100>R<VAL> -3.582000 8.696000 -7.367000
c<A>r<103>R<ASN> -8.538000 10.017000 -7.689000
c<A>r<104>R<ILE> -8.978000 7.846000 -4.612000
c<A>r<107>R<ILE> -14.080000 8.083000 -3.462000
c<A>r<108>R<PHE> -13.361000 7.925000 0.262000
c<A>r<146>R<ARG> -5.652000 9.900000 6.014000
c<A>r<150>R<PHE> -10.399000 5.939000 7.683000
c<A>r<153>R<GLY> -15.380000 3.031000 6.932000
c<A>r<154>R<ASN> -13.035000 1.225000 4.530000
c<A>r<155>R<PRO> -9.611000 0.898000 6.212000
c<A>r<156>R<ILE> -7.954000 -0.122000 2.978000
c<A>r<157>R<TYR> -7.900000 3.559000 1.833000
c<A>r<158>R<GLY> -6.076000 4.500000 5.036000
c<A>r<159>R<LEU> -3.631000 1.636000 4.580000
c<A>r<160>R<ILE> -2.876000 2.885000 1.012000
c<A>r<161>R<LEU> -2.071000 6.356000 2.371000
c<A>r<162>R<ASN> 0.116000 4.754000 5.116000
c<A>r<163>R<GLY> 2.151000 3.078000 2.418000
c<A>r<164>R<MET> 2.938000 6.354000 0.718000
c<A>r<165>R<LYS> 3.504000 8.386000 3.893000
c<B>r<3>R<SER> 9.968000 -22.539000 11.976000
c<B>r<42>R<THR> 19.670000 -13.973000 16.608000
c<B>r<43>R<THR> 16.461000 -15.483000 15.377000
c<B>r<45>R<ARG> 16.388000 -9.953000 15.894000
c<B>r<46>R<GLU> 15.512000 -11.164000 12.368000
c<B>r<47>R<VAL> 11.825000 -11.411000 13.423000
c<B>r<48>R<LEU> 11.927000 -7.947000 15.026000
c<B>r<49>R<GLN> 13.345000 -6.465000 11.766000
c<B>r<50>R<ARG> 10.479000 -8.082000 9.792000
c<B>r<51>R<LEU> 7.855000 -6.747000 12.202000
c<B>r<52>R<ALA> 9.448000 -3.291000 12.161000
c<B>r<53>R<ARG> 9.312000 -3.243000 8.276000
c<B>r<54>R<ASP> 5.675000 -4.282000 8.331000
c<B>r<55>R<GLY> 4.899000 -1.339000 10.614000
c<B>r<61>R<HIS> 19.281000 2.240000 18.048000
c<B>r<70>R<PHE> -0.442000 -0.542000 13.213000
c<B>r<71>R<TRP> -3.514000 1.232000 11.770000
c<B>r<72>R<GLU> -1.257000 4.264000 11.533000
c<B>r<73>R<THR> 1.944000 2.698000 10.415000
c<B>r<74>R<SER> 1.313000 -0.526000 8.433000
c<B>r<75>R<GLY> 0.495000 -0.752000 4.713000
c<B>r<76>R<LEU> -1.498000 -3.108000 2.701000
c<B>r<77>R<ASN> 0.858000 -5.929000 3.672000
c<B>r<78>R<ILE> -1.020000 -6.483000 6.889000
c<B>r<79>R<LEU> -4.264000 -7.540000 5.190000
c<B>r<92>R<GLN> -16.107000 -7.459000 5.826000
c<B>r<93>R<LEU> -12.416000 -7.259000 4.985000
c<B>r<95>R<ASP> -15.911000 -6.672000 0.882000
c<B>r<96>R<ASN> -13.655000 -3.786000 1.546000
c<B>r<97>R<LEU> -10.840000 -5.172000 -0.609000
c<B>r<99>R<SER> -14.813000 -2.539000 -3.259000
c<B>r<100>R<VAL> -11.423000 -0.839000 -3.492000
c<B>r<103>R<ASN> -13.232000 1.584000 -7.646000
c<B>r<104>R<ILE> -9.584000 1.982000 -8.598000
c<B>r<107>R<ILE> -9.599000 4.573000 -13.150000
c<B>r<108>R<PHE> -6.568000 2.655000 -14.380000
c<B>r<146>R<ARG> -2.320000 -5.934000 -12.212000
c<B>r<150>R<PHE> 0.760000 -1.047000 -14.968000
c<B>r<153>R<GLY> 1.298000 4.326000 -17.156000
c<B>r<154>R<ASN> 0.963000 5.009000 -13.421000
c<B>r<155>R<PRO> 2.955000 2.342000 -11.513000
c<B>r<156>R<ILE> 1.376000 3.299000 -8.221000
c<B>r<157>R<TYR> -1.814000 1.359000 -9.162000
c<B>r<158>R<GLY> 0.291000 -1.752000 -9.758000
c<B>r<159>R<LEU> 2.104000 -1.253000 -6.471000
c<B>r<160>R<ILE> -1.279000 -1.037000 -4.659000
c<B>r<161>R<LEU> -2.327000 -4.371000 -6.177000
c<B>r<162>R<ASN> 1.085000 -5.874000 -5.202000
c<B>r<163>R<GLY> 0.384000 -4.946000 -1.621000
c<B>r<164>R<MET> -2.864000 -6.864000 -1.559000
c<B>r<165>R<LYS> -1.654000 -9.874000 -3.558000
