c<A>r<3>R<ASP> 1.716000 -11.757000 -22.386000
c<A>r<4>R<ILE> 1.375000 -12.928000 -18.775999
c<A>r<5>R<PRO> -1.544000 -10.902000 -17.306000
c<A>r<6>R<LEU> 0.166000 -9.179000 -14.356000
c<A>r<7>R<LYS> -2.096000 -8.044000 -11.496000
c<A>r<8>R<VAL> -1.123000 -4.368000 -11.247000
c<A>r<9>R<THR> -2.554000 -2.731000 -8.120000
c<A>r<10>R<VAL> -2.595000 0.995000 -7.299000
c<A>r<11>R<GLU> -2.426000 1.572000 -3.534000
c<A>r<12>R<LEU> -4.095000 4.881000 -2.516000
c<A>r<13>R<GLY> -2.626000 4.709000 1.020000
c<A>r<14>R<ARG> -2.319000 2.829000 4.327000
c<A>r<15>R<THR> -3.433000 3.057000 7.919000
c<A>r<16>R<ARG> -2.319000 1.276000 11.129000
c<A>r<17>R<THR> -5.634000 1.898000 12.962000
c<A>r<18>R<LEU> -8.100000 -0.989000 12.492000
c<A>r<19>R<LYS> -9.877000 -0.943000 15.853000
c<A>r<21>R<VAL> -12.953000 3.041000 12.129000
c<A>r<22>R<LEU> -14.067000 -0.278000 10.592000
c<A>r<23>R<GLU> -16.865000 -0.721000 13.219000
c<A>r<24>R<ILE> -19.462999 1.472000 11.450000
c<A>r<25>R<HIS> -20.903000 2.027000 7.965000
c<A>r<26>R<GLY> -20.299000 5.712000 6.980000
c<A>r<27>R<SER> -17.117001 6.041000 9.118000
c<A>r<28>R<ILE> -14.106000 7.706000 7.429000
c<A>r<29>R<ILE> -10.601000 6.167000 7.452000
c<A>r<30>R<GLU> -7.891000 8.796000 7.009000
c<A>r<31>R<LEU> -4.907000 7.441000 5.015000
c<A>r<32>R<ASP> -1.168000 8.189000 5.382000
c<A>r<33>R<LYS> -1.329000 9.798000 1.872000
c<A>r<34>R<LEU> -1.690000 13.459000 0.862000
c<A>r<35>R<THR> -3.585000 14.600000 -2.234000
c<A>r<36>R<GLY> -1.073000 15.223000 -5.054000
c<A>r<37>R<GLU> 1.531000 12.852000 -3.544000
c<A>r<39>R<VAL> 0.723000 6.624000 -5.005000
c<A>r<40>R<ASP> 2.408000 3.185000 -4.993000
c<A>r<41>R<ILE> 2.065000 0.991000 -8.120000
c<A>r<42>R<LEU> 2.472000 -2.670000 -7.187000
c<A>r<43>R<VAL> 2.958000 -5.911000 -9.174000
c<A>r<45>R<GLY> 2.616000 -6.826000 -3.954000
c<A>r<48>R<ILE> 7.462000 -1.119000 -9.414000
c<A>r<49>R<ALA> 6.590000 2.587000 -9.945000
c<A>r<51>R<GLY> 2.490000 8.079000 -9.895000
c<A>r<52>R<GLU> -0.012000 10.888000 -9.336000
c<A>r<53>R<VAL> -3.739000 10.033000 -9.190000
c<A>r<54>R<VAL> -5.658000 11.589000 -12.108000
c<A>r<55>R<VAL> -9.300000 11.448000 -13.239000
c<A>r<56>R<ILE> -9.774000 10.666000 -16.952000
c<A>r<57>R<ASP> -13.411000 11.139000 -17.979000
c<A>r<58>R<GLU> -15.100000 9.126000 -15.146000
c<A>r<59>R<ASN> -12.215000 6.660000 -14.466000
c<A>r<60>R<PHE> -9.379000 6.739000 -11.957000
c<A>r<61>R<GLY> -5.947000 6.847000 -13.587000
c<A>r<62>R<VAL> -2.307000 7.144000 -12.503000
c<A>r<63>R<ARG> 0.277000 9.355000 -14.218000
c<A>r<64>R<ILE> 3.655000 7.589000 -13.839000
c<A>r<65>R<THR> 6.075000 9.980000 -12.055000
c<A>r<66>R<GLU> 8.776000 7.412000 -11.106000
c<A>r<67>R<ILE> 9.783000 3.868000 -12.225000
c<A>r<68>R<VAL> 11.634000 1.754000 -9.629000
c<B>r<2>R<LEU> -6.171000 -6.998000 19.671000
c<B>r<3>R<ASP> -3.437000 -4.243000 19.766001
c<B>r<4>R<ILE> -1.483000 -5.713000 16.805000
c<B>r<5>R<PRO> -0.848000 -2.823000 14.336000
c<B>r<6>R<LEU> -2.592000 -4.260000 11.269000
c<B>r<7>R<LYS> -1.618000 -2.990000 7.801000
c<B>r<8>R<VAL> -4.811000 -1.688000 6.166000
c<B>r<9>R<THR> -4.359000 -0.992000 2.428000
c<B>r<10>R<VAL> -6.774000 0.880000 0.137000
c<B>r<11>R<GLU> -6.684000 -0.271000 -3.510000
c<B>r<12>R<LEU> -7.703000 2.577000 -5.873000
c<B>r<13>R<GLY> -7.975000 0.108000 -8.784000
c<B>r<14>R<ARG> -6.277000 -2.533000 -10.943000
c<B>r<15>R<THR> -5.020000 -2.989000 -14.502000
c<B>r<16>R<ARG> -3.840000 -6.000000 -16.582001
c<B>r<17>R<THR> -1.650000 -4.017000 -19.041000
c<B>r<18>R<LEU> 1.825000 -3.130000 -17.712000
c<B>r<19>R<LYS> 4.373000 -3.862000 -20.461000
c<B>r<21>R<VAL> 3.271000 1.758000 -19.680000
c<B>r<22>R<LEU> 6.423000 1.215000 -17.547001
c<B>r<23>R<GLU> 8.664000 2.191000 -20.516001
c<B>r<24>R<ILE> 7.549000 5.869000 -20.625999
c<B>r<25>R<HIS> 7.696000 8.475000 -17.820000
c<B>r<26>R<GLY> 4.521000 10.639000 -17.768999
c<B>r<27>R<SER> 2.322000 7.837000 -19.215000
c<B>r<28>R<ILE> -1.181000 7.526000 -17.771000
c<B>r<29>R<ILE> -2.521000 4.118000 -16.658001
c<B>r<30>R<GLU> -6.320000 3.939000 -16.684000
c<B>r<31>R<LEU> -7.724000 1.765000 -13.841000
c<B>r<32>R<ASP> -10.750000 -0.587000 -13.744000
c<B>r<33>R<LYS> -12.477000 1.763000 -11.187000
c<B>r<34>R<LEU> -14.913000 4.652000 -11.804000
c<B>r<35>R<THR> -14.831000 7.851000 -9.720000
c<B>r<36>R<GLY> -17.469000 7.315000 -7.001000
c<B>r<37>R<GLU> -17.299999 3.492000 -7.154000
c<B>r<39>R<VAL> -12.596000 1.029000 -3.529000
c<B>r<40>R<ASP> -11.340000 -2.239000 -1.981000
c<B>r<41>R<ILE> -10.089000 -2.057000 1.655000
c<B>r<42>R<LEU> -7.757000 -4.923000 2.537000
c<B>r<43>R<VAL> -6.032000 -6.296000 5.624000
c<B>r<45>R<GLY> -4.134000 -8.638000 1.289000
c<B>r<48>R<ILE> -12.533000 -6.701000 4.564000
c<B>r<49>R<ALA> -14.537000 -3.649000 3.417000
c<B>r<50>R<ARG> -15.365000 -1.247000 0.590000
c<B>r<51>R<GLY> -15.713000 2.516000 0.639000
c<B>r<52>R<GLU> -15.844000 5.762000 -1.337000
c<B>r<53>R<VAL> -12.628000 7.783000 -1.781000
c<B>r<54>R<VAL> -12.949000 11.144000 -0.006000
c<B>r<55>R<VAL> -10.576000 14.072000 0.538000
c<B>r<56>R<ILE> -10.360000 15.312000 4.148000
c<B>r<57>R<ASP> -8.411000 18.579000 4.326000
c<B>r<58>R<GLU> -5.329000 17.590000 2.221000
c<B>r<59>R<ASN> -5.408000 13.804000 2.977000
c<B>r<60>R<PHE> -6.938000 10.882000 1.114000
c<B>r<61>R<GLY> -9.635000 9.098000 3.104000
c<B>r<62>R<VAL> -12.186000 6.319000 2.573000
c<B>r<63>R<ARG> -15.830000 6.456000 3.694000
c<B>r<64>R<ILE> -16.865000 2.864000 4.557000
c<B>r<65>R<THR> -19.858999 1.754000 2.406000
c<B>r<66>R<GLU> -19.631001 -2.036000 2.972000
c<B>r<67>R<ILE> -17.941000 -4.184000 5.634000
c<B>r<68>R<VAL> -17.620001 -7.926000 6.255000
c<B>r<69>R<SER> -19.153000 -9.314000 9.457000
c<B>r<70>R<PRO> -17.232000 -8.989000 12.804000
c<B>r<73>R<ARG> -13.021000 -10.039000 10.075000
