c<A>r<186>R<TYR> -8.558000 -10.282000 -18.459000
c<A>r<189>R<LEU> -13.882000 -9.758000 -18.205000
c<A>r<190>R<TRP> -13.558000 -6.273000 -16.606001
c<A>r<191>R<LEU> -15.472000 -4.477000 -19.466000
c<A>r<192>R<LYS> -18.639000 -5.590000 -17.535999
c<A>r<193>R<ALA> -17.837999 -3.228000 -14.614000
c<A>r<194>R<PRO> -19.864000 0.066000 -14.572000
c<A>r<195>R<PHE> -16.572001 2.078000 -14.397000
c<A>r<196>R<LYS> -12.884000 1.405000 -15.190000
c<A>r<197>R<PRO> -11.461000 -0.373000 -12.084000
c<A>r<198>R<ASN> -8.405000 0.592000 -10.074000
c<A>r<199>R<PHE> -6.785000 -2.653000 -8.853000
c<A>r<200>R<VAL> -5.288000 -2.685000 -5.333000
c<A>r<232>R<PHE> -4.726000 -8.708000 -4.580000
c<A>r<233>R<LEU> -6.261000 -6.964000 -1.553000
c<A>r<234>R<GLU> -9.423000 -8.780000 -0.340000
c<A>r<235>R<CYS> -12.541000 -6.717000 0.514000
c<A>r<236>R<ASP> -12.734000 -7.808000 4.236000
c<A>r<237>R<GLU> -9.083000 -7.194000 5.297000
c<A>r<238>R<THR> -6.752000 -4.215000 5.884000
c<A>r<239>R<ILE> -3.711000 -3.605000 3.621000
c<A>r<240>R<ALA> -1.472000 -4.585000 6.574000
c<A>r<267>R<GLU> 4.635000 0.863000 4.162000
c<A>r<268>R<LYS> 4.787000 2.761000 0.800000
c<A>r<269>R<VAL> 2.298000 3.246000 -2.065000
c<A>r<270>R<PHE> 3.350000 2.645000 -5.699000
c<A>r<271>R<ASP> 0.815000 4.182000 -8.067000
c<A>r<272>R<TYR> 2.361000 4.830000 -11.524000
c<A>r<273>R<PRO> -0.714000 4.491000 -13.844000
c<A>r<274>R<ASP> 0.928000 2.207000 -16.448999
c<A>r<279>R<GLY> -4.790000 -2.151000 -15.966000
c<A>r<280>R<ARG> -4.367000 0.600000 -13.338000
c<A>r<281>R<THR> -2.798000 -1.246000 -10.359000
c<A>r<282>R<ILE> -1.743000 0.381000 -7.050000
c<A>r<284>R<HIS> 1.028000 -1.127000 -1.070000
c<B>r<186>R<TYR> -25.009001 1.275000 -6.537000
c<B>r<189>R<LEU> -24.473000 -1.928000 -10.810000
c<B>r<190>R<TRP> -21.211000 -3.409000 -9.407000
c<B>r<191>R<LEU> -22.577999 -7.039000 -9.334000
c<B>r<192>R<LYS> -21.565001 -7.082000 -13.071000
c<B>r<193>R<ALA> -17.832001 -6.936000 -12.176000
c<B>r<194>R<PRO> -15.962000 -10.319000 -12.331000
c<B>r<195>R<PHE> -14.739000 -9.796000 -8.704000
c<B>r<196>R<LYS> -15.792000 -7.657000 -5.702000
c<B>r<197>R<PRO> -14.223000 -4.187000 -6.276000
c<B>r<198>R<ASN> -12.014000 -2.226000 -3.911000
c<B>r<199>R<PHE> -12.811000 1.479000 -4.447000
c<B>r<200>R<VAL> -9.920000 3.980000 -4.278000
c<B>r<232>R<PHE> -12.665000 8.784000 -6.835000
c<B>r<233>R<LEU> -9.172000 8.136000 -8.231000
c<B>r<234>R<GLU> -9.138000 8.211000 -12.074000
c<B>r<235>R<CYS> -7.235000 5.455000 -13.944000
c<B>r<236>R<ASP> -4.759000 7.831000 -15.763000
c<B>r<237>R<GLU> -3.555000 9.930000 -12.770000
c<B>r<238>R<THR> -1.440000 9.469000 -9.616000
c<B>r<239>R<ILE> -3.003000 9.674000 -6.119000
c<B>r<240>R<ALA> -1.121000 12.973000 -5.598000
c<B>r<267>R<GLU> -0.126000 11.464000 2.709000
c<B>r<268>R<LYS> -1.872000 8.704000 4.774000
c<B>r<269>R<VAL> -3.970000 5.652000 3.813000
c<B>r<270>R<PHE> -7.329000 4.957000 5.521000
c<B>r<271>R<ASP> -8.412000 1.395000 4.831000
c<B>r<272>R<TYR> -10.927000 0.207000 7.477000
c<B>r<273>R<PRO> -13.001000 -2.364000 5.461000
c<B>r<274>R<ASP> -16.459000 -1.104000 6.541000
c<B>r<279>R<GLY> -18.450001 -1.084000 -0.402000
c<B>r<280>R<ARG> -14.743000 -1.500000 0.437000
c<B>r<281>R<THR> -13.366000 2.061000 -0.061000
c<B>r<282>R<ILE> -9.692000 3.007000 0.626000
c<B>r<284>R<HIS> -5.572000 8.419000 0.408000
