c<A>r<21>R<GLN> 6.511000 6.258000 -8.811000
c<A>r<22>R<LYS> 7.559000 9.280000 -6.818000
c<A>r<23>R<ASP> 4.269000 11.267000 -6.381000
c<A>r<24>R<GLY> 1.434000 9.094000 -7.815000
c<A>r<25>R<TYR> -0.854000 9.222000 -10.921000
c<A>r<26>R<ASN> -3.054000 12.101000 -9.601000
c<A>r<27>R<ALA> -0.065000 14.200000 -8.550000
c<A>r<28>R<PHE> 1.575000 14.782000 -11.894000
c<A>r<102>R<LYS> 7.781000 3.486000 -5.157000
c<A>r<103>R<CYS> 6.708000 0.286000 -6.799000
c<A>r<105>R<GLY> 2.185000 -0.671000 -7.625000
c<A>r<106>R<GLY> 1.541000 2.738000 -6.240000
c<A>r<107>R<PHE> -1.142000 2.677000 -8.849000
c<A>r<108>R<ALA> -2.698000 0.247000 -6.545000
c<A>r<109>R<SER> -3.189000 3.026000 -4.088000
c<A>r<110>R<ASP> -5.140000 5.115000 -6.671000
c<A>r<111>R<PHE> -6.880000 2.115000 -8.073000
c<A>r<112>R<GLN> -10.407000 3.421000 -7.550000
c<A>r<113>R<SER> -9.602000 6.802000 -9.020000
c<A>r<114>R<LEU> -7.920000 5.351000 -12.062000
c<A>r<119>R<GLN> -6.787000 -0.485000 -13.597000
c<A>r<120>R<ASN> -6.645000 -3.446000 -15.961000
c<A>r<122>R<ALA> -2.195000 -2.538000 -13.056000
c<A>r<123>R<LYS> -3.886000 -5.838000 -12.446000
c<A>r<126>R<PHE> 0.585000 -7.969000 -10.402000
c<A>r<127>R<GLU> -0.807000 -11.029000 -12.102000
c<A>r<148>R<LEU> -0.197000 -19.365000 -4.799000
c<A>r<149>R<SER> -0.658000 -18.510000 -1.128000
c<A>r<150>R<LEU> 3.073000 -17.893999 -0.639000
c<A>r<151>R<ALA> 3.307000 -15.860000 -3.854000
c<A>r<152>R<LYS> 0.557000 -13.624000 -2.614000
c<A>r<153>R<GLN> 2.187000 -13.282000 0.815000
c<A>r<154>R<ILE> 5.547000 -12.391000 -0.751000
c<A>r<155>R<ILE> 4.158000 -9.703000 -3.123000
c<A>r<156>R<SER> 1.949000 -8.314000 -0.257000
c<A>r<157>R<LEU> 4.931000 -8.077000 2.075000
c<A>r<158>R<VAL> 7.075000 -6.502000 -0.669000
c<A>r<159>R<GLU> 4.430000 -3.851000 -1.454000
c<A>r<160>R<GLY> 3.727000 -3.148000 2.250000
c<A>r<161>R<GLY> 7.436000 -3.075000 3.079000
c<A>r<162>R<LEU> 8.283000 -0.655000 0.336000
c<A>r<163>R<LEU> 5.413000 1.554000 1.348000
c<A>r<164>R<LEU> 6.419000 1.801000 4.987000
c<A>r<165>R<ALA> 10.201000 1.909000 4.288000
c<A>r<166>R<ARG> 9.778000 4.919000 2.168000
c<A>r<167>R<LEU> 7.605000 6.609000 4.776000
c<A>r<168>R<TYR> 10.283000 6.370000 7.445000
c<A>r<172>R<THR> 14.471000 -2.617000 8.345000
c<A>r<173>R<PHE> 11.053000 -2.928000 6.695000
c<A>r<174>R<LEU> 12.852000 -4.325000 3.670000
c<A>r<175>R<GLU> 14.986000 -6.518000 5.832000
c<A>r<176>R<GLY> 11.758000 -7.955000 7.135000
c<A>r<177>R<VAL> 10.828000 -8.933000 3.644000
c<A>r<179>R<HIS> 13.810000 -12.388000 6.517000
c<A>r<180>R<PHE> 10.461000 -13.739000 5.552000
c<B>r<20>R<GLN> -9.735000 5.995000 2.127000
c<B>r<21>R<LYS> -11.626000 5.334000 -1.066000
c<B>r<22>R<ASP> -9.850000 7.610000 -3.653000
c<B>r<23>R<GLY> -6.786000 9.142000 -1.900000
c<B>r<24>R<TYR> -5.802000 12.638000 -0.615000
c<B>r<25>R<ASN> -5.143000 14.117000 -4.119000
c<B>r<26>R<ALA> -8.393000 12.755000 -5.554000
c<B>r<27>R<PHE> -10.892000 14.617000 -3.447000
c<B>r<101>R<LYS> -8.407000 1.482000 2.193000
c<B>r<102>R<CYS> -6.291000 1.755000 5.293000
c<B>r<104>R<GLY> -2.294000 4.172000 5.205000
c<B>r<105>R<GLY> -3.221000 5.163000 1.737000
c<B>r<106>R<PHE> -1.636000 8.375000 2.801000
c<B>r<107>R<ALA> 1.480000 6.374000 2.732000
c<B>r<108>R<SER> 1.109000 6.092000 -0.987000
c<B>r<109>R<ASP> 0.948000 9.916000 -1.399000
c<B>r<110>R<PHE> 3.533000 10.517000 1.227000
c<B>r<111>R<GLN> 5.876000 12.554000 -0.989000
c<B>r<112>R<SER> 3.078000 14.706000 -2.317000
c<B>r<113>R<LEU> 1.656000 15.409000 1.102000
c<B>r<118>R<GLN> 3.345000 13.314000 6.621000
c<B>r<119>R<ASN> 4.132000 13.628000 10.322000
c<B>r<121>R<ALA> 0.793000 9.613000 8.946000
c<B>r<122>R<LYS> 4.050000 8.564000 10.531000
c<B>r<125>R<PHE> 2.020000 3.801000 11.951000
c<B>r<126>R<GLU> 4.296000 4.387000 14.897000
c<B>r<147>R<LEU> 9.983000 -4.987000 16.514999
c<B>r<148>R<SER> 10.886000 -7.053000 13.452000
c<B>r<149>R<LEU> 7.650000 -9.056000 13.654000
c<B>r<150>R<ALA> 5.566000 -5.914000 14.265000
c<B>r<151>R<LYS> 6.995000 -4.390000 11.147000
c<B>r<152>R<GLN> 6.385000 -7.583000 9.145000
c<B>r<153>R<ILE> 2.771000 -7.770000 10.352000
c<B>r<154>R<ILE> 1.901000 -4.119000 9.528000
c<B>r<155>R<SER> 3.741000 -4.447000 6.137000
c<B>r<156>R<LEU> 1.793000 -7.580000 5.266000
c<B>r<157>R<VAL> -1.490000 -5.978000 6.405000
c<B>r<158>R<GLU> -0.901000 -2.843000 4.292000
c<B>r<159>R<GLY> 0.290000 -4.858000 1.247000
c<B>r<160>R<GLY> -2.556000 -7.354000 1.623000
c<B>r<161>R<LEU> -5.217000 -4.705000 1.813000
c<B>r<162>R<LEU> -3.767000 -2.966000 -1.175000
c<B>r<163>R<LEU> -3.757000 -6.036000 -3.404000
c<B>r<164>R<ALA> -7.087000 -7.421000 -2.053000
c<B>r<165>R<ARG> -8.835000 -4.294000 -3.020000
c<B>r<166>R<LEU> -7.266000 -4.338000 -6.458000
c<B>r<167>R<TYR> -8.638000 -7.773000 -7.264000
c<B>r<171>R<THR> -7.188000 -14.620000 -0.198000
c<B>r<172>R<PHE> -4.656000 -11.805000 0.184000
c<B>r<173>R<LEU> -6.194000 -11.148000 3.578000
c<B>r<174>R<GLU> -6.246000 -14.803000 4.368000
c<B>r<175>R<GLY> -2.526000 -14.737000 3.756000
c<B>r<176>R<VAL> -2.163000 -12.147000 6.436000
c<B>r<178>R<HIS> -2.074000 -17.330999 7.913000
c<B>r<179>R<PHE> 1.106000 -15.511000 8.629000
