c<A>r<185>R<LYS> 3.598000 14.597000 -7.845000
c<A>r<193>R<GLU> -1.604000 2.429000 -9.522000
c<A>r<194>R<GLY> -2.819000 -0.990000 -10.749000
c<A>r<195>R<GLU> -5.749000 -3.422000 -10.904000
c<A>r<196>R<VAL> -7.004000 -2.846000 -7.320000
c<A>r<197>R<SER> -6.974000 0.994000 -7.625000
c<A>r<198>R<ALA> -8.800000 0.651000 -10.953000
c<A>r<199>R<LEU> -11.329000 -1.710000 -9.447000
c<A>r<200>R<LEU> -12.003000 0.207000 -6.206000
c<A>r<201>R<GLY> -11.459000 3.776000 -7.475000
c<A>r<202>R<LEU> -8.802000 4.414000 -4.724000
c<A>r<203>R<SER> -6.277000 7.184000 -5.358000
c<A>r<204>R<SER> -3.086000 5.628000 -6.612000
c<A>r<206>R<ALA> 2.459000 5.365000 -9.761000
c<A>r<268>R<VAL> -5.470000 -4.705000 -0.031000
c<A>r<269>R<LEU> -8.653000 -6.719000 -0.907000
c<A>r<270>R<ASN> -7.863000 -9.271000 1.726000
c<A>r<271>R<SER> -6.241000 -7.256000 4.552000
c<A>r<272>R<GLY> -7.726000 -3.765000 3.984000
c<A>r<273>R<ALA> -5.672000 -0.952000 5.472000
c<A>r<312>R<PHE> -8.024000 2.985000 14.570000
c<A>r<315>R<GLU> -9.680000 1.310000 9.200000
c<A>r<316>R<LEU> -10.685000 2.689000 5.760000
c<A>r<317>R<VAL> -7.853000 2.457000 3.250000
c<A>r<318>R<GLU> -8.413000 6.068000 2.122000
c<A>r<319>R<PHE> -7.771000 7.447000 5.678000
c<B>r<6>R<SER> -21.042000 -2.741000 -4.214000
c<B>r<8>R<LEU> -19.537001 -6.632000 -7.217000
c<B>r<78>R<SER> -15.561000 7.743000 12.159000
c<B>r<79>R<PHE> -18.252001 6.750000 9.628000
c<B>r<80>R<PHE> -18.554001 3.486000 11.637000
c<B>r<100>R<PHE> -14.652000 8.801000 0.248000
c<B>r<101>R<VAL> -14.153000 5.222000 -0.915000
c<B>r<102>R<PHE> -15.989000 3.022000 1.606000
c<B>r<103>R<PHE> -13.418000 0.161000 1.689000
c<B>r<104>R<PRO> -13.035000 -2.312000 3.412000
c<B>r<105>R<TYR> -16.752001 -2.527000 4.424000
c<B>r<108>R<ILE> -18.385000 -3.152000 9.285000
c<B>r<121>R<ASP> -19.090000 6.413000 -2.151000
c<B>r<122>R<GLY> -16.403000 8.680000 -3.661000
c<B>r<123>R<THR> -15.077000 7.146000 -6.925000
c<B>r<124>R<HIS> -15.927000 3.513000 -5.877000
c<B>r<125>R<GLN> -19.535999 2.457000 -6.235000
c<B>r<155>R<ILE> -13.768000 6.342000 -16.615000
c<B>r<156>R<LYS> -11.066000 7.034000 -13.933000
c<B>r<157>R<HIS> -13.437000 8.832000 -11.487000
c<B>r<158>R<SER> -16.760000 7.169000 -12.566000
c<B>r<159>R<ARG> -18.511000 5.274000 -9.821000
c<B>r<162>R<ARG> -17.537001 0.796000 -11.716000
c<B>r<163>R<SER> -21.087999 -0.166000 -10.708000
c<B>r<184>R<ILE> -8.707000 5.797000 -18.392000
c<B>r<185>R<PRO> -7.401000 3.853000 -15.280000
c<B>r<186>R<ARG> -4.273000 1.960000 -15.618000
c<B>r<187>R<ASP> -5.222000 -1.784000 -15.871000
c<B>r<188>R<VAL> -8.868000 -0.939000 -16.778000
c<B>r<189>R<GLU> -8.783000 -4.465000 -18.260000
c<B>r<190>R<VAL> -9.641000 -5.728000 -14.842000
c<B>r<191>R<PHE> -13.218000 -4.986000 -15.917000
c<B>r<221>R<GLU> -4.949000 18.100000 -11.544000
