c<A>r<98>R<VAL> 7.936000 -11.086000 -10.831000
c<A>r<99>R<PRO> 5.816000 -8.821000 -13.087000
c<A>r<101>R<THR> 5.013000 -7.981000 -19.833000
c<A>r<103>R<ARG> 7.499000 -6.836000 -24.431000
c<A>r<114>R<ASP> 12.974000 -10.956000 -15.060000
c<A>r<115>R<TYR> 9.387000 -11.091000 -16.163000
c<A>r<128>R<ILE> -6.431000 -7.320000 -17.146000
c<A>r<129>R<GLN> -10.179000 -7.160000 -17.870001
c<A>r<130>R<ASN> -10.638000 -10.361000 -15.883000
c<A>r<131>R<HIS> -8.972000 -8.697000 -12.821000
c<A>r<133>R<PHE> -3.766000 -7.994000 -12.210000
c<A>r<134>R<ILE> -3.705000 -5.655000 -9.148000
c<A>r<135>R<GLU> -2.080000 -2.992000 -11.362000
c<A>r<136>R<ALA> -1.238000 -2.709000 -15.106000
c<A>r<137>R<GLY> 0.230000 -0.045000 -17.323999
c<A>r<138>R<GLN> 1.825000 0.653000 -20.743000
c<A>r<139>R<TYR> 5.355000 1.595000 -21.645000
c<A>r<140>R<ASN> 6.660000 1.837000 -25.224001
c<A>r<142>R<ASN> 4.018000 -2.895000 -24.336000
c<A>r<143>R<LEU> 1.835000 -3.953000 -21.381001
c<A>r<144>R<TYR> 3.180000 -4.436000 -17.964001
c<A>r<145>R<GLY> 1.355000 -5.799000 -14.878000
c<A>r<164>R<ASP> 5.648000 -0.517000 -5.979000
c<A>r<165>R<VAL> 1.995000 0.157000 -6.955000
c<A>r<166>R<SER> -0.610000 3.016000 -6.724000
c<A>r<168>R<ASN> -5.737000 1.603000 -6.380000
c<A>r<169>R<ALA> -3.946000 -1.696000 -5.962000
c<A>r<172>R<ARG> -7.763000 -5.066000 -5.529000
c<B>r<1>R<ARG> 13.094000 -3.270000 -13.989000
c<B>r<3>R<ASP> 10.595000 -0.170000 -17.854000
c<B>r<4>R<MET> 8.281000 -0.370000 -14.758000
c<B>r<5>R<GLU> 9.434000 3.104000 -13.444000
c<B>r<6>R<GLN> 8.196000 4.665000 -16.767000
c<B>r<7>R<LEU> 4.726000 2.946000 -16.907000
c<B>r<8>R<ASP> 1.652000 4.836000 -17.856001
c<B>r<9>R<LEU> -0.895000 3.230000 -15.593000
c<B>r<10>R<ILE> -4.092000 1.890000 -17.156000
c<B>r<11>R<LYS> -7.430000 2.241000 -15.402000
c<B>r<12>R<ILE> -8.754000 -1.198000 -14.498000
c<B>r<13>R<THR> -12.728000 -0.988000 -14.563000
c<B>r<14>R<PRO> -14.754000 -2.776000 -11.769000
