c<A>r<8>R<THR> -2.535000 -0.294000 -15.122000
c<A>r<10>R<ASP> -3.098000 1.027000 -8.969000
c<A>r<40>R<HIS> -2.349000 3.472000 -20.084999
c<A>r<41>R<MET> -1.409000 4.192000 -23.733999
c<A>r<64>R<GLY> -10.755000 -6.994000 17.413000
c<A>r<65>R<GLU> -10.902000 -5.995000 13.668000
c<A>r<66>R<TYR> -13.508000 -4.237000 11.493000
c<A>r<67>R<ARG> -13.208000 -5.810000 7.998000
c<A>r<68>R<LEU> -15.340000 -4.483000 5.143000
c<A>r<104>R<VAL> -5.721000 -12.356000 -5.350000
c<A>r<109>R<SER> -9.308000 -2.280000 -3.830000
c<A>r<110>R<THR> -11.531000 0.496000 -2.370000
c<A>r<111>R<LEU> -9.591000 3.474000 -0.927000
c<A>r<112>R<THR> -11.026000 6.448000 0.997000
c<A>r<113>R<ASN> -11.329000 9.870000 -0.747000
c<A>r<114>R<GLY> -13.615000 11.350000 2.006000
c<A>r<165>R<VAL> -13.777000 6.530000 -2.838000
c<A>r<166>R<PHE> -10.986000 5.502000 -5.190000
c<A>r<170>R<ASN> -4.632000 -4.677000 -7.925000
c<E>r<18>R<ILE> -3.048000 11.214000 -1.216000
c<E>r<19>R<THR> -4.794000 8.538000 0.907000
c<E>r<20>R<PRO> -5.316000 8.733000 4.704000
c<E>r<21>R<ILE> -3.871000 6.153000 7.139000
c<E>r<24>R<GLN> -7.853000 0.644000 12.952000
c<E>r<25>R<ILE> -7.531000 -0.791000 9.408000
c<E>r<26>R<ALA> -4.456000 -2.221000 7.683000
c<E>r<27>R<GLY> -4.569000 -0.915000 4.100000
c<E>r<28>R<LYS> -2.907000 0.605000 1.034000
c<E>r<29>R<VAL> -1.327000 4.092000 1.164000
c<E>r<30>R<ILE> -0.362000 6.362000 -1.756000
c<E>r<52>R<LYS> 3.224000 8.053000 -7.056000
c<E>r<54>R<ILE> 2.481000 2.976000 -3.330000
c<E>r<76>R<ILE> 5.140000 4.990000 -10.635000
c<E>r<80>R<GLY> 4.310000 5.448000 -16.523001
c<E>r<88>R<ALA> 3.609000 -7.559000 -3.834000
c<E>r<89>R<GLY> 2.396000 -9.191000 -0.541000
c<E>r<160>R<ARG> -5.186000 12.602000 7.003000
c<E>r<161>R<GLU> -4.621000 13.048000 3.278000
