c<A>r<1>R<GLY> -26.079000 0.710000 21.546000
c<A>r<2>R<TYR> -25.483000 -0.414000 17.973000
c<A>r<3>R<ASP> -28.170000 -0.981000 15.296000
c<A>r<4>R<GLU> -28.493999 -4.812000 15.229000
c<A>r<6>R<LYS> -27.674000 -2.740000 10.127000
c<A>r<7>R<VAL> -24.749001 -4.619000 11.744000
c<A>r<8>R<ASN> -26.098000 -8.101000 10.835000
c<A>r<9>R<ARG> -26.782000 -7.033000 7.186000
c<A>r<10>R<ILE> -23.278999 -5.530000 6.672000
c<A>r<11>R<GLN> -21.579000 -8.532000 8.371000
c<A>r<12>R<GLY> -23.466000 -10.798000 5.904000
c<A>r<13>R<ASP> -22.368999 -8.625000 2.932000
c<A>r<14>R<LEU> -18.698000 -8.630000 4.149000
c<A>r<17>R<VAL> -16.740999 -9.695000 -0.886000
c<A>r<18>R<ASP> -12.928000 -10.109000 -1.158000
c<A>r<19>R<ILE> -11.803000 -7.302000 1.213000
c<A>r<20>R<SER> -8.388000 -9.049000 1.563000
c<A>r<21>R<GLY> -7.803000 -8.851000 -2.230000
c<A>r<22>R<VAL> -8.892000 -5.158000 -2.241000
c<A>r<23>R<SER> -6.457000 -4.458000 0.635000
c<A>r<24>R<GLN> -3.610000 -6.241000 -1.267000
c<A>r<25>R<ILE> -4.140000 -4.289000 -4.553000
c<A>r<26>R<LEU> -4.513000 -0.920000 -2.786000
c<A>r<27>R<LYS> -1.301000 -1.738000 -0.769000
c<A>r<28>R<ALA> 0.478000 -2.489000 -4.072000
c<A>r<29>R<ILE> -0.575000 0.848000 -5.672000
c<A>r<30>R<ALA> -0.091000 2.914000 -2.424000
c<A>r<31>R<ASP> 3.756000 2.739000 -2.515000
c<A>r<32>R<GLU> 4.957000 6.089000 -3.906000
c<A>r<33>R<ASN> 7.179000 4.587000 -6.666000
c<A>r<34>R<ARG> 4.441000 2.050000 -7.633000
c<A>r<35>R<ALA> 1.866000 4.900000 -7.695000
c<A>r<36>R<LYS> 4.252000 6.841000 -10.055000
c<A>r<39>R<TYR> 0.205000 6.919000 -13.200000
c<A>r<40>R<ALA> 2.908000 6.675000 -15.935000
c<A>r<41>R<LEU> 0.969000 3.702000 -17.452000
c<A>r<42>R<CYS> -2.182000 5.887000 -17.326000
c<A>r<43>R<GLN> -0.334000 8.462000 -19.544001
c<A>r<44>R<ASP> 1.136000 5.852000 -21.990000
c<A>r<47>R<LEU> 6.323000 1.283000 -21.035000
c<A>r<48>R<CYS> 9.566000 -0.731000 -20.837999
c<A>r<49>R<VAL> 11.604000 -1.192000 -17.608000
c<A>r<50>R<CYS> 14.170000 1.354000 -18.955999
c<A>r<51>R<ASP> 11.466000 4.048000 -19.506001
c<A>r<52>R<ILE> 10.085000 3.407000 -15.978000
c<A>r<53>R<ALA> 13.584000 3.493000 -14.398000
c<A>r<54>R<ASN> 14.270000 6.895000 -16.052000
c<A>r<55>R<ILE> 10.744000 8.305000 -15.226000
c<A>r<56>R<LEU> 11.245000 7.406000 -11.515000
c<A>r<57>R<GLY> 14.999000 8.294000 -11.379000
c<A>r<73>R<GLN> -1.102000 -8.199000 -7.611000
c<A>r<74>R<GLY> -2.767000 -7.826000 -11.088000
c<A>r<75>R<VAL> -2.006000 -4.040000 -11.227000
c<A>r<86>R<GLY> -3.875000 -4.703000 -15.572000
c<A>r<87>R<ASP> -7.313000 -3.403000 -16.643999
c<A>r<88>R<GLU> -9.433000 -0.204000 -16.782000
c<A>r<89>R<HIS> -10.316000 -0.529000 -13.037000
c<A>r<90>R<ILE> -6.628000 0.151000 -12.105000
c<A>r<91>R<ARG> -6.746000 3.313000 -14.310000
c<A>r<92>R<GLN> -9.996000 4.456000 -12.652000
c<A>r<93>R<ILE> -8.650000 3.880000 -9.065000
c<A>r<94>R<MET> -5.608000 6.087000 -9.879000
c<A>r<95>R<MET> -7.573000 8.908000 -11.601000
c<A>r<96>R<ILE> -10.343000 8.978000 -8.927000
c<A>r<97>R<ALA> -7.742000 9.082000 -6.099000
c<A>r<98>R<LEU> -6.145000 12.100000 -7.888000
c<A>r<99>R<ALA> -9.598000 13.781000 -8.230000
c<A>r<100>R<HIS> -10.316000 13.241000 -4.478000
c<A>r<101>R<LYS> -6.991000 14.998000 -3.648000
c<A>r<102>R<LYS> -7.791000 17.959999 -5.925000
c<A>r<103>R<GLU> -11.326000 18.469000 -4.476000
c<B>r<1>R<GLY> 17.847000 3.289000 -24.790001
c<B>r<2>R<TYR> 14.584000 4.822000 -23.504999
c<B>r<3>R<ASP> 11.994000 6.950000 -25.323000
c<B>r<4>R<GLU> 13.228000 10.452000 -24.327000
c<B>r<6>R<LYS> 7.726000 9.845000 -23.566999
c<B>r<7>R<VAL> 9.922000 9.980000 -20.427999
c<B>r<8>R<ASN> 10.197000 13.812000 -20.454000
c<B>r<9>R<ARG> 6.387000 14.178000 -20.959000
c<B>r<10>R<ILE> 5.491000 11.813000 -18.063000
c<B>r<11>R<GLN> 8.143000 13.374000 -15.756000
c<B>r<12>R<GLY> 6.577000 16.802999 -16.518999
c<B>r<13>R<ASP> 3.076000 15.439000 -15.727000
c<B>r<14>R<LEU> 4.330000 13.833000 -12.438000
c<B>r<17>R<VAL> 0.018000 15.728000 -9.668000
c<B>r<18>R<ASP> -0.007000 14.898000 -5.910000
c<B>r<19>R<ILE> 1.178000 11.236000 -6.082000
c<B>r<20>R<SER> 2.238000 11.441000 -2.384000
c<B>r<21>R<GLY> -1.352000 12.408000 -1.518000
c<B>r<22>R<VAL> -2.769000 9.505000 -3.600000
c<B>r<23>R<SER> -0.297000 7.117000 -1.902000
c<B>r<24>R<GLN> -1.398000 8.338000 1.585000
c<B>r<25>R<ILE> -5.169000 7.865000 0.893000
c<B>r<26>R<LEU> -4.745000 4.448000 -0.759000
c<B>r<27>R<LYS> -2.469000 3.433000 2.206000
c<B>r<28>R<ALA> -5.243000 4.654000 4.546000
c<B>r<29>R<ILE> -7.922000 2.413000 2.920000
c<B>r<30>R<ALA> -5.468000 -0.498000 2.201000
c<B>r<31>R<ASP> -5.545000 -1.833000 5.817000
c<B>r<32>R<GLU> -8.026000 -4.700000 6.162000
c<B>r<33>R<ASN> -10.081000 -3.184000 9.030000
c<B>r<34>R<ARG> -10.105000 0.266000 7.299000
c<B>r<35>R<ALA> -11.217000 -1.378000 4.010000
c<B>r<36>R<LYS> -14.041000 -3.169000 5.980000
c<B>r<39>R<TYR> -17.155001 -0.928000 2.548000
c<B>r<40>R<ALA> -19.549999 -0.762000 5.551000
c<B>r<41>R<LEU> -20.004999 3.006000 4.854000
c<B>r<42>R<CYS> -20.704000 2.088000 1.192000
c<B>r<43>R<GLN> -23.636999 -0.122000 2.413000
c<B>r<44>R<ASP> -24.980000 2.456000 4.958000
c<B>r<47>R<LEU> -22.469000 4.451000 11.092000
c<B>r<48>R<CYS> -21.537001 5.090000 14.744000
c<B>r<49>R<VAL> -18.298000 3.785000 16.363001
c<B>r<50>R<CYS> -20.396000 1.095000 18.162001
c<B>r<51>R<ASP> -21.865000 -0.230000 14.848000
c<B>r<52>R<ILE> -18.356001 -0.266000 13.315000
c<B>r<53>R<ALA> -16.827999 -2.045000 16.365000
c<B>r<54>R<ASN> -19.504999 -4.803000 16.146000
c<B>r<55>R<ILE> -19.283001 -5.100000 12.281000
c<B>r<56>R<LEU> -15.487000 -5.618000 12.573000
c<B>r<57>R<GLY> -15.599000 -7.809000 15.751000
c<B>r<73>R<GLN> -6.712000 11.294000 5.346000
c<B>r<74>R<GLY> -10.166000 12.603000 4.210000
c<B>r<75>R<VAL> -11.494000 9.003000 3.740000
c<B>r<86>R<GLY> -15.350000 11.536000 2.774000
c<B>r<87>R<ASP> -16.910000 11.918000 -0.700000
c<B>r<88>R<GLU> -18.165001 9.869000 -3.695000
c<B>r<89>R<HIS> -14.556000 9.282000 -4.920000
c<B>r<90>R<ILE> -13.858000 7.132000 -1.800000
c<B>r<91>R<ARG> -17.003000 5.064000 -2.650000
c<B>r<92>R<GLN> -15.882000 4.651000 -6.284000
c<B>r<93>R<ILE> -12.295000 3.581000 -5.293000
c<B>r<94>R<MET> -13.754000 0.867000 -3.000000
c<B>r<95>R<MET> -16.351999 -0.434000 -5.519000
c<B>r<96>R<ILE> -13.902000 -0.416000 -8.490000
c<B>r<97>R<ALA> -11.222000 -2.235000 -6.425000
c<B>r<98>R<LEU> -13.901000 -4.875000 -5.600000
c<B>r<99>R<ALA> -14.835000 -5.145000 -9.327000
c<B>r<100>R<HIS> -11.149000 -5.709000 -10.314000
c<B>r<101>R<LYS> -11.014000 -8.668000 -7.826000
c<B>r<102>R<LYS> -13.981000 -10.427000 -9.553000
c<B>r<103>R<GLU> -12.138000 -10.587000 -12.942000
