c<A>r<7>R<TYR> 25.423000 -22.339001 18.593000
c<A>r<8>R<PHE> 25.698999 -18.556000 18.673000
c<A>r<9>R<PHE> 26.205000 -16.587999 21.896000
c<A>r<10>R<THR> 26.209000 -12.852000 22.382000
c<A>r<11>R<SER> 26.849001 -10.992000 25.650000
c<A>r<12>R<VAL> 26.656000 -7.205000 25.889999
c<A>r<22>R<PHE> 22.954000 -12.588000 27.017000
c<A>r<23>R<ILE> 21.311001 -14.238000 24.000999
c<A>r<24>R<ALA> 21.995001 -17.783001 22.844999
c<A>r<25>R<VAL> 20.575001 -19.414000 19.725000
c<A>r<26>R<GLY> 21.021999 -22.893000 18.304001
c<A>r<32>R<GLN> 16.913000 -22.080999 14.488000
c<A>r<34>R<VAL> 16.375999 -23.264999 20.500999
c<A>r<35>R<ARG> 16.966999 -19.954000 22.257999
c<A>r<36>R<PHE> 17.871000 -18.438000 25.591000
c<A>r<37>R<ASP> 17.427000 -14.761000 26.341000
c<A>r<48>R<ARG> 11.943000 -22.725000 18.506001
c<A>r<91>R<GLY> 31.424000 1.810000 27.797001
c<A>r<92>R<SER> 29.341999 -1.133000 26.632999
c<A>r<93>R<HIS> 31.301001 -3.998000 25.077999
c<A>r<94>R<THR> 30.386999 -7.236000 23.339001
c<A>r<96>R<GLN> 30.459999 -13.251000 20.697001
c<A>r<97>R<ARG> 31.115000 -16.972000 20.509001
c<A>r<98>R<MET> 30.138000 -19.514000 17.843000
c<A>r<116>R<TYR> 35.396999 -16.014000 19.791000
c<A>r<117>R<ALA> 35.196999 -12.220000 19.139000
c<A>r<118>R<TYR> 35.499001 -9.135000 21.299000
c<A>r<119>R<ASP> 33.873001 -5.866000 20.091000
c<A>r<120>R<GLY> 33.143002 -7.466000 16.701000
c<A>r<121>R<LYS> 36.707001 -8.463000 15.946000
c<A>r<122>R<ASP> 38.410000 -11.817000 16.000000
c<A>r<190>R<THR> 8.987000 -10.584000 -14.626000
c<A>r<191>R<HIS> 9.258000 -7.961000 -17.330000
c<A>r<192>R<HIS> 8.490000 -4.291000 -17.205999
c<A>r<193>R<ALA> 9.293000 -1.389000 -19.459999
c<A>r<194>R<VAL> 11.547000 1.366000 -18.100000
c<A>r<195>R<SER> 11.131000 3.415000 -21.334000
c<A>r<196>R<ASP> 9.839000 2.898000 -24.802000
c<A>r<197>R<HIS> 13.148000 1.205000 -25.681999
c<A>r<198>R<GLU> 14.375000 -0.648000 -22.580000
c<A>r<199>R<ALA> 12.964000 -3.130000 -20.176001
c<A>r<200>R<THR> 13.929000 -4.728000 -16.882999
c<A>r<201>R<LEU> 13.949000 -8.457000 -16.502001
c<A>r<202>R<ARG> 13.846000 -9.678000 -12.906000
c<A>r<204>R<TRP> 12.986000 -14.407000 -8.708000
c<A>r<206>R<LEU> 11.403000 -17.921000 -3.746000
c<A>r<207>R<SER> 10.610000 -20.296000 -0.932000
c<A>r<213>R<ILE> 21.936001 -20.061001 -3.806000
c<A>r<214>R<THR> 23.465000 -18.556000 -6.998000
c<A>r<215>R<LEU> 21.599001 -16.448999 -9.524000
c<A>r<216>R<THR> 23.517000 -15.488000 -12.680000
c<A>r<217>R<TRP> 22.445000 -13.675000 -15.839000
c<A>r<218>R<GLN> 23.870001 -14.579000 -19.261999
c<A>r<219>R<ARG> 23.627001 -12.873000 -22.636999
c<A>r<220>R<ASP> 23.958000 -15.183000 -25.615000
c<A>r<221>R<GLY> 25.459000 -17.830000 -23.323999
c<A>r<222>R<GLU> 28.153999 -15.806000 -21.426001
c<A>r<223>R<ASP> 27.997999 -14.277000 -17.912001
c<A>r<224>R<GLN> 26.607000 -10.737000 -17.784000
c<A>r<225>R<THR> 27.343000 -8.714000 -14.664000
c<A>r<226>R<GLN> 27.062000 -5.230000 -16.223000
c<A>r<227>R<ASP> 23.666000 -3.573000 -16.141001
c<A>r<228>R<THR> 22.499001 -6.028000 -13.440000
c<A>r<229>R<GLU> 21.143000 -5.432000 -9.879000
c<A>r<230>R<LEU> 20.195999 -7.750000 -7.050000
c<A>r<231>R<VAL> 19.243000 -8.140000 -3.471000
c<A>r<232>R<GLU> 20.944000 -10.064000 -0.746000
c<A>r<233>R<THR> 19.316999 -13.364000 0.230000
c<A>r<234>R<ARG> 16.622000 -12.670000 2.802000
c<A>r<235>R<PRO> 14.361000 -14.715000 5.049000
c<A>r<236>R<ALA> 10.718000 -15.123000 4.051000
c<A>r<237>R<GLY> 9.738000 -15.567000 7.711000
c<A>r<238>R<ASP> 8.406000 -19.091000 7.327000
c<A>r<240>R<THR> 12.569000 -20.330999 3.679000
c<A>r<241>R<PHE> 14.551000 -17.712000 1.812000
c<A>r<242>R<GLN> 14.161000 -15.304000 -1.146000
c<A>r<243>R<LYS> 16.441999 -13.626000 -3.693000
c<A>r<244>R<TRP> 16.191000 -11.831000 -7.014000
c<A>r<245>R<ALA> 18.547001 -10.571000 -9.734000
c<A>r<246>R<ALA> 17.600000 -8.119000 -12.509000
c<A>r<247>R<VAL> 19.108999 -6.831000 -15.805000
c<A>r<248>R<VAL> 18.132999 -3.906000 -18.035000
c<A>r<249>R<VAL> 17.974001 -4.818000 -21.719000
c<A>r<250>R<PRO> 16.975000 -3.291000 -25.042000
c<A>r<251>R<SER> 13.284000 -3.935000 -25.697001
c<A>r<252>R<GLY> 12.918000 -6.675000 -28.252001
c<A>r<253>R<GLN> 16.127001 -8.395000 -27.254999
c<A>r<254>R<GLU> 14.850000 -10.210000 -24.229000
c<A>r<256>R<ARG> 19.107000 -13.243000 -25.645000
c<B>r<0>R<MET> 35.233002 0.186000 18.777000
c<B>r<1>R<ILE> 34.030998 -1.034000 15.374000
c<B>r<2>R<GLN> 30.634001 0.343000 14.291000
c<B>r<3>R<ARG> 28.760000 -0.887000 11.247000
c<B>r<4>R<THR> 25.575001 0.600000 9.973000
c<B>r<6>R<LYS> 21.552000 -2.768000 5.796000
c<B>r<8>R<GLN> 15.286000 -4.628000 3.292000
c<B>r<9>R<VAL> 11.529000 -4.136000 3.543000
c<B>r<10>R<TYR> 9.363000 -6.664000 1.703000
c<B>r<11>R<SER> 6.364000 -8.943000 1.930000
c<B>r<12>R<ARG> 6.510000 -12.676000 2.387000
c<B>r<13>R<HIS> 4.162000 -13.242000 -0.602000
c<B>r<22>R<PHE> 3.305000 -10.670000 6.108000
c<B>r<23>R<LEU> 5.467000 -7.509000 6.134000
c<B>r<24>R<ASN> 9.125000 -8.023000 6.834000
c<B>r<25>R<CYS> 11.942000 -5.705000 7.734000
c<B>r<26>R<TYR> 15.321000 -7.505000 7.569000
c<B>r<27>R<VAL> 18.172001 -5.614000 9.207000
c<B>r<28>R<SER> 21.718000 -6.961000 8.839000
c<B>r<29>R<GLY> 25.368999 -6.108000 8.853000
c<B>r<30>R<PHE> 25.267000 -3.945000 11.930000
c<B>r<31>R<HIS> 27.419001 -3.663000 15.085000
c<B>r<32>R<PRO> 26.877001 -3.106000 17.990999
c<B>r<33>R<SER> 23.684000 -5.111000 18.500000
c<B>r<34>R<ASP> 21.423000 -2.486000 20.084999
c<B>r<51>R<HIS> 11.219000 -10.234000 15.852000
c<B>r<52>R<SER> 13.709000 -13.012000 15.553000
c<B>r<53>R<ASP> 16.365000 -13.904000 18.094999
c<B>r<54>R<LEU> 19.690001 -12.085000 17.664000
c<B>r<55>R<SER> 22.253000 -13.899000 15.577000
c<B>r<56>R<PHE> 25.351000 -13.005000 13.592000
c<B>r<57>R<SER> 27.312000 -13.596000 10.438000
c<B>r<58>R<LYS> 30.840000 -14.589000 9.481000
c<B>r<59>R<ASP> 32.122002 -11.087000 9.894000
c<B>r<60>R<TRP> 30.525999 -10.934000 13.368000
c<B>r<61>R<SER> 27.853001 -8.463000 12.255000
c<B>r<62>R<PHE> 24.360001 -8.945000 13.566000
c<B>r<64>R<LEU> 17.378000 -9.584000 12.824000
c<B>r<65>R<LEU> 14.008000 -10.044000 11.130000
c<B>r<66>R<TYR> 11.034000 -7.927000 12.318000
c<B>r<67>R<TYR> 7.597000 -8.968000 10.976000
c<B>r<68>R<THR> 3.880000 -8.655000 11.227000
c<B>r<98>R<ASP> 7.805000 -4.952000 -6.620000
c<B>r<99>R<MET> 11.024000 -5.777000 -4.832000
c<D>r<8>R<PRO> 23.801001 -16.606001 -35.105000
c<D>r<9>R<ALA> 22.648001 -13.479000 -33.261002
c<D>r<10>R<ALA> 25.766001 -13.834000 -31.120001
c<D>r<11>R<LEU> 28.931999 -15.826000 -31.708000
c<D>r<12>R<SER> 31.782000 -16.580000 -29.311001
c<D>r<31>R<TYR> 20.027000 -4.654000 -56.254002
c<D>r<32>R<ASN> 22.948999 -5.574000 -53.994999
c<D>r<33>R<LEU> 24.028999 -6.773000 -50.549999
c<D>r<34>R<GLN> 26.438000 -4.951000 -48.257000
c<D>r<36>R<PHE> 29.261000 -3.666000 -42.384998
c<D>r<39>R<ASP> 32.145000 -1.108000 -32.923000
c<D>r<40>R<PRO> 30.290001 -0.235000 -29.684999
c<D>r<41>R<GLY> 29.294001 3.428000 -29.728001
c<D>r<42>R<LYS> 30.788000 4.024000 -33.174000
c<D>r<43>R<GLY> 29.610001 4.135000 -36.785000
c<D>r<44>R<LEU> 29.298000 1.611000 -39.611000
c<D>r<45>R<THR> 32.379002 0.619000 -41.578999
c<D>r<46>R<SER> 31.724001 -0.984000 -44.945999
c<D>r<48>R<LEU> 32.138000 -5.821000 -48.644001
c<D>r<49>R<LEU> 29.649000 -4.971000 -51.367001
c<D>r<50>R<ILE> 28.115999 -7.653000 -53.577999
c<D>r<51>R<GLN> 26.184000 -6.544000 -56.652000
c<D>r<52>R<SER> 23.247999 -8.612000 -57.925999
c<D>r<86>R<ALA> 32.349998 -6.264000 -33.277000
c<D>r<89>R<LEU> 25.455999 -6.043000 -40.151001
c<D>r<91>R<ALA> 21.823000 -5.000000 -45.681000
c<D>r<92>R<VAL> 20.107000 -5.437000 -49.035999
c<D>r<93>R<ARG> 18.622999 -2.860000 -51.394001
c<D>r<94>R<PRO> 15.580000 -3.296000 -53.689999
c<D>r<95>R<THR> 15.796000 -3.452000 -57.474998
c<D>r<99>R<SER> 11.801000 2.631000 -53.296001
c<D>r<100>R<TYR> 15.584000 2.157000 -53.161999
c<D>r<101>R<ILE> 14.752000 1.486000 -49.497002
c<D>r<102>R<PRO> 17.370001 -0.799000 -47.897999
c<D>r<103>R<THR> 16.577000 -3.393000 -45.243000
c<D>r<104>R<PHE> 19.042999 -4.100000 -42.429001
c<D>r<105>R<GLY> 19.379999 -7.229000 -40.335999
c<D>r<106>R<ARG> 19.688999 -7.011000 -36.547001
c<D>r<107>R<GLY> 23.305000 -8.121000 -36.847000
c<D>r<109>R<SER> 27.605000 -9.783000 -32.244999
c<D>r<120>R<ASP> 47.689999 -17.222000 -13.938000
c<D>r<122>R<ALA> 44.337002 -14.030000 -9.507000
c<D>r<123>R<VAL> 42.237999 -11.434000 -7.730000
c<D>r<124>R<TYR> 44.030998 -8.315000 -6.472000
c<D>r<125>R<GLN> 42.793999 -5.409000 -4.377000
c<D>r<126>R<LEU> 43.823002 -1.957000 -5.621000
c<D>r<127>R<ARG> 43.941002 0.827000 -3.065000
c<D>r<128>R<ARG> 43.174000 4.528000 -2.977000
c<D>r<129>R<SER> 41.723999 7.079000 -5.361000
c<D>r<130>R<LYS> 43.540001 9.442000 -3.018000
c<D>r<131>R<SER> 41.778999 7.683000 -0.140000
c<D>r<133>R<ASP> 36.325001 6.619000 -2.257000
c<D>r<134>R<LYS> 35.646000 2.975000 -3.159000
c<D>r<135>R<SER> 37.004002 -0.571000 -2.825000
c<D>r<136>R<VAL> 38.306000 -1.908000 -6.158000
c<D>r<137>R<CYS> 39.395000 -5.438000 -7.090000
c<D>r<138>R<LEU> 40.848000 -6.868000 -10.258000
c<D>r<140>R<THR> 43.044998 -10.982000 -14.011000
c<D>r<141>R<ASP> 45.147999 -13.367000 -16.089001
c<D>r<145>R<GLN> 37.061001 -20.031000 -21.065001
c<D>r<146>R<THR> 36.490002 -18.483999 -17.643999
c<D>r<147>R<ASN> 33.254002 -16.539000 -17.370001
c<D>r<148>R<VAL> 32.644001 -13.689000 -14.947000
c<D>r<149>R<SER> 29.104000 -13.560000 -13.569000
c<D>r<150>R<GLN> 27.260000 -10.857000 -11.636000
c<D>r<151>R<SER> 27.362000 -10.655000 -7.844000
c<D>r<152>R<LYS> 24.337999 -11.368000 -5.661000
c<D>r<153>R<ASP> 24.981001 -8.212000 -3.650000
c<D>r<154>R<SER> 23.219000 -4.863000 -3.975000
c<D>r<155>R<ASP> 26.247000 -2.616000 -3.413000
c<D>r<156>R<VAL> 28.611000 -4.651000 -5.586000
c<D>r<157>R<TYR> 29.424999 -4.231000 -9.265000
c<D>r<158>R<ILE> 31.311001 -6.495000 -11.632000
c<D>r<159>R<THR> 32.275002 -5.392000 -15.122000
c<D>r<160>R<ASP> 32.426998 -7.430000 -18.294001
c<D>r<161>R<LYS> 35.839001 -8.806000 -19.174000
c<D>r<162>R<CYS> 38.250000 -7.171000 -21.589001
c<D>r<163>R<VAL> 41.544998 -8.135000 -23.096001
c<D>r<164>R<LEU> 44.563000 -5.865000 -23.037001
c<D>r<165>R<ASP> 47.719002 -6.333000 -25.063000
c<D>r<166>R<MET> 51.146000 -5.400000 -23.785000
c<D>r<167>R<ARG> 52.674000 -5.045000 -27.243000
c<D>r<168>R<SER> 56.367001 -4.840000 -26.326000
c<D>r<169>R<MET> 56.101002 -8.182000 -24.521999
c<D>r<171>R<PHE> 51.575001 -10.520000 -23.870001
c<D>r<172>R<LYS> 47.782001 -10.494000 -23.664000
c<D>r<173>R<SER> 45.638000 -10.747000 -20.548000
c<D>r<174>R<ASN> 41.973000 -10.842000 -19.584000
c<D>r<175>R<SER> 40.520000 -8.962000 -16.648001
c<D>r<176>R<ALA> 37.301998 -7.933000 -14.965000
c<D>r<177>R<VAL> 36.827999 -5.267000 -12.302000
c<D>r<178>R<ALA> 34.668999 -5.435000 -9.182000
c<D>r<179>R<TRP> 33.973999 -2.784000 -6.571000
c<D>r<183>R<SER> 32.752998 -0.395000 3.958000
c<D>r<184>R<ASP> 31.771000 -3.817000 5.301000
c<D>r<185>R<PHE> 32.698002 -5.792000 2.183000
c<D>r<192>R<ASN> 32.410000 -15.821000 -5.525000
c<D>r<193>R<ASN> 29.319000 -16.125000 -7.735000
c<D>r<194>R<SER> 31.056999 -17.214001 -10.928000
c<D>r<195>R<ILE> 32.973999 -20.353001 -11.864000
c<D>r<201>R<PHE> 45.400002 -16.618000 -6.284000
c<D>r<202>R<PHE> 43.691002 -14.526000 -3.574000
c<D>r<203>R<PRO> 46.442001 -12.544000 -1.778000
c<D>r<204>R<SER> 45.324001 -10.440000 1.189000
c<E>r<30>R<TYR> 20.559999 9.560000 -52.541000
c<E>r<32>R<SER> 18.708000 8.782000 -45.886002
c<E>r<36>R<GLN> 19.243999 2.456000 -34.285999
c<E>r<37>R<ASP> 17.745001 1.124000 -31.063000
c<E>r<38>R<PRO> 18.747999 -1.887000 -28.891001
c<E>r<39>R<GLY> 17.732000 -5.130000 -30.582001
c<E>r<40>R<MET> 15.564000 -2.960000 -32.820999
c<E>r<41>R<GLY> 18.115000 -2.824000 -35.632999
c<E>r<42>R<LEU> 18.410999 0.050000 -38.122002
c<E>r<43>R<ARG> 15.059000 1.605000 -39.044998
c<E>r<44>R<LEU> 14.692000 4.012000 -41.967999
c<E>r<46>R<HIS> 13.201000 9.389000 -44.136002
c<E>r<47>R<TYR> 14.995000 9.319000 -47.473999
c<E>r<48>R<SER> 15.612000 11.541000 -50.476002
c<E>r<49>R<VAL> 16.212000 10.119000 -53.951000
c<E>r<55>R<ASP> 9.695000 10.733000 -48.840000
c<E>r<57>R<GLY> 10.209000 5.938000 -44.261002
c<E>r<58>R<GLU> 9.195000 3.368000 -41.658001
c<E>r<82>R<PRO> 11.651000 10.949000 -24.886000
c<E>r<83>R<SER> 10.847000 8.175000 -27.371000
c<E>r<84>R<GLN> 13.193000 9.908000 -29.820000
c<E>r<85>R<THR> 16.184000 9.001000 -27.643999
c<E>r<86>R<SER> 18.260000 6.930000 -30.079000
c<E>r<87>R<VAL> 21.370001 6.815000 -32.257000
c<E>r<88>R<TYR> 20.766001 8.493000 -35.615002
c<E>r<89>R<PHE> 22.652000 7.584000 -38.764000
c<E>r<91>R<ALA> 23.767000 7.348000 -45.172001
c<E>r<95>R<VAL> 21.642000 7.097000 -57.528000
c<E>r<96>R<GLY> 22.250000 3.835000 -59.382000
c<E>r<97>R<ASN> 25.858999 2.710000 -59.660999
c<E>r<98>R<THR> 26.805000 -0.072000 -57.224998
c<E>r<99>R<GLY> 24.280001 0.869000 -54.568001
c<E>r<100>R<GLU> 27.068001 1.213000 -52.007999
c<E>r<101>R<LEU> 25.902000 3.049000 -48.909000
c<E>r<102>R<PHE> 28.179001 5.440000 -47.025002
c<E>r<103>R<PHE> 27.353001 6.052000 -43.366001
c<E>r<104>R<GLY> 28.004000 8.996000 -41.099998
c<E>r<105>R<GLU> 29.495001 8.452000 -37.632999
c<E>r<106>R<GLY> 26.138000 8.726000 -35.889000
c<E>r<107>R<SER> 24.455000 11.196000 -33.564999
c<E>r<108>R<ARG> 23.597000 10.044000 -30.041000
c<E>r<123>R<VAL> 36.577999 9.687000 -11.999000
c<E>r<124>R<ALA> 39.139999 7.894000 -9.863000
c<E>r<125>R<VAL> 42.384998 6.031000 -10.515000
c<E>r<126>R<PHE> 43.304001 3.043000 -8.380000
c<E>r<127>R<GLU> 46.979000 2.204000 -8.051000
c<E>r<128>R<PRO> 48.591000 -1.201000 -8.719000
c<E>r<129>R<SER> 48.407001 -3.970000 -6.146000
c<E>r<130>R<GLU> 51.755001 -4.795000 -4.537000
c<E>r<131>R<ALA> 50.723999 -8.459000 -4.701000
c<E>r<132>R<GLU> 50.283001 -8.245000 -8.485000
c<E>r<135>R<HIS> 53.521000 -12.181000 -8.497000
c<E>r<136>R<THR> 53.721001 -10.999000 -12.131000
c<E>r<140>R<THR> 47.667000 -2.725000 -13.511000
c<E>r<141>R<LEU> 46.074001 0.662000 -12.877000
c<E>r<142>R<VAL> 42.293999 0.907000 -12.946000
c<E>r<143>R<CYS> 40.278999 3.959000 -13.892000
c<E>r<144>R<LEU> 36.688999 4.100000 -12.687000
c<E>r<151>R<ASP> 26.091999 7.292000 -21.495001
c<E>r<152>R<HIS> 27.851999 9.857000 -23.702000
c<E>r<153>R<VAL> 31.509001 9.487000 -22.663000
c<E>r<154>R<GLU> 35.007999 8.865000 -24.046000
c<E>r<165>R<HIS> 46.727001 2.256000 -26.437000
c<E>r<166>R<SER> 49.264000 -0.426000 -25.542000
c<E>r<167>R<GLY> 48.339001 -2.355000 -22.410000
c<E>r<168>R<VAL> 44.887001 -0.799000 -22.198000
c<E>r<169>R<CYS> 41.341000 -2.010000 -22.370001
c<E>r<170>R<THR> 38.076000 -0.347000 -21.525000
c<E>r<171>R<ASP> 34.737999 -2.025000 -20.875999
c<E>r<172>R<PRO> 32.944000 -2.366000 -24.240999
c<E>r<173>R<GLN> 29.801001 -1.028000 -22.597000
c<E>r<174>R<PRO> 29.118999 0.860000 -19.351999
c<E>r<175>R<LEU> 27.079000 -0.850000 -16.660999
c<E>r<176>R<LYS> 23.927999 0.437000 -14.999000
c<E>r<177>R<GLU> 24.259001 1.359000 -11.340000
c<E>r<178>R<GLN> 20.464001 0.970000 -10.943000
c<E>r<179>R<PRO> 19.605000 -1.878000 -13.408000
c<E>r<180>R<ALA> 15.811000 -1.568000 -13.380000
c<E>r<181>R<LEU> 15.805000 2.143000 -14.312000
c<E>r<182>R<ASN> 15.601000 3.425000 -17.881001
c<E>r<183>R<ASP> 17.596001 6.494000 -16.841999
c<E>r<184>R<SER> 19.997999 4.727000 -14.512000
c<E>r<186>R<TYR> 26.306000 4.486000 -15.414000
c<E>r<187>R<ALA> 29.749001 3.232000 -14.495000
c<E>r<188>R<LEU> 32.657001 2.467000 -16.816999
c<E>r<189>R<SER> 36.054001 0.981000 -16.000999
c<E>r<190>R<SER> 39.356998 0.784000 -17.836000
c<E>r<191>R<ARG> 42.699001 -0.877000 -17.177999
c<E>r<192>R<LEU> 46.231998 0.227000 -18.051001
c<E>r<193>R<ARG> 48.924000 -2.382000 -17.462999
c<E>r<194>R<VAL> 52.625000 -1.536000 -17.433001
c<E>r<195>R<SER> 55.752998 -3.306000 -16.270000
c<E>r<235>R<ALA> 42.210999 11.573000 -12.242000
c<E>r<236>R<GLU> 45.928001 10.889000 -12.019000
c<E>r<237>R<ALA> 48.695999 9.033000 -10.268000
