c<A>r<1>R<GLY> 24.291000 -34.508999 2.251000
c<A>r<2>R<SER> 26.290001 -32.780998 5.061000
c<A>r<3>R<HIS> 24.697001 -31.059999 7.983000
c<A>r<4>R<SER> 25.745001 -28.770000 10.809000
c<A>r<7>R<TYR> 25.423000 -22.339001 18.593000
c<A>r<8>R<PHE> 25.698999 -18.556000 18.673000
c<A>r<9>R<PHE> 26.205000 -16.587999 21.896000
c<A>r<10>R<THR> 26.209000 -12.852000 22.382000
c<A>r<11>R<SER> 26.849001 -10.992000 25.650000
c<A>r<12>R<VAL> 26.656000 -7.205000 25.889999
c<A>r<22>R<PHE> 22.954000 -12.588000 27.017000
c<A>r<23>R<ILE> 21.311001 -14.238000 24.000999
c<A>r<24>R<ALA> 21.995001 -17.783001 22.844999
c<A>r<25>R<VAL> 20.575001 -19.414000 19.725000
c<A>r<26>R<GLY> 21.021999 -22.893000 18.304001
c<A>r<29>R<ASP> 21.841000 -25.787001 9.167000
c<A>r<30>R<ASP> 19.733999 -22.656000 8.522000
c<A>r<32>R<GLN> 16.913000 -22.080999 14.488000
c<A>r<34>R<VAL> 16.375999 -23.264999 20.500999
c<A>r<35>R<ARG> 16.966999 -19.954000 22.257999
c<A>r<36>R<PHE> 17.871000 -18.438000 25.591000
c<A>r<37>R<ASP> 17.427000 -14.761000 26.341000
c<A>r<48>R<ARG> 11.943000 -22.725000 18.506001
c<A>r<91>R<GLY> 31.424000 1.810000 27.797001
c<A>r<92>R<SER> 29.341999 -1.133000 26.632999
c<A>r<93>R<HIS> 31.301001 -3.998000 25.077999
c<A>r<94>R<THR> 30.386999 -7.236000 23.339001
c<A>r<96>R<GLN> 30.459999 -13.251000 20.697001
c<A>r<97>R<ARG> 31.115000 -16.972000 20.509001
c<A>r<98>R<MET> 30.138000 -19.514000 17.843000
c<A>r<102>R<ASP> 29.347000 -30.899000 10.911000
c<A>r<104>R<GLY> 28.986000 -35.683998 6.331000
c<A>r<110>R<LEU> 33.323002 -34.098000 9.362000
c<A>r<111>R<ARG> 34.596001 -30.951000 11.036000
c<A>r<112>R<GLY> 34.344002 -28.813999 14.159000
c<A>r<113>R<TYR> 34.904999 -25.148001 14.935000
c<A>r<116>R<TYR> 35.396999 -16.014000 19.791000
c<A>r<117>R<ALA> 35.196999 -12.220000 19.139000
c<A>r<118>R<TYR> 35.499001 -9.135000 21.299000
c<A>r<119>R<ASP> 33.873001 -5.866000 20.091000
c<A>r<120>R<GLY> 33.143002 -7.466000 16.701000
c<A>r<121>R<LYS> 36.707001 -8.463000 15.946000
c<A>r<122>R<ASP> 38.410000 -11.817000 16.000000
c<A>r<126>R<LEU> 40.381001 -23.132999 17.415001
c<A>r<127>R<LYS> 42.448002 -24.184000 14.410000
c<A>r<128>R<GLU> 40.958000 -26.673000 11.915000
c<A>r<129>R<ASP> 42.523998 -29.707001 13.663000
c<A>r<130>R<LEU> 40.877998 -28.761000 16.958000
c<A>r<131>R<ARG> 44.199001 -29.073999 18.757000
c<A>r<132>R<SER> 45.598999 -25.521000 18.834000
c<A>r<133>R<TRP> 44.549999 -21.892000 18.865999
c<A>r<134>R<THR> 44.750000 -18.801001 16.624001
c<A>r<135>R<ALA> 45.139000 -15.632000 18.732000
c<A>r<141>R<GLN> 48.040001 -14.665000 23.516001
c<A>r<144>R<LYS> 45.936001 -18.972000 24.336000
c<A>r<145>R<HIS> 48.624001 -19.775000 26.907000
c<A>r<148>R<GLU> 46.950001 -24.518999 26.457001
c<A>r<149>R<ALA> 47.931999 -25.066999 30.125999
c<A>r<190>R<THR> 8.987000 -10.584000 -14.626000
c<A>r<202>R<ARG> 13.846000 -9.678000 -12.906000
c<A>r<204>R<TRP> 12.986000 -14.407000 -8.708000
c<A>r<206>R<LEU> 11.403000 -17.921000 -3.746000
c<A>r<207>R<SER> 10.610000 -20.296000 -0.932000
c<A>r<210>R<PRO> 18.784000 -23.965000 2.557000
c<A>r<211>R<ALA> 19.804001 -20.364000 2.024000
c<A>r<212>R<GLU> 22.854000 -20.910000 -0.215000
c<A>r<213>R<ILE> 21.936001 -20.061001 -3.806000
c<A>r<214>R<THR> 23.465000 -18.556000 -6.998000
c<A>r<215>R<LEU> 21.599001 -16.448999 -9.524000
c<A>r<216>R<THR> 23.517000 -15.488000 -12.680000
c<A>r<217>R<TRP> 22.445000 -13.675000 -15.839000
c<A>r<218>R<GLN> 23.870001 -14.579000 -19.261999
c<A>r<223>R<ASP> 27.997999 -14.277000 -17.912001
c<A>r<224>R<GLN> 26.607000 -10.737000 -17.784000
c<A>r<225>R<THR> 27.343000 -8.714000 -14.664000
c<A>r<226>R<GLN> 27.062000 -5.230000 -16.223000
c<A>r<227>R<ASP> 23.666000 -3.573000 -16.141001
c<A>r<228>R<THR> 22.499001 -6.028000 -13.440000
c<A>r<229>R<GLU> 21.143000 -5.432000 -9.879000
c<A>r<230>R<LEU> 20.195999 -7.750000 -7.050000
c<A>r<231>R<VAL> 19.243000 -8.140000 -3.471000
c<A>r<232>R<GLU> 20.944000 -10.064000 -0.746000
c<A>r<233>R<THR> 19.316999 -13.364000 0.230000
c<A>r<234>R<ARG> 16.622000 -12.670000 2.802000
c<A>r<235>R<PRO> 14.361000 -14.715000 5.049000
c<A>r<236>R<ALA> 10.718000 -15.123000 4.051000
c<A>r<237>R<GLY> 9.738000 -15.567000 7.711000
c<A>r<238>R<ASP> 8.406000 -19.091000 7.327000
c<A>r<240>R<THR> 12.569000 -20.330999 3.679000
c<A>r<241>R<PHE> 14.551000 -17.712000 1.812000
c<A>r<242>R<GLN> 14.161000 -15.304000 -1.146000
c<A>r<243>R<LYS> 16.441999 -13.626000 -3.693000
c<A>r<244>R<TRP> 16.191000 -11.831000 -7.014000
c<A>r<245>R<ALA> 18.547001 -10.571000 -9.734000
c<A>r<246>R<ALA> 17.600000 -8.119000 -12.509000
c<A>r<259>R<CYS> 18.847000 -16.424999 -15.704000
c<A>r<260>R<HIS> 20.681000 -19.413000 -14.266000
c<A>r<261>R<VAL> 19.752001 -20.732000 -10.826000
c<A>r<262>R<GLN> 21.959000 -23.114000 -8.808000
c<A>r<263>R<HIS> 20.673000 -24.587999 -5.565000
c<A>r<264>R<GLU> 21.216000 -27.900000 -3.764000
c<A>r<265>R<GLY> 17.530001 -28.754000 -4.137000
c<B>r<0>R<MET> 35.233002 0.186000 18.777000
c<B>r<1>R<ILE> 34.030998 -1.034000 15.374000
c<B>r<2>R<GLN> 30.634001 0.343000 14.291000
c<B>r<3>R<ARG> 28.760000 -0.887000 11.247000
c<B>r<4>R<THR> 25.575001 0.600000 9.973000
c<B>r<5>R<PRO> 22.559000 -1.614000 9.273000
c<B>r<6>R<LYS> 21.552000 -2.768000 5.796000
c<B>r<8>R<GLN> 15.286000 -4.628000 3.292000
c<B>r<9>R<VAL> 11.529000 -4.136000 3.543000
c<B>r<10>R<TYR> 9.363000 -6.664000 1.703000
c<B>r<11>R<SER> 6.364000 -8.943000 1.930000
c<B>r<12>R<ARG> 6.510000 -12.676000 2.387000
c<B>r<13>R<HIS> 4.162000 -13.242000 -0.602000
c<B>r<22>R<PHE> 3.305000 -10.670000 6.108000
c<B>r<23>R<LEU> 5.467000 -7.509000 6.134000
c<B>r<24>R<ASN> 9.125000 -8.023000 6.834000
c<B>r<25>R<CYS> 11.942000 -5.705000 7.734000
c<B>r<26>R<TYR> 15.321000 -7.505000 7.569000
c<B>r<27>R<VAL> 18.172001 -5.614000 9.207000
c<B>r<28>R<SER> 21.718000 -6.961000 8.839000
c<B>r<29>R<GLY> 25.368999 -6.108000 8.853000
c<B>r<30>R<PHE> 25.267000 -3.945000 11.930000
c<B>r<31>R<HIS> 27.419001 -3.663000 15.085000
c<B>r<32>R<PRO> 26.877001 -3.106000 17.990999
c<B>r<33>R<SER> 23.684000 -5.111000 18.500000
c<B>r<34>R<ASP> 21.423000 -2.486000 20.084999
c<B>r<51>R<HIS> 11.219000 -10.234000 15.852000
c<B>r<52>R<SER> 13.709000 -13.012000 15.553000
c<B>r<53>R<ASP> 16.365000 -13.904000 18.094999
c<B>r<54>R<LEU> 19.690001 -12.085000 17.664000
c<B>r<55>R<SER> 22.253000 -13.899000 15.577000
c<B>r<56>R<PHE> 25.351000 -13.005000 13.592000
c<B>r<57>R<SER> 27.312000 -13.596000 10.438000
c<B>r<58>R<LYS> 30.840000 -14.589000 9.481000
c<B>r<59>R<ASP> 32.122002 -11.087000 9.894000
c<B>r<60>R<TRP> 30.525999 -10.934000 13.368000
c<B>r<61>R<SER> 27.853001 -8.463000 12.255000
c<B>r<62>R<PHE> 24.360001 -8.945000 13.566000
c<B>r<64>R<LEU> 17.378000 -9.584000 12.824000
c<B>r<65>R<LEU> 14.008000 -10.044000 11.130000
c<B>r<66>R<TYR> 11.034000 -7.927000 12.318000
c<B>r<67>R<TYR> 7.597000 -8.968000 10.976000
c<B>r<68>R<THR> 3.880000 -8.655000 11.227000
c<B>r<84>R<HIS> 21.118000 2.623000 15.588000
c<B>r<85>R<VAL> 24.106001 4.448000 17.063000
c<B>r<86>R<THR> 25.549000 4.810000 13.573000
c<B>r<87>R<LEU> 22.511999 6.940000 12.465000
c<B>r<88>R<SER> 21.936001 10.707000 13.156000
c<B>r<89>R<GLN> 18.195999 10.234000 13.128000
c<B>r<91>R<LYS> 16.090000 5.916000 8.963000
c<B>r<98>R<ASP> 7.805000 -4.952000 -6.620000
c<B>r<99>R<MET> 11.024000 -5.777000 -4.832000
c<D>r<31>R<TYR> 46.514999 19.172001 -0.196000
c<D>r<32>R<ASN> 49.111000 16.766001 1.201000
c<D>r<33>R<LEU> 51.346001 13.767000 0.502000
c<D>r<34>R<GLN> 51.342999 10.532000 2.480000
c<D>r<36>R<PHE> 52.723000 4.100000 3.390000
c<D>r<39>R<ASP> 53.763000 -6.062000 3.605000
c<D>r<40>R<PRO> 52.813999 -8.917000 1.232000
c<D>r<41>R<GLY> 49.181999 -9.877000 1.770000
c<D>r<42>R<LYS> 48.651001 -7.240000 4.457000
c<D>r<43>R<GLY> 47.278999 -3.706000 4.718000
c<D>r<44>R<LEU> 48.742001 -0.206000 4.463000
c<D>r<45>R<THR> 50.615002 1.255000 7.414000
c<D>r<46>R<SER> 51.014999 5.020000 7.396000
c<D>r<48>R<LEU> 54.634998 9.929000 7.192000
c<D>r<49>R<LEU> 52.202999 12.690000 6.300000
c<D>r<50>R<ILE> 53.367001 15.944000 4.724000
c<D>r<51>R<GLN> 50.895000 18.819000 4.529000
c<D>r<52>R<SER> 51.075001 21.316000 1.656000
c<D>r<86>R<ALA> 58.242001 -4.070000 1.959000
c<D>r<89>R<LEU> 53.485001 3.671000 -1.545000
c<D>r<91>R<ALA> 49.790001 9.193000 -2.391000
c<D>r<92>R<VAL> 48.696999 12.792000 -2.887000
c<D>r<93>R<ARG> 45.307999 14.424000 -2.389000
c<D>r<94>R<PRO> 43.820000 17.340000 -4.389000
c<D>r<95>R<THR> 43.283001 20.818001 -2.968000
c<D>r<99>R<SER> 37.039001 15.837000 -5.542000
c<D>r<100>R<TYR> 39.214001 15.045000 -2.510000
c<D>r<101>R<ILE> 40.158001 12.086000 -4.730000
c<D>r<102>R<PRO> 43.660999 10.806000 -3.884000
c<D>r<103>R<THR> 46.080002 9.404000 -6.452000
c<D>r<104>R<PHE> 48.396999 6.518000 -5.556000
c<D>r<105>R<GLY> 51.682999 5.563000 -7.160000
c<D>r<106>R<ARG> 52.408001 1.946000 -8.106000
c<D>r<107>R<GLY> 54.966999 1.800000 -5.309000
c<D>r<120>R<ASP> 78.697998 -21.528999 4.431000
c<D>r<122>R<ALA> 75.300003 -25.922001 1.234000
c<D>r<123>R<VAL> 72.453003 -27.955999 -0.202000
c<D>r<124>R<TYR> 70.835999 -30.538000 2.088000
c<D>r<125>R<GLN> 68.181999 -33.154999 1.403000
c<D>r<126>R<LEU> 65.417000 -33.383999 4.015000
c<D>r<127>R<ARG> 63.584000 -36.680000 4.293000
c<D>r<128>R<ARG> 60.049000 -37.821999 4.998000
c<D>r<129>R<SER> 56.692001 -36.165001 5.525000
c<D>r<130>R<LYS> 55.959999 -39.497002 7.179000
c<D>r<131>R<SER> 57.257999 -41.167999 4.017000
c<D>r<133>R<ASP> 55.242001 -37.680000 -0.357000
c<D>r<134>R<LYS> 57.896999 -35.493999 -2.007000
c<D>r<135>R<SER> 61.654999 -34.918999 -2.289000
c<D>r<136>R<VAL> 62.730999 -31.702000 -0.533000
c<D>r<137>R<CYS> 66.094002 -29.912001 -0.608000
c<D>r<138>R<LEU> 67.352997 -26.848000 1.187000
c<D>r<140>R<THR> 71.154999 -22.518999 2.809000
c<D>r<141>R<ASP> 73.761002 -20.280001 4.430000
c<D>r<154>R<SER> 58.800999 -29.426001 -15.382000
c<D>r<155>R<ASP> 58.362999 -31.350000 -12.120000
c<D>r<156>R<VAL> 60.765999 -29.195999 -10.109000
c<D>r<157>R<TYR> 60.028000 -26.138000 -7.993000
c<D>r<158>R<ILE> 62.369999 -23.627001 -6.415000
c<D>r<159>R<THR> 61.148998 -21.002001 -3.977000
c<D>r<160>R<ASP> 62.334999 -17.448000 -3.531000
c<D>r<161>R<LYS> 64.913002 -16.929001 -0.811000
c<D>r<162>R<CYS> 64.115997 -15.783000 2.705000
c<D>r<163>R<VAL> 66.155998 -14.800000 5.693000
c<D>r<164>R<LEU> 65.591003 -16.268000 9.128000
c<D>r<165>R<ASP> 67.032997 -14.944000 12.360000
c<D>r<166>R<MET> 68.059998 -17.174999 15.225000
c<D>r<167>R<ARG> 67.750999 -14.454000 17.856001
c<D>r<168>R<SER> 69.457001 -16.170000 20.799000
c<D>r<169>R<MET> 72.592003 -16.658001 18.695000
c<D>r<171>R<PHE> 72.667000 -15.490000 13.694000
c<D>r<172>R<LYS> 70.944000 -14.860000 10.368000
c<D>r<173>R<SER> 70.811996 -17.166000 7.362000
c<D>r<174>R<ASN> 69.407997 -17.216999 3.842000
c<D>r<175>R<SER> 67.711998 -20.218000 2.297000
c<D>r<176>R<ALA> 65.686996 -21.400999 -0.661000
c<D>r<177>R<VAL> 63.706001 -24.625999 -0.973000
c<D>r<178>R<ALA> 63.493999 -26.961000 -3.961000
c<D>r<179>R<TRP> 61.415001 -30.084999 -4.452000
c<D>r<201>R<PHE> 78.681999 -28.252001 0.073000
c<D>r<202>R<PHE> 76.640999 -31.059999 -1.535000
c<D>r<203>R<PRO> 76.556000 -33.967999 0.967000
c<D>r<204>R<SER> 74.827003 -37.145000 -0.216000
c<E>r<2>R<GLY> 40.338001 2.302000 13.615000
c<E>r<3>R<VAL> 39.044998 1.064000 10.269000
c<E>r<4>R<THR> 37.506001 -2.400000 10.186000
c<E>r<5>R<GLN> 36.450001 -4.163000 7.011000
c<E>r<6>R<THR> 34.868999 -7.592000 6.655000
c<E>r<7>R<PRO> 35.133999 -10.196000 5.469000
c<E>r<8>R<LYS> 38.930000 -10.435000 5.270000
c<E>r<9>R<PHE> 38.706001 -13.271000 2.731000
c<E>r<12>R<LEU> 32.279999 -16.257000 -4.630000
c<E>r<13>R<LYS> 30.830000 -18.129999 -7.570000
c<E>r<14>R<THR> 30.089001 -15.924000 -10.580000
c<E>r<15>R<GLY> 26.712999 -14.238000 -10.220000
c<E>r<16>R<GLN> 26.577000 -14.357000 -6.427000
c<E>r<17>R<SER> 25.910000 -11.154000 -4.526000
c<E>r<18>R<MET> 28.127001 -9.881000 -1.732000
c<E>r<19>R<THR> 28.636000 -6.849000 0.463000
c<E>r<20>R<LEU> 32.049999 -5.744000 1.679000
c<E>r<21>R<GLN> 31.643999 -3.922000 4.975000
c<E>r<22>R<CYS> 33.653999 -0.980000 6.254000
c<E>r<23>R<ALA> 33.278000 0.622000 9.668000
c<E>r<24>R<GLN> 35.349998 3.295000 11.404000
c<E>r<25>R<ASP> 34.955002 4.746000 14.905000
c<E>r<26>R<MET> 36.889000 7.975000 14.384000
c<E>r<27>R<ASN> 33.924999 10.119000 13.337000
c<E>r<30>R<TYR> 35.224998 10.929000 4.352000
c<E>r<32>R<SER> 36.401001 5.485000 0.192000
c<E>r<36>R<GLN> 44.478001 -3.175000 -5.693000
c<E>r<38>R<PRO> 49.103001 -6.575000 -9.600000
c<E>r<39>R<GLY> 51.096001 -3.725000 -11.119000
c<E>r<40>R<MET> 47.769001 -1.917000 -11.403000
c<E>r<41>R<GLY> 48.250000 0.062000 -8.195000
c<E>r<42>R<LEU> 45.395000 1.325000 -6.007000
c<E>r<43>R<ARG> 42.323002 2.389000 -7.991000
c<E>r<44>R<LEU> 39.478001 4.352000 -6.401000
c<E>r<46>R<HIS> 33.702999 4.882000 -4.918000
c<E>r<47>R<TYR> 33.908001 7.576000 -2.260000
c<E>r<48>R<SER> 31.659000 9.458000 0.135000
c<E>r<49>R<VAL> 32.457001 12.987000 1.301000
c<E>r<51>R<ALA> 26.705000 10.775000 5.220000
c<E>r<55>R<ASP> 29.973000 9.518000 -5.823000
c<E>r<57>R<GLY> 35.286999 6.796000 -8.752000
c<E>r<58>R<GLU> 37.573002 5.483000 -11.483000
c<E>r<61>R<ASN> 31.409000 -0.188000 -12.898000
c<E>r<62>R<GLY> 29.830000 -3.208000 -11.235000
c<E>r<63>R<TYR> 29.844000 -1.758000 -7.716000
c<E>r<64>R<ASN> 27.195000 -0.065000 -5.584000
c<E>r<66>R<SER> 25.558001 3.802000 0.053000
c<E>r<67>R<ARG> 26.266001 6.148000 2.952000
c<E>r<68>R<SER> 23.205999 6.357000 5.195000
c<E>r<69>R<THR> 25.427000 6.643000 8.270000
c<E>r<70>R<THR> 28.796000 8.234000 9.072000
c<E>r<71>R<GLU> 30.379999 5.057000 10.452000
c<E>r<72>R<ASP> 29.551001 2.741000 7.531000
c<E>r<73>R<PHE> 30.323000 2.651000 3.808000
c<E>r<74>R<PRO> 29.153999 -0.670000 2.256000
c<E>r<76>R<ARG> 28.034000 -4.103000 -2.799000
c<E>r<77>R<LEU> 28.542000 -6.516000 -5.681000
c<E>r<78>R<LEU> 25.056000 -7.377000 -6.947000
c<E>r<79>R<SER> 26.351999 -10.007000 -9.368000
c<E>r<80>R<ALA> 29.997000 -10.948000 -8.782000
c<E>r<81>R<ALA> 32.126999 -11.292000 -11.910000
c<E>r<82>R<PRO> 35.560001 -12.961000 -12.239000
c<E>r<83>R<SER> 37.083000 -9.583000 -13.128000
c<E>r<87>R<VAL> 42.098000 -6.949000 -2.912000
c<E>r<88>R<TYR> 39.686001 -4.294000 -1.653000
c<E>r<89>R<PHE> 40.698002 -1.514000 0.704000
c<E>r<91>R<ALA> 40.110001 4.201000 3.764000
c<E>r<95>R<VAL> 36.837002 16.086000 6.059000
c<E>r<96>R<GLY> 39.558998 18.737000 5.987000
c<E>r<97>R<ASN> 42.132999 18.577000 8.765000
c<E>r<98>R<THR> 45.467999 17.059999 7.699000
c<E>r<99>R<GLY> 44.035999 14.862000 4.972000
c<E>r<100>R<GLU> 45.539001 11.788000 6.627000
c<E>r<101>R<LEU> 44.047001 8.590000 5.257000
c<E>r<102>R<PHE> 43.409000 5.569000 7.475000
c<E>r<103>R<PHE> 43.244999 2.190000 5.746000
c<E>r<104>R<GLY> 41.459999 -1.010000 6.642000
c<E>r<105>R<GLU> 43.320999 -4.336000 6.536000
c<E>r<106>R<GLY> 41.896999 -5.294000 3.154000
c<E>r<107>R<SER> 39.462002 -7.878000 1.842000
c<E>r<108>R<ARG> 40.779999 -10.542000 -0.535000
c<E>r<113>R<GLU> 32.991001 -19.486000 -12.627000
c<E>r<123>R<VAL> 50.723999 -29.816000 4.345000
c<E>r<124>R<ALA> 53.884998 -31.740000 5.145000
c<E>r<125>R<VAL> 56.853001 -31.232000 7.459000
c<E>r<126>R<PHE> 60.293999 -32.400002 6.395000
c<E>r<127>R<GLU> 62.773998 -33.227001 9.130000
c<E>r<128>R<PRO> 66.322998 -31.834999 9.463000
c<E>r<129>R<SER> 69.155998 -33.236000 7.382000
c<E>r<130>R<GLU> 71.735001 -35.171001 9.404000
c<E>r<131>R<ALA> 74.394997 -33.577999 7.191000
c<E>r<132>R<GLU> 73.237000 -30.080000 8.185000
c<E>r<135>R<HIS> 78.125999 -29.469999 9.493000
c<E>r<136>R<THR> 76.456001 -26.572001 11.352000
c<E>r<140>R<THR> 66.239998 -26.731001 9.730000
c<E>r<141>R<LEU> 62.709000 -28.087999 9.418000
c<E>r<142>R<VAL> 60.747002 -27.280001 6.280000
c<E>r<143>R<CYS> 56.990002 -26.985001 6.018000
c<E>r<144>R<LEU> 55.464001 -27.353001 2.570000
c<E>r<151>R<ASP> 46.044998 -18.014999 -2.342000
c<E>r<152>R<HIS> 44.186001 -17.226000 0.893000
c<E>r<153>R<VAL> 46.396999 -18.856001 3.547000
c<E>r<154>R<GLU> 48.261002 -18.145000 6.798000
c<E>r<156>R<SER> 52.500000 -20.521000 11.416000
c<E>r<158>R<TRP> 54.203999 -23.871000 16.979000
c<E>r<160>R<ASN> 55.500999 -27.273001 22.273001
c<E>r<161>R<GLY> 52.278999 -25.316999 21.832001
c<E>r<162>R<LYS> 53.928001 -21.896000 21.606001
c<E>r<163>R<GLU> 53.778000 -19.882999 18.379999
c<E>r<165>R<HIS> 58.870998 -16.318001 15.213000
c<E>r<166>R<SER> 62.536999 -16.802999 16.080000
c<E>r<167>R<GLY> 64.417999 -18.834999 13.487000
c<E>r<168>R<VAL> 61.529999 -18.792000 11.029000
c<E>r<169>R<CYS> 60.914001 -17.455999 7.579000
c<E>r<170>R<THR> 58.147999 -18.070000 5.106000
c<E>r<171>R<ASP> 58.196999 -17.378000 1.378000
c<E>r<172>R<PRO> 56.984001 -13.785000 0.854000
c<E>r<173>R<GLN> 54.717999 -15.051000 -1.909000
c<E>r<174>R<PRO> 53.432999 -18.507000 -2.894000
c<E>r<175>R<LEU> 54.521999 -19.962000 -6.213000
c<E>r<176>R<LYS> 52.300999 -21.225000 -9.008000
c<E>r<177>R<GLU> 52.400002 -24.961000 -9.626000
c<E>r<178>R<GLN> 51.074001 -24.368000 -13.175000
c<E>r<187>R<ALA> 52.660000 -23.889000 -3.115000
c<E>r<188>R<LEU> 54.183998 -22.139999 -0.107000
c<E>r<189>R<SER> 57.195000 -23.136999 1.979000
c<E>r<190>R<SER> 58.508999 -22.110001 5.375000
c<E>r<191>R<ARG> 61.613998 -22.893000 7.401000
c<E>r<192>R<LEU> 62.105000 -23.231001 11.158000
c<E>r<193>R<ARG> 65.717003 -23.492001 12.291000
c<E>r<194>R<VAL> 66.691002 -24.610001 15.787000
c<E>r<195>R<SER> 69.896004 -25.773001 17.415001
c<E>r<207>R<ARG> 53.805000 -28.186001 14.417000
c<E>r<209>R<GLN> 49.750999 -25.225000 10.502000
c<E>r<210>R<VAL> 48.146999 -23.516001 7.578000
c<E>r<211>R<GLN> 44.845001 -21.735001 7.832000
c<E>r<212>R<PHE> 43.068001 -21.808001 4.483000
c<E>r<216>R<SER> 31.264000 -21.266001 3.439000
c<E>r<217>R<GLU> 29.379999 -24.250999 4.855000
c<E>r<218>R<ASN> 26.377001 -23.156000 2.797000
c<E>r<219>R<ASP> 27.791000 -23.198000 -0.737000
c<E>r<220>R<GLU> 26.641001 -25.931000 -3.111000
c<E>r<221>R<TRP> 29.232000 -28.690001 -3.451000
c<E>r<222>R<THR> 28.669001 -31.646999 -5.773000
c<E>r<226>R<ALA> 35.290001 -32.901001 0.964000
c<E>r<227>R<LYS> 33.937000 -29.378000 0.514000
c<E>r<229>R<VAL> 35.680000 -24.882000 3.481000
c<E>r<230>R<THR> 37.796001 -22.600000 5.652000
c<E>r<231>R<GLN> 40.001999 -24.846001 7.753000
c<E>r<232>R<ILE> 43.384998 -25.473000 9.310000
c<E>r<233>R<VAL> 45.577999 -28.202000 7.816000
c<E>r<234>R<SER> 48.608002 -29.163000 9.914000
c<E>r<235>R<ALA> 51.630001 -31.450001 9.989000
c<E>r<236>R<GLU> 53.973999 -32.240002 12.854000
c<E>r<237>R<ALA> 57.207001 -33.834999 13.940000
