c<A>r<7>R<TYR> 25.423000 -22.339001 18.593000
c<A>r<8>R<PHE> 25.698999 -18.556000 18.673000
c<A>r<9>R<PHE> 26.205000 -16.587999 21.896000
c<A>r<10>R<THR> 26.209000 -12.852000 22.382000
c<A>r<11>R<SER> 26.849001 -10.992000 25.650000
c<A>r<12>R<VAL> 26.656000 -7.205000 25.889999
c<A>r<22>R<PHE> 22.954000 -12.588000 27.017000
c<A>r<23>R<ILE> 21.311001 -14.238000 24.000999
c<A>r<24>R<ALA> 21.995001 -17.783001 22.844999
c<A>r<25>R<VAL> 20.575001 -19.414000 19.725000
c<A>r<26>R<GLY> 21.021999 -22.893000 18.304001
c<A>r<32>R<GLN> 16.913000 -22.080999 14.488000
c<A>r<34>R<VAL> 16.375999 -23.264999 20.500999
c<A>r<35>R<ARG> 16.966999 -19.954000 22.257999
c<A>r<36>R<PHE> 17.871000 -18.438000 25.591000
c<A>r<37>R<ASP> 17.427000 -14.761000 26.341000
c<A>r<48>R<ARG> 11.943000 -22.725000 18.506001
c<A>r<91>R<GLY> 31.424000 1.810000 27.797001
c<A>r<92>R<SER> 29.341999 -1.133000 26.632999
c<A>r<93>R<HIS> 31.301001 -3.998000 25.077999
c<A>r<94>R<THR> 30.386999 -7.236000 23.339001
c<A>r<96>R<GLN> 30.459999 -13.251000 20.697001
c<A>r<97>R<ARG> 31.115000 -16.972000 20.509001
c<A>r<98>R<MET> 30.138000 -19.514000 17.843000
c<A>r<113>R<TYR> 34.904999 -25.148001 14.935000
c<A>r<115>R<GLN> 35.361000 -18.922001 17.309999
c<A>r<116>R<TYR> 35.396999 -16.014000 19.791000
c<A>r<117>R<ALA> 35.196999 -12.220000 19.139000
c<A>r<118>R<TYR> 35.499001 -9.135000 21.299000
c<A>r<119>R<ASP> 33.873001 -5.866000 20.091000
c<A>r<120>R<GLY> 33.143002 -7.466000 16.701000
c<A>r<121>R<LYS> 36.707001 -8.463000 15.946000
c<A>r<122>R<ASP> 38.410000 -11.817000 16.000000
c<A>r<123>R<TYR> 39.875999 -12.635000 19.386999
c<A>r<124>R<ILE> 40.699001 -16.351999 19.573999
c<A>r<125>R<ALA> 39.662998 -19.455999 17.552000
c<A>r<126>R<LEU> 40.381001 -23.132999 17.415001
c<A>r<127>R<LYS> 42.448002 -24.184000 14.410000
c<A>r<128>R<GLU> 40.958000 -26.673000 11.915000
c<A>r<133>R<TRP> 44.549999 -21.892000 18.865999
c<A>r<134>R<THR> 44.750000 -18.801001 16.624001
c<A>r<135>R<ALA> 45.139000 -15.632000 18.732000
c<A>r<136>R<ALA> 44.491001 -12.411000 16.809999
c<A>r<137>R<ASP> 46.525002 -10.030000 19.004000
c<A>r<138>R<MET> 48.773998 -9.951000 22.062000
c<A>r<139>R<ALA> 45.849998 -9.885000 24.507000
c<A>r<140>R<ALA> 44.598999 -13.140000 23.069000
c<A>r<141>R<GLN> 48.040001 -14.665000 23.516001
c<A>r<190>R<THR> 8.987000 -10.584000 -14.626000
c<A>r<202>R<ARG> 13.846000 -9.678000 -12.906000
c<A>r<204>R<TRP> 12.986000 -14.407000 -8.708000
c<A>r<206>R<LEU> 11.403000 -17.921000 -3.746000
c<A>r<207>R<SER> 10.610000 -20.296000 -0.932000
c<A>r<216>R<THR> 23.517000 -15.488000 -12.680000
c<A>r<218>R<GLN> 23.870001 -14.579000 -19.261999
c<A>r<219>R<ARG> 23.627001 -12.873000 -22.636999
c<A>r<220>R<ASP> 23.958000 -15.183000 -25.615000
c<A>r<221>R<GLY> 25.459000 -17.830000 -23.323999
c<A>r<222>R<GLU> 28.153999 -15.806000 -21.426001
c<A>r<223>R<ASP> 27.997999 -14.277000 -17.912001
c<A>r<224>R<GLN> 26.607000 -10.737000 -17.784000
c<A>r<225>R<THR> 27.343000 -8.714000 -14.664000
c<A>r<226>R<GLN> 27.062000 -5.230000 -16.223000
c<A>r<227>R<ASP> 23.666000 -3.573000 -16.141001
c<A>r<228>R<THR> 22.499001 -6.028000 -13.440000
c<A>r<229>R<GLU> 21.143000 -5.432000 -9.879000
c<A>r<230>R<LEU> 20.195999 -7.750000 -7.050000
c<A>r<231>R<VAL> 19.243000 -8.140000 -3.471000
c<A>r<232>R<GLU> 20.944000 -10.064000 -0.746000
c<A>r<234>R<ARG> 16.622000 -12.670000 2.802000
c<A>r<235>R<PRO> 14.361000 -14.715000 5.049000
c<A>r<236>R<ALA> 10.718000 -15.123000 4.051000
c<A>r<237>R<GLY> 9.738000 -15.567000 7.711000
c<A>r<238>R<ASP> 8.406000 -19.091000 7.327000
c<A>r<240>R<THR> 12.569000 -20.330999 3.679000
c<A>r<241>R<PHE> 14.551000 -17.712000 1.812000
c<A>r<242>R<GLN> 14.161000 -15.304000 -1.146000
c<A>r<243>R<LYS> 16.441999 -13.626000 -3.693000
c<A>r<244>R<TRP> 16.191000 -11.831000 -7.014000
c<A>r<253>R<GLN> 16.127001 -8.395000 -27.254999
c<A>r<260>R<HIS> 20.681000 -19.413000 -14.266000
c<A>r<261>R<VAL> 19.752001 -20.732000 -10.826000
c<A>r<262>R<GLN> 21.959000 -23.114000 -8.808000
c<A>r<268>R<LYS> 20.490999 -29.631001 -12.346000
c<A>r<269>R<PRO> 20.604000 -25.816999 -12.512000
c<B>r<0>R<MET> 35.233002 0.186000 18.777000
c<B>r<1>R<ILE> 34.030998 -1.034000 15.374000
c<B>r<2>R<GLN> 30.634001 0.343000 14.291000
c<B>r<3>R<ARG> 28.760000 -0.887000 11.247000
c<B>r<4>R<THR> 25.575001 0.600000 9.973000
c<B>r<5>R<PRO> 22.559000 -1.614000 9.273000
c<B>r<6>R<LYS> 21.552000 -2.768000 5.796000
c<B>r<7>R<ILE> 17.747000 -2.738000 5.503000
c<B>r<8>R<GLN> 15.286000 -4.628000 3.292000
c<B>r<9>R<VAL> 11.529000 -4.136000 3.543000
c<B>r<10>R<TYR> 9.363000 -6.664000 1.703000
c<B>r<11>R<SER> 6.364000 -8.943000 1.930000
c<B>r<12>R<ARG> 6.510000 -12.676000 2.387000
c<B>r<13>R<HIS> 4.162000 -13.242000 -0.602000
c<B>r<22>R<PHE> 3.305000 -10.670000 6.108000
c<B>r<23>R<LEU> 5.467000 -7.509000 6.134000
c<B>r<24>R<ASN> 9.125000 -8.023000 6.834000
c<B>r<25>R<CYS> 11.942000 -5.705000 7.734000
c<B>r<26>R<TYR> 15.321000 -7.505000 7.569000
c<B>r<27>R<VAL> 18.172001 -5.614000 9.207000
c<B>r<28>R<SER> 21.718000 -6.961000 8.839000
c<B>r<29>R<GLY> 25.368999 -6.108000 8.853000
c<B>r<30>R<PHE> 25.267000 -3.945000 11.930000
c<B>r<31>R<HIS> 27.419001 -3.663000 15.085000
c<B>r<32>R<PRO> 26.877001 -3.106000 17.990999
c<B>r<33>R<SER> 23.684000 -5.111000 18.500000
c<B>r<34>R<ASP> 21.423000 -2.486000 20.084999
c<B>r<51>R<HIS> 11.219000 -10.234000 15.852000
c<B>r<52>R<SER> 13.709000 -13.012000 15.553000
c<B>r<53>R<ASP> 16.365000 -13.904000 18.094999
c<B>r<54>R<LEU> 19.690001 -12.085000 17.664000
c<B>r<55>R<SER> 22.253000 -13.899000 15.577000
c<B>r<56>R<PHE> 25.351000 -13.005000 13.592000
c<B>r<57>R<SER> 27.312000 -13.596000 10.438000
c<B>r<58>R<LYS> 30.840000 -14.589000 9.481000
c<B>r<59>R<ASP> 32.122002 -11.087000 9.894000
c<B>r<60>R<TRP> 30.525999 -10.934000 13.368000
c<B>r<61>R<SER> 27.853001 -8.463000 12.255000
c<B>r<62>R<PHE> 24.360001 -8.945000 13.566000
c<B>r<64>R<LEU> 17.378000 -9.584000 12.824000
c<B>r<65>R<LEU> 14.008000 -10.044000 11.130000
c<B>r<66>R<TYR> 11.034000 -7.927000 12.318000
c<B>r<67>R<TYR> 7.597000 -8.968000 10.976000
c<B>r<68>R<THR> 3.880000 -8.655000 11.227000
c<B>r<86>R<THR> 25.549000 4.810000 13.573000
c<B>r<87>R<LEU> 22.511999 6.940000 12.465000
c<B>r<88>R<SER> 21.936001 10.707000 13.156000
c<B>r<89>R<GLN> 18.195999 10.234000 13.128000
c<B>r<90>R<PRO> 15.803000 7.315000 12.483000
c<B>r<91>R<LYS> 16.090000 5.916000 8.963000
c<B>r<92>R<ILE> 12.798000 5.166000 7.241000
c<B>r<93>R<VAL> 12.618000 2.823000 4.286000
c<B>r<94>R<LYS> 9.344000 2.603000 2.316000
c<B>r<98>R<ASP> 7.805000 -4.952000 -6.620000
c<B>r<99>R<MET> 11.024000 -5.777000 -4.832000
c<D>r<31>R<TYR> 39.345001 -24.497999 -35.699001
c<D>r<32>R<ASN> 37.615002 -21.232000 -34.793999
c<D>r<33>R<LEU> 38.037998 -17.686001 -33.478001
c<D>r<34>R<GLN> 36.243999 -16.245001 -30.464001
c<D>r<36>R<PHE> 35.397999 -11.824000 -25.582001
c<D>r<37>R<ARG> 34.803001 -8.756000 -23.450001
c<D>r<39>R<ASP> 35.467999 -5.641000 -17.448999
c<D>r<40>R<PRO> 38.102001 -4.631000 -14.855000
c<D>r<41>R<GLY> 38.271999 -7.252000 -12.115000
c<D>r<42>R<LYS> 35.605000 -9.432000 -13.726000
c<D>r<43>R<GLY> 35.432999 -12.476000 -15.995000
c<D>r<44>R<LEU> 35.257999 -13.050000 -19.749001
c<D>r<45>R<THR> 31.955000 -12.624000 -21.552999
c<D>r<46>R<SER> 31.726999 -14.264000 -24.958000
c<D>r<47>R<LEU> 30.709999 -11.874000 -27.726999
c<D>r<48>R<LEU> 31.049000 -13.770000 -31.003000
c<D>r<49>R<LEU> 32.237000 -17.150000 -32.227001
c<D>r<50>R<ILE> 33.425999 -17.676001 -35.797001
c<D>r<51>R<GLN> 33.930000 -21.240000 -37.004002
c<D>r<52>R<SER> 36.605000 -22.028000 -39.601002
c<D>r<59>R<SER> 25.215000 -9.662000 -32.720001
c<D>r<60>R<GLY> 23.584999 -6.267000 -32.312000
c<D>r<83>R<GLY> 29.129000 1.231000 -21.972000
c<D>r<86>R<ALA> 36.187000 -2.706000 -21.646000
c<D>r<89>R<LEU> 40.130001 -10.319000 -26.264000
c<D>r<91>R<ALA> 41.372002 -16.218000 -29.183001
c<D>r<92>R<VAL> 41.889999 -18.962999 -31.750000
c<D>r<93>R<ARG> 41.936001 -22.736000 -31.341000
c<D>r<94>R<PRO> 44.034000 -25.260000 -33.327000
c<D>r<95>R<THR> 42.575001 -27.722000 -35.819000
c<D>r<99>R<SER> 46.458000 -30.024000 -28.745001
c<D>r<100>R<TYR> 43.123001 -28.171000 -28.777000
c<D>r<101>R<ILE> 45.271000 -25.535999 -27.040001
c<D>r<102>R<PRO> 43.868000 -22.025999 -27.627001
c<D>r<103>R<THR> 46.020000 -18.924000 -28.011999
c<D>r<104>R<PHE> 44.855000 -15.575000 -26.621000
c<D>r<105>R<GLY> 45.883999 -12.102000 -27.700001
c<D>r<106>R<ARG> 46.849998 -9.470000 -25.122999
c<D>r<107>R<GLY> 43.647999 -7.602000 -25.931000
c<D>r<120>R<ASP> 30.879999 23.349001 -16.916000
c<D>r<122>R<ALA> 34.834999 23.212000 -11.877000
c<D>r<123>R<VAL> 36.852001 22.070999 -8.887000
c<D>r<124>R<TYR> 35.012001 21.771000 -5.563000
c<D>r<125>R<GLN> 36.284000 21.002001 -2.077000
c<D>r<126>R<LEU> 34.224998 18.459000 -0.123000
c<D>r<127>R<ARG> 34.433998 18.613001 3.650000
c<D>r<128>R<ARG> 34.431000 16.146999 6.517000
c<D>r<129>R<SER> 34.439999 12.385000 6.892000
c<D>r<130>R<LYS> 33.099998 13.306000 10.317000
c<D>r<131>R<SER> 36.050999 15.684000 10.653000
c<D>r<133>R<ASP> 40.550999 12.724000 8.135000
c<D>r<134>R<LYS> 41.592999 14.022000 4.703000
c<D>r<135>R<SER> 41.167000 16.917000 2.260000
c<D>r<136>R<VAL> 39.099998 15.905000 -0.788000
c<D>r<137>R<CYS> 38.486000 17.802999 -4.035000
c<D>r<138>R<LEU> 36.355000 17.020000 -7.041000
c<D>r<140>R<THR> 33.876999 17.735001 -12.443000
c<D>r<141>R<ASP> 31.712000 18.540001 -15.459000
c<D>r<154>R<SER> 54.292999 13.326000 -2.697000
c<D>r<155>R<ASP> 51.255001 13.546000 -0.404000
c<D>r<156>R<VAL> 48.748001 14.176000 -3.192000
c<D>r<157>R<TYR> 46.660999 11.675000 -5.132000
c<D>r<158>R<ILE> 44.573002 12.121000 -8.250000
c<D>r<159>R<THR> 42.276001 9.400000 -9.533000
c<D>r<160>R<ASP> 41.459999 8.473000 -13.098000
c<D>r<161>R<LYS> 38.299999 10.017000 -14.491000
c<D>r<162>R<CYS> 34.936001 8.289000 -14.589000
c<D>r<163>R<VAL> 31.587000 9.102000 -16.066999
c<D>r<164>R<LEU> 28.382000 8.953000 -14.074000
c<D>r<165>R<ASP> 24.886000 9.052000 -15.504000
c<D>r<166>R<MET> 21.988001 10.717000 -13.750000
c<D>r<167>R<ARG> 19.334000 8.688000 -15.554000
c<D>r<168>R<SER> 16.212999 10.642000 -14.573000
c<D>r<169>R<MET> 17.739000 13.807000 -16.039000
c<D>r<171>R<PHE> 22.584999 13.905000 -17.736000
c<D>r<172>R<LYS> 26.135000 12.555000 -17.836000
c<D>r<173>R<SER> 29.218000 14.045000 -16.209999
c<D>r<174>R<ASN> 32.931999 13.346000 -15.919000
c<D>r<175>R<SER> 34.894001 13.696000 -12.710000
c<D>r<176>R<ALA> 38.219002 12.997000 -11.067000
c<D>r<177>R<VAL> 39.032001 13.066000 -7.357000
c<D>r<178>R<ALA> 42.112999 14.500000 -5.663000
c<D>r<179>R<TRP> 43.113998 14.456000 -2.013000
c<D>r<201>R<PHE> 35.473999 27.431000 -11.776000
c<D>r<202>R<PHE> 37.551998 27.396000 -8.563000
c<D>r<203>R<PRO> 35.242001 28.528000 -5.716000
c<D>r<204>R<SER> 36.862000 28.896000 -2.292000
c<E>r<2>R<GLY> 27.664000 -22.620001 -16.372999
c<E>r<3>R<VAL> 31.240999 -22.625000 -15.107000
c<E>r<25>R<ASP> 27.253000 -28.598000 -15.532000
c<E>r<26>R<MET> 27.267000 -28.601000 -19.332001
c<E>r<30>R<TYR> 37.287998 -30.253000 -22.329000
c<E>r<32>R<SER> 41.415001 -25.865000 -18.858999
c<E>r<36>R<GLN> 46.141998 -13.762000 -16.403999
c<E>r<38>R<PRO> 49.305000 -7.580000 -16.396000
c<E>r<39>R<GLY> 50.307999 -7.204000 -20.037001
c<E>r<40>R<MET> 51.102001 -10.916000 -19.914000
c<E>r<41>R<GLY> 47.772999 -11.966000 -21.413000
c<E>r<42>R<LEU> 46.078999 -15.314000 -20.738001
c<E>r<43>R<ARG> 48.532001 -18.198999 -20.340000
c<E>r<44>R<LEU> 47.390999 -21.829000 -20.344000
c<E>r<46>R<HIS> 46.949001 -27.157000 -17.650999
c<E>r<47>R<TYR> 44.175999 -28.743000 -19.691000
c<E>r<48>R<SER> 42.141998 -31.933001 -19.823000
c<E>r<49>R<VAL> 40.688999 -33.266998 -23.073000
c<E>r<55>R<ASP> 48.297001 -32.611000 -19.808001
c<E>r<57>R<GLY> 50.344002 -26.333000 -20.597000
c<E>r<58>R<GLU> 52.675999 -23.367001 -21.011000
c<E>r<87>R<VAL> 44.012001 -14.141000 -11.613000
c<E>r<88>R<TYR> 43.087002 -17.728001 -12.471000
c<E>r<89>R<PHE> 40.460999 -18.642000 -15.035000
c<E>r<91>R<ALA> 37.297001 -22.534000 -19.183001
c<E>r<95>R<VAL> 35.083000 -31.827000 -27.306000
c<E>r<96>R<GLY> 34.542000 -30.920000 -30.958000
c<E>r<97>R<ASN> 31.356001 -29.032000 -31.764000
c<E>r<98>R<THR> 31.874001 -25.291000 -32.319000
c<E>r<99>R<GLY> 34.911999 -24.988001 -30.084000
c<E>r<100>R<GLU> 33.155998 -22.323999 -28.018000
c<E>r<101>R<LEU> 34.918999 -21.722000 -24.722000
c<E>r<102>R<PHE> 32.993000 -20.959000 -21.534000
c<E>r<103>R<PHE> 34.877998 -19.098000 -18.809000
c<E>r<104>R<GLY> 34.466000 -19.035000 -15.060000
c<E>r<105>R<GLU> 34.388000 -15.709000 -13.197000
c<E>r<106>R<GLY> 38.012001 -15.965000 -12.109000
c<E>r<107>R<SER> 39.858002 -16.486000 -8.845000
c<E>r<108>R<ARG> 42.078999 -13.671000 -7.571000
c<E>r<123>R<VAL> 36.382000 4.184000 4.384000
c<E>r<124>R<ALA> 35.116001 7.749000 4.513000
c<E>r<125>R<VAL> 32.284000 9.680000 2.876000
c<E>r<126>R<PHE> 32.763000 13.325000 1.972000
c<E>r<127>R<GLU> 29.667999 15.491000 1.773000
c<E>r<128>R<PRO> 28.638000 17.701000 -1.175000
c<E>r<129>R<SER> 30.237000 21.089001 -1.707000
c<E>r<130>R<GLU> 27.875000 24.013000 -1.109000
c<E>r<131>R<ALA> 29.497000 25.700001 -4.115000
c<E>r<132>R<GLU> 28.568001 22.761000 -6.364000
c<E>r<135>R<HIS> 26.375000 26.382999 -9.202000
c<E>r<136>R<THR> 24.715000 23.215000 -10.565000
c<E>r<140>R<THR> 28.155001 14.916000 -5.435000
c<E>r<141>R<LEU> 29.160000 12.700000 -2.522000
c<E>r<142>R<VAL> 32.558998 11.032000 -2.626000
c<E>r<143>R<CYS> 33.479000 7.751000 -0.995000
c<E>r<144>R<LEU> 37.160000 7.107000 -0.363000
c<E>r<151>R<ASP> 43.251999 -5.084000 -4.148000
c<E>r<152>R<HIS> 40.370998 -7.480000 -3.439000
c<E>r<153>R<VAL> 37.439999 -5.109000 -2.828000
c<E>r<154>R<GLU> 33.876999 -4.335000 -3.950000
c<E>r<158>R<TRP> 23.068001 2.353000 -0.758000
c<E>r<159>R<VAL> 20.492001 5.125000 -0.441000
c<E>r<160>R<ASN> 17.790001 4.545000 2.176000
c<E>r<161>R<GLY> 18.712999 0.865000 2.099000
c<E>r<162>R<LYS> 18.480000 0.484000 -1.679000
c<E>r<163>R<GLU> 21.584000 -0.281000 -3.743000
c<E>r<164>R<VAL> 21.997999 2.415000 -6.384000
c<E>r<165>R<HIS> 23.614000 2.540000 -9.793000
c<E>r<166>R<SER> 22.125000 5.765000 -11.135000
c<E>r<167>R<GLY> 24.427999 8.750000 -10.713000
c<E>r<168>R<VAL> 27.361000 6.617000 -9.605000
c<E>r<169>R<CYS> 30.799999 5.844000 -10.885000
c<E>r<170>R<THR> 33.757000 4.160000 -9.282000
c<E>r<171>R<ASP> 37.379002 4.321000 -10.392000
c<E>r<172>R<PRO> 37.946999 1.481000 -12.896000
c<E>r<173>R<GLN> 41.127998 0.598000 -11.033000
c<E>r<174>R<PRO> 42.486000 1.460000 -7.572000
c<E>r<175>R<LEU> 45.618999 3.570000 -7.334000
c<E>r<176>R<LYS> 48.823002 2.727000 -5.499000
c<E>r<177>R<GLU> 49.584000 4.852000 -2.458000
c<E>r<178>R<GLN> 53.283001 3.885000 -2.759000
c<E>r<187>R<ALA> 43.091000 3.665000 -2.634000
c<E>r<188>R<LEU> 39.779999 3.639000 -4.497000
c<E>r<189>R<SER> 37.234001 6.425000 -4.907000
c<E>r<190>R<SER> 33.613998 6.551000 -5.998000
c<E>r<191>R<ARG> 31.099001 9.312000 -6.646000
c<E>r<192>R<LEU> 27.334999 9.415000 -6.109000
c<E>r<193>R<ARG> 25.584000 12.444000 -7.578000
c<E>r<194>R<VAL> 22.025000 13.398000 -6.659000
c<E>r<195>R<SER> 19.902000 16.493000 -7.089000
c<E>r<202>R<PRO> 17.500999 15.245000 6.195000
c<E>r<203>R<ARG> 15.531000 11.999000 5.916000
c<E>r<204>R<ASN> 17.784000 10.665000 3.159000
c<E>r<205>R<HIS> 20.487000 8.243000 4.317000
c<E>r<207>R<ARG> 25.856001 4.615000 2.770000
c<E>r<209>R<GLN> 30.296000 0.157000 1.801000
c<E>r<217>R<GLU> 39.466999 -16.756001 10.612000
c<E>r<218>R<ASN> 41.979000 -19.590000 10.938000
c<E>r<219>R<ASP> 45.199001 -17.922001 9.782000
c<E>r<220>R<GLU> 47.865002 -17.146000 12.375000
c<E>r<221>R<TRP> 47.860001 -13.473000 13.352000
c<E>r<222>R<THR> 50.377998 -12.093000 15.842000
c<E>r<223>R<GLN> 49.924999 -8.352000 15.294000
c<E>r<224>R<ASP> 48.719002 -5.805000 17.841000
c<E>r<225>R<ARG> 45.845001 -5.011000 15.477000
c<E>r<226>R<ALA> 42.625000 -6.738000 14.427000
c<E>r<227>R<LYS> 43.147999 -9.668000 12.065000
c<E>r<228>R<PRO> 42.391998 -8.371000 8.529000
c<E>r<229>R<VAL> 39.712002 -10.948000 7.750000
c<E>r<230>R<THR> 37.092999 -10.648000 5.022000
c<E>r<231>R<GLN> 34.734001 -7.886000 6.085000
c<E>r<232>R<ILE> 32.624001 -4.912000 5.099000
c<E>r<233>R<VAL> 33.824001 -1.441000 6.101000
c<E>r<234>R<SER> 31.261000 1.341000 5.651000
c<E>r<235>R<ALA> 30.747999 5.074000 6.063000
c<E>r<236>R<GLU> 27.547001 7.089000 5.920000
c<E>r<237>R<ALA> 25.972000 10.505000 5.772000
c<E>r<238>R<TRP> 22.539000 12.046000 6.063000
