c<A>r<7>R<TYR> 25.423000 -22.339001 18.593000
c<A>r<8>R<PHE> 25.698999 -18.556000 18.673000
c<A>r<9>R<PHE> 26.205000 -16.587999 21.896000
c<A>r<10>R<THR> 26.209000 -12.852000 22.382000
c<A>r<11>R<SER> 26.849001 -10.992000 25.650000
c<A>r<12>R<VAL> 26.656000 -7.205000 25.889999
c<A>r<22>R<PHE> 22.954000 -12.588000 27.017000
c<A>r<23>R<ILE> 21.311001 -14.238000 24.000999
c<A>r<24>R<ALA> 21.995001 -17.783001 22.844999
c<A>r<25>R<VAL> 20.575001 -19.414000 19.725000
c<A>r<26>R<GLY> 21.021999 -22.893000 18.304001
c<A>r<32>R<GLN> 16.913000 -22.080999 14.488000
c<A>r<34>R<VAL> 16.375999 -23.264999 20.500999
c<A>r<35>R<ARG> 16.966999 -19.954000 22.257999
c<A>r<36>R<PHE> 17.871000 -18.438000 25.591000
c<A>r<37>R<ASP> 17.427000 -14.761000 26.341000
c<A>r<48>R<ARG> 11.943000 -22.725000 18.506001
c<A>r<81>R<LEU> 38.807999 -8.188000 28.511000
c<A>r<82>R<ARG> 38.134998 -4.671000 29.785000
c<A>r<83>R<GLY> 41.346001 -5.087000 31.799000
c<A>r<84>R<TYR> 43.334999 -6.661000 28.993999
c<A>r<85>R<TYR> 42.509998 -3.761000 26.735001
c<A>r<86>R<ASN> 42.851002 -1.080000 29.452000
c<A>r<87>R<GLN> 39.292999 0.138000 28.806999
c<A>r<88>R<SER> 37.047001 2.361000 30.964001
c<A>r<90>R<ALA> 31.896999 3.494000 31.160999
c<A>r<91>R<GLY> 31.424000 1.810000 27.797001
c<A>r<92>R<SER> 29.341999 -1.133000 26.632999
c<A>r<93>R<HIS> 31.301001 -3.998000 25.077999
c<A>r<94>R<THR> 30.386999 -7.236000 23.339001
c<A>r<95>R<VAL> 31.603001 -10.808000 23.408001
c<A>r<96>R<GLN> 30.459999 -13.251000 20.697001
c<A>r<97>R<ARG> 31.115000 -16.972000 20.509001
c<A>r<98>R<MET> 30.138000 -19.514000 17.843000
c<A>r<116>R<TYR> 35.396999 -16.014000 19.791000
c<A>r<117>R<ALA> 35.196999 -12.220000 19.139000
c<A>r<118>R<TYR> 35.499001 -9.135000 21.299000
c<A>r<119>R<ASP> 33.873001 -5.866000 20.091000
c<A>r<120>R<GLY> 33.143002 -7.466000 16.701000
c<A>r<121>R<LYS> 36.707001 -8.463000 15.946000
c<A>r<122>R<ASP> 38.410000 -11.817000 16.000000
c<A>r<123>R<TYR> 39.875999 -12.635000 19.386999
c<A>r<135>R<ALA> 45.139000 -15.632000 18.732000
c<A>r<136>R<ALA> 44.491001 -12.411000 16.809999
c<A>r<137>R<ASP> 46.525002 -10.030000 19.004000
c<A>r<138>R<MET> 48.773998 -9.951000 22.062000
c<A>r<139>R<ALA> 45.849998 -9.885000 24.507000
c<A>r<140>R<ALA> 44.598999 -13.140000 23.069000
c<A>r<141>R<GLN> 48.040001 -14.665000 23.516001
c<A>r<142>R<THR> 47.356998 -14.621000 27.290001
c<A>r<190>R<THR> 8.987000 -10.584000 -14.626000
c<A>r<202>R<ARG> 13.846000 -9.678000 -12.906000
c<A>r<204>R<TRP> 12.986000 -14.407000 -8.708000
c<A>r<206>R<LEU> 11.403000 -17.921000 -3.746000
c<A>r<207>R<SER> 10.610000 -20.296000 -0.932000
c<A>r<230>R<LEU> 20.195999 -7.750000 -7.050000
c<A>r<231>R<VAL> 19.243000 -8.140000 -3.471000
c<A>r<232>R<GLU> 20.944000 -10.064000 -0.746000
c<A>r<234>R<ARG> 16.622000 -12.670000 2.802000
c<A>r<235>R<PRO> 14.361000 -14.715000 5.049000
c<A>r<236>R<ALA> 10.718000 -15.123000 4.051000
c<A>r<237>R<GLY> 9.738000 -15.567000 7.711000
c<A>r<238>R<ASP> 8.406000 -19.091000 7.327000
c<A>r<240>R<THR> 12.569000 -20.330999 3.679000
c<A>r<241>R<PHE> 14.551000 -17.712000 1.812000
c<A>r<242>R<GLN> 14.161000 -15.304000 -1.146000
c<A>r<243>R<LYS> 16.441999 -13.626000 -3.693000
c<A>r<244>R<TRP> 16.191000 -11.831000 -7.014000
c<B>r<0>R<MET> 35.233002 0.186000 18.777000
c<B>r<1>R<ILE> 34.030998 -1.034000 15.374000
c<B>r<2>R<GLN> 30.634001 0.343000 14.291000
c<B>r<3>R<ARG> 28.760000 -0.887000 11.247000
c<B>r<4>R<THR> 25.575001 0.600000 9.973000
c<B>r<5>R<PRO> 22.559000 -1.614000 9.273000
c<B>r<6>R<LYS> 21.552000 -2.768000 5.796000
c<B>r<8>R<GLN> 15.286000 -4.628000 3.292000
c<B>r<9>R<VAL> 11.529000 -4.136000 3.543000
c<B>r<10>R<TYR> 9.363000 -6.664000 1.703000
c<B>r<11>R<SER> 6.364000 -8.943000 1.930000
c<B>r<12>R<ARG> 6.510000 -12.676000 2.387000
c<B>r<13>R<HIS> 4.162000 -13.242000 -0.602000
c<B>r<22>R<PHE> 3.305000 -10.670000 6.108000
c<B>r<23>R<LEU> 5.467000 -7.509000 6.134000
c<B>r<24>R<ASN> 9.125000 -8.023000 6.834000
c<B>r<25>R<CYS> 11.942000 -5.705000 7.734000
c<B>r<26>R<TYR> 15.321000 -7.505000 7.569000
c<B>r<27>R<VAL> 18.172001 -5.614000 9.207000
c<B>r<28>R<SER> 21.718000 -6.961000 8.839000
c<B>r<29>R<GLY> 25.368999 -6.108000 8.853000
c<B>r<30>R<PHE> 25.267000 -3.945000 11.930000
c<B>r<31>R<HIS> 27.419001 -3.663000 15.085000
c<B>r<32>R<PRO> 26.877001 -3.106000 17.990999
c<B>r<33>R<SER> 23.684000 -5.111000 18.500000
c<B>r<34>R<ASP> 21.423000 -2.486000 20.084999
c<B>r<51>R<HIS> 11.219000 -10.234000 15.852000
c<B>r<52>R<SER> 13.709000 -13.012000 15.553000
c<B>r<53>R<ASP> 16.365000 -13.904000 18.094999
c<B>r<54>R<LEU> 19.690001 -12.085000 17.664000
c<B>r<55>R<SER> 22.253000 -13.899000 15.577000
c<B>r<56>R<PHE> 25.351000 -13.005000 13.592000
c<B>r<57>R<SER> 27.312000 -13.596000 10.438000
c<B>r<58>R<LYS> 30.840000 -14.589000 9.481000
c<B>r<59>R<ASP> 32.122002 -11.087000 9.894000
c<B>r<60>R<TRP> 30.525999 -10.934000 13.368000
c<B>r<61>R<SER> 27.853001 -8.463000 12.255000
c<B>r<62>R<PHE> 24.360001 -8.945000 13.566000
c<B>r<64>R<LEU> 17.378000 -9.584000 12.824000
c<B>r<65>R<LEU> 14.008000 -10.044000 11.130000
c<B>r<66>R<TYR> 11.034000 -7.927000 12.318000
c<B>r<67>R<TYR> 7.597000 -8.968000 10.976000
c<B>r<68>R<THR> 3.880000 -8.655000 11.227000
c<B>r<84>R<HIS> 21.118000 2.623000 15.588000
c<B>r<85>R<VAL> 24.106001 4.448000 17.063000
c<B>r<86>R<THR> 25.549000 4.810000 13.573000
c<B>r<87>R<LEU> 22.511999 6.940000 12.465000
c<B>r<88>R<SER> 21.936001 10.707000 13.156000
c<B>r<89>R<GLN> 18.195999 10.234000 13.128000
c<B>r<98>R<ASP> 7.805000 -4.952000 -6.620000
c<B>r<99>R<MET> 11.024000 -5.777000 -4.832000
c<D>r<31>R<TYR> 83.497002 24.886000 -6.244000
c<D>r<32>R<ASN> 80.893997 24.631001 -3.480000
c<D>r<33>R<LEU> 78.527000 22.351000 -1.563000
c<D>r<34>R<GLN> 74.786003 22.870001 -1.226000
c<D>r<36>R<PHE> 68.588997 20.889000 0.108000
c<D>r<39>R<ASP> 59.202999 16.920000 0.829000
c<D>r<40>R<PRO> 57.429001 13.899000 -0.725000
c<D>r<41>R<GLY> 56.129002 14.812000 -4.173000
c<D>r<42>R<LYS> 57.495998 18.356001 -3.994000
c<D>r<43>R<GLY> 60.573002 20.261000 -5.153000
c<D>r<44>R<LEU> 63.980000 21.063999 -3.669000
c<D>r<45>R<THR> 64.301003 23.857000 -1.130000
c<D>r<46>R<SER> 67.800003 25.209999 -0.619000
c<D>r<48>R<LEU> 72.610001 26.127001 3.023000
c<D>r<49>R<LEU> 75.356003 26.934000 0.546000
c<D>r<50>R<ILE> 79.028000 26.525999 1.432000
c<D>r<51>R<GLN> 81.609001 28.010000 -0.924000
c<D>r<52>R<SER> 85.025002 26.365000 -1.314000
c<D>r<86>R<ALA> 61.928001 15.227000 4.885000
c<D>r<89>R<LEU> 70.134003 16.138000 -0.279000
c<D>r<91>R<ALA> 75.334000 18.334000 -3.885000
c<D>r<92>R<VAL> 78.778000 19.525000 -4.941000
c<D>r<93>R<ARG> 79.894997 21.351999 -8.073000
c<D>r<94>R<PRO> 83.264999 21.018999 -9.876000
c<D>r<95>R<THR> 85.893997 23.754999 -9.962000
c<D>r<99>R<SER> 81.932999 20.903000 -16.789000
c<D>r<100>R<TYR> 80.163002 22.830000 -14.012000
c<D>r<101>R<ILE> 78.344002 19.489000 -13.694000
c<D>r<102>R<PRO> 77.041000 18.976999 -10.134000
c<D>r<103>R<THR> 76.875000 15.601000 -8.407000
c<D>r<104>R<PHE> 74.004997 14.774000 -6.045000
c<D>r<105>R<GLY> 73.931000 12.242000 -3.240000
c<D>r<106>R<ARG> 71.002998 9.835000 -2.869000
c<D>r<107>R<GLY> 69.941002 11.716000 0.250000
c<D>r<120>R<ASP> 46.069000 6.160000 24.775999
c<D>r<121>R<PRO> 46.333000 3.409000 22.115000
c<D>r<122>R<ALA> 43.054001 2.350000 20.599001
c<D>r<123>R<VAL> 41.567001 0.906000 17.434999
c<D>r<124>R<TYR> 38.216000 2.314000 16.292000
c<D>r<125>R<GLN> 35.914001 1.275000 13.466000
c<D>r<126>R<LEU> 34.540001 4.135000 11.357000
c<D>r<127>R<ARG> 31.290001 3.514000 9.525000
c<D>r<128>R<ARG> 29.764000 4.484000 6.204000
c<D>r<129>R<SER> 30.895000 6.340000 3.111000
c<D>r<130>R<LYS> 27.146999 6.692000 2.661000
c<D>r<131>R<SER> 26.896999 2.928000 3.154000
c<D>r<132>R<SER> 27.983000 0.072000 0.885000
c<D>r<133>R<ASP> 31.674999 0.808000 0.320000
c<D>r<134>R<LYS> 34.477001 -0.409000 2.604000
c<D>r<135>R<SER> 35.331001 -1.270000 6.219000
c<D>r<136>R<VAL> 37.681999 1.309000 7.770000
c<D>r<137>R<CYS> 39.554001 1.191000 11.087000
c<D>r<138>R<LEU> 41.761002 3.705000 12.820000
c<D>r<140>R<THR> 45.345001 5.992000 17.033001
c<D>r<141>R<ASP> 46.936001 7.734000 20.011000
c<D>r<154>R<SER> 45.258999 -10.234000 0.664000
c<D>r<155>R<ASP> 42.207001 -7.962000 0.911000
c<D>r<156>R<VAL> 43.556999 -5.859000 3.777000
c<D>r<157>R<TYR> 45.520000 -2.618000 3.638000
c<D>r<158>R<ILE> 47.362999 -0.751000 6.359000
c<D>r<159>R<THR> 48.775002 2.717000 5.809000
c<D>r<160>R<ASP> 51.945999 4.230000 7.183000
c<D>r<161>R<LYS> 51.528000 6.295000 10.325000
c<D>r<162>R<CYS> 51.187000 10.063000 10.381000
c<D>r<163>R<VAL> 51.062000 12.667000 13.075000
c<D>r<164>R<LEU> 48.358002 15.298000 13.253000
c<D>r<165>R<ASP> 48.418999 18.385000 15.431000
c<D>r<166>R<MET> 45.320999 19.860001 17.004000
c<D>r<167>R<ARG> 46.799999 23.336000 17.389000
c<D>r<168>R<SER> 44.186001 24.930000 19.657000
c<D>r<169>R<MET> 44.726002 22.165001 22.216999
c<D>r<171>R<PHE> 47.728001 18.122999 21.200001
c<D>r<172>R<LYS> 49.487000 15.770000 18.791000
c<D>r<173>R<SER> 48.508999 12.216000 17.907000
c<D>r<174>R<ASN> 49.733002 9.356000 15.742000
c<D>r<175>R<SER> 47.464001 7.186000 13.642000
c<D>r<176>R<ALA> 47.394001 4.528000 10.963000
c<D>r<177>R<VAL> 44.428001 3.438000 8.856000
c<D>r<178>R<ALA> 43.411999 -0.094000 7.897000
c<D>r<179>R<TRP> 40.603001 -1.283000 5.657000
c<D>r<182>R<LYS> 32.852001 -4.747000 3.231000
c<D>r<183>R<SER> 32.626999 -8.473000 3.999000
c<D>r<184>R<ASP> 33.893002 -11.363000 6.125000
c<D>r<185>R<PHE> 36.603001 -9.411000 7.948000
c<D>r<186>R<ALA> 36.283001 -6.827000 10.724000
c<D>r<187>R<CYS> 39.159000 -4.399000 10.221000
c<D>r<188>R<ALA> 40.157001 -4.282000 13.895000
c<D>r<189>R<ASN> 41.806000 -7.639000 13.197000
c<D>r<190>R<ALA> 44.039001 -6.062000 10.554000
c<D>r<191>R<PHE> 46.660000 -4.798000 13.021000
c<D>r<192>R<ASN> 47.185001 -8.150000 14.767000
c<D>r<193>R<ASN> 50.452999 -8.519000 12.841000
c<D>r<194>R<SER> 52.362999 -5.685000 14.491000
c<D>r<195>R<ILE> 53.622002 -5.159000 18.032000
c<D>r<196>R<ILE> 51.104000 -3.057000 19.952000
c<D>r<197>R<PRO> 50.453999 -2.281000 23.646000
c<D>r<198>R<GLU> 48.678001 -5.103000 25.465000
c<D>r<199>R<ASP> 46.319000 -2.487000 26.900000
c<D>r<200>R<THR> 45.262001 -1.172000 23.482000
c<D>r<201>R<PHE> 41.547001 -0.339000 23.552000
c<D>r<202>R<PHE> 39.460999 -2.415000 21.107000
c<D>r<203>R<PRO> 35.814999 -1.281000 21.493000
c<D>r<204>R<SER> 33.242001 -3.188000 19.436001
c<E>r<30>R<TYR> 73.503998 28.261999 -16.483000
c<E>r<32>R<SER> 70.153999 22.171000 -16.459000
c<E>r<36>R<GLN> 64.900002 11.766000 -10.215000
c<E>r<38>R<PRO> 63.535000 5.930000 -6.708000
c<E>r<39>R<GLY> 66.860001 5.233000 -5.016000
c<E>r<40>R<MET> 68.443001 6.414000 -8.259000
c<E>r<41>R<GLY> 69.060997 9.945000 -7.000000
c<E>r<42>R<LEU> 69.221001 13.024000 -9.243000
c<E>r<43>R<ARG> 70.786003 12.338000 -12.646000
c<E>r<44>R<LEU> 71.820000 15.150000 -14.991000
c<E>r<46>R<HIS> 71.405998 17.959999 -20.261000
c<E>r<47>R<TYR> 72.878998 21.336000 -19.370001
c<E>r<48>R<SER> 73.564003 24.705000 -20.955999
c<E>r<49>R<VAL> 76.413002 26.938999 -19.798000
c<E>r<55>R<ASP> 75.810997 19.768000 -23.941999
c<E>r<57>R<GLY> 74.734001 14.918000 -19.521000
c<E>r<58>R<GLU> 74.705002 11.460000 -17.955999
c<E>r<87>R<VAL> 60.216999 13.320000 -12.029000
c<E>r<88>R<TYR> 62.042000 16.007999 -14.004000
c<E>r<89>R<PHE> 63.756001 18.971001 -12.394000
c<E>r<91>R<ALA> 67.811996 24.051001 -12.084000
c<E>r<95>R<VAL> 77.693001 31.430000 -14.356000
c<E>r<96>R<GLY> 80.320999 31.789000 -11.633000
c<E>r<97>R<ASN> 79.254997 33.646000 -8.505000
c<E>r<98>R<THR> 78.458000 31.365999 -5.549000
c<E>r<99>R<GLY> 77.398003 28.391001 -7.633000
c<E>r<100>R<GLU> 74.015999 28.351000 -5.898000
c<E>r<101>R<LEU> 71.510002 26.216999 -7.767000
c<E>r<102>R<PHE> 67.836998 27.174000 -7.988000
c<E>r<103>R<PHE> 65.377998 24.354000 -8.651000
c<E>r<104>R<GLY> 61.983002 24.313000 -10.293000
c<E>r<105>R<GLU> 59.064999 22.520000 -8.617000
c<E>r<106>R<GLY> 59.401001 19.434999 -10.799000
c<E>r<107>R<SER> 57.382999 17.799000 -13.553000
c<E>r<108>R<ARG> 55.917999 14.349000 -12.895000
c<E>r<123>R<VAL> 36.855000 9.060000 -2.755000
c<E>r<124>R<ALA> 34.957001 8.332000 0.440000
c<E>r<125>R<VAL> 34.706001 9.944000 3.870000
c<E>r<126>R<PHE> 34.237000 7.780000 6.940000
c<E>r<127>R<GLU> 32.568001 9.360000 9.945000
c<E>r<128>R<PRO> 33.926998 9.412000 13.521000
c<E>r<129>R<SER> 33.598999 6.381000 15.762000
c<E>r<130>R<GLU> 31.187000 6.872000 18.665001
c<E>r<131>R<ALA> 33.658001 4.919000 20.809000
c<E>r<132>R<GLU> 36.432999 7.418000 20.023001
c<E>r<134>R<SER> 33.179001 8.740000 24.278999
c<E>r<135>R<HIS> 36.773998 7.744000 25.098000
c<E>r<136>R<THR> 38.634998 10.899000 23.989000
c<E>r<140>R<THR> 38.522999 11.645000 13.672000
c<E>r<141>R<LEU> 37.188999 11.620000 10.118000
c<E>r<142>R<VAL> 39.026001 9.558000 7.526000
c<E>r<143>R<CYS> 39.181000 10.268000 3.819000
c<E>r<144>R<LEU> 40.080002 7.376000 1.542000
c<E>r<151>R<ASP> 50.028999 8.675000 -8.427000
c<E>r<152>R<HIS> 49.405998 12.288000 -9.479000
c<E>r<153>R<VAL> 47.012001 13.544000 -6.782000
c<E>r<154>R<GLU> 46.525002 16.316999 -4.208000
c<E>r<165>R<HIS> 45.587002 22.212000 8.084000
c<E>r<166>R<SER> 45.018002 21.990000 11.832000
c<E>r<167>R<GLY> 44.250000 18.466999 13.010000
c<E>r<168>R<VAL> 45.068001 16.921000 9.644000
c<E>r<169>R<CYS> 47.589001 14.486000 8.309000
c<E>r<170>R<THR> 47.813999 12.646000 5.037000
c<E>r<171>R<ASP> 49.886002 9.565000 4.266000
c<E>r<172>R<PRO> 53.328999 10.755000 3.086000
c<E>r<173>R<GLN> 53.092999 8.293000 0.214000
c<E>r<174>R<PRO> 50.213001 6.358000 -1.375000
c<E>r<175>R<LEU> 50.209999 2.582000 -1.113000
c<E>r<176>R<LYS> 49.992001 0.082000 -3.950000
c<E>r<177>R<GLU> 46.792000 -1.938000 -4.118000
c<E>r<178>R<GLN> 48.626999 -4.592000 -6.191000
c<E>r<187>R<ALA> 45.293999 4.248000 -2.358000
c<E>r<188>R<LEU> 45.838001 7.281000 -0.136000
c<E>r<189>R<SER> 44.291000 8.096000 3.234000
c<E>r<190>R<SER> 44.007999 11.243000 5.315000
c<E>r<191>R<ARG> 42.687000 12.068000 8.770000
c<E>r<192>R<LEU> 40.960999 15.192000 10.085000
c<E>r<193>R<ARG> 40.493000 15.306000 13.849000
c<E>r<194>R<VAL> 38.175999 17.787001 15.550000
c<E>r<195>R<SER> 36.662998 18.087000 18.999001
c<E>r<200>R<GLN> 28.283001 17.082001 16.954000
c<E>r<202>R<PRO> 24.893999 19.490000 12.420000
c<E>r<235>R<ALA> 33.233002 13.279000 -0.651000
c<E>r<236>R<GLU> 31.539000 15.020000 2.252000
c<E>r<237>R<ALA> 29.837999 14.661000 5.591000
c<E>r<238>R<TRP> 27.878000 16.798000 8.006000
c<E>r<239>R<GLY> 28.167000 16.788000 11.758000
c<E>r<240>R<ARG> 25.531000 14.997000 13.820000
c<E>r<241>R<ALA> 24.278000 15.388000 17.389999
c<E>r<242>R<ASP> 24.430000 11.601000 17.698999
