c<A>r<7>R<TYR> 25.423000 -22.339001 18.593000
c<A>r<8>R<PHE> 25.698999 -18.556000 18.673000
c<A>r<9>R<PHE> 26.205000 -16.587999 21.896000
c<A>r<10>R<THR> 26.209000 -12.852000 22.382000
c<A>r<11>R<SER> 26.849001 -10.992000 25.650000
c<A>r<12>R<VAL> 26.656000 -7.205000 25.889999
c<A>r<22>R<PHE> 22.954000 -12.588000 27.017000
c<A>r<23>R<ILE> 21.311001 -14.238000 24.000999
c<A>r<24>R<ALA> 21.995001 -17.783001 22.844999
c<A>r<25>R<VAL> 20.575001 -19.414000 19.725000
c<A>r<26>R<GLY> 21.021999 -22.893000 18.304001
c<A>r<32>R<GLN> 16.913000 -22.080999 14.488000
c<A>r<34>R<VAL> 16.375999 -23.264999 20.500999
c<A>r<35>R<ARG> 16.966999 -19.954000 22.257999
c<A>r<36>R<PHE> 17.871000 -18.438000 25.591000
c<A>r<37>R<ASP> 17.427000 -14.761000 26.341000
c<A>r<48>R<ARG> 11.943000 -22.725000 18.506001
c<A>r<91>R<GLY> 31.424000 1.810000 27.797001
c<A>r<92>R<SER> 29.341999 -1.133000 26.632999
c<A>r<93>R<HIS> 31.301001 -3.998000 25.077999
c<A>r<94>R<THR> 30.386999 -7.236000 23.339001
c<A>r<96>R<GLN> 30.459999 -13.251000 20.697001
c<A>r<97>R<ARG> 31.115000 -16.972000 20.509001
c<A>r<98>R<MET> 30.138000 -19.514000 17.843000
c<A>r<111>R<ARG> 34.596001 -30.951000 11.036000
c<A>r<112>R<GLY> 34.344002 -28.813999 14.159000
c<A>r<113>R<TYR> 34.904999 -25.148001 14.935000
c<A>r<114>R<HIS> 34.998001 -22.655001 17.802000
c<A>r<115>R<GLN> 35.361000 -18.922001 17.309999
c<A>r<116>R<TYR> 35.396999 -16.014000 19.791000
c<A>r<117>R<ALA> 35.196999 -12.220000 19.139000
c<A>r<118>R<TYR> 35.499001 -9.135000 21.299000
c<A>r<119>R<ASP> 33.873001 -5.866000 20.091000
c<A>r<120>R<GLY> 33.143002 -7.466000 16.701000
c<A>r<121>R<LYS> 36.707001 -8.463000 15.946000
c<A>r<122>R<ASP> 38.410000 -11.817000 16.000000
c<A>r<123>R<TYR> 39.875999 -12.635000 19.386999
c<A>r<124>R<ILE> 40.699001 -16.351999 19.573999
c<A>r<125>R<ALA> 39.662998 -19.455999 17.552000
c<A>r<126>R<LEU> 40.381001 -23.132999 17.415001
c<A>r<127>R<LYS> 42.448002 -24.184000 14.410000
c<A>r<128>R<GLU> 40.958000 -26.673000 11.915000
c<A>r<129>R<ASP> 42.523998 -29.707001 13.663000
c<A>r<130>R<LEU> 40.877998 -28.761000 16.958000
c<A>r<132>R<SER> 45.598999 -25.521000 18.834000
c<A>r<133>R<TRP> 44.549999 -21.892000 18.865999
c<A>r<134>R<THR> 44.750000 -18.801001 16.624001
c<A>r<135>R<ALA> 45.139000 -15.632000 18.732000
c<A>r<136>R<ALA> 44.491001 -12.411000 16.809999
c<A>r<137>R<ASP> 46.525002 -10.030000 19.004000
c<A>r<138>R<MET> 48.773998 -9.951000 22.062000
c<A>r<139>R<ALA> 45.849998 -9.885000 24.507000
c<A>r<140>R<ALA> 44.598999 -13.140000 23.069000
c<A>r<141>R<GLN> 48.040001 -14.665000 23.516001
c<A>r<190>R<THR> 8.987000 -10.584000 -14.626000
c<A>r<202>R<ARG> 13.846000 -9.678000 -12.906000
c<A>r<204>R<TRP> 12.986000 -14.407000 -8.708000
c<A>r<206>R<LEU> 11.403000 -17.921000 -3.746000
c<A>r<207>R<SER> 10.610000 -20.296000 -0.932000
c<A>r<214>R<THR> 23.465000 -18.556000 -6.998000
c<A>r<215>R<LEU> 21.599001 -16.448999 -9.524000
c<A>r<216>R<THR> 23.517000 -15.488000 -12.680000
c<A>r<217>R<TRP> 22.445000 -13.675000 -15.839000
c<A>r<218>R<GLN> 23.870001 -14.579000 -19.261999
c<A>r<219>R<ARG> 23.627001 -12.873000 -22.636999
c<A>r<220>R<ASP> 23.958000 -15.183000 -25.615000
c<A>r<221>R<GLY> 25.459000 -17.830000 -23.323999
c<A>r<222>R<GLU> 28.153999 -15.806000 -21.426001
c<A>r<223>R<ASP> 27.997999 -14.277000 -17.912001
c<A>r<224>R<GLN> 26.607000 -10.737000 -17.784000
c<A>r<225>R<THR> 27.343000 -8.714000 -14.664000
c<A>r<226>R<GLN> 27.062000 -5.230000 -16.223000
c<A>r<227>R<ASP> 23.666000 -3.573000 -16.141001
c<A>r<229>R<GLU> 21.143000 -5.432000 -9.879000
c<A>r<230>R<LEU> 20.195999 -7.750000 -7.050000
c<A>r<231>R<VAL> 19.243000 -8.140000 -3.471000
c<A>r<232>R<GLU> 20.944000 -10.064000 -0.746000
c<A>r<234>R<ARG> 16.622000 -12.670000 2.802000
c<A>r<235>R<PRO> 14.361000 -14.715000 5.049000
c<A>r<236>R<ALA> 10.718000 -15.123000 4.051000
c<A>r<237>R<GLY> 9.738000 -15.567000 7.711000
c<A>r<238>R<ASP> 8.406000 -19.091000 7.327000
c<A>r<240>R<THR> 12.569000 -20.330999 3.679000
c<A>r<241>R<PHE> 14.551000 -17.712000 1.812000
c<A>r<242>R<GLN> 14.161000 -15.304000 -1.146000
c<A>r<243>R<LYS> 16.441999 -13.626000 -3.693000
c<A>r<244>R<TRP> 16.191000 -11.831000 -7.014000
c<A>r<250>R<PRO> 16.975000 -3.291000 -25.042000
c<A>r<253>R<GLN> 16.127001 -8.395000 -27.254999
c<A>r<258>R<THR> 18.941000 -16.179001 -19.520000
c<A>r<259>R<CYS> 18.847000 -16.424999 -15.704000
c<A>r<260>R<HIS> 20.681000 -19.413000 -14.266000
c<A>r<261>R<VAL> 19.752001 -20.732000 -10.826000
c<A>r<262>R<GLN> 21.959000 -23.114000 -8.808000
c<A>r<267>R<PRO> 19.287001 -31.896000 -9.554000
c<A>r<268>R<LYS> 20.490999 -29.631001 -12.346000
c<A>r<269>R<PRO> 20.604000 -25.816999 -12.512000
c<A>r<270>R<LEU> 17.632000 -24.066999 -13.975000
c<A>r<271>R<THR> 17.680000 -21.742001 -16.943001
c<A>r<272>R<LEU> 14.957000 -19.197001 -17.323999
c<B>r<0>R<MET> 35.233002 0.186000 18.777000
c<B>r<1>R<ILE> 34.030998 -1.034000 15.374000
c<B>r<2>R<GLN> 30.634001 0.343000 14.291000
c<B>r<3>R<ARG> 28.760000 -0.887000 11.247000
c<B>r<4>R<THR> 25.575001 0.600000 9.973000
c<B>r<5>R<PRO> 22.559000 -1.614000 9.273000
c<B>r<6>R<LYS> 21.552000 -2.768000 5.796000
c<B>r<7>R<ILE> 17.747000 -2.738000 5.503000
c<B>r<8>R<GLN> 15.286000 -4.628000 3.292000
c<B>r<9>R<VAL> 11.529000 -4.136000 3.543000
c<B>r<10>R<TYR> 9.363000 -6.664000 1.703000
c<B>r<11>R<SER> 6.364000 -8.943000 1.930000
c<B>r<12>R<ARG> 6.510000 -12.676000 2.387000
c<B>r<13>R<HIS> 4.162000 -13.242000 -0.602000
c<B>r<22>R<PHE> 3.305000 -10.670000 6.108000
c<B>r<23>R<LEU> 5.467000 -7.509000 6.134000
c<B>r<24>R<ASN> 9.125000 -8.023000 6.834000
c<B>r<25>R<CYS> 11.942000 -5.705000 7.734000
c<B>r<26>R<TYR> 15.321000 -7.505000 7.569000
c<B>r<27>R<VAL> 18.172001 -5.614000 9.207000
c<B>r<28>R<SER> 21.718000 -6.961000 8.839000
c<B>r<29>R<GLY> 25.368999 -6.108000 8.853000
c<B>r<30>R<PHE> 25.267000 -3.945000 11.930000
c<B>r<31>R<HIS> 27.419001 -3.663000 15.085000
c<B>r<32>R<PRO> 26.877001 -3.106000 17.990999
c<B>r<33>R<SER> 23.684000 -5.111000 18.500000
c<B>r<34>R<ASP> 21.423000 -2.486000 20.084999
c<B>r<51>R<HIS> 11.219000 -10.234000 15.852000
c<B>r<52>R<SER> 13.709000 -13.012000 15.553000
c<B>r<53>R<ASP> 16.365000 -13.904000 18.094999
c<B>r<54>R<LEU> 19.690001 -12.085000 17.664000
c<B>r<55>R<SER> 22.253000 -13.899000 15.577000
c<B>r<56>R<PHE> 25.351000 -13.005000 13.592000
c<B>r<57>R<SER> 27.312000 -13.596000 10.438000
c<B>r<58>R<LYS> 30.840000 -14.589000 9.481000
c<B>r<59>R<ASP> 32.122002 -11.087000 9.894000
c<B>r<60>R<TRP> 30.525999 -10.934000 13.368000
c<B>r<61>R<SER> 27.853001 -8.463000 12.255000
c<B>r<62>R<PHE> 24.360001 -8.945000 13.566000
c<B>r<64>R<LEU> 17.378000 -9.584000 12.824000
c<B>r<65>R<LEU> 14.008000 -10.044000 11.130000
c<B>r<66>R<TYR> 11.034000 -7.927000 12.318000
c<B>r<67>R<TYR> 7.597000 -8.968000 10.976000
c<B>r<68>R<THR> 3.880000 -8.655000 11.227000
c<B>r<86>R<THR> 25.549000 4.810000 13.573000
c<B>r<87>R<LEU> 22.511999 6.940000 12.465000
c<B>r<88>R<SER> 21.936001 10.707000 13.156000
c<B>r<89>R<GLN> 18.195999 10.234000 13.128000
c<B>r<90>R<PRO> 15.803000 7.315000 12.483000
c<B>r<91>R<LYS> 16.090000 5.916000 8.963000
c<B>r<92>R<ILE> 12.798000 5.166000 7.241000
c<B>r<93>R<VAL> 12.618000 2.823000 4.286000
c<B>r<98>R<ASP> 7.805000 -4.952000 -6.620000
c<B>r<99>R<MET> 11.024000 -5.777000 -4.832000
c<D>r<31>R<TYR> 34.818001 -23.267000 -37.757999
c<D>r<32>R<ASN> 33.710999 -19.854000 -36.488998
c<D>r<33>R<LEU> 34.785000 -16.569000 -34.898998
c<D>r<34>R<GLN> 33.373001 -15.133000 -31.684999
c<D>r<36>R<PHE> 33.476002 -11.105000 -26.406000
c<D>r<37>R<ARG> 33.493999 -8.192000 -23.992001
c<D>r<38>R<GLN> 35.207001 -8.357000 -20.594999
c<D>r<39>R<ASP> 34.898998 -5.805000 -17.788000
c<D>r<40>R<PRO> 37.757999 -5.499000 -15.255000
c<D>r<41>R<GLY> 37.570999 -8.354000 -12.761000
c<D>r<42>R<LYS> 34.513000 -9.894000 -14.416000
c<D>r<43>R<GLY> 33.737999 -12.641000 -16.924000
c<D>r<44>R<LEU> 33.334000 -12.827000 -20.700001
c<D>r<45>R<THR> 30.091000 -11.685000 -22.290001
c<D>r<46>R<SER> 29.464001 -12.939000 -25.806999
c<D>r<47>R<LEU> 28.775999 -10.166000 -28.306000
c<D>r<48>R<LEU> 28.667000 -11.779000 -31.746000
c<D>r<49>R<LEU> 29.211000 -15.182000 -33.313000
c<D>r<50>R<ILE> 30.163000 -15.567000 -36.970001
c<D>r<51>R<GLN> 30.003000 -19.037001 -38.501999
c<D>r<52>R<SER> 32.408001 -20.020000 -41.290001
c<D>r<59>R<SER> 23.570000 -6.605000 -32.806000
c<D>r<60>R<GLY> 22.566000 -3.037000 -32.027000
c<D>r<83>R<GLY> 29.681999 2.427000 -21.379000
c<D>r<86>R<ALA> 35.963001 -2.656000 -21.750000
c<D>r<89>R<LEU> 38.368999 -10.362000 -27.197001
c<D>r<91>R<ALA> 38.472000 -16.089001 -30.669001
c<D>r<92>R<VAL> 38.417999 -18.631001 -33.484001
c<D>r<93>R<ARG> 37.827000 -22.379000 -33.402000
c<D>r<94>R<PRO> 39.387001 -25.025000 -35.701000
c<D>r<95>R<THR> 37.438000 -26.964001 -38.317001
c<D>r<99>R<SER> 41.115002 -30.534000 -31.672001
c<D>r<100>R<TYR> 38.151001 -28.150999 -31.375000
c<D>r<101>R<ILE> 40.780998 -26.087999 -29.531000
c<D>r<102>R<PRO> 39.983002 -22.353001 -29.743999
c<D>r<103>R<THR> 42.623001 -19.635000 -29.971001
c<D>r<104>R<PHE> 42.102001 -16.282000 -28.242001
c<D>r<105>R<GLY> 43.675999 -12.947000 -29.070999
c<D>r<106>R<ARG> 45.171001 -10.766000 -26.330999
c<D>r<107>R<GLY> 42.312000 -8.319000 -26.813000
c<D>r<120>R<ASP> 35.396000 23.365999 -14.547000
c<D>r<122>R<ALA> 39.445000 22.098000 -9.745000
c<D>r<123>R<VAL> 41.340000 20.361000 -6.970000
c<D>r<124>R<TYR> 39.596001 20.068001 -3.595000
c<D>r<125>R<GLN> 40.838001 18.775000 -0.256000
c<D>r<126>R<LEU> 38.443001 16.444000 1.575000
c<D>r<127>R<ARG> 38.808998 16.209000 5.332000
c<D>r<128>R<ARG> 38.483002 13.524000 7.974000
c<D>r<129>R<SER> 37.856998 9.796000 8.025000
c<D>r<130>R<LYS> 36.819000 10.607000 11.580000
c<D>r<131>R<SER> 40.145000 12.413000 11.968000
c<D>r<133>R<ASP> 43.974998 8.983000 8.980000
c<D>r<134>R<LYS> 45.103001 10.401000 5.623000
c<D>r<135>R<SER> 45.096001 13.541000 3.461000
c<D>r<136>R<VAL> 42.778000 13.179000 0.447000
c<D>r<137>R<CYS> 42.384998 15.447000 -2.590000
c<D>r<138>R<LEU> 40.046001 15.317000 -5.540000
c<D>r<140>R<THR> 37.537998 16.937000 -10.728000
c<D>r<141>R<ASP> 35.438999 18.372000 -13.550000
c<D>r<154>R<SER> 57.223000 8.267000 -2.446000
c<D>r<155>R<ASP> 54.351002 8.782000 0.009000
c<D>r<156>R<VAL> 51.893002 10.081000 -2.583000
c<D>r<157>R<TYR> 49.338001 8.158000 -4.621000
c<D>r<158>R<ILE> 47.249001 9.238000 -7.580000
c<D>r<159>R<THR> 44.473999 7.073000 -8.972000
c<D>r<160>R<ASP> 43.383999 6.633000 -12.557000
c<D>r<161>R<LYS> 40.490002 8.809000 -13.651000
c<D>r<162>R<CYS> 36.876999 7.689000 -13.725000
c<D>r<163>R<VAL> 33.667999 9.188000 -14.956000
c<D>r<164>R<LEU> 30.558001 9.397000 -12.822000
c<D>r<165>R<ASP> 27.082001 10.215000 -14.059000
c<D>r<166>R<MET> 24.579000 12.174000 -12.024000
c<D>r<167>R<ARG> 21.552000 10.797000 -13.857000
c<D>r<168>R<SER> 18.851999 13.150000 -12.556000
c<D>r<169>R<MET> 20.847000 16.135000 -13.821000
c<D>r<171>R<PHE> 25.575001 15.572000 -15.748000
c<D>r<172>R<LYS> 28.833000 13.659000 -16.143999
c<D>r<173>R<SER> 32.181999 14.451000 -14.555000
c<D>r<174>R<ASN> 35.728001 13.113000 -14.514000
c<D>r<175>R<SER> 37.834000 12.827000 -11.391000
c<D>r<176>R<ALA> 41.044998 11.429000 -9.984000
c<D>r<177>R<VAL> 41.987999 11.015000 -6.329000
c<D>r<178>R<ALA> 45.328999 11.746000 -4.677000
c<D>r<179>R<TRP> 46.436001 11.195000 -1.100000
c<D>r<201>R<PHE> 40.804001 26.121000 -9.317000
c<D>r<202>R<PHE> 42.958000 25.438999 -6.229000
c<D>r<203>R<PRO> 40.980999 26.674000 -3.181000
c<D>r<204>R<SER> 42.759998 26.444000 0.175000
c<E>r<2>R<GLY> 24.329000 -21.253000 -17.771999
c<E>r<3>R<VAL> 27.895000 -21.976999 -16.695000
c<E>r<4>R<THR> 28.629000 -21.884001 -12.977000
c<E>r<23>R<ALA> 28.851000 -27.011000 -13.947000
c<E>r<24>R<GLN> 26.593000 -26.240999 -16.906000
c<E>r<25>R<ASP> 22.924000 -27.128000 -17.424999
c<E>r<26>R<MET> 22.802999 -26.780001 -21.208000
c<E>r<30>R<TYR> 32.277000 -29.809999 -24.841000
c<E>r<32>R<SER> 37.219002 -26.521999 -21.223000
c<E>r<36>R<GLN> 44.044998 -15.669000 -17.986000
c<E>r<38>R<PRO> 48.223000 -10.136000 -17.611000
c<E>r<39>R<GLY> 49.146000 -9.598000 -21.252001
c<E>r<40>R<MET> 49.292999 -13.385000 -21.487000
c<E>r<41>R<GLY> 45.780998 -13.715000 -22.899000
c<E>r<42>R<LEU> 43.561001 -16.778999 -22.427999
c<E>r<43>R<ARG> 45.493000 -20.059999 -22.403000
c<E>r<44>R<LEU> 43.743999 -23.430000 -22.660000
c<E>r<46>R<HIS> 42.487000 -28.834000 -20.412001
c<E>r<47>R<TYR> 39.410999 -29.733999 -22.437000
c<E>r<48>R<SER> 36.854000 -32.508999 -22.738001
c<E>r<49>R<VAL> 35.078999 -33.271000 -26.011999
c<E>r<55>R<ASP> 42.797001 -34.213001 -23.094000
c<E>r<57>R<GLY> 45.865002 -28.323000 -23.445999
c<E>r<58>R<GLU> 48.657001 -25.767000 -23.723000
c<E>r<71>R<GLU> 27.488001 -31.510000 -16.514999
c<E>r<87>R<VAL> 42.053001 -16.128000 -13.143000
c<E>r<88>R<TYR> 40.493000 -19.412001 -14.256000
c<E>r<89>R<PHE> 37.659000 -19.628000 -16.752001
c<E>r<91>R<ALA> 33.727001 -22.530001 -21.051001
c<E>r<92>R<SER> 31.367001 -24.955999 -22.733000
c<E>r<93>R<SER> 29.570999 -25.482000 -26.024000
c<E>r<95>R<VAL> 29.658001 -30.521000 -29.816000
c<E>r<96>R<GLY> 29.152000 -29.201000 -33.344002
c<E>r<97>R<ASN> 26.313000 -26.736000 -33.823002
c<E>r<98>R<THR> 27.447001 -23.101000 -34.081001
c<E>r<99>R<GLY> 30.569000 -23.523001 -31.986000
c<E>r<100>R<GLU> 29.372999 -20.805000 -29.614000
c<E>r<101>R<LEU> 31.329000 -20.816999 -26.372999
c<E>r<102>R<PHE> 29.677999 -20.041000 -23.037001
c<E>r<103>R<PHE> 31.951000 -18.785000 -20.263000
c<E>r<104>R<GLY> 31.688999 -19.002001 -16.506001
c<E>r<105>R<GLU> 32.251999 -15.898000 -14.364000
c<E>r<106>R<GLY> 35.813999 -16.861000 -13.487000
c<E>r<107>R<SER> 37.658001 -17.987000 -10.378000
c<E>r<108>R<ARG> 40.374001 -15.716000 -8.983000
c<E>r<123>R<VAL> 38.265999 1.654000 4.730000
c<E>r<124>R<ALA> 37.639000 5.354000 5.227000
c<E>r<125>R<VAL> 35.125999 7.878000 3.908000
c<E>r<126>R<PHE> 36.194000 11.458000 3.295000
c<E>r<127>R<GLU> 33.513000 14.123000 3.440000
c<E>r<128>R<PRO> 32.775002 16.739000 0.747000
c<E>r<129>R<SER> 34.914001 19.844000 0.426000
c<E>r<130>R<GLU> 33.113998 23.056000 1.391000
c<E>r<131>R<ALA> 34.895000 24.718000 -1.538000
c<E>r<132>R<GLU> 33.394001 22.198000 -3.979000
c<E>r<135>R<HIS> 31.757999 26.386000 -6.382000
c<E>r<136>R<THR> 29.530001 23.684000 -7.925000
c<E>r<140>R<THR> 31.667999 14.484000 -3.705000
c<E>r<141>R<LEU> 32.379002 11.869000 -1.047000
c<E>r<142>R<VAL> 35.433998 9.669000 -1.466000
c<E>r<143>R<CYS> 35.833000 6.143000 -0.170000
c<E>r<144>R<LEU> 39.367001 4.833000 0.216000
c<E>r<151>R<ASP> 43.129002 -7.805000 -4.901000
c<E>r<152>R<HIS> 39.905998 -9.737000 -4.254000
c<E>r<153>R<VAL> 37.451000 -6.973000 -3.295000
c<E>r<154>R<GLU> 34.036999 -5.510000 -4.164000
c<E>r<158>R<TRP> 24.662001 2.577000 0.134000
c<E>r<159>R<VAL> 22.615999 5.702000 0.817000
c<E>r<160>R<ASN> 19.948000 5.345000 3.509000
c<E>r<161>R<GLY> 20.219999 1.585000 3.071000
c<E>r<162>R<LYS> 19.791000 1.602000 -0.709000
c<E>r<163>R<GLU> 22.642000 0.520000 -2.986000
c<E>r<165>R<HIS> 24.912001 3.508000 -8.868000
c<E>r<166>R<SER> 23.952999 7.049000 -9.852000
c<E>r<167>R<GLY> 26.750000 9.551000 -9.295000
c<E>r<168>R<VAL> 29.309000 6.860000 -8.523000
c<E>r<169>R<CYS> 32.515999 5.641000 -10.038000
c<E>r<170>R<THR> 35.193001 3.342000 -8.737000
c<E>r<171>R<ASP> 38.747002 2.994000 -10.012000
c<E>r<172>R<PRO> 38.728001 0.344000 -12.776000
c<E>r<173>R<GLN> 41.772999 -1.232000 -11.158000
c<E>r<174>R<PRO> 43.381001 -0.936000 -7.711000
c<E>r<175>R<LEU> 46.837002 0.585000 -7.452000
c<E>r<176>R<LYS> 49.911999 -0.953000 -5.862000
c<E>r<177>R<GLU> 51.134998 0.722000 -2.693000
c<E>r<178>R<GLN> 54.598999 -0.822000 -3.263000
c<E>r<187>R<ALA> 44.532001 0.667000 -2.639000
c<E>r<188>R<LEU> 41.202000 1.372000 -4.326000
c<E>r<189>R<SER> 39.161999 4.573000 -4.367000
c<E>r<190>R<SER> 35.581001 5.408000 -5.257000
c<E>r<191>R<ARG> 33.557999 8.601000 -5.539000
c<E>r<192>R<LEU> 29.889999 9.286000 -4.804000
c<E>r<193>R<ARG> 28.636000 12.690000 -5.918000
c<E>r<194>R<VAL> 25.329000 14.140000 -4.741000
c<E>r<195>R<SER> 23.757000 17.573999 -4.796000
c<E>r<202>R<PRO> 21.650000 15.520000 8.437000
c<E>r<203>R<ARG> 19.142000 12.692000 7.983000
c<E>r<204>R<ASN> 21.032000 11.260000 5.011000
c<E>r<205>R<HIS> 23.316000 8.320000 5.819000
c<E>r<206>R<PHE> 26.173000 7.371000 3.482000
c<E>r<207>R<ARG> 27.922001 4.000000 3.696000
c<E>r<209>R<GLN> 31.490000 -1.033000 2.124000
c<E>r<216>R<SER> 38.721001 -19.608999 5.282000
c<E>r<217>R<GLU> 37.917000 -19.993999 8.979000
c<E>r<218>R<ASN> 39.912998 -23.228001 8.934000
c<E>r<219>R<ASP> 43.328999 -22.025999 7.763000
c<E>r<220>R<GLU> 46.179001 -21.954000 10.273000
c<E>r<221>R<TRP> 46.841000 -18.440001 11.560000
c<E>r<222>R<THR> 49.646999 -17.740999 14.028000
c<E>r<223>R<GLN> 49.826000 -13.942000 13.825000
c<E>r<224>R<ASP> 49.167999 -11.477000 16.639000
c<E>r<225>R<ARG> 46.390999 -9.994000 14.500000
c<E>r<226>R<ALA> 42.887001 -11.049000 13.472000
c<E>r<227>R<LYS> 42.813000 -13.793000 10.844000
c<E>r<228>R<PRO> 42.167000 -12.063000 7.476000
c<E>r<229>R<VAL> 39.056999 -14.069000 6.616000
c<E>r<230>R<THR> 36.432999 -13.080000 4.061000
c<E>r<231>R<GLN> 34.625000 -10.071000 5.474000
c<E>r<232>R<ILE> 33.026001 -6.706000 4.855000
c<E>r<233>R<VAL> 34.840000 -3.595000 6.087000
c<E>r<234>R<SER> 32.780998 -0.391000 6.007000
c<E>r<235>R<ALA> 32.933998 3.320000 6.762000
c<E>r<236>R<GLU> 30.125000 5.850000 6.956000
c<E>r<237>R<ALA> 29.157000 9.481000 7.180000
c<E>r<238>R<TRP> 26.054001 11.545000 7.776000
c<E>r<239>R<GLY> 25.087000 14.713000 5.991000
c<E>r<240>R<ARG> 25.603001 18.052999 7.720000
