c<A>r<7>R<TYR> 25.423000 -22.339001 18.593000
c<A>r<8>R<PHE> 25.698999 -18.556000 18.673000
c<A>r<9>R<PHE> 26.205000 -16.587999 21.896000
c<A>r<10>R<THR> 26.209000 -12.852000 22.382000
c<A>r<11>R<SER> 26.849001 -10.992000 25.650000
c<A>r<12>R<VAL> 26.656000 -7.205000 25.889999
c<A>r<22>R<PHE> 22.954000 -12.588000 27.017000
c<A>r<23>R<ILE> 21.311001 -14.238000 24.000999
c<A>r<24>R<ALA> 21.995001 -17.783001 22.844999
c<A>r<25>R<VAL> 20.575001 -19.414000 19.725000
c<A>r<26>R<GLY> 21.021999 -22.893000 18.304001
c<A>r<32>R<GLN> 16.913000 -22.080999 14.488000
c<A>r<34>R<VAL> 16.375999 -23.264999 20.500999
c<A>r<35>R<ARG> 16.966999 -19.954000 22.257999
c<A>r<36>R<PHE> 17.871000 -18.438000 25.591000
c<A>r<37>R<ASP> 17.427000 -14.761000 26.341000
c<A>r<48>R<ARG> 11.943000 -22.725000 18.506001
c<A>r<91>R<GLY> 31.424000 1.810000 27.797001
c<A>r<92>R<SER> 29.341999 -1.133000 26.632999
c<A>r<93>R<HIS> 31.301001 -3.998000 25.077999
c<A>r<94>R<THR> 30.386999 -7.236000 23.339001
c<A>r<96>R<GLN> 30.459999 -13.251000 20.697001
c<A>r<97>R<ARG> 31.115000 -16.972000 20.509001
c<A>r<98>R<MET> 30.138000 -19.514000 17.843000
c<A>r<116>R<TYR> 35.396999 -16.014000 19.791000
c<A>r<117>R<ALA> 35.196999 -12.220000 19.139000
c<A>r<118>R<TYR> 35.499001 -9.135000 21.299000
c<A>r<119>R<ASP> 33.873001 -5.866000 20.091000
c<A>r<120>R<GLY> 33.143002 -7.466000 16.701000
c<A>r<121>R<LYS> 36.707001 -8.463000 15.946000
c<A>r<122>R<ASP> 38.410000 -11.817000 16.000000
c<A>r<190>R<THR> 8.987000 -10.584000 -14.626000
c<A>r<202>R<ARG> 13.846000 -9.678000 -12.906000
c<A>r<204>R<TRP> 12.986000 -14.407000 -8.708000
c<A>r<206>R<LEU> 11.403000 -17.921000 -3.746000
c<A>r<207>R<SER> 10.610000 -20.296000 -0.932000
c<A>r<230>R<LEU> 20.195999 -7.750000 -7.050000
c<A>r<231>R<VAL> 19.243000 -8.140000 -3.471000
c<A>r<232>R<GLU> 20.944000 -10.064000 -0.746000
c<A>r<234>R<ARG> 16.622000 -12.670000 2.802000
c<A>r<235>R<PRO> 14.361000 -14.715000 5.049000
c<A>r<236>R<ALA> 10.718000 -15.123000 4.051000
c<A>r<237>R<GLY> 9.738000 -15.567000 7.711000
c<A>r<238>R<ASP> 8.406000 -19.091000 7.327000
c<A>r<240>R<THR> 12.569000 -20.330999 3.679000
c<A>r<241>R<PHE> 14.551000 -17.712000 1.812000
c<A>r<242>R<GLN> 14.161000 -15.304000 -1.146000
c<A>r<243>R<LYS> 16.441999 -13.626000 -3.693000
c<A>r<244>R<TRP> 16.191000 -11.831000 -7.014000
c<B>r<0>R<MET> 35.233002 0.186000 18.777000
c<B>r<1>R<ILE> 34.030998 -1.034000 15.374000
c<B>r<2>R<GLN> 30.634001 0.343000 14.291000
c<B>r<3>R<ARG> 28.760000 -0.887000 11.247000
c<B>r<6>R<LYS> 21.552000 -2.768000 5.796000
c<B>r<8>R<GLN> 15.286000 -4.628000 3.292000
c<B>r<9>R<VAL> 11.529000 -4.136000 3.543000
c<B>r<10>R<TYR> 9.363000 -6.664000 1.703000
c<B>r<11>R<SER> 6.364000 -8.943000 1.930000
c<B>r<12>R<ARG> 6.510000 -12.676000 2.387000
c<B>r<13>R<HIS> 4.162000 -13.242000 -0.602000
c<B>r<22>R<PHE> 3.305000 -10.670000 6.108000
c<B>r<23>R<LEU> 5.467000 -7.509000 6.134000
c<B>r<24>R<ASN> 9.125000 -8.023000 6.834000
c<B>r<25>R<CYS> 11.942000 -5.705000 7.734000
c<B>r<26>R<TYR> 15.321000 -7.505000 7.569000
c<B>r<27>R<VAL> 18.172001 -5.614000 9.207000
c<B>r<28>R<SER> 21.718000 -6.961000 8.839000
c<B>r<30>R<PHE> 25.267000 -3.945000 11.930000
c<B>r<31>R<HIS> 27.419001 -3.663000 15.085000
c<B>r<32>R<PRO> 26.877001 -3.106000 17.990999
c<B>r<33>R<SER> 23.684000 -5.111000 18.500000
c<B>r<34>R<ASP> 21.423000 -2.486000 20.084999
c<B>r<51>R<HIS> 11.219000 -10.234000 15.852000
c<B>r<52>R<SER> 13.709000 -13.012000 15.553000
c<B>r<53>R<ASP> 16.365000 -13.904000 18.094999
c<B>r<54>R<LEU> 19.690001 -12.085000 17.664000
c<B>r<55>R<SER> 22.253000 -13.899000 15.577000
c<B>r<56>R<PHE> 25.351000 -13.005000 13.592000
c<B>r<57>R<SER> 27.312000 -13.596000 10.438000
c<B>r<58>R<LYS> 30.840000 -14.589000 9.481000
c<B>r<59>R<ASP> 32.122002 -11.087000 9.894000
c<B>r<60>R<TRP> 30.525999 -10.934000 13.368000
c<B>r<61>R<SER> 27.853001 -8.463000 12.255000
c<B>r<62>R<PHE> 24.360001 -8.945000 13.566000
c<B>r<64>R<LEU> 17.378000 -9.584000 12.824000
c<B>r<65>R<LEU> 14.008000 -10.044000 11.130000
c<B>r<66>R<TYR> 11.034000 -7.927000 12.318000
c<B>r<67>R<TYR> 7.597000 -8.968000 10.976000
c<B>r<68>R<THR> 3.880000 -8.655000 11.227000
c<B>r<98>R<ASP> 7.805000 -4.952000 -6.620000
c<B>r<99>R<MET> 11.024000 -5.777000 -4.832000
