c<A>r<7>R<TYR> 25.423000 -22.339001 18.593000
c<A>r<8>R<PHE> 25.698999 -18.556000 18.673000
c<A>r<9>R<PHE> 26.205000 -16.587999 21.896000
c<A>r<10>R<THR> 26.209000 -12.852000 22.382000
c<A>r<11>R<SER> 26.849001 -10.992000 25.650000
c<A>r<12>R<VAL> 26.656000 -7.205000 25.889999
c<A>r<22>R<PHE> 22.954000 -12.588000 27.017000
c<A>r<23>R<ILE> 21.311001 -14.238000 24.000999
c<A>r<24>R<ALA> 21.995001 -17.783001 22.844999
c<A>r<25>R<VAL> 20.575001 -19.414000 19.725000
c<A>r<26>R<GLY> 21.021999 -22.893000 18.304001
c<A>r<32>R<GLN> 16.913000 -22.080999 14.488000
c<A>r<34>R<VAL> 16.375999 -23.264999 20.500999
c<A>r<35>R<ARG> 16.966999 -19.954000 22.257999
c<A>r<36>R<PHE> 17.871000 -18.438000 25.591000
c<A>r<37>R<ASP> 17.427000 -14.761000 26.341000
c<A>r<48>R<ARG> 11.943000 -22.725000 18.506001
c<A>r<82>R<ARG> 38.134998 -4.671000 29.785000
c<A>r<83>R<GLY> 41.346001 -5.087000 31.799000
c<A>r<84>R<TYR> 43.334999 -6.661000 28.993999
c<A>r<85>R<TYR> 42.509998 -3.761000 26.735001
c<A>r<86>R<ASN> 42.851002 -1.080000 29.452000
c<A>r<87>R<GLN> 39.292999 0.138000 28.806999
c<A>r<91>R<GLY> 31.424000 1.810000 27.797001
c<A>r<92>R<SER> 29.341999 -1.133000 26.632999
c<A>r<93>R<HIS> 31.301001 -3.998000 25.077999
c<A>r<94>R<THR> 30.386999 -7.236000 23.339001
c<A>r<96>R<GLN> 30.459999 -13.251000 20.697001
c<A>r<97>R<ARG> 31.115000 -16.972000 20.509001
c<A>r<98>R<MET> 30.138000 -19.514000 17.843000
c<A>r<116>R<TYR> 35.396999 -16.014000 19.791000
c<A>r<117>R<ALA> 35.196999 -12.220000 19.139000
c<A>r<118>R<TYR> 35.499001 -9.135000 21.299000
c<A>r<119>R<ASP> 33.873001 -5.866000 20.091000
c<A>r<120>R<GLY> 33.143002 -7.466000 16.701000
c<A>r<121>R<LYS> 36.707001 -8.463000 15.946000
c<A>r<122>R<ASP> 38.410000 -11.817000 16.000000
c<A>r<123>R<TYR> 39.875999 -12.635000 19.386999
c<A>r<134>R<THR> 44.750000 -18.801001 16.624001
c<A>r<135>R<ALA> 45.139000 -15.632000 18.732000
c<A>r<136>R<ALA> 44.491001 -12.411000 16.809999
c<A>r<137>R<ASP> 46.525002 -10.030000 19.004000
c<A>r<138>R<MET> 48.773998 -9.951000 22.062000
c<A>r<139>R<ALA> 45.849998 -9.885000 24.507000
c<A>r<140>R<ALA> 44.598999 -13.140000 23.069000
c<A>r<141>R<GLN> 48.040001 -14.665000 23.516001
c<A>r<190>R<THR> 8.987000 -10.584000 -14.626000
c<A>r<193>R<ALA> 9.293000 -1.389000 -19.459999
c<A>r<194>R<VAL> 11.547000 1.366000 -18.100000
c<A>r<195>R<SER> 11.131000 3.415000 -21.334000
c<A>r<196>R<ASP> 9.839000 2.898000 -24.802000
c<A>r<197>R<HIS> 13.148000 1.205000 -25.681999
c<A>r<198>R<GLU> 14.375000 -0.648000 -22.580000
c<A>r<199>R<ALA> 12.964000 -3.130000 -20.176001
c<A>r<202>R<ARG> 13.846000 -9.678000 -12.906000
c<A>r<204>R<TRP> 12.986000 -14.407000 -8.708000
c<A>r<206>R<LEU> 11.403000 -17.921000 -3.746000
c<A>r<207>R<SER> 10.610000 -20.296000 -0.932000
c<A>r<215>R<LEU> 21.599001 -16.448999 -9.524000
c<A>r<216>R<THR> 23.517000 -15.488000 -12.680000
c<A>r<217>R<TRP> 22.445000 -13.675000 -15.839000
c<A>r<224>R<GLN> 26.607000 -10.737000 -17.784000
c<A>r<225>R<THR> 27.343000 -8.714000 -14.664000
c<A>r<226>R<GLN> 27.062000 -5.230000 -16.223000
c<A>r<227>R<ASP> 23.666000 -3.573000 -16.141001
c<A>r<228>R<THR> 22.499001 -6.028000 -13.440000
c<A>r<229>R<GLU> 21.143000 -5.432000 -9.879000
c<A>r<230>R<LEU> 20.195999 -7.750000 -7.050000
c<A>r<231>R<VAL> 19.243000 -8.140000 -3.471000
c<A>r<232>R<GLU> 20.944000 -10.064000 -0.746000
c<A>r<234>R<ARG> 16.622000 -12.670000 2.802000
c<A>r<235>R<PRO> 14.361000 -14.715000 5.049000
c<A>r<236>R<ALA> 10.718000 -15.123000 4.051000
c<A>r<237>R<GLY> 9.738000 -15.567000 7.711000
c<A>r<238>R<ASP> 8.406000 -19.091000 7.327000
c<A>r<240>R<THR> 12.569000 -20.330999 3.679000
c<A>r<241>R<PHE> 14.551000 -17.712000 1.812000
c<A>r<242>R<GLN> 14.161000 -15.304000 -1.146000
c<A>r<243>R<LYS> 16.441999 -13.626000 -3.693000
c<A>r<244>R<TRP> 16.191000 -11.831000 -7.014000
c<A>r<245>R<ALA> 18.547001 -10.571000 -9.734000
c<A>r<246>R<ALA> 17.600000 -8.119000 -12.509000
c<A>r<247>R<VAL> 19.108999 -6.831000 -15.805000
c<A>r<248>R<VAL> 18.132999 -3.906000 -18.035000
c<A>r<249>R<VAL> 17.974001 -4.818000 -21.719000
c<A>r<250>R<PRO> 16.975000 -3.291000 -25.042000
c<B>r<0>R<MET> 35.233002 0.186000 18.777000
c<B>r<1>R<ILE> 34.030998 -1.034000 15.374000
c<B>r<2>R<GLN> 30.634001 0.343000 14.291000
c<B>r<3>R<ARG> 28.760000 -0.887000 11.247000
c<B>r<4>R<THR> 25.575001 0.600000 9.973000
c<B>r<5>R<PRO> 22.559000 -1.614000 9.273000
c<B>r<6>R<LYS> 21.552000 -2.768000 5.796000
c<B>r<7>R<ILE> 17.747000 -2.738000 5.503000
c<B>r<8>R<GLN> 15.286000 -4.628000 3.292000
c<B>r<9>R<VAL> 11.529000 -4.136000 3.543000
c<B>r<10>R<TYR> 9.363000 -6.664000 1.703000
c<B>r<11>R<SER> 6.364000 -8.943000 1.930000
c<B>r<12>R<ARG> 6.510000 -12.676000 2.387000
c<B>r<13>R<HIS> 4.162000 -13.242000 -0.602000
c<B>r<22>R<PHE> 3.305000 -10.670000 6.108000
c<B>r<23>R<LEU> 5.467000 -7.509000 6.134000
c<B>r<24>R<ASN> 9.125000 -8.023000 6.834000
c<B>r<25>R<CYS> 11.942000 -5.705000 7.734000
c<B>r<26>R<TYR> 15.321000 -7.505000 7.569000
c<B>r<27>R<VAL> 18.172001 -5.614000 9.207000
c<B>r<28>R<SER> 21.718000 -6.961000 8.839000
c<B>r<29>R<GLY> 25.368999 -6.108000 8.853000
c<B>r<30>R<PHE> 25.267000 -3.945000 11.930000
c<B>r<31>R<HIS> 27.419001 -3.663000 15.085000
c<B>r<32>R<PRO> 26.877001 -3.106000 17.990999
c<B>r<33>R<SER> 23.684000 -5.111000 18.500000
c<B>r<34>R<ASP> 21.423000 -2.486000 20.084999
c<B>r<51>R<HIS> 11.219000 -10.234000 15.852000
c<B>r<52>R<SER> 13.709000 -13.012000 15.553000
c<B>r<53>R<ASP> 16.365000 -13.904000 18.094999
c<B>r<54>R<LEU> 19.690001 -12.085000 17.664000
c<B>r<55>R<SER> 22.253000 -13.899000 15.577000
c<B>r<56>R<PHE> 25.351000 -13.005000 13.592000
c<B>r<57>R<SER> 27.312000 -13.596000 10.438000
c<B>r<58>R<LYS> 30.840000 -14.589000 9.481000
c<B>r<59>R<ASP> 32.122002 -11.087000 9.894000
c<B>r<60>R<TRP> 30.525999 -10.934000 13.368000
c<B>r<61>R<SER> 27.853001 -8.463000 12.255000
c<B>r<62>R<PHE> 24.360001 -8.945000 13.566000
c<B>r<64>R<LEU> 17.378000 -9.584000 12.824000
c<B>r<65>R<LEU> 14.008000 -10.044000 11.130000
c<B>r<66>R<TYR> 11.034000 -7.927000 12.318000
c<B>r<67>R<TYR> 7.597000 -8.968000 10.976000
c<B>r<68>R<THR> 3.880000 -8.655000 11.227000
c<B>r<86>R<THR> 25.549000 4.810000 13.573000
c<B>r<98>R<ASP> 7.805000 -4.952000 -6.620000
c<B>r<99>R<MET> 11.024000 -5.777000 -4.832000
c<D>r<2>R<GLN> 42.910000 -3.458000 20.167000
c<D>r<3>R<GLU> 41.376999 0.019000 19.968000
c<D>r<4>R<VAL> 42.939999 3.229000 18.664000
c<D>r<5>R<THR> 41.694000 6.601000 19.879000
c<D>r<25>R<PHE> 45.868000 2.342000 21.882000
c<D>r<26>R<THR> 44.608002 -0.198000 24.403999
c<D>r<27>R<ASP> 47.000000 -3.000000 23.443001
c<D>r<28>R<SER> 50.639000 -2.170000 24.201000
c<D>r<29>R<ALA> 51.869999 -5.234000 22.302000
c<D>r<30>R<ILE> 52.526001 -3.448000 19.002001
c<D>r<31>R<TYR> 55.105999 -3.951000 16.250000
c<D>r<32>R<ASN> 55.103001 -0.283000 15.240000
c<D>r<33>R<LEU> 53.058998 2.911000 14.926000
c<D>r<34>R<GLN> 52.597000 4.905000 11.734000
c<D>r<36>R<PHE> 49.554001 9.386000 7.892000
c<D>r<39>R<ASP> 43.625999 15.232000 1.970000
c<D>r<40>R<PRO> 39.888000 15.295000 1.126000
c<D>r<41>R<GLY> 39.157001 12.797000 -1.637000
c<D>r<42>R<LYS> 42.777000 11.655000 -1.867000
c<D>r<43>R<GLY> 44.943001 8.838000 -0.521000
c<D>r<44>R<LEU> 47.125000 8.329000 2.551000
c<D>r<45>R<THR> 50.591999 9.851000 2.654000
c<D>r<46>R<SER> 52.956001 8.363000 5.210000
c<D>r<48>R<LEU> 56.374001 9.011000 10.224000
c<D>r<49>R<LEU> 57.009998 5.420000 11.238000
c<D>r<50>R<ILE> 57.973000 4.489000 14.793000
c<D>r<51>R<GLN> 59.212002 0.959000 15.441000
c<D>r<52>R<SER> 58.556000 -0.721000 18.798000
c<D>r<70>R<SER> 51.169998 3.728000 28.398001
c<D>r<71>R<GLY> 49.695000 3.069000 24.968000
c<D>r<86>R<ALA> 44.264000 17.707001 6.466000
c<D>r<89>R<LEU> 45.591000 9.166000 10.952000
c<D>r<91>R<ALA> 47.769001 3.177000 13.013000
c<D>r<92>R<VAL> 49.432999 0.401000 14.993000
c<D>r<93>R<ARG> 50.303001 -3.153000 13.989000
c<D>r<94>R<PRO> 50.324001 -6.261000 16.239000
c<D>r<95>R<THR> 53.480999 -8.091000 17.284000
c<D>r<96>R<SER> 54.276001 -11.734000 18.033001
c<D>r<97>R<GLY> 52.000999 -13.350000 15.465000
c<D>r<98>R<GLY> 49.091000 -10.979000 15.936000
c<D>r<99>R<SER> 47.469002 -11.532000 12.546000
c<D>r<100>R<TYR> 49.659000 -8.645000 11.352000
c<D>r<101>R<ILE> 46.265999 -6.896000 11.313000
c<D>r<102>R<PRO> 46.668999 -3.123000 11.793000
c<D>r<103>R<THR> 44.191002 -0.953000 13.679000
c<D>r<104>R<PHE> 43.462002 2.603000 12.527000
c<D>r<105>R<GLY> 42.137001 5.502000 14.558000
c<D>r<106>R<ARG> 39.291000 7.661000 13.240000
c<D>r<107>R<GLY> 41.755001 10.510000 12.783000
c<D>r<120>R<ASP> 38.563000 44.034000 4.525000
c<D>r<122>R<ALA> 32.868000 42.584999 1.971000
c<D>r<123>R<VAL> 30.070000 40.844002 0.114000
c<D>r<124>R<TYR> 30.004000 41.221001 -3.678000
c<D>r<125>R<GLN> 27.457001 40.089001 -6.246000
c<D>r<126>R<LEU> 28.913000 38.424999 -9.350000
c<D>r<127>R<ARG> 26.819000 38.527000 -12.497000
c<D>r<128>R<ARG> 26.120001 36.236000 -15.424000
c<D>r<129>R<SER> 27.034000 32.702999 -16.413000
c<D>r<130>R<LYS> 26.150000 34.055000 -19.841999
c<D>r<131>R<SER> 22.875000 35.277000 -18.339001
c<D>r<133>R<ASP> 21.330999 30.929001 -14.588000
c<D>r<134>R<LYS> 21.806999 31.761999 -10.896000
c<D>r<135>R<SER> 22.518000 34.608002 -8.461000
c<D>r<136>R<VAL> 26.020000 34.345001 -6.959000
c<D>r<137>R<CYS> 27.579000 36.313000 -4.092000
c<D>r<138>R<LEU> 31.044001 36.286999 -2.616000
c<D>r<140>R<THR> 35.544998 37.766998 1.043000
c<D>r<141>R<ASP> 38.575001 39.243999 2.794000
c<D>r<154>R<SER> 15.338000 26.683001 1.306000
c<D>r<155>R<ASP> 16.608999 27.952999 -2.057000
c<D>r<156>R<VAL> 19.857000 29.385000 -0.694000
c<D>r<157>R<TYR> 23.261999 27.738001 -0.427000
c<D>r<158>R<ILE> 26.386000 28.851000 1.385000
c<D>r<159>R<THR> 29.700001 27.076000 0.946000
c<D>r<160>R<ASP> 32.414001 26.458000 3.493000
c<D>r<161>R<LYS> 35.230000 28.983000 3.506000
c<D>r<162>R<CYS> 38.532001 28.517000 1.718000
c<D>r<163>R<VAL> 41.759998 30.421000 1.586000
c<D>r<164>R<LEU> 43.424999 31.399000 -1.659000
c<D>r<165>R<ASP> 46.959999 32.682999 -2.029000
c<D>r<166>R<MET> 47.959999 35.256001 -4.602000
c<D>r<167>R<ARG> 51.620998 34.250000 -4.633000
c<D>r<168>R<SER> 53.102001 37.166000 -6.587000
c<D>r<169>R<MET> 51.654999 39.602001 -4.044000
c<D>r<171>R<PHE> 48.518002 38.013000 -0.301000
c<D>r<172>R<LYS> 46.070999 35.523998 1.198000
c<D>r<173>R<SER> 42.306999 35.875000 1.487000
c<D>r<174>R<ASN> 39.339001 33.944000 2.838000
c<D>r<175>R<SER> 36.037998 33.623001 1.030000
c<D>r<176>R<ALA> 32.713001 31.836000 1.027000
c<D>r<177>R<VAL> 30.183001 31.650999 -1.799000
c<D>r<178>R<ALA> 26.403999 31.951000 -1.580000
c<D>r<179>R<TRP> 23.783001 31.594000 -4.287000
c<D>r<201>R<PHE> 31.054001 46.327000 2.930000
c<D>r<202>R<PHE> 27.770000 45.605999 1.105000
c<D>r<203>R<PRO> 27.902000 47.486000 -2.238000
c<D>r<204>R<SER> 24.767000 47.299999 -4.388000
c<E>r<12>R<LEU> 27.695999 0.167000 -10.381000
c<E>r<13>R<LYS> 24.048000 -0.794000 -10.532000
c<E>r<14>R<THR> 22.965000 -3.144000 -7.742000
c<E>r<15>R<GLY> 23.764000 -6.744000 -8.623000
c<E>r<16>R<GLN> 26.601999 -5.976000 -11.026000
c<E>r<17>R<SER> 29.941000 -7.679000 -10.504000
c<E>r<18>R<MET> 33.223999 -5.809000 -10.251000
c<E>r<30>R<TYR> 51.820999 -8.542000 2.676000
c<E>r<32>R<SER> 45.433998 -5.814000 2.366000
c<E>r<36>R<GLN> 36.791000 3.943000 4.587000
c<E>r<37>R<ASP> 33.379002 5.321000 5.519000
c<E>r<38>R<PRO> 32.386002 8.660000 7.150000
c<E>r<39>R<GLY> 33.271000 8.639000 10.841000
c<E>r<40>R<MET> 33.654999 4.882000 10.444000
c<E>r<41>R<GLY> 37.425999 5.030000 10.008000
c<E>r<42>R<LEU> 39.458000 2.474000 8.040000
c<E>r<43>R<ARG> 38.109001 -1.076000 8.324000
c<E>r<44>R<LEU> 40.110001 -4.092000 7.152000
c<E>r<45>R<ILE> 38.165001 -6.272000 4.699000
c<E>r<46>R<HIS> 40.700001 -8.921000 3.663000
c<E>r<47>R<TYR> 44.444000 -9.473000 3.861000
c<E>r<48>R<SER> 47.109001 -11.769000 2.462000
c<E>r<49>R<VAL> 50.305000 -12.548000 4.368000
c<E>r<55>R<ASP> 42.280998 -14.523000 5.192000
c<E>r<56>R<GLN> 39.120998 -12.545000 5.927000
c<E>r<57>R<GLY> 39.154999 -9.338000 7.944000
c<E>r<58>R<GLU> 36.584999 -7.358000 9.915000
c<E>r<59>R<VAL> 34.066002 -6.827000 7.116000
c<E>r<60>R<PRO> 34.792999 -9.688000 4.658000
c<E>r<61>R<ASN> 31.058001 -10.146000 4.098000
c<E>r<62>R<GLY> 30.243000 -9.662000 0.427000
c<E>r<78>R<LEU> 30.261999 -10.758000 -7.146000
c<E>r<79>R<SER> 26.971001 -8.913000 -6.682000
c<E>r<80>R<ALA> 27.403000 -5.240000 -5.765000
c<E>r<81>R<ALA> 25.099001 -3.948000 -3.033000
c<E>r<82>R<PRO> 24.341999 -0.302000 -2.132000
c<E>r<83>R<SER> 25.966999 -0.839000 1.274000
c<E>r<87>R<VAL> 36.255001 4.358000 -0.626000
c<E>r<88>R<TYR> 38.493000 1.302000 -0.949000
c<E>r<89>R<PHE> 42.181000 1.326000 -0.110000
c<E>r<91>R<ALA> 47.973999 -1.273000 1.323000
c<E>r<95>R<VAL> 56.562000 -9.301000 5.687000
c<E>r<96>R<GLY> 58.554001 -8.293000 8.762000
c<E>r<97>R<ASN> 60.998001 -5.430000 8.315000
c<E>r<98>R<THR> 59.750000 -2.100000 9.701000
c<E>r<99>R<GLY> 56.069000 -2.843000 9.230000
c<E>r<100>R<GLU> 55.688000 0.279000 7.096000
c<E>r<101>R<LEU> 52.431999 0.264000 5.165000
c<E>r<102>R<PHE> 52.191002 1.668000 1.640000
c<E>r<103>R<PHE> 48.749001 2.788000 0.484000
c<E>r<104>R<GLY> 47.199001 3.019000 -2.947000
c<E>r<105>R<GLU> 45.355000 6.184000 -4.008000
c<E>r<106>R<GLY> 41.932999 4.705000 -3.312000
c<E>r<107>R<SER> 38.955002 3.606000 -5.376000
c<E>r<108>R<ARG> 35.680000 5.497000 -4.946000
c<E>r<111>R<VAL> 26.483000 1.303000 -5.955000
c<E>r<112>R<LEU> 22.948000 2.397000 -6.875000
c<E>r<113>R<GLU> 19.634001 0.594000 -7.265000
c<E>r<114>R<ASP> 18.778000 2.829000 -10.213000
c<E>r<115>R<LEU> 21.336000 4.562000 -12.441000
c<E>r<123>R<VAL> 29.115000 24.315001 -14.792000
c<E>r<124>R<ALA> 29.033001 28.099001 -14.859000
c<E>r<125>R<VAL> 31.589001 30.872999 -14.414000
c<E>r<126>R<PHE> 30.573999 34.123001 -12.759000
c<E>r<127>R<GLU> 32.560001 37.220001 -13.642000
c<E>r<128>R<PRO> 34.216999 39.626999 -11.172000
c<E>r<129>R<SER> 32.180000 42.254002 -9.364000
c<E>r<130>R<GLU> 32.946999 45.816002 -10.462000
c<E>r<131>R<ALA> 32.624001 46.819000 -6.801000
c<E>r<132>R<GLU> 35.367001 44.360001 -5.805000
c<E>r<135>R<HIS> 37.501999 48.493000 -3.721000
c<E>r<136>R<THR> 40.467999 46.078999 -3.874000
c<E>r<140>R<THR> 37.553001 37.144001 -8.197000
c<E>r<141>R<LEU> 35.935001 34.741001 -10.650000
c<E>r<142>R<VAL> 33.706001 32.004002 -9.275000
c<E>r<143>R<CYS> 33.109001 28.620001 -10.844000
c<E>r<144>R<LEU> 29.983000 26.754999 -9.794000
c<E>r<151>R<ASP> 30.490000 13.183000 -5.844000
c<E>r<152>R<HIS> 33.192001 11.929000 -8.225000
c<E>r<153>R<VAL> 34.580002 15.169000 -9.697000
c<E>r<154>R<GLU> 37.816002 17.112000 -10.244000
c<E>r<165>R<HIS> 47.071999 27.051001 -8.730000
c<E>r<166>R<SER> 48.005001 30.580999 -7.686000
c<E>r<167>R<GLY> 45.036999 32.595001 -6.449000
c<E>r<168>R<VAL> 42.721001 29.591999 -6.425000
c<E>r<169>R<CYS> 40.780998 27.672001 -3.852000
c<E>r<170>R<THR> 38.068001 25.087999 -4.166000
c<E>r<171>R<ASP> 35.618000 23.983999 -1.490000
c<E>r<172>R<PRO> 37.237999 21.103001 0.441000
c<E>r<173>R<GLN> 33.976002 19.194000 0.148000
c<E>r<174>R<PRO> 30.892000 19.563000 -2.068000
c<E>r<175>R<LEU> 27.596001 20.469999 -0.442000
c<E>r<176>R<LYS> 24.316999 18.590000 -0.692000
c<E>r<177>R<GLU> 21.556000 20.348000 -2.598000
c<E>r<178>R<GLN> 18.974001 18.165001 -0.788000
c<E>r<187>R<ALA> 27.290001 21.465000 -5.677000
c<E>r<188>R<LEU> 30.926001 22.563999 -5.607000
c<E>r<189>R<SER> 32.386002 26.052999 -5.940000
c<E>r<190>R<SER> 35.844002 27.408001 -6.656000
c<E>r<191>R<ARG> 37.404999 30.860001 -6.773000
c<E>r<192>R<LEU> 40.176998 32.256001 -8.972000
c<E>r<193>R<ARG> 41.445000 35.689999 -7.974000
c<E>r<194>R<VAL> 43.609001 37.817001 -10.257000
c<E>r<195>R<SER> 44.643002 41.450001 -10.322000
c<E>r<216>R<SER> 30.695999 3.485000 -18.820000
c<E>r<218>R<ASN> 28.289000 0.118000 -22.096001
c<E>r<219>R<ASP> 25.747000 0.568000 -19.299000
c<E>r<220>R<GLU> 22.052999 0.401000 -20.169001
c<E>r<221>R<TRP> 20.489000 3.859000 -20.367001
c<E>r<222>R<THR> 16.788000 4.308000 -21.108999
c<E>r<223>R<GLN> 16.327999 7.973000 -20.180000
c<E>r<224>R<ASP> 15.293000 10.798000 -22.497000
c<E>r<235>R<ALA> 32.611000 27.101999 -18.709999
c<E>r<236>R<GLU> 34.700001 30.094000 -19.718000
c<E>r<237>R<ALA> 35.053001 33.841999 -19.715000
