c<D>r<31>R<TYR> 36.106998 -34.084999 33.180000
c<D>r<32>R<ASN> 38.740002 -34.445000 35.893002
c<D>r<33>R<LEU> 39.749001 -36.353001 39.005001
c<D>r<34>R<GLN> 40.872002 -34.632999 42.193001
c<D>r<36>R<PHE> 42.314999 -34.279999 48.681999
c<D>r<39>R<ASP> 42.671001 -34.368000 59.028000
c<D>r<40>R<PRO> 40.055000 -34.916000 61.772999
c<D>r<41>R<GLY> 38.500999 -31.624001 62.837002
c<D>r<42>R<LYS> 40.136002 -29.868999 59.886002
c<D>r<43>R<GLY> 39.127998 -28.962000 56.341000
c<D>r<44>R<LEU> 39.905998 -30.398001 52.917999
c<D>r<45>R<THR> 43.271000 -29.677000 51.318001
c<D>r<46>R<SER> 43.575001 -30.231001 47.555000
c<D>r<48>R<LEU> 46.423000 -33.042000 42.866001
c<D>r<49>R<LEU> 44.051998 -32.417999 39.963001
c<D>r<50>R<ILE> 44.226002 -34.542000 36.834000
c<D>r<51>R<GLN> 42.237999 -33.474998 33.789001
c<D>r<52>R<SER> 40.570000 -36.332001 31.900999
c<D>r<91>R<ALA> 36.499001 -37.132999 43.568001
c<D>r<92>R<VAL> 35.431999 -36.869999 39.929001
c<D>r<93>R<ARG> 33.321999 -34.455002 37.903999
c<D>r<98>R<GLY> 24.698000 -30.179001 33.098999
c<D>r<99>R<SER> 25.000999 -30.273001 36.904999
c<D>r<100>R<TYR> 28.788000 -30.097000 37.334000
c<D>r<101>R<ILE> 28.239000 -31.898001 40.643002
c<D>r<102>R<PRO> 31.253000 -33.893002 41.905998
c<D>r<103>R<THR> 31.018999 -37.466999 43.146000
c<D>r<104>R<PHE> 33.216999 -38.217999 46.160999
c<D>r<105>R<GLY> 34.698002 -41.455002 47.394001
c<D>r<106>R<ARG> 34.423000 -42.151001 51.132000
c<D>r<107>R<GLY> 38.195000 -41.929001 51.500999
c<D>r<120>R<ASP> 62.443001 -45.771000 75.967003
c<D>r<122>R<ALA> 58.039001 -44.952000 80.503998
c<D>r<123>R<VAL> 55.056000 -43.796001 82.571999
c<D>r<124>R<TYR> 55.526001 -40.532001 84.481003
c<D>r<125>R<GLN> 53.396999 -38.592999 86.956001
c<D>r<126>R<LEU> 53.030998 -34.859001 86.329002
c<D>r<127>R<ARG> 51.602001 -32.535000 88.960999
c<D>r<128>R<ASP> 49.419998 -29.469999 88.436996
c<D>r<129>R<SER> 51.515999 -26.318001 88.439003
c<D>r<130>R<LYS> 48.706001 -24.677000 90.424004
c<D>r<131>R<SER> 48.358002 -27.455999 92.994003
c<D>r<132>R<SER> 50.335999 -30.650999 93.527000
c<D>r<134>R<LYS> 45.972000 -33.221001 91.052002
c<D>r<135>R<SER> 48.105000 -34.882999 88.392998
c<D>r<136>R<VAL> 48.132000 -36.736000 85.075996
c<D>r<137>R<CYS> 50.002998 -39.842999 83.939003
c<D>r<138>R<LEU> 52.139999 -39.577000 80.821999
c<D>r<140>R<THR> 55.780998 -41.724998 76.480003
c<D>r<141>R<ASP> 58.705002 -42.701000 74.244003
c<D>r<154>R<SER> 34.098999 -44.905998 83.849998
c<D>r<155>R<ASP> 35.403999 -41.418999 84.672997
c<D>r<156>R<VAL> 38.969002 -42.403999 83.704002
c<D>r<157>R<TYR> 40.213001 -40.567001 80.627998
c<D>r<158>R<ILE> 42.928001 -41.773998 78.258003
c<D>r<159>R<THR> 43.979000 -40.002998 75.071999
c<D>r<160>R<ASP> 45.319000 -41.830002 72.042999
c<D>r<161>R<LYS> 48.973000 -41.831001 70.997002
c<D>r<162>R<CYS> 50.158001 -38.457001 69.647003
c<D>r<163>R<VAL> 53.535000 -37.832001 67.975998
c<D>r<164>R<LEU> 55.502998 -34.665001 68.733002
c<D>r<165>R<ASP> 58.555000 -33.462002 66.866997
c<D>r<166>R<MET> 61.570999 -31.584000 68.202003
c<D>r<167>R<ARG> 63.145000 -30.606001 64.870003
c<D>r<168>R<SER> 66.213997 -28.743999 66.152000
c<D>r<169>R<MET> 67.114998 -32.067001 67.779999
c<D>r<171>R<PHE> 63.914001 -36.097000 67.546997
c<D>r<172>R<LYS> 60.331001 -37.370998 67.658997
c<D>r<173>R<SER> 58.287998 -39.171001 70.301003
c<D>r<174>R<ASN> 54.905998 -40.729000 70.970001
c<D>r<175>R<SER> 52.847000 -40.076000 74.075996
c<D>r<176>R<ALA> 49.395000 -40.665001 75.517998
c<D>r<177>R<VAL> 47.875999 -39.064999 78.609001
c<D>r<178>R<ALA> 45.664001 -40.542000 81.334000
c<D>r<179>R<TRP> 43.935001 -38.891998 84.274002
c<D>r<201>R<PHE> 60.084000 -47.612999 83.093002
c<D>r<202>R<PHE> 57.970001 -47.005001 86.202003
c<D>r<203>R<PRO> 59.873001 -44.591000 88.466003
c<D>r<204>R<SER> 58.824001 -44.608002 92.122002
c<E>r<30>R<TYR> 30.165001 -22.677999 40.314999
c<E>r<32>R<SER> 28.236000 -25.131001 46.432999
c<E>r<39>R<GLY> 29.385000 -42.230999 58.556999
c<E>r<40>R<MET> 27.674000 -40.028999 55.973999
c<E>r<41>R<GLY> 30.576000 -38.521000 54.029999
c<E>r<42>R<LEU> 30.198000 -35.162998 52.265999
c<E>r<43>R<ARG> 26.613001 -34.512001 51.203999
c<E>r<44>R<LEU> 25.725000 -31.711000 48.789001
c<E>r<47>R<TYR> 24.733000 -25.459999 44.366001
c<E>r<48>R<SER> 24.753000 -22.695000 41.754002
c<E>r<49>R<VAL> 26.292999 -22.396000 38.299999
c<E>r<55>R<ASP> 19.631001 -25.972000 42.481998
c<E>r<57>R<GLY> 21.695000 -31.150000 46.050999
c<E>r<87>R<VAL> 30.452000 -29.167000 59.790001
c<E>r<88>R<TYR> 29.662001 -27.139000 56.667999
c<E>r<89>R<PHE> 31.910999 -26.645000 53.653999
c<E>r<91>R<ALA> 33.252998 -25.266001 47.516998
c<E>r<93>R<SER> 35.206001 -23.763000 40.846001
c<E>r<94>R<TYR> 35.096001 -22.627001 37.243999
c<E>r<95>R<VAL> 32.623001 -24.348000 34.931000
c<E>r<96>R<GLY> 35.626999 -24.927000 32.695000
c<E>r<97>R<ASN> 39.419998 -24.660000 32.770000
c<E>r<98>R<THR> 40.778999 -27.476000 34.941002
c<E>r<99>R<GLY> 37.523998 -27.620001 36.903000
c<E>r<100>R<GLU> 39.493999 -27.806000 40.172001
c<E>r<101>R<LEU> 37.342999 -27.591000 43.326000
c<E>r<102>R<PHE> 38.355000 -25.111000 46.044998
c<E>r<103>R<PHE> 37.009998 -25.740000 49.551998
c<E>r<104>R<GLY> 36.435001 -23.136000 52.233002
c<E>r<105>R<GLU> 37.935001 -23.695999 55.700001
c<E>r<106>R<GLY> 34.723000 -25.098000 57.178001
c<E>r<107>R<SER> 32.108002 -23.879000 59.660999
c<E>r<108>R<ARG> 31.115999 -25.891001 62.727001
c<E>r<124>R<ALA> 45.351002 -26.714001 83.726997
c<E>r<125>R<VAL> 49.056999 -27.155001 83.023003
c<E>r<126>R<PHE> 51.000000 -30.048000 84.527000
c<E>r<127>R<GLU> 54.747002 -29.819000 85.111000
c<E>r<128>R<PRO> 57.321999 -32.320999 83.808998
c<E>r<129>R<SER> 58.377998 -34.987000 86.265999
c<E>r<130>R<GLU> 61.855000 -35.122002 87.738998
c<E>r<131>R<ALA> 62.034000 -38.750000 86.625000
c<E>r<132>R<GLU> 61.558998 -37.793999 82.962997
c<E>r<135>R<HIS> 65.878998 -40.320000 82.389000
c<E>r<136>R<THR> 65.648003 -38.458000 79.069000
c<E>r<140>R<THR> 57.180000 -32.667000 78.802002
c<E>r<141>R<LEU> 54.466000 -30.254999 79.933998
c<E>r<142>R<VAL> 50.855000 -31.330000 79.557999
c<E>r<143>R<CYS> 47.817001 -29.106001 79.140999
c<E>r<144>R<LEU> 44.321999 -30.355000 79.912003
c<E>r<151>R<ASP> 33.555000 -28.995001 70.945000
c<E>r<165>R<HIS> 54.643002 -25.207001 67.445000
c<E>r<166>R<SER> 57.896999 -27.150000 67.672997
c<E>r<167>R<GLY> 57.738998 -29.931000 70.232002
c<E>r<168>R<VAL> 53.937000 -29.739000 70.429001
c<E>r<169>R<CYS> 51.277000 -32.432999 69.884003
c<E>r<170>R<THR> 47.596001 -31.778000 70.564003
c<E>r<171>R<ASP> 45.001999 -34.560001 70.329002
c<E>r<172>R<PRO> 43.391998 -34.493000 66.859001
c<E>r<173>R<GLN> 39.945000 -34.622002 68.441002
c<E>r<174>R<PRO> 38.518002 -34.166000 71.959999
c<E>r<175>R<LEU> 37.242001 -37.110001 73.964996
c<E>r<176>R<LYS> 33.838001 -37.361000 75.622002
c<E>r<177>R<GLU> 34.042000 -37.229000 79.403000
c<E>r<178>R<GLN> 30.827999 -39.286999 79.449997
c<E>r<179>R<PRO> 31.054001 -41.526001 76.306999
c<E>r<180>R<ALA> 27.525000 -42.893002 76.740997
c<E>r<187>R<ALA> 38.250000 -32.888000 77.307999
c<E>r<188>R<LEU> 41.332001 -32.257999 75.165001
c<E>r<189>R<SER> 45.009998 -32.755001 75.997002
c<E>r<190>R<SER> 48.203999 -31.337999 74.542000
c<E>r<191>R<ARG> 51.902000 -31.802999 75.174004
c<E>r<192>R<LEU> 54.826000 -29.405001 74.844002
c<E>r<193>R<ARG> 58.238998 -31.035000 75.154999
c<E>r<194>R<VAL> 61.411999 -29.017000 75.730003
c<E>r<195>R<SER> 65.003998 -29.723000 76.772003
c<E>r<235>R<ALA> 46.887001 -21.976999 82.528000
c<E>r<236>R<GLU> 50.562000 -21.292000 83.105003
c<E>r<237>R<ALA> 53.785999 -22.577999 84.606003
c<E>r<238>R<TRP> 57.301998 -21.275000 85.113998
