c<A>r<7>R<TYR> 25.423000 -22.339001 18.593000
c<A>r<8>R<PHE> 25.698999 -18.556000 18.673000
c<A>r<9>R<PHE> 26.205000 -16.587999 21.896000
c<A>r<10>R<THR> 26.209000 -12.852000 22.382000
c<A>r<11>R<SER> 26.849001 -10.992000 25.650000
c<A>r<12>R<VAL> 26.656000 -7.205000 25.889999
c<A>r<22>R<PHE> 22.954000 -12.588000 27.017000
c<A>r<23>R<ILE> 21.311001 -14.238000 24.000999
c<A>r<24>R<ALA> 21.995001 -17.783001 22.844999
c<A>r<25>R<VAL> 20.575001 -19.414000 19.725000
c<A>r<26>R<GLY> 21.021999 -22.893000 18.304001
c<A>r<32>R<GLN> 16.913000 -22.080999 14.488000
c<A>r<34>R<VAL> 16.375999 -23.264999 20.500999
c<A>r<35>R<ARG> 16.966999 -19.954000 22.257999
c<A>r<36>R<PHE> 17.871000 -18.438000 25.591000
c<A>r<37>R<ASP> 17.427000 -14.761000 26.341000
c<A>r<48>R<ARG> 11.943000 -22.725000 18.506001
c<A>r<79>R<GLY> 35.360001 -7.960000 32.876999
c<A>r<80>R<THR> 38.664001 -9.616000 32.026001
c<A>r<81>R<LEU> 38.807999 -8.188000 28.511000
c<A>r<82>R<ARG> 38.134998 -4.671000 29.785000
c<A>r<83>R<GLY> 41.346001 -5.087000 31.799000
c<A>r<84>R<TYR> 43.334999 -6.661000 28.993999
c<A>r<85>R<TYR> 42.509998 -3.761000 26.735001
c<A>r<86>R<ASN> 42.851002 -1.080000 29.452000
c<A>r<87>R<GLN> 39.292999 0.138000 28.806999
c<A>r<91>R<GLY> 31.424000 1.810000 27.797001
c<A>r<92>R<SER> 29.341999 -1.133000 26.632999
c<A>r<93>R<HIS> 31.301001 -3.998000 25.077999
c<A>r<94>R<THR> 30.386999 -7.236000 23.339001
c<A>r<96>R<GLN> 30.459999 -13.251000 20.697001
c<A>r<97>R<ARG> 31.115000 -16.972000 20.509001
c<A>r<98>R<MET> 30.138000 -19.514000 17.843000
c<A>r<111>R<ARG> 34.596001 -30.951000 11.036000
c<A>r<112>R<GLY> 34.344002 -28.813999 14.159000
c<A>r<113>R<TYR> 34.904999 -25.148001 14.935000
c<A>r<114>R<HIS> 34.998001 -22.655001 17.802000
c<A>r<115>R<GLN> 35.361000 -18.922001 17.309999
c<A>r<116>R<TYR> 35.396999 -16.014000 19.791000
c<A>r<117>R<ALA> 35.196999 -12.220000 19.139000
c<A>r<118>R<TYR> 35.499001 -9.135000 21.299000
c<A>r<119>R<ASP> 33.873001 -5.866000 20.091000
c<A>r<120>R<GLY> 33.143002 -7.466000 16.701000
c<A>r<121>R<LYS> 36.707001 -8.463000 15.946000
c<A>r<122>R<ASP> 38.410000 -11.817000 16.000000
c<A>r<123>R<TYR> 39.875999 -12.635000 19.386999
c<A>r<124>R<ILE> 40.699001 -16.351999 19.573999
c<A>r<125>R<ALA> 39.662998 -19.455999 17.552000
c<A>r<126>R<LEU> 40.381001 -23.132999 17.415001
c<A>r<127>R<LYS> 42.448002 -24.184000 14.410000
c<A>r<128>R<GLU> 40.958000 -26.673000 11.915000
c<A>r<129>R<ASP> 42.523998 -29.707001 13.663000
c<A>r<130>R<LEU> 40.877998 -28.761000 16.958000
c<A>r<131>R<ARG> 44.199001 -29.073999 18.757000
c<A>r<132>R<SER> 45.598999 -25.521000 18.834000
c<A>r<133>R<TRP> 44.549999 -21.892000 18.865999
c<A>r<134>R<THR> 44.750000 -18.801001 16.624001
c<A>r<135>R<ALA> 45.139000 -15.632000 18.732000
c<A>r<136>R<ALA> 44.491001 -12.411000 16.809999
c<A>r<137>R<ASP> 46.525002 -10.030000 19.004000
c<A>r<138>R<MET> 48.773998 -9.951000 22.062000
c<A>r<139>R<ALA> 45.849998 -9.885000 24.507000
c<A>r<140>R<ALA> 44.598999 -13.140000 23.069000
c<A>r<141>R<GLN> 48.040001 -14.665000 23.516001
c<A>r<142>R<THR> 47.356998 -14.621000 27.290001
c<A>r<143>R<THR> 44.209999 -16.565001 26.707001
c<A>r<144>R<LYS> 45.936001 -18.972000 24.336000
c<A>r<145>R<HIS> 48.624001 -19.775000 26.907000
c<A>r<146>R<LYS> 46.055000 -20.142000 29.726999
c<A>r<147>R<TRP> 43.981998 -22.469000 27.552000
c<A>r<148>R<GLU> 46.950001 -24.518999 26.457001
c<A>r<149>R<ALA> 47.931999 -25.066999 30.125999
c<A>r<150>R<ALA> 44.432999 -26.158001 31.033001
c<A>r<151>R<HIS> 44.032001 -28.434999 27.996000
c<A>r<190>R<THR> 8.987000 -10.584000 -14.626000
c<A>r<202>R<ARG> 13.846000 -9.678000 -12.906000
c<A>r<204>R<TRP> 12.986000 -14.407000 -8.708000
c<A>r<206>R<LEU> 11.403000 -17.921000 -3.746000
c<A>r<207>R<SER> 10.610000 -20.296000 -0.932000
c<A>r<212>R<GLU> 22.854000 -20.910000 -0.215000
c<A>r<213>R<ILE> 21.936001 -20.061001 -3.806000
c<A>r<214>R<THR> 23.465000 -18.556000 -6.998000
c<A>r<215>R<LEU> 21.599001 -16.448999 -9.524000
c<A>r<216>R<THR> 23.517000 -15.488000 -12.680000
c<A>r<217>R<TRP> 22.445000 -13.675000 -15.839000
c<A>r<223>R<ASP> 27.997999 -14.277000 -17.912001
c<A>r<224>R<GLN> 26.607000 -10.737000 -17.784000
c<A>r<225>R<THR> 27.343000 -8.714000 -14.664000
c<A>r<226>R<GLN> 27.062000 -5.230000 -16.223000
c<A>r<227>R<ASP> 23.666000 -3.573000 -16.141001
c<A>r<228>R<THR> 22.499001 -6.028000 -13.440000
c<A>r<229>R<GLU> 21.143000 -5.432000 -9.879000
c<A>r<230>R<LEU> 20.195999 -7.750000 -7.050000
c<A>r<231>R<VAL> 19.243000 -8.140000 -3.471000
c<A>r<232>R<GLU> 20.944000 -10.064000 -0.746000
c<A>r<233>R<THR> 19.316999 -13.364000 0.230000
c<A>r<234>R<ARG> 16.622000 -12.670000 2.802000
c<A>r<235>R<PRO> 14.361000 -14.715000 5.049000
c<A>r<236>R<ALA> 10.718000 -15.123000 4.051000
c<A>r<237>R<GLY> 9.738000 -15.567000 7.711000
c<A>r<238>R<ASP> 8.406000 -19.091000 7.327000
c<A>r<240>R<THR> 12.569000 -20.330999 3.679000
c<A>r<241>R<PHE> 14.551000 -17.712000 1.812000
c<A>r<242>R<GLN> 14.161000 -15.304000 -1.146000
c<A>r<243>R<LYS> 16.441999 -13.626000 -3.693000
c<A>r<244>R<TRP> 16.191000 -11.831000 -7.014000
c<A>r<260>R<HIS> 20.681000 -19.413000 -14.266000
c<A>r<261>R<VAL> 19.752001 -20.732000 -10.826000
c<A>r<262>R<GLN> 21.959000 -23.114000 -8.808000
c<A>r<263>R<HIS> 20.673000 -24.587999 -5.565000
c<A>r<264>R<GLU> 21.216000 -27.900000 -3.764000
c<B>r<0>R<MET> 35.233002 0.186000 18.777000
c<B>r<1>R<ILE> 34.030998 -1.034000 15.374000
c<B>r<2>R<GLN> 30.634001 0.343000 14.291000
c<B>r<3>R<ARG> 28.760000 -0.887000 11.247000
c<B>r<4>R<THR> 25.575001 0.600000 9.973000
c<B>r<6>R<LYS> 21.552000 -2.768000 5.796000
c<B>r<8>R<GLN> 15.286000 -4.628000 3.292000
c<B>r<9>R<VAL> 11.529000 -4.136000 3.543000
c<B>r<10>R<TYR> 9.363000 -6.664000 1.703000
c<B>r<11>R<SER> 6.364000 -8.943000 1.930000
c<B>r<12>R<ARG> 6.510000 -12.676000 2.387000
c<B>r<13>R<HIS> 4.162000 -13.242000 -0.602000
c<B>r<22>R<PHE> 3.305000 -10.670000 6.108000
c<B>r<23>R<LEU> 5.467000 -7.509000 6.134000
c<B>r<24>R<ASN> 9.125000 -8.023000 6.834000
c<B>r<25>R<CYS> 11.942000 -5.705000 7.734000
c<B>r<26>R<TYR> 15.321000 -7.505000 7.569000
c<B>r<27>R<VAL> 18.172001 -5.614000 9.207000
c<B>r<28>R<SER> 21.718000 -6.961000 8.839000
c<B>r<29>R<GLY> 25.368999 -6.108000 8.853000
c<B>r<30>R<PHE> 25.267000 -3.945000 11.930000
c<B>r<31>R<HIS> 27.419001 -3.663000 15.085000
c<B>r<32>R<PRO> 26.877001 -3.106000 17.990999
c<B>r<33>R<SER> 23.684000 -5.111000 18.500000
c<B>r<34>R<ASP> 21.423000 -2.486000 20.084999
c<B>r<51>R<HIS> 11.219000 -10.234000 15.852000
c<B>r<52>R<SER> 13.709000 -13.012000 15.553000
c<B>r<53>R<ASP> 16.365000 -13.904000 18.094999
c<B>r<54>R<LEU> 19.690001 -12.085000 17.664000
c<B>r<55>R<SER> 22.253000 -13.899000 15.577000
c<B>r<56>R<PHE> 25.351000 -13.005000 13.592000
c<B>r<57>R<SER> 27.312000 -13.596000 10.438000
c<B>r<58>R<LYS> 30.840000 -14.589000 9.481000
c<B>r<59>R<ASP> 32.122002 -11.087000 9.894000
c<B>r<60>R<TRP> 30.525999 -10.934000 13.368000
c<B>r<61>R<SER> 27.853001 -8.463000 12.255000
c<B>r<62>R<PHE> 24.360001 -8.945000 13.566000
c<B>r<64>R<LEU> 17.378000 -9.584000 12.824000
c<B>r<65>R<LEU> 14.008000 -10.044000 11.130000
c<B>r<66>R<TYR> 11.034000 -7.927000 12.318000
c<B>r<67>R<TYR> 7.597000 -8.968000 10.976000
c<B>r<68>R<THR> 3.880000 -8.655000 11.227000
c<B>r<98>R<ASP> 7.805000 -4.952000 -6.620000
c<B>r<99>R<MET> 11.024000 -5.777000 -4.832000
c<D>r<2>R<GLN> 29.150999 -8.364000 0.108000
c<D>r<3>R<GLU> 30.580000 -10.493000 2.920000
c<D>r<4>R<VAL> 33.664001 -12.713000 2.882000
c<D>r<5>R<THR> 33.953999 -15.636000 5.285000
c<D>r<6>R<GLN> 37.073002 -17.738001 5.790000
c<D>r<7>R<ILE> 37.084000 -21.030001 7.671000
c<D>r<8>R<PRO> 38.646000 -22.478001 9.663000
c<D>r<9>R<ALA> 39.605999 -19.249001 11.439000
c<D>r<10>R<ALA> 42.629002 -21.118000 12.780000
c<D>r<11>R<LEU> 44.226002 -24.351000 11.623000
c<D>r<12>R<SER> 46.901001 -26.454000 13.312000
c<D>r<13>R<VAL> 48.403000 -29.438999 11.501000
c<D>r<14>R<PRO> 51.493000 -31.681000 11.521000
c<D>r<19>R<LEU> 45.759998 -28.584999 3.693000
c<D>r<20>R<VAL> 42.389999 -27.087000 2.720000
c<D>r<21>R<LEU> 41.431999 -23.431000 3.316000
c<D>r<24>R<SER> 33.109001 -17.823999 0.879000
c<D>r<25>R<PHE> 31.400000 -14.692000 -0.386000
c<D>r<26>R<THR> 27.721001 -13.760000 -0.445000
c<D>r<27>R<ASP> 27.823000 -11.761000 -3.683000
c<D>r<28>R<SER> 28.629000 -13.905000 -6.726000
c<D>r<29>R<ALA> 29.049999 -10.834000 -8.942000
c<D>r<30>R<ILE> 32.832001 -10.568000 -8.576000
c<D>r<31>R<TYR> 35.588001 -9.403000 -10.929000
c<D>r<32>R<ASN> 38.212002 -11.681000 -9.376000
c<D>r<33>R<LEU> 39.452000 -13.374000 -6.202000
c<D>r<34>R<GLN> 42.931999 -12.998000 -4.742000
c<D>r<36>R<PHE> 47.432999 -13.421000 0.123000
c<D>r<39>R<ASP> 53.502998 -12.886000 8.323000
c<D>r<40>R<PRO> 53.175999 -11.356000 11.822000
c<D>r<41>R<GLY> 54.033001 -7.661000 11.689000
c<D>r<42>R<LYS> 54.687000 -7.719000 7.944000
c<D>r<43>R<GLY> 52.813000 -6.930000 4.734000
c<D>r<44>R<LEU> 50.641998 -8.899000 2.311000
c<D>r<45>R<THR> 52.278999 -11.161000 -0.249000
c<D>r<46>R<SER> 50.109001 -12.137000 -3.195000
c<D>r<48>R<LEU> 47.248001 -16.452999 -6.424000
c<D>r<49>R<LEU> 44.838001 -14.426000 -8.525000
c<D>r<50>R<ILE> 41.720001 -15.976000 -10.042000
c<D>r<51>R<GLN> 39.811001 -13.971000 -12.641000
c<D>r<52>R<SER> 36.034000 -14.351000 -12.967000
c<D>r<53>R<SER> 36.671001 -16.289000 -16.186001
c<D>r<68>R<LYS> 31.427999 -18.034000 -8.489000
c<D>r<69>R<SER> 27.865000 -19.375000 -8.591000
c<D>r<70>R<SER> 28.190001 -20.976000 -5.150000
c<D>r<71>R<GLY> 30.285999 -18.113001 -3.814000
c<D>r<86>R<ALA> 51.178001 -17.504000 8.402000
c<D>r<87>R<THR> 47.784000 -15.879000 8.023000
c<D>r<89>R<LEU> 43.679001 -13.788000 3.423000
c<D>r<91>R<ALA> 39.668999 -10.945000 -1.126000
c<D>r<92>R<VAL> 37.148998 -10.393000 -3.908000
c<D>r<93>R<ARG> 36.488998 -7.337000 -6.058000
c<D>r<94>R<PRO> 33.120998 -6.193000 -7.494000
c<D>r<95>R<THR> 32.256001 -6.294000 -11.187000
c<D>r<96>R<SER> 30.084000 -4.126000 -13.434000
c<D>r<97>R<GLY> 30.774000 -0.765000 -11.817000
c<D>r<98>R<GLY> 30.719999 -2.004000 -8.243000
c<D>r<99>R<SER> 32.792999 0.799000 -6.734000
c<D>r<100>R<TYR> 35.806000 -1.418000 -7.483000
c<D>r<101>R<ILE> 35.733002 -1.747000 -3.680000
c<D>r<102>R<PRO> 37.292000 -5.057000 -2.566000
c<D>r<103>R<THR> 36.094002 -7.059000 0.428000
c<D>r<104>R<PHE> 38.575001 -8.954000 2.609000
c<D>r<105>R<GLY> 37.938000 -11.942000 4.833000
c<D>r<106>R<ARG> 39.277000 -12.036000 8.397000
c<D>r<107>R<GLY> 41.740002 -14.717000 7.328000
c<D>r<108>R<THR> 42.887001 -18.155001 8.439000
c<D>r<109>R<SER> 45.786999 -18.386000 10.876000
c<D>r<110>R<LEU> 47.816002 -21.455000 9.954000
c<D>r<111>R<ILE> 50.421001 -23.236000 12.040000
c<D>r<120>R<ASP> 64.017998 -35.125999 24.339001
c<D>r<122>R<ALA> 63.813999 -30.889999 29.142000
c<D>r<123>R<VAL> 63.708000 -27.676001 31.132999
c<D>r<124>R<TYR> 67.004997 -25.830000 31.625999
c<D>r<125>R<GLN> 67.856003 -22.764000 33.685001
c<D>r<126>R<LEU> 70.017998 -20.170000 31.917999
c<D>r<127>R<ARG> 72.075996 -17.871000 34.104000
c<D>r<128>R<ARG> 73.178001 -14.254000 34.036999
c<D>r<129>R<SER> 72.528999 -11.236000 31.856001
c<D>r<130>R<LYS> 75.772003 -10.105000 33.460999
c<D>r<131>R<SER> 74.202003 -10.922000 36.828999
c<D>r<133>R<ASP> 68.545998 -9.193000 36.209999
c<D>r<134>R<LYS> 66.037003 -12.043000 35.837002
c<D>r<135>R<SER> 65.615997 -15.818000 36.152000
c<D>r<136>R<VAL> 65.236000 -17.490000 32.738998
c<D>r<137>R<CYS> 64.267998 -21.077999 31.896000
c<D>r<138>R<LEU> 64.014000 -22.909000 28.613001
c<D>r<140>R<THR> 62.985001 -27.431999 24.830999
c<D>r<141>R<ASP> 63.113998 -30.452000 22.530001
c<D>r<145>R<GLN> 51.880001 -32.294998 20.302999
c<D>r<146>R<THR> 53.000000 -30.789000 23.604000
c<D>r<147>R<ASN> 51.241001 -27.552999 24.479000
c<D>r<148>R<VAL> 52.680000 -24.844000 26.707001
c<D>r<149>R<SER> 50.101002 -23.101999 28.888000
c<D>r<150>R<GLN> 50.300999 -19.920000 30.957001
c<D>r<151>R<SER> 51.459000 -19.930000 34.576000
c<D>r<152>R<LYS> 49.129002 -19.202999 37.485001
c<D>r<154>R<SER> 51.654999 -13.012000 38.792000
c<D>r<155>R<ASP> 55.410000 -12.492000 38.391998
c<D>r<156>R<VAL> 55.900002 -15.324000 35.903000
c<D>r<157>R<TYR> 55.838001 -15.206000 32.113998
c<D>r<158>R<ILE> 55.765999 -18.006001 29.576000
c<D>r<159>R<THR> 56.198002 -17.365999 25.871000
c<D>r<160>R<ASP> 54.557999 -19.114000 22.957001
c<D>r<161>R<LYS> 56.575001 -21.910999 21.402000
c<D>r<162>R<CYS> 58.756001 -21.528999 18.334000
c<D>r<163>R<VAL> 60.705002 -23.885000 16.164000
c<D>r<164>R<LEU> 64.334000 -23.322001 15.278000
c<D>r<165>R<ASP> 66.263000 -25.156000 12.596000
c<D>r<166>R<MET> 69.926003 -26.007999 12.910000
c<D>r<167>R<ARG> 70.494003 -26.295000 9.167000
c<D>r<168>R<SER> 73.949997 -27.900000 9.133000
c<D>r<169>R<MET> 72.628998 -30.778999 11.245000
c<D>r<171>R<PHE> 67.876999 -30.712999 13.190000
c<D>r<172>R<LYS> 64.733002 -28.896999 14.312000
c<D>r<173>R<SER> 63.604000 -28.216000 17.865999
c<D>r<174>R<ASN> 60.708000 -26.597000 19.697001
c<D>r<175>R<SER> 61.112000 -24.361000 22.715000
c<D>r<176>R<ALA> 59.304001 -21.990999 25.030001
c<D>r<177>R<VAL> 60.834000 -19.518999 27.474001
c<D>r<178>R<ALA> 59.733002 -18.756001 31.027000
c<D>r<179>R<TRP> 61.055000 -16.190001 33.474998
c<D>r<191>R<PHE> 55.679001 -24.815001 33.433998
c<D>r<192>R<ASN> 53.914001 -26.952999 36.056000
c<D>r<193>R<ASN> 50.588001 -25.674000 34.702999
c<D>r<194>R<SER> 50.727001 -27.340000 31.296000
c<D>r<195>R<ILE> 50.641998 -30.975000 30.212000
c<D>r<196>R<ILE> 54.200001 -32.205002 29.691000
c<D>r<201>R<PHE> 64.334999 -33.789001 32.231998
c<D>r<202>R<PHE> 64.564003 -31.238001 35.074001
c<D>r<203>R<PRO> 68.279999 -30.865000 35.957001
c<D>r<204>R<SER> 69.080002 -28.591999 38.903000
c<E>r<30>R<TYR> 43.632000 2.710000 -8.771000
c<E>r<32>R<SER> 43.416000 2.661000 -1.822000
c<E>r<36>R<GLN> 43.903999 -3.580000 9.825000
c<E>r<37>R<ASP> 42.842999 -4.159000 13.424000
c<E>r<38>R<PRO> 42.845001 -7.363000 15.551000
c<E>r<39>R<GLY> 40.035999 -9.671000 14.462000
c<E>r<40>R<MET> 38.639000 -6.652000 12.630000
c<E>r<41>R<GLY> 40.136002 -7.639000 9.280000
c<E>r<42>R<LEU> 41.087002 -5.161000 6.544000
c<E>r<43>R<ARG> 38.740002 -2.170000 6.326000
c<E>r<44>R<LEU> 38.800999 0.228000 3.374000
c<E>r<46>R<HIS> 39.492001 5.744000 1.152000
c<E>r<47>R<TYR> 40.117001 4.953000 -2.501000
c<E>r<48>R<SER> 40.903999 6.725000 -5.753000
c<E>r<49>R<VAL> 39.852001 5.317000 -9.124000
c<E>r<55>R<ASP> 35.943001 8.761000 -2.658000
c<E>r<57>R<GLY> 35.318001 4.133000 2.076000
c<E>r<58>R<GLU> 33.930000 2.258000 5.071000
c<E>r<59>R<VAL> 35.790001 4.156000 7.792000
c<E>r<83>R<SER> 41.250999 5.180000 18.025000
c<E>r<87>R<VAL> 48.259998 -0.829000 10.868000
c<E>r<88>R<TYR> 47.667999 1.056000 7.620000
c<E>r<89>R<PHE> 48.028000 -0.524000 4.202000
c<E>r<91>R<ALA> 47.210999 -1.026000 -2.235000
c<E>r<95>R<VAL> 42.112999 0.213000 -13.625000
c<E>r<96>R<GLY> 40.626999 -2.877000 -15.266000
c<E>r<97>R<ASN> 43.083000 -5.568000 -16.311001
c<E>r<98>R<THR> 43.210999 -8.553000 -13.936000
c<E>r<99>R<GLY> 42.199001 -6.625000 -10.841000
c<E>r<100>R<GLU> 45.376999 -7.738000 -9.079000
c<E>r<101>R<LEU> 46.047001 -5.683000 -5.971000
c<E>r<102>R<PHE> 49.574001 -4.729000 -4.924000
c<E>r<103>R<PHE> 50.104000 -3.933000 -1.247000
c<E>r<104>R<GLY> 52.612999 -1.735000 0.515000
c<E>r<105>R<GLU> 54.514000 -3.048000 3.549000
c<E>r<106>R<GLY> 52.250999 -1.278000 6.026000
c<E>r<107>R<SER> 52.578999 1.608000 8.454000
c<E>r<108>R<ARG> 52.222000 0.873000 12.171000
c<E>r<123>R<VAL> 67.683998 -6.259000 26.462000
c<E>r<124>R<ALA> 69.563004 -9.129000 28.063999
c<E>r<125>R<VAL> 71.271004 -12.283000 26.813999
c<E>r<126>R<PHE> 71.203003 -15.426000 28.924999
c<E>r<127>R<GLU> 74.003998 -17.919001 28.424000
c<E>r<128>R<PRO> 73.606003 -21.653999 27.695999
c<E>r<129>R<SER> 72.820000 -24.096001 30.478001
c<E>r<130>R<GLU> 75.681999 -26.469000 31.292000
c<E>r<131>R<ALA> 73.056000 -29.195999 31.719000
c<E>r<132>R<GLU> 71.807999 -28.660000 28.153000
c<E>r<135>R<HIS> 72.706001 -33.658001 27.712000
c<E>r<136>R<THR> 72.490997 -32.581001 24.047001
c<E>r<140>R<THR> 70.878998 -22.381001 23.434000
c<E>r<141>R<LEU> 71.275002 -18.669001 24.125000
c<E>r<142>R<VAL> 68.175003 -16.658001 24.955999
c<E>r<143>R<CYS> 67.652000 -12.983000 24.256001
c<E>r<144>R<LEU> 64.990997 -11.200000 26.280001
c<E>r<151>R<ASP> 55.250000 -3.043000 20.066000
c<E>r<152>R<HIS> 57.367001 -1.541000 17.271999
c<E>r<153>R<VAL> 60.555000 -3.639000 17.417999
c<E>r<154>R<GLU> 62.868999 -5.797000 15.287000
c<E>r<165>R<HIS> 69.081001 -17.082001 10.727000
c<E>r<166>R<SER> 70.204002 -20.676001 11.217000
c<E>r<167>R<GLY> 69.328003 -22.049000 14.644000
c<E>r<168>R<VAL> 67.189003 -19.049999 15.547000
c<E>r<169>R<CYS> 63.580002 -18.427000 16.355000
c<E>r<170>R<THR> 61.812000 -15.446000 17.815001
c<E>r<171>R<ASP> 58.370998 -15.362000 19.407000
c<E>r<172>R<PRO> 55.827999 -14.689000 16.627001
c<E>r<173>R<GLN> 54.217999 -12.081000 18.857000
c<E>r<174>R<PRO> 55.358002 -10.215000 21.985001
c<E>r<175>R<LEU> 53.527000 -10.850000 25.236000
c<E>r<176>R<LYS> 51.889999 -8.284000 27.490999
c<E>r<177>R<GLU> 53.542999 -7.763000 30.858999
c<E>r<178>R<GLN> 50.254002 -6.319000 32.202999
c<E>r<179>R<PRO> 47.562000 -8.327000 30.292000
c<E>r<180>R<ALA> 44.505001 -6.256000 31.215000
c<E>r<181>R<LEU> 45.992001 -2.955000 29.976999
c<E>r<182>R<ASN> 45.499001 -1.600000 26.464001
c<E>r<183>R<ASP> 48.888000 0.115000 26.701000
c<E>r<184>R<SER> 50.695000 -2.664000 28.527000
c<E>r<186>R<TYR> 55.686001 -5.835000 26.141001
c<E>r<187>R<ALA> 58.250000 -8.605000 26.305000
c<E>r<188>R<LEU> 59.754002 -10.572000 23.424000
c<E>r<189>R<SER> 62.144001 -13.521000 23.518999
c<E>r<190>R<SER> 64.373001 -15.194000 20.962000
c<E>r<191>R<ARG> 66.595001 -18.264000 20.934999
c<E>r<192>R<LEU> 69.874001 -18.938000 19.129999
c<E>r<193>R<ARG> 71.084000 -22.531000 19.280001
c<E>r<194>R<VAL> 74.617996 -23.544001 18.330000
c<E>r<195>R<SER> 76.737000 -26.627001 18.853001
c<E>r<235>R<ALA> 73.266998 -7.264000 24.683001
c<E>r<236>R<GLU> 76.149002 -9.636000 24.056000
c<E>r<237>R<ALA> 78.074997 -12.646000 25.240999
