c<A>r<7>R<TYR> 25.423000 -22.339001 18.593000
c<A>r<8>R<PHE> 25.698999 -18.556000 18.673000
c<A>r<9>R<PHE> 26.205000 -16.587999 21.896000
c<A>r<10>R<THR> 26.209000 -12.852000 22.382000
c<A>r<11>R<SER> 26.849001 -10.992000 25.650000
c<A>r<12>R<VAL> 26.656000 -7.205000 25.889999
c<A>r<22>R<PHE> 22.954000 -12.588000 27.017000
c<A>r<23>R<ILE> 21.311001 -14.238000 24.000999
c<A>r<24>R<ALA> 21.995001 -17.783001 22.844999
c<A>r<25>R<VAL> 20.575001 -19.414000 19.725000
c<A>r<26>R<GLY> 21.021999 -22.893000 18.304001
c<A>r<32>R<GLN> 16.913000 -22.080999 14.488000
c<A>r<34>R<VAL> 16.375999 -23.264999 20.500999
c<A>r<35>R<ARG> 16.966999 -19.954000 22.257999
c<A>r<36>R<PHE> 17.871000 -18.438000 25.591000
c<A>r<37>R<ASP> 17.427000 -14.761000 26.341000
c<A>r<48>R<ARG> 11.943000 -22.725000 18.506001
c<A>r<85>R<TYR> 42.509998 -3.761000 26.735001
c<A>r<91>R<GLY> 31.424000 1.810000 27.797001
c<A>r<92>R<SER> 29.341999 -1.133000 26.632999
c<A>r<93>R<HIS> 31.301001 -3.998000 25.077999
c<A>r<94>R<THR> 30.386999 -7.236000 23.339001
c<A>r<96>R<GLN> 30.459999 -13.251000 20.697001
c<A>r<97>R<ARG> 31.115000 -16.972000 20.509001
c<A>r<98>R<MET> 30.138000 -19.514000 17.843000
c<A>r<113>R<TYR> 34.904999 -25.148001 14.935000
c<A>r<115>R<GLN> 35.361000 -18.922001 17.309999
c<A>r<116>R<TYR> 35.396999 -16.014000 19.791000
c<A>r<117>R<ALA> 35.196999 -12.220000 19.139000
c<A>r<118>R<TYR> 35.499001 -9.135000 21.299000
c<A>r<119>R<ASP> 33.873001 -5.866000 20.091000
c<A>r<120>R<GLY> 33.143002 -7.466000 16.701000
c<A>r<121>R<LYS> 36.707001 -8.463000 15.946000
c<A>r<122>R<ASP> 38.410000 -11.817000 16.000000
c<A>r<123>R<TYR> 39.875999 -12.635000 19.386999
c<A>r<124>R<ILE> 40.699001 -16.351999 19.573999
c<A>r<125>R<ALA> 39.662998 -19.455999 17.552000
c<A>r<126>R<LEU> 40.381001 -23.132999 17.415001
c<A>r<127>R<LYS> 42.448002 -24.184000 14.410000
c<A>r<128>R<GLU> 40.958000 -26.673000 11.915000
c<A>r<134>R<THR> 44.750000 -18.801001 16.624001
c<A>r<135>R<ALA> 45.139000 -15.632000 18.732000
c<A>r<136>R<ALA> 44.491001 -12.411000 16.809999
c<A>r<137>R<ASP> 46.525002 -10.030000 19.004000
c<A>r<138>R<MET> 48.773998 -9.951000 22.062000
c<A>r<139>R<ALA> 45.849998 -9.885000 24.507000
c<A>r<140>R<ALA> 44.598999 -13.140000 23.069000
c<A>r<141>R<GLN> 48.040001 -14.665000 23.516001
c<A>r<190>R<THR> 8.987000 -10.584000 -14.626000
c<A>r<202>R<ARG> 13.846000 -9.678000 -12.906000
c<A>r<204>R<TRP> 12.986000 -14.407000 -8.708000
c<A>r<206>R<LEU> 11.403000 -17.921000 -3.746000
c<A>r<207>R<SER> 10.610000 -20.296000 -0.932000
c<A>r<211>R<ALA> 19.804001 -20.364000 2.024000
c<A>r<212>R<GLU> 22.854000 -20.910000 -0.215000
c<A>r<213>R<ILE> 21.936001 -20.061001 -3.806000
c<A>r<214>R<THR> 23.465000 -18.556000 -6.998000
c<A>r<215>R<LEU> 21.599001 -16.448999 -9.524000
c<A>r<216>R<THR> 23.517000 -15.488000 -12.680000
c<A>r<217>R<TRP> 22.445000 -13.675000 -15.839000
c<A>r<218>R<GLN> 23.870001 -14.579000 -19.261999
c<A>r<222>R<GLU> 28.153999 -15.806000 -21.426001
c<A>r<223>R<ASP> 27.997999 -14.277000 -17.912001
c<A>r<224>R<GLN> 26.607000 -10.737000 -17.784000
c<A>r<225>R<THR> 27.343000 -8.714000 -14.664000
c<A>r<226>R<GLN> 27.062000 -5.230000 -16.223000
c<A>r<227>R<ASP> 23.666000 -3.573000 -16.141001
c<A>r<228>R<THR> 22.499001 -6.028000 -13.440000
c<A>r<229>R<GLU> 21.143000 -5.432000 -9.879000
c<A>r<230>R<LEU> 20.195999 -7.750000 -7.050000
c<A>r<231>R<VAL> 19.243000 -8.140000 -3.471000
c<A>r<232>R<GLU> 20.944000 -10.064000 -0.746000
c<A>r<233>R<THR> 19.316999 -13.364000 0.230000
c<A>r<234>R<ARG> 16.622000 -12.670000 2.802000
c<A>r<235>R<PRO> 14.361000 -14.715000 5.049000
c<A>r<236>R<ALA> 10.718000 -15.123000 4.051000
c<A>r<237>R<GLY> 9.738000 -15.567000 7.711000
c<A>r<238>R<ASP> 8.406000 -19.091000 7.327000
c<A>r<240>R<THR> 12.569000 -20.330999 3.679000
c<A>r<241>R<PHE> 14.551000 -17.712000 1.812000
c<A>r<242>R<GLN> 14.161000 -15.304000 -1.146000
c<A>r<243>R<LYS> 16.441999 -13.626000 -3.693000
c<A>r<244>R<TRP> 16.191000 -11.831000 -7.014000
c<A>r<260>R<HIS> 20.681000 -19.413000 -14.266000
c<A>r<262>R<GLN> 21.959000 -23.114000 -8.808000
c<A>r<269>R<PRO> 20.604000 -25.816999 -12.512000
c<B>r<0>R<MET> 35.233002 0.186000 18.777000
c<B>r<1>R<ILE> 34.030998 -1.034000 15.374000
c<B>r<2>R<GLN> 30.634001 0.343000 14.291000
c<B>r<3>R<ARG> 28.760000 -0.887000 11.247000
c<B>r<4>R<THR> 25.575001 0.600000 9.973000
c<B>r<6>R<LYS> 21.552000 -2.768000 5.796000
c<B>r<7>R<ILE> 17.747000 -2.738000 5.503000
c<B>r<8>R<GLN> 15.286000 -4.628000 3.292000
c<B>r<9>R<VAL> 11.529000 -4.136000 3.543000
c<B>r<10>R<TYR> 9.363000 -6.664000 1.703000
c<B>r<11>R<SER> 6.364000 -8.943000 1.930000
c<B>r<12>R<ARG> 6.510000 -12.676000 2.387000
c<B>r<13>R<HIS> 4.162000 -13.242000 -0.602000
c<B>r<22>R<PHE> 3.305000 -10.670000 6.108000
c<B>r<23>R<LEU> 5.467000 -7.509000 6.134000
c<B>r<24>R<ASN> 9.125000 -8.023000 6.834000
c<B>r<25>R<CYS> 11.942000 -5.705000 7.734000
c<B>r<26>R<TYR> 15.321000 -7.505000 7.569000
c<B>r<27>R<VAL> 18.172001 -5.614000 9.207000
c<B>r<28>R<SER> 21.718000 -6.961000 8.839000
c<B>r<29>R<GLY> 25.368999 -6.108000 8.853000
c<B>r<30>R<PHE> 25.267000 -3.945000 11.930000
c<B>r<31>R<HIS> 27.419001 -3.663000 15.085000
c<B>r<32>R<PRO> 26.877001 -3.106000 17.990999
c<B>r<33>R<SER> 23.684000 -5.111000 18.500000
c<B>r<34>R<ASP> 21.423000 -2.486000 20.084999
c<B>r<51>R<HIS> 11.219000 -10.234000 15.852000
c<B>r<52>R<SER> 13.709000 -13.012000 15.553000
c<B>r<53>R<ASP> 16.365000 -13.904000 18.094999
c<B>r<54>R<LEU> 19.690001 -12.085000 17.664000
c<B>r<55>R<SER> 22.253000 -13.899000 15.577000
c<B>r<56>R<PHE> 25.351000 -13.005000 13.592000
c<B>r<57>R<SER> 27.312000 -13.596000 10.438000
c<B>r<58>R<LYS> 30.840000 -14.589000 9.481000
c<B>r<59>R<ASP> 32.122002 -11.087000 9.894000
c<B>r<60>R<TRP> 30.525999 -10.934000 13.368000
c<B>r<61>R<SER> 27.853001 -8.463000 12.255000
c<B>r<62>R<PHE> 24.360001 -8.945000 13.566000
c<B>r<64>R<LEU> 17.378000 -9.584000 12.824000
c<B>r<65>R<LEU> 14.008000 -10.044000 11.130000
c<B>r<66>R<TYR> 11.034000 -7.927000 12.318000
c<B>r<67>R<TYR> 7.597000 -8.968000 10.976000
c<B>r<68>R<THR> 3.880000 -8.655000 11.227000
c<B>r<98>R<ASP> 7.805000 -4.952000 -6.620000
c<B>r<99>R<MET> 11.024000 -5.777000 -4.832000
c<D>r<8>R<PRO> 35.646000 -18.031000 -26.365999
c<D>r<10>R<ALA> 37.708000 -14.817000 -22.782000
c<D>r<11>R<LEU> 35.217999 -16.389000 -20.400000
c<D>r<12>R<SER> 33.779999 -15.008000 -17.166000
c<D>r<13>R<VAL> 31.575001 -17.195000 -14.976000
c<D>r<14>R<PRO> 30.316000 -17.493999 -11.384000
c<D>r<15>R<GLU> 31.969000 -20.275999 -9.400000
c<D>r<16>R<GLY> 30.124001 -23.573999 -9.317000
c<D>r<17>R<GLU> 29.194000 -23.547001 -12.994000
c<D>r<31>R<TYR> 49.622002 -36.789001 -33.926998
c<D>r<32>R<ASN> 48.018002 -35.564999 -30.701000
c<D>r<33>R<LEU> 46.388000 -32.643002 -28.888000
c<D>r<34>R<GLN> 47.563000 -31.188999 -25.589001
c<D>r<36>R<PHE> 47.870998 -26.469999 -20.926001
c<D>r<39>R<ASP> 49.147999 -18.341000 -14.871000
c<D>r<40>R<PRO> 50.104000 -14.675000 -15.449000
c<D>r<41>R<GLY> 53.880001 -14.355000 -15.668000
c<D>r<42>R<LYS> 54.445999 -18.086000 -15.200000
c<D>r<43>R<GLY> 55.039001 -21.149000 -17.368999
c<D>r<44>R<LEU> 52.831001 -23.773001 -19.013000
c<D>r<45>R<THR> 51.441002 -26.615000 -16.930000
c<D>r<46>R<SER> 50.238998 -29.632999 -18.875000
c<D>r<48>R<LEU> 45.695000 -33.341999 -20.561001
c<D>r<49>R<LEU> 47.186001 -35.143002 -23.538000
c<D>r<50>R<ILE> 45.001999 -36.805000 -26.165001
c<D>r<51>R<GLN> 46.672001 -39.109001 -28.679001
c<D>r<52>R<SER> 45.277000 -39.435001 -32.209999
c<D>r<86>R<ALA> 44.083000 -18.812000 -15.803000
c<D>r<89>R<LEU> 46.071999 -23.195999 -24.268000
c<D>r<91>R<ALA> 48.169998 -27.306000 -29.122999
c<D>r<92>R<VAL> 48.305000 -29.966000 -31.823999
c<D>r<93>R<ARG> 51.277000 -31.709000 -33.412998
c<D>r<94>R<PRO> 51.577000 -32.950001 -37.030998
c<D>r<95>R<THR> 51.666000 -36.617001 -38.006001
c<D>r<99>R<SER> 58.050999 -31.319000 -39.268002
c<D>r<100>R<TYR> 56.882999 -32.375000 -35.792999
c<D>r<101>R<ILE> 56.105999 -28.643000 -35.591999
c<D>r<102>R<PRO> 53.268002 -27.969999 -33.118000
c<D>r<103>R<THR> 50.674000 -25.236000 -33.566002
c<D>r<104>R<PHE> 49.320000 -23.337999 -30.552999
c<D>r<105>R<GLY> 46.035999 -21.497000 -30.223000
c<D>r<106>R<ARG> 45.911999 -17.990000 -28.746000
c<D>r<107>R<GLY> 44.182999 -19.415001 -25.684000
c<D>r<115>R<TYR> 30.334999 -16.305000 -4.642000
c<D>r<116>R<ILE> 30.068001 -13.563000 -2.044000
c<D>r<117>R<GLN> 27.499001 -14.710000 0.511000
c<D>r<118>R<ASN> 27.098000 -11.366000 2.273000
c<D>r<119>R<PRO> 28.087000 -8.374000 0.114000
c<D>r<120>R<ASP> 29.098000 -5.359000 2.193000
c<D>r<122>R<ALA> 32.512001 -0.061000 1.035000
c<D>r<123>R<VAL> 35.308998 2.317000 0.127000
c<D>r<124>R<TYR> 37.944000 2.997000 2.794000
c<D>r<125>R<GLN> 40.863998 5.413000 2.848000
c<D>r<126>R<LEU> 44.152000 3.958000 4.111000
c<D>r<127>R<ARG> 46.669998 6.389000 5.544000
c<D>r<128>R<ARG> 50.432999 6.762000 5.584000
c<D>r<129>R<SER> 53.375999 4.983000 4.013000
c<D>r<130>R<LYS> 55.186001 6.677000 6.882000
c<D>r<131>R<SER> 53.570000 9.935000 5.763000
c<D>r<133>R<ASP> 53.682999 9.606000 -0.173000
c<D>r<134>R<LYS> 50.301998 8.910000 -1.798000
c<D>r<135>R<SER> 46.551998 8.756000 -1.129000
c<D>r<136>R<VAL> 45.250000 5.165000 -1.186000
c<D>r<137>R<CYS> 41.659000 3.892000 -1.149000
c<D>r<138>R<LEU> 40.227001 0.409000 -1.033000
c<D>r<140>R<THR> 36.070000 -3.897000 -0.931000
c<D>r<141>R<ASP> 33.500999 -6.558000 -0.068000
c<D>r<143>R<ASP> 29.523001 -8.776000 -5.014000
c<D>r<144>R<SER> 31.316999 -10.358000 -7.978000
c<D>r<145>R<GLN> 28.818001 -8.862000 -10.429000
c<D>r<146>R<THR> 30.186001 -5.413000 -9.621000
c<D>r<147>R<ASN> 32.664001 -4.119000 -12.173000
c<D>r<154>R<SER> 44.955002 11.893000 -15.178000
c<D>r<155>R<ASP> 46.561001 11.516000 -11.741000
c<D>r<156>R<VAL> 44.293999 8.687000 -10.595000
c<D>r<157>R<TYR> 44.831001 4.944000 -10.866000
c<D>r<158>R<ILE> 42.441002 2.076000 -10.270000
c<D>r<159>R<THR> 43.604000 -1.524000 -10.209000
c<D>r<160>R<ASP> 41.814999 -4.614000 -11.428000
c<D>r<161>R<LYS> 39.905998 -6.531000 -8.783000
c<D>r<162>R<CYS> 41.245998 -9.553000 -6.943000
c<D>r<163>R<VAL> 39.808998 -12.024000 -4.517000
c<D>r<164>R<LEU> 41.478001 -12.876000 -1.237000
c<D>r<165>R<ASP> 40.591999 -15.789000 1.001000
c<D>r<166>R<MET> 40.784000 -15.628000 4.767000
c<D>r<167>R<ARG> 41.108002 -19.384001 5.216000
c<D>r<168>R<SER> 40.563999 -19.660000 8.977000
c<D>r<169>R<MET> 37.202999 -17.909000 8.617000
c<D>r<170>R<ASP> 36.203999 -19.495001 5.299000
c<D>r<171>R<PHE> 35.692001 -15.913000 4.132000
c<D>r<172>R<LYS> 36.396999 -14.537000 0.663000
c<D>r<173>R<SER> 36.311001 -10.912000 -0.444000
c<D>r<174>R<ASN> 36.817001 -8.857000 -3.589000
c<D>r<175>R<SER> 38.708000 -5.589000 -3.685000
c<D>r<176>R<ALA> 40.181000 -2.974000 -5.974000
c<D>r<177>R<VAL> 42.683998 -0.259000 -5.085000
c<D>r<178>R<ALA> 42.683998 3.375000 -6.188000
c<D>r<179>R<TRP> 45.215000 6.108000 -5.524000
c<D>r<195>R<ILE> 28.569000 1.148000 -11.520000
c<D>r<196>R<ILE> 28.469000 0.435000 -7.788000
c<D>r<197>R<PRO> 25.722000 -0.338000 -5.233000
c<D>r<199>R<ASP> 24.233999 1.578000 -0.559000
c<D>r<201>R<PHE> 29.541000 2.635000 2.492000
c<D>r<202>R<PHE> 31.702999 5.771000 2.130000
c<D>r<203>R<PRO> 33.008999 6.649000 5.630000
c<D>r<204>R<SER> 35.056999 9.846000 5.899000
c<E>r<30>R<TYR> 63.182999 -33.230999 -29.506001
c<E>r<32>R<SER> 62.264999 -26.341000 -29.372999
c<E>r<36>R<GLN> 55.105999 -15.572000 -26.611000
c<E>r<38>R<PRO> 50.539001 -10.351000 -26.298000
c<E>r<39>R<GLY> 47.672001 -11.686000 -28.395000
c<E>r<40>R<MET> 50.362000 -13.110000 -30.667000
c<E>r<41>R<GLY> 50.237000 -16.573999 -29.112000
c<E>r<42>R<LEU> 53.185001 -18.990999 -29.023001
c<E>r<43>R<ARG> 55.390999 -18.804001 -32.120998
c<E>r<44>R<LEU> 58.035000 -21.434999 -32.873001
c<E>r<46>R<HIS> 63.740002 -22.957001 -33.859001
c<E>r<47>R<TYR> 63.590000 -26.688000 -33.209999
c<E>r<48>R<SER> 65.877998 -29.702000 -33.105000
c<E>r<49>R<VAL> 64.632004 -33.209999 -33.876999
c<E>r<55>R<ASP> 66.047997 -26.316999 -38.286999
c<E>r<57>R<GLY> 60.914001 -22.191999 -37.368000
c<E>r<58>R<GLU> 58.387001 -19.438000 -38.032001
c<E>r<87>R<VAL> 58.839001 -14.246000 -23.156000
c<E>r<88>R<TYR> 60.844002 -17.225000 -24.403999
c<E>r<89>R<PHE> 59.841000 -20.818001 -23.777000
c<E>r<91>R<ALA> 59.881001 -27.257000 -24.722000
c<E>r<95>R<VAL> 60.939999 -38.341000 -30.490999
c<E>r<96>R<GLY> 57.768002 -40.337002 -31.127001
c<E>r<97>R<ASN> 56.026001 -41.740002 -28.066999
c<E>r<98>R<THR> 52.944000 -39.757999 -26.997000
c<E>r<99>R<GLY> 54.132000 -36.435001 -28.363001
c<E>r<100>R<GLU> 53.769001 -34.863998 -24.921000
c<E>r<101>R<LEU> 55.553001 -31.531000 -24.709000
c<E>r<102>R<PHE> 57.340000 -30.416000 -21.544001
c<E>r<103>R<PHE> 57.820000 -26.674999 -21.087000
c<E>r<104>R<GLY> 60.417999 -24.683001 -19.214001
c<E>r<105>R<GLU> 59.355000 -21.860001 -16.882000
c<E>r<106>R<GLY> 60.108002 -19.153999 -19.431000
c<E>r<107>R<SER> 62.665001 -16.388000 -19.809999
c<E>r<108>R<ARG> 61.431999 -12.788000 -19.771999
c<E>r<123>R<VAL> 57.366001 0.312000 -2.279000
c<E>r<124>R<ALA> 54.980999 1.520000 0.402000
c<E>r<125>R<VAL> 52.609001 -0.135000 2.864000
c<E>r<126>R<PHE> 49.353001 1.567000 3.779000
c<E>r<127>R<GLU> 47.833000 0.725000 7.139000
c<E>r<128>R<PRO> 44.250000 -0.459000 7.769000
c<E>r<129>R<SER> 41.377998 2.005000 7.830000
c<E>r<130>R<GLU> 39.837002 2.481000 11.277000
c<E>r<131>R<ALA> 36.446999 2.596000 9.543000
c<E>r<132>R<GLU> 37.018002 -0.860000 8.029000
c<E>r<133>R<ILE> 37.977001 -2.202000 11.451000
c<E>r<134>R<SER> 34.863998 -0.818000 13.110000
c<E>r<135>R<HIS> 32.567001 -1.933000 10.270000
c<E>r<136>R<THR> 33.958000 -5.432000 9.590000
c<E>r<137>R<GLN> 36.290001 -6.439000 12.439000
c<E>r<138>R<LYS> 38.824001 -7.043000 9.659000
c<E>r<139>R<ALA> 41.872002 -5.014000 8.662000
c<E>r<140>R<THR> 43.280998 -4.746000 5.159000
c<E>r<141>R<LEU> 46.845001 -3.601000 4.531000
c<E>r<142>R<VAL> 47.783001 -2.488000 1.034000
c<E>r<143>R<CYS> 51.214001 -2.717000 -0.530000
c<E>r<144>R<LEU> 51.921001 -0.453000 -3.485000
c<E>r<151>R<ASP> 57.644001 -5.482000 -15.402000
c<E>r<152>R<HIS> 60.000000 -8.091000 -13.924000
c<E>r<153>R<VAL> 58.889999 -8.247000 -10.272000
c<E>r<154>R<GLU> 57.742001 -10.659000 -7.550000
c<E>r<165>R<HIS> 49.293999 -16.669001 1.353000
c<E>r<166>R<SER> 46.134998 -16.643999 3.461000
c<E>r<167>R<GLY> 44.181000 -13.406000 3.166000
c<E>r<168>R<VAL> 46.323002 -12.109000 0.317000
c<E>r<169>R<CYS> 45.797001 -11.187000 -3.280000
c<E>r<170>R<THR> 47.963001 -9.345000 -5.742000
c<E>r<171>R<ASP> 46.881001 -7.712000 -8.989000
c<E>r<172>R<PRO> 47.124001 -10.356000 -11.747000
c<E>r<173>R<GLN> 48.889999 -7.798000 -13.917000
c<E>r<174>R<PRO> 50.625000 -4.476000 -13.200000
c<E>r<175>R<LEU> 49.122002 -1.307000 -14.625000
c<E>r<176>R<LYS> 50.838001 1.270000 -16.806999
c<E>r<177>R<GLU> 51.410000 4.656000 -15.210000
c<E>r<178>R<GLN> 51.694000 6.210000 -18.705000
c<E>r<187>R<ALA> 52.474998 -0.024000 -10.675000
c<E>r<188>R<LEU> 51.365002 -3.146000 -8.816000
c<E>r<189>R<SER> 49.226002 -3.448000 -5.695000
c<E>r<190>R<SER> 48.563000 -6.222000 -3.209000
c<E>r<191>R<ARG> 46.273998 -6.659000 -0.220000
c<E>r<192>R<LEU> 46.773998 -8.574000 3.029000
c<E>r<193>R<ARG> 43.680000 -8.888000 5.202000
c<E>r<194>R<VAL> 43.830002 -10.000000 8.830000
c<E>r<195>R<SER> 41.435001 -9.892000 11.749000
c<E>r<196>R<ALA> 41.245998 -6.551000 13.523000
c<E>r<197>R<THR> 42.542999 -8.223000 16.693001
c<E>r<198>R<PHE> 45.665001 -9.418000 14.890000
c<E>r<199>R<TRP> 46.340000 -5.946000 13.483000
c<E>r<200>R<GLN> 45.785999 -4.458000 16.941000
c<E>r<201>R<ASP> 48.643002 -6.476000 18.474001
c<E>r<202>R<PRO> 51.740002 -4.191000 18.462999
c<E>r<203>R<ARG> 53.963001 -7.282000 18.431999
c<E>r<204>R<ASN> 52.868000 -8.249000 14.922000
c<E>r<235>R<ALA> 58.201000 -1.646000 3.272000
c<E>r<236>R<GLU> 56.834000 -2.599000 6.671000
c<E>r<237>R<ALA> 54.377998 -1.823000 9.416000
c<E>r<239>R<GLY> 50.276001 -3.514000 14.482000
c<E>r<240>R<ARG> 48.778000 -0.885000 16.774000
c<E>r<241>R<ALA> 46.217999 -1.004000 19.584999
c<E>r<242>R<ASP> 44.617001 2.087000 18.056000
