c<A>r<1>R<GLY> 24.291000 -34.508999 2.251000
c<A>r<2>R<SER> 26.290001 -32.780998 5.061000
c<A>r<3>R<HIS> 24.697001 -31.059999 7.983000
c<A>r<7>R<TYR> 25.423000 -22.339001 18.593000
c<A>r<8>R<PHE> 25.698999 -18.556000 18.673000
c<A>r<9>R<PHE> 26.205000 -16.587999 21.896000
c<A>r<10>R<THR> 26.209000 -12.852000 22.382000
c<A>r<11>R<SER> 26.849001 -10.992000 25.650000
c<A>r<12>R<VAL> 26.656000 -7.205000 25.889999
c<A>r<22>R<PHE> 22.954000 -12.588000 27.017000
c<A>r<23>R<ILE> 21.311001 -14.238000 24.000999
c<A>r<24>R<ALA> 21.995001 -17.783001 22.844999
c<A>r<25>R<VAL> 20.575001 -19.414000 19.725000
c<A>r<26>R<GLY> 21.021999 -22.893000 18.304001
c<A>r<31>R<THR> 17.000999 -23.665001 10.980000
c<A>r<32>R<GLN> 16.913000 -22.080999 14.488000
c<A>r<33>R<PHE> 15.709000 -24.629999 17.021000
c<A>r<34>R<VAL> 16.375999 -23.264999 20.500999
c<A>r<35>R<ARG> 16.966999 -19.954000 22.257999
c<A>r<36>R<PHE> 17.871000 -18.438000 25.591000
c<A>r<37>R<ASP> 17.427000 -14.761000 26.341000
c<A>r<42>R<SER> 11.406000 -18.051001 31.938000
c<A>r<44>R<ARG> 15.056000 -21.396999 30.516001
c<A>r<45>R<MET> 16.330999 -22.681000 27.174999
c<A>r<46>R<GLU> 13.221000 -22.636000 24.983999
c<A>r<47>R<PRO> 12.136000 -24.514000 21.884001
c<A>r<48>R<ARG> 11.943000 -22.725000 18.506001
c<A>r<49>R<ALA> 11.239000 -25.719999 16.186001
c<A>r<50>R<PRO> 8.519000 -28.344999 16.493999
c<A>r<51>R<TRP> 10.836000 -31.330999 16.379999
c<A>r<52>R<ILE> 12.775000 -30.302000 19.459999
c<A>r<53>R<GLU> 9.521000 -30.177000 21.535999
c<A>r<54>R<GLN> 9.801000 -34.046001 21.469999
c<A>r<55>R<GLU> 12.507000 -33.608002 24.160999
c<A>r<56>R<GLY> 11.522000 -34.147999 27.746000
c<A>r<57>R<PRO> 12.063000 -32.098000 30.874001
c<A>r<58>R<GLU> 15.478000 -33.530998 31.546000
c<A>r<59>R<TYR> 16.686001 -32.084000 28.198999
c<A>r<60>R<TRP> 15.356000 -28.600000 29.033001
c<A>r<61>R<ASP> 16.805000 -28.750999 32.573002
c<A>r<91>R<GLY> 31.424000 1.810000 27.797001
c<A>r<92>R<SER> 29.341999 -1.133000 26.632999
c<A>r<93>R<HIS> 31.301001 -3.998000 25.077999
c<A>r<94>R<THR> 30.386999 -7.236000 23.339001
c<A>r<96>R<GLN> 30.459999 -13.251000 20.697001
c<A>r<97>R<ARG> 31.115000 -16.972000 20.509001
c<A>r<98>R<MET> 30.138000 -19.514000 17.843000
c<A>r<103>R<VAL> 28.552000 -34.431999 9.836000
c<A>r<104>R<GLY> 28.986000 -35.683998 6.331000
c<A>r<105>R<SER> 26.753000 -37.780998 4.202000
c<A>r<106>R<ASP> 28.002001 -40.799999 6.008000
c<A>r<107>R<TRP> 26.540001 -39.280998 9.227000
c<A>r<108>R<ARG> 30.031000 -39.251999 10.774000
c<A>r<116>R<TYR> 35.396999 -16.014000 19.791000
c<A>r<117>R<ALA> 35.196999 -12.220000 19.139000
c<A>r<118>R<TYR> 35.499001 -9.135000 21.299000
c<A>r<119>R<ASP> 33.873001 -5.866000 20.091000
c<A>r<120>R<GLY> 33.143002 -7.466000 16.701000
c<A>r<121>R<LYS> 36.707001 -8.463000 15.946000
c<A>r<122>R<ASP> 38.410000 -11.817000 16.000000
c<A>r<166>R<GLU> 25.438999 -37.466999 18.594999
c<A>r<169>R<ARG> 22.290001 -37.148998 14.416000
c<A>r<170>R<ARG> 19.360001 -37.320000 16.889999
c<A>r<172>R<LEU> 18.333000 -34.884998 12.039000
c<A>r<173>R<GLU> 16.256001 -38.013000 12.515000
c<A>r<174>R<ASN> 13.655000 -36.445999 14.786000
c<A>r<175>R<GLY> 13.295000 -33.460999 12.480000
c<A>r<176>R<LYS> 13.733000 -35.352001 9.206000
c<A>r<177>R<GLU> 10.642000 -34.030998 7.574000
c<A>r<178>R<THR> 12.147000 -30.598000 7.398000
c<A>r<179>R<LEU> 15.825000 -30.733999 8.350000
c<A>r<180>R<GLN> 16.584999 -33.342999 5.665000
c<A>r<181>R<ARG> 14.246000 -31.969999 2.998000
c<A>r<182>R<THR> 15.541000 -29.424000 0.485000
c<A>r<183>R<ASP> 13.134000 -26.864000 -0.876000
c<A>r<184>R<ALA> 14.139000 -26.004000 -4.409000
c<A>r<185>R<PRO> 13.532000 -22.391001 -5.388000
c<A>r<186>R<LYS> 10.261000 -21.552999 -7.059000
c<A>r<190>R<THR> 8.987000 -10.584000 -14.626000
c<A>r<202>R<ARG> 13.846000 -9.678000 -12.906000
c<A>r<204>R<TRP> 12.986000 -14.407000 -8.708000
c<A>r<206>R<LEU> 11.403000 -17.921000 -3.746000
c<A>r<207>R<SER> 10.610000 -20.296000 -0.932000
c<A>r<208>R<PHE> 13.952000 -22.100000 -0.984000
c<A>r<209>R<TYR> 15.944000 -23.923000 1.712000
c<A>r<230>R<LEU> 20.195999 -7.750000 -7.050000
c<A>r<231>R<VAL> 19.243000 -8.140000 -3.471000
c<A>r<232>R<GLU> 20.944000 -10.064000 -0.746000
c<A>r<234>R<ARG> 16.622000 -12.670000 2.802000
c<A>r<235>R<PRO> 14.361000 -14.715000 5.049000
c<A>r<236>R<ALA> 10.718000 -15.123000 4.051000
c<A>r<237>R<GLY> 9.738000 -15.567000 7.711000
c<A>r<238>R<ASP> 8.406000 -19.091000 7.327000
c<A>r<239>R<GLY> 11.797000 -20.733999 7.371000
c<A>r<240>R<THR> 12.569000 -20.330999 3.679000
c<A>r<241>R<PHE> 14.551000 -17.712000 1.812000
c<A>r<242>R<GLN> 14.161000 -15.304000 -1.146000
c<A>r<243>R<LYS> 16.441999 -13.626000 -3.693000
c<A>r<244>R<TRP> 16.191000 -11.831000 -7.014000
c<A>r<265>R<GLY> 17.530001 -28.754000 -4.137000
c<A>r<266>R<LEU> 17.917999 -28.705999 -7.907000
c<A>r<267>R<PRO> 19.287001 -31.896000 -9.554000
c<B>r<0>R<MET> 35.233002 0.186000 18.777000
c<B>r<1>R<ILE> 34.030998 -1.034000 15.374000
c<B>r<2>R<GLN> 30.634001 0.343000 14.291000
c<B>r<3>R<ARG> 28.760000 -0.887000 11.247000
c<B>r<6>R<LYS> 21.552000 -2.768000 5.796000
c<B>r<8>R<GLN> 15.286000 -4.628000 3.292000
c<B>r<9>R<VAL> 11.529000 -4.136000 3.543000
c<B>r<10>R<TYR> 9.363000 -6.664000 1.703000
c<B>r<11>R<SER> 6.364000 -8.943000 1.930000
c<B>r<12>R<ARG> 6.510000 -12.676000 2.387000
c<B>r<13>R<HIS> 4.162000 -13.242000 -0.602000
c<B>r<14>R<PRO> 3.103000 -11.086000 -3.608000
c<B>r<15>R<ALA> 0.977000 -8.252000 -2.551000
c<B>r<16>R<GLU> -2.696000 -8.375000 -3.287000
c<B>r<17>R<ASN> -4.998000 -5.707000 -1.970000
c<B>r<18>R<GLY> -7.392000 -6.972000 0.590000
c<B>r<19>R<LYS> -5.478000 -10.298000 1.056000
c<B>r<20>R<SER> -3.626000 -11.222000 4.249000
c<B>r<21>R<ASN> 0.189000 -11.341000 4.019000
c<B>r<22>R<PHE> 3.305000 -10.670000 6.108000
c<B>r<23>R<LEU> 5.467000 -7.509000 6.134000
c<B>r<24>R<ASN> 9.125000 -8.023000 6.834000
c<B>r<25>R<CYS> 11.942000 -5.705000 7.734000
c<B>r<26>R<TYR> 15.321000 -7.505000 7.569000
c<B>r<27>R<VAL> 18.172001 -5.614000 9.207000
c<B>r<28>R<SER> 21.718000 -6.961000 8.839000
c<B>r<30>R<PHE> 25.267000 -3.945000 11.930000
c<B>r<31>R<HIS> 27.419001 -3.663000 15.085000
c<B>r<32>R<PRO> 26.877001 -3.106000 17.990999
c<B>r<33>R<SER> 23.684000 -5.111000 18.500000
c<B>r<34>R<ASP> 21.423000 -2.486000 20.084999
c<B>r<47>R<GLU> 1.487000 -2.741000 17.379999
c<B>r<48>R<LYS> 1.897000 -6.401000 17.028000
c<B>r<49>R<VAL> 5.349000 -6.630000 15.452000
c<B>r<50>R<GLU> 7.570000 -9.519000 16.420000
c<B>r<51>R<HIS> 11.219000 -10.234000 15.852000
c<B>r<52>R<SER> 13.709000 -13.012000 15.553000
c<B>r<53>R<ASP> 16.365000 -13.904000 18.094999
c<B>r<54>R<LEU> 19.690001 -12.085000 17.664000
c<B>r<55>R<SER> 22.253000 -13.899000 15.577000
c<B>r<56>R<PHE> 25.351000 -13.005000 13.592000
c<B>r<57>R<SER> 27.312000 -13.596000 10.438000
c<B>r<58>R<LYS> 30.840000 -14.589000 9.481000
c<B>r<59>R<ASP> 32.122002 -11.087000 9.894000
c<B>r<60>R<TRP> 30.525999 -10.934000 13.368000
c<B>r<61>R<SER> 27.853001 -8.463000 12.255000
c<B>r<62>R<PHE> 24.360001 -8.945000 13.566000
c<B>r<64>R<LEU> 17.378000 -9.584000 12.824000
c<B>r<65>R<LEU> 14.008000 -10.044000 11.130000
c<B>r<66>R<TYR> 11.034000 -7.927000 12.318000
c<B>r<67>R<TYR> 7.597000 -8.968000 10.976000
c<B>r<68>R<THR> 3.880000 -8.655000 11.227000
c<B>r<69>R<GLU> 0.773000 -10.002000 9.590000
c<B>r<70>R<PHE> -0.926000 -7.356000 7.472000
c<B>r<71>R<THR> -3.432000 -6.799000 4.712000
c<B>r<98>R<ASP> 7.805000 -4.952000 -6.620000
c<B>r<99>R<MET> 11.024000 -5.777000 -4.832000
c<D>r<2>R<GLN> 0.938000 -12.314000 18.212000
c<D>r<3>R<GLU> 3.209000 -15.180000 19.266001
c<D>r<5>R<THR> 4.874000 -20.275000 23.100000
c<D>r<6>R<GLN> 4.381000 -23.722000 24.610001
c<D>r<7>R<ILE> 6.718000 -25.216999 27.193001
c<D>r<8>R<PRO> 8.071000 -27.724001 27.822001
c<D>r<9>R<ALA> 8.501000 -28.561001 24.132000
c<D>r<10>R<ALA> 8.729000 -32.202000 25.188000
c<D>r<11>R<LEU> 7.706000 -33.886002 28.422001
c<D>r<12>R<SER> 8.441000 -37.410000 29.638000
c<D>r<13>R<VAL> 6.839000 -38.694000 32.835999
c<D>r<26>R<THR> 2.245000 -12.030000 23.660000
c<D>r<27>R<ASP> -1.048000 -10.386000 22.686001
c<D>r<31>R<TYR> -11.300000 -13.886000 21.688999
c<D>r<32>R<ASN> -10.623000 -17.348000 23.115999
c<D>r<33>R<LEU> -8.047000 -20.093000 23.671000
c<D>r<34>R<GLN> -8.398000 -23.684999 22.507999
c<D>r<36>R<PHE> -6.065000 -29.719000 21.007000
c<D>r<39>R<ASP> -1.729000 -38.262001 17.455999
c<D>r<40>R<PRO> 1.135000 -39.019001 15.025000
c<D>r<41>R<GLY> -0.151000 -38.901001 11.455000
c<D>r<42>R<LYS> -3.689000 -38.007000 12.523000
c<D>r<43>R<GLY> -5.822000 -34.886002 12.909000
c<D>r<44>R<LEU> -6.549000 -32.431999 15.721000
c<D>r<45>R<THR> -9.019000 -33.376999 18.433001
c<D>r<46>R<SER> -10.414000 -30.493999 20.452999
c<D>r<48>R<LEU> -11.035000 -27.631001 25.806000
c<D>r<49>R<LEU> -12.230000 -24.197001 24.750999
c<D>r<50>R<ILE> -11.838000 -21.166000 27.007999
c<D>r<51>R<GLN> -13.684000 -17.986000 26.063000
c<D>r<52>R<SER> -12.214000 -14.580000 26.934000
c<D>r<86>R<ALA> 0.358000 -37.258999 22.080999
c<D>r<87>R<THR> 1.184000 -33.723999 21.018000
c<D>r<89>R<LEU> -1.450000 -27.774000 20.813000
c<D>r<91>R<ALA> -4.243000 -21.760000 19.868000
c<D>r<92>R<VAL> -5.667000 -18.288000 20.424999
c<D>r<93>R<ARG> -7.901000 -16.162001 18.214001
c<D>r<94>R<PRO> -7.903000 -12.337000 17.912001
c<D>r<95>R<THR> -10.715000 -10.121000 19.173000
c<D>r<99>R<SER> -8.593000 -10.781000 11.081000
c<D>r<100>R<TYR> -10.105000 -13.661000 13.074000
c<D>r<101>R<ILE> -6.692000 -15.183000 12.294000
c<D>r<102>R<PRO> -5.704000 -17.754000 14.947000
c<D>r<103>R<THR> -2.138000 -18.327000 16.115999
c<D>r<104>R<PHE> -0.933000 -21.826000 17.013000
c<D>r<105>R<GLY> 1.925000 -22.813000 19.281000
c<D>r<106>R<ARG> 4.455000 -25.443001 18.190001
c<D>r<107>R<GLY> 3.007000 -27.809000 20.778000
c<D>r<108>R<THR> 4.202000 -30.042000 23.599001
c<D>r<109>R<SER> 5.088000 -33.643002 22.796000
c<D>r<110>R<LEU> 4.043000 -35.769001 25.757000
c<D>r<111>R<ILE> 5.086000 -39.314999 26.559999
c<D>r<120>R<ASP> 12.316000 -58.966999 32.810001
c<D>r<122>R<ALA> 15.682000 -59.747002 27.415001
c<D>r<123>R<VAL> 16.774000 -59.724998 23.792999
c<D>r<124>R<TYR> 15.349000 -62.441002 21.533001
c<D>r<125>R<GLN> 16.108999 -63.330002 17.927999
c<D>r<126>R<LEU> 13.057000 -63.970001 15.736000
c<D>r<127>R<ARG> 13.557000 -66.155998 12.691000
c<D>r<128>R<ARG> 12.237000 -66.300003 9.150000
c<D>r<129>R<SER> 9.980000 -64.179001 6.983000
c<D>r<130>R<LYS> 9.698000 -67.448997 5.086000
c<D>r<131>R<SER> 13.501000 -67.573997 5.060000
c<D>r<133>R<ASP> 15.098000 -61.909000 4.217000
c<D>r<134>R<LYS> 16.493000 -60.167000 7.311000
c<D>r<135>R<SER> 17.763000 -60.763000 10.856000
c<D>r<136>R<VAL> 15.317000 -59.441002 13.475000
c<D>r<137>R<CYS> 15.779000 -59.048000 17.237000
c<D>r<138>R<LEU> 13.425000 -57.926998 19.957001
c<D>r<140>R<THR> 11.555000 -56.520000 25.466000
c<D>r<141>R<ASP> 10.141000 -56.396999 28.989000
c<D>r<149>R<SER> 19.868999 -45.701000 21.590000
c<D>r<150>R<GLN> 20.900999 -45.987999 17.943001
c<D>r<152>R<LYS> 26.950001 -47.381001 15.500000
c<D>r<154>R<SER> 25.643999 -48.761002 8.957000
c<D>r<155>R<ASP> 23.521999 -51.827999 8.166000
c<D>r<156>R<VAL> 21.743999 -51.908001 11.526000
c<D>r<157>R<TYR> 18.447001 -50.319000 12.518000
c<D>r<158>R<ILE> 16.868000 -49.873001 15.923000
c<D>r<159>R<THR> 13.314000 -48.640999 16.339001
c<D>r<160>R<ASP> 11.877000 -46.415001 19.025000
c<D>r<161>R<LYS> 10.228000 -48.216999 21.913000
c<D>r<162>R<CYS> 6.509000 -48.852001 22.198000
c<D>r<163>R<VAL> 4.260000 -50.250999 24.853001
c<D>r<164>R<LEU> 1.762000 -53.000999 24.174999
c<D>r<165>R<ASP> -1.035000 -54.062000 26.483999
c<D>r<166>R<MET> -2.203000 -57.637001 26.801001
c<D>r<167>R<ARG> -5.652000 -56.717999 28.094000
c<D>r<168>R<SER> -6.868000 -60.139000 29.250999
c<D>r<169>R<MET> -3.829000 -60.449001 31.521999
c<D>r<171>R<PHE> -0.044000 -56.979000 31.417999
c<D>r<172>R<LYS> 1.936000 -54.221001 29.712000
c<D>r<173>R<SER> 5.385000 -54.477001 28.160000
c<D>r<174>R<ASN> 7.916000 -52.265999 26.408001
c<D>r<175>R<SER> 9.886000 -53.325001 23.364000
c<D>r<176>R<ALA> 12.195000 -52.105999 20.639000
c<D>r<177>R<VAL> 13.116000 -53.884998 17.413000
c<D>r<178>R<ALA> 16.535000 -54.146999 15.779000
c<D>r<179>R<TRP> 17.532000 -55.723000 12.486000
c<D>r<201>R<PHE> 18.761000 -62.088001 29.219000
c<D>r<202>R<PHE> 20.589001 -62.851002 25.945000
c<D>r<203>R<PRO> 19.632000 -66.425003 24.926001
c<D>r<204>R<SER> 21.355000 -67.799004 21.823999
c<E>r<30>R<TYR> -15.576000 -19.188000 8.662000
c<E>r<32>R<SER> -9.420000 -21.771000 6.720000
c<E>r<36>R<GLN> 1.840000 -28.233000 9.229000
c<E>r<37>R<ASP> 5.567000 -28.851000 8.853000
c<E>r<38>R<PRO> 8.104000 -30.416000 11.283000
c<E>r<39>R<GLY> 8.893000 -28.000000 14.102000
c<E>r<40>R<MET> 7.271000 -25.353001 11.916000
c<E>r<41>R<GLY> 3.903000 -25.573000 13.660000
c<E>r<42>R<LEU> 0.569000 -24.777000 11.992000
c<E>r<43>R<ARG> 0.779000 -21.931999 9.469000
c<E>r<44>R<LEU> -2.332000 -20.275000 8.036000
c<E>r<45>R<ILE> -2.352000 -20.257999 4.221000
c<E>r<46>R<HIS> -5.752000 -18.771999 3.359000
c<E>r<47>R<TYR> -9.040000 -18.052000 5.100000
c<E>r<48>R<SER> -12.599000 -17.062000 4.271000
c<E>r<49>R<VAL> -14.767000 -15.101000 6.701000
c<E>r<54>R<THR> -11.458000 -14.655000 0.581000
c<E>r<55>R<ASP> -8.142000 -13.422000 1.983000
c<E>r<56>R<GLN> -4.534000 -14.614000 1.950000
c<E>r<57>R<GLY> -2.753000 -15.785000 5.082000
c<E>r<58>R<GLU> 0.870000 -16.160999 6.150000
c<E>r<59>R<VAL> 2.009000 -18.474001 3.353000
c<E>r<60>R<PRO> -0.506000 -17.816000 0.525000
c<E>r<61>R<ASN> 2.319000 -17.990999 -2.018000
c<E>r<62>R<GLY> 1.617000 -20.747000 -4.526000
c<E>r<81>R<ALA> 6.279000 -27.577999 -6.164000
c<E>r<82>R<PRO> 8.399000 -29.834999 -3.908000
c<E>r<83>R<SER> 8.280000 -27.172001 -1.184000
c<E>r<84>R<GLN> 4.520000 -27.754999 -1.002000
c<E>r<85>R<THR> 5.098000 -31.221001 0.467000
c<E>r<86>R<SER> 3.284000 -30.913000 3.805000
c<E>r<87>R<VAL> 0.230000 -31.908001 5.832000
c<E>r<88>R<TYR> -2.739000 -29.667999 5.045000
c<E>r<89>R<PHE> -5.536000 -28.982000 7.497000
c<E>r<91>R<ALA> -10.672000 -25.808001 9.928000
c<E>r<95>R<VAL> -18.594999 -16.466000 12.609000
c<E>r<96>R<GLY> -18.704000 -15.183000 16.184999
c<E>r<97>R<ASN> -20.127001 -17.556000 18.777000
c<E>r<98>R<THR> -17.476999 -19.283001 20.913000
c<E>r<99>R<GLY> -14.747000 -19.180000 18.295000
c<E>r<100>R<GLU> -14.383000 -22.958000 18.493999
c<E>r<101>R<LEU> -12.412000 -24.330000 15.566000
c<E>r<102>R<PHE> -13.268000 -27.671000 13.968000
c<E>r<103>R<PHE> -10.471000 -29.427000 12.088000
c<E>r<104>R<GLY> -10.519000 -31.868000 9.213000
c<E>r<105>R<GLU> -8.438000 -35.058998 9.373000
c<E>r<106>R<GLY> -5.658000 -33.633999 7.223000
c<E>r<107>R<SER> -4.306000 -34.245998 3.739000
c<E>r<108>R<ARG> -0.755000 -35.570999 3.401000
c<E>r<113>R<GLU> 10.538000 -34.019001 -9.126000
c<E>r<123>R<VAL> 6.365000 -56.609001 4.345000
c<E>r<124>R<ALA> 7.541000 -59.561001 6.403000
c<E>r<125>R<VAL> 6.372000 -61.289001 9.577000
c<E>r<126>R<PHE> 8.911000 -62.771999 11.961000
c<E>r<127>R<GLU> 7.768000 -65.624001 14.169000
c<E>r<128>R<PRO> 8.110000 -65.816002 17.975000
c<E>r<129>R<SER> 11.402000 -66.769997 19.577999
c<E>r<130>R<GLU> 11.351000 -70.171997 21.284000
c<E>r<131>R<ALA> 13.469000 -68.615997 24.041000
c<E>r<132>R<GLU> 10.802000 -65.967003 24.702000
c<E>r<135>R<HIS> 11.090000 -67.710999 29.483000
c<E>r<136>R<THR> 7.763000 -65.820000 29.544001
c<E>r<140>R<THR> 5.762000 -61.858002 20.198999
c<E>r<141>R<LEU> 5.394000 -61.653999 16.427000
c<E>r<142>R<VAL> 7.061000 -58.776001 14.615000
c<E>r<143>R<CYS> 5.897000 -57.208000 11.381000
c<E>r<144>R<LEU> 8.456000 -55.247002 9.391000
c<E>r<151>R<ASP> 5.616000 -42.280998 4.506000
c<E>r<152>R<HIS> 1.924000 -42.717999 3.654000
c<E>r<153>R<VAL> 1.087000 -46.082001 5.256000
c<E>r<154>R<GLU> -1.331000 -47.777000 7.670000
c<E>r<165>R<HIS> -5.639000 -54.018002 19.038000
c<E>r<166>R<SER> -4.940000 -56.018002 22.190001
c<E>r<167>R<GLY> -1.275000 -56.908001 22.600000
c<E>r<168>R<VAL> -0.183000 -54.693001 19.722000
c<E>r<169>R<CYS> 1.986000 -51.661999 19.292000
c<E>r<170>R<THR> 3.402000 -50.001999 16.229000
c<E>r<171>R<ASP> 6.295000 -47.556000 16.066000
c<E>r<172>R<PRO> 4.857000 -44.035999 16.511000
c<E>r<173>R<GLN> 6.954000 -42.905998 13.562000
c<E>r<174>R<PRO> 8.773000 -44.745998 10.757000
c<E>r<175>R<LEU> 12.550000 -44.551998 10.621000
c<E>r<176>R<LYS> 14.689000 -43.417999 7.708000
c<E>r<177>R<GLU> 16.778000 -46.111000 6.056000
c<E>r<178>R<GLN> 19.096001 -43.396000 4.656000
c<E>r<179>R<PRO> 19.054001 -40.689999 7.414000
c<E>r<180>R<ALA> 20.768999 -37.873001 5.513000
c<E>r<181>R<LEU> 18.327000 -37.965000 2.569000
c<E>r<182>R<ASN> 15.196000 -35.826000 2.353000
c<E>r<183>R<ASP> 13.534000 -38.550999 0.281000
c<E>r<184>R<SER> 14.918000 -41.507999 2.196000
c<E>r<187>R<ALA> 10.908000 -48.676998 7.658000
c<E>r<188>R<LEU> 8.155000 -49.311001 10.197000
c<E>r<189>R<SER> 7.810000 -52.136002 12.710000
c<E>r<190>R<SER> 4.954000 -53.477001 14.797000
c<E>r<191>R<ARG> 4.603000 -56.130001 17.480000
c<E>r<192>R<LEU> 1.723000 -58.480999 18.283001
c<E>r<193>R<ARG> 2.087000 -60.422001 21.523001
c<E>r<194>R<VAL> -0.089000 -63.416000 22.372000
c<E>r<195>R<SER> 0.087000 -66.198997 24.920000
c<E>r<235>R<ALA> 2.558000 -61.094002 5.201000
c<E>r<236>R<GLU> 1.243000 -63.939999 7.322000
c<E>r<237>R<ALA> 2.065000 -66.799004 9.629000
