c<D>r<31>R<TYR> 35.035000 -34.430000 33.556000
c<D>r<32>R<ASN> 37.945000 -34.771000 35.984001
c<D>r<33>R<LEU> 39.178001 -36.278000 39.252998
c<D>r<34>R<GLN> 40.598999 -34.311001 42.167000
c<D>r<36>R<PHE> 42.382000 -33.509998 48.514000
c<D>r<39>R<ASP> 43.532001 -32.355000 58.599998
c<D>r<40>R<PRO> 41.291000 -32.946999 61.652000
c<D>r<41>R<GLY> 39.018002 -29.952000 62.172001
c<D>r<42>R<LYS> 40.394001 -28.101000 59.148998
c<D>r<43>R<GLY> 39.481998 -27.580000 55.497002
c<D>r<44>R<LEU> 40.298000 -29.334999 52.223999
c<D>r<45>R<THR> 43.641998 -28.716999 50.556000
c<D>r<46>R<SER> 43.833000 -29.629000 46.886002
c<D>r<48>R<LEU> 46.230000 -33.035999 42.425999
c<D>r<49>R<LEU> 43.775002 -32.501999 39.594002
c<D>r<50>R<ILE> 43.479000 -34.965000 36.716999
c<D>r<51>R<GLN> 41.466000 -33.921001 33.672001
c<D>r<52>R<SER> 39.584999 -36.528000 31.625999
c<D>r<86>R<ALA> 45.646999 -36.890999 57.298000
c<D>r<89>R<LEU> 39.594002 -37.504002 49.694000
c<D>r<91>R<ALA> 36.179001 -36.547001 44.012001
c<D>r<92>R<VAL> 34.955002 -36.770000 40.428001
c<D>r<93>R<ARG> 32.771999 -34.401001 38.423000
c<D>r<94>R<PRO> 30.252001 -35.326000 35.681999
c<D>r<95>R<THR> 30.742001 -34.523998 32.005001
c<D>r<99>R<SER> 24.535000 -31.337000 36.667999
c<D>r<100>R<TYR> 28.209999 -30.487000 37.238998
c<D>r<101>R<ILE> 27.462000 -32.226002 40.554001
c<D>r<102>R<PRO> 30.635000 -33.763000 42.036999
c<D>r<103>R<THR> 30.694000 -37.006001 44.007999
c<D>r<104>R<PHE> 33.070000 -37.438999 46.952999
c<D>r<105>R<GLY> 34.409000 -40.647999 48.433998
c<D>r<106>R<ARG> 34.382999 -41.212002 52.200001
c<D>r<107>R<GLY> 38.164001 -40.898998 52.203999
c<D>r<120>R<ASP> 62.731998 -45.972000 76.139999
c<D>r<122>R<ALA> 58.173000 -45.249001 80.584000
c<D>r<123>R<VAL> 55.159000 -44.023998 82.513000
c<D>r<124>R<TYR> 55.592999 -40.855000 84.584000
c<D>r<125>R<GLN> 53.244999 -39.122002 87.001999
c<D>r<126>R<LEU> 53.000999 -35.340000 86.598999
c<D>r<127>R<ARG> 51.925999 -33.354000 89.632004
c<D>r<128>R<ARG> 49.841999 -30.274000 90.318001
c<D>r<129>R<SER> 47.702000 -27.910000 88.287003
c<D>r<130>R<LYS> 48.369999 -25.669001 91.271004
c<D>r<131>R<SER> 47.209999 -28.540001 93.482002
c<D>r<133>R<ASP> 42.674999 -30.914000 90.456001
c<D>r<134>R<LYS> 43.445999 -34.256001 88.786003
c<D>r<135>R<SER> 45.993999 -37.087002 88.622002
c<D>r<136>R<VAL> 47.900002 -37.085999 85.311996
c<D>r<137>R<CYS> 50.270000 -39.705002 83.883003
c<D>r<138>R<LEU> 52.340000 -39.773998 80.736000
c<D>r<140>R<THR> 56.125999 -41.891998 76.612000
c<D>r<141>R<ASP> 59.084000 -42.855000 74.431999
c<D>r<154>R<SER> 34.866001 -45.507999 84.747002
c<D>r<155>R<ASP> 36.810001 -42.542999 86.149002
c<D>r<156>R<VAL> 39.887001 -43.075001 83.980003
c<D>r<157>R<TYR> 40.712002 -41.566002 80.600998
c<D>r<158>R<ILE> 43.442001 -42.428001 78.133003
c<D>r<159>R<THR> 44.143002 -40.290001 75.089996
c<D>r<160>R<ASP> 45.230999 -41.362000 71.639999
c<D>r<161>R<LYS> 48.957001 -41.228001 71.000999
c<D>r<162>R<CYS> 50.737000 -38.351002 69.306999
c<D>r<163>R<VAL> 54.241001 -37.738998 68.121002
c<D>r<164>R<LEU> 56.198002 -34.640999 69.037003
c<D>r<165>R<ASP> 59.421001 -33.507000 67.422997
c<D>r<166>R<MET> 62.175999 -31.763000 69.323997
c<D>r<167>R<ARG> 63.674000 -30.117001 66.248001
c<D>r<168>R<SER> 66.967003 -28.860001 67.695999
c<D>r<169>R<MET> 67.844002 -32.404999 68.771004
c<D>r<171>R<PHE> 64.470001 -36.250999 68.320999
c<D>r<172>R<LYS> 60.930000 -37.590000 67.994003
c<D>r<173>R<SER> 58.844002 -39.278999 70.670998
c<D>r<174>R<ASN> 55.422001 -40.858002 71.073997
c<D>r<175>R<SER> 53.200001 -40.326000 74.082001
c<D>r<176>R<ALA> 49.733002 -40.893002 75.461998
c<D>r<177>R<VAL> 48.146000 -39.243999 78.492996
c<D>r<178>R<ALA> 46.014000 -40.861000 81.188004
c<D>r<179>R<TRP> 44.230999 -39.291000 84.134003
c<D>r<201>R<PHE> 59.917000 -47.973000 83.369003
c<D>r<202>R<PHE> 57.394001 -47.285999 86.162003
c<D>r<203>R<PRO> 59.103001 -44.941002 88.672997
c<D>r<204>R<SER> 57.106998 -44.096001 91.801003
c<E>r<30>R<TYR> 30.052999 -22.171000 39.959000
c<E>r<32>R<SER> 28.215000 -25.048000 46.014999
c<E>r<36>R<GLN> 30.336000 -33.276001 56.146999
c<E>r<38>R<PRO> 31.149000 -38.636002 60.486000
c<E>r<39>R<GLY> 31.507999 -41.549000 58.080002
c<E>r<40>R<MET> 28.834000 -39.813999 56.015999
c<E>r<41>R<GLY> 31.320999 -38.160000 53.667999
c<E>r<42>R<LEU> 30.687000 -34.873001 51.842999
c<E>r<43>R<ARG> 27.062000 -34.410000 50.772999
c<E>r<44>R<LEU> 26.011999 -31.677000 48.342999
c<E>r<46>R<HIS> 22.777000 -26.806999 47.056999
c<E>r<47>R<TYR> 24.671000 -25.483000 44.053001
c<E>r<48>R<SER> 24.607000 -22.559000 41.648998
c<E>r<49>R<VAL> 25.900999 -22.847000 38.085999
c<E>r<55>R<ASP> 19.318001 -25.722000 42.252998
c<E>r<57>R<GLY> 21.284000 -30.955000 45.855000
c<E>r<58>R<GLU> 21.132999 -34.241001 47.749001
c<E>r<87>R<VAL> 30.573999 -29.040001 59.250999
c<E>r<88>R<TYR> 29.600000 -26.952999 56.226002
c<E>r<89>R<PHE> 31.878000 -26.403000 53.257000
c<E>r<91>R<ALA> 33.391998 -24.760000 47.144001
c<E>r<95>R<VAL> 32.271999 -22.891001 34.794998
c<E>r<96>R<GLY> 34.153999 -25.221001 32.455002
c<E>r<97>R<ASN> 37.932999 -24.927999 32.476002
c<E>r<98>R<THR> 39.688000 -27.688999 34.442001
c<E>r<99>R<GLY> 36.835999 -28.319000 36.848000
c<E>r<100>R<GLU> 39.137001 -27.625999 39.792999
c<E>r<101>R<LEU> 37.188000 -27.072001 42.991001
c<E>r<102>R<PHE> 38.300999 -24.540001 45.598999
c<E>r<103>R<PHE> 37.084999 -25.108999 49.153999
c<E>r<104>R<GLY> 36.463001 -22.726000 52.011002
c<E>r<105>R<GLU> 37.834000 -23.499001 55.484001
c<E>r<106>R<GLY> 34.513000 -24.815001 56.758999
c<E>r<107>R<SER> 31.898001 -23.686001 59.252998
c<E>r<108>R<ARG> 31.311001 -25.840000 62.334999
c<E>r<123>R<VAL> 42.375000 -25.801001 81.615997
c<E>r<124>R<ALA> 45.280998 -27.033001 83.707001
c<E>r<125>R<VAL> 49.018002 -27.452000 83.172997
c<E>r<126>R<PHE> 50.842999 -30.340000 84.804001
c<E>r<127>R<GLU> 54.540001 -29.903999 85.478996
c<E>r<128>R<PRO> 57.333000 -32.287998 84.403999
c<E>r<129>R<SER> 58.027000 -35.459999 86.347000
c<E>r<130>R<GLU> 61.338001 -35.417999 88.223000
c<E>r<131>R<ALA> 61.743999 -39.070000 87.217003
c<E>r<132>R<GLU> 61.487999 -38.160000 83.519997
c<E>r<135>R<HIS> 65.945000 -40.613998 83.209999
c<E>r<136>R<THR> 65.917000 -38.636002 79.933998
c<E>r<140>R<THR> 57.333000 -32.894001 79.328003
c<E>r<141>R<LEU> 54.566002 -30.513000 80.367996
c<E>r<142>R<VAL> 50.974998 -31.584999 79.817001
c<E>r<143>R<CYS> 48.036999 -29.292000 79.199997
c<E>r<144>R<LEU> 44.582001 -30.684999 79.892998
c<E>r<151>R<ASP> 34.117001 -29.437000 70.459999
c<E>r<152>R<HIS> 34.937000 -25.988001 69.054001
c<E>r<153>R<VAL> 38.401001 -25.294001 70.505997
c<E>r<154>R<GLU> 41.960999 -24.329000 69.535004
c<E>r<165>R<HIS> 55.415001 -25.725000 67.593002
c<E>r<166>R<SER> 58.702000 -27.489000 68.305000
c<E>r<167>R<GLY> 58.365002 -30.283001 70.848999
c<E>r<168>R<VAL> 54.576000 -30.114000 70.867996
c<E>r<169>R<CYS> 51.745998 -32.405998 69.970001
c<E>r<170>R<THR> 48.051998 -32.220001 70.651001
c<E>r<171>R<ASP> 45.535999 -35.053001 70.490997
c<E>r<172>R<PRO> 44.205002 -35.214001 66.904999
c<E>r<173>R<GLN> 40.695999 -35.464001 68.317001
c<E>r<174>R<PRO> 39.167000 -34.729000 71.735001
c<E>r<175>R<LEU> 37.742001 -37.609001 73.735001
c<E>r<176>R<LYS> 34.243000 -37.912998 75.153000
c<E>r<177>R<GLU> 33.985001 -37.799000 78.930000
c<E>r<178>R<GLN> 30.584999 -39.560001 78.709000
c<E>r<187>R<ALA> 38.577999 -33.466999 76.996002
c<E>r<188>R<LEU> 41.699001 -32.620998 75.001999
c<E>r<189>R<SER> 45.348000 -32.980999 75.987000
c<E>r<190>R<SER> 48.596001 -31.594000 74.630997
c<E>r<191>R<ARG> 52.268002 -32.096001 75.421997
c<E>r<192>R<LEU> 55.191002 -29.666000 75.280998
c<E>r<193>R<ARG> 58.613998 -31.240000 75.731003
c<E>r<194>R<VAL> 61.731998 -29.193001 76.442001
c<E>r<195>R<SER> 65.214996 -29.985001 77.671997
c<E>r<235>R<ALA> 46.917000 -22.076000 82.531998
c<E>r<236>R<GLU> 50.602001 -21.459999 83.139999
c<E>r<237>R<ALA> 53.747002 -22.589001 84.874001
