c<A>r<1>R<ARG> -8.240000 -18.500000 15.973000
c<A>r<39>R<ASP> -8.568000 14.357000 4.246000
c<A>r<40>R<PHE> -6.108000 14.873000 1.651000
c<A>r<41>R<ARG> -8.047000 13.038000 -0.796000
c<A>r<42>R<SER> -11.473000 14.120000 -0.375000
c<A>r<43>R<PRO> -12.945000 15.474000 -3.544000
c<A>r<46>R<GLY> -9.053000 17.606001 0.124000
c<A>r<47>R<LEU> -6.000000 19.537001 0.528000
c<A>r<48>R<TYR> -5.227000 19.184999 -3.090000
c<A>r<49>R<ASP> -8.092000 21.075001 -4.378000
c<A>r<51>R<LEU> -3.446000 23.931999 -4.057000
c<A>r<52>R<GLU> -4.199000 25.773001 -7.412000
c<A>r<56>R<LEU> 2.384000 24.240000 -8.741000
c<A>r<57>R<PRO> 3.572000 22.194000 -11.688000
c<A>r<58>R<TYR> 1.439000 19.365000 -10.200000
c<A>r<59>R<PRO> -0.330000 19.106001 -6.852000
c<A>r<60>R<GLU> 2.183000 16.702999 -5.428000
c<A>r<61>R<ALA> 4.976000 18.983000 -6.154000
c<A>r<62>R<ILE> 4.366000 20.736000 -2.919000
c<A>r<63>R<PHE> 5.545000 17.615000 -1.206000
c<A>r<64>R<GLU> 8.404000 16.926001 -3.418000
c<A>r<65>R<ILE> 11.793000 17.486000 -1.661000
c<A>r<66>R<SER> 13.493000 18.719999 -4.853000
c<A>r<111>R<GLN> 0.082000 8.669000 8.514000
c<A>r<112>R<ASN> -0.931000 12.040000 9.923000
c<A>r<113>R<ILE> 1.256000 15.049000 10.230000
c<A>r<130>R<ALA> 5.229000 7.524000 9.041000
c<A>r<131>R<HIS> 4.998000 10.789000 7.024000
c<A>r<132>R<GLY> 7.012000 12.777000 9.384000
c<A>r<176>R<ILE> 7.650000 15.936000 7.246000
c<A>r<177>R<VAL> 8.597000 13.172000 4.869000
c<A>r<178>R<PHE> 8.724000 14.689000 1.414000
c<A>r<179>R<PHE> 8.466000 12.580000 -1.778000
c<A>r<180>R<GLY> 11.891000 11.728000 -2.469000
c<A>r<181>R<GLU> 12.919000 11.487000 1.146000
c<A>r<182>R<SER> 13.444000 8.155000 2.821000
c<A>r<183>R<LEU> 10.986000 7.184000 5.490000
c<A>r<208>R<LEU> -4.530000 1.567000 3.660000
c<A>r<209>R<GLN> -3.836000 2.803000 0.104000
c<A>r<210>R<VAL> -0.393000 4.492000 0.748000
c<A>r<211>R<GLN> 2.563000 2.163000 0.673000
c<A>r<212>R<PRO> 4.640000 1.115000 2.563000
c<A>r<213>R<PHE> 2.209000 2.130000 5.418000
c<A>r<214>R<ALA> -0.486000 -0.122000 3.870000
c<A>r<215>R<SER> 1.764000 -3.195000 4.043000
c<A>r<218>R<SER> 0.555000 -7.895000 6.658000
c<A>r<219>R<LYS> 3.529000 -7.777000 9.004000
c<A>r<222>R<LEU> -1.226000 -14.597000 11.046000
c<A>r<223>R<SER> -2.910000 -15.252000 14.385000
c<A>r<235>R<GLY> -6.913000 -3.497000 3.265000
c<A>r<236>R<GLN> -8.613000 -6.214000 1.428000
c<A>r<237>R<SER> -6.067000 -7.767000 -0.761000
c<A>r<238>R<ASP> -6.445000 -10.577000 -2.679000
c<A>r<239>R<PRO> -5.576000 -13.235000 -0.340000
c<A>r<240>R<PHE> -3.802000 -14.952000 -3.231000
c<A>r<241>R<LEU> -1.664000 -12.131000 -3.802000
c<A>r<242>R<GLY> -0.948000 -11.861000 -0.258000
c<A>r<243>R<MET> -0.089000 -15.195000 -0.452000
c<A>r<244>R<ILE> 1.923000 -14.960000 -3.277000
c<A>r<245>R<MET> 3.555000 -12.187000 -2.024000
c<A>r<246>R<GLY> 4.055000 -13.729000 1.066000
c<A>r<247>R<LEU> 2.374000 -11.081000 2.289000
c<A>r<248>R<GLY> 0.225000 -11.670000 4.969000
c<A>r<249>R<GLY> -2.685000 -11.349000 3.665000
c<A>r<250>R<GLY> -4.964000 -8.427000 3.304000
c<A>r<252>R<ASP> -10.665000 -10.675000 5.258000
c<A>r<254>R<ASP> -16.525999 -11.590000 5.132000
c<A>r<255>R<SER> -15.167000 -14.639000 3.345000
c<A>r<256>R<LYS> -15.978000 -18.158001 4.681000
c<A>r<257>R<LYS> -12.315000 -18.275000 5.644000
c<A>r<258>R<ALA> -12.417000 -15.042000 7.680000
c<A>r<259>R<TYR> -10.973000 -15.881000 11.183000
c<A>r<260>R<ARG> -9.201000 -12.785000 12.740000
c<B>r<1>R<LYS> 6.806000 18.518999 -16.233999
c<B>r<2>R<GLU> 6.600000 17.723000 -19.864000
c<B>r<30>R<GLY> -2.426000 -8.225000 -12.358000
c<B>r<31>R<ALA> -5.165000 -10.913000 -12.113000
c<B>r<41>R<ASP> -9.306000 -13.366000 -9.057000
c<B>r<42>R<PHE> -8.031000 -14.216000 -5.741000
c<B>r<43>R<ARG> -10.190000 -11.807000 -4.192000
c<B>r<44>R<SER> -13.477000 -12.524000 -5.798000
c<B>r<45>R<PRO> -16.209000 -13.238000 -3.262000
c<B>r<46>R<SER> -17.551001 -16.478001 -3.791000
c<B>r<48>R<GLY> -11.951000 -16.621000 -5.086000
c<B>r<49>R<LEU> -9.360000 -19.054001 -4.311000
c<B>r<50>R<TYR> -9.909000 -18.565001 -0.719000
c<B>r<51>R<ASP> -13.362000 -19.839001 -0.530000
c<B>r<52>R<ASN> -12.205000 -23.257000 -1.264000
c<B>r<53>R<LEU> -9.511000 -23.358999 1.169000
c<B>r<54>R<GLU> -11.798000 -24.549000 4.072000
c<B>r<57>R<HIS> -8.171000 -26.986000 7.909000
c<B>r<58>R<LEU> -5.745000 -24.212000 7.704000
c<B>r<59>R<PRO> -5.064000 -22.108999 10.838000
c<B>r<60>R<TYR> -5.862000 -19.047001 8.606000
c<B>r<61>R<PRO> -6.502000 -18.653000 4.914000
c<B>r<62>R<GLU> -3.119000 -17.101000 4.205000
c<B>r<63>R<ALA> -1.307000 -19.856001 5.911000
c<B>r<64>R<ILE> -1.252000 -21.750999 2.661000
c<B>r<65>R<PHE> 1.125000 -19.146000 1.268000
c<B>r<66>R<GLU> 3.282000 -18.848000 4.299000
c<B>r<67>R<ILE> 6.791000 -20.337999 3.773000
c<B>r<113>R<GLN> 1.606000 -10.175000 -10.292000
c<B>r<114>R<ASN> 0.254000 -13.379000 -11.794000
c<B>r<115>R<ILE> 1.587000 -16.851000 -11.242000
c<B>r<132>R<ALA> 6.779000 -10.312000 -9.081000
c<B>r<133>R<HIS> 5.090000 -13.181000 -7.139000
c<B>r<134>R<GLY> 7.214000 -15.862000 -8.604000
c<B>r<135>R<THR> 6.256000 -18.506001 -11.128000
c<B>r<178>R<ILE> 6.274000 -18.891001 -6.169000
c<B>r<179>R<VAL> 7.028000 -16.172001 -3.641000
c<B>r<180>R<PHE> 5.630000 -17.249001 -0.311000
c<B>r<181>R<PHE> 4.915000 -14.860000 2.575000
c<B>r<182>R<GLY> 8.077000 -14.708000 4.355000
c<B>r<183>R<GLU> 10.207000 -15.067000 1.261000
c<B>r<184>R<SER> 12.058000 -12.114000 -0.288000
c<B>r<185>R<LEU> 10.919000 -10.893000 -3.678000
c<B>r<209>R<SER> -6.039000 -2.629000 -8.624000
c<B>r<210>R<LEU> -2.397000 -1.719000 -7.539000
c<B>r<211>R<GLN> -3.242000 -2.647000 -3.937000
c<B>r<212>R<VAL> -0.305000 -5.097000 -3.321000
c<B>r<213>R<GLN> 2.977000 -3.544000 -2.325000
c<B>r<214>R<PRO> 5.766000 -3.182000 -3.479000
c<B>r<215>R<PHE> 4.243000 -3.957000 -6.904000
c<B>r<216>R<ALA> 1.789000 -1.013000 -6.468000
c<B>r<217>R<SER> 4.662000 1.484000 -5.987000
c<B>r<224>R<LEU> 7.172000 12.339000 -14.125000
c<B>r<237>R<GLY> -3.385000 3.776000 -8.197000
c<B>r<238>R<GLN> -4.872000 6.976000 -7.115000
c<B>r<239>R<SER> -2.896000 8.182000 -4.104000
c<B>r<240>R<ASP> -3.727000 10.774000 -2.033000
c<B>r<241>R<PRO> -1.810000 13.491000 -3.492000
c<B>r<242>R<PHE> -0.887000 14.610000 -0.007000
c<B>r<243>R<LEU> 0.471000 11.397000 0.847000
c<B>r<244>R<GLY> 2.254000 11.147000 -2.377000
c<B>r<245>R<MET> 3.555000 14.317000 -1.532000
c<B>r<246>R<ILE> 4.453000 13.502000 1.780000
c<B>r<247>R<MET> 5.851000 10.437000 0.782000
c<B>r<248>R<GLY> 7.606000 11.889000 -1.893000
c<B>r<249>R<LEU> 6.143000 9.513000 -3.887000
c<B>r<250>R<GLY> 5.555000 10.203000 -7.277000
c<B>r<251>R<GLY> 2.504000 10.492000 -7.370000
c<B>r<252>R<GLY> -0.299000 8.143000 -7.773000
c<B>r<254>R<ASP> -4.258000 11.383000 -11.599000
c<B>r<257>R<SER> -7.965000 16.462000 -11.446000
c<B>r<258>R<LYS> -7.337000 19.872000 -13.048000
c<B>r<259>R<LYS> -3.677000 19.009001 -12.752000
c<B>r<260>R<ALA> -3.982000 15.704000 -14.637000
c<B>r<261>R<TYR> -1.432000 15.728000 -17.507000
