c<A>r<45>R<PRO> 4.691000 0.025000 -1.065000
c<A>r<46>R<THR> 4.928000 0.175000 2.790000
c<A>r<57>R<ASP> -1.103000 1.543000 -13.816000
c<A>r<58>R<SER> -4.417000 2.344000 -12.093000
c<A>r<59>R<LEU> -2.460000 3.715000 -9.035000
c<A>r<60>R<ILE> -2.114000 7.135000 -7.297000
c<A>r<61>R<ALA> 1.098000 8.079000 -9.066000
c<A>r<62>R<ARG> 2.632000 11.431000 -10.081000
c<A>r<63>R<LYS> 3.698000 11.419000 -13.753000
c<A>r<174>R<LEU> 4.651000 6.849000 -5.776000
c<A>r<175>R<TYR> 4.705000 7.757000 -2.017000
c<A>r<176>R<ASN> 2.640000 6.730000 1.094000
c<A>r<177>R<HIS> 3.733000 9.221000 3.794000
c<B>r<44>R<ASP> -11.904000 5.916000 -13.132000
c<B>r<45>R<PRO> -9.418000 7.382000 -10.548000
c<B>r<46>R<THR> -8.529000 10.220000 -13.015000
c<B>r<57>R<SER> -7.435000 -1.082000 -3.221000
c<B>r<58>R<SER> -4.515000 -1.816000 -5.552000
c<B>r<59>R<LEU> -4.295000 2.038000 -5.462000
c<B>r<60>R<ILE> -2.180000 3.833000 -2.792000
c<B>r<61>R<ALA> -4.677000 4.179000 0.028000
c<B>r<62>R<ARG> -4.679000 5.967000 3.379000
c<B>r<174>R<LEU> -7.466000 7.707000 -2.307000
c<B>r<175>R<TYR> -6.309000 11.003000 -3.917000
c<B>r<176>R<ASN> -4.301000 12.125000 -6.977000
c<B>r<177>R<HIS> -2.577000 15.512000 -7.549000
c<B>r<178>R<LEU> -1.998000 18.159000 -4.818000
