c<A>r<55>R<THR> -7.164000 1.513000 -15.336000
c<A>r<56>R<ASP> -11.016000 1.193000 -15.194000
c<A>r<57>R<LEU> -11.343000 -1.903000 -12.962000
c<A>r<58>R<THR> -14.621000 -1.701000 -11.042000
c<A>r<59>R<VAL> -15.095000 -3.747000 -7.806000
c<A>r<60>R<LYS> -17.749001 -5.629000 -9.856000
c<A>r<63>R<LEU> -15.694000 -9.985000 -8.112000
c<A>r<64>R<GLU> -16.197001 -11.585000 -11.596000
c<A>r<66>R<LEU> -12.445000 -13.883000 -8.320000
c<A>r<67>R<LYS> -15.453000 -16.215000 -9.055000
c<A>r<69>R<GLY> -10.743000 -18.844000 -7.938000
c<A>r<87>R<PHE> -3.938000 -2.055000 -6.453000
c<A>r<90>R<SER> -2.435000 -4.729000 -2.134000
c<A>r<91>R<TYR> -6.166000 -5.631000 -2.135000
c<A>r<99>R<PHE> -0.394000 0.014000 -4.684000
c<A>r<100>R<GLU> 1.925000 2.520000 -2.919000
c<A>r<103>R<LEU> 1.498000 4.878000 -7.454000
c<A>r<104>R<TYR> 4.985000 6.365000 -6.912000
c<A>r<126>R<SER> -2.759000 22.056999 -13.096000
c<A>r<127>R<GLN> -3.377000 24.070999 -16.308001
c<A>r<180>R<ASN> -4.395000 17.358999 -19.650999
c<A>r<181>R<ASN> -5.262000 18.462000 -16.056000
c<A>r<182>R<SER> -2.004000 17.075001 -14.547000
c<B>r<55>R<THR> -17.311001 2.376000 -3.994000
c<B>r<56>R<ASP> -17.000000 2.636000 -7.825000
c<B>r<57>R<LEU> -14.798000 5.726000 -8.195000
c<B>r<58>R<THR> -13.160000 5.531000 -11.639000
c<B>r<59>R<VAL> -9.833000 7.300000 -12.448000
c<B>r<60>R<LYS> -12.019000 9.400000 -14.822000
c<B>r<63>R<LEU> -9.641000 13.438000 -12.855000
c<B>r<64>R<GLU> -12.996000 15.322000 -13.022000
c<B>r<66>R<LEU> -9.262000 17.271000 -9.658000
c<B>r<67>R<LYS> -10.163000 19.820999 -12.429000
c<B>r<68>R<VAL> -11.527000 22.082001 -9.625000
c<B>r<69>R<GLY> -8.188000 22.062000 -7.689000
c<B>r<70>R<PRO> -6.307000 20.160999 -4.916000
c<B>r<87>R<PHE> -8.140000 5.090000 -1.241000
c<B>r<90>R<SER> -3.611000 7.395000 0.272000
c<B>r<91>R<TYR> -3.717000 8.516000 -3.399000
c<B>r<99>R<PHE> -6.474000 2.668000 2.119000
c<B>r<100>R<GLU> -4.948000 -0.134000 4.251000
c<B>r<103>R<LEU> -9.793000 -1.919000 3.674000
c<B>r<126>R<SER> -17.297001 -18.296000 -1.456000
c<B>r<127>R<GLN> -20.726000 -19.889999 -2.083000
c<B>r<180>R<ASN> -23.270000 -12.599000 -2.361000
c<B>r<181>R<ASN> -19.851000 -13.864000 -3.602000
c<B>r<182>R<SER> -18.073999 -13.092000 -0.265000
