c<A>r<1>R<ASP> 3.695000 -8.290000 -7.620000
c<A>r<2>R<TRP> 5.552000 -7.372000 -4.805000
c<A>r<3>R<TYR> 5.538000 -3.878000 -4.104000
c<A>r<4>R<VAL> 8.261000 -3.951000 -1.448000
c<A>r<5>R<GLY> 11.514000 -4.217000 -3.250000
c<A>r<6>R<THR> 10.269000 -2.228000 -6.278000
c<A>r<7>R<GLU> 12.790000 0.456000 -7.584000
c<A>r<8>R<TRP> 12.274000 3.783000 -9.103000
c<A>r<9>R<GLU> 14.929000 5.925000 -10.833000
c<A>r<10>R<ASP> 15.243000 9.335000 -12.492000
c<A>r<11>R<LYS> 18.535000 8.831000 -14.358000
c<A>r<13>R<ARG> 18.521000 13.890000 -12.210000
c<A>r<14>R<GLY> 20.382999 11.009000 -10.533000
c<A>r<15>R<LEU> 17.500999 10.158000 -8.181000
c<A>r<16>R<ALA> 16.684000 6.626000 -7.006000
c<A>r<17>R<LYS> 14.190000 5.017000 -4.609000
c<A>r<18>R<LYS> 13.932000 1.436000 -3.395000
c<A>r<19>R<VAL> 10.885000 0.418000 -1.360000
c<A>r<20>R<ILE> 11.946000 -1.428000 1.915000
c<A>r<21>R<GLY> 8.691000 -1.434000 3.854000
c<A>r<22>R<LEU> 4.990000 -0.814000 3.969000
c<A>r<23>R<GLN> 3.111000 -0.196000 7.060000
c<A>r<24>R<PHE> -0.495000 1.100000 7.004000
c<A>r<25>R<THR> -1.992000 2.757000 10.035000
c<A>r<26>R<GLU> -5.483000 3.944000 9.064000
c<A>r<27>R<ASP> -6.084000 3.031000 5.807000
c<A>r<75>R<TYR> -18.761000 -11.891000 5.968000
c<A>r<76>R<LEU> -17.407000 -10.470000 2.713000
c<A>r<78>R<LEU> -16.094000 -7.907000 7.411000
c<A>r<79>R<LEU> -13.212000 -9.244000 5.278000
c<A>r<80>R<LEU> -13.071000 -6.013000 3.197000
c<A>r<82>R<GLN> -9.261000 -5.699000 6.742000
c<A>r<83>R<PHE> -8.068000 -4.491000 3.338000
c<A>r<84>R<VAL> -6.089000 -1.368000 2.329000
c<A>r<85>R<PRO> -6.834000 0.366000 -0.963000
c<A>r<86>R<GLY> -4.989000 -1.283000 -3.833000
c<A>r<87>R<GLU> -4.574000 -4.578000 -1.933000
c<A>r<88>R<THR> -5.523000 -7.932000 -3.539000
c<A>r<89>R<ALA> -6.161000 -10.817000 -1.180000
c<A>r<90>R<ALA> -7.198000 -14.483000 -1.177000
c<A>r<91>R<CYS> -10.112000 -14.810000 1.237000
c<A>r<92>R<SER> -12.035000 -17.708000 2.783000
c<A>r<93>R<ILE> -15.248000 -18.285000 4.720000
c<A>r<94>R<THR> -15.353000 -21.537001 6.617000
c<A>r<95>R<THR> -18.903999 -22.479000 7.736000
c<A>r<96>R<LYS> -19.919001 -24.399000 10.881000
c<A>r<98>R<GLY> -16.641001 -27.131001 7.530000
c<A>r<100>R<ARG> -14.942000 -23.483999 2.839000
c<A>r<101>R<ILE> -15.779000 -20.761000 0.327000
c<A>r<102>R<GLU> -12.730000 -19.254000 -1.296000
c<A>r<103>R<PHE> -12.587000 -16.077000 -3.396000
c<A>r<104>R<GLU> -10.119000 -13.324000 -4.451000
c<A>r<105>R<LEU> -10.889000 -9.635000 -3.825000
c<A>r<106>R<LYS> -9.227000 -6.375000 -4.663000
c<A>r<107>R<LEU> -10.099000 -3.250000 -2.725000
c<A>r<108>R<GLU> -9.937000 -0.458000 -5.323000
c<A>r<109>R<LYS> -10.802000 2.560000 -3.123000
c<B>r<1>R<ASP> 7.995000 -6.169000 6.816000
c<B>r<2>R<TRP> 6.465000 -7.497000 4.011000
c<B>r<3>R<TYR> 3.010000 -6.671000 3.707000
c<B>r<4>R<VAL> 2.262000 -8.989000 0.811000
c<B>r<5>R<GLY> 1.980000 -12.424000 2.217000
c<B>r<6>R<THR> 0.583000 -11.178000 5.581000
c<B>r<7>R<GLU> -2.449000 -13.221000 6.919000
c<B>r<8>R<TRP> -5.417000 -12.227000 8.855000
c<B>r<9>R<GLU> -7.909000 -14.566000 10.556000
c<B>r<10>R<ASP> -11.156000 -14.366000 12.540000
c<B>r<11>R<LYS> -11.184000 -17.877001 14.011000
c<B>r<13>R<ARG> -16.306999 -16.563999 12.469000
c<B>r<14>R<GLY> -14.073000 -18.767000 10.301000
c<B>r<15>R<LEU> -12.844000 -15.865000 8.161000
c<B>r<16>R<ALA> -9.341000 -15.649000 6.687000
c<B>r<17>R<LYS> -7.449000 -13.271000 4.375000
c<B>r<18>R<LYS> -4.036000 -13.628000 2.780000
c<B>r<19>R<VAL> -2.568000 -10.630000 0.959000
c<B>r<20>R<ILE> -1.317000 -11.650000 -2.599000
c<B>r<21>R<GLY> -0.760000 -8.238000 -4.194000
c<B>r<22>R<LEU> -0.574000 -4.497000 -3.865000
c<B>r<23>R<GLN> -1.074000 -2.179000 -6.671000
c<B>r<24>R<PHE> -1.515000 1.580000 -6.125000
c<B>r<25>R<THR> -3.064000 3.800000 -8.794000
c<B>r<26>R<GLU> -3.515000 7.296000 -7.303000
c<B>r<27>R<ASP> -2.102000 7.261000 -4.141000
c<B>r<76>R<TYR> 15.168000 16.511999 -5.023000
c<B>r<77>R<LEU> 13.818000 15.125000 -1.752000
c<B>r<79>R<LEU> 10.572000 14.889000 -6.197000
c<B>r<80>R<LEU> 11.437000 11.582000 -4.503000
c<B>r<81>R<LEU> 8.467000 11.873000 -2.069000
c<B>r<83>R<GLN> 6.989000 8.636000 -5.882000
c<B>r<84>R<PHE> 5.885000 7.339000 -2.467000
c<B>r<85>R<VAL> 2.527000 5.941000 -1.270000
c<B>r<86>R<PRO> 1.340000 6.649000 2.283000
c<B>r<87>R<GLY> 2.828000 4.175000 4.728000
c<B>r<88>R<GLU> 5.736000 3.303000 2.412000
c<B>r<89>R<THR> 9.365000 3.338000 3.687000
c<B>r<90>R<ALA> 12.081000 3.632000 1.065000
c<B>r<91>R<ALA> 15.871000 3.893000 0.715000
c<B>r<92>R<CYS> 16.584000 6.946000 -1.440000
c<B>r<93>R<SER> 19.659000 8.407000 -3.137000
c<B>r<94>R<ILE> 20.740000 11.615000 -4.841000
c<B>r<95>R<THR> 23.743000 11.267000 -7.081000
c<B>r<96>R<THR> 25.318001 14.622000 -8.000000
c<B>r<97>R<LYS> 27.087999 15.541000 -11.249000
c<B>r<99>R<GLY> 29.337000 11.431000 -8.538000
c<B>r<101>R<ARG> 25.889000 10.013000 -3.613000
c<B>r<102>R<ILE> 23.680000 11.129000 -0.741000
c<B>r<103>R<GLU> 21.722000 8.292000 0.788000
c<B>r<104>R<PHE> 18.806999 8.564000 3.215000
c<B>r<105>R<GLU> 15.706000 6.576000 4.374000
c<B>r<106>R<LEU> 12.222000 8.152000 4.265000
c<B>r<107>R<LYS> 8.779000 7.116000 5.321000
c<B>r<108>R<LEU> 5.751000 8.849000 3.864000
c<B>r<109>R<GLU> 3.261000 8.978000 6.752000
c<B>r<110>R<LYS> 0.297000 10.720000 5.028000
