c<A>r<1>R<VAL> 10.372000 20.315001 1.746000
c<A>r<2>R<ASN> 10.186000 20.601000 -1.647000
c<A>r<3>R<ILE> 10.555000 16.902000 -2.365000
c<A>r<4>R<LEU> 9.606000 16.323999 -5.721000
c<A>r<5>R<LEU> 7.441000 13.308000 -5.725000
c<A>r<9>R<HIS> -2.885000 10.183000 -9.836000
c<A>r<10>R<ASN> -5.444000 12.679000 -10.908000
c<A>r<11>R<ILE> -8.716000 12.125000 -9.050000
c<A>r<18>R<ILE> -0.852000 6.525000 -2.976000
c<A>r<19>R<ALA> -0.068000 6.284000 0.755000
c<A>r<20>R<VAL> 0.239000 2.922000 2.528000
c<A>r<22>R<GLN> 2.165000 0.398000 7.957000
c<A>r<23>R<ASP> 2.676000 -0.268000 11.697000
c<A>r<26>R<THR> 4.754000 -5.187000 13.615000
c<A>r<27>R<GLY> 4.873000 -4.476000 9.818000
c<A>r<28>R<GLU> 1.101000 -4.785000 9.651000
c<A>r<29>R<VAL> -0.438000 -2.845000 6.729000
c<A>r<30>R<LEU> -3.154000 -0.741000 8.374000
c<A>r<31>R<MET> -4.786000 1.164000 5.494000
c<A>r<32>R<VAL> -4.358000 2.645000 2.057000
c<A>r<33>R<ALA> -5.254000 6.241000 1.214000
c<A>r<44>R<LEU> 6.235000 15.746000 7.394000
c<A>r<74>R<ASP> 9.413000 7.209000 8.753000
c<A>r<75>R<VAL> 8.347000 7.902000 5.169000
c<A>r<76>R<LEU> 9.486000 5.493000 2.400000
c<A>r<77>R<VAL> 9.259000 6.418000 -1.232000
c<A>r<78>R<ASP> 8.773000 4.021000 -4.181000
c<A>r<79>R<CYS> 11.165000 3.993000 -7.156000
c<A>r<80>R<ASP> 9.081000 6.498000 -9.289000
c<A>r<81>R<GLY> 7.772000 8.634000 -6.459000
c<A>r<82>R<ASP> 4.039000 8.120000 -6.890000
c<A>r<83>R<ALA> 3.562000 6.110000 -3.706000
c<A>r<84>R<VAL> 4.794000 6.239000 -0.122000
c<A>r<85>R<VAL> 4.829000 3.899000 2.855000
c<A>r<95>R<CYS> -10.255000 1.255000 10.383000
c<A>r<96>R<HIS> -13.574000 2.978000 11.119000
c<A>r<97>R<THR> -15.102000 -0.522000 11.624000
c<A>r<99>R<TYR> -10.431000 -3.112000 13.623000
c<A>r<101>R<SER> -6.280000 -2.732000 10.248000
c<A>r<102>R<CYS> -8.684000 -2.051000 7.379000
c<A>r<103>R<PHE> -7.328000 -5.390000 5.901000
c<A>r<104>R<TYR> -9.110000 -7.556000 8.483000
c<A>r<105>R<ARG> -10.709000 -9.855000 5.868000
c<A>r<106>R<SER> -9.320000 -12.501000 3.510000
c<A>r<107>R<ILE> -10.773000 -14.176000 0.353000
c<A>r<108>R<ASP> -12.010000 -17.712999 1.241000
c<A>r<109>R<GLY> -13.554000 -19.351000 -1.794000
c<A>r<110>R<ASP> -16.368000 -17.030001 -3.022000
c<A>r<111>R<GLU> -16.635000 -15.186000 0.303000
c<A>r<112>R<LEU> -14.920000 -12.647000 2.378000
c<A>r<113>R<LYS> -14.108000 -13.785000 5.874000
c<A>r<114>R<VAL> -12.779000 -11.967000 8.892000
c<A>r<115>R<ARG> -9.228000 -13.210000 9.579000
c<B>r<1>R<SER> -19.677000 -21.606001 -9.926000
c<B>r<2>R<LYS> -16.719000 -20.292000 -8.760000
c<B>r<3>R<GLY> -18.556000 -17.664000 -7.466000
c<B>r<4>R<ASP> -17.069000 -14.995000 -8.653000
c<B>r<5>R<VAL> -15.093000 -13.361000 -5.801000
c<B>r<6>R<ASN> -14.923000 -10.570000 -8.097000
c<B>r<7>R<ILE> -17.964001 -9.474000 -7.210000
c<B>r<8>R<LEU> -17.128000 -8.818000 -3.781000
c<B>r<9>R<LEU> -14.536000 -6.206000 -4.380000
c<B>r<13>R<HIS> -10.608000 3.384000 -9.489000
c<B>r<14>R<ASN> -11.263000 4.296000 -13.054000
c<B>r<15>R<ILE> -7.975000 4.884000 -14.889000
c<B>r<22>R<ILE> -5.058000 -0.840000 -5.473000
c<B>r<23>R<ALA> -2.764000 -3.833000 -4.772000
c<B>r<24>R<VAL> -0.025000 -3.681000 -2.131000
c<B>r<26>R<GLN> 3.964000 -7.415000 1.024000
c<B>r<27>R<ASP> 6.599000 -10.076000 1.838000
c<B>r<30>R<THR> 9.282000 -10.200000 6.836000
c<B>r<31>R<GLY> 6.273000 -7.818000 6.414000
c<B>r<32>R<GLU> 8.294000 -5.678000 4.050000
c<B>r<33>R<VAL> 6.125000 -3.689000 1.585000
c<B>r<34>R<LEU> 7.624000 -4.501000 -1.824000
c<B>r<35>R<MET> 5.523000 -2.503000 -4.308000
c<B>r<36>R<VAL> 2.203000 -0.923000 -5.074000
c<B>r<37>R<ALA> 0.299000 -1.496000 -8.295000
c<B>r<48>R<LEU> -6.239000 -16.278999 -7.422000
c<B>r<78>R<ASP> -2.740000 -14.819000 1.008000
c<B>r<79>R<VAL> -4.986000 -11.994000 -0.202000
c<B>r<80>R<LEU> -6.266000 -9.448000 2.361000
c<B>r<81>R<VAL> -9.106000 -7.128000 1.563000
c<B>r<82>R<ASP> -9.668000 -3.625000 2.979000
c<B>r<83>R<CYS> -12.964000 -2.647000 4.653000
c<B>r<84>R<ASP> -14.602000 -1.233000 1.423000
c<B>r<85>R<GLY> -13.041000 -3.651000 -1.037000
c<B>r<86>R<ASP> -11.108000 -1.233000 -3.248000
c<B>r<87>R<ALA> -7.662000 -2.340000 -2.129000
c<B>r<88>R<VAL> -5.902000 -5.618000 -1.395000
c<B>r<89>R<VAL> -2.705000 -6.686000 0.322000
c<B>r<99>R<CYS> 11.779000 -3.336000 -8.154000
c<B>r<100>R<HIS> 13.179000 -3.001000 -11.692000
c<B>r<101>R<THR> 16.073999 -0.947000 -10.178000
c<B>r<103>R<TYR> 16.270000 -3.528000 -5.121000
c<B>r<105>R<SER> 11.581000 -3.372000 -2.527000
c<B>r<106>R<CYS> 10.499000 -0.399000 -4.649000
c<B>r<107>R<PHE> 10.447000 1.561000 -1.292000
c<B>r<108>R<TYR> 14.252000 1.603000 -0.957000
c<B>r<109>R<ARG> 14.426000 5.383000 -0.395000
c<B>r<110>R<SER> 13.427000 7.620000 2.537000
c<B>r<111>R<ILE> 12.821000 11.439000 2.783000
c<B>r<112>R<ASP> 15.804000 13.106000 4.562000
c<B>r<113>R<GLY> 15.263000 16.871000 4.720000
c<B>r<114>R<ASP> 14.606000 18.031000 1.101000
c<B>r<115>R<GLU> 16.224001 14.972000 -0.446000
c<B>r<116>R<LEU> 15.602000 11.383000 -1.193000
c<B>r<117>R<LYS> 18.176001 8.973000 0.126000
c<B>r<118>R<VAL> 18.664000 5.269000 -0.310000
c<B>r<119>R<ARG> 17.924000 3.558000 3.015000
