c<A>r<1>R<PRO> -1.952000 27.475000 -6.492000
c<A>r<2>R<PRO> -2.974000 27.150000 -3.434000
c<A>r<3>R<TYR> -0.260000 24.961000 -2.579000
c<A>r<4>R<ASP> 3.417000 25.041000 -2.805000
c<A>r<5>R<VAL> 4.680000 22.489000 -5.292000
c<A>r<6>R<LYS> 7.334000 21.535999 -2.721000
c<A>r<7>R<GLU> 4.654000 20.823999 -0.163000
c<A>r<8>R<ALA> 2.783000 18.840000 -2.721000
c<A>r<9>R<LEU> 5.903000 16.785000 -3.465000
c<A>r<10>R<VAL> 6.546000 16.096001 0.212000
c<A>r<11>R<PHE> 2.875000 15.044000 0.619000
c<A>r<12>R<THR> 3.105000 12.715000 -2.336000
c<A>r<13>R<GLN> 6.334000 11.249000 -1.027000
c<A>r<14>R<LYS> 4.772000 10.736000 2.320000
c<A>r<15>R<ALA> 1.945000 8.986000 0.634000
c<A>r<16>R<GLN> 4.523000 6.729000 -0.934000
c<A>r<17>R<LEU> 5.361000 5.525000 2.567000
c<A>r<18>R<SER> 2.083000 3.783000 2.271000
c<A>r<19>R<LYS> 4.153000 1.216000 0.583000
c<A>r<20>R<ALA> 5.644000 0.105000 3.847000
c<A>r<21>R<LEU> 2.217000 0.003000 5.438000
c<A>r<22>R<TRP> 0.783000 -2.066000 2.545000
c<A>r<23>R<LYS> 3.742000 -4.426000 2.660000
c<A>r<24>R<SER> 3.129000 -5.086000 6.331000
c<A>r<25>R<ILE> -0.560000 -5.542000 5.724000
c<A>r<26>R<GLU> 0.112000 -7.791000 2.721000
c<A>r<29>R<TRP> -2.732000 -10.965000 5.181000
c<A>r<40>R<ILE> -5.116000 -11.758000 -1.255000
c<A>r<44>R<HIS> -10.694000 -9.656000 -1.265000
c<A>r<47>R<TRP> -15.010000 -10.170000 1.177000
c<A>r<61>R<ALA> -12.660000 -3.919000 -9.662000
c<A>r<62>R<LYS> -13.388000 -0.614000 -7.931000
c<A>r<63>R<PHE> -11.622000 -1.707000 -4.842000
c<A>r<64>R<GLY> -8.011000 -2.072000 -5.921000
c<A>r<65>R<VAL> -8.004000 -4.632000 -8.686000
c<A>r<66>R<HIS> -8.107000 -4.393000 -12.482000
c<A>r<105>R<LEU> -13.094000 -14.551000 10.157000
c<A>r<108>R<PHE> -8.631000 -13.809000 12.663000
c<A>r<109>R<ASP> -6.230000 -12.891000 15.443000
c<A>r<110>R<PRO> -5.517000 -9.121000 15.764000
c<A>r<111>R<THR> -2.437000 -9.709000 17.832001
c<A>r<113>R<ASN> -1.554000 -8.032000 12.740000
c<A>r<114>R<ALA> 1.265000 -5.454000 12.720000
c<A>r<115>R<VAL> -1.104000 -2.574000 11.808000
c<A>r<116>R<PHE> -3.327000 -3.460000 14.667000
c<A>r<117>R<LYS> -0.448000 -3.555000 17.101999
c<A>r<118>R<GLY> 0.943000 -0.438000 15.659000
c<A>r<119>R<SER> -2.327000 1.376000 16.163000
c<A>r<120>R<GLN> -2.662000 0.381000 19.885000
c<A>r<121>R<PRO> -0.876000 3.532000 21.117001
c<A>r<122>R<LEU> -3.216000 5.792000 19.171000
c<A>r<123>R<TYR> -6.137000 3.715000 20.282000
c<A>r<124>R<HIS> -5.263000 4.109000 24.011999
c<A>r<127>R<GLY> -10.152000 5.641000 22.566000
c<A>r<128>R<LYS> -10.763000 4.674000 18.929001
c<A>r<129>R<PHE> -8.923000 3.216000 16.068001
c<A>r<130>R<PRO> -7.235000 5.795000 13.871000
c<A>r<131>R<GLU> -8.761000 6.599000 10.583000
c<A>r<132>R<VAL> -6.428000 4.977000 8.101000
c<A>r<133>R<ALA> -7.546000 5.800000 4.855000
c<A>r<134>R<GLU> -9.310000 8.967000 4.916000
c<A>r<135>R<CYS> -7.720000 9.851000 1.536000
c<A>r<136>R<ILE> -9.193000 6.789000 0.108000
c<A>r<137>R<ARG> -12.668000 8.165000 0.444000
c<A>r<138>R<HIS> -11.788000 11.155000 -1.494000
c<A>r<139>R<ILE> -10.017000 9.275000 -4.167000
c<A>r<140>R<TYR> -12.697000 6.739000 -4.708000
c<A>r<141>R<GLY> -15.592000 8.688000 -3.696000
c<A>r<144>R<PHE> -16.542999 3.488000 -1.446000
c<A>r<146>R<ILE> -18.183001 -0.369000 1.839000
c<A>r<147>R<PHE> -17.302000 0.269000 5.255000
c<A>r<150>R<SER> -21.127001 -3.238000 9.031000
c<B>r<1>R<TYR> -10.920000 -3.745000 22.357000
c<B>r<3>R<VAL> -12.475000 -8.340000 18.552999
c<B>r<4>R<LYS> -15.159000 -7.242000 16.083000
c<B>r<5>R<GLU> -13.890000 -3.711000 16.238001
c<B>r<6>R<ALA> -10.360000 -4.998000 15.643000
c<B>r<7>R<LEU> -11.539000 -6.970000 12.620000
c<B>r<8>R<VAL> -13.328000 -3.961000 11.137000
c<B>r<9>R<PHE> -10.188000 -1.838000 11.680000
c<B>r<10>R<THR> -7.970000 -4.445000 10.060000
c<B>r<11>R<GLN> -10.353000 -4.751000 7.135000
c<B>r<12>R<LYS> -10.426000 -1.052000 6.725000
c<B>r<13>R<ALA> -6.689000 -1.085000 6.726000
c<B>r<14>R<GLN> -6.933000 -3.472000 3.811000
c<B>r<15>R<LEU> -8.510000 -0.703000 1.833000
c<B>r<16>R<SER> -5.018000 0.630000 1.861000
c<B>r<17>R<LYS> -4.670000 -1.619000 -1.056000
c<B>r<18>R<ALA> -6.702000 0.672000 -3.237000
c<B>r<19>R<LEU> -4.691000 3.663000 -2.040000
c<B>r<20>R<TRP> -1.342000 1.868000 -2.752000
c<B>r<21>R<LYS> -2.594000 0.769000 -6.185000
c<B>r<22>R<SER> -3.407000 4.343000 -7.073000
c<B>r<23>R<ILE> -0.085000 5.527000 -5.737000
c<B>r<24>R<GLU> 1.770000 2.702000 -7.491000
c<B>r<27>R<TRP> 4.336000 6.461000 -9.477000
c<B>r<38>R<ILE> 9.425000 2.076000 -7.949000
c<B>r<42>R<HIS> 12.699000 4.693000 -3.764000
c<B>r<45>R<TRP> 15.140000 8.889000 -2.884000
c<B>r<59>R<ALA> 15.181000 -1.970000 3.721000
c<B>r<60>R<LYS> 13.377000 -0.251000 6.517000
c<B>r<61>R<PHE> 11.169000 1.516000 4.157000
c<B>r<62>R<GLY> 9.116000 -1.175000 2.569000
c<B>r<63>R<VAL> 11.546000 -3.589000 0.935000
c<B>r<64>R<HIS> 13.335000 -6.663000 1.983000
c<B>r<109>R<LEU> 11.698000 15.934000 -9.219000
c<B>r<112>R<PHE> 6.869000 16.000999 -10.826000
c<B>r<113>R<ASP> 3.363000 17.198999 -11.545000
c<B>r<114>R<PRO> 0.961000 16.987000 -8.614000
c<B>r<115>R<THR> -2.040000 17.333000 -10.824000
c<B>r<117>R<ASN> -1.262000 12.364000 -8.797000
c<B>r<118>R<ALA> -4.644000 10.866000 -7.732000
c<B>r<119>R<VAL> -3.765000 11.030000 -3.993000
c<B>r<120>R<PHE> -2.859000 14.648000 -4.343000
c<B>r<121>R<LYS> -6.082000 15.442000 -6.150000
c<B>r<122>R<GLY> -8.033000 13.406000 -3.724000
c<B>r<123>R<SER> -6.580000 15.345000 -0.840000
c<B>r<124>R<GLN> -7.474000 18.789000 -2.342000
c<B>r<125>R<PRO> -10.892000 18.896999 -0.619000
c<B>r<126>R<LEU> -9.314000 18.230000 2.740000
c<B>r<127>R<TYR> -6.577000 20.702999 1.971000
c<B>r<128>R<HIS> -9.083000 23.510000 1.187000
c<B>r<131>R<GLY> -5.357000 24.510000 4.905000
c<B>r<132>R<LYS> -2.865000 21.632000 5.114000
c<B>r<133>R<PHE> -2.385000 18.285999 3.593000
c<B>r<134>R<PRO> -3.987000 15.468000 5.526000
c<B>r<135>R<GLU> -1.851000 13.109000 7.480000
c<B>r<136>R<VAL> -1.733000 10.061000 5.383000
c<B>r<137>R<ALA> -0.848000 7.136000 7.344000
c<B>r<138>R<GLU> -0.615000 8.111000 10.858000
c<B>r<139>R<CYS> -0.160000 4.443000 11.506000
c<B>r<140>R<ILE> 2.937000 4.537000 9.559000
c<B>r<141>R<ARG> 4.558000 6.759000 12.142000
c<B>r<142>R<HIS> 3.977000 4.363000 14.796000
c<B>r<143>R<ILE> 5.114000 1.421000 12.834000
c<B>r<144>R<TYR> 8.273000 3.091000 11.777000
c<B>r<145>R<GLY> 8.803000 5.241000 14.649000
c<B>r<148>R<PHE> 9.787000 8.660000 9.908000
c<B>r<150>R<ILE> 13.028000 11.136000 6.938000
c<B>r<151>R<PHE> 10.282000 13.174000 5.634000
c<B>r<152>R<GLU> 11.329000 16.110001 7.516000
c<B>r<153>R<THR> 14.561000 15.908000 5.958000
c<B>r<154>R<SER> 13.109000 15.552000 2.619000
c<B>r<155>R<LEU> 11.577000 18.905001 2.777000
c<B>r<156>R<THR> 14.665000 20.450001 3.951000
c<B>r<158>R<ILE> 14.285000 19.789000 -1.396000
c<B>r<159>R<ASP> 14.101000 23.327999 -0.168000
c<B>r<162>R<PHE> 15.001000 23.381001 -5.418000
c<B>r<163>R<GLU> 12.760000 26.417999 -5.780000
c<B>r<164>R<SER> 9.140000 26.608999 -6.742000
c<B>r<165>R<VAL> 8.591000 28.407000 -9.988000
c<B>r<166>R<ASN> 5.109000 28.545000 -11.723000
c<B>r<167>R<GLY> 3.997000 25.448000 -9.964000
c<B>r<168>R<LYS> 7.063000 23.462000 -10.896000
c<B>r<169>R<LEU> 10.191000 22.511999 -9.164000
