c<A>r<42>R<ALA> -2.652000 19.245001 -11.054000
c<A>r<43>R<VAL> -2.880000 16.150999 -8.779000
c<A>r<44>R<VAL> -3.472000 13.765000 -11.752000
c<A>r<45>R<TYR> -0.434000 15.233000 -13.574000
c<A>r<46>R<SER> 1.740000 15.174000 -10.430000
c<A>r<47>R<ASN> 0.789000 11.513000 -9.687000
c<A>r<49>R<ILE> 4.944000 12.246000 -13.408000
c<A>r<50>R<GLN> 5.842000 10.869000 -9.921000
c<A>r<53>R<ILE> 9.995000 8.982000 -12.072000
c<A>r<54>R<ALA> 9.626000 6.248000 -9.391000
c<A>r<56>R<ILE> 12.948000 5.116000 -13.735000
c<A>r<57>R<ARG> 14.679000 5.485000 -10.307000
c<A>r<58>R<ALA> 13.847000 1.837000 -9.548000
c<A>r<59>R<MET> 15.495000 0.749000 -12.875000
c<A>r<60>R<GLY> 18.863001 2.085000 -11.590000
c<A>r<61>R<ARG> 18.426001 0.358000 -8.164000
c<A>r<63>R<LYS> 19.976999 -2.717000 -12.498000
c<A>r<72>R<ALA> 18.337000 6.909000 -21.452000
c<A>r<73>R<ASP> 18.148001 10.371000 -23.112000
c<A>r<75>R<ALA> 14.884000 9.597000 -19.017000
c<A>r<76>R<ARG> 17.308001 12.583000 -18.594000
c<A>r<77>R<GLN> 14.820000 14.857000 -20.433001
c<A>r<78>R<LEU> 11.997000 13.594000 -18.117001
c<A>r<79>R<PHE> 13.824000 14.929000 -14.997000
c<A>r<80>R<VAL> 14.580000 18.323000 -16.681000
c<A>r<81>R<LEU> 11.054000 18.792000 -18.125000
c<A>r<82>R<ALA> 9.329000 17.577999 -14.912000
c<A>r<83>R<GLY> 11.482000 20.024000 -12.857000
c<A>r<84>R<ALA> 10.459000 22.920000 -15.164000
c<A>r<85>R<ALA> 6.759000 21.857000 -15.355000
c<A>r<87>R<GLU> 1.595000 22.850000 -11.636000
c<A>r<148>R<THR> -5.832000 10.665000 -7.321000
c<A>r<149>R<ARG> -3.396000 10.130000 -4.438000
c<A>r<150>R<VAL> -2.908000 12.883000 -1.881000
c<A>r<151>R<LYS> -1.508000 12.098000 1.593000
c<A>r<152>R<THR> -4.435000 12.818000 3.950000
c<A>r<153>R<THR> -3.292000 15.080000 6.788000
c<A>r<175>R<GLN> 0.444000 7.024000 8.059000
c<A>r<176>R<ARG> 2.240000 6.581000 11.423000
c<A>r<177>R<SER> 2.837000 10.379000 11.830000
c<A>r<178>R<GLU> -0.938000 11.125000 11.507000
c<A>r<179>R<ARG> -2.321000 8.445000 13.910000
c<A>r<180>R<LYS> -1.942000 10.706000 17.018000
c<A>r<181>R<LYS> -4.900000 12.762000 15.665000
c<A>r<182>R<TRP> -7.356000 9.788000 15.625000
c<A>r<183>R<ILE> -8.317000 10.248000 19.326000
c<A>r<186>R<PHE> -13.318000 8.600000 18.874001
c<A>r<207>R<GLU> 8.195000 4.820000 6.538000
c<A>r<208>R<ASP> 9.828000 1.442000 7.503000
c<A>r<216>R<GLU> 1.228000 -3.372000 10.130000
c<A>r<219>R<LYS> -1.293000 -4.985000 14.383000
c<A>r<220>R<LEU> -3.360000 -1.827000 13.901000
c<A>r<222>R<ASP> -5.852000 -5.989000 16.740000
c<A>r<223>R<SER> -5.315000 -2.737000 18.694000
c<A>r<224>R<ILE> -8.630000 -1.165000 17.490000
c<A>r<227>R<ASN> -9.768000 -1.647000 22.552000
c<A>r<228>R<LYS> -12.154000 -1.094000 25.540001
c<A>r<229>R<TRP> -13.227000 2.307000 24.106001
c<B>r<1>R<ASP> -10.192000 4.859000 29.054001
c<B>r<2>R<ILE> -7.981000 7.754000 27.757000
c<B>r<4>R<GLY> -5.855000 2.689000 27.079000
c<B>r<5>R<LEU> -6.336000 5.013000 24.039000
c<B>r<6>R<VAL> -2.945000 6.754000 24.582001
c<B>r<7>R<GLU> -1.423000 3.262000 24.988001
c<B>r<8>R<LEU> -3.133000 2.198000 21.698000
c<B>r<9>R<LEU> -1.671000 5.284000 19.964001
c<B>r<10>R<ASN> 1.800000 4.659000 21.507000
c<B>r<11>R<ARG> 1.795000 0.899000 20.534000
c<B>r<12>R<VAL> 0.871000 1.969000 16.962999
c<B>r<13>R<GLN> 3.713000 4.585000 16.796000
c<B>r<14>R<SER> 7.199000 3.691000 15.616000
c<B>r<15>R<SER> 9.320000 5.931000 13.244000
c<B>r<16>R<GLY> 9.712000 9.290000 11.633000
c<B>r<17>R<ALA> 7.556000 12.273000 10.625000
c<B>r<18>R<HIS> 8.170000 13.129000 6.964000
c<B>r<19>R<ASP> 5.670000 15.780000 5.761000
c<B>r<20>R<GLN> 4.619000 15.165000 2.106000
c<B>r<21>R<ARG> 1.958000 17.099001 0.218000
c<B>r<22>R<GLY> 1.452000 14.696000 -2.775000
c<B>r<23>R<LEU> 3.021000 17.223000 -5.241000
c<B>r<24>R<LEU> 6.372000 16.629999 -7.055000
c<B>r<25>R<ARG> 9.192000 17.179001 -4.504000
c<B>r<26>R<LYS> 12.506000 18.780001 -5.571000
c<B>r<28>R<ASP> 12.131000 13.416000 -6.544000
c<B>r<29>R<LEU> 13.554000 15.514000 -9.469000
c<B>r<30>R<VAL> 17.318001 14.935000 -8.717000
c<B>r<31>R<LEU> 18.875000 13.085000 -11.719000
c<B>r<32>R<PRO> 19.809999 9.465000 -10.678000
c<B>r<33>R<GLU> 23.552000 8.574000 -10.812000
c<B>r<34>R<PHE> 23.009001 5.786000 -13.431000
c<B>r<35>R<LEU> 21.700001 8.457000 -15.904000
c<B>r<36>R<GLN> 24.680000 10.830000 -15.312000
