c<A>r<1>R<ALA> -2.716000 -11.548000 17.952999
c<A>r<2>R<PHE> -1.771000 -8.300000 16.152000
c<A>r<3>R<ASP> 0.550000 -10.120000 13.742000
c<A>r<4>R<GLU> -2.601000 -11.438000 11.955000
c<A>r<5>R<CYS> -3.896000 -7.974000 11.280000
c<A>r<6>R<ALA> -5.130000 -7.648000 7.748000
c<A>r<7>R<CYS> -4.325000 -3.898000 7.608000
c<A>r<8>R<TYR> -0.823000 -4.325000 9.076000
c<A>r<9>R<THR> 0.043000 -7.366000 6.833000
c<A>r<10>R<THR> -1.173000 -5.715000 3.617000
c<A>r<11>R<ARG> 0.391000 -2.369000 4.408000
c<A>r<12>R<ARG> 3.735000 -3.977000 5.131000
c<A>r<13>R<ALA> 3.615000 -5.992000 1.886000
c<A>r<14>R<ALA> 2.521000 -2.897000 -0.079000
c<A>r<15>R<ARG> 5.487000 -0.963000 1.217000
c<A>r<16>R<GLN> 7.945000 -3.792000 0.384000
c<A>r<17>R<LEU> 6.502000 -4.092000 -3.102000
c<A>r<18>R<GLY> 6.611000 -0.390000 -3.662000
c<A>r<19>R<GLN> 10.293000 -0.296000 -2.772000
c<A>r<20>R<ALA> 11.114000 -3.208000 -5.015000
c<A>r<21>R<TYR> 9.241000 -1.792000 -7.973000
c<A>r<22>R<ASP> 10.812000 1.663000 -7.429000
c<A>r<23>R<ARG> 14.239000 0.004000 -7.550000
c<A>r<24>R<ALA> 13.410000 -1.943000 -10.721000
c<A>r<32>R<ASN> 6.014000 2.978000 -8.937000
c<A>r<33>R<THR> 3.131000 5.517000 -8.355000
c<A>r<35>R<PHE> 4.387000 4.490000 -13.478000
c<A>r<36>R<SER> 0.883000 3.416000 -12.205000
c<A>r<39>R<ALA> -0.369000 3.201000 -17.037001
c<A>r<40>R<VAL> -3.875000 4.074000 -15.838000
c<A>r<43>R<LEU> -5.636000 2.409000 -20.097000
c<A>r<88>R<VAL> 7.124000 -1.503000 -19.166000
c<A>r<91>R<TRP> 8.024000 -3.511000 -14.727000
c<A>r<92>R<ARG> 7.476000 -6.883000 -16.420000
c<A>r<94>R<VAL> 10.068000 -7.248000 -11.421000
c<A>r<95>R<GLN> 6.462000 -8.370000 -11.767000
c<A>r<96>R<ALA> 7.509000 -11.795000 -12.989000
c<A>r<97>R<GLU> 10.067000 -12.098000 -10.159000
c<A>r<98>R<VAL> 7.740000 -11.151000 -7.358000
c<A>r<99>R<THR> 4.685000 -13.122000 -8.553000
c<A>r<100>R<ALA> 6.754000 -16.208000 -8.960000
c<A>r<101>R<SER> 6.768000 -16.344999 -5.138000
c<A>r<102>R<VAL> 3.124000 -17.169001 -4.877000
c<A>r<103>R<GLY> 1.776000 -20.405001 -6.499000
c<A>r<104>R<ASP> -1.195000 -18.834000 -8.270000
c<A>r<105>R<TRP> -0.916000 -15.100000 -8.697000
c<A>r<106>R<PRO> -4.425000 -14.592000 -10.292000
c<A>r<107>R<ARG> -5.949000 -16.257999 -7.199000
c<A>r<108>R<VAL> -3.756000 -14.360000 -4.735000
c<A>r<109>R<ARG> -4.501000 -11.152000 -6.606000
c<A>r<110>R<ARG> -8.291000 -11.834000 -6.301000
c<A>r<111>R<ASP> -7.931000 -12.492000 -2.582000
c<A>r<112>R<ILE> -6.069000 -9.224000 -2.059000
c<A>r<113>R<ALA> -8.642000 -7.303000 -4.167000
c<A>r<114>R<ASN> -11.478000 -8.921000 -2.190000
c<A>r<115>R<LEU> -9.901000 -7.804000 1.047000
c<A>r<116>R<GLY> -9.765000 -4.268000 -0.115000
c<A>r<117>R<GLN> -13.323000 -4.373000 -1.485000
c<A>r<118>R<ALA> -14.620000 -5.718000 1.718000
c<A>r<119>R<ALA> -12.954000 -2.883000 3.574000
c<A>r<120>R<GLU> -14.757000 -0.412000 1.302000
c<A>r<121>R<ALA> -18.066999 -1.998000 2.182000
c<A>r<122>R<CYS> -17.455000 -1.452000 5.846000
c<B>r<1>R<ALA> -1.861000 -6.175000 -18.395000
c<B>r<2>R<PHE> -1.202000 -3.462000 -15.791000
c<B>r<3>R<ASP> -4.387000 -4.362000 -13.826000
c<B>r<4>R<GLU> -2.494000 -7.523000 -12.671000
c<B>r<5>R<CYS> 0.305000 -5.532000 -11.148000
c<B>r<6>R<ALA> 1.217000 -6.894000 -7.751000
c<B>r<7>R<CYS> 2.430000 -3.497000 -6.425000
c<B>r<8>R<TYR> -0.680000 -1.621000 -7.692000
c<B>r<9>R<THR> -3.153000 -4.310000 -6.385000
c<B>r<10>R<THR> -1.539000 -4.541000 -2.923000
c<B>r<11>R<ARG> -1.050000 -0.846000 -2.522000
c<B>r<12>R<ARG> -4.725000 -0.202000 -3.439000
c<B>r<13>R<ALA> -5.939000 -2.848000 -0.964000
c<B>r<14>R<ALA> -3.601000 -1.510000 1.766000
c<B>r<15>R<ARG> -5.045000 1.932000 1.339000
c<B>r<16>R<GLN> -8.685000 0.634000 1.481000
c<B>r<17>R<LEU> -7.911000 -1.360000 4.560000
c<B>r<18>R<GLY> -6.153000 1.528000 6.253000
c<B>r<19>R<GLN> -9.246000 3.708000 5.731000
c<B>r<20>R<ALA> -11.584000 1.074000 7.048000
c<B>r<21>R<TYR> -9.507000 0.477000 10.148000
c<B>r<22>R<ASP> -9.182000 4.205000 10.754000
c<B>r<23>R<ARG> -12.999000 4.449000 10.712000
c<B>r<24>R<ALA> -13.419000 1.548000 13.085000
c<B>r<32>R<ASN> -4.482000 2.566000 12.129000
c<B>r<33>R<THR> -0.692000 3.488000 12.031000
c<B>r<35>R<PHE> -2.620000 1.672000 16.764999
c<B>r<36>R<SER> 0.016000 -0.447000 14.945000
c<B>r<39>R<ALA> 0.876000 -2.634000 19.375000
c<B>r<40>R<VAL> 4.426000 -3.166000 18.070000
c<B>r<43>R<LEU> 5.115000 -6.474000 21.818001
c<B>r<55>R<ALA> 9.328000 1.610000 10.876000
c<B>r<56>R<ALA> 10.050000 -1.608000 8.985000
c<B>r<57>R<ARG> 7.883000 -3.592000 11.433000
c<B>r<58>R<ILE> 4.955000 -1.252000 11.145000
c<B>r<59>R<GLY> 5.225000 -0.943000 7.404000
c<B>r<60>R<VAL> 5.790000 2.876000 7.274000
c<B>r<61>R<GLU> 8.588000 5.064000 6.163000
c<B>r<101>R<VAL> -8.308000 -3.659000 20.705000
c<B>r<104>R<TRP> -9.768000 -3.556000 15.913000
c<B>r<105>R<ARG> -11.093000 -7.093000 16.518000
c<B>r<107>R<VAL> -13.160000 -4.647000 11.906000
c<B>r<108>R<GLN> -10.624000 -7.426000 11.571000
c<B>r<109>R<ALA> -13.354000 -10.084000 11.808000
c<B>r<110>R<GLU> -15.516000 -8.198000 9.285000
c<B>r<111>R<VAL> -12.816000 -7.743000 6.666000
c<B>r<112>R<THR> -11.267000 -11.225000 6.945000
c<B>r<113>R<ALA> -14.640000 -12.849000 6.596000
c<B>r<114>R<SER> -14.420000 -11.850000 2.909000
c<B>r<115>R<VAL> -11.577000 -14.225000 2.048000
c<B>r<116>R<GLY> -12.341000 -17.961000 2.661000
c<B>r<117>R<ASP> -9.081000 -18.722000 4.487000
c<B>r<118>R<TRP> -7.441000 -15.664000 6.029000
c<B>r<119>R<PRO> -4.315000 -17.475000 7.368000
c<B>r<120>R<ARG> -3.615000 -18.680000 3.834000
c<B>r<121>R<VAL> -4.340000 -15.333000 2.230000
c<B>r<122>R<ARG> -2.217000 -13.634000 4.896000
c<B>r<123>R<ARG> 0.700000 -16.002001 4.116000
c<B>r<124>R<ASP> 0.374000 -15.262000 0.409000
c<B>r<125>R<ILE> 0.477000 -11.515000 1.018000
c<B>r<126>R<ALA> 3.442000 -11.859000 3.389000
c<B>r<127>R<ASN> 5.239000 -14.010000 0.802000
c<B>r<128>R<LEU> 4.715000 -11.354000 -1.822000
c<B>r<129>R<GLY> 6.278000 -8.767000 0.381000
c<B>r<130>R<GLN> 9.146000 -11.069000 1.326000
c<B>r<131>R<ALA> 9.845000 -11.857000 -2.222000
c<B>r<132>R<ALA> 9.995000 -8.159000 -2.994000
c<B>r<133>R<GLU> 12.576000 -7.728000 -0.241000
c<B>r<134>R<ALA> 14.691000 -10.448000 -1.808000
c<B>r<135>R<CYS> 14.764000 -8.636000 -5.124000
