c<A>r<757>R<TYR> 92.278999 62.723999 101.804001
c<A>r<758>R<ASP> 89.526001 63.219002 104.389000
c<A>r<759>R<VAL> 86.898003 65.845001 103.427002
c<A>r<760>R<SER> 85.376999 67.485001 106.469002
c<A>r<761>R<SER> 81.775002 68.418999 107.035004
c<A>r<762>R<GLN> 83.163002 71.955002 106.818001
c<A>r<763>R<VAL> 84.141998 71.764000 103.139999
c<A>r<764>R<ILE> 80.862000 70.045998 102.336998
c<A>r<765>R<SER> 78.918999 72.705002 104.258003
c<A>r<767>R<LEU> 79.824997 73.334000 99.082001
c<A>r<768>R<LYS> 76.127998 73.248001 99.879997
c<A>r<797>R<ALA> 69.526001 67.945999 94.377998
c<A>r<798>R<ILE> 71.691002 69.936996 96.816002
c<A>r<799>R<GLU> 71.099998 67.492996 99.635002
c<A>r<800>R<LYS> 72.694000 64.810997 97.497002
c<A>r<801>R<CYS> 75.658997 66.891998 96.364998
c<A>r<802>R<LYS> 79.059998 66.545998 98.060997
c<A>r<803>R<VAL> 82.821999 66.484001 97.863998
c<A>r<804>R<MET> 84.412003 63.060001 97.203003
c<A>r<805>R<ALA> 87.210999 61.801998 99.432999
c<A>r<806>R<SER> 90.008003 61.368000 96.949997
c<A>r<812>R<TRP> 79.656998 64.914001 93.018997
c<A>r<824>R<SER> 61.895000 57.316002 86.737999
c<A>r<825>R<ASN> 62.729000 59.625000 89.633003
c<A>r<826>R<GLU> 66.464996 58.868000 89.171997
c<A>r<827>R<THR> 68.619003 61.997002 89.277000
c<A>r<883>R<LYS> 74.931999 54.446999 88.765999
c<A>r<884>R<ASP> 75.424004 51.639999 91.291000
c<A>r<885>R<ALA> 79.153000 51.449001 90.787003
c<A>r<886>R<THR> 82.005997 51.224998 93.119003
c<A>r<887>R<THR> 85.717003 50.987999 93.023003
c<A>r<889>R<ALA> 89.616997 49.120998 96.000000
c<A>r<890>R<LYS> 86.577003 50.230000 98.070999
c<A>r<891>R<ILE> 85.142998 46.659000 97.927002
c<A>r<892>R<GLN> 88.439003 45.292999 99.239998
c<A>r<893>R<GLN> 88.553001 48.096001 101.866997
c<A>r<894>R<SER> 84.976997 47.333000 103.003998
c<A>r<895>R<THR> 86.092003 43.816002 104.070000
c<A>r<896>R<VAL> 89.767998 44.007999 105.059998
c<A>r<897>R<GLY> 91.623001 46.861000 106.709000
c<A>r<898>R<ASN> 91.585999 50.460999 105.521004
c<A>r<899>R<THR> 94.817001 50.734001 103.610001
c<A>r<909>R<HIS> 80.764999 38.147999 97.988998
c<A>r<910>R<TRP> 79.949997 41.730000 96.977997
c<A>r<911>R<LEU> 78.232002 40.752998 93.695999
c<A>r<912>R<LYS> 76.217003 38.091000 95.400002
c<A>r<913>R<GLU> 75.040001 40.437000 98.124001
c<A>r<914>R<LYS> 74.180000 43.106998 95.536003
c<A>r<915>R<SER> 72.133003 40.750000 93.341003
c<A>r<916>R<PRO> 68.317001 40.778999 93.820000
c<A>r<917>R<THR> 67.893997 37.141998 92.651001
c<A>r<918>R<GLU> 70.124001 34.160000 91.758003
c<A>r<920>R<LYS> 70.508003 38.264000 88.342003
c<A>r<955>R<THR> 78.733002 47.910999 88.588997
c<A>r<956>R<GLU> 76.375000 46.069000 90.871002
c<A>r<957>R<THR> 75.238998 44.393002 87.714996
c<A>r<958>R<GLY> 78.670998 42.865002 87.191002
c<B>r<21>R<ILE> 73.649002 61.324001 106.947998
c<B>r<22>R<GLN> 76.606003 60.387001 104.836998
c<B>r<23>R<LEU> 74.482002 57.971001 102.843002
c<B>r<24>R<ILE> 71.488998 60.300999 102.473999
c<B>r<25>R<GLN> 73.097000 63.826000 102.333000
c<B>r<26>R<ASN> 76.614998 62.970001 101.185997
c<B>r<27>R<HIS> 78.625999 64.790001 103.878998
c<B>r<28>R<PHE> 80.382004 63.924000 107.186996
c<B>r<29>R<VAL> 79.080002 65.449997 110.377998
c<B>r<30>R<ASP> 81.763000 66.248001 112.918999
c<B>r<31>R<GLU> 79.603996 67.179001 115.920998
c<B>r<42>R<LYS> 65.583000 59.097000 99.917000
c<B>r<43>R<GLN> 64.882004 57.686001 96.553001
c<B>r<44>R<VAL> 67.898003 55.764999 95.195999
c<B>r<45>R<VAL> 68.885002 53.150002 92.598000
c<B>r<46>R<ILE> 69.967003 49.659000 93.714996
c<B>r<47>R<ASP> 70.831001 47.014999 91.079002
c<B>r<48>R<GLY> 68.491997 48.680000 88.571999
c<B>r<49>R<GLU> 65.549004 48.778999 90.944000
c<B>r<50>R<THR> 64.255997 52.237000 91.661003
c<B>r<51>R<CYS> 63.092999 52.195999 95.264999
c<B>r<114>R<VAL> 78.760002 47.145000 110.333000
c<B>r<115>R<GLY> 82.150002 48.005001 111.759003
c<B>r<116>R<ASN> 82.485001 51.804001 111.546997
c<B>r<117>R<LYS> 85.292999 54.369999 111.947998
c<B>r<118>R<SER> 87.695999 52.542999 109.587997
c<B>r<119>R<ASP> 89.640999 55.766998 108.959999
c<B>r<120>R<LEU> 90.839996 55.526001 112.610001
c<B>r<121>R<ALA> 93.953003 53.630001 113.400002
c<B>r<123>R<ARG> 91.820999 49.388000 116.324997
c<B>r<126>R<GLU> 90.209999 42.882000 114.556999
c<B>r<127>R<SER> 88.344002 42.172001 111.322998
c<B>r<128>R<ARG> 88.772003 38.432999 111.898003
c<B>r<131>R<GLN> 83.913002 38.759998 110.458000
c<B>r<140>R<PRO> 77.080002 39.637001 106.125999
c<B>r<141>R<TYR> 79.758003 41.944000 107.415001
c<B>r<142>R<ILE> 80.807999 45.327999 106.051003
c<B>r<143>R<GLU> 83.450996 47.672001 107.324997
c<B>r<144>R<THR> 82.843002 51.404999 106.900002
c<B>r<145>R<SER> 83.849998 55.021999 107.556999
c<B>r<147>R<LYS> 84.236000 60.195999 107.367996
c<B>r<148>R<THR> 85.709000 58.895000 104.065002
c<B>r<149>R<ARG> 82.511002 57.210999 102.680000
c<B>r<150>R<GLN> 84.456001 53.882999 102.389999
c<B>r<151>R<GLY> 81.973999 50.971001 102.545998
c<B>r<152>R<VAL> 78.861000 53.115002 103.300003
c<B>r<153>R<GLU> 76.856003 52.264999 100.153999
c<B>r<154>R<ASP> 78.014999 48.681000 100.408997
c<B>r<155>R<ALA> 76.698997 48.419998 103.982002
c<B>r<157>R<TYR> 72.531998 48.535999 99.856003
c<B>r<158>R<THR> 73.647003 45.152000 101.171997
c<B>r<159>R<LEU> 71.021004 45.230000 103.931000
c<B>r<160>R<VAL> 68.474998 45.846001 101.155998
c<B>r<161>R<ARG> 69.663002 42.632000 99.463997
c<B>r<162>R<GLU> 69.125000 40.771000 102.750000
c<B>r<163>R<ILE> 65.598999 42.266998 102.842003
c<B>r<164>R<ARG> 64.898003 41.254002 99.190002
c<B>r<165>R<GLN> 66.083000 37.668999 100.000000
