c<A>r<179>R<GLY> 85.999001 81.880997 53.768002
c<A>r<180>R<LEU> 83.752998 79.713997 55.959999
c<A>r<182>R<THR> 79.885002 79.970001 52.025002
c<A>r<183>R<PRO> 80.367996 76.375999 53.355999
c<A>r<186>R<ALA> 75.370003 76.169998 51.688000
c<A>r<187>R<GLU> 74.803001 73.522003 54.373001
c<A>r<188>R<VAL> 72.222000 75.569000 56.255001
c<A>r<189>R<ALA> 70.138000 75.976997 53.051998
c<A>r<190>R<SER> 70.607002 72.332001 52.210999
c<A>r<191>R<ARG> 69.300003 70.726997 55.369999
c<A>r<192>R<ASP> 65.762001 69.478996 55.834000
c<A>r<193>R<PRO> 64.126999 71.611000 58.561001
c<A>r<194>R<LYS> 62.091999 68.741997 59.866001
c<A>r<195>R<LEU> 64.806000 66.079002 60.043999
c<A>r<196>R<TYR> 67.250999 68.642998 61.377998
c<A>r<204>R<SER> 72.704002 51.492001 58.165001
c<A>r<283>R<GLY> 62.083000 59.320000 59.113998
c<A>r<284>R<GLU> 61.776001 56.457001 56.557999
c<A>r<285>R<THR> 63.842999 53.915001 58.566002
c<A>r<527>R<ILE> 103.028000 78.609001 42.004002
c<A>r<528>R<ALA> 102.264000 81.017998 39.172001
c<A>r<605>R<ALA> 103.947998 68.683998 39.591999
c<A>r<606>R<LYS> 104.165001 65.030998 38.521999
c<A>r<607>R<THR> 102.361000 64.029999 41.707001
c<A>r<608>R<TYR> 99.324997 66.188004 40.980000
c<A>r<609>R<GLN> 99.261002 64.611000 37.499001
c<A>r<610>R<LEU> 99.193001 61.296001 39.249001
c<A>r<611>R<LEU> 96.235001 62.264000 41.439999
c<A>r<612>R<ALA> 94.491997 63.553001 38.328999
c<A>r<613>R<ARG> 93.809998 59.965000 37.285999
c<A>r<614>R<ARG> 92.396004 58.915001 40.646000
c<A>r<615>R<GLU> 89.764999 56.452999 39.348999
c<A>r<616>R<VAL> 91.026001 53.563000 41.493999
c<A>r<617>R<TRP> 90.998001 55.594002 44.724998
c<A>r<618>R<ASP> 87.652000 57.266998 44.157001
c<A>r<619>R<GLN> 86.112999 53.818001 43.613998
c<A>r<620>R<SER> 87.813004 52.202000 46.608002
c<A>r<638>R<GLU> 96.528999 70.109001 50.424000
c<A>r<639>R<ASN> 95.705002 67.870003 47.480999
c<A>r<641>R<ARG> 94.863998 65.501999 52.316002
c<A>r<642>R<ALA> 91.860001 66.482002 50.199001
c<A>r<643>R<ILE> 91.348999 62.992001 48.812000
c<A>r<644>R<ALA> 91.339996 61.747002 52.388000
c<A>r<645>R<VAL> 88.529999 64.223000 53.105000
c<A>r<646>R<GLN> 86.880997 63.167000 49.835999
c<A>r<647>R<LYS> 86.561996 59.676998 51.298000
c<A>r<648>R<LEU> 85.128998 60.923000 54.632000
c<A>r<649>R<GLU> 82.260002 62.476002 52.669998
c<A>r<650>R<SER> 80.637001 59.068001 52.180000
c<A>r<651>R<LEU> 80.454002 58.245998 55.924999
c<A>r<652>R<GLU> 77.046997 58.101002 57.509998
c<A>r<653>R<ASP> 76.415001 60.342999 60.529999
c<A>r<674>R<ASP> 90.773003 77.024002 56.383999
c<A>r<675>R<SER> 90.914001 73.487999 55.146000
c<A>r<676>R<ALA> 88.816002 70.858002 53.494999
c<A>r<677>R<LEU> 88.851997 68.873001 56.797001
c<A>r<678>R<ALA> 87.652000 71.964996 58.696999
c<A>r<679>R<ARG> 85.044998 72.389999 56.014999
c<A>r<680>R<PHE> 83.992996 68.834000 56.338001
c<A>r<683>R<LYS> 79.289001 70.804001 57.308998
c<A>r<684>R<ARG> 78.522003 67.566002 59.143002
c<A>r<687>R<ARG> 73.935997 68.829002 59.049000
c<A>r<688>R<ASN> 73.182999 66.947998 62.250000
c<B>r<1>R<MET> 69.667000 54.914001 50.720001
c<B>r<17>R<SER> 86.971001 68.544998 38.541000
c<B>r<21>R<ILE> 85.959999 68.699997 44.480999
c<B>r<22>R<GLN> 84.582001 71.954002 45.743999
c<B>r<23>R<LEU> 81.176003 70.377998 46.237000
c<B>r<24>R<ILE> 82.462997 67.158997 47.816002
c<B>r<25>R<GLN> 85.635002 68.294998 49.734001
c<B>r<26>R<ASN> 84.907997 71.994003 50.205002
c<B>r<27>R<HIS> 88.148003 73.463997 48.807999
c<B>r<28>R<PHE> 89.389000 74.974998 45.498001
c<B>r<29>R<VAL> 92.086998 73.167000 43.585999
c<B>r<30>R<ASP> 94.496002 75.450996 41.777000
c<B>r<31>R<GLU> 96.454002 72.893997 39.734001
c<B>r<32>R<CYS> 96.802002 71.084000 36.374001
c<B>r<33>R<ASP> 95.597000 67.519997 36.830002
c<B>r<34>R<PRO> 94.109001 66.044998 33.660000
c<B>r<35>R<THR> 91.377998 63.570999 34.359001
c<B>r<36>R<ILE> 91.014999 60.105999 32.938000
c<B>r<37>R<GLU> 88.000000 59.176998 35.054001
c<B>r<38>R<ASP> 87.337997 59.714001 38.750000
c<B>r<39>R<SER> 84.317001 59.188000 40.915001
c<B>r<40>R<TYR> 83.276001 60.831001 44.146999
c<B>r<41>R<ARG> 80.583000 59.751999 46.584000
c<B>r<42>R<LYS> 79.170998 61.750999 49.488998
c<B>r<43>R<GLN> 76.152000 61.585999 51.646000
c<B>r<44>R<VAL> 74.334999 64.950996 51.754002
c<B>r<45>R<VAL> 70.967003 66.530998 52.599998
c<B>r<46>R<ILE> 68.764000 67.944000 49.814999
c<B>r<47>R<ASP> 65.331001 69.410004 50.681999
c<B>r<48>R<GLY> 65.077003 67.138000 53.731998
c<B>r<49>R<GLU> 65.882004 63.983002 51.811001
c<B>r<50>R<THR> 68.956001 62.181000 53.014999
c<B>r<52>R<LEU> 73.916000 59.723000 48.316002
c<B>r<53>R<LEU> 75.511002 61.525002 45.381001
c<B>r<54>R<ASP> 77.484001 59.193001 43.071999
c<B>r<55>R<ILE> 79.467003 61.533001 40.773998
c<B>r<56>R<LEU> 81.519997 60.807999 37.699001
c<B>r<57>R<ASP> 84.175003 63.335999 36.612999
c<B>r<148>R<THR> 84.429001 81.205002 45.459999
c<B>r<149>R<ARG> 81.774002 78.413002 45.832001
c<B>r<150>R<GLN> 79.136002 80.797997 44.317001
c<B>r<151>R<GLY> 76.346001 78.717003 42.721001
c<B>r<152>R<VAL> 78.027000 75.289001 43.245998
c<B>r<153>R<GLU> 75.377998 73.741997 45.532001
c<B>r<154>R<ASP> 72.669998 75.330002 43.435001
c<B>r<157>R<TYR> 71.362999 69.998001 43.935001
