c<A>r<384>R<GLU> 118.602997 75.807999 64.083000
c<A>r<385>R<ALA> 116.523003 76.722000 61.032001
c<A>r<386>R<ASN> 114.816002 73.827003 59.205002
c<A>r<393>R<VAL> 113.403000 68.242996 57.021999
c<A>r<396>R<GLN> 118.718002 72.430000 57.625000
c<A>r<397>R<ARG> 121.030998 75.325996 58.534000
c<A>r<398>R<ARG> 122.642998 76.290001 61.886002
c<A>r<430>R<ASN> 110.931999 75.838997 61.816002
c<A>r<431>R<LEU> 113.278999 77.764999 64.152000
c<A>r<432>R<GLN> 114.792999 76.199997 67.222000
c<A>r<434>R<TYR> 119.565002 74.771004 71.487000
c<A>r<460>R<LEU> 116.337997 72.099998 72.553001
c<A>r<497>R<PHE> 106.823997 64.929001 67.801003
c<A>r<554>R<GLN> 109.342003 43.970001 46.882999
c<A>r<557>R<ALA> 105.973000 43.511002 50.715000
c<A>r<558>R<ILE> 106.476997 47.285999 51.290001
c<A>r<561>R<THR> 104.021004 46.695000 56.210999
c<A>r<562>R<ASP> 102.330002 48.542000 59.030998
c<A>r<563>R<PRO> 102.088997 52.400002 59.040001
c<A>r<564>R<LEU> 105.026001 52.541000 61.397999
c<A>r<565>R<ASN> 107.417000 50.591000 59.236000
c<A>r<566>R<PRO> 110.332001 52.844002 58.162998
c<A>r<567>R<LEU> 110.734001 53.659000 54.459999
c<A>r<568>R<THR> 114.262001 53.159000 53.091999
c<A>r<569>R<ALA> 115.589996 55.289001 50.216999
c<A>r<570>R<GLU> 115.287003 52.188999 47.959999
c<A>r<571>R<ASP> 111.678001 51.764999 49.022999
c<A>r<981>R<GLU> 107.558998 44.638000 88.407997
c<A>r<982>R<ARG> 104.762001 44.965000 85.820999
c<A>r<983>R<VAL> 101.667999 43.209999 84.482002
c<A>r<984>R<PRO> 100.043999 43.312000 80.963997
c<A>r<1043>R<THR> 108.890999 59.776001 71.496002
c<A>r<1044>R<SER> 108.247002 59.689999 67.750999
c<A>r<1045>R<LYS> 109.529999 56.185001 68.117996
c<A>r<1046>R<GLU> 109.495003 53.909000 71.144997
c<A>r<1047>R<ASP> 106.226997 55.178001 72.603996
c<A>r<1048>R<ILE> 104.322998 54.945999 69.331001
c<A>r<1049>R<GLU> 106.015999 51.605999 68.737000
c<A>r<1050>R<TYR> 104.349998 49.842999 71.709000
c<A>r<1052>R<ARG> 102.998001 47.405998 67.083000
c<A>r<1053>R<ASP> 104.427002 44.898998 69.597000
c<A>r<1054>R<ALA> 101.100998 44.736000 71.509003
c<A>r<1055>R<LEU> 99.268997 43.959999 68.267998
c<A>r<1056>R<THR> 101.991997 41.435001 67.714996
c<A>r<1057>R<VAL> 102.449997 42.730999 64.141998
c<A>r<1058>R<GLY> 103.964996 40.154999 61.875000
c<A>r<1059>R<LYS> 102.961998 36.956001 63.646000
c<A>r<1060>R<ASN> 100.242996 34.639000 62.290001
c<A>r<1061>R<GLU> 96.981003 34.070999 64.089996
c<A>r<1062>R<GLU> 98.153000 30.959999 65.934998
c<A>r<1063>R<ASP> 101.176003 32.741001 67.445000
c<A>r<1064>R<ALA> 98.893997 35.667999 68.242996
c<A>r<1066>R<LYS> 99.388000 31.804001 71.932999
c<A>r<1067>R<TYR> 100.858002 35.188000 72.820000
c<A>r<1068>R<PHE> 97.737000 36.542999 74.514000
c<A>r<1070>R<ASP> 100.616997 33.698002 77.961998
c<A>r<1071>R<GLN> 99.903999 37.341999 78.905998
c<A>r<1074>R<VAL> 101.810997 36.237999 83.601997
c<A>r<1090>R<LEU> 105.675003 52.721001 86.615997
c<A>r<1091>R<VAL> 107.930000 53.563999 83.670998
c<A>r<1092>R<LEU> 109.990997 52.298000 80.722000
c<B>r<22>R<GLN> 120.304001 49.085999 56.639999
c<B>r<23>R<LEU> 120.484001 52.213001 58.764000
c<B>r<25>R<GLN> 123.429001 52.367001 53.494999
c<B>r<26>R<ASN> 119.685997 51.818001 53.152000
c<B>r<27>R<HIS> 119.684998 48.237000 51.814999
c<B>r<28>R<PHE> 119.242996 44.681999 53.209000
c<B>r<45>R<VAL> 119.453003 64.514000 61.439999
c<B>r<47>R<ASP> 115.113998 65.891998 66.236000
c<B>r<48>R<GLY> 116.646004 68.903000 64.472000
c<B>r<49>R<GLU> 120.140999 68.241997 65.752998
c<B>r<50>R<THR> 122.696999 67.680000 63.051998
c<B>r<117>R<LYS> 113.780998 39.773998 62.381001
c<B>r<118>R<SER> 110.165001 40.962002 62.827999
c<B>r<119>R<ASP> 109.346001 40.055000 59.210999
c<B>r<120>R<LEU> 109.727997 36.368999 60.254002
c<B>r<121>R<ALA> 106.764000 34.508999 61.544998
c<B>r<122>R<ALA> 106.278999 31.853001 64.188004
c<B>r<123>R<ARG> 108.330002 33.686001 66.833000
c<B>r<124>R<THR> 109.827003 31.913000 69.787003
c<B>r<125>R<VAL> 110.061996 35.140999 72.016998
c<B>r<126>R<GLU> 106.786003 37.035999 72.702003
c<B>r<127>R<SER> 106.820000 40.834000 72.816002
c<B>r<128>R<ARG> 105.427002 40.738998 76.359001
c<B>r<129>R<GLN> 108.341003 38.894001 77.942001
c<B>r<130>R<ALA> 110.911003 40.956001 76.029999
c<B>r<131>R<GLN> 109.080002 44.248001 76.722000
c<B>r<132>R<ASP> 108.907997 43.161999 80.343002
c<B>r<133>R<LEU> 112.704002 42.469002 80.213997
c<B>r<134>R<ALA> 113.473999 46.043999 79.005997
c<B>r<135>R<ARG> 111.209999 47.431000 81.766998
c<B>r<136>R<SER> 112.917000 45.286999 84.481003
c<B>r<137>R<TYR> 116.249001 46.887001 83.334999
c<B>r<138>R<GLY> 114.551003 50.356998 82.977997
c<B>r<139>R<ILE> 115.442001 50.799000 79.344002
c<B>r<140>R<PRO> 113.421997 51.106998 76.158997
c<B>r<141>R<TYR> 112.448997 48.342999 73.800003
c<B>r<142>R<ILE> 112.146004 48.472000 70.017998
c<B>r<143>R<GLU> 111.209000 45.730999 67.626999
c<B>r<144>R<THR> 112.813004 45.784000 64.176003
c<B>r<145>R<SER> 113.444000 44.150002 60.791000
c<B>r<148>R<THR> 111.754997 45.653000 55.737000
c<B>r<149>R<ARG> 113.341003 48.646999 57.606998
c<B>r<150>R<GLN> 110.448997 48.508999 60.167000
c<B>r<151>R<GLY> 111.637001 50.029999 63.474998
c<B>r<152>R<VAL> 115.310997 50.515999 62.415001
c<B>r<153>R<GLU> 115.450996 54.327999 62.716999
c<B>r<154>R<ASP> 113.360001 54.134998 65.855003
c<B>r<155>R<ALA> 115.839996 51.719002 67.459999
c<B>r<156>R<PHE> 119.042000 53.661999 66.681999
c<B>r<157>R<TYR> 117.744003 57.251999 67.061996
c<B>r<158>R<THR> 116.189003 56.132000 70.341003
c<B>r<161>R<ARG> 118.029999 59.915001 73.068001
