c<A>r<384>R<GLU> 118.602997 75.807999 64.083000
c<A>r<385>R<ALA> 116.523003 76.722000 61.032001
c<A>r<386>R<ASN> 114.816002 73.827003 59.205002
c<A>r<388>R<GLN> 109.823997 71.225998 56.882000
c<A>r<391>R<GLN> 107.417000 66.558998 59.452000
c<A>r<392>R<GLN> 110.319000 66.056999 57.075001
c<A>r<393>R<VAL> 113.403000 68.242996 57.021999
c<A>r<395>R<CYS> 116.849998 71.565002 54.474998
c<A>r<396>R<GLN> 118.718002 72.430000 57.625000
c<A>r<397>R<ARG> 121.030998 75.325996 58.534000
c<A>r<430>R<ASN> 110.931999 75.838997 61.816002
c<A>r<432>R<GLN> 114.792999 76.199997 67.222000
c<A>r<497>R<PHE> 106.823997 64.929001 67.801003
c<A>r<554>R<GLN> 109.342003 43.970001 46.882999
c<A>r<557>R<ALA> 105.973000 43.511002 50.715000
c<A>r<558>R<ILE> 106.476997 47.285999 51.290001
c<A>r<560>R<ALA> 101.806999 45.292999 53.469002
c<A>r<561>R<THR> 104.021004 46.695000 56.210999
c<A>r<562>R<ASP> 102.330002 48.542000 59.030998
c<A>r<563>R<PRO> 102.088997 52.400002 59.040001
c<A>r<564>R<LEU> 105.026001 52.541000 61.397999
c<A>r<565>R<ASN> 107.417000 50.591000 59.236000
c<A>r<566>R<PRO> 110.332001 52.844002 58.162998
c<A>r<567>R<LEU> 110.734001 53.659000 54.459999
c<A>r<568>R<THR> 114.262001 53.159000 53.091999
c<A>r<569>R<ALA> 115.589996 55.289001 50.216999
c<A>r<570>R<GLU> 115.287003 52.188999 47.959999
c<A>r<571>R<ASP> 111.678001 51.764999 49.022999
c<A>r<981>R<GLU> 107.558998 44.638000 88.407997
c<A>r<982>R<ARG> 104.762001 44.965000 85.820999
c<A>r<983>R<VAL> 101.667999 43.209999 84.482002
c<A>r<984>R<PRO> 100.043999 43.312000 80.963997
c<A>r<1043>R<THR> 108.890999 59.776001 71.496002
c<A>r<1044>R<SER> 108.247002 59.689999 67.750999
c<A>r<1045>R<LYS> 109.529999 56.185001 68.117996
c<A>r<1046>R<GLU> 109.495003 53.909000 71.144997
c<A>r<1047>R<ASP> 106.226997 55.178001 72.603996
c<A>r<1048>R<ILE> 104.322998 54.945999 69.331001
c<A>r<1049>R<GLU> 106.015999 51.605999 68.737000
c<A>r<1050>R<TYR> 104.349998 49.842999 71.709000
c<A>r<1052>R<ARG> 102.998001 47.405998 67.083000
c<A>r<1053>R<ASP> 104.427002 44.898998 69.597000
c<A>r<1054>R<ALA> 101.100998 44.736000 71.509003
c<A>r<1056>R<THR> 101.991997 41.435001 67.714996
c<A>r<1057>R<VAL> 102.449997 42.730999 64.141998
c<A>r<1058>R<GLY> 103.964996 40.154999 61.875000
c<A>r<1059>R<LYS> 102.961998 36.956001 63.646000
c<A>r<1060>R<ASN> 100.242996 34.639000 62.290001
c<A>r<1062>R<GLU> 98.153000 30.959999 65.934998
c<A>r<1063>R<ASP> 101.176003 32.741001 67.445000
c<A>r<1064>R<ALA> 98.893997 35.667999 68.242996
c<A>r<1066>R<LYS> 99.388000 31.804001 71.932999
c<A>r<1067>R<TYR> 100.858002 35.188000 72.820000
c<A>r<1068>R<PHE> 97.737000 36.542999 74.514000
c<A>r<1070>R<ASP> 100.616997 33.698002 77.961998
c<A>r<1071>R<GLN> 99.903999 37.341999 78.905998
c<A>r<1074>R<VAL> 101.810997 36.237999 83.601997
c<A>r<1091>R<VAL> 107.930000 53.563999 83.670998
c<A>r<1092>R<LEU> 109.990997 52.298000 80.722000
c<B>r<22>R<GLN> 119.551003 47.327999 56.139000
c<B>r<23>R<LEU> 119.796997 50.557999 58.095001
c<B>r<24>R<ILE> 122.800003 51.935001 56.195999
c<B>r<25>R<GLN> 122.324997 50.535000 52.612000
c<B>r<26>R<ASN> 118.584999 49.868000 52.587002
c<B>r<27>R<HIS> 118.593002 46.227001 51.422001
c<B>r<45>R<VAL> 118.593002 62.942001 60.269001
c<B>r<46>R<ILE> 117.237000 62.145000 63.750999
c<B>r<47>R<ASP> 114.592003 64.432999 65.318001
c<B>r<48>R<GLY> 115.889999 67.396004 63.301998
c<B>r<49>R<GLU> 119.490997 66.893997 64.336998
c<B>r<50>R<THR> 121.849998 66.269997 61.473999
c<B>r<118>R<SER> 110.170998 39.241001 63.467999
c<B>r<119>R<ASP> 109.108002 38.136002 59.972000
c<B>r<120>R<LEU> 109.681999 34.518002 61.152000
c<B>r<121>R<ALA> 106.884003 32.641998 62.755001
c<B>r<122>R<ALA> 106.683998 30.106001 65.549004
c<B>r<123>R<ARG> 108.874001 32.120998 67.938004
c<B>r<126>R<GLU> 107.680000 35.709999 73.747002
c<B>r<127>R<SER> 107.603996 39.508999 73.681000
c<B>r<128>R<ARG> 106.489998 39.548000 77.321999
c<B>r<129>R<GLN> 109.571999 37.863998 78.758003
c<B>r<131>R<GLN> 110.049004 43.169998 77.237000
c<B>r<132>R<ASP> 110.188004 42.257000 80.905998
c<B>r<134>R<ALA> 114.546997 45.194000 79.085999
c<B>r<135>R<ARG> 112.459000 46.652000 81.946999
c<B>r<136>R<SER> 114.433998 44.689999 84.616997
c<B>r<137>R<TYR> 117.616997 46.321999 83.141998
c<B>r<138>R<GLY> 115.790001 49.723999 82.757004
c<B>r<139>R<ILE> 116.387001 50.011002 79.047997
c<B>r<140>R<PRO> 114.121002 50.109001 76.019997
c<B>r<141>R<TYR> 113.056999 47.208000 73.874001
c<B>r<142>R<ILE> 112.461998 47.144001 70.125000
c<B>r<143>R<GLU> 111.430000 44.264999 67.945000
c<B>r<144>R<THR> 112.764000 44.193001 64.380997
c<B>r<145>R<SER> 113.184998 42.414001 61.036999
c<B>r<148>R<THR> 111.070000 43.622002 56.064999
c<B>r<149>R<ARG> 112.699997 46.745998 57.664001
c<B>r<150>R<GLN> 110.016998 46.653999 60.445999
c<B>r<151>R<GLY> 111.406998 48.366001 63.576000
c<B>r<152>R<VAL> 114.973000 48.900002 62.212002
c<B>r<153>R<GLU> 115.016998 52.723999 62.325001
c<B>r<154>R<ASP> 113.178001 52.627998 65.621002
c<B>r<155>R<ALA> 115.847000 50.362000 67.139999
c<B>r<157>R<TYR> 117.542999 55.917999 66.337997
c<B>r<158>R<THR> 116.278999 54.917000 69.777000
c<B>r<161>R<ARG> 118.204002 58.877998 72.172997
