c<A>r<175>R<PHE> 90.512001 85.463997 55.812000
c<A>r<176>R<THR> 89.283997 82.124001 57.175999
c<A>r<178>R<ARG> 85.152000 85.057999 55.625999
c<A>r<179>R<GLY> 85.999001 81.880997 53.768002
c<A>r<180>R<LEU> 83.752998 79.713997 55.959999
c<A>r<181>R<VAL> 80.653000 81.830002 55.250999
c<A>r<182>R<THR> 79.885002 79.970001 52.025002
c<A>r<183>R<PRO> 80.367996 76.375999 53.355999
c<A>r<184>R<ARG> 78.140999 77.167000 56.285000
c<A>r<185>R<MET> 75.408997 78.938004 54.301998
c<A>r<186>R<ALA> 75.370003 76.169998 51.688000
c<A>r<187>R<GLU> 74.803001 73.522003 54.373001
c<A>r<188>R<VAL> 72.222000 75.569000 56.255001
c<A>r<189>R<ALA> 70.138000 75.976997 53.051998
c<A>r<190>R<SER> 70.607002 72.332001 52.210999
c<A>r<191>R<ARG> 69.300003 70.726997 55.369999
c<A>r<192>R<ASP> 65.762001 69.478996 55.834000
c<A>r<471>R<HIS> 97.044998 81.394997 52.752998
c<A>r<472>R<ARG> 96.934998 83.413002 49.473000
c<A>r<473>R<PHE> 99.877998 81.527000 47.876999
c<A>r<474>R<LEU> 102.342003 84.306999 48.578999
c<A>r<525>R<HIS> 104.421997 84.737000 44.580002
c<A>r<526>R<PRO> 105.363998 81.181999 43.528000
c<A>r<527>R<ILE> 103.028000 78.609001 42.004002
c<A>r<528>R<ALA> 102.264000 81.017998 39.172001
c<A>r<608>R<TYR> 99.324997 66.188004 40.980000
c<A>r<609>R<GLN> 99.261002 64.611000 37.499001
c<A>r<610>R<LEU> 99.193001 61.296001 39.249001
c<A>r<611>R<LEU> 96.235001 62.264000 41.439999
c<A>r<612>R<ALA> 94.491997 63.553001 38.328999
c<A>r<613>R<ARG> 93.809998 59.965000 37.285999
c<A>r<614>R<ARG> 92.396004 58.915001 40.646000
c<A>r<615>R<GLU> 89.764999 56.452999 39.348999
c<A>r<616>R<VAL> 91.026001 53.563000 41.493999
c<A>r<617>R<TRP> 90.998001 55.594002 44.724998
c<A>r<618>R<ASP> 87.652000 57.266998 44.157001
c<A>r<619>R<GLN> 86.112999 53.818001 43.613998
c<A>r<638>R<GLU> 96.528999 70.109001 50.424000
c<A>r<639>R<ASN> 95.705002 67.870003 47.480999
c<A>r<640>R<VAL> 96.841003 64.717003 49.157001
c<A>r<641>R<ARG> 94.863998 65.501999 52.316002
c<A>r<642>R<ALA> 91.860001 66.482002 50.199001
c<A>r<643>R<ILE> 91.348999 62.992001 48.812000
c<A>r<644>R<ALA> 91.339996 61.747002 52.388000
c<A>r<645>R<VAL> 88.529999 64.223000 53.105000
c<A>r<646>R<GLN> 86.880997 63.167000 49.835999
c<A>r<647>R<LYS> 86.561996 59.676998 51.298000
c<A>r<648>R<LEU> 85.128998 60.923000 54.632000
c<A>r<649>R<GLU> 82.260002 62.476002 52.669998
c<A>r<650>R<SER> 80.637001 59.068001 52.180000
c<A>r<651>R<LEU> 80.454002 58.245998 55.924999
c<A>r<652>R<GLU> 77.046997 58.101002 57.509998
c<A>r<674>R<ASP> 90.773003 77.024002 56.383999
c<A>r<675>R<SER> 90.914001 73.487999 55.146000
c<A>r<676>R<ALA> 88.816002 70.858002 53.494999
c<A>r<677>R<LEU> 88.851997 68.873001 56.797001
c<A>r<678>R<ALA> 87.652000 71.964996 58.696999
c<A>r<679>R<ARG> 85.044998 72.389999 56.014999
c<A>r<680>R<PHE> 83.992996 68.834000 56.338001
c<B>r<18>R<ALA> 80.834000 67.600998 43.265999
c<B>r<21>R<ILE> 83.661003 70.967003 46.429001
c<B>r<22>R<GLN> 86.542999 69.462997 44.554001
c<B>r<24>R<ILE> 87.273003 74.477997 47.022999
c<B>r<25>R<GLN> 87.938004 71.542999 49.466999
c<B>r<26>R<ASN> 90.069000 69.265999 47.298000
c<B>r<27>R<HIS> 88.124001 65.999001 47.698002
c<B>r<28>R<PHE> 85.476997 64.010002 45.745998
c<B>r<29>R<VAL> 82.066002 63.549000 47.282001
c<B>r<30>R<ASP> 80.453003 60.222000 46.495998
c<B>r<31>R<GLU> 76.958000 60.810001 47.904999
c<B>r<32>R<CYS> 73.358002 61.896999 47.161999
c<B>r<33>R<ASP> 72.857002 65.364998 48.602001
c<B>r<34>R<PRO> 70.320999 67.421997 46.655998
c<B>r<35>R<THR> 71.089996 71.093002 46.709000
c<B>r<36>R<ILE> 68.735001 73.907997 47.535000
c<B>r<37>R<GLU> 71.383003 76.627998 47.395000
c<B>r<38>R<ASP> 74.896004 76.707001 48.821999
c<B>r<39>R<SER> 77.742996 79.129997 48.490002
c<B>r<40>R<TYR> 81.468002 78.628998 48.821999
c<B>r<41>R<ARG> 84.183998 81.250000 49.146000
c<B>r<42>R<LYS> 87.934998 80.724998 48.868999
c<B>r<43>R<GLN> 90.916000 82.876999 48.339001
c<B>r<44>R<VAL> 93.082001 81.568001 45.470001
c<B>r<45>R<VAL> 95.816002 82.633003 43.029999
c<B>r<46>R<ILE> 95.021004 83.009003 39.312000
c<B>r<47>R<ASP> 97.753998 84.202003 36.905998
c<B>r<48>R<GLY> 99.474998 86.102997 39.727001
c<B>r<49>R<GLU> 96.335999 87.905998 40.817001
c<B>r<50>R<THR> 95.318001 87.224998 44.373001
c<B>r<51>R<CYS> 91.530998 87.250999 44.403999
c<B>r<52>R<LEU> 88.416000 85.718002 46.050999
c<B>r<53>R<LEU> 86.038002 83.278999 44.375000
c<B>r<54>R<ASP> 82.406998 83.686996 45.519001
c<B>r<55>R<ILE> 80.596001 80.596001 44.159000
c<B>r<56>R<LEU> 76.928001 79.740997 44.046001
c<B>r<57>R<ASP> 75.896004 76.074997 43.695000
c<B>r<58>R<THR> 72.321999 75.900002 42.241001
c<B>r<119>R<ASP> 86.421997 59.415001 34.195999
c<B>r<120>R<LEU> 83.291000 57.520000 33.002998
c<B>r<145>R<SER> 86.025002 65.042000 36.257000
c<B>r<146>R<ALA> 85.061996 65.887001 39.804001
c<B>r<147>R<LYS> 86.397003 62.401001 40.712002
c<B>r<148>R<THR> 89.969002 62.645000 39.313999
c<B>r<149>R<ARG> 90.313004 66.499001 39.396000
c<B>r<150>R<GLN> 91.120003 66.452003 35.616001
c<B>r<151>R<GLY> 90.188004 69.842003 34.099998
c<B>r<152>R<VAL> 88.572998 71.293999 37.285000
