c<A>r<384>R<GLU> 118.602997 75.807999 64.083000
c<A>r<385>R<ALA> 116.523003 76.722000 61.032001
c<A>r<386>R<ASN> 114.816002 73.827003 59.205002
c<A>r<392>R<GLN> 110.319000 66.056999 57.075001
c<A>r<393>R<VAL> 113.403000 68.242996 57.021999
c<A>r<396>R<GLN> 118.718002 72.430000 57.625000
c<A>r<432>R<GLN> 114.792999 76.199997 67.222000
c<A>r<460>R<LEU> 116.337997 72.099998 72.553001
c<A>r<497>R<PHE> 106.823997 64.929001 67.801003
c<A>r<554>R<GLN> 109.342003 43.970001 46.882999
c<A>r<557>R<ALA> 105.973000 43.511002 50.715000
c<A>r<558>R<ILE> 106.476997 47.285999 51.290001
c<A>r<561>R<THR> 104.021004 46.695000 56.210999
c<A>r<562>R<ASP> 102.330002 48.542000 59.030998
c<A>r<563>R<PRO> 102.088997 52.400002 59.040001
c<A>r<564>R<LEU> 105.026001 52.541000 61.397999
c<A>r<565>R<ASN> 107.417000 50.591000 59.236000
c<A>r<566>R<PRO> 110.332001 52.844002 58.162998
c<A>r<567>R<LEU> 110.734001 53.659000 54.459999
c<A>r<568>R<THR> 114.262001 53.159000 53.091999
c<A>r<569>R<ALA> 115.589996 55.289001 50.216999
c<A>r<570>R<GLU> 115.287003 52.188999 47.959999
c<A>r<571>R<ASP> 111.678001 51.764999 49.022999
c<A>r<981>R<GLU> 107.558998 44.638000 88.407997
c<A>r<982>R<ARG> 104.762001 44.965000 85.820999
c<A>r<983>R<VAL> 101.667999 43.209999 84.482002
c<A>r<984>R<PRO> 100.043999 43.312000 80.963997
c<A>r<1043>R<THR> 108.890999 59.776001 71.496002
c<A>r<1044>R<SER> 108.247002 59.689999 67.750999
c<A>r<1045>R<LYS> 109.529999 56.185001 68.117996
c<A>r<1046>R<GLU> 109.495003 53.909000 71.144997
c<A>r<1047>R<ASP> 106.226997 55.178001 72.603996
c<A>r<1048>R<ILE> 104.322998 54.945999 69.331001
c<A>r<1049>R<GLU> 106.015999 51.605999 68.737000
c<A>r<1050>R<TYR> 104.349998 49.842999 71.709000
c<A>r<1052>R<ARG> 102.998001 47.405998 67.083000
c<A>r<1053>R<ASP> 104.427002 44.898998 69.597000
c<A>r<1054>R<ALA> 101.100998 44.736000 71.509003
c<A>r<1055>R<LEU> 99.268997 43.959999 68.267998
c<A>r<1056>R<THR> 101.991997 41.435001 67.714996
c<A>r<1057>R<VAL> 102.449997 42.730999 64.141998
c<A>r<1058>R<GLY> 103.964996 40.154999 61.875000
c<A>r<1059>R<LYS> 102.961998 36.956001 63.646000
c<A>r<1060>R<ASN> 100.242996 34.639000 62.290001
c<A>r<1061>R<GLU> 96.981003 34.070999 64.089996
c<A>r<1062>R<GLU> 98.153000 30.959999 65.934998
c<A>r<1063>R<ASP> 101.176003 32.741001 67.445000
c<A>r<1064>R<ALA> 98.893997 35.667999 68.242996
c<A>r<1066>R<LYS> 99.388000 31.804001 71.932999
c<A>r<1067>R<TYR> 100.858002 35.188000 72.820000
c<A>r<1068>R<PHE> 97.737000 36.542999 74.514000
c<A>r<1070>R<ASP> 100.616997 33.698002 77.961998
c<A>r<1071>R<GLN> 99.903999 37.341999 78.905998
c<A>r<1074>R<VAL> 101.810997 36.237999 83.601997
c<A>r<1091>R<VAL> 107.930000 53.563999 83.670998
c<A>r<1092>R<LEU> 109.990997 52.298000 80.722000
c<B>r<22>R<GLN> 120.138000 47.646000 56.256001
c<B>r<23>R<LEU> 120.318001 50.772999 58.381001
c<B>r<24>R<ILE> 123.496002 52.141998 56.785999
c<B>r<25>R<GLN> 123.263000 50.925999 53.112000
c<B>r<26>R<ASN> 119.519997 50.376999 52.769001
c<B>r<27>R<HIS> 119.518997 46.796001 51.431000
c<B>r<45>R<VAL> 119.288002 63.073002 61.056999
c<B>r<47>R<ASP> 114.948997 64.450996 65.852997
c<B>r<48>R<GLY> 116.480003 67.462997 64.087997
c<B>r<49>R<GLU> 119.974998 66.802002 65.370003
c<B>r<50>R<THR> 122.530998 66.238998 62.667999
c<B>r<117>R<LYS> 113.614998 38.334000 61.998001
c<B>r<118>R<SER> 109.999001 39.521999 62.444000
c<B>r<119>R<ASP> 109.180000 38.613998 58.827999
c<B>r<120>R<LEU> 109.561996 34.928001 59.869999
c<B>r<121>R<ALA> 106.598000 33.068001 61.161999
c<B>r<122>R<ALA> 106.112999 30.412001 63.805000
c<B>r<123>R<ARG> 108.165001 32.244999 66.448997
c<B>r<124>R<THR> 109.661003 30.472000 69.403000
c<B>r<125>R<VAL> 109.896004 33.701000 71.634003
c<B>r<126>R<GLU> 106.620003 35.595001 72.319000
c<B>r<127>R<SER> 106.653999 39.393002 72.432999
c<B>r<128>R<ARG> 105.261002 39.298000 75.975998
c<B>r<129>R<GLN> 108.175003 37.453999 77.557999
c<B>r<131>R<GLN> 108.914001 42.806999 76.338997
c<B>r<132>R<ASP> 108.741997 41.722000 79.959999
c<B>r<134>R<ALA> 113.307999 44.603001 78.623001
c<B>r<135>R<ARG> 111.043999 45.991001 81.383003
c<B>r<136>R<SER> 112.751999 43.846001 84.098000
c<B>r<137>R<TYR> 116.083000 45.445999 82.952003
c<B>r<138>R<GLY> 114.385002 48.917000 82.594002
c<B>r<139>R<ILE> 115.276001 49.358002 78.959999
c<B>r<140>R<PRO> 113.257004 49.666000 75.776001
c<B>r<141>R<TYR> 112.282997 46.903000 73.416000
c<B>r<142>R<ILE> 111.980003 47.030998 69.634003
c<B>r<143>R<GLU> 111.042999 44.290001 67.244003
c<B>r<144>R<THR> 112.647003 44.342999 63.792999
c<B>r<145>R<SER> 113.278000 42.709000 60.408001
c<B>r<148>R<THR> 111.588997 44.212002 55.354000
c<B>r<149>R<ARG> 113.175003 47.207001 57.223999
c<B>r<150>R<GLN> 110.282997 47.068001 59.784000
c<B>r<151>R<GLY> 111.471001 48.589001 63.091000
c<B>r<152>R<VAL> 115.144997 49.075001 62.030998
c<B>r<153>R<GLU> 115.285004 52.887001 62.333000
c<B>r<154>R<ASP> 113.194000 52.695000 65.471001
c<B>r<155>R<ALA> 115.674004 50.278000 67.077003
c<B>r<157>R<TYR> 117.578003 55.811001 66.678001
c<B>r<158>R<THR> 116.023003 54.691002 69.958000
c<B>r<159>R<LEU> 119.400002 53.548000 71.302002
c<B>r<161>R<ARG> 117.863998 58.473999 72.683998
