c<A>r<757>R<TYR> 92.278999 62.723999 101.804001
c<A>r<758>R<ASP> 89.526001 63.219002 104.389000
c<A>r<759>R<VAL> 86.898003 65.845001 103.427002
c<A>r<760>R<SER> 85.376999 67.485001 106.469002
c<A>r<761>R<SER> 81.775002 68.418999 107.035004
c<A>r<762>R<GLN> 83.163002 71.955002 106.818001
c<A>r<763>R<VAL> 84.141998 71.764000 103.139999
c<A>r<764>R<ILE> 80.862000 70.045998 102.336998
c<A>r<765>R<SER> 78.918999 72.705002 104.258003
c<A>r<767>R<LEU> 79.824997 73.334000 99.082001
c<A>r<768>R<LYS> 76.127998 73.248001 99.879997
c<A>r<797>R<ALA> 69.526001 67.945999 94.377998
c<A>r<798>R<ILE> 71.691002 69.936996 96.816002
c<A>r<799>R<GLU> 71.099998 67.492996 99.635002
c<A>r<800>R<LYS> 72.694000 64.810997 97.497002
c<A>r<801>R<CYS> 75.658997 66.891998 96.364998
c<A>r<802>R<LYS> 79.059998 66.545998 98.060997
c<A>r<803>R<VAL> 82.821999 66.484001 97.863998
c<A>r<804>R<MET> 84.412003 63.060001 97.203003
c<A>r<805>R<ALA> 87.210999 61.801998 99.432999
c<A>r<806>R<SER> 90.008003 61.368000 96.949997
c<A>r<812>R<TRP> 79.656998 64.914001 93.018997
c<A>r<824>R<SER> 61.895000 57.316002 86.737999
c<A>r<825>R<ASN> 62.729000 59.625000 89.633003
c<A>r<826>R<GLU> 66.464996 58.868000 89.171997
c<A>r<827>R<THR> 68.619003 61.997002 89.277000
c<A>r<883>R<LYS> 74.931999 54.446999 88.765999
c<A>r<884>R<ASP> 75.424004 51.639999 91.291000
c<A>r<885>R<ALA> 79.153000 51.449001 90.787003
c<A>r<886>R<THR> 82.005997 51.224998 93.119003
c<A>r<887>R<THR> 85.717003 50.987999 93.023003
c<A>r<889>R<ALA> 89.616997 49.120998 96.000000
c<A>r<890>R<LYS> 86.577003 50.230000 98.070999
c<A>r<891>R<ILE> 85.142998 46.659000 97.927002
c<A>r<892>R<GLN> 88.439003 45.292999 99.239998
c<A>r<893>R<GLN> 88.553001 48.096001 101.866997
c<A>r<894>R<SER> 84.976997 47.333000 103.003998
c<A>r<895>R<THR> 86.092003 43.816002 104.070000
c<A>r<896>R<VAL> 89.767998 44.007999 105.059998
c<A>r<897>R<GLY> 91.623001 46.861000 106.709000
c<A>r<898>R<ASN> 91.585999 50.460999 105.521004
c<A>r<899>R<THR> 94.817001 50.734001 103.610001
c<A>r<900>R<GLY> 94.915001 46.962002 103.418999
c<A>r<909>R<HIS> 80.764999 38.147999 97.988998
c<A>r<910>R<TRP> 79.949997 41.730000 96.977997
c<A>r<911>R<LEU> 78.232002 40.752998 93.695999
c<A>r<912>R<LYS> 76.217003 38.091000 95.400002
c<A>r<913>R<GLU> 75.040001 40.437000 98.124001
c<A>r<914>R<LYS> 74.180000 43.106998 95.536003
c<A>r<915>R<SER> 72.133003 40.750000 93.341003
c<A>r<916>R<PRO> 68.317001 40.778999 93.820000
c<A>r<917>R<THR> 67.893997 37.141998 92.651001
c<A>r<920>R<LYS> 70.508003 38.264000 88.342003
c<A>r<955>R<THR> 78.733002 47.910999 88.588997
c<A>r<956>R<GLU> 76.375000 46.069000 90.871002
c<A>r<957>R<THR> 75.238998 44.393002 87.714996
c<B>r<21>R<ILE> 73.200996 61.164001 106.971001
c<B>r<22>R<GLN> 76.029999 60.341999 104.646004
c<B>r<23>R<LEU> 73.901001 57.750999 102.891998
c<B>r<24>R<ILE> 70.751999 59.889000 102.716003
c<B>r<25>R<GLN> 72.125999 63.497002 102.359001
c<B>r<26>R<ASN> 75.585999 62.816002 100.945999
c<B>r<27>R<HIS> 77.694000 64.827003 103.420998
c<B>r<28>R<PHE> 79.762001 64.160004 106.592003
c<B>r<29>R<VAL> 78.632004 65.697998 109.842003
c<B>r<30>R<ASP> 81.459000 66.723999 112.133003
c<B>r<31>R<GLU> 79.497002 67.612000 115.279999
c<B>r<43>R<GLN> 63.858002 56.723999 97.424004
c<B>r<44>R<VAL> 66.865997 54.945000 95.867996
c<B>r<45>R<VAL> 67.795998 52.319000 93.261002
c<B>r<46>R<ILE> 69.175003 48.931000 94.366997
c<B>r<47>R<ASP> 69.981003 46.268002 91.732002
c<B>r<48>R<GLY> 67.349998 47.721001 89.388000
c<B>r<49>R<GLU> 64.609001 47.714001 91.990997
c<B>r<50>R<THR> 63.171001 51.110001 92.731003
c<B>r<84>R<ILE> 87.257004 50.034000 114.869003
c<B>r<114>R<VAL> 79.421997 47.411999 110.257004
c<B>r<115>R<GLY> 82.857002 48.508999 111.377998
c<B>r<116>R<ASN> 82.942001 52.313000 111.049004
c<B>r<117>R<LYS> 85.612999 55.049999 111.155998
c<B>r<118>R<SER> 87.924004 53.299999 108.649002
c<B>r<119>R<ASP> 89.612000 56.613998 107.787003
c<B>r<120>R<LEU> 91.114998 56.548000 111.330002
c<B>r<121>R<ALA> 94.390999 54.860001 111.904999
c<B>r<123>R<ARG> 92.764999 50.587002 115.095001
c<B>r<125>R<VAL> 89.796997 45.970001 116.466003
c<B>r<126>R<GLU> 91.414001 43.949001 113.620003
c<B>r<127>R<SER> 89.337997 43.039001 110.570000
c<B>r<128>R<ARG> 90.038002 39.348999 111.195999
c<B>r<130>R<ALA> 85.403000 41.245998 113.463997
c<B>r<131>R<GLN> 85.068001 39.349998 110.153999
c<B>r<140>R<PRO> 77.864998 39.701000 106.382004
c<B>r<141>R<TYR> 80.494003 42.196999 107.389999
c<B>r<142>R<ILE> 81.223000 45.596001 105.864998
c<B>r<143>R<GLU> 83.813004 48.126999 106.860001
c<B>r<144>R<THR> 82.946999 51.804001 106.399002
c<B>r<145>R<SER> 83.782997 55.490002 106.885002
c<B>r<147>R<LYS> 83.835999 60.671001 106.542000
c<B>r<148>R<THR> 85.113998 59.365002 103.161003
c<B>r<149>R<ARG> 81.921997 57.458000 102.084000
c<B>r<150>R<GLN> 84.036003 54.243000 101.713997
c<B>r<151>R<GLY> 81.755997 51.195999 102.142998
c<B>r<152>R<VAL> 78.589996 53.174000 103.099998
c<B>r<153>R<GLU> 76.391998 52.118999 100.152000
c<B>r<154>R<ASP> 77.783997 48.617001 100.394997
c<B>r<155>R<ALA> 76.779999 48.382000 104.069000
c<B>r<157>R<TYR> 72.292999 48.136002 100.300003
c<B>r<158>R<THR> 73.713997 44.861000 101.598999
c<B>r<159>R<LEU> 71.320000 44.863998 104.561996
c<B>r<160>R<VAL> 68.525002 45.250999 101.992996
c<B>r<161>R<ARG> 69.764999 42.064999 100.286003
c<B>r<162>R<GLU> 69.609001 40.270000 103.648003
c<B>r<164>R<ARG> 65.085999 40.403000 100.439003
c<B>r<165>R<GLN> 66.547997 36.917999 101.233002
