c<E>r<82>R<MET> 6.822000 27.048000 -22.226000
c<E>r<83>R<GLU> 8.418000 30.441000 -21.356001
c<E>r<84>R<PHE> 12.099000 31.316000 -21.601999
c<E>r<85>R<PHE> 12.388000 28.309000 -23.906000
c<E>r<86>R<GLY> 13.953000 28.707001 -27.318001
c<E>r<87>R<GLU> 11.508000 28.622000 -30.233999
c<E>r<88>R<SER> 13.237000 25.986000 -32.326000
c<E>r<89>R<TRP> 13.517000 23.719000 -29.298000
c<E>r<90>R<LYS> 9.897000 24.350000 -28.297001
c<E>r<110>R<ALA> 6.671000 25.507999 -8.451000
c<E>r<113>R<ARG> 10.014000 27.771000 -5.160000
c<E>r<114>R<LYS> 7.270000 28.704000 -2.658000
c<E>r<115>R<HIS> 9.262000 27.305000 0.234000
c<E>r<116>R<TYR> 12.911000 27.457001 -0.952000
c<E>r<117>R<THR> 15.379000 29.252001 -3.100000
c<E>r<118>R<VAL> 15.763000 27.131001 -6.244000
c<E>r<121>R<PRO> 16.235001 31.353001 -11.355000
c<E>r<122>R<PRO> 13.150000 30.723000 -13.665000
c<E>r<123>R<HIS> 14.543000 32.644001 -16.653000
c<E>r<124>R<GLN> 17.759001 30.566000 -16.722000
c<E>r<127>R<THR> 19.431999 28.792000 -21.121000
c<E>r<128>R<TRP> 20.721001 25.816000 -23.169001
c<E>r<129>R<THR> 17.708000 26.290001 -25.535999
c<E>r<130>R<GLN> 18.256001 30.020000 -25.999001
c<E>r<131>R<MET> 21.826000 30.072001 -27.205999
c<E>r<132>R<CYS> 21.462999 28.323999 -30.548000
c<E>r<133>R<ASP> 18.919001 26.801001 -32.845001
c<E>r<150>R<PRO> 24.339001 31.450001 -4.954000
c<E>r<151>R<ASN> 24.726999 32.901001 -8.505000
c<E>r<154>R<HIS> 22.731001 29.702999 -15.071000
c<E>r<160>R<VAL> 29.329000 29.858999 -14.009000
c<E>r<161>R<GLN> 28.684999 33.556999 -14.728000
c<E>r<162>R<ARG> 30.819000 36.470001 -13.546000
c<E>r<163>R<PRO> 31.916000 37.257999 -10.953000
c<E>r<164>R<VAL> 31.940001 33.588001 -9.822000
c<E>r<191>R<ASP> 31.020000 31.537001 -18.615000
c<E>r<192>R<LEU> 30.718000 29.044001 -21.469000
c<E>r<193>R<SER> 28.047001 30.993000 -23.415001
c<E>r<194>R<GLY> 30.497000 31.382000 -26.271999
c<E>r<196>R<ALA> 26.775999 27.312000 -26.466999
c<E>r<197>R<LYS> 26.400999 29.979000 -29.195999
c<I>r<17>R<VAL> 27.049000 42.938999 -11.373000
c<I>r<18>R<ILE> 25.888000 42.216000 -14.934000
c<I>r<19>R<GLN> 26.117001 38.563000 -16.066999
c<I>r<20>R<GLU> 27.327000 37.514999 -19.525000
c<I>r<21>R<SER> 24.568001 37.810001 -22.115999
c<I>r<22>R<ILE> 22.169001 35.055000 -23.152000
c<I>r<23>R<LEU> 20.478001 35.193001 -26.584000
c<I>r<24>R<MET> 16.731001 34.691002 -27.030001
c<I>r<25>R<LEU> 14.836000 34.342999 -30.341000
c<I>r<26>R<PRO> 11.943000 36.800999 -30.988001
c<I>r<27>R<GLU> 9.238000 34.147999 -30.371000
c<I>r<28>R<GLU> 10.902000 33.112999 -27.129999
c<I>r<29>R<VAL> 10.870000 36.699001 -25.980000
c<I>r<30>R<GLU> 7.276000 37.217999 -27.132999
c<I>r<31>R<GLU> 6.032000 34.383999 -24.893999
c<I>r<32>R<VAL> 7.651000 36.091999 -21.896000
c<I>r<33>R<ILE> 6.859000 39.763000 -22.674999
c<I>r<42>R<LEU> 20.235001 39.682999 -25.481001
c<I>r<43>R<VAL> 19.333000 39.125000 -21.813000
c<I>r<45>R<THR> 20.865000 39.582001 -15.902000
c<I>r<46>R<ALA> 21.882999 41.070999 -12.567000
c<I>r<47>R<TYR> 20.996000 39.903000 -9.091000
c<I>r<54>R<ASN> 16.211000 39.264000 -10.647000
c<I>r<56>R<MET> 16.950001 41.360001 -16.597000
c<I>r<73>R<GLN> 11.466000 39.216999 -11.037000
c<I>r<75>R<SER> 11.514000 35.775002 -5.109000
c<I>r<76>R<ASN> 7.896000 34.664001 -5.496000
c<I>r<77>R<GLY> 8.634000 34.536999 -9.238000
