c<E>r<83>R<GLU> 8.418000 30.441000 -21.356001
c<E>r<84>R<PHE> 12.099000 31.316000 -21.601999
c<E>r<85>R<PHE> 12.388000 28.309000 -23.906000
c<E>r<86>R<GLY> 13.953000 28.707001 -27.318001
c<E>r<87>R<GLU> 11.508000 28.622000 -30.233999
c<E>r<88>R<SER> 13.237000 25.986000 -32.326000
c<E>r<89>R<TRP> 13.517000 23.719000 -29.298000
c<E>r<123>R<HIS> 14.543000 32.644001 -16.653000
c<E>r<127>R<THR> 19.431999 28.792000 -21.121000
c<E>r<129>R<THR> 17.708000 26.290001 -25.535999
c<E>r<130>R<GLN> 18.256001 30.020000 -25.999001
c<E>r<131>R<MET> 21.826000 30.072001 -27.205999
c<E>r<132>R<CYS> 21.462999 28.323999 -30.548000
c<E>r<133>R<ASP> 18.919001 26.801001 -32.845001
c<E>r<134>R<ILE> 18.247000 23.108000 -32.143002
c<E>r<135>R<LYS> 19.474001 22.160000 -35.625000
c<E>r<136>R<ASP> 22.770000 23.948000 -35.056000
c<E>r<137>R<VAL> 23.716000 21.683001 -32.153000
c<E>r<154>R<HIS> 22.731001 29.702999 -15.071000
c<E>r<160>R<VAL> 29.329000 29.858999 -14.009000
c<E>r<161>R<GLN> 28.684999 33.556999 -14.728000
c<E>r<162>R<ARG> 30.819000 36.470001 -13.546000
c<E>r<163>R<PRO> 31.916000 37.257999 -10.953000
c<E>r<164>R<VAL> 31.940001 33.588001 -9.822000
c<E>r<183>R<ASP> 45.462002 28.981001 -29.693001
c<E>r<184>R<PHE> 43.612000 28.584999 -26.334999
c<E>r<185>R<VAL> 43.699001 31.490999 -23.921000
c<E>r<186>R<HIS> 42.271999 31.236000 -20.386000
c<E>r<187>R<PRO> 39.536999 34.007000 -20.312000
c<E>r<188>R<GLY> 39.681999 34.375000 -16.507999
c<E>r<189>R<HIS> 35.981998 33.590000 -16.171000
c<E>r<190>R<GLY> 33.890999 30.420000 -16.378000
c<E>r<191>R<ASP> 31.020000 31.537001 -18.615000
c<E>r<192>R<LEU> 30.718000 29.044001 -21.469000
c<E>r<193>R<SER> 28.047001 30.993000 -23.415001
c<E>r<194>R<GLY> 30.497000 31.382000 -26.271999
c<E>r<197>R<LYS> 26.400999 29.979000 -29.195999
c<E>r<198>R<GLN> 28.421000 27.695999 -31.525000
c<E>r<199>R<GLY> 26.275999 24.606001 -31.056000
c<E>r<300>R<ASP> 36.285999 27.629999 -32.067001
c<E>r<301>R<TRP> 37.023998 26.695999 -28.469999
c<E>r<302>R<LYS> 38.887001 29.929001 -27.723000
c<E>r<303>R<GLU> 35.806999 31.950001 -28.549999
c<E>r<304>R<LEU> 34.479000 32.573002 -25.052999
c<I>r<17>R<VAL> 18.159000 40.729000 -19.591999
c<I>r<19>R<GLN> 24.143000 38.301998 -19.000000
c<I>r<20>R<GLU> 27.399000 38.689999 -17.056999
c<I>r<21>R<SER> 30.271000 39.680000 -19.334000
c<I>r<22>R<ILE> 32.679001 37.301998 -21.058001
c<I>r<23>R<LEU> 36.140999 38.540001 -22.125000
c<I>r<24>R<MET> 37.537998 37.925999 -25.612000
c<I>r<25>R<LEU> 41.098999 38.653000 -26.823999
c<I>r<27>R<GLU> 42.415001 38.018002 -32.230999
c<I>r<28>R<GLU> 39.438000 36.014999 -31.018000
c<I>r<29>R<VAL> 37.174999 38.919998 -31.806999
c<I>r<31>R<GLU> 38.025002 35.976002 -36.341000
c<I>r<32>R<VAL> 34.348000 36.602001 -35.554001
c<I>r<42>R<LEU> 33.659000 42.283001 -23.250999
c<I>r<43>R<VAL> 30.691000 40.354000 -24.681000
c<I>r<45>R<THR> 24.792999 38.751999 -24.294001
c<I>r<46>R<ALA> 21.014000 39.002998 -24.117001
c<I>r<47>R<TYR> 18.424000 36.580002 -25.403999
c<I>r<48>R<ASP> 15.582000 38.129002 -27.441999
c<I>r<49>R<GLU> 12.826000 35.598999 -27.000000
c<I>r<50>R<SER> 10.495000 37.646999 -29.195000
c<I>r<51>R<THR> 12.588000 36.712002 -32.240002
c<I>r<52>R<ASP> 14.595000 33.778999 -30.813999
c<I>r<53>R<GLU> 17.723000 35.856998 -31.396999
c<I>r<54>R<ASN> 21.110001 36.158001 -29.686001
c<I>r<55>R<VAL> 22.035000 39.845001 -29.104000
c<I>r<73>R<GLN> 22.520000 35.862000 -34.224998
c<I>r<74>R<ASP> 19.386000 34.084000 -35.396000
c<I>r<75>R<SER> 18.254999 30.514000 -34.676998
c<I>r<76>R<ASN> 19.777000 29.325001 -37.955002
c<I>r<77>R<GLY> 23.082001 30.631001 -36.563999
