c<E>r<241>R<VAL> 29.785999 14.475000 -31.160000
c<E>r<246>R<GLY> 32.363998 10.450000 -15.796000
c<E>r<247>R<SER> 30.113001 7.583000 -14.731000
c<E>r<248>R<TYR> 26.775000 9.392000 -14.770000
c<E>r<249>R<ALA> 27.264000 10.876000 -18.253000
c<E>r<250>R<GLN> 28.479000 7.564000 -19.624001
c<E>r<251>R<LYS> 25.368999 5.786000 -18.362000
c<E>r<252>R<LYS> 23.013000 8.476000 -19.632000
c<E>r<253>R<GLY> 24.773001 8.397000 -22.983999
c<E>r<254>R<SER> 24.763000 4.603000 -23.297001
c<E>r<255>R<ALA> 21.767000 4.714000 -25.660999
c<E>r<256>R<ILE> 23.462999 6.951000 -28.278000
c<E>r<257>R<ASP> 23.690001 5.338000 -31.694000
c<E>r<258>R<ARG> 27.438000 5.056000 -32.438000
c<E>r<259>R<LYS> 26.690001 4.335000 -36.095001
c<E>r<261>R<HIS> 27.002001 9.783000 -33.905998
c<E>r<262>R<HIS> 30.469999 10.050000 -32.483002
c<E>r<263>R<VAL> 30.917999 9.201000 -28.830000
c<E>r<264>R<LEU> 34.067001 10.209000 -26.910999
c<E>r<265>R<GLN> 34.355999 9.026000 -23.294001
c<E>r<266>R<THR> 36.743999 9.608000 -20.437000
c<E>r<267>R<ALA> 36.898998 10.430000 -16.728001
c<E>r<268>R<HIS> 35.138000 13.405000 -15.161000
c<E>r<273>R<SER> 39.112999 11.751000 -11.134000
c<E>r<274>R<VAL> 40.882000 14.044000 -13.621000
c<E>r<275>R<TYR> 43.983002 11.858000 -13.570000
c<E>r<276>R<ARG> 41.993999 8.823000 -14.612000
c<E>r<277>R<GLY> 42.018002 9.823000 -18.290001
c<E>r<278>R<PHE> 40.644001 13.328000 -18.645000
c<E>r<279>R<PHE> 44.095001 14.884000 -18.749001
c<E>r<280>R<GLY> 45.448002 13.897000 -22.159000
c<E>r<281>R<CYS> 42.034000 12.935000 -23.603001
c<E>r<282>R<ARG> 42.372002 15.630000 -26.292000
c<E>r<283>R<HIS> 38.615002 15.651000 -26.698999
c<E>r<285>R<SER> 40.811001 18.672001 -31.066000
c<E>r<286>R<LYS> 39.303001 15.202000 -31.653000
c<E>r<287>R<THR> 35.827000 16.764000 -31.688999
c<E>r<288>R<ASN> 36.870998 19.271999 -34.341999
c<E>r<289>R<GLU> 38.516998 16.566999 -36.431000
c<E>r<290>R<LEU> 35.317001 14.508000 -36.289001
c<E>r<291>R<LEU> 33.091000 17.509001 -37.078999
c<E>r<293>R<LYS> 34.793999 14.614000 -41.458000
c<I>r<16>R<LEU> 46.345001 2.995000 -17.704000
c<I>r<17>R<VAL> 44.219002 4.742000 -15.128000
c<I>r<18>R<ILE> 40.863998 2.943000 -14.874000
c<I>r<19>R<GLN> 37.803001 5.173000 -14.295000
c<I>r<20>R<GLU> 34.987000 4.280000 -11.888000
c<I>r<21>R<SER> 32.523998 1.856000 -13.461000
c<I>r<22>R<ILE> 29.357000 2.790000 -15.338000
c<I>r<23>R<LEU> 26.490999 0.266000 -15.609000
c<I>r<24>R<MET> 24.792999 -0.541000 -18.919001
c<I>r<25>R<LEU> 21.649000 -2.668000 -19.431999
c<I>r<27>R<GLU> 19.923000 -3.935000 -24.608000
c<I>r<28>R<GLU> 22.077999 -0.834000 -24.306000
c<I>r<29>R<VAL> 25.165001 -2.953000 -24.709999
c<I>r<31>R<GLU> 23.118999 -1.740000 -29.638000
c<I>r<32>R<VAL> 26.820000 -0.916000 -29.240000
c<I>r<33>R<ILE> 28.354000 -4.411000 -29.618999
c<I>r<42>R<LEU> 30.056000 -2.633000 -16.174999
c<I>r<43>R<VAL> 32.095001 -0.296000 -18.402000
c<I>r<44>R<HIS> 35.551998 0.473000 -17.040001
c<I>r<45>R<THR> 37.083000 3.166000 -19.204000
c<I>r<46>R<ALA> 40.717999 4.203000 -19.493000
c<I>r<47>R<TYR> 42.237999 6.905000 -21.643999
c<I>r<48>R<ASP> 45.334999 5.879000 -23.642000
c<I>r<49>R<GLU> 47.061001 9.184000 -24.173000
c<I>r<50>R<SER> 49.842999 7.498000 -26.139000
c<I>r<51>R<THR> 47.404999 6.874000 -29.000999
c<I>r<52>R<ASP> 44.580002 9.268000 -28.024000
c<I>r<53>R<GLU> 42.341000 6.216000 -27.681000
c<I>r<54>R<ASN> 39.360001 5.299000 -25.499001
c<I>r<55>R<VAL> 39.801998 1.799000 -23.966000
c<I>r<56>R<MET> 36.598999 0.405000 -22.538000
c<I>r<73>R<GLN> 37.708000 3.922000 -29.747999
c<I>r<74>R<ASP> 39.966999 6.242000 -31.712999
c<I>r<75>R<SER> 39.824001 10.043000 -31.995001
c<I>r<76>R<ASN> 37.820999 9.774000 -35.217999
c<I>r<77>R<GLY> 35.249001 7.884000 -33.125999
c<I>r<78>R<GLU> 35.780998 4.483000 -34.737999
c<I>r<79>R<ASN> 35.317001 1.414000 -32.530998
