c<E>r<99>R<LYS> 3.032000 14.439000 -20.532000
c<E>r<100>R<PRO> 2.057000 13.516000 -16.940001
c<E>r<101>R<TYR> 5.668000 13.312000 -15.645000
c<E>r<102>R<PHE> 6.478000 16.823999 -16.952999
c<E>r<103>R<ILE> 3.301000 18.466000 -15.683000
c<E>r<104>R<LYS> 3.989000 16.850000 -12.280000
c<E>r<105>R<LEU> 7.597000 18.027000 -12.433000
c<E>r<106>R<MET> 6.616000 21.660999 -13.145000
c<E>r<107>R<GLY> 4.200000 21.458000 -10.229000
c<E>r<108>R<PHE> 6.923000 20.076000 -7.943000
c<E>r<109>R<VAL> 9.385000 22.836000 -8.927000
c<E>r<111>R<GLU> 5.942000 24.153000 -4.959000
c<E>r<112>R<GLU> 9.639000 24.110001 -4.143000
c<E>r<144>R<GLN> 24.475000 15.804000 -13.848000
c<E>r<145>R<ASP> 23.216000 18.403999 -11.360000
c<E>r<210>R<ARG> 17.468000 23.558001 -3.960000
c<E>r<212>R<HIS> 22.870001 24.552999 -0.894000
c<E>r<213>R<GLN> 21.479000 21.030001 -1.315000
c<E>r<214>R<ALA> 23.240999 18.905001 -3.899000
c<E>r<215>R<ASN> 20.976000 16.499001 -5.801000
c<E>r<216>R<SER> 17.872000 17.677999 -3.947000
c<E>r<217>R<HIS> 15.835000 17.613001 -7.208000
c<E>r<218>R<LYS> 16.945999 14.297000 -8.673000
c<E>r<219>R<GLU> 14.357000 11.733000 -9.752000
c<E>r<220>R<ARG> 11.450000 14.196000 -9.912000
c<E>r<221>R<GLY> 11.092000 14.070000 -13.693000
c<E>r<222>R<TRP> 14.121000 15.989000 -15.031000
c<E>r<223>R<GLU> 15.989000 12.824000 -16.018000
c<E>r<224>R<GLN> 13.046000 11.670000 -18.193001
c<E>r<227>R<ASP> 16.577999 11.574000 -21.759001
c<E>r<246>R<GLY> 32.363998 10.450000 -15.796000
c<E>r<247>R<SER> 30.113001 7.583000 -14.731000
c<E>r<248>R<TYR> 26.775000 9.392000 -14.770000
c<E>r<249>R<ALA> 27.264000 10.876000 -18.253000
c<E>r<251>R<LYS> 25.368999 5.786000 -18.362000
c<E>r<268>R<HIS> 35.138000 13.405000 -15.161000
c<E>r<270>R<SER> 36.813999 16.856001 -11.236000
c<E>r<272>R<LEU> 39.013000 13.545000 -7.772000
c<E>r<273>R<SER> 39.112999 11.751000 -11.134000
c<I>r<17>R<VAL> 14.191000 16.268999 4.926000
c<I>r<18>R<ILE> 11.824000 14.681000 2.390000
c<I>r<19>R<GLN> 11.087000 16.753000 -0.747000
c<I>r<20>R<GLU> 7.617000 17.049000 -2.294000
c<I>r<21>R<SER> 6.802000 14.049000 -4.474000
c<I>r<22>R<ILE> 7.417000 13.769000 -8.211000
c<I>r<23>R<LEU> 5.351000 11.314000 -10.301000
c<I>r<24>R<MET> 6.948000 8.882000 -12.755000
c<I>r<25>R<LEU> 5.137000 6.636000 -15.275000
c<I>r<28>R<GLU> 10.016000 5.809000 -16.954000
c<I>r<29>R<VAL> 10.672000 3.921000 -13.762000
c<I>r<31>R<GLU> 14.308000 2.412000 -17.562000
c<I>r<32>R<VAL> 15.867000 3.499000 -14.258000
c<I>r<40>R<ASP> 2.535000 5.122000 -11.303000
c<I>r<42>R<LEU> 5.990000 8.693000 -6.539000
c<I>r<43>R<VAL> 9.632000 9.700000 -5.990000
c<I>r<44>R<HIS> 10.296000 11.209000 -2.573000
c<I>r<45>R<THR> 13.836000 12.530000 -2.552000
c<I>r<46>R<ALA> 16.011000 13.456000 0.412000
c<I>r<47>R<TYR> 19.540001 14.791000 0.425000
c<I>r<48>R<ASP> 21.955000 13.053000 2.829000
c<I>r<49>R<GLU> 24.538000 15.729000 3.423000
c<I>r<52>R<ASP> 26.639000 13.760000 -0.141000
c<I>r<53>R<GLU> 24.107000 11.185000 -1.326000
c<I>r<54>R<ASN> 20.739000 11.340000 -3.093000
c<I>r<55>R<VAL> 18.157000 9.099000 -1.331000
c<I>r<56>R<MET> 15.092000 8.455000 -3.435000
c<I>r<57>R<LEU> 12.171000 6.551000 -1.950000
c<I>r<58>R<LEU> 9.826000 5.162000 -4.618000
c<I>r<71>R<VAL> 17.552000 4.412000 -4.766000
c<I>r<73>R<GLN> 22.856001 7.948000 -5.680000
c<I>r<74>R<ASP> 26.371000 9.081000 -4.840000
c<I>r<75>R<SER> 28.208000 12.221000 -5.985000
c<I>r<76>R<ASN> 29.846001 10.283000 -8.820000
c<I>r<77>R<GLY> 26.291000 9.572000 -10.007000
c<I>r<78>R<GLU> 26.304001 5.849000 -9.235000
c<I>r<79>R<ASN> 23.000999 4.275000 -8.178000
