c<E>r<143>R<GLY> 26.316999 17.033001 -16.943001
c<E>r<144>R<GLN> 24.475000 15.804000 -13.848000
c<E>r<145>R<ASP> 23.216000 18.403999 -11.360000
c<E>r<146>R<PRO> 23.184999 22.292000 -11.453000
c<E>r<147>R<TYR> 25.504000 24.229000 -9.073000
c<E>r<148>R<HIS> 23.715000 24.729000 -5.730000
c<E>r<149>R<GLY> 25.587999 27.820999 -4.481000
c<E>r<152>R<GLN> 26.559999 29.891001 -9.861000
c<E>r<158>R<PHE> 30.059000 23.400000 -16.082001
c<E>r<160>R<VAL> 29.329000 29.858999 -14.009000
c<E>r<164>R<VAL> 31.940001 33.588001 -9.822000
c<E>r<165>R<PRO> 35.405998 32.044998 -10.366000
c<E>r<166>R<PRO> 35.650002 28.861000 -12.485000
c<E>r<167>R<PRO> 35.082001 25.743000 -10.305000
c<E>r<168>R<PRO> 37.931999 23.131001 -10.019000
c<E>r<169>R<SER> 36.368000 20.971001 -12.780000
c<E>r<170>R<LEU> 36.237999 23.892000 -15.205000
c<E>r<171>R<GLU> 39.801998 24.888000 -14.375000
c<E>r<172>R<ASN> 40.766998 21.306999 -15.360000
c<E>r<210>R<ARG> 17.468000 23.558001 -3.960000
c<E>r<211>R<ALA> 19.962999 26.138000 -2.813000
c<E>r<212>R<HIS> 22.870001 24.552999 -0.894000
c<E>r<213>R<GLN> 21.479000 21.030001 -1.315000
c<E>r<214>R<ALA> 23.240999 18.905001 -3.899000
c<E>r<215>R<ASN> 20.976000 16.499001 -5.801000
c<E>r<216>R<SER> 17.872000 17.677999 -3.947000
c<E>r<217>R<HIS> 15.835000 17.613001 -7.208000
c<E>r<218>R<LYS> 16.945999 14.297000 -8.673000
c<E>r<219>R<GLU> 14.357000 11.733000 -9.752000
c<E>r<246>R<GLY> 32.363998 10.450000 -15.796000
c<E>r<247>R<SER> 30.113001 7.583000 -14.731000
c<E>r<248>R<TYR> 26.775000 9.392000 -14.770000
c<E>r<268>R<HIS> 35.138000 13.405000 -15.161000
c<E>r<269>R<PRO> 37.355999 16.611000 -15.029000
c<E>r<270>R<SER> 36.813999 16.856001 -11.236000
c<E>r<271>R<PRO> 40.098999 16.902000 -9.258000
c<E>r<272>R<LEU> 39.013000 13.545000 -7.772000
c<E>r<273>R<SER> 39.112999 11.751000 -11.134000
c<E>r<274>R<VAL> 40.882000 14.044000 -13.621000
c<E>r<276>R<ARG> 41.993999 8.823000 -14.612000
c<I>r<2>R<THR> 37.792999 8.208000 -6.182000
c<I>r<3>R<ASN> 40.007000 9.550000 -3.386000
c<I>r<4>R<LEU> 37.403000 12.151000 -2.595000
c<I>r<5>R<SER> 34.473000 9.706000 -2.871000
c<I>r<6>R<ASP> 36.438000 7.346000 -0.634000
c<I>r<17>R<VAL> 28.091999 10.926000 -6.768000
c<I>r<18>R<ILE> 30.586000 13.768000 -6.261000
c<I>r<19>R<GLN> 29.818001 17.028999 -8.120000
c<I>r<20>R<GLU> 32.479000 19.113001 -9.879000
c<I>r<21>R<SER> 34.360001 21.326000 -7.434000
c<I>r<22>R<ILE> 33.487999 24.910999 -6.534000
c<I>r<23>R<LEU> 36.198002 27.245001 -5.170000
c<I>r<24>R<MET> 35.682999 29.358000 -2.046000
c<I>r<41>R<ILE> 39.054001 25.697001 -0.452000
c<I>r<42>R<LEU> 37.396999 23.368999 -2.939000
c<I>r<43>R<VAL> 33.827999 22.273001 -2.138000
c<I>r<44>R<HIS> 32.958000 18.830000 -3.472000
c<I>r<45>R<THR> 29.257000 18.278999 -2.945000
c<I>r<46>R<ALA> 27.305000 15.029000 -3.006000
c<I>r<47>R<TYR> 23.606001 14.487000 -2.495000
c<I>r<48>R<ASP> 22.667999 11.691000 -0.059000
c<I>r<49>R<GLU> 19.209999 10.757000 -1.226000
c<I>r<52>R<ASP> 17.893000 13.896000 1.840000
c<I>r<53>R<GLU> 21.181000 15.408000 3.001000
c<I>r<54>R<ASN> 23.794001 17.690001 1.434000
c<I>r<55>R<VAL> 27.339001 16.309000 1.993000
c<I>r<56>R<MET> 30.035000 18.857000 1.301000
c<I>r<61>R<ASP> 43.019001 23.266001 -4.010000
c<I>r<62>R<ALA> 44.945000 21.087999 -6.389000
c<I>r<63>R<PRO> 47.264999 19.455999 -6.548000
c<I>r<64>R<GLU> 47.223999 18.605000 -2.836000
c<I>r<65>R<TYR> 43.432999 18.375000 -2.230000
c<I>r<72>R<ILE> 26.429001 17.773001 6.139000
c<I>r<73>R<GLN> 23.278000 19.830000 5.656000
c<I>r<74>R<ASP> 19.794001 18.469000 6.257000
c<I>r<75>R<SER> 16.535999 19.381001 4.497000
c<I>r<77>R<GLY> 18.966000 23.594000 6.290000
