c<E>r<143>R<GLY> 26.316999 17.033001 -16.943001
c<E>r<144>R<GLN> 24.475000 15.804000 -13.848000
c<E>r<145>R<ASP> 23.216000 18.403999 -11.360000
c<E>r<146>R<PRO> 23.184999 22.292000 -11.453000
c<E>r<147>R<TYR> 25.504000 24.229000 -9.073000
c<E>r<148>R<HIS> 23.715000 24.729000 -5.730000
c<E>r<149>R<GLY> 25.587999 27.820999 -4.481000
c<E>r<150>R<PRO> 24.339001 31.450001 -4.954000
c<E>r<164>R<VAL> 31.940001 33.588001 -9.822000
c<E>r<165>R<PRO> 35.405998 32.044998 -10.366000
c<E>r<166>R<PRO> 35.650002 28.861000 -12.485000
c<E>r<167>R<PRO> 35.082001 25.743000 -10.305000
c<E>r<168>R<PRO> 37.931999 23.131001 -10.019000
c<E>r<169>R<SER> 36.368000 20.971001 -12.780000
c<E>r<171>R<GLU> 39.801998 24.888000 -14.375000
c<E>r<172>R<ASN> 40.766998 21.306999 -15.360000
c<E>r<209>R<VAL> 18.375000 22.299999 -7.426000
c<E>r<211>R<ALA> 19.962999 26.138000 -2.813000
c<E>r<212>R<HIS> 22.870001 24.552999 -0.894000
c<E>r<213>R<GLN> 21.479000 21.030001 -1.315000
c<E>r<214>R<ALA> 23.240999 18.905001 -3.899000
c<E>r<215>R<ASN> 20.976000 16.499001 -5.801000
c<E>r<216>R<SER> 17.872000 17.677999 -3.947000
c<E>r<246>R<GLY> 32.363998 10.450000 -15.796000
c<E>r<247>R<SER> 30.113001 7.583000 -14.731000
c<E>r<248>R<TYR> 26.775000 9.392000 -14.770000
c<E>r<249>R<ALA> 27.264000 10.876000 -18.253000
c<E>r<267>R<ALA> 36.898998 10.430000 -16.728001
c<E>r<268>R<HIS> 35.138000 13.405000 -15.161000
c<E>r<270>R<SER> 36.813999 16.856001 -11.236000
c<E>r<271>R<PRO> 40.098999 16.902000 -9.258000
c<E>r<272>R<LEU> 39.013000 13.545000 -7.772000
c<E>r<273>R<SER> 39.112999 11.751000 -11.134000
c<E>r<274>R<VAL> 40.882000 14.044000 -13.621000
c<E>r<275>R<TYR> 43.983002 11.858000 -13.570000
c<E>r<276>R<ARG> 41.993999 8.823000 -14.612000
c<E>r<277>R<GLY> 42.018002 9.823000 -18.290001
c<I>r<2>R<THR> 24.691999 19.538000 5.325000
c<I>r<4>R<LEU> 28.708000 16.330999 3.857000
c<I>r<5>R<SER> 29.434999 20.077999 4.124000
c<I>r<16>R<LEU> 32.090000 25.547001 1.040000
c<I>r<17>R<VAL> 29.545000 24.952000 -1.675000
c<I>r<18>R<ILE> 29.308001 21.202999 -2.342000
c<I>r<19>R<GLN> 28.771000 20.177999 -5.995000
c<I>r<20>R<GLU> 26.382999 17.406000 -7.062000
c<I>r<21>R<SER> 27.962999 13.976000 -6.667000
c<I>r<22>R<ILE> 29.874001 12.073000 -9.340000
c<I>r<23>R<LEU> 30.153000 8.261000 -9.131000
c<I>r<24>R<MET> 33.473000 6.437000 -9.512000
c<I>r<25>R<LEU> 34.000000 2.653000 -9.783000
c<I>r<27>R<GLU> 39.182999 0.529000 -9.803000
c<I>r<28>R<GLU> 38.882000 4.139000 -10.906000
c<I>r<29>R<VAL> 39.243999 5.253000 -7.327000
c<I>r<30>R<GLU> 42.129002 2.849000 -6.690000
c<I>r<31>R<GLU> 44.198002 4.412000 -9.494000
c<I>r<32>R<VAL> 43.772999 7.827000 -7.854000
c<I>r<33>R<ILE> 44.116001 6.869000 -4.156000
c<I>r<42>R<LEU> 30.669001 9.267000 -4.641000
c<I>r<43>R<VAL> 32.893002 12.322000 -5.190000
c<I>r<44>R<HIS> 31.504999 15.508000 -3.668000
c<I>r<45>R<THR> 33.673000 18.384001 -4.812000
c<I>r<46>R<ALA> 33.937000 21.882000 -3.373000
c<I>r<47>R<TYR> 36.091999 24.754000 -4.531000
c<I>r<48>R<ASP> 38.055000 26.556000 -1.786000
c<I>r<49>R<GLU> 38.592999 29.959999 -3.308000
c<I>r<52>R<ASP> 42.466999 28.075001 -4.868000
c<I>r<53>R<GLU> 42.123001 24.426001 -3.862000
c<I>r<54>R<ASN> 39.962002 21.511000 -5.011000
c<I>r<55>R<VAL> 38.402000 19.687000 -2.005000
c<I>r<56>R<MET> 36.993000 16.305000 -2.908000
c<I>r<57>R<LEU> 35.091999 14.315000 -0.304000
c<I>r<58>R<LEU> 34.820000 10.618000 -1.203000
c<I>r<70>R<LEU> 39.306000 13.497000 1.474000
c<I>r<71>R<VAL> 41.412998 14.709000 -1.465000
c<I>r<72>R<ILE> 42.652000 18.285999 -1.626000
c<I>r<73>R<GLN> 44.216000 19.374001 -4.907000
c<I>r<74>R<ASP> 46.175999 22.590000 -5.310000
c<I>r<75>R<SER> 46.484001 24.832001 -8.380000
c<I>r<77>R<GLY> 47.640999 19.906000 -9.505000
c<I>r<78>R<GLU> 49.227001 18.223000 -6.487000
c<I>r<79>R<ASN> 47.004002 15.951000 -4.389000
