c<A>r<1>R<LYS> -18.750999 16.459999 2.677000
c<A>r<2>R<LEU> -17.267000 13.119000 1.526000
c<A>r<3>R<ASP> -14.382000 11.714000 3.614000
c<A>r<4>R<ASP> -10.858000 11.717000 2.099000
c<A>r<5>R<LEU> -8.258000 8.913000 1.813000
c<A>r<6>R<HIS> -4.952000 9.906000 3.492000
c<A>r<8>R<ILE> -2.550000 3.735000 0.417000
c<A>r<10>R<ILE> 1.203000 -1.482000 -1.016000
c<A>r<11>R<SER> 3.609000 -4.353000 -0.447000
c<A>r<12>R<VAL> 6.906000 -4.240000 -2.382000
c<A>r<13>R<THR> 9.913000 -6.618000 -2.556000
c<A>r<14>R<ASP> 12.493000 -3.784000 -2.942000
c<A>r<15>R<VAL> 11.766000 -0.181000 -1.830000
c<A>r<17>R<GLN> 13.734000 -0.386000 -7.119000
c<A>r<18>R<SER> 10.013000 0.417000 -6.634000
c<A>r<19>R<VAL> 10.736000 4.157000 -5.966000
c<A>r<20>R<GLU> 12.916000 4.289000 -9.143000
c<A>r<21>R<TRP> 10.125000 2.592000 -11.155000
c<A>r<22>R<TYR> 7.289000 4.878000 -9.896000
c<A>r<25>R<HIS> 6.791000 6.302000 -14.929000
c<A>r<26>R<PHE> 4.845000 9.047000 -13.048000
c<A>r<27>R<GLN> 5.168000 12.690000 -11.966000
c<A>r<28>R<CYS> 5.382000 12.078000 -8.188000
c<A>r<29>R<ARG> 7.547000 13.456000 -5.321000
c<A>r<41>R<LYS> 3.322000 12.147000 -3.079000
c<A>r<42>R<PHE> 0.826000 12.272000 -5.974000
c<A>r<43>R<GLY> -1.630000 15.105000 -6.830000
c<A>r<44>R<ASN> -4.627000 13.651000 -4.899000
c<A>r<45>R<LEU> -3.074000 10.892000 -2.660000
c<A>r<46>R<SER> 0.136000 9.563000 -1.078000
c<A>r<47>R<LEU> 1.392000 6.053000 -2.033000
c<A>r<58>R<HIS> -3.309000 -0.776000 4.528000
c<A>r<59>R<ILE> -5.765000 1.940000 3.422000
c<A>r<61>R<PHE> -8.526000 7.615000 5.856000
c<A>r<62>R<THR> -8.516000 11.102000 7.336000
c<A>r<63>R<SER> -10.882000 10.878000 10.365000
c<A>r<65>R<ARG> -13.301000 10.501000 14.858000
c<A>r<69>R<TYR> -12.560000 3.420000 16.872000
c<A>r<86>R<ASP> -12.779000 -4.266000 7.438000
c<A>r<87>R<PRO> -15.040000 -7.416000 7.267000
c<A>r<88>R<SER> -12.603000 -8.943000 4.684000
c<A>r<89>R<GLY> -9.598000 -8.457000 7.059000
c<A>r<90>R<ASN> -8.082000 -5.481000 5.150000
c<A>r<99>R<LEU> -4.516000 16.142000 4.064000
c<B>r<1>R<LYS> 1.674000 19.027000 -12.032000
c<B>r<2>R<LEU> 1.856000 15.718000 -10.106000
c<B>r<3>R<ASP> -0.037000 12.736000 -11.580000
c<B>r<4>R<ASP> -3.383000 11.739000 -9.999000
c<B>r<5>R<LEU> -4.516000 8.276000 -8.873000
c<B>r<6>R<HIS> -7.848000 7.303000 -10.495000
c<B>r<8>R<ILE> -7.619000 1.765000 -5.726000
c<B>r<10>R<ILE> -8.888000 -3.915000 -2.785000
c<B>r<11>R<SER> -9.809000 -7.577000 -2.430000
c<B>r<12>R<VAL> -12.996000 -8.315000 -0.445000
c<B>r<13>R<THR> -14.757000 -11.593000 0.486000
c<B>r<14>R<ASP> -18.322001 -10.142000 0.238000
c<B>r<15>R<VAL> -19.080000 -6.988000 -1.817000
c<B>r<17>R<GLN> -21.077999 -6.616000 3.440000
c<B>r<18>R<SER> -18.002001 -4.479000 2.598000
c<B>r<19>R<VAL> -20.187000 -1.727000 0.975000
c<B>r<20>R<GLU> -22.424000 -1.664000 4.114000
c<B>r<21>R<TRP> -19.322001 -1.455000 6.364000
c<B>r<22>R<TYR> -17.599001 1.373000 4.398000
c<B>r<25>R<HIS> -18.103001 4.139000 8.871000
c<B>r<26>R<PHE> -17.297001 6.809000 6.216000
c<B>r<27>R<GLN> -19.049999 9.575000 4.275000
c<B>r<28>R<CYS> -18.730000 7.972000 0.794000
c<B>r<29>R<ARG> -21.089001 7.511000 -2.220000
c<B>r<41>R<LYS> -16.527000 7.621000 -4.318000
c<B>r<42>R<PHE> -14.574000 9.497000 -1.634000
c<B>r<43>R<GLY> -13.642000 13.223000 -1.743000
c<B>r<44>R<ASN> -10.197000 12.701000 -3.404000
c<B>r<45>R<LEU> -10.331000 9.112000 -4.836000
c<B>r<46>R<SER> -12.538000 6.121000 -5.732000
c<B>r<47>R<LEU> -12.235000 2.815000 -3.804000
c<B>r<58>R<HIS> -4.726000 -2.892000 -8.478000
c<B>r<59>R<ILE> -3.722000 0.791000 -8.371000
c<B>r<61>R<PHE> -3.462000 6.167000 -12.366000
c<B>r<62>R<THR> -4.922000 8.841000 -14.625000
c<B>r<63>R<SER> -2.603000 8.710000 -17.695999
c<B>r<65>R<ARG> 0.032000 8.101000 -22.028000
c<B>r<86>R<ASP> 5.423000 -2.800000 -10.958000
c<B>r<87>R<PRO> 8.771000 -4.578000 -10.135000
c<B>r<88>R<SER> 7.062000 -6.315000 -7.135000
c<B>r<89>R<GLY> 4.257000 -7.709000 -9.392000
c<B>r<90>R<ASN> 1.543000 -5.265000 -8.171000
