c<A>r<2>R<ASP> 17.691999 -11.844000 15.361000
c<A>r<3>R<LYS> 19.186001 -11.695000 11.847000
c<A>r<5>R<ARG> 13.816000 -11.786000 11.765000
c<A>r<6>R<GLN> 15.551000 -8.707000 10.365000
c<A>r<8>R<GLU> 12.013000 -11.335000 7.108000
c<A>r<9>R<MET> 11.033000 -7.834000 8.077000
c<A>r<10>R<ARG> 12.951000 -6.238000 5.239000
c<A>r<11>R<LYS> 11.465000 -8.741000 2.772000
c<A>r<12>R<GLY> 8.020000 -7.934000 3.920000
c<A>r<13>R<ILE> 8.480000 -4.194000 3.507000
c<A>r<14>R<ASP> 10.018000 -4.814000 0.090000
c<A>r<15>R<LEU> 7.050000 -7.004000 -0.918000
c<A>r<16>R<ALA> 4.629000 -4.264000 0.145000
c<A>r<17>R<THR> 6.547000 -1.757000 -1.968000
c<A>r<18>R<THR> 6.823000 -4.130000 -4.949000
c<A>r<19>R<LEU> 3.162000 -5.022000 -4.981000
c<A>r<20>R<GLU> 2.269000 -1.313000 -4.856000
c<A>r<21>R<ARG> 4.546000 -0.519000 -7.706000
c<A>r<28>R<ILE> -4.687000 -12.136000 -3.902000
c<A>r<30>R<ASP> -6.282000 -17.532000 0.137000
c<A>r<39>R<ILE> -6.245000 -11.094000 1.644000
c<A>r<40>R<PHE> -4.677000 -8.306000 -0.614000
c<A>r<41>R<ALA> -6.140000 -5.777000 -3.025000
c<A>r<42>R<SER> -4.276000 -3.264000 -5.068000
c<A>r<43>R<ASP> -5.111000 0.395000 -4.840000
c<A>r<52>R<SER> -12.646000 0.355000 0.421000
c<A>r<53>R<ARG> -10.057000 -2.087000 1.491000
c<A>r<54>R<GLU> -11.969000 -2.730000 4.765000
c<A>r<57>R<LEU> -10.789000 -7.838000 2.814000
c<A>r<112>R<ASP> 5.058000 -23.212999 -3.682000
c<A>r<118>R<GLN> -0.833000 -21.429001 -1.793000
c<A>r<119>R<TYR> -2.780000 -18.466999 -3.261000
c<A>r<149>R<VAL> 5.471000 -12.794000 -3.677000
c<A>r<150>R<ARG> 7.901000 -15.650000 -4.342000
c<A>r<151>R<GLU> 10.898000 -13.432000 -3.953000
c<A>r<152>R<LEU> 10.299000 -13.432000 -0.295000
c<B>r<2>R<GLU> 7.165000 -16.465000 5.281000
c<B>r<3>R<MET> 5.061000 -15.745000 2.195000
c<B>r<4>R<ARG> 1.856000 -15.316000 4.212000
c<B>r<5>R<LYS> 3.620000 -12.989000 6.718000
c<B>r<6>R<GLY> 4.862000 -10.850000 3.926000
c<B>r<7>R<ILE> 1.466000 -10.590000 2.253000
c<B>r<8>R<ASP> -0.131000 -9.812000 5.621000
c<B>r<9>R<LEU> 2.450000 -7.036000 6.295000
c<B>r<10>R<ALA> 1.770000 -5.567000 2.822000
c<B>r<11>R<THR> -1.958000 -5.611000 3.511000
c<B>r<12>R<THR> -1.577000 -4.148000 7.016000
c<B>r<13>R<LEU> 0.572000 -1.286000 5.871000
c<B>r<14>R<GLU> -1.956000 -0.513000 3.089000
c<B>r<15>R<ARG> -4.789000 -0.553000 5.535000
c<B>r<17>R<GLU> -4.722000 5.179000 5.323000
c<B>r<22>R<ILE> 9.609000 4.126000 6.053000
c<B>r<24>R<ASP> 16.388000 2.711000 5.857000
c<B>r<33>R<ILE> 11.925000 2.249000 0.996000
c<B>r<34>R<PHE> 8.048000 2.494000 1.525000
c<B>r<35>R<ALA> 5.502000 5.259000 1.038000
c<B>r<36>R<SER> 1.835000 5.079000 1.721000
c<B>r<37>R<ASP> -0.656000 5.886000 -0.988000
c<B>r<46>R<SER> 4.718000 8.969000 -7.788000
c<B>r<47>R<ARG> 6.119000 6.088000 -5.909000
c<B>r<48>R<GLU> 8.880000 5.677000 -8.554000
c<B>r<51>R<LEU> 11.614000 5.503000 -3.689000
c<B>r<106>R<ASP> 14.878000 -4.600000 16.757000
c<B>r<107>R<GLN> 14.897000 -6.942000 19.868000
c<B>r<108>R<LYS> 18.566000 -5.958000 20.555000
c<B>r<112>R<GLN> 16.525000 -0.830000 11.807000
c<B>r<113>R<TYR> 14.213000 1.783000 10.198000
c<B>r<149>R<ALA> 2.676000 -3.863000 11.726000
c<B>r<150>R<VAL> 6.300000 -4.291000 10.713000
c<B>r<151>R<ARG> 7.348000 -6.146000 13.843000
c<B>r<152>R<GLU> 4.453000 -8.529000 14.012000
