c<B>r<46>R<ALA> -5.016000 -4.067000 6.258000
c<B>r<47>R<GLY> -5.620000 -0.439000 7.467000
c<B>r<48>R<LYS> -2.100000 0.593000 6.237000
c<B>r<49>R<GLN> -1.360000 2.969000 3.388000
c<B>r<70>R<VAL> -8.889000 6.105000 -2.061000
c<B>r<72>R<ARG> -6.655000 12.122000 -3.047000
c<B>r<73>R<LEU> -9.378000 14.740000 -3.581000
c<E>r<9>R<ALA> 1.275000 8.723000 8.645000
c<E>r<24>R<GLU> -9.689000 12.344000 5.498000
c<E>r<28>R<PHE> -10.978000 6.564000 7.270000
c<E>r<29>R<LYS> -11.205000 5.973000 11.057000
c<E>r<32>R<TYR> -12.168000 0.976000 9.372000
c<E>r<33>R<GLY> -11.795000 1.612000 13.187000
