1764068883407 0.14264754951000214 33
1764068896236 0.1431586742401123 67
1764068910285 0.14299774169921875 101
1764068921957 0.12382128089666367 135
1764068933662 0.11580908298492432 169
1764068946349 0.10073002427816391 203
1764068959276 0.10363347828388214 237
1764068972168 0.09368530660867691 271
1764068984486 0.09034189581871033 305
1764068996941 0.08481753617525101 339
1764069009548 0.08064967393875122 373
1764069022502 0.08176258951425552 407
1764069034917 0.0717763900756836 441
1764069047288 0.07881476730108261 475
1764069059557 0.06965235620737076 509
1764069071971 0.06537512689828873 543
1764069084653 0.08558671176433563 577
1764069097530 0.06617249548435211 611
1764069110378 0.07006402313709259 645
1764069122813 0.06290007382631302 679
1764069135385 0.06321775168180466 713
1764069147797 0.06324134767055511 747
1764069159979 0.08685105293989182 781
1764069172686 0.06306122243404388 815
1764069185346 0.0583498515188694 849
1764069197925 0.05674276128411293 883
1764069210494 0.052421294152736664 917
1764069223277 0.05534875765442848 951
1764069236065 0.05028684064745903 985
1764069248497 0.053044989705085754 1019
1764069261291 0.06419714540243149 1053
1764069274057 0.05858760327100754 1087
1764069286983 0.05109882354736328 1121
1764069299609 0.06414998322725296 1155
1764069312763 0.048440687358379364 1189
1764069325299 0.05052641034126282 1223
1764069338034 0.05419713631272316 1257
1764069351093 0.04591852053999901 1291
1764069363631 0.05209265649318695 1325
1764069376460 0.04973917081952095 1359
1764069389091 0.05251218378543854 1393
1764069402190 0.04539702832698822 1427
1764069414666 0.05133427307009697 1461
1764069427375 0.056464917957782745 1495
1764069440318 0.056426528841257095 1529
1764069453448 0.04809558019042015 1563
1764069466449 0.04820099472999573 1597
1764069479069 0.05002131685614586 1631
1764069491833 0.05320976674556732 1665
1764069504642 0.05687933787703514 1699
1764069517573 0.04712208732962608 1733
1764069530581 0.050980228930711746 1767
1764069543664 0.04681532829999924 1801
1764069556784 0.04375745728611946 1835
1764069569456 0.05334780737757683 1869
1764069582186 0.04765098914504051 1903
1764069595073 0.0547051765024662 1937
1764069607576 0.04817892983555794 1971
1764069620964 0.05297714099287987 2005
1764069633553 0.052150752395391464 2039
1764069646252 0.04714902117848396 2073
1764069658775 0.046537358313798904 2107
1764069671684 0.052301935851573944 2141
1764069684552 0.04900125041604042 2175
1764069697646 0.04852839559316635 2209
1764069710248 0.04556843638420105 2243
1764069722748 0.051739536225795746 2277
1764069735601 0.0499880425632 2311
1764069748732 0.04944687709212303 2345
1764069761998 0.049659036099910736 2379
1764069775110 0.04739680513739586 2413
1764069787795 0.05659593641757965 2447
1764069800405 0.04557902738451958 2481
1764069813335 0.05168629437685013 2515
1764069826107 0.04828072339296341 2549
1764069839030 0.04904645308852196 2583
1764069852278 0.045287683606147766 2617
1764069865344 0.04669331759214401 2651
1764069877996 0.0526120662689209 2685
1764069890709 0.04992585629224777 2719
1764069903418 0.057030849158763885 2753
1764069916034 0.05540332570672035 2787
1764069929199 0.05617724359035492 2821
1764069943054 0.0427912138402462 2855
1764069957078 0.049127351492643356 2889
1764069970361 0.048928212374448776 2923
1764069984196 0.044077321887016296 2957
1764069997706 0.047485075891017914 2991
1764070011868 0.04832339286804199 3025
1764070025476 0.05082079395651817 3059
1764070039136 0.043677497655153275 3093
1764070052589 0.05330955609679222 3127
1764070066214 0.050025034695863724 3161
1764070079816 0.053202033042907715 3195
1764070093233 0.04240584000945091 3229
1764070105765 0.05733046680688858 3263
1764070119380 0.052019648253917694 3297
1764070133106 0.050878193229436874 3331
1764070147043 0.05952291190624237 3365
1764070160171 0.03687012940645218 3399
1764070174016 0.05439484491944313 3433
