c<A>r<143>R<LYS> 14.482000 -19.993999 20.947001
c<A>r<144>R<HIS> 17.441000 -21.811001 22.433001
c<A>r<147>R<PHE> 20.377001 -18.413000 19.833000
c<A>r<148>R<GLU> 22.912001 -21.271000 19.587000
c<A>r<149>R<GLN> 23.018999 -21.125999 15.805000
c<A>r<150>R<CYS> 22.646999 -17.415001 15.048000
c<A>r<151>R<LYS> 23.285999 -15.768000 18.438999
c<A>r<152>R<ILE> 19.882999 -13.993000 18.261000
c<A>r<153>R<GLY> 17.827000 -13.990000 21.462000
c<A>r<154>R<ILE> 14.044000 -13.298000 21.847000
c<A>r<155>R<PRO> 12.649000 -11.447000 24.847000
c<A>r<156>R<HIS> 9.925000 -13.385000 26.743999
c<A>r<157>R<GLU> 7.582000 -10.395000 26.947001
c<A>r<158>R<ASP> 7.573000 -9.859000 23.112000
c<A>r<203>R<LEU> 16.924000 -18.591999 8.679000
c<A>r<206>R<ARG> 19.155001 -22.049999 5.404000
c<A>r<207>R<LEU> 20.837999 -23.237000 8.657000
c<A>r<208>R<TRP> 19.346001 -26.691000 8.245000
c<A>r<209>R<LYS> 20.854000 -26.611000 4.749000
c<A>r<242>R<ASP> 24.601000 3.633000 14.308000
c<A>r<243>R<LEU> 22.222000 0.882000 13.459000
c<A>r<244>R<ASP> 22.775000 -1.292000 16.615000
c<A>r<245>R<ALA> 22.458000 1.748000 18.862000
c<A>r<246>R<GLU> 19.318001 3.031000 17.131001
c<A>r<247>R<ALA> 17.587999 -0.362000 17.232000
c<A>r<248>R<GLY> 18.657000 -0.864000 20.850000
c<A>r<249>R<LYS> 17.363001 2.543000 22.069000
c<A>r<251>R<LYS> 13.841000 -1.777000 22.134001
c<A>r<252>R<ILE> 13.507000 -3.468000 18.722000
c<A>r<253>R<TYR> 17.150999 -4.754000 18.497000
c<A>r<254>R<HIS> 16.063000 -8.512000 18.409000
c<A>r<256>R<TYR> 16.195999 -5.737000 13.723000
c<A>r<257>R<CYS> 18.611000 -8.654000 14.043000
c<A>r<260>R<ARG> 19.035999 -8.243000 8.920000
c<A>r<261>R<ALA> 19.945999 -11.947000 9.408000
c<A>r<264>R<GLN> 22.047001 -11.613000 4.765000
c<A>r<265>R<THR> 21.309000 -15.364000 4.540000
c<E>r<3>R<THR> 26.663000 -18.313000 26.590000
c<E>r<4>R<GLU> 23.837000 -18.974001 29.087999
c<E>r<6>R<ARG> 24.101000 -13.870000 27.299999
c<E>r<7>R<ARG> 20.930000 -15.747000 26.325001
c<E>r<8>R<ALA> 19.305000 -14.752000 29.643999
c<E>r<9>R<ALA> 20.160999 -11.104000 28.945000
c<E>r<10>R<TRP> 18.462999 -11.368000 25.497999
c<E>r<11>R<GLU> 15.408000 -13.039000 27.013000
c<E>r<12>R<ALA> 15.185000 -10.178000 29.582001
c<E>r<13>R<GLY> 15.138000 -7.646000 26.690001
c<E>r<14>R<GLN> 18.601000 -6.360000 27.681999
c<E>r<15>R<PRO> 21.020000 -7.501000 25.037001
c<E>r<16>R<ASP> 24.497000 -5.968000 24.945000
c<E>r<17>R<TYR> 23.789000 -4.539000 21.476999
c<E>r<18>R<LEU> 26.968000 -2.316000 21.469000
c<E>r<19>R<GLY> 29.211000 -5.082000 22.743999
c<E>r<21>R<ASP> 25.674000 -8.982000 21.077000
c<E>r<22>R<ALA> 26.511999 -6.495000 18.306999
c<E>r<23>R<PHE> 25.242001 -7.631000 14.814000
c<E>r<24>R<VAL> 28.872999 -8.037000 13.679000
c<E>r<25>R<HIS> 29.115999 -11.090000 15.961000
c<E>r<26>R<ILE> 25.780001 -12.408000 14.682000
c<E>r<27>R<GLN> 27.093000 -11.987000 11.101000
c<E>r<28>R<GLU> 30.235001 -13.986000 11.993000
c<E>r<29>R<ALA> 28.148001 -16.767000 13.507000
c<E>r<30>R<LEU> 25.931999 -16.871000 10.345000
c<E>r<31>R<ASN> 29.018000 -17.007000 8.124000
c<E>r<32>R<ARG> 30.438000 -19.804001 10.193000
c<E>r<33>R<ALA> 27.207001 -21.761999 10.121000
c<E>r<34>R<LEU> 26.528000 -21.275999 6.429000
