c<A>r<21>R<ASP> 0.015000 9.768000 -21.875999
c<A>r<22>R<GLY> 1.086000 8.679000 -18.315001
c<A>r<23>R<PHE> 4.435000 8.969000 -16.444000
c<A>r<24>R<ASP> 6.392000 6.537000 -18.698000
c<A>r<25>R<ALA> 5.776000 8.957000 -21.643999
c<A>r<94>R<ARG> -5.789000 10.037000 -15.073000
c<A>r<97>R<ARG> -3.022000 7.488000 -11.592000
c<A>r<98>R<ALA> 0.052000 8.878000 -13.440000
c<A>r<99>R<LEU> 1.367000 10.638000 -10.253000
c<A>r<100>R<ILE> 0.944000 7.373000 -8.267000
c<A>r<101>R<ALA> 2.776000 5.523000 -11.109000
c<A>r<102>R<ALA> 5.545000 8.197000 -10.861000
c<A>r<103>R<SER> 5.835000 7.546000 -7.070000
c<A>r<104>R<LEU> 6.264000 3.780000 -7.705000
c<A>r<105>R<CYS> 9.044000 4.321000 -10.327000
c<A>r<106>R<ASN> 10.886000 7.350000 -8.790000
c<A>r<110>R<ALA> 7.470000 9.214000 -4.011000
c<A>r<111>R<GLU> 8.656000 11.702000 -1.338000
c<A>r<113>R<LEU> 3.454000 12.196000 -3.238000
c<A>r<114>R<HIS> 3.741000 11.177000 0.446000
c<A>r<115>R<ARG> 4.137000 14.883000 1.434000
c<A>r<116>R<PHE> 1.054000 15.794000 -0.667000
c<A>r<117>R<TYR> -1.044000 13.160000 1.165000
c<A>r<118>R<ALA> 0.412000 14.118000 4.604000
c<A>r<121>R<VAL> -4.589000 14.375000 5.781000
c<A>r<145>R<GLY> -6.128000 7.217000 11.187000
c<A>r<146>R<VAL> -9.777000 8.429000 10.889000
c<A>r<148>R<ALA> -6.960000 8.077000 6.066000
c<A>r<149>R<ALA> -9.793000 5.497000 6.534000
c<A>r<150>R<VAL> -12.189000 7.791000 4.528000
c<A>r<151>R<SER> -9.926000 8.058000 1.439000
c<A>r<152>R<ALA> -8.534000 4.494000 1.589000
c<A>r<153>R<PRO> -11.562000 2.516000 0.141000
c<A>r<154>R<LEU> -11.870000 5.087000 -2.710000
c<A>r<155>R<TYR> -8.183000 4.636000 -3.709000
c<A>r<156>R<TYR> -8.506000 0.831000 -3.252000
c<A>r<157>R<ALA> -11.512000 0.842000 -5.627000
c<A>r<158>R<LEU> -9.505000 2.939000 -8.168000
c<A>r<159>R<LEU> -6.068000 1.226000 -8.041000
c<A>r<160>R<ASN> -6.692000 -2.372000 -6.895000
c<A>r<161>R<THR> -10.251000 -3.420000 -7.942000
c<A>r<162>R<GLY> -10.632000 -1.144000 -11.038000
c<A>r<163>R<ARG> -14.222000 -0.214000 -9.974000
c<A>r<169>R<ASP> -19.112000 4.914000 -2.132000
c<A>r<171>R<ASP> -21.080999 8.293000 1.765000
c<A>r<172>R<ARG> -20.302000 4.681000 2.873000
c<A>r<173>R<ALA> -16.586000 5.513000 3.361000
c<A>r<174>R<ALA> -17.461000 8.542000 5.558000
c<A>r<175>R<ARG> -20.118999 6.579000 7.555000
c<A>r<176>R<ALA> -17.718000 3.613000 8.089000
c<A>r<177>R<ALA> -14.925000 5.903000 9.388000
c<A>r<178>R<SER> -17.304001 7.971000 11.619000
c<A>r<179>R<THR> -18.871000 4.757000 13.066000
c<A>r<180>R<ALA> -15.469000 3.198000 13.872000
c<A>r<181>R<ALA> -14.252000 6.572000 15.322000
c<A>r<183>R<ALA> -16.577000 3.213000 18.731001
c<A>r<184>R<GLY> -12.992000 4.244000 19.761000
c<A>r<185>R<VAL> -11.185000 2.114000 17.082001
c<A>r<186>R<TRP> -8.456000 4.823000 16.730000
c<B>r<21>R<ASP> 14.239000 -3.230000 -10.415000
c<B>r<22>R<GLY> 10.489000 -2.370000 -10.882000
c<B>r<23>R<PHE> 8.195000 -2.544000 -13.966000
c<B>r<24>R<ASP> 9.957000 0.220000 -15.986000
c<B>r<25>R<ALA> 13.135000 -1.973000 -15.993000
c<B>r<94>R<ARG> 8.409000 -4.414000 -3.792000
c<B>r<97>R<ARG> 4.414000 -1.997000 -5.817000
c<B>r<98>R<ALA> 5.871000 -3.031000 -9.222000
c<B>r<99>R<LEU> 2.652000 -4.930000 -10.217000
c<B>r<100>R<ILE> 0.548000 -1.841000 -9.274000
c<B>r<101>R<ALA> 2.979000 0.306000 -11.339000
c<B>r<102>R<ALA> 2.425000 -2.180000 -14.225000
c<B>r<103>R<SER> -1.409000 -1.821000 -13.949000
c<B>r<104>R<LEU> -1.095000 2.005000 -14.066000
c<B>r<105>R<CYS> 1.113000 1.890000 -17.237000
c<B>r<106>R<ASN> -0.471000 -1.101000 -19.099001
c<B>r<110>R<ALA> -4.534000 -3.599000 -15.197000
c<B>r<111>R<GLU> -7.167000 -6.211000 -16.174999
c<B>r<113>R<LEU> -4.462000 -6.951000 -11.385000
c<B>r<114>R<HIS> -8.196000 -6.167000 -11.021000
c<B>r<115>R<ARG> -8.987000 -9.904000 -11.553000
c<B>r<116>R<PHE> -6.361000 -10.859000 -8.921000
c<B>r<117>R<TYR> -8.025000 -8.562000 -6.337000
c<B>r<118>R<ALA> -11.572000 -9.678000 -7.341000
c<B>r<121>R<VAL> -11.985000 -10.310000 -2.252000
c<B>r<145>R<GLY> -17.549000 -3.754000 0.572000
c<B>r<146>R<VAL> -16.650999 -5.183000 4.039000
c<B>r<148>R<ALA> -12.351000 -4.306000 0.555000
c<B>r<149>R<ALA> -12.543000 -1.936000 3.592000
c<B>r<150>R<VAL> -10.061000 -4.224000 5.503000
c<B>r<151>R<SER> -7.345000 -4.099000 2.789000
c<B>r<152>R<ALA> -7.958000 -0.467000 1.750000
c<B>r<153>R<PRO> -6.183000 1.402000 4.671000
c<B>r<154>R<LEU> -3.164000 -0.972000 4.347000
c<B>r<155>R<TYR> -2.772000 -0.184000 0.604000
c<B>r<156>R<TYR> -3.401000 3.542000 1.318000
c<B>r<157>R<ALA> -0.532000 3.470000 3.866000
c<B>r<158>R<LEU> 1.721000 1.623000 1.336000
c<B>r<159>R<LEU> 0.982000 3.702000 -1.815000
c<B>r<160>R<ASN> -0.322000 7.134000 -0.723000
c<B>r<161>R<THR> 1.198000 8.014000 2.704000
c<B>r<162>R<GLY> 4.406000 5.891000 2.364000
c<B>r<163>R<ARG> 4.071000 4.659000 6.001000
c<B>r<169>R<ASP> -2.599000 -1.310000 11.598000
c<B>r<171>R<ASP> -5.915000 -5.129000 13.862000
c<B>r<172>R<ARG> -7.359000 -1.566000 13.533000
c<B>r<173>R<ALA> -8.383000 -2.180000 9.883000
c<B>r<174>R<ALA> -10.198000 -5.437000 10.823000
c<B>r<175>R<ARG> -11.872000 -3.808000 13.892000
c<B>r<176>R<ALA> -12.977000 -0.720000 11.869000
c<B>r<177>R<ALA> -14.549000 -2.877000 9.108000
c<B>r<178>R<SER> -16.191000 -5.289000 11.629000
c<B>r<179>R<THR> -17.632000 -2.344000 13.649000
c<B>r<180>R<ALA> -19.063000 -0.598000 10.560000
c<B>r<181>R<ALA> -20.458000 -3.970000 9.272000
c<B>r<183>R<ALA> -23.679001 -1.068000 12.349000
c<B>r<184>R<GLY> -25.169001 -1.903000 8.877000
c<B>r<185>R<VAL> -22.899000 0.509000 6.885000
c<B>r<186>R<TRP> -22.735001 -1.976000 3.938000
c<B>r<187>R<VAL> -26.410999 -3.114000 3.961000
