c<A>r<12>R<GLU> -21.747999 0.154000 18.349001
c<A>r<16>R<VAL> -19.174000 4.266000 14.425000
c<A>r<19>R<PHE> -15.156000 5.170000 12.220000
c<A>r<35>R<HIS> 0.358000 9.731000 3.588000
c<A>r<36>R<GLU> 1.015000 8.646000 7.259000
c<A>r<38>R<LEU> -4.087000 7.643000 5.345000
c<A>r<39>R<GLN> -2.741000 4.218000 6.408000
c<A>r<40>R<ALA> -3.605000 4.726000 10.119000
c<A>r<42>R<VAL> -7.618000 2.682000 6.648000
c<A>r<43>R<GLN> -6.374000 0.169000 9.298000
c<A>r<45>R<LYS> -11.527000 1.581000 9.562000
c<A>r<46>R<GLU> -10.898000 -2.183000 8.961000
c<A>r<47>R<THR> -10.576000 -2.962000 12.729000
c<A>r<48>R<LEU> -13.672000 -0.847000 13.477000
c<A>r<49>R<ALA> -15.576000 -2.573000 10.587000
c<A>r<50>R<ASP> -14.780000 -6.051000 12.024000
c<A>r<51>R<ASP> -15.591000 -4.927000 15.615000
c<A>r<52>R<LEU> -18.906000 -3.433000 14.302000
c<A>r<53>R<ALA> -19.745001 -6.751000 12.552000
c<A>r<54>R<GLN> -19.112000 -8.642000 15.847000
c<A>r<56>R<GLY> -24.011999 -6.455000 15.138000
c<A>r<57>R<ALA> -24.052000 -10.241000 15.775000
c<A>r<71>R<GLY> -31.367001 -6.201000 12.354000
c<A>r<72>R<PRO> -32.895000 -2.682000 12.480000
c<A>r<73>R<ALA> -36.563000 -3.827000 12.425000
c<A>r<74>R<GLY> -35.865002 -5.716000 15.699000
c<A>r<75>R<THR> -33.903000 -2.772000 17.157000
c<A>r<76>R<ASP> -36.833000 -0.394000 16.316999
c<A>r<89>R<TRP> -30.504000 3.915000 18.429001
c<A>r<92>R<LEU> -26.230000 5.085000 15.906000
c<A>r<93>R<GLN> -28.336000 5.201000 12.688000
c<A>r<94>R<ALA> -27.427000 8.883000 12.065000
c<A>r<95>R<ASN> -23.667999 8.274000 12.647000
c<A>r<96>R<ALA> -23.756001 5.132000 10.435000
c<A>r<97>R<ALA> -25.468000 7.162000 7.649000
c<A>r<98>R<GLN> -22.723000 9.831000 7.902000
c<A>r<99>R<ALA> -19.995001 7.102000 7.863000
c<A>r<100>R<ARG> -21.472000 5.559000 4.651000
c<A>r<101>R<GLU> -21.534000 8.984000 2.951000
c<A>r<103>R<ASN> -16.736000 6.180000 2.864000
c<A>r<104>R<GLN> -18.436001 6.811000 -0.531000
c<A>r<106>R<ASN> -13.239000 8.628000 -0.023000
c<A>r<107>R<GLY> -13.913000 5.867000 -2.597000
c<A>r<110>R<ILE> -9.396000 7.031000 -4.714000
c<A>r<111>R<ALA> -11.142000 6.420000 -8.083000
c<A>r<113>R<ASN> -6.341000 9.097000 -8.328000
c<A>r<114>R<LEU> -6.441000 5.652000 -10.058000
c<A>r<115>R<ARG> -7.926000 7.363000 -13.159000
c<A>r<117>R<THR> -2.465000 7.256000 -13.004000
c<A>r<118>R<GLN> -4.287000 5.494000 -15.886000
c<A>r<119>R<GLU> -4.496000 8.790000 -17.877001
c<A>r<120>R<SER> -0.724000 9.350000 -17.283001
c<A>r<121>R<LEU> -0.044000 5.773000 -18.584000
c<A>r<122>R<ASP> -2.346000 6.446000 -21.587000
c<A>r<123>R<ALA> -0.555000 9.774000 -22.332001
c<A>r<124>R<LEU> 2.773000 7.824000 -22.552999
c<A>r<125>R<ARG> 1.164000 5.796000 -25.372999
c<A>r<126>R<GLN> -0.609000 8.688000 -27.160999
c<B>r<12>R<GLU> 11.705000 5.726000 -21.365999
c<B>r<16>R<VAL> 8.667000 2.286000 -17.398001
c<B>r<19>R<PHE> 7.273000 2.074000 -12.863000
c<B>r<33>R<ARG> -0.460000 -5.147000 4.299000
c<B>r<35>R<HIS> 2.371000 -0.200000 4.886000
c<B>r<36>R<GLU> 5.926000 1.332000 4.601000
c<B>r<38>R<LEU> 3.085000 0.620000 -0.037000
c<B>r<39>R<GLN> 3.983000 4.288000 0.662000
c<B>r<42>R<VAL> 3.073000 4.985000 -4.463000
c<B>r<43>R<GLN> 5.575000 7.905000 -4.150000
c<B>r<45>R<LYS> 5.024000 5.678000 -9.003000
c<B>r<46>R<GLU> 4.079000 9.420000 -8.928000
c<B>r<49>R<ALA> 4.789000 9.160000 -13.904000
c<B>r<50>R<ASP> 6.008000 12.805000 -14.063000
c<B>r<52>R<LEU> 7.833000 9.457000 -18.004999
c<B>r<53>R<ALA> 5.525000 12.345000 -19.093000
c<B>r<54>R<GLN> 8.618000 14.600000 -19.511000
c<B>r<55>R<LEU> 10.426000 11.926000 -21.611000
c<B>r<56>R<GLY> 7.252000 11.415000 -23.726000
c<B>r<57>R<ALA> 7.288000 15.181000 -24.478001
c<B>r<70>R<SER> 4.099000 13.088000 -32.627998
c<B>r<71>R<GLY> 3.181000 9.939000 -30.648001
c<B>r<72>R<PRO> 2.994000 6.280000 -31.877001
c<B>r<73>R<ALA> 2.618000 7.007000 -35.610001
c<B>r<92>R<LEU> 8.164000 0.430000 -24.367001
c<B>r<93>R<GLN> 4.701000 -0.561000 -25.708000
c<B>r<96>R<ALA> 3.324000 0.192000 -20.811001
c<B>r<97>R<ALA> 0.677000 -2.539000 -21.474001
c<B>r<99>R<ALA> 1.786000 -1.288000 -16.268000
c<B>r<100>R<ARG> -1.922000 -0.770000 -17.160999
c<B>r<101>R<GLU> -2.723000 -4.378000 -16.176001
c<B>r<103>R<ASN> -2.719000 -0.522000 -12.179000
c<B>r<104>R<GLN> -6.102000 -2.243000 -12.938000
c<B>r<106>R<ASN> -4.384000 -2.508000 -7.728000
c<B>r<107>R<GLY> -7.684000 -0.679000 -8.434000
c<B>r<110>R<ILE> -8.788000 -1.195000 -3.371000
c<B>r<111>R<ALA> -12.411000 -1.647000 -4.598000
c<B>r<113>R<ASN> -11.549000 -3.113000 0.702000
c<B>r<114>R<LEU> -13.998000 -0.210000 0.100000
c<B>r<115>R<ARG> -16.827000 -2.793000 -0.309000
c<B>r<116>R<HIS> -15.948000 -4.674000 2.936000
c<B>r<117>R<THR> -16.096001 -1.332000 4.802000
c<B>r<118>R<GLN> -19.441000 -0.460000 3.153000
c<B>r<119>R<GLU> -20.965000 -3.887000 4.048000
c<B>r<120>R<SER> -20.042000 -3.486000 7.780000
c<B>r<121>R<LEU> -21.719000 -0.017000 7.792000
c<B>r<122>R<ASP> -24.797001 -1.279000 5.827000
c<B>r<123>R<ALA> -25.421000 -3.920000 8.579000
c<B>r<124>R<LEU> -26.670000 -0.893000 10.661000
c<B>r<125>R<ARG> -29.400999 0.075000 8.065000
c<B>r<126>R<ALA> -33.243000 -0.117000 8.176000
