1766144453306 0.0 33
1766144453320 0.0 33
1766144465526 1.0 67
1766144465540 1.0 67
1766144477784 2.0 101
1766144477792 2.0 101
1766144489841 3.0 135
1766144489855 3.0 135
1766144501198 4.0 169
1766144501212 4.0 169
1766144512554 5.0 203
1766144512562 5.0 203
1766144524496 6.0 237
1766144524506 6.0 237
1766144535320 7.0 271
1766144535328 7.0 271
1766144546691 8.0 305
1766144546704 8.0 305
1766144558553 9.0 339
1766144558572 9.0 339
1766144571744 10.0 373
1766144571757 10.0 373
1766144582986 11.0 407
1766144582994 11.0 407
1766144594721 12.0 441
1766144594729 12.0 441
1766144605790 13.0 475
1766144605794 13.0 475
1766144617291 14.0 509
1766144617299 14.0 509
1766144628684 15.0 543
1766144628696 15.0 543
1766144639878 16.0 577
1766144639880 16.0 577
1766144651539 17.0 611
1766144651547 17.0 611
1766144662671 18.0 645
1766144662674 18.0 645
1766144673757 19.0 679
1766144673765 19.0 679
1766144685422 20.0 713
1766144685430 20.0 713
1766144696820 21.0 747
1766144696834 21.0 747
1766144708230 22.0 781
1766144708244 22.0 781
1766144719391 23.0 815
1766144719403 23.0 815
1766144730587 24.0 849
1766144730601 24.0 849
1766144742246 25.0 883
1766144742260 25.0 883
1766144754019 26.0 917
1766144754035 26.0 917
1766144765702 27.0 951
1766144765704 27.0 951
1766144776911 28.0 985
1766144776913 28.0 985
1766144789025 29.0 1019
1766144789034 29.0 1019
1766144799997 30.0 1053
1766144800010 30.0 1053
1766144811603 31.0 1087
1766144811617 31.0 1087
1766144823986 32.0 1121
1766144823994 32.0 1121
1766144835471 33.0 1155
1766144835485 33.0 1155
1766144847534 34.0 1189
1766144847542 34.0 1189
1766144858834 35.0 1223
1766144858842 35.0 1223
1766144870317 36.0 1257
1766144870319 36.0 1257
1766144882311 37.0 1291
1766144882326 37.0 1291
1766144893742 38.0 1325
1766144893754 38.0 1325
1766144905562 39.0 1359
1766144905572 39.0 1359
1766144918041 40.0 1393
1766144918049 40.0 1393
1766144929370 41.0 1427
1766144929378 41.0 1427
1766144940817 42.0 1461
1766144940825 42.0 1461
1766144952045 43.0 1495
1766144952047 43.0 1495
1766144963504 44.0 1529
1766144963518 44.0 1529
1766144975432 45.0 1563
1766144975445 45.0 1563
1766144986650 46.0 1597
1766144986663 46.0 1597
1766144997959 47.0 1631
1766144997973 47.0 1631
1766145010233 48.0 1665
1766145010246 48.0 1665
1766145021787 49.0 1699
1766145021800 49.0 1699
1766145032757 50.0 1733
1766145032759 50.0 1733
1766145043693 51.0 1767
1766145043701 51.0 1767
1766145055123 52.0 1801
1766145055131 52.0 1801
1766145068275 53.0 1835
1766145068288 53.0 1835
1766145079578 54.0 1869
1766145079586 54.0 1869
1766145091684 55.0 1903
1766145091692 55.0 1903
1766145103912 56.0 1937
1766145103914 56.0 1937
1766145116108 57.0 1971
1766145116112 57.0 1971
1766145128779 58.0 2005
1766145128788 58.0 2005
1766145142068 59.0 2039
1766145142070 59.0 2039
1766145156221 60.0 2073
1766145156235 60.0 2073
1766145170219 61.0 2107
1766145170229 61.0 2107
1766145184609 62.0 2141
1766145184624 62.0 2141
1766145198478 63.0 2175
1766145198492 63.0 2175
1766145211704 64.0 2209
1766145211719 64.0 2209
1766145224674 65.0 2243
1766145224688 65.0 2243
1766145241303 66.0 2277
1766145241311 66.0 2277
1766145255071 67.0 2311
1766145255073 67.0 2311
1766145268213 68.0 2345
1766145268223 68.0 2345
1766145282105 69.0 2379
1766145282115 69.0 2379
1766145297745 70.0 2413
1766145297754 70.0 2413
1766145311362 71.0 2447
1766145311370 71.0 2447
1766145325680 72.0 2481
1766145325682 72.0 2481
1766145340068 73.0 2515
1766145340070 73.0 2515
1766145354814 74.0 2549
1766145354816 74.0 2549
1766145380756 75.0 2583
1766145380780 75.0 2583
1766145925811 76.0 2617
1766145925825 76.0 2617
1766146450186 77.0 2651
1766146450214 77.0 2651
1766147007181 78.0 2685
1766147007185 78.0 2685
1766147607814 79.0 2719
1766147607817 79.0 2719
1766148189843 80.0 2753
1766148189868 80.0 2753
1766148807338 81.0 2787
1766148807342 81.0 2787
1766149578282 82.0 2821
1766149578285 82.0 2821
1766150216129 83.0 2855
1766150216136 83.0 2855
1766150660692 84.0 2889
1766150660704 84.0 2889
1766151451310 85.0 2923
1766151451335 85.0 2923
1766152255384 86.0 2957
1766152255387 86.0 2957
1766153043721 87.0 2991
1766153043725 87.0 2991
1766153556249 88.0 3025
1766153556253 88.0 3025
1766153832415 89.0 3059
1766153832418 89.0 3059
1766153887029 90.0 3093
1766153887032 90.0 3093
1766153901273 91.0 3127
1766153901276 91.0 3127
1766153915058 92.0 3161
1766153915061 92.0 3161
1766153929733 93.0 3195
1766153929736 93.0 3195
1766153944282 94.0 3229
1766153944284 94.0 3229
1766153958755 95.0 3263
1766153958759 95.0 3263
1766153973646 96.0 3297
1766153973650 96.0 3297
1766153988557 97.0 3331
1766153988559 97.0 3331
1766154002895 98.0 3365
1766154002897 98.0 3365
1766154017350 99.0 3399
1766154017352 99.0 3399
1766154032656 100.0 3433
1766154032659 100.0 3433
1766154035811 101.0 3434
