c<A>r<44>R<ALA> 2.357000 0.547000 -11.081000
c<A>r<45>R<ASN> 5.554000 2.442000 -11.267000
c<A>r<46>R<SER> 5.522000 5.191000 -8.508000
c<A>r<47>R<PHE> 8.585000 6.826000 -10.138000
c<A>r<48>R<ALA> 6.764000 7.133000 -13.531000
c<A>r<49>R<VAL> 3.590000 8.377000 -11.832000
c<A>r<50>R<THR> 5.596000 11.001000 -9.940000
c<A>r<51>R<ASN> 7.252000 12.192000 -13.171000
c<A>r<52>R<ALA> 3.963000 12.397000 -14.951000
c<A>r<54>R<CYS> 5.113000 16.806999 -11.760000
c<A>r<55>R<SER> 5.104000 17.329000 -15.543000
c<A>r<70>R<LYS> -2.026000 -0.192000 -5.359000
c<A>r<71>R<LYS> 1.633000 0.675000 -5.801000
c<A>r<72>R<SER> 1.081000 4.297000 -6.744000
c<A>r<73>R<VAL> -2.063000 5.367000 -4.898000
c<A>r<74>R<ASN> -0.048000 6.780000 -2.027000
c<A>r<75>R<THR> 2.094000 8.730000 -4.445000
c<A>r<76>R<ILE> -0.989000 10.286000 -6.053000
c<A>r<77>R<THR> -2.829000 11.057000 -2.829000
c<A>r<78>R<SER> 0.207000 12.544000 -1.105000
c<A>r<79>R<PHE> 1.137000 14.798000 -4.155000
c<A>r<80>R<CYS> -2.477000 15.956000 -4.749000
c<A>r<81>R<GLY> -2.964000 16.795000 -1.101000
c<A>r<82>R<THR> 0.372000 18.598000 -0.779000
c<A>r<83>R<LEU> 0.122000 20.580999 -4.029000
c<A>r<125>R<ALA> -13.949000 -19.090000 0.160000
c<A>r<130>R<SER> -3.425000 -8.233000 -4.009000
c<A>r<134>R<LEU> -6.960000 -5.245000 0.347000
c<A>r<138>R<GLN> -10.427000 -6.379000 5.398000
c<A>r<139>R<ALA> -14.132000 -5.597000 5.290000
c<A>r<141>R<LEU> -12.762000 -10.419000 7.552000
c<A>r<142>R<ASP> -14.197000 -7.778000 9.930000
c<A>r<143>R<SER> -17.733999 -8.914000 9.063000
c<A>r<144>R<ALA> -16.670000 -12.592000 9.390000
c<A>r<145>R<ALA> -15.638000 -11.933000 12.941000
c<A>r<146>R<GLU> -18.757000 -10.100000 13.725000
c<A>r<148>R<LYS> -19.320000 -15.616000 12.901000
c<A>r<149>R<TRP> -18.607000 -16.482000 9.289000
c<A>r<150>R<GLN> -16.047001 -19.080999 8.403000
c<A>r<151>R<VAL> -14.016000 -17.534000 5.673000
c<A>r<152>R<THR> -11.233000 -19.281000 3.789000
c<A>r<153>R<ALA> -9.232000 -16.391001 2.244000
c<A>r<154>R<ILE> -6.763000 -17.476000 -0.374000
c<A>r<155>R<ASN> -4.757000 -15.942000 -2.652000
c<A>r<156>R<VAL> -5.877000 -17.943001 -5.472000
c<A>r<157>R<GLY> -4.757000 -21.716000 -4.907000
c<A>r<158>R<ASN> -7.689000 -24.190001 -2.822000
c<A>r<159>R<ILE> -11.306000 -24.153000 -3.208000
c<A>r<286>R<CYS> 6.698000 20.153999 -8.130000
c<A>r<287>R<LEU> 9.459000 19.370001 -5.553000
c<A>r<288>R<ALA> 9.946000 22.892000 -4.186000
c<A>r<289>R<ASN> 10.944000 23.035999 -0.480000
c<A>r<291>R<ALA> 5.921000 23.063000 -0.969000
c<B>r<44>R<ALA> 4.362000 7.987000 5.903000
c<B>r<45>R<ASN> 4.294000 10.923000 3.622000
c<B>r<46>R<SER> 5.281000 9.743000 0.046000
c<B>r<47>R<PHE> 5.675000 13.417000 -1.031000
c<B>r<48>R<ALA> 8.178000 14.096000 1.821000
c<B>r<49>R<VAL> 10.046000 10.855000 1.141000
c<B>r<50>R<THR> 10.304000 11.729000 -2.537000
c<B>r<51>R<ASN> 11.694000 15.184000 -1.731000
c<B>r<52>R<ALA> 14.200000 13.803000 0.664000
c<B>r<54>R<CYS> 15.731000 13.540000 -4.652000
c<B>r<55>R<SER> 17.641001 15.937000 -2.423000
c<B>r<70>R<LYS> 3.619000 1.077000 4.150000
c<B>r<71>R<LYS> 2.661000 4.301000 2.469000
c<B>r<72>R<SER> 6.086000 5.107000 1.122000
c<B>r<73>R<VAL> 7.749000 1.761000 0.443000
c<B>r<74>R<ASN> 6.709000 1.826000 -3.198000
c<B>r<75>R<THR> 8.111000 5.310000 -3.564000
c<B>r<76>R<ILE> 11.491000 4.216000 -2.202000
c<B>r<77>R<THR> 11.732000 0.956000 -4.143000
c<B>r<78>R<SER> 10.670000 2.524000 -7.421000
c<B>r<79>R<PHE> 13.171000 5.501000 -7.093000
c<B>r<80>R<CYS> 16.091999 3.277000 -5.991000
c<B>r<81>R<GLY> 15.515000 0.831000 -8.798000
c<B>r<82>R<THR> 15.124000 3.543000 -11.436000
c<B>r<83>R<LEU> 18.066999 5.705000 -10.323000
c<B>r<125>R<ALA> -7.178000 -14.929000 16.865000
c<B>r<130>R<SER> -2.634000 -2.360000 8.769000
c<B>r<134>R<LEU> -0.316000 -7.168000 5.322000
c<B>r<138>R<GLN> -1.370000 -13.165000 3.952000
c<B>r<139>R<ALA> 1.132000 -15.820000 4.962000
c<B>r<141>R<LEU> -4.195000 -17.003000 5.930000
c<B>r<142>R<ASP> -2.516000 -19.049000 3.163000
c<B>r<143>R<SER> -1.223000 -21.469999 5.795000
c<B>r<144>R<ALA> -4.656000 -21.528999 7.525000
c<B>r<145>R<ALA> -6.154000 -22.782000 4.303000
c<B>r<146>R<GLU> -3.549000 -25.361000 3.855000
c<B>r<148>R<LYS> -7.131000 -26.093000 8.023000
c<B>r<149>R<TRP> -6.670000 -23.577000 10.828000
c<B>r<150>R<GLN> -9.542000 -21.472000 12.023000
c<B>r<151>R<VAL> -8.307000 -17.952999 12.160000
c<B>r<152>R<THR> -10.180000 -14.942000 13.457000
c<B>r<153>R<ALA> -8.313000 -11.969000 11.897000
c<B>r<154>R<ILE> -9.071000 -8.540000 13.362000
c<B>r<155>R<ASN> -7.559000 -5.218000 12.245000
c<B>r<174>R<ASP> -15.977000 -11.104000 22.055000
c<B>r<175>R<LEU> -12.999000 -13.312000 22.111000
c<B>r<178>R<LYS> -15.757000 -17.430000 21.600000
c<B>r<306>R<CYS> 16.037001 13.027000 -9.831000
c<B>r<307>R<LEU> 13.143000 13.657000 -12.269000
c<B>r<308>R<ALA> 15.198000 13.971000 -15.454000
c<B>r<309>R<ASN> 13.487000 12.541000 -18.591000
c<B>r<311>R<ALA> 15.962000 8.834000 -16.261999
