c<A>r<9>R<TRP> -3.191000 -8.762000 -16.875999
c<A>r<10>R<ASP> -5.747000 -6.792000 -18.958000
c<A>r<11>R<LYS> -8.637000 -8.998000 -17.659000
c<A>r<12>R<THR> -7.199000 -9.610000 -14.165000
c<A>r<13>R<VAL> -5.928000 -6.108000 -13.228000
c<A>r<14>R<GLY> -6.994000 -3.816000 -16.115000
c<A>r<15>R<ALA> -5.324000 -2.263000 -19.174000
c<A>r<16>R<ALA> -2.013000 -0.549000 -18.226999
c<A>r<17>R<GLU> -3.166000 2.987000 -19.226000
c<A>r<18>R<ASP> -6.492000 2.641000 -17.306999
c<A>r<19>R<VAL> -4.644000 1.334000 -14.213000
c<A>r<20>R<ARG> -2.129000 4.239000 -14.514000
c<A>r<21>R<ARG> -4.967000 6.844000 -14.627000
c<A>r<22>R<ILE> -6.690000 5.153000 -11.628000
c<A>r<23>R<PHE> -3.446000 4.923000 -9.559000
c<A>r<24>R<GLU> -2.773000 8.634000 -10.266000
c<A>r<25>R<HIS> -6.162000 9.726000 -8.753000
c<A>r<26>R<ILE> -6.363000 7.426000 -5.660000
c<A>r<27>R<PRO> -6.755000 9.775000 -2.590000
c<A>r<28>R<ALA> -3.874000 8.055000 -0.697000
c<A>r<30>R<LEU> 1.009000 5.659000 -3.230000
c<A>r<31>R<VAL> 4.697000 5.014000 -3.999000
c<A>r<32>R<GLY> 6.619000 2.269000 -5.803000
c<A>r<33>R<LEU> 10.383000 1.840000 -5.426000
c<A>r<34>R<GLU> 12.774000 -0.461000 -7.385000
c<A>r<40>R<PHE> 11.255000 5.816000 -7.452000
c<A>r<41>R<VAL> 9.430000 4.072000 -10.344000
c<A>r<42>R<ALA> 5.900000 5.307000 -9.583000
c<A>r<43>R<VAL> 4.153000 8.055000 -7.542000
c<A>r<44>R<ASN> 0.542000 9.394000 -7.661000
c<A>r<45>R<ALA> -1.091000 12.881000 -7.436000
c<A>r<47>R<TYR> 2.353000 12.024000 -3.285000
c<A>r<48>R<ARG> 3.089000 15.061000 -5.537000
c<A>r<54>R<LEU> 10.869000 16.872000 -6.702000
c<A>r<55>R<ASP> 10.904000 15.193000 -10.108000
c<A>r<56>R<THR> 11.128000 11.951000 -8.114000
c<A>r<57>R<VAL> 10.642000 9.188000 -10.741000
c<A>r<58>R<GLY> 14.085000 7.702000 -11.607000
c<A>r<86>R<PRO> 5.988000 -6.648000 4.981000
c<A>r<111>R<VAL> 2.450000 -0.158000 5.066000
c<A>r<112>R<VAL> 5.386000 -1.416000 2.960000
c<A>r<113>R<THR> 5.130000 -4.615000 0.907000
c<A>r<114>R<PRO> 7.639000 -6.340000 -1.426000
c<A>r<115>R<ARG> 7.132000 -6.524000 -5.205000
c<A>r<116>R<ARG> 8.133000 -9.882000 -6.734000
c<A>r<117>R<ARG> 8.974000 -10.923000 -10.292000
c<A>r<124>R<GLY> 11.289000 -3.512000 -5.293000
c<A>r<125>R<VAL> 8.779000 -2.349000 -2.686000
c<A>r<126>R<GLN> 5.470000 -0.433000 -2.678000
c<A>r<127>R<LEU> 3.995000 1.812000 -0.003000
c<A>r<128>R<ILE> 0.679000 3.249000 1.034000
c<B>r<9>R<TRP> 3.192000 10.601000 -17.488001
c<B>r<10>R<ASP> 6.325000 8.381000 -17.600000
c<B>r<11>R<LYS> 8.334000 11.014000 -15.611000
c<B>r<12>R<THR> 5.452000 12.266000 -13.419000
c<B>r<13>R<VAL> 3.552000 9.016000 -12.544000
c<B>r<14>R<GLY> 5.813000 6.241000 -13.897000
c<B>r<15>R<ALA> 5.789000 3.859000 -16.874001
c<B>r<16>R<ALA> 2.342000 2.217000 -17.333000
c<B>r<17>R<GLU> 3.631000 -1.382000 -16.789000
c<B>r<18>R<ASP> 5.525000 -0.458000 -13.572000
c<B>r<19>R<VAL> 2.471000 1.481000 -12.285000
c<B>r<20>R<ARG> 0.238000 -1.547000 -13.129000
c<B>r<21>R<ARG> 2.559000 -3.924000 -11.188000
c<B>r<22>R<ILE> 2.678000 -1.462000 -8.237000
c<B>r<23>R<PHE> -1.150000 -0.976000 -8.224000
c<B>r<24>R<GLU> -1.623000 -4.786000 -8.289000
c<B>r<25>R<HIS> 0.467000 -5.280000 -5.082000
c<B>r<26>R<ILE> -0.756000 -2.293000 -2.973000
c<B>r<27>R<PRO> -2.113000 -3.725000 0.358000
c<B>r<28>R<ALA> -5.412000 -1.757000 -0.004000
c<B>r<30>R<LEU> -8.251000 -0.397000 -5.111000
c<B>r<31>R<VAL> -11.027000 -0.228000 -7.724000
c<B>r<32>R<GLY> -11.571000 1.890000 -10.834000
c<B>r<33>R<LEU> -14.976000 2.201000 -12.492000
c<B>r<34>R<GLU> -15.856000 3.858000 -15.844000
c<B>r<40>R<PHE> -14.987000 -2.140000 -13.686000
c<B>r<41>R<VAL> -11.808000 -1.081000 -15.569000
c<B>r<42>R<ALA> -9.219000 -1.917000 -12.886000
c<B>r<43>R<VAL> -8.932000 -3.961000 -9.644000
c<B>r<44>R<ASN> -5.857000 -5.117000 -7.632000
c<B>r<45>R<ALA> -4.803000 -8.316000 -5.762000
c<B>r<47>R<TYR> -9.786000 -6.683000 -4.259000
c<B>r<48>R<ARG> -9.476000 -10.243000 -5.710000
c<B>r<54>R<LEU> -15.698000 -12.721000 -10.275000
c<B>r<55>R<ASP> -13.935000 -11.977000 -13.555000
c<B>r<56>R<THR> -14.819000 -8.391000 -12.709000
c<B>r<57>R<VAL> -12.858000 -6.251000 -15.230000
c<B>r<58>R<GLY> -15.260000 -5.294000 -18.002001
c<B>r<86>R<PRO> -15.742000 13.104000 -3.681000
c<B>r<111>R<VAL> -13.225000 7.040000 -0.306000
c<B>r<112>R<VAL> -14.666000 7.548000 -3.816000
c<B>r<113>R<THR> -13.063000 10.211000 -6.043000
c<B>r<114>R<PRO> -14.063000 11.205000 -9.615000
c<B>r<115>R<ARG> -11.717000 10.727000 -12.594000
c<B>r<116>R<ARG> -11.758000 13.588000 -15.130000
c<B>r<117>R<ARG> -10.642000 13.671000 -18.767000
c<B>r<124>R<GLY> -15.341000 7.365000 -14.107000
c<B>r<125>R<VAL> -14.625000 7.000000 -10.387000
c<B>r<126>R<GLN> -11.907000 5.336000 -8.283000
c<B>r<127>R<LEU> -12.213000 3.792000 -4.836000
c<B>r<128>R<ILE> -9.957000 2.943000 -1.960000
