c<C>r<1>R<ASN> -24.756001 32.230000 33.169998
c<C>r<2>R<ILE> -25.323000 28.423000 34.117001
c<C>r<3>R<TYR> -25.084999 29.156000 37.703999
c<C>r<4>R<THR> -27.688999 31.622999 37.591999
c<C>r<5>R<THR> -30.132999 29.572001 35.473999
c<C>r<6>R<LEU> -29.416000 26.770000 37.898998
c<C>r<7>R<LYS> -30.275000 28.768999 40.469002
c<C>r<8>R<PHE> -33.487999 29.816999 39.158001
c<C>r<9>R<GLU> -34.626999 26.493999 38.123001
c<C>r<10>R<SER> -33.691002 24.892000 41.015999
c<C>r<69>R<LYS> -15.305000 22.733000 44.737999
c<C>r<72>R<LEU> -18.211000 20.907000 41.194000
c<C>r<73>R<LEU> -17.648001 17.493000 42.820000
c<C>r<74>R<GLN> -21.417000 16.882000 42.987000
c<C>r<75>R<THR> -21.784000 17.979000 39.304001
c<C>r<76>R<ALA> -18.938000 15.707000 38.181999
c<C>r<77>R<PHE> -20.368000 12.795000 40.068001
c<C>r<78>R<PHE> -23.783001 13.320000 38.549000
c<C>r<79>R<ALA> -22.268999 13.638000 35.006001
c<C>r<80>R<VAL> -20.381001 10.375000 35.394001
c<C>r<81>R<SER> -23.354000 8.551000 36.780998
c<C>r<82>R<GLU> -25.414000 9.264000 33.671001
c<C>r<83>R<LYS> -24.134001 5.998000 32.230000
c<C>r<109>R<LEU> -29.596001 18.357000 39.405998
c<C>r<112>R<ARG> -33.918999 19.034000 36.959000
c<C>r<113>R<ARG> -33.171001 15.720000 35.228001
c<C>r<115>R<ASP> -38.264999 17.281000 34.986000
c<C>r<116>R<LEU> -36.396000 16.834999 31.708000
c<C>r<117>R<ASN> -37.389000 13.137000 31.535999
c<C>r<118>R<LEU> -40.966000 13.889000 32.451000
c<C>r<119>R<ASN> -41.137001 16.527000 29.761999
c<C>r<120>R<LEU> -39.915001 14.074000 27.271000
c<C>r<121>R<ILE> -42.655998 11.737000 28.209999
c<C>r<122>R<LYS> -45.133999 14.661000 27.948999
c<C>r<123>R<LYS> -43.713001 15.698000 24.629999
c<C>r<124>R<THR> -44.513000 12.260000 23.209000
c<C>r<125>R<ILE> -47.981998 12.263000 24.672001
c<C>r<126>R<TYR> -48.539001 15.849000 23.535999
c<C>r<127>R<LYS> -47.683998 15.063000 19.934000
c<D>r<541>R<SER> -23.504000 12.557000 27.340000
c<D>r<542>R<ILE> -20.162001 12.108000 25.923000
c<D>r<543>R<LEU> -18.760000 14.522000 28.316000
c<D>r<544>R<GLY> -19.907000 12.272000 31.132999
c<D>r<545>R<ARG> -17.973000 9.389000 29.629000
c<D>r<546>R<LEU> -15.001000 11.679000 29.051001
c<D>r<547>R<LEU> -14.944000 12.484000 32.674000
c<D>r<548>R<GLU> -14.077000 8.790000 33.375999
c<D>r<555>R<VAL> -11.930000 17.528000 34.983002
c<D>r<556>R<GLU> -12.957000 21.105000 35.980999
c<D>r<558>R<VAL> -15.167000 19.191999 31.200001
c<D>r<559>R<THR> -17.535000 19.364000 34.168999
c<D>r<560>R<SER> -18.233000 23.080000 33.616001
c<D>r<561>R<GLN> -19.069000 22.475000 29.992001
c<D>r<562>R<TRP> -21.374001 19.594999 30.968000
c<D>r<563>R<SER> -23.080999 21.893000 33.495998
c<D>r<564>R<THR> -23.482000 24.665001 30.929001
c<D>r<565>R<LEU> -25.146000 22.297001 28.552000
c<D>r<566>R<GLU> -27.309999 20.924999 31.323000
c<D>r<567>R<LEU> -28.458000 24.441000 32.306999
c<D>r<568>R<GLU> -29.287001 25.296000 28.826000
c<D>r<569>R<LEU> -31.207001 22.059999 28.448000
c<D>r<570>R<SER> -33.258999 22.877001 31.570999
c<D>r<571>R<ALA> -34.262001 26.316000 30.208000
c<D>r<572>R<ARG> -36.015999 24.795000 27.202999
c<D>r<573>R<ASP> -39.783001 23.893000 26.798000
c<D>r<574>R<LEU> -39.206001 20.309999 25.740999
c<D>r<575>R<VAL> -42.865002 19.719999 25.163000
c<D>r<576>R<LYS> -43.157001 22.430000 22.639999
c<D>r<577>R<ASP> -39.502998 22.312000 21.579000
