c<A>r<77>R<GLY> 8.287000 18.528000 -1.140000
c<A>r<78>R<GLU> 4.608000 18.587000 -2.271000
c<A>r<80>R<VAL> 2.150000 20.153999 3.403000
c<A>r<81>R<ARG> 2.625000 17.809000 6.443000
c<A>r<111>R<ARG> 11.527000 22.329000 -3.751000
c<A>r<112>R<THR> 8.108000 24.059999 -3.432000
c<A>r<113>R<LEU> 7.252000 27.750000 -2.768000
c<A>r<114>R<PHE> 4.827000 26.381001 -0.134000
c<A>r<115>R<SER> 7.637000 24.459000 1.700000
c<A>r<117>R<LYS> 7.004000 29.695999 2.995000
c<A>r<155>R<ASP> -5.717000 13.098000 -3.096000
c<A>r<156>R<LEU> -6.801000 12.846000 -6.797000
c<A>r<158>R<LEU> -11.631000 12.506000 -2.951000
c<A>r<159>R<ALA> -9.612000 15.714000 -2.337000
c<A>r<160>R<LYS> -9.327000 16.746000 -6.064000
c<A>r<161>R<ASP> -5.603000 17.632999 -5.624000
c<A>r<162>R<PRO> -3.958000 17.568001 -9.134000
c<A>r<163>R<THR> -0.417000 17.034000 -7.631000
c<A>r<164>R<PRO> -0.243000 13.267000 -8.602000
c<A>r<165>R<VAL> -1.155000 14.235000 -12.246000
c<A>r<166>R<PHE> 1.537000 16.981001 -12.326000
c<A>r<167>R<LEU> 4.184000 14.645000 -10.801000
c<A>r<193>R<ARG> -4.818000 16.282000 -18.049000
c<A>r<194>R<VAL> -1.529000 14.261000 -18.164000
c<A>r<196>R<ASP> -2.369000 18.308001 -21.959999
c<A>r<197>R<LEU> 0.576000 18.858000 -19.495001
c<A>r<200>R<ARG> 2.379000 22.278999 -22.915001
c<A>r<201>R<ARG> 5.819000 21.041000 -21.712000
c<A>r<203>R<GLU> 5.851000 23.954000 -26.378000
c<A>r<204>R<LEU> 7.964000 25.490000 -23.516001
c<A>r<207>R<GLU> 10.868000 28.018000 -27.188000
c<A>r<208>R<SER> 14.039000 27.325001 -25.105000
c<A>r<345>R<ASP> -29.702000 -10.982000 1.681000
c<A>r<348>R<GLU> -27.048000 -8.315000 5.049000
c<A>r<349>R<GLU> -25.724001 -11.713000 6.297000
c<A>r<350>R<LEU> -22.072001 -10.595000 5.777000
c<A>r<351>R<VAL> -22.711000 -7.473000 7.969000
c<A>r<352>R<ALA> -24.664000 -9.565000 10.528000
c<A>r<353>R<ARG> -21.669001 -12.000000 10.737000
c<A>r<354>R<ASP> -19.216000 -9.103000 11.529000
c<A>r<380>R<ASP> -30.783001 3.643000 3.047000
c<A>r<381>R<HIS> -30.877001 0.053000 4.434000
c<A>r<383>R<ARG> -26.181999 2.726000 5.115000
c<A>r<384>R<ARG> -28.170000 1.766000 8.297000
c<A>r<385>R<LEU> -26.504999 -1.711000 8.385000
c<A>r<386>R<VAL> -22.989000 -0.130000 8.114000
c<A>r<387>R<LEU> -23.593000 2.505000 10.865000
c<A>r<388>R<GLN> -25.334000 0.040000 13.245000
c<A>r<389>R<GLY> -22.733000 -2.707000 12.472000
c<A>r<390>R<TYR> -19.410999 -0.826000 12.613000
c<A>r<391>R<GLY> -20.327999 2.485000 14.380000
c<A>r<392>R<HIS> -21.694000 5.943000 13.506000
c<A>r<393>R<GLN> -18.191999 7.411000 12.764000
c<A>r<394>R<HIS> -18.701000 5.700000 9.359000
c<A>r<395>R<LEU> -21.195999 8.478000 8.450000
c<A>r<396>R<LEU> -17.921000 10.204000 7.360000
c<A>r<397>R<THR> -16.917999 7.003000 5.463000
c<A>r<399>R<HIS> -20.023001 10.563000 2.733000
c<A>r<400>R<ASN> -16.434000 10.055000 1.412000
c<A>r<403>R<ARG> -17.903999 12.072000 -2.901000
c<A>r<562>R<GLU> -12.577000 6.967000 8.735000
c<A>r<563>R<THR> -10.156000 5.487000 11.325000
c<A>r<564>R<ALA> -11.130000 7.661000 14.325000
c<A>r<565>R<THR> -13.708000 5.858000 16.575001
c<A>r<566>R<PHE> -16.066999 7.090000 19.334999
c<A>r<567>R<GLU> -14.542000 4.526000 21.830999
c<B>r<11>R<PRO> 6.471000 32.116001 -20.882999
c<B>r<12>R<ARG> 7.511000 30.712000 -17.438000
c<B>r<14>R<GLY> 6.882000 30.205000 -12.101000
c<B>r<18>R<PRO> 4.979000 35.731998 -8.332000
c<B>r<34>R<GLU> -3.262000 27.351000 -16.695000
c<B>r<35>R<SER> 0.296000 26.247999 -15.702000
c<B>r<36>R<GLY> -1.081000 23.143000 -13.893000
c<B>r<37>R<ASP> 1.812000 23.551001 -11.367000
c<B>r<38>R<THR> 0.105000 22.766001 -8.042000
c<B>r<39>R<ASP> 2.716000 24.671000 -5.966000
c<B>r<40>R<LEU> 1.970000 27.886000 -7.955000
c<B>r<41>R<ILE> -1.776000 27.285000 -7.290000
c<B>r<42>R<TYR> -1.146000 26.709999 -3.515000
c<B>r<43>R<PHE> 1.253000 29.722000 -3.317000
c<B>r<44>R<VAL> -1.272000 32.115002 -4.977000
c<B>r<46>R<HIS> -2.071000 31.257000 0.458000
c<B>r<65>R<PRO> -11.545000 24.770000 -10.324000
c<B>r<66>R<THR> -9.276000 25.615999 -7.273000
c<B>r<67>R<ALA> -11.798000 25.097000 -4.415000
c<B>r<68>R<SER> -9.973000 21.719000 -3.938000
c<B>r<69>R<ALA> -6.617000 23.497999 -3.465000
c<B>r<70>R<VAL> -8.360000 25.653999 -0.769000
c<B>r<71>R<GLU> -9.779000 22.443001 0.849000
c<B>r<72>R<ALA> -6.226000 20.976999 0.790000
c<B>r<73>R<LEU> -4.596000 24.191999 2.206000
c<B>r<75>R<ARG> -6.995000 20.777000 5.984000
c<B>r<76>R<ASN> -5.271000 22.101999 9.179000
c<B>r<92>R<LEU> -22.774000 17.790001 4.606000
c<B>r<93>R<ASP> -19.033001 18.643000 4.276000
c<B>r<95>R<ALA> -21.312000 18.738001 9.255000
c<B>r<96>R<SER> -18.438000 16.278000 8.541000
c<B>r<97>R<VAL> -15.974000 18.825001 10.103000
c<B>r<99>R<ILE> -18.336000 15.077000 13.422000
c<B>r<100>R<ARG> -14.476000 14.909000 13.146000
c<B>r<102>R<ALA> -16.700001 15.233000 18.028999
c<B>r<103>R<LEU> -14.414000 12.171000 17.417999
c<B>r<104>R<GLN> -11.461000 14.228000 18.806999
c<B>r<105>R<GLN> -13.345000 15.176000 22.051001
c<B>r<106>R<PRO> -12.514000 12.912000 25.073999
c<B>r<108>R<THR> -18.996000 12.684000 26.049999
c<B>r<111>R<ALA> -18.629000 15.640000 21.813000
c<B>r<131>R<PHE> -30.978001 9.890000 7.004000
c<B>r<132>R<GLU> -27.934000 11.833000 8.326000
c<B>r<134>R<GLY> -31.330000 10.151000 12.016000
c<B>r<135>R<ALA> -27.733000 8.807000 12.180000
c<B>r<136>R<LEU> -26.528999 11.816000 14.289000
c<B>r<137>R<LYS> -29.455000 11.200000 16.721001
c<B>r<138>R<GLU> -28.546000 7.459000 16.988001
c<B>r<139>R<ALA> -24.823999 8.389000 17.511000
c<B>r<140>R<LYS> -25.756001 10.829000 20.350000
c<B>r<142>R<LEU> -25.209999 5.512000 21.981001
c<B>r<143>R<ARG> -23.068001 8.086000 23.898001
c<B>r<154>R<SER> -18.591000 0.643000 29.396999
c<B>r<155>R<PHE> -20.792000 0.809000 26.252001
c<B>r<156>R<VAL> -20.246000 4.526000 25.316999
c<B>r<157>R<GLY> -19.247999 4.877000 21.638000
c<B>r<158>R<LEU> -19.865000 1.183000 20.708000
c<B>r<159>R<SER> -21.822001 0.290000 17.530001
c<B>r<160>R<VAL> -25.417999 -1.006000 17.909000
c<B>r<161>R<ASN> -24.117001 -4.523000 17.013000
c<B>r<162>R<GLN> -21.290001 -4.269000 19.638000
c<B>r<163>R<THR> -23.878000 -3.269000 22.363001
c<B>r<182>R<PHE> -32.582001 1.264000 16.903999
c<B>r<183>R<LYS> -34.962002 -0.891000 14.702000
c<B>r<184>R<VAL> -32.255001 -3.552000 14.109000
c<B>r<185>R<PRO> -33.310001 -5.945000 11.241000
c<B>r<187>R<ARG> -32.028999 -11.479000 10.560000
c<B>r<188>R<VAL> -29.184000 -9.266000 11.909000
c<B>r<189>R<ALA> -30.473000 -9.539000 15.517000
c<B>r<190>R<TRP> -30.806999 -13.376000 15.156000
c<B>r<191>R<TRP> -27.212000 -13.747000 13.792000
c<B>r<192>R<ILE> -25.799000 -11.511000 16.587000
c<B>r<194>R<LEU> -26.545000 -16.860001 17.781000
c<B>r<195>R<GLN> -22.886000 -15.650000 17.767000
c<B>r<217>R<ILE> -31.566999 -17.023001 9.247000
