c<A>r<119>R<LYS> 2.798000 -5.205000 13.965000
c<A>r<120>R<ASN> 0.490000 -8.195000 13.694000
c<A>r<121>R<ILE> 2.658000 -10.482000 11.637000
c<A>r<122>R<ARG> 1.139000 -13.640000 10.213000
c<A>r<123>R<GLU> -0.016000 -16.136000 12.827000
c<A>r<124>R<ASN> 1.869000 -18.990999 11.081000
c<A>r<146>R<SER> 4.005000 -6.592000 23.457001
c<A>r<147>R<ASP> 3.793000 -8.231000 19.973000
c<A>r<150>R<ASN> 1.138000 -11.807000 22.094999
c<A>r<151>R<TYR> 2.721000 -14.326000 19.790001
c<A>r<194>R<THR> 10.858000 -0.748000 -1.144000
c<A>r<195>R<ALA> 7.125000 -0.694000 -0.460000
c<A>r<198>R<ARG> 7.707000 4.727000 1.102000
c<A>r<199>R<LEU> 10.055000 6.777000 -1.120000
c<A>r<200>R<ASP> 6.832000 7.374000 -3.175000
c<A>r<201>R<ILE> 5.572000 9.566000 -0.319000
c<A>r<204>R<LEU> 5.215000 13.225000 -3.769000
c<A>r<228>R<SER> 13.009000 -0.318000 -7.444000
c<A>r<229>R<LYS> 9.488000 -0.672000 -6.448000
c<A>r<230>R<PHE> 8.558000 2.807000 -7.315000
c<A>r<231>R<ASP> 9.292000 4.915000 -10.414000
c<A>r<232>R<LEU> 10.229000 7.868000 -8.314000
c<A>r<234>R<SER> 7.721000 9.430000 -12.843000
c<A>r<235>R<ILE> 5.716000 9.849000 -9.659000
c<A>r<236>R<ALA> 7.219000 13.274000 -9.091000
c<A>r<237>R<LEU> 6.681000 14.322000 -12.736000
c<A>r<238>R<ARG> 3.029000 13.424000 -12.659000
c<A>r<239>R<GLU> 2.521000 15.201000 -9.444000
c<A>r<240>R<LEU> 4.180000 18.393999 -10.778000
c<A>r<241>R<VAL> 2.085000 18.254999 -13.975000
c<A>r<242>R<ALA> -1.033000 17.802000 -11.841000
c<A>r<243>R<SER> -0.125000 20.773001 -9.754000
c<A>r<244>R<GLY> 0.073000 23.000999 -12.914000
c<A>r<322>R<PRO> 0.695000 7.814000 10.767000
c<A>r<323>R<SER> -2.598000 9.039000 9.352000
c<A>r<324>R<ALA> -3.577000 5.571000 8.064000
c<A>r<325>R<TRP> -2.903000 1.882000 8.746000
c<A>r<326>R<ILE> -2.722000 -0.826000 6.030000
c<A>r<327>R<SER> -2.290000 -4.515000 5.905000
c<A>r<328>R<VAL> 0.798000 -5.654000 4.058000
c<A>r<329>R<ASP> -0.023000 -9.317000 3.682000
c<A>r<330>R<ASP> 0.154000 -8.793000 0.006000
c<A>r<331>R<ARG> 3.794000 -7.792000 0.109000
c<A>r<335>R<GLY> 2.598000 -9.742000 6.730000
c<A>r<336>R<GLY> 1.424000 -7.165000 9.329000
c<A>r<337>R<ILE> -0.002000 -3.725000 9.668000
c<A>r<339>R<GLY> 1.414000 3.106000 9.328000
c<A>r<340>R<ILE> 1.236000 5.584000 6.426000
c<A>r<341>R<ILE> 1.908000 9.299000 6.892000
c<A>r<342>R<ASP> 0.026000 12.046000 5.113000
c<A>r<343>R<VAL> 2.014000 13.498000 2.213000
c<A>r<344>R<ASP> 0.985000 17.054001 3.316000
c<A>r<345>R<ASP> 2.390000 16.483000 6.806000
c<B>r<119>R<LYS> -5.314000 10.336000 -10.309000
c<B>r<120>R<ASN> -1.934000 10.847000 -11.940000
c<B>r<121>R<ILE> -1.803000 7.768000 -14.094000
c<B>r<122>R<ARG> 1.450000 6.904000 -15.821000
c<B>r<123>R<GLU> 2.580000 9.448000 -18.400999
c<B>r<124>R<ASN> 3.099000 6.698000 -21.031000
c<B>r<146>R<SER> -9.145000 17.841000 -14.990000
c<B>r<147>R<ASP> -6.883000 14.730000 -15.227000
c<B>r<150>R<ASN> -3.868000 17.443001 -18.032000
c<B>r<151>R<TYR> -3.064000 14.395000 -20.073999
c<B>r<194>R<THR> -8.165000 -6.203000 -4.610000
c<B>r<195>R<ALA> -5.484000 -3.809000 -3.374000
c<B>r<198>R<ARG> -9.120000 -2.129000 0.618000
c<B>r<199>R<LEU> -11.140000 -4.950000 2.228000
c<B>r<200>R<ASP> -8.097000 -5.138000 4.608000
c<B>r<201>R<ILE> -9.208000 -1.801000 6.075000
c<B>r<204>R<LEU> -9.378000 -4.217000 10.496000
c<B>r<228>R<SER> -7.779000 -12.554000 -3.162000
c<B>r<229>R<LYS> -5.112000 -10.111000 -2.371000
c<B>r<230>R<PHE> -5.727000 -10.088000 1.282000
c<B>r<231>R<ASP> -6.179000 -12.893000 3.832000
c<B>r<232>R<LEU> -9.111000 -11.181000 5.398000
c<B>r<234>R<SER> -6.160000 -13.748000 9.132000
c<B>r<235>R<ILE> -5.965000 -9.975000 9.239000
c<B>r<236>R<ALA> -9.017000 -9.815000 11.477000
c<B>r<237>R<LEU> -7.722000 -12.615000 13.747000
c<B>r<238>R<ARG> -4.416000 -10.905000 14.306000
c<B>r<239>R<GLU> -6.064000 -7.662000 15.024000
c<B>r<240>R<LEU> -8.410000 -9.250000 17.612000
c<B>r<241>R<VAL> -5.484000 -11.049000 19.291000
c<B>r<242>R<ALA> -3.589000 -7.754000 19.382999
c<B>r<243>R<SER> -6.518000 -6.034000 20.973000
c<B>r<244>R<GLY> -6.555000 -8.622000 23.851000
c<B>r<322>R<PRO> -8.651000 9.993000 2.874000
c<B>r<323>R<SER> -6.089000 10.476000 5.624000
c<B>r<324>R<ALA> -3.172000 9.441000 3.373000
c<B>r<325>R<TRP> -2.214000 9.300000 -0.311000
c<B>r<326>R<ILE> -0.056000 6.540000 -1.887000
c<B>r<327>R<SER> 1.416000 5.823000 -5.211000
c<B>r<328>R<VAL> 0.211000 2.611000 -6.782000
c<B>r<329>R<ASP> 2.765000 2.255000 -9.535000
c<B>r<330>R<ASP> 3.718000 -0.988000 -7.976000
c<B>r<331>R<ARG> 0.305000 -2.507000 -8.485000
c<B>r<335>R<GLY> -0.268000 3.640000 -11.871000
c<B>r<336>R<GLY> -1.560000 6.733000 -10.005000
c<B>r<337>R<ILE> -2.188000 8.107000 -6.586000
c<B>r<339>R<GLY> -6.435000 7.875000 -1.043000
c<B>r<340>R<ILE> -6.383000 5.708000 2.099000
c<B>r<341>R<ILE> -8.866000 6.210000 4.936000
c<B>r<342>R<ASP> -8.024000 5.862000 8.603000
c<B>r<343>R<VAL> -9.211000 2.554000 10.042000
c<B>r<344>R<ASP> -10.504000 4.416000 13.168000
c<B>r<345>R<ASP> -12.657000 6.715000 11.039000
