c<A>r<13>R<ILE> -4.809000 18.382000 3.742000
c<A>r<17>R<PRO> -8.589000 20.990999 -4.881000
c<A>r<18>R<GLY> -5.779000 21.444000 -7.449000
c<A>r<19>R<LYS> -2.797000 21.693001 -5.008000
c<A>r<20>R<PRO> -0.167000 18.941999 -4.662000
c<A>r<21>R<TYR> 0.629000 17.993999 -1.061000
c<A>r<22>R<PHE> 2.650000 15.595000 1.114000
c<A>r<23>R<ILE> 1.620000 14.091000 4.492000
c<A>r<24>R<GLU> 4.024000 12.391000 6.908000
c<A>r<25>R<LYS> 2.989000 9.016000 8.412000
c<A>r<26>R<GLY> -0.127000 9.279000 10.620000
c<A>r<27>R<LEU> -0.415000 13.113000 10.195000
c<A>r<28>R<GLY> -3.566000 12.826000 8.036000
c<A>r<41>R<TYR> -5.016000 11.472000 3.505000
c<A>r<42>R<ALA> -7.359000 12.542000 0.649000
c<A>r<46>R<GLN> -9.236000 17.351000 -2.988000
c<A>r<47>R<THR> -10.540000 14.574000 -5.292000
c<A>r<50>R<THR> -14.499000 11.003000 -6.876000
c<A>r<51>R<PHE> -12.635000 8.962000 -4.196000
c<A>r<53>R<PHE> -7.759000 7.542000 0.579000
c<A>r<55>R<THR> -5.783000 4.066000 6.662000
c<A>r<72>R<THR> -19.252001 3.190000 -3.242000
c<A>r<73>R<TYR> -16.513000 0.650000 -4.039000
c<A>r<74>R<GLU> -14.178000 -0.308000 -1.176000
c<A>r<75>R<VAL> -10.537000 -1.503000 -1.296000
c<A>r<76>R<PHE> -8.751000 -3.375000 1.499000
c<A>r<77>R<TYR> -4.936000 -3.442000 1.105000
c<A>r<78>R<ILE> -3.217000 -4.859000 4.207000
c<A>r<79>R<THR> 0.023000 -3.130000 5.304000
c<A>r<80>R<GLN> 0.296000 -4.523000 8.889000
c<A>r<85>R<LEU> -12.582000 -9.705000 5.301000
c<A>r<86>R<PHE> -16.150999 -11.070000 4.958000
c<A>r<87>R<VAL> -18.243000 -10.342000 1.815000
c<A>r<88>R<GLU> -21.658001 -11.509000 0.556000
c<A>r<89>R<ASP> -21.747999 -11.097000 -3.240000
c<A>r<90>R<LEU> -24.705999 -9.905000 -5.376000
c<A>r<91>R<GLU> -25.858999 -13.577000 -5.797000
c<A>r<94>R<GLN> -20.665001 -15.526000 1.322000
c<A>r<95>R<HIS> -16.875999 -15.341000 1.020000
c<A>r<96>R<GLU> -14.176000 -14.855000 3.676000
c<A>r<97>R<LYS> -10.369000 -14.461000 3.517000
c<A>r<98>R<LEU> -7.653000 -13.826000 6.090000
c<A>r<99>R<LEU> -5.606000 -11.010000 4.494000
c<A>r<100>R<THR> -1.950000 -10.360000 5.554000
c<A>r<101>R<PRO> 0.634000 -7.643000 4.585000
c<A>r<102>R<GLY> 0.500000 -7.129000 0.778000
c<A>r<103>R<ASP> -2.828000 -8.996000 0.327000
c<A>r<104>R<PHE> -5.698000 -7.157000 -1.390000
c<A>r<105>R<GLY> -9.518000 -7.369000 -1.130000
c<A>r<106>R<PHE> -12.085000 -5.623000 -3.368000
c<A>r<107>R<VAL> -15.719000 -4.990000 -2.384000
c<A>r<108>R<PRO> -18.087999 -3.937000 -5.219000
c<A>r<109>R<LYS> -21.146000 -1.703000 -4.773000
c<A>r<110>R<ASN> -24.153000 -3.287000 -2.966000
c<A>r<111>R<CYS> -22.101000 -6.236000 -1.562000
c<A>r<113>R<HIS> -19.365999 -6.858000 3.960000
c<A>r<125>R<VAL> -4.935000 1.021000 3.389000
c<A>r<127>R<VAL> -9.793000 3.456000 -0.929000
c<A>r<128>R<ALA> -13.475000 4.265000 -1.202000
c<A>r<129>R<ALA> -14.664000 5.477000 -4.628000
c<A>r<130>R<GLY> -18.155001 6.355000 -5.892000
c<A>r<131>R<PRO> -20.509001 9.240000 -6.854000
c<B>r<13>R<ILE> -8.732000 -10.059000 -11.284000
c<B>r<17>R<PRO> -17.426001 -5.835000 -12.480000
c<B>r<18>R<GLY> -19.701000 -6.622000 -9.501000
c<B>r<19>R<LYS> -17.829000 -9.653000 -8.016000
c<B>r<20>R<PRO> -15.826000 -9.390000 -4.770000
c<B>r<21>R<TYR> -12.311000 -10.840000 -4.982000
c<B>r<22>R<PHE> -9.094000 -11.342000 -2.991000
c<B>r<23>R<ILE> -5.509000 -11.250000 -4.337000
c<B>r<24>R<GLU> -2.508000 -12.633000 -2.451000
c<B>r<25>R<LYS> 0.602000 -10.394000 -2.250000
c<B>r<26>R<GLY> 2.180000 -9.754000 -5.680000
c<B>r<27>R<LEU> -0.366000 -11.958000 -7.578000
c<B>r<28>R<GLY> -2.083000 -8.964000 -9.273000
c<B>r<41>R<TYR> -5.057000 -5.172000 -8.185000
c<B>r<42>R<ALA> -8.071000 -3.219000 -9.572000
c<B>r<46>R<GLN> -13.822000 -3.712000 -11.957000
c<B>r<47>R<THR> -14.188000 -0.037000 -10.921000
c<B>r<48>R<GLU> -16.379000 1.018000 -13.914000
c<B>r<50>R<THR> -13.540000 5.362000 -11.720000
c<B>r<51>R<PHE> -10.071000 4.422000 -10.370000
c<B>r<53>R<PHE> -5.264000 0.390000 -7.572000
c<B>r<55>R<THR> 1.761000 -1.204000 -6.468000
c<B>r<72>R<THR> -6.204000 11.604000 -13.627000
c<B>r<73>R<TYR> -5.248000 12.226000 -9.971000
c<B>r<74>R<GLU> -2.309000 10.208000 -8.608000
c<B>r<75>R<VAL> -1.713000 8.968000 -5.041000
c<B>r<76>R<PHE> 1.701000 7.891000 -3.736000
c<B>r<77>R<TYR> 1.529000 5.932000 -0.442000
c<B>r<78>R<ILE> 4.950000 4.530000 0.521000
c<B>r<79>R<THR> 4.974000 0.998000 2.009000
c<B>r<85>R<LEU> 8.290000 12.723000 -5.415000
c<B>r<86>R<PHE> 8.693000 15.861000 -7.588000
c<B>r<87>R<VAL> 5.635000 17.990999 -8.528000
c<B>r<88>R<GLU> 5.165000 21.322001 -10.338000
c<B>r<89>R<ASP> 1.845000 22.858999 -9.238000
c<B>r<90>R<LEU> -0.676000 24.698000 -11.472000
c<B>r<91>R<GLU> 1.047000 28.059000 -10.627000
c<B>r<94>R<GLN> 8.146000 23.159000 -8.026000
c<B>r<95>R<HIS> 7.902000 21.014000 -4.891000
c<B>r<96>R<GLU> 9.805000 17.906000 -3.792000
c<B>r<97>R<LYS> 9.643000 15.515000 -0.816000
c<B>r<98>R<LEU> 11.503000 12.379000 0.225000
c<B>r<99>R<LEU> 8.669000 9.995000 1.227000
c<B>r<100>R<THR> 9.282000 6.977000 3.556000
c<B>r<101>R<PRO> 7.035000 4.074000 4.793000
c<B>r<102>R<GLY> 3.605000 5.484000 5.786000
c<B>r<103>R<ASP> 4.164000 8.874000 4.059000
c<B>r<104>R<PHE> 1.633000 10.055000 1.458000
c<B>r<105>R<GLY> 1.881000 12.254000 -1.677000
c<B>r<106>R<PHE> -1.020000 13.584000 -3.791000
c<B>r<107>R<VAL> -0.709000 14.803000 -7.395000
c<B>r<108>R<PRO> -3.718000 16.701000 -8.831000
c<B>r<109>R<LYS> -4.762000 16.736000 -12.490000
c<B>r<110>R<ASN> -2.504000 18.736000 -14.880000
c<B>r<111>R<CYS> 0.431000 18.969000 -12.391000
c<B>r<113>R<HIS> 5.361000 15.274000 -11.785000
c<B>r<125>R<VAL> 0.849000 1.854000 -3.242000
c<B>r<127>R<VAL> -4.122000 5.063000 -6.884000
c<B>r<129>R<ALA> -8.417000 8.104000 -10.450000
c<B>r<130>R<GLY> -10.185000 9.916000 -13.309000
c<B>r<131>R<PRO> -13.158000 9.616000 -15.759000
