c<C>r<13>R<PHE> -3.211000 3.401000 6.258000
c<C>r<16>R<HIS> -2.134000 -0.131000 9.417000
c<C>r<17>R<TYR> -2.092000 -2.358000 6.262000
c<C>r<22>R<SER> -3.931000 -8.033000 -0.107000
c<C>r<23>R<VAL> -6.887000 -6.175000 1.523000
c<C>r<24>R<MET> -5.918000 -2.924000 -0.243000
c<C>r<25>R<PHE> -5.259000 -4.871000 -3.488000
c<C>r<26>R<GLU> -8.844000 -6.297000 -3.348000
c<C>r<27>R<LEU> -10.288000 -2.772000 -2.690000
c<C>r<43>R<MET> -18.562000 3.541000 -1.790000
c<C>r<44>R<THR> -15.291000 1.956000 -3.015000
c<C>r<46>R<LYS> -14.855000 7.334000 -1.687000
c<C>r<47>R<GLN> -12.826000 4.789000 0.381000
c<C>r<50>R<TYR> -9.909000 8.784000 1.554000
c<D>r<23>R<SER> -17.035000 -7.381000 2.134000
c<D>r<24>R<LYS> -13.908000 -8.582000 4.005000
c<D>r<25>R<PRO> -12.002000 -5.318000 3.116000
c<D>r<26>R<SER> -14.904000 -3.099000 4.320000
c<D>r<28>R<GLU> -11.414000 -5.086000 8.307000
c<D>r<29>R<THR> -11.085000 -1.324000 7.487000
c<D>r<52>R<PHE> -12.517000 9.761000 9.889000
c<D>r<56>R<TRP> -17.424999 7.234000 7.852000
c<D>r<60>R<ARG> -22.504000 5.047000 5.901000
