c<A>r<11>R<LEU> 4.659000 10.205000 -20.546000
c<A>r<14>R<LEU> 6.399000 6.122000 -18.330000
c<A>r<15>R<LEU> 4.603000 4.096000 -21.063999
c<A>r<17>R<LEU> 8.282000 1.497000 -18.028000
c<A>r<18>R<TYR> 4.641000 0.287000 -17.857000
c<A>r<19>R<GLN> 5.107000 -1.998000 -20.913000
c<A>r<21>R<LEU> 5.769000 -3.954000 -15.946000
c<A>r<22>R<ASN> 2.901000 -5.515000 -17.993000
c<A>r<23>R<PRO> 4.276000 -6.771000 -21.386000
c<A>r<24>R<SER> 0.836000 -8.140000 -22.445999
c<A>r<25>R<ASP> -1.036000 -4.822000 -21.995001
c<A>r<26>R<PRO> -2.282000 -3.161000 -25.225000
c<A>r<27>R<GLU> -0.445000 0.013000 -26.268000
c<A>r<28>R<LEU> -2.297000 3.276000 -25.524000
c<A>r<32>R<GLU> -5.573000 8.209000 -24.587000
c<A>r<33>R<ALA> -2.437000 8.099000 -22.402000
c<A>r<34>R<GLY> -2.411000 11.954000 -22.229000
c<A>r<35>R<ALA> -6.088000 12.166000 -21.132000
c<A>r<36>R<VAL> -5.529000 9.472000 -18.438000
c<A>r<37>R<PHE> -2.257000 11.146000 -17.284000
c<A>r<39>R<ALA> -6.960000 12.515000 -14.826000
c<A>r<40>R<LEU> -4.187000 11.121000 -12.533000
c<A>r<41>R<ALA> -3.558000 14.744000 -11.319000
c<A>r<42>R<GLN> -5.778000 14.263000 -8.203000
c<A>r<43>R<PRO> -5.148000 14.921000 -4.445000
c<A>r<44>R<GLY> -2.793000 12.394000 -2.799000
c<A>r<45>R<LEU> -1.698000 10.724000 -6.119000
c<A>r<61>R<THR> 3.008000 5.570000 -7.881000
c<A>r<63>R<LEU> -1.245000 7.315000 -3.192000
c<A>r<65>R<VAL> -5.330000 8.558000 1.479000
c<A>r<66>R<PRO> -7.063000 10.737000 4.139000
c<A>r<67>R<ASN> -8.526000 8.611000 6.937000
c<A>r<68>R<LEU> -10.743000 8.760000 10.075000
c<A>r<69>R<THR> -8.983000 5.838000 11.828000
c<A>r<70>R<ARG> -5.587000 6.157000 13.642000
c<A>r<71>R<ALA> -6.142000 9.673000 15.082000
c<A>r<72>R<ALA> -7.169000 10.887000 11.573000
c<A>r<73>R<ARG> -3.611000 10.131000 10.257000
c<A>r<74>R<PRO> -3.516000 9.346000 6.498000
c<A>r<75>R<TYR> -2.114000 6.106000 5.065000
c<A>r<76>R<ALA> -0.348000 5.460000 1.760000
c<A>r<77>R<PHE> -0.228000 2.868000 -1.030000
c<A>r<78>R<ILE> 2.719000 2.259000 -3.371000
c<A>r<79>R<GLU> 1.747000 0.774000 -6.783000
c<A>r<80>R<ASN> 3.201000 0.509000 -10.338000
c<A>r<101>R<ILE> 8.015000 6.179000 1.781000
c<A>r<105>R<PHE> 5.811000 9.894000 6.318000
c<A>r<108>R<ASN> 2.220000 12.239000 8.505000
c<A>r<109>R<CYS> 1.045000 8.832000 7.167000
c<A>r<110>R<TYR> 0.804000 6.205000 9.969000
c<A>r<111>R<LYS> 1.498000 3.393000 7.425000
c<A>r<112>R<VAL> 2.673000 2.703000 3.858000
c<A>r<113>R<LEU> 1.219000 -0.417000 2.141000
c<A>r<114>R<LEU> 1.905000 -2.342000 -1.069000
c<A>r<115>R<THR> 1.073000 -5.723000 -2.638000
c<A>r<116>R<GLY> 3.668000 -8.014000 -4.274000
c<A>r<117>R<ARG> 3.836000 -11.317000 -6.180000
c<A>r<118>R<HIS> 4.865000 -14.491000 -4.319000
c<A>r<119>R<ASP> 8.455000 -14.149000 -5.634000
c<A>r<122>R<VAL> 10.309000 -9.238000 -4.911000
c<A>r<123>R<HIS> 10.288000 -10.010000 -1.150000
c<A>r<126>R<TYR> 10.886000 -4.689000 -0.492000
c<A>r<127>R<GLU> 12.640000 -5.907000 2.714000
c<A>r<129>R<CYS> 13.455000 -0.879000 1.317000
c<A>r<130>R<GLY> 12.418000 -1.420000 5.014000
c<A>r<131>R<PHE> 9.067000 -3.209000 4.388000
c<A>r<132>R<VAL> 7.922000 -6.056000 6.635000
c<A>r<133>R<GLN> 5.740000 -8.942000 5.417000
c<A>r<134>R<ASN> 3.006000 -9.192000 8.102000
c<A>r<135>R<LYS> -0.101000 -8.705000 5.883000
c<A>r<136>R<THR> -2.098000 -11.026000 3.647000
c<A>r<137>R<GLY> -2.829000 -9.516000 0.194000
c<A>r<138>R<PHE> -6.280000 -10.307000 -1.272000
c<A>r<139>R<GLN> -7.493000 -9.607000 -4.830000
c<A>r<140>R<ILE> -10.466000 -10.104000 -7.165000
c<A>r<141>R<ARG> -10.173000 -9.476000 -10.968000
c<A>r<142>R<GLN> -12.878000 -8.447000 -13.458000
c<B>r<11>R<LEU> -20.296000 10.367000 11.494000
c<B>r<14>R<LEU> -18.822001 5.645000 11.778000
c<B>r<15>R<LEU> -16.674000 6.716000 14.787000
c<B>r<17>R<LEU> -17.438999 1.395000 14.031000
c<B>r<18>R<TYR> -13.851000 2.735000 13.792000
c<B>r<19>R<GLN> -13.350000 2.459000 17.594999
c<B>r<21>R<LEU> -11.831000 -1.564000 14.383000
c<B>r<22>R<ASN> -9.027000 0.197000 16.355000
c<B>r<23>R<PRO> -9.883000 0.197000 20.131001
c<B>r<24>R<SER> -6.522000 1.866000 20.995001
c<B>r<25>R<ASP> -7.119000 4.958000 18.806999
c<B>r<26>R<PRO> -7.763000 8.306000 20.573000
c<B>r<27>R<GLU> -11.317000 9.649000 20.280001
c<B>r<28>R<LEU> -11.702000 12.480000 17.740999
c<B>r<32>R<GLU> -11.929000 17.158001 14.038000
c<B>r<33>R<ALA> -13.898000 14.159000 12.720000
c<B>r<34>R<GLY> -16.180000 16.542000 10.717000
c<B>r<35>R<ALA> -13.220000 18.381001 9.094000
c<B>r<36>R<VAL> -11.555000 15.038000 8.162000
c<B>r<37>R<PHE> -14.898000 13.612000 6.875000
c<B>r<39>R<ALA> -11.601000 16.103001 3.305000
c<B>r<40>R<LEU> -12.590000 12.465000 2.444000
c<B>r<41>R<ALA> -14.974000 13.928000 -0.238000
c<B>r<42>R<GLN> -12.357000 13.381000 -3.021000
c<B>r<43>R<PRO> -12.596000 11.621000 -6.454000
c<B>r<44>R<GLY> -12.714000 7.800000 -6.257000
c<B>r<45>R<LEU> -13.103000 7.658000 -2.409000
c<B>r<61>R<THR> -14.032000 2.370000 2.388000
c<B>r<63>R<LEU> -10.941000 3.814000 -3.225000
c<B>r<65>R<VAL> -7.689000 4.801000 -8.580000
c<B>r<66>R<PRO> -7.179000 5.938000 -12.225000
c<B>r<67>R<ASN> -4.277000 4.101000 -13.864000
c<B>r<68>R<LEU> -2.076000 4.012000 -17.014999
c<B>r<69>R<THR> -1.441000 0.224000 -16.827000
c<B>r<70>R<ARG> -3.966000 -2.485000 -17.952999
c<B>r<71>R<ALA> -5.365000 -0.544000 -20.964001
c<B>r<72>R<ALA> -5.860000 2.553000 -18.722000
c<B>r<73>R<ARG> -8.402000 0.613000 -16.562000
c<B>r<74>R<PRO> -8.703000 1.799000 -12.933000
c<B>r<75>R<TYR> -8.098000 -0.436000 -9.914000
c<B>r<76>R<ALA> -9.639000 -0.269000 -6.443000
c<B>r<77>R<PHE> -8.698000 -0.693000 -2.781000
c<B>r<78>R<ILE> -11.046000 -1.703000 0.046000
c<B>r<79>R<GLU> -9.997000 -0.491000 3.541000
c<B>r<80>R<ASN> -11.588000 0.150000 6.986000
c<B>r<101>R<ILE> -16.639000 -4.845000 -5.354000
c<B>r<102>R<GLU> -19.764999 -4.358000 -7.561000
c<B>r<104>R<ALA> -15.546000 -0.937000 -8.459000
c<B>r<105>R<PHE> -16.389999 -3.303000 -11.372000
c<B>r<106>R<GLY> -19.257000 -0.966000 -12.431000
c<B>r<108>R<ASN> -14.570000 -0.711000 -14.996000
c<B>r<109>R<CYS> -11.857000 -1.531000 -12.393000
c<B>r<110>R<TYR> -9.671000 -4.435000 -13.631000
c<B>r<111>R<LYS> -8.928000 -5.478000 -9.985000
c<B>r<112>R<VAL> -10.000000 -4.841000 -6.378000
c<B>r<113>R<LEU> -7.305000 -5.206000 -3.664000
c<B>r<114>R<LEU> -7.244000 -5.271000 0.138000
c<B>r<115>R<THR> -4.854000 -6.198000 2.962000
c<B>r<116>R<GLY> -5.803000 -8.426000 5.921000
c<B>r<117>R<ARG> -4.221000 -9.565000 9.189000
c<B>r<118>R<HIS> -2.880000 -13.149000 9.326000
c<B>r<119>R<ASP> -6.111000 -14.560000 10.845000
c<B>r<122>R<VAL> -10.425000 -12.870000 8.205000
c<B>r<123>R<HIS> -9.237000 -15.124000 5.345000
c<B>r<126>R<TYR> -12.770000 -12.405000 2.310000
c<B>r<127>R<GLU> -12.828000 -15.774000 0.451000
c<B>r<129>R<CYS> -16.719999 -12.385000 -0.644000
c<B>r<130>R<GLY> -14.949000 -13.891000 -3.752000
c<B>r<131>R<PHE> -11.378000 -12.714000 -2.978000
c<B>r<132>R<VAL> -8.379000 -14.967000 -3.652000
c<B>r<133>R<GLN> -5.175000 -14.975000 -1.561000
c<B>r<134>R<ASN> -2.394000 -14.870000 -4.215000
c<B>r<135>R<LYS> -0.631000 -11.630000 -3.124000
c<B>r<136>R<THR> 1.881000 -10.807000 -0.409000
c<B>r<137>R<GLY> 0.957000 -7.709000 1.655000
c<B>r<138>R<PHE> 3.874000 -5.487000 2.768000
c<B>r<139>R<GLN> 3.834000 -2.552000 5.223000
c<B>r<140>R<ILE> 5.992000 0.081000 6.970000
c<B>r<141>R<ARG> 4.563000 1.963000 10.018000
c<B>r<142>R<GLN> 5.515000 5.103000 12.004000
