c<O>r<67>R<SER> 1.363000 12.342000 -8.922000
c<O>r<68>R<PRO> 0.686000 9.647000 -6.234000
c<O>r<69>R<ILE> 1.895000 12.226000 -3.663000
c<O>r<70>R<PHE> -1.473000 13.903000 -3.809000
c<O>r<71>R<GLY> -3.318000 10.693000 -2.919000
c<O>r<72>R<ASN> -0.901000 10.219000 -0.047000
c<O>r<73>R<MET> -1.568000 13.720000 1.315000
c<O>r<76>R<ARG> -3.886000 11.650000 5.535000
c<O>r<97>R<LYS> -2.538000 -6.957000 -8.329000
c<O>r<99>R<ALA> -6.893000 -12.164000 -8.844000
c<O>r<105>R<THR> -11.898000 -5.427000 7.337000
c<O>r<106>R<GLU> -9.686000 -4.095000 10.096000
c<O>r<107>R<ASN> -9.443000 -7.600000 11.494000
c<O>r<108>R<GLU> -9.632000 -9.666000 8.373000
c<O>r<109>R<CYS> -7.244000 -9.557000 5.448000
c<O>r<110>R<THR> -8.427000 -11.603000 2.453000
c<O>r<111>R<LEU> -5.354000 -10.759000 0.377000
c<O>r<112>R<GLN> -3.064000 -13.635000 -0.418000
c<O>r<113>R<PRO> 0.661000 -13.254000 -1.133000
c<O>r<114>R<PRO> 1.764000 -11.734000 -3.426000
c<O>r<115>R<GLU> -1.517000 -9.757000 -3.817000
c<O>r<116>R<PHE> -1.448000 -6.148000 -2.714000
c<O>r<117>R<ILE> -3.154000 -2.727000 -3.023000
c<O>r<118>R<THR> -1.607000 0.565000 -4.186000
c<O>r<119>R<GLY> -2.954000 3.885000 -5.422000
c<O>r<120>R<PHE> -5.289000 6.224000 -3.569000
c<O>r<121>R<ILE> -7.113000 3.278000 -1.910000
c<O>r<122>R<GLY> -3.685000 1.873000 -0.796000
c<O>r<123>R<SER> -2.993000 5.317000 0.788000
c<O>r<124>R<VAL> -6.360000 5.342000 2.561000
c<O>r<125>R<LEU> -5.840000 1.793000 3.881000
c<O>r<126>R<THR> -2.290000 2.658000 4.972000
c<O>r<127>R<GLN> -3.705000 5.515000 7.156000
c<O>r<129>R<ILE> -3.981000 0.401000 9.392000
c<O>r<130>R<VAL> -0.658000 2.013000 10.344000
c<O>r<131>R<GLY> -1.216000 5.807000 10.225000
c<O>r<132>R<PRO> -1.247000 8.083000 13.269000
c<P>r<34>R<GLU> 7.333000 -0.920000 13.397000
c<P>r<35>R<ALA> 6.070000 0.777000 10.230000
c<P>r<36>R<LEU> 7.728000 3.985000 9.061000
c<P>r<37>R<ASP> 5.826000 6.886000 7.425000
c<P>r<38>R<SER> 5.405000 6.049000 3.759000
c<P>r<39>R<LYS> 4.346000 9.566000 2.820000
c<P>r<40>R<TYR> 6.979000 9.791000 -0.010000
c<P>r<41>R<LEU> 6.538000 6.167000 -1.307000
c<P>r<42>R<VAL> 3.953000 4.726000 -3.463000
c<P>r<43>R<GLU> 1.819000 3.599000 -0.533000
c<P>r<44>R<PHE> 1.195000 -0.115000 -0.247000
c<P>r<45>R<VAL> -1.064000 -2.549000 1.730000
c<P>r<46>R<GLY> -0.569000 -6.343000 1.526000
c<P>r<47>R<PRO> -0.939000 -9.489000 3.563000
c<P>r<48>R<LEU> 1.620000 -10.596000 6.096000
c<P>r<49>R<ASP> 4.416000 -12.546000 4.410000
c<P>r<50>R<ARG> 6.006000 -15.691000 6.098000
c<P>r<63>R<ASP> -3.853000 -8.868000 15.879000
c<P>r<64>R<MET> -1.831000 -7.549000 12.942000
c<P>r<65>R<LYS> -3.305000 -8.489000 9.648000
c<P>r<66>R<TYR> -1.668000 -6.261000 7.068000
c<P>r<67>R<SER> 1.791000 -5.313000 5.837000
c<P>r<68>R<SER> 2.820000 -1.751000 4.789000
c<P>r<69>R<ALA> 5.130000 -0.140000 2.207000
c<P>r<87>R<THR> 7.478000 0.377000 -3.299000
c<P>r<89>R<LEU> 9.549000 6.807000 -4.079000
c<P>r<90>R<VAL> 6.613000 8.662000 -5.571000
c<P>r<91>R<SER> 9.169000 10.804000 -7.317000
c<P>r<94>R<TYR> 11.334000 13.346000 -2.677000
c<P>r<169>R<PRO> 9.065000 -15.972000 1.498000
c<P>r<170>R<ILE> 5.777000 -17.524000 0.515000
c<P>r<171>R<SER> 5.031000 -14.488000 -1.613000
c<P>r<172>R<TRP> 7.723000 -15.733000 -4.132000
c<P>r<173>R<GLN> 5.722000 -18.809999 -4.833000
c<P>r<174>R<GLY> 3.386000 -16.746000 -6.607000
c<P>r<175>R<ALA> 5.757000 -14.635000 -8.555000
c<P>r<176>R<TYR> 5.704000 -16.864000 -10.694000
c<P>r<177>R<GLY> 2.674000 -17.635000 -10.952000
c<P>r<178>R<MET> 1.182000 -15.383000 -12.025000
c<P>r<181>R<ALA> 4.505000 -13.587000 -11.129000
c<P>r<184>R<LYS> 4.492000 -9.504000 -11.035000
c<P>r<185>R<PHE> 6.866000 -8.877000 -8.294000
c<P>r<187>R<ASP> 6.097000 -5.158000 -11.240000
c<P>r<188>R<LEU> 5.731000 -4.710000 -7.749000
