c<A>r<1>R<ALA> -11.670000 1.868000 -5.387000
c<A>r<2>R<GLU> -13.703000 1.304000 -8.437000
c<A>r<3>R<LEU> -12.367000 -1.441000 -10.704000
c<A>r<4>R<HIS> -13.232000 -2.063000 -14.339000
c<A>r<5>R<LEU> -11.882000 -4.876000 -16.242001
c<A>r<6>R<GLU> -12.278000 -5.444000 -19.910000
c<A>r<7>R<SER> -11.135000 -8.543000 -21.580999
c<A>r<8>R<ARG> -9.616000 -8.557000 -24.903999
c<A>r<9>R<GLY> -10.912000 -11.282000 -26.815001
c<A>r<10>R<GLY> -8.821000 -12.763000 -29.239000
c<A>r<11>R<SER> -9.429000 -15.374000 -31.403000
c<A>r<12>R<GLY> -6.347000 -17.009001 -31.528000
c<A>r<13>R<THR> -5.103000 -19.763000 -29.735001
c<A>r<21>R<VAL> -5.489000 -10.258000 -22.302000
c<A>r<22>R<ALA> -7.444000 -7.714000 -20.275999
c<A>r<23>R<THR> -7.233000 -4.017000 -19.360001
c<A>r<24>R<GLY> -8.453000 -2.683000 -16.134001
c<A>r<25>R<ARG> -9.086000 0.708000 -14.744000
c<A>r<26>R<ILE> -8.842000 1.569000 -11.091000
c<A>r<27>R<ILE> -10.468000 4.799000 -9.895000
c<A>r<28>R<CYS> -9.592000 6.430000 -6.620000
c<A>r<31>R<ALA> -7.065000 11.669000 -1.708000
c<A>r<32>R<HIS> -4.649000 8.751000 -2.285000
c<A>r<33>R<THR> -0.900000 8.243000 -2.894000
c<A>r<34>R<GLY> -0.990000 5.115000 -4.935000
c<A>r<35>R<PHE> -2.777000 2.243000 -6.424000
c<A>r<36>R<HIS> -2.592000 -1.447000 -5.597000
c<A>r<37>R<VAL> -3.984000 -4.156000 -7.770000
c<A>r<38>R<TRP> -3.938000 -8.044000 -7.488000
c<A>r<39>R<MET> -5.582000 -11.023000 -8.928000
c<A>r<40>R<ASN> -7.360000 -13.455000 -6.653000
c<A>r<55>R<SER> -10.774000 -22.316000 -17.267000
c<A>r<56>R<LYS> -14.333000 -22.465000 -15.950000
c<A>r<71>R<TRP> 3.383000 -0.719000 -12.127000
c<A>r<72>R<SER> 5.742000 -2.633000 -10.021000
c<A>r<73>R<PRO> 5.378000 -6.005000 -8.188000
c<A>r<74>R<VAL> 4.735000 -5.604000 -4.548000
c<A>r<75>R<LYS> 7.554000 -6.747000 -2.674000
c<A>r<76>R<GLY> 7.429000 -8.329000 0.722000
c<A>r<77>R<GLU> 6.114000 -11.323000 2.284000
c<A>r<78>R<GLY> 2.738000 -11.470000 1.630000
c<A>r<79>R<GLY> 2.627000 -9.078000 -1.008000
c<A>r<83>R<SER> 1.461000 -1.284000 -7.017000
c<A>r<84>R<ARG> 1.783000 2.111000 -8.675000
c<A>r<85>R<PRO> 2.394000 5.341000 -6.989000
c<A>r<103>R<ILE> -4.908000 -20.913000 -25.063000
c<A>r<104>R<ALA> -7.537000 -23.570999 -25.231001
c<A>r<105>R<PRO> -11.190000 -22.621000 -25.902000
c<A>r<106>R<GLY> -13.259000 -21.850000 -22.982000
c<A>r<107>R<GLU> -14.116000 -19.327999 -20.374001
c<A>r<108>R<TYR> -11.411000 -17.868999 -18.158001
c<A>r<109>R<ARG> -12.581000 -15.835000 -15.269000
c<A>r<110>R<PHE> -10.431000 -13.046000 -13.977000
c<A>r<111>R<SER> -10.898000 -11.895000 -10.437000
c<A>r<112>R<VAL> -9.177000 -8.639000 -9.663000
c<A>r<113>R<GLY> -8.867000 -6.736000 -6.449000
c<A>r<114>R<GLY> -7.733000 -3.134000 -6.138000
c<A>r<115>R<ALA> -7.001000 -0.597000 -3.488000
c<A>r<116>R<CYS> -6.257000 3.141000 -3.300000
c<A>r<117>R<VAL> -3.351000 3.765000 -1.158000
c<A>r<118>R<VAL> -4.181000 6.604000 1.209000
c<A>r<119>R<PRO> -1.580000 8.647000 3.065000
c<A>r<120>R<GLN> -2.349000 8.640000 6.155000
c<A>r<121>R<GLU> -1.239000 11.816000 7.855000
c<A>r<122>R<LYS> 1.473000 13.200000 8.914000
c<A>r<123>R<LEU> 1.884000 13.109000 12.037000
c<A>r<124>R<ALA> 4.644000 14.899000 13.393000
c<A>r<125>R<ALA> 5.817000 14.137000 16.516001
c<A>r<126>R<ALA> 8.698000 15.863000 18.083000
c<A>r<127>R<LEU> 11.222000 14.385000 20.243000
c<A>r<128>R<GLU> 12.499000 16.886999 22.726999
c<A>r<129>R<HIS> 15.645000 15.729000 24.351999
c<A>r<130>R<HIS> 16.462999 17.916000 27.221001
c<A>r<131>R<HIS> 19.638000 17.431000 28.743000
c<A>r<132>R<HIS> 18.735001 17.601000 32.320000
c<A>r<133>R<HIS> 21.330999 19.492001 33.296001
c<B>r<1>R<ALA> -5.750000 7.831000 8.007000
c<B>r<2>R<GLU> -5.419000 9.261000 11.408000
c<B>r<3>R<LEU> -1.865000 9.370000 12.687000
c<B>r<4>R<HIS> -0.661000 9.837000 16.239000
c<B>r<5>R<LEU> 2.866000 10.039000 17.188000
c<B>r<6>R<GLU> 4.262000 10.084000 20.638000
c<B>r<7>R<SER> 7.842000 10.645000 21.379999
c<B>r<8>R<ARG> 9.623000 8.900000 24.042999
c<B>r<9>R<GLY> 11.741000 11.167000 25.834000
c<B>r<10>R<GLY> 14.750000 9.965000 27.167999
c<B>r<11>R<SER> 17.202000 11.536000 28.972000
c<B>r<12>R<GLY> 20.117001 9.968000 27.891001
c<B>r<13>R<THR> 22.436001 10.840000 25.382999
c<B>r<21>R<VAL> 12.297000 6.963000 20.042999
c<B>r<22>R<ALA> 8.641000 7.420000 19.156000
c<B>r<23>R<THR> 5.489000 5.301000 18.851000
c<B>r<24>R<GLY> 2.807000 6.038000 16.391001
c<B>r<25>R<ARG> -0.659000 4.862000 15.811000
c<B>r<26>R<ILE> -2.355000 4.778000 12.456000
c<B>r<27>R<ILE> -6.140000 4.429000 12.325000
c<B>r<28>R<CYS> -8.023000 3.340000 9.271000
c<B>r<31>R<ALA> -12.443000 -0.856000 4.726000
c<B>r<32>R<HIS> -8.696000 -1.227000 4.079000
c<B>r<33>R<THR> -6.185000 -4.048000 3.383000
c<B>r<34>R<GLY> -3.090000 -2.537000 4.827000
c<B>r<35>R<PHE> -1.232000 0.289000 6.316000
c<B>r<36>R<HIS> 1.581000 2.389000 4.892000
c<B>r<37>R<VAL> 3.729000 4.688000 6.915000
c<B>r<38>R<TRP> 6.791000 6.915000 6.013000
c<B>r<39>R<MET> 8.790000 9.695000 7.402000
c<B>r<40>R<ASN> 9.149000 12.889000 5.443000
c<B>r<55>R<SER> 17.820999 18.920000 15.039000
c<B>r<56>R<LYS> 15.733000 22.068001 14.880000
c<B>r<71>R<TRP> 6.015000 -3.930000 9.312000
c<B>r<72>R<SER> 8.121000 -4.384000 6.299000
c<B>r<73>R<PRO> 10.089000 -1.879000 4.156000
c<B>r<74>R<VAL> 8.338000 -0.966000 1.009000
c<B>r<75>R<LYS> 10.103000 -2.258000 -1.803000
c<B>r<76>R<GLY> 10.280000 -0.704000 -5.209000
c<B>r<77>R<GLU> 11.575000 2.308000 -6.747000
c<B>r<78>R<GLY> 10.215000 5.005000 -5.098000
c<B>r<79>R<GLY> 9.025000 3.286000 -2.215000
c<B>r<83>R<SER> 3.942000 -1.215000 5.016000
c<B>r<84>R<ARG> 1.870000 -3.678000 7.020000
c<B>r<85>R<PRO> -0.938000 -5.735000 5.770000
c<B>r<103>R<ILE> 22.038000 12.116000 20.763000
c<B>r<104>R<ALA> 22.872000 15.716000 21.278999
c<B>r<105>R<PRO> 20.468000 18.000999 23.177999
c<B>r<106>R<GLY> 17.900000 19.705999 21.207001
c<B>r<107>R<GLU> 14.646000 19.386000 19.447001
c<B>r<108>R<TYR> 14.164000 16.745001 16.783001
c<B>r<109>R<ARG> 11.048000 17.000999 14.757000
c<B>r<110>R<PHE> 9.502000 13.908000 13.325000
c<B>r<111>R<SER> 7.254000 14.213000 10.334000
c<B>r<112>R<VAL> 5.264000 11.104000 9.583000
c<B>r<113>R<GLY> 2.910000 10.313000 6.771000
c<B>r<114>R<GLY> 0.497000 7.410000 6.702000
c<B>r<115>R<ALA> -1.982000 5.810000 4.402000
c<B>r<116>R<CYS> -4.672000 3.093000 4.602000
c<B>r<117>R<VAL> -4.348000 0.777000 1.808000
c<B>r<118>R<VAL> -7.781000 0.219000 0.277000
c<B>r<119>R<PRO> -8.652000 -2.706000 -1.984000
c<B>r<120>R<GLN> -10.004000 -1.550000 -4.599000
c<B>r<121>R<GLU> -12.473000 -4.017000 -6.006000
c<B>r<122>R<LYS> -12.545000 -6.837000 -7.502000
c<B>r<123>R<LEU> -13.205000 -6.652000 -10.617000
c<B>r<124>R<ALA> -13.666000 -9.660000 -12.382000
c<B>r<125>R<ALA> -13.460000 -9.688000 -15.815000
c<B>r<126>R<ALA> -13.913000 -12.747000 -17.847000
c<B>r<127>R<LEU> -12.094000 -13.586000 -20.881001
c<B>r<128>R<GLU> -14.224000 -15.638000 -23.184000
c<B>r<129>R<HIS> -12.180000 -17.277000 -25.849001
c<B>r<130>R<HIS> -14.420000 -18.735001 -28.424999
c<B>r<131>R<HIS> -12.874000 -20.813000 -30.910999
c<B>r<132>R<HIS> -14.524000 -19.629000 -33.949001
c<B>r<133>R<HIS> -15.059000 -22.618999 -35.340000
